result_time	node_id	parent_id	stats_frssi	stats_brssi	etx	temperature	humidity	voltage
2015-07-10 15:23:59.298	22331	10601	-94	-88	10	23.9	70.1	3.936
2015-07-10 16:10:26.939	22331	10601	-94	-85	10	23.18	71.79	3.931
2015-07-10 16:59:32.25	22331	10601	-91	-83	10	23.19	70.84	3.93
2015-07-10 18:13:28.01	22331	10601	-91	-83	10
2015-07-10 19:43:34.591	22331	10601	-94	-84	10
2015-07-10 19:57:41.239	22331	10601	-91	-84	10	20.64	73.65	3.925
2015-07-10 21:01:57.699	22331	10601	-91	-84	10	19.63	74.75	3.924
2015-07-10 22:45:51.319	22331	10601	-94	-85	10	18.79	75.66	3.923
2015-07-11 00:09:49.598	22331	10601	-94	-85	10	18.43	75.95	3.919
2015-07-11 03:01:01.583	22331	10601	-94	-86	10	17.11	77.23	3.917
2015-07-11 20:40:52.858	22331	10601	-91	-82	10	20.92	71.98	3.906
2015-07-11 21:42:46.362	22331	10601	-91	-82	10	19.39	73.27	3.906
2015-07-11 23:05:28.778	22331	10601	-94	-83	10
2015-07-12 01:56:50.594	22331	10601	-91	-81	10	16.49	75.69	3.898
2015-07-12 02:26:48.027	22331	10601	-91	-83	10
2015-07-12 03:09:39.076	22331	10601	-94	-82	10	16.43	75.7	3.897
2015-07-12 04:13:49.139	22331	10601	-94	-84	10	16.22	76.0	3.897
2015-07-12 05:13:03.671	22331	10601	-91	-84	10	16.07	76.26	3.896
2015-07-12 06:50:06.599	22331	10601	-94	-83	10
2015-07-12 07:38:10.462	22331	10601	-94	-84	10	17.29	75.11	3.894
2015-07-12 08:06:50.294	22331	10601	-94	-84	10	17.96	74.58	3.895
2015-07-12 09:45:04.747	22331	10601	-94	-84	10	21.15	72.02	3.894
2015-07-12 10:38:16.48	22331	10601	-94	-84	10
2015-07-12 11:05:22.679	22331	10601	-94	-85	10	24.63	68.75	3.895
2015-07-12 12:36:09.29	22331	10601	-94	-83	10	26.1	68.17	3.898
2015-07-12 13:31:28.691	22331	10601	-94	-84	10
2015-07-12 15:11:43.65	22331	10601	-94	-81	10	26.27	67.45	3.896
2015-07-12 17:31:26.722	22331	10601	-94	-81	10	19.89	75.74	3.894
2015-07-12 20:00:03.57	22331	10601	-91	-85	10
2015-07-12 21:08:29.203	22331	10601	-94	-82	10	18.97	76.83	3.891
2015-07-12 22:04:00.582	22331	10601	-94	-83	10	18.64	77.03	3.887
2015-07-13 00:07:51.466	22331	10601	-94	-85	10	18.56	77.22	3.887
2015-07-13 01:02:06.59	22331	10601	-94	-84	10	18.79	76.95	3.885
2015-07-13 05:35:14.074	22331	10601	-94	-85	10	18.32	78.11	3.884
2015-07-13 08:41:15.731	22331	10601	-94	-86	10	20.82	75.66	3.884
2015-07-13 10:38:04.567	22331	10601	-94	-84	10	23.33	73.87	3.883
2015-07-13 12:40:53.367	22331	10601	-94	-83	10	26.86	70.35	3.886
2015-07-13 13:33:20.114	22331	10601	-91	-84	10
2015-07-13 14:11:04.299	22331	10601	-94	-86	10	28.05	69.09	3.889
2015-07-13 15:45:25.055	22331	10601	-94	-82	10	26.05	71.17	3.887
2015-07-13 17:37:23.614	22331	10601	-91	-85	10	24.76	73.84	3.884
2015-07-13 18:23:28.714	22331	10601	-94	-86	10
2015-07-13 19:02:25.714	22331	10601	-94	-86	10	24.49	74.48	3.885
2015-07-13 21:58:09.563	22331	10601	-94	-88	10	21.79	78.18	3.883
2015-07-14 00:37:54.247	22331	10601	-94	-87	10	20.32	80.32	3.88
2015-07-14 02:43:19.907	22331	10601	-94	-88	10
2015-07-14 04:03:08.947	22331	10601	-91	-81	10	20.29	82.16	3.879
2015-07-14 05:04:56.358	22331	10601	-91	-83	10	20.07	82.01	3.878
2015-07-14 05:56:16.999	22331	10601	-94	-86	10
2015-07-14 12:38:57.387	22331	10601	-91	-81	10	28.44	70.67	3.88
2015-07-14 13:32:31.974	22331	10601	-91	-84	10	27.52	72.52	3.879
2015-07-14 15:36:10.471	22331	10601	-91	-81	10	26.38	73.32	3.879
2015-07-14 16:35:47.895	22331	10601	-91	-81	10	25.33	74.62	3.88
2015-07-14 17:29:05.346	22331	10601	-94	-81	10
2015-07-14 19:02:33.407	22331	10601	-91	-80	10	20.38	80.85	3.874
2015-07-14 20:41:59.714	22331	10601	-94	-90	10	19.42	81.15	3.875
2015-07-15 07:55:20.418	22331	10601	-94	-88	10
2015-07-15 09:18:33.206	22331	10601	-94	-88	10	20.76	83.47	3.867
2015-07-15 09:26:34.171	22331	10601	-94	-88	10
2015-07-15 10:04:07.962	22331	10601	-94	-89	10	21.75	82.43	3.87
2015-07-16 05:04:43.479	22331	10601	-91	-82	10	12.04	84.67	3.858
2015-07-16 05:57:41.107	22331	10601	-91	-81	10	12.28	84.37	3.857
2015-07-16 07:12:51.562	22331	10601	-94	-83	10	12.11	84.45	3.856
2015-07-16 08:06:38.678	22331	10601	-94	-82	10	13.83	82.68	3.857
2015-07-16 09:30:50.371	22331	10601	-91	-82	10	16.97	79.98	3.856
2015-07-16 10:36:00.623	22331	10601	-91	-84	10	19.7	77.56	3.858
2015-07-16 11:42:40.438	22331	10601	-91	-78	10	21.94	74.42	3.859
2015-07-16 11:57:02.726	22331	10601	-91	-83	10	22.36	74.12	3.859
2015-07-16 12:47:06.843	22331	10601	-94	-80	10
2015-07-16 15:17:37.13	22331	10601	-91	-79	10	26.19	67.9	3.864
2015-07-16 15:45:13.863	22331	10601	-88	-81	10	26.4	67.58	3.863
2015-07-16 16:09:43.339	22331	10601	-88	-80	10
2015-07-16 16:59:13.667	22331	10601	-91	-82	10	25.96	66.6	3.864
2015-07-16 21:08:08.542	22331	10601	-91	-81	10	18.79	76.29	3.861
2015-07-16 23:06:40.164	22331	10601	-91	-82	10	16.46	77.69	3.857
2015-07-17 00:01:07.122	22331	10601	-88	-82	10	16.07	77.69	3.857
2015-07-17 00:41:45.07	22331	10601	-91	-82	10	15.96	77.9	3.857
2015-07-17 01:10:14.863	22331	10601	-91	-82	10	16.39	77.55	3.857
2015-07-17 02:10:29.146	22331	10601	-91	-82	10	16.64	77.6	3.856
2015-07-17 11:07:43.388	22331	10601	-91	-85	10	25.05	71.89	3.856
2015-07-17 13:05:50.994	22331	10601	-91	-83	10	26.61	70.85	3.859
2015-07-17 16:05:07.062	22331	10601	-91	-82	10	26.66	72.42	3.859
2015-07-17 18:33:21.75	22331	10601	-91	-83	10	27.63	71.72	3.861
2015-07-17 19:48:43.379	22331	10601	-91	-83	10	26.05	74.29	3.863
2015-07-17 20:32:18.962	22331	10601	-94	-83	10
2015-07-17 21:14:57.726	22331	10601	-91	-83	10	24.91	75.96	3.861
2015-07-17 22:06:16.782	22331	10601	-91	-83	10	24.31	76.9	3.857
2015-07-17 22:52:56.435	22331	10601	-91	-80	10
2015-07-17 23:25:31.438	22331	10601	-94	-84	10
2015-07-18 00:02:18.326	22331	10601	-91	-83	10	24.52	77.35	3.861
2015-07-18 00:59:00.443	22331	10601	-94	-83	10	24.1	78.15	3.858
2015-07-18 02:00:07.99	22331	10601	-91	-83	10	24.22	78.12	3.858
2015-07-18 02:30:24.743	22331	10601	-94	-83	10	23.9	78.61	3.859
2015-07-18 03:16:17.803	22331	10601	-94	-84	10
2015-07-18 04:00:07.407	22331	10601	-94	-82	10	23.97	78.71	3.857
2015-07-18 05:11:55.191	22331	10601	-94	-82	10
2015-07-18 05:48:29.534	22331	10601	-94	-84	10	22.58	80.26	3.857
2015-07-18 06:43:39.203	22331	10601	-94	-85	10	22.47	80.6	3.857
2015-07-18 07:35:02.288	22331	10601	-94	-85	10	23.76	79.67	3.857
2015-07-18 08:11:10.507	22331	10601	-94	-84	10	23.9	79.94	3.857
2015-07-18 09:08:48.782	22331	10601	-94	-83	10	25.66	78.17	3.857
2015-07-18 11:46:21.463	22331	10601	-94	-83	10	29.63	72.2	3.859
2015-07-18 12:45:26.212	22331	10601	-94	-84	10	29.88	71.42	3.859
2015-07-18 13:41:34.451	22331	10601	-94	-86	10	36.72	58.72	3.863
2015-07-18 16:26:12.446	22331	10601	-91	-84	10
2015-07-18 17:27:43.319	22331	10601	-91	-85	10	30.38	68.87	3.863
2015-07-18 18:42:21.434	22331	10601	-91	-83	10	29.27	70.33	3.862
2015-07-18 19:31:03.771	22331	10601	-94	-83	10	28.02	71.93	3.862
2015-07-18 22:31:07.031	22331	10601	-91	-81	10
2015-07-18 23:10:48.946	22331	10601	-91	-82	10	23.47	77.22	3.857
2015-07-18 23:30:22.71	22331	10601	-91	-81	10	23.75	76.9	3.858
2015-07-19 00:16:54.223	22331	10601	-94	-82	10	23.61	77.57	3.857
2015-07-19 02:17:01.878	22331	10601	-94	-82	10	23.11	78.58	3.856
2015-07-19 02:30:21.826	22331	10601	-91	-83	10	23.0	78.88	3.856
2015-07-19 04:17:30.978	22331	10601	-94	-85	10
2015-07-19 05:09:26.318	22331	10601	-91	-84	10	22.63	79.9	3.856
2015-07-19 07:10:43.615	22331	10601	-94	-85	10
2015-07-19 09:41:16.698	22331	10601	-91	-85	10	26.88	75.64	3.856
2015-07-19 09:59:28.402	22331	10601	-91	-80	10
2015-07-19 10:27:36.602	22331	10601	-88	-81	10	26.93	76.23	3.854
2015-07-19 12:57:07.879	22331	10601	-91	-82	10
2015-07-19 14:58:17.97	22331	10601	-91	-82	10	31.29	69.23	3.858
2015-07-19 14:58:31.55	22331	10601	-91	-82	10	31.29	69.23	3.858
2015-07-19 15:50:26.543	22331	10601	-88	-77	10
2015-07-19 16:27:14.154	22331	10601	-88	-83	10	31.02	68.92	3.858
2015-07-19 17:38:31.495	22331	10601	-91	-80	10	29.22	71.24	3.858
2015-07-19 18:43:33.687	22331	10601	-91	-80	10
2015-07-19 18:46:05.915	22331	10601	-91	-80	10
2015-07-19 18:46:08.334	22331	10601	-91	-80	10	28.54	71.95	3.858
2015-07-19 18:56:28.511	22331	10601	-94	-82	10	28.32	72.36	3.858
2015-07-19 20:13:03.763	22331	10601	-91	-78	10	26.21	75.12	3.856
2015-07-19 20:43:51.335	22331	10601	-94	-81	10	24.88	76.58	3.857
2015-07-19 21:12:45.694	22331	10601	-91	-81	10	24.94	76.32	3.856
2015-07-19 23:09:26.599	22331	10601	-88	-79	10
2015-07-19 23:46:41.171	22331	10601	-94	-81	10	23.46	77.21	3.854
2015-07-20 01:43:47.256	22331	10601	-94	-81	10	22.53	78.09	3.852
2015-07-20 02:44:57.759	22331	10601	-94	-84	10	22.09	78.82	3.852
2015-07-20 05:35:55.382	22331	10601	-94	-84	10	20.86	80.23	3.848
2015-07-20 06:48:35.487	22331	10601	-94	-82	10	20.83	80.53	3.846
2015-07-20 08:18:20.386	22331	10601	-91	-80	10	22.47	79.16	3.848
2015-07-20 11:45:54.27	22331	10601	-91	-79	10	27.41	72.42	3.851
2015-07-20 12:18:13.487	22331	10601	-94	-83	10	27.99	70.76	3.85
2015-07-20 14:55:56.134	22331	10601	-94	-83	10
2015-07-20 16:33:01.215	22331	10601	-88	-82	10	29.52	63.51	3.854
2015-07-20 17:02:40.514	22331	10601	-91	-81	10	29.4	63.58	3.853
2015-07-20 17:49:08.698	22331	10601	-94	-84	10
2015-07-20 22:08:31.495	22331	10601	-94	-84	10	22.52	72.92	3.85
2015-07-20 23:35:37.638	22331	10601	-91	-85	10
2015-07-20 23:35:57.063	22331	10601	-91	-85	10
2015-07-21 00:44:22.243	22331	10601	-94	-84	10	22.46	73.79	3.845
2015-07-21 01:29:19.706	22331	10601	-94	-83	10
2015-07-21 01:59:42.639	22331	10601	-91	-86	10	22.19	75.26	3.845
2015-07-21 03:48:28.094	22331	10601	-94	-85	10	21.29	76.93	3.845
2015-07-21 05:13:14.226	22331	10601	-94	-85	10	21.03	77.91	3.843
2015-07-21 05:52:39.302	22331	10601	-94	-87	10
2015-07-21 07:57:10.131	22331	10601	-91	-85	10	21.28	77.99	3.842
2015-07-21 08:42:11.747	22331	10601	-94	-82	10	22.24	76.86	3.842
2015-07-21 10:47:20.446	22331	10601	-91	-80	10	25.71	73.8	3.843
2015-07-21 14:39:17.066	22331	10601	-91	-84	10
2015-07-21 15:36:44.342	22331	10601	-91	-83	10	21.1	77.32	3.843
2015-07-21 17:29:21.506	22331	10601	-91	-81	10	24.8	72.43	3.843
2015-07-21 19:27:50.094	22331	10601	-91	-80	10	23.39	72.39	3.841
2015-07-21 20:31:03.586	22331	10601	-94	-82	10	21.56	74.4	3.841
2015-07-21 22:10:18.858	22331	10601	-91	-83	10	18.24	76.84	3.825
2015-07-21 22:45:53.803	22331	10601	-94	-83	10	16.89	78.02	3.837
2015-07-22 01:11:13.407	22331	10601	-91	-82	10	14.95	78.86	3.834
2015-07-22 01:41:30.299	22331	10601	-91	-82	10	14.75	79.0	3.834
2015-07-22 06:59:47.414	22331	10601	-91	-81	10	13.96	80.29	3.829
2015-07-22 09:05:14.982	22331	10601	-91	-83	10	18.43	76.46	3.83
2015-07-22 10:26:34.418	22331	10601	-94	-82	10	21.42	73.39	3.831
2015-07-22 13:39:17.595	22331	10601	-94	-83	10	27.19	62.08	3.836
2015-07-22 20:58:13.075	22331	10601	-91	-83	10	18.93	72.64	3.833
2015-07-22 21:46:45.123	22331	10601	-91	-83	10
2015-07-22 23:43:18.398	22331	10601	-88	-83	10	16.14	74.94	3.828
2015-07-23 01:45:48.843	22331	10601	-91	-82	10
2015-07-23 03:34:10.05	22331	10601	-91	-83	10	15.0	76.22	3.828
2015-07-23 05:06:38.834	22331	10601	-94	-82	10	14.11	77.33	3.824
2015-07-23 06:09:07.727	22331	10601	-94	-82	10
2015-07-23 06:26:21.427	22331	10601	-94	-82	10
2015-07-23 09:19:32.87	22331	10601	-94	-84	10
2015-07-23 12:12:45.715	22331	10601	-94	-84	10
2015-07-23 13:16:00.447	22331	10601	-94	-84	10	34.35	52.87	3.831
2015-07-23 14:39:36.034	22331	10601	-94	-80	10	27.27	63.09	3.834
2015-07-23 16:18:18.503	22331	10601	-94	-84	10	27.16	61.56	3.833
2015-07-23 19:33:52.439	22331	10601	-94	-84	10	23.15	66.76	3.831
2015-07-23 22:13:59.154	22331	10601	-94	-84	10	18.43	71.67	3.829
2015-07-23 23:05:27.742	22331	10601	-94	-83	10	17.45	72.41	3.829
2015-07-23 23:42:23.406	22331	10601	-94	-84	10
2015-07-24 01:12:38.242	22331	10601	-91	-84	10	15.43	73.52	3.825
2015-07-24 02:30:17.399	22331	10601	-91	-83	10	14.2	74.39	3.823
2015-07-24 03:16:55.446	22331	10601	-94	-84	10	13.77	74.69	3.824
2015-07-24 04:05:43.107	22331	10601	-94	-84	10
2015-07-24 07:01:33.702	22331	10601	-94	-84	10	13.02	75.89	3.82
2015-07-24 08:11:11.906	22331	10601	-94	-84	10	15.43	73.73	3.82
2015-07-24 08:29:01.23	22331	10601	-91	-83	10
2015-07-24 11:18:24.1	22331	10601	-94	-84	10
2015-07-24 13:30:43.907	22331	10601	-91	-85	10	39.02	44.96	3.831
2015-07-24 15:42:43.119	22331	10601	-91	-82	10	29.0	59.33	3.83
2015-07-24 17:04:44.855	22331	10601	-91	-82	10
2015-07-24 18:13:08.095	22331	10601	-91	-83	10	27.63	61.9	3.831
2015-07-24 19:48:23.734	22331	10601	-94	-85	10	24.41	65.93	3.83
2015-07-24 20:18:16.007	22331	10601	-94	-86	10	23.45	67.1	3.829
2015-07-24 21:27:38.299	22331	10601	-94	-85	10	21.03	69.69	3.826
2015-07-24 22:14:45.186	22331	10601	-94	-84	10	20.17	70.31	3.825
2015-07-24 22:51:09.342	22331	10601	-91	-84	10
2015-07-24 23:37:44.274	22331	10601	-91	-83	10	19.1	71.0	3.825
2015-07-25 11:27:05.683	22331	10601	-94	-85	10	26.96	63.57	3.824
2015-07-25 13:17:10.406	22331	10601	-94	-84	10
2015-07-25 14:27:14.767	22331	10601	-94	-84	10	30.91	58.56	3.826
2015-07-25 16:10:22.662	22331	10601	-91	-85	10
2015-07-25 17:41:53.918	22331	10601	-94	-86	10	29.74	57.95	3.83
2015-07-25 19:28:36.51	22331	10601	-94	-83	10	27.24	60.87	3.831
2015-07-25 22:40:00.507	22331	10601	-94	-84	10	21.46	67.78	3.825
2015-07-25 23:58:52.462	22331	10601	-94	-83	10
2015-07-26 01:35:45.655	22331	10601	-91	-84	10	21.06	69.21	3.825
2015-07-26 03:43:10.775	22331	10601	-94	-83	10
2015-07-26 04:35:40.099	22331	10601	-94	-83	10	19.38	72.78	3.822
2015-07-26 07:30:45.851	22331	10601	-94	-84	10	19.78	74.4	3.819
2015-07-26 08:34:04.395	22331	10601	-94	-84	10	21.79	72.28	3.82
2015-07-26 09:07:31.85	22331	10601	-91	-83	10	23.45	70.33	3.823
2015-07-26 10:48:32.382	22331	10601	-94	-85	10	27.32	66.72	3.823
2015-07-26 11:45:13.566	22331	10601	-94	-84	10	28.91	64.34	3.825
2015-07-26 12:22:58.874	22331	10601	-94	-83	10
2015-07-26 15:39:13.15	22331	10601	-94	-86	10	27.91	64.75	3.826
2015-07-26 16:43:36.014	22331	10601	-94	-84	10	27.24	65.47	3.828
2015-07-26 17:47:17.682	22331	10601	-94	-82	10	27.93	64.87	3.826
2015-07-26 21:55:28.027	22331	10601	-94	-83	10
2015-07-27 00:10:51.003	22331	10601	-94	-84	10	21.18	73.89	3.82
2015-07-27 00:58:28.287	22331	10601	-94	-84	10	20.88	74.46	3.819
2015-07-27 02:18:46.734	22331	10601	-91	-83	10
2015-07-27 13:16:30.591	22331	10601	-94	-86	10	30.11	66.96	3.822
2015-07-27 17:10:32.919	22331	10601	-94	-86	10	29.79	66.58	3.824
2015-07-27 20:07:59.258	22331	10601	-94	-86	10
2015-07-27 20:32:23.458	22331	10601	-94	-85	10	24.49	72.29	3.822
2015-07-27 21:27:01.83	22331	10601	-94	-85	10	22.86	73.75	3.82
2015-07-27 23:01:10.995	22331	10601	-94	-85	10
2015-07-28 05:03:20.034	22331	10601	-94	-84	10	19.93	77.29	3.814
2015-07-28 05:59:59.831	22331	10601	-94	-84	10	19.64	77.76	3.815
2015-07-28 09:01:59.698	22331	10601	-91	-85	10
2015-07-28 10:33:58.679	22331	10601	-94	-84	10
2015-07-28 11:07:15.587	22331	10601	-94	-85	10	27.99	70.9	3.818
2015-07-28 12:05:39.074	22331	10601	-94	-84	10	30.41	67.61	3.819
2015-07-28 13:12:17.539	22331	10601	-94	-83	10	35.35	60.6	3.823
2015-07-28 14:30:58.403	22331	10601	-94	-83	10	32.19	63.73	3.823
2015-07-28 15:44:26.214	22331	10601	-94	-84	10	31.24	64.12	3.823
2015-07-28 16:20:23.498	22331	10601	-94	-86	10
2015-07-28 19:03:22.603	22331	10601	-94	-84	10	28.11	68.2	3.822
2015-07-28 20:12:48.615	22331	10601	-94	-85	10	25.74	71.03	3.82
2015-07-28 21:37:20.958	22331	10601	-94	-85	10	23.5	73.19	3.822
2015-07-29 00:08:52.782	22331	10601	-94	-85	10	22.5	73.85	3.817
2015-07-29 00:59:59.339	22331	10601	-94	-85	10
2015-07-29 03:14:07.054	22331	10601	-94	-85	10	20.9	75.68	3.814
2015-07-29 04:17:47.287	22331	10601	-91	-85	10	20.46	76.23	3.812
2015-07-29 08:43:37.082	22331	10601	-94	-85	10	22.38	74.34	3.814
2015-07-29 09:29:39.163	22331	10601	-94	-84	10	24.76	72.12	3.813
2015-07-29 10:44:12.767	22331	10601	-94	-87	10	28.02	69.67	3.815
2015-07-29 11:56:22.142	22331	10601	-94	-86	10	30.52	67.09	3.817
2015-07-29 14:11:07.702	22331	10601	-94	-87	10	30.91	67.01	3.819
2015-07-29 14:57:05.126	22331	10601	-94	-86	10	32.27	64.08	3.82
2015-07-29 15:45:28.063	22331	10601	-94	-84	10
2015-07-29 18:10:30.722	22331	10601	-94	-86	10	30.83	66.67	3.822
2015-07-29 20:09:42.262	22331	10601	-94	-85	10	27.91	70.34	3.819
2015-07-29 20:29:46.038	22331	10601	-94	-86	10	26.88	71.72	3.818
2015-07-30 01:18:23.907	22331	10601	-94	-86	10	23.51	75.14	3.814
2015-07-30 01:57:27.719	22331	10601	-94	-86	10	23.5	75.25	3.814
2015-07-30 05:32:07.935	22331	10601	-94	-83	10	24.01	76.22	3.814
2015-07-30 06:04:18.558	22331	10601	-94	-86	10	23.76	76.9	3.813
2015-07-30 07:45:05.35	22331	10601	-94	-87	10	22.82	77.62	3.812
2015-07-30 08:45:12.458	22331	10601	-94	-84	10
2015-07-30 13:13:04.762	22331	10601	-94	-84	10	33.86	56.07	3.817
2015-07-30 13:40:10.21	22331	10601	-94	-85	10	36.3	50.12	3.819
2015-07-30 13:41:49.803	22331	10601	-94	-86	10
2015-07-30 14:09:52.378	22331	10601	-94	-84	10	31.13	58.75	3.818
2015-07-30 14:31:41.314	22331	10601	-91	-84	10
2015-07-30 14:41:48.054	22331	10601	-94	-83	10	30.83	57.61	3.817
2015-07-30 15:37:34.126	22331	10601	-91	-86	10	30.63	55.78	3.817
2015-07-30 17:24:48.631	22331	10601	-94	-84	10
2015-07-30 17:47:02.635	22331	10601	-91	-82	10	28.85	56.0	3.817
2015-07-30 18:05:06.798	22331	10601	-91	-83	10
2015-07-30 18:10:07.527	22331	10601	-94	-82	10	28.43	56.47	3.815
2015-07-30 18:30:41.843	22331	10601	-94	-82	10	27.96	57.0	3.815
2015-07-30 19:03:44.114	22331	10601	-94	-82	10	27.22	57.51	3.817
2015-07-30 19:36:24.066	22331	10601	-94	-86	10	26.27	58.89	3.814
2015-07-30 20:06:32.378	22331	10601	-94	-86	10	25.63	59.65	3.815
2015-07-30 20:18:00.498	22331	10601	-94	-86	10
2015-07-30 20:30:25.251	22331	10601	-94	-87	10	24.29	61.68	3.814
2015-07-30 21:01:56.838	22331	10601	-94	-87	10	23.2	63.14	3.813
2015-07-31 01:31:48.839	22331	10601	-94	-87	10	18.9	68.88	3.808
2015-07-31 02:51:45.443	22331	10601	-94	-86	10
2015-07-31 04:32:58.739	22331	10601	-94	-86	10	17.56	70.96	3.806
2015-07-31 08:27:33.578	22331	10601	-94	-87	10	19.57	70.06	3.803
2015-07-31 11:38:22.458	22331	10601	-94	-86	10
2015-07-31 13:03:17.779	22331	10601	-94	-85	10	33.44	51.61	3.811
2015-07-31 13:37:11.759	22331	10601	-94	-87	10
2015-07-31 15:03:49.922	22331	10601	-94	-84	10	30.21	52.58	3.812
2015-07-31 15:47:58.69	22331	10601	-94	-86	10	29.46	53.28	3.811
2015-07-31 16:01:42.111	22331	10601	-94	-85	10
2015-07-31 16:29:54.118	22331	10601	-94	-85	10	29.01	54.05	3.797
2015-07-31 17:12:26.746	22331	10601	-94	-82	10	28.49	54.46	3.812
2015-07-31 17:39:33.407	22331	10601	-94	-86	10	26.91	56.32	3.811
2015-07-31 18:03:36.914	22331	10601	-94	-86	10	27.13	56.32	3.809
2015-07-31 19:39:03.838	22331	10601	-94	-85	10	26.68	56.69	3.809
2015-07-31 22:46:11.602	22331	10601	-94	-88	10	21.29	62.8	3.804
2015-08-01 01:10:01.383	22331	10601	-94	-86	10	21.2	64.39	3.789
2015-08-01 02:10:45.135	22331	10601	-94	-86	10	22.29	63.34	3.804
2015-08-01 06:56:24.583	22331	10601	-94	-88	10
2015-08-01 08:58:16.434	22331	10601	-94	-87	10	20.96	66.52	3.8
2015-08-01 10:08:41.806	22331	10601	-94	-88	10	24.77	62.71	3.802
2015-08-01 12:06:06.527	22331	10601	-94	-87	10	27.15	59.08	3.802
2015-08-01 12:42:48.963	22331	10601	-94	-89	10
2015-08-01 15:02:01.45	22331	10601	-94	-84	10	28.72	53.44	3.806
2015-08-01 15:36:01.778	22331	10601	-94	-81	10
2015-08-01 15:47:50.563	22331	10601	-91	-89	10	29.11	51.04	3.806
2015-08-01 16:16:44.255	22331	10601	-94	-82	10	28.58	50.81	3.806
2015-08-01 16:30:22.378	22331	10601	-94	-89	10	28.55	50.94	3.803
2015-08-01 16:58:56.531	22331	10601	-91	-88	10	28.22	50.51	3.804
2015-08-01 17:38:10.126	22331	10601	-94	-85	10	25.29	54.55	3.804
2015-08-01 18:02:58.55	22331	10601	-94	-88	10	24.15	56.26	3.804
2015-08-01 18:29:13.075	22331	10601	-94	-90	10
2015-08-01 19:42:48.262	22331	10601	-94	-89	10	22.96	58.75	3.803
2015-08-01 20:17:57.202	22331	10601	-94	-87	10	22.46	59.61	3.802
2015-08-02 04:46:16.658	22331	10601	-94	-88	10	15.93	69.22	3.792
2015-08-02 06:02:01.815	22331	10601	-94	-87	10
2015-08-02 07:46:24.659	22331	10601	-94	-87	10	18.2	67.94	3.793
2015-08-02 09:30:35.702	22331	10601	-94	-86	10	21.69	65.67	3.793
2015-08-02 10:36:17.91	22331	10601	-94	-86	10	24.36	62.97	3.797
2015-08-02 23:06:10.783	22331	10601	-94	-86	10	24.15	61.05	3.801
2015-08-03 01:04:49.587	22331	10601	-94	-85	10
2015-08-03 03:14:18.468	22331	10601	-94	-86	10	21.17	65.32	3.782
2015-08-03 05:07:38.522	22331	10601	-94	-88	10
2015-08-03 07:45:59.319	22331	10601	-94	-88	10	19.25	68.18	3.795
2015-08-03 13:09:45.643	22331	10601	-94	-87	10	29.36	55.88	3.8
2015-08-03 17:27:32.766	22331	10601	-94	-88	10	23.47	64.34	3.798
2015-08-05 01:21:18.566	22331	10601	-94	-86	10
2015-08-05 03:09:53.483	22331	10601	-94	-87	10	16.15	69.51	3.787
2015-08-05 12:47:48.734	22331	10601	-94	-85	10	26.3	59.87	3.79
2015-08-05 13:05:00.806	22331	10601	-94	-83	10	26.22	59.22	3.79
2015-08-05 14:51:39.694	22331	10601	-94	-84	10
2015-08-05 15:14:06.475	22331	10601	-94	-81	10	27.68	55.89	3.791
2015-08-05 15:38:58.059	22331	10601	-91	-86	10	26.11	58.12	3.791
2015-08-05 16:06:27.33	22331	10601	-94	-83	10	26.58	56.73	3.792
2015-08-05 16:39:25.435	22331	10601	-94	-84	10	26.41	56.52	3.793
2015-08-05 17:05:10.906	22331	10601	-94	-85	10	25.24	58.27	3.79
2015-08-05 17:44:52.002	22331	10601	-94	-81	10
2015-08-05 18:06:27.886	22331	10601	-94	-85	10	24.66	58.58	3.79
2015-08-05 18:48:07.503	22331	10601	-94	-85	10	24.13	58.75	3.791
2015-08-05 18:54:34.166	22331	10601	-94	-84	10
2015-08-05 18:56:29.322	22331	10601	-94	-86	10	23.72	59.29	3.791
2015-08-05 19:30:30.691	22331	10601	-94	-86	11	22.83	60.39	3.79
2015-08-05 20:09:01.287	22331	10601	-94	-86	10	21.14	62.48	3.789
2015-08-05 21:31:05.387	22331	10601	-94	-88	10	18.65	65.09	3.789
2015-08-05 23:17:53.19	22331	10601	-94	-86	10
2015-08-06 00:42:44.091	22331	10601	-94	-86	10	16.15	67.82	3.785
2015-08-06 01:43:23.79	22331	10601	-94	-86	10	15.71	68.41	3.782
2015-08-06 07:15:59.223	22331	10601	-94	-85	10	13.68	71.63	3.78
2015-08-06 08:02:03.158	22331	10601	-94	-85	10	14.68	70.74	3.78
2015-08-06 11:34:51.444	22331	10601	-94	-86	10	20.47	67.01	3.781
2015-08-06 16:51:08.959	22331	10601	-94	-87	10
2015-08-06 17:37:59.562	22331	10601	-94	-87	10	20.9	67.68	3.784
2015-08-06 21:14:28.634	22331	10601	-94	-85	10
2015-08-07 01:30:03.679	22331	10601	-94	-85	10
2015-08-07 03:10:21.747	22331	10601	-94	-85	10	14.93	74.61	3.779
2015-08-07 06:09:49.214	22331	10601	-91	-84	10	14.13	75.65	3.775
2015-08-07 09:00:06.158	22331	10601	-94	-85	10	17.32	73.09	3.78
2015-08-07 10:24:25.55	22331	10601	-94	-85	10
2015-08-07 15:44:45.219	22331	10601	-94	-87	10	24.82	66.76	3.785
2015-08-08 11:44:34.254	22331	10601	-94	-89	10	25.47	68.52	3.785
2015-08-08 14:26:09.602	22331	10601	-94	-85	10	28.32	64.16	3.789
2015-08-08 23:41:16.219	22331	10601	-94	-87	10
2015-08-09 04:31:22.747	22331	10601	-94	-86	10	18.93	76.69	3.782
2015-08-09 09:09:40.742	22331	10601	-94	-88	10	21.36	73.93	3.782
2015-08-09 11:14:04.487	22331	10601	-94	-92	10
2015-08-09 12:43:45.686	22331	10601	-94	-88	10	28.01	67.34	3.789
2015-08-09 13:17:53.25	22331	10601	-94	-89	10	30.05	63.96	3.787
2015-08-09 13:34:12.078	22331	10601	-94	-89	10	28.04	67.69	3.787
2015-08-09 13:59:47.298	22331	10601	-94	-88	10	28.51	66.69	3.787
2015-08-09 14:07:16.318	22331	10601	-94	-89	10
2015-08-09 14:30:17.942	22331	10601	-94	-85	10	28.05	66.88	3.789
2015-08-09 15:04:13.95	22331	10601	-94	-88	10
2015-08-09 15:17:19.25	22331	10601	-94	-88	10	28.94	65.72	3.79
2015-08-09 15:43:44.538	22331	10601	-94	-89	10	30.11	63.85	3.79
2015-08-09 16:17:29.99	22331	10601	-94	-87	10	29.13	65.22	3.791
2015-08-09 16:33:19.003	22331	10601	-94	-88	10	28.65	65.82	3.791
2015-08-09 17:00:27.734	22331	10601	-94	-90	10
2015-08-09 17:15:49.083	22331	10601	-94	-87	10	28.41	65.69	3.79
2015-08-09 17:32:05.587	22331	10601	-94	-89	10	28.16	66.1	3.79
2015-08-09 17:56:18.106	22331	10601	-94	-89	10	27.47	67.04	3.791
2015-08-15 02:11:04.542	22331	10601	-85	-74	10	19.43	67.59	3.773
2015-08-15 05:09:30.279	22331	10601	-85	-74	10	18.75	67.95	3.77
2015-08-15 06:11:51.318	22331	10601	-85	-74	10
2015-08-15 06:18:53.006	22331	10601	-85	-75	10	18.07	68.39	3.773
2015-08-15 08:30:02.498	22331	10601	-85	-75	10	19.86	66.56	3.77
2015-08-15 09:47:13.878	22331	10601	-82	-75	10	22.81	64.49	3.771
2015-08-15 10:54:15.899	22331	10601	-82	-74	10	25.96	62.63	3.774
2015-08-15 14:06:23.787	22331	10601	-85	-72	10	30.63	61.37	3.778
2015-08-15 14:37:32.798	22331	10601	-88	-75	10
2015-08-15 16:34:30.742	22331	10601	-85	-75	10	30.58	62.04	3.781
2015-08-15 19:08:21.863	22331	10601	-85	-76	10	25.85	66.99	3.78
2015-08-16 12:21:55.299	22331	10601	-85	-76	10	30.71	60.86	3.779
2015-08-16 14:23:56.202	22331	10601	-88	-77	10	30.16	63.82	3.779
2015-08-16 15:42:19.151	22331	10601	-88	-78	10	31.3	62.91	3.782
2015-08-16 16:24:48.791	22331	10601	-88	-78	10	31.61	62.69	3.782
2015-08-16 17:25:57.899	22331	10601	-88	-79	10	29.8	64.61	3.782
2015-08-16 18:07:28.905	22331	10601	-88	-78	10	28.72	65.54	3.781
2015-08-16 18:51:37.671	22331	10601	-88	-80	10	29.19	64.57	3.782
2015-08-16 19:29:33.703	22331	10601	-88	-79	10
2015-08-16 20:27:21.048	22331	10601	-88	-80	10	25.19	68.53	3.784
2015-08-17 01:12:58.763	22331	10601	-88	-78	10	20.9	69.24	3.778
2015-08-17 03:08:11.53	22331	10601	-85	-77	10	20.0	69.58	3.776
2015-08-17 07:11:24.27	22331	10601	-91	-77	10	18.68	69.87	3.773
2015-08-17 07:37:30.646	22331	10601	-85	-77	10
2015-08-17 09:02:25.415	22331	10601	-85	-77	10	22.53	66.01	3.771
2015-08-17 10:02:01.954	22331	10601	-88	-79	10	25.38	64.5	3.775
2015-08-17 10:38:51.554	22331	10601	-88	-78	10	27.32	63.21	3.775
2015-08-17 11:00:02.746	22331	10601	-85	-75	10	28.08	63.03	3.776
2015-08-17 11:38:25.658	22331	10601	-91	-79	10	27.94	64.3	3.775
2015-08-17 12:00:11.806	22331	10601	-91	-76	10	28.9	63.47	3.776
2015-08-17 12:00:49.586	22331	10601	-88	-81	10
2015-08-17 12:21:07.126	22331	10601	-88	-81	10	30.08	61.77	3.778
2015-08-17 12:48:45.826	22331	10601	-85	-74	10
2015-08-17 12:55:33.655	22331	10601	-88	-76	10	32.07	60.6	3.779
2015-08-17 13:22:01.987	22331	10601	-91	-78	10	31.52	62.22	3.78
2015-08-17 14:09:34.911	22331	10601	-88	-75	10	30.63	63.78	3.781
2015-08-17 16:04:13.099	22331	10601	-88	-77	10	32.44	62.05	3.78
2015-08-17 16:24:08.886	22331	10601	-91	-79	10
2015-08-17 16:38:33.14	22331	10601	-88	-81	10	31.05	64.33	3.78
2015-08-17 16:56:04.646	22331	10601	-91	-81	10	31.86	62.91	3.784
2015-08-17 17:35:39.946	22331	10601	-91	-83	10	31.16	64.08	3.784
2015-08-17 18:08:08.81	22331	10601	-91	-80	10	30.44	64.78	3.784
2015-08-17 18:35:08.896	22331	10601	-91	-81	10
2015-08-17 19:40:45.419	22331	10601	-91	-81	10	26.83	67.78	3.781
2015-08-17 19:56:07.767	22331	10601	-91	-80	10	26.19	68.16	3.78
2015-08-17 20:26:33.219	22331	10601	-88	-79	10	25.04	68.82	3.779
2015-08-17 20:47:27.915	22331	10601	-88	-80	10
2015-08-17 21:07:24.839	22331	10601	-91	-79	10	23.83	69.26	3.78
2015-08-17 21:28:21.635	22331	10601	-88	-79	10
2015-08-17 22:00:34.991	22331	10601	-88	-79	10	22.97	69.22	3.778
2015-08-17 22:36:40.654	22331	10601	-91	-79	10	22.36	69.45	3.778
2015-08-17 22:53:27.206	22331	10601	-88	-79	10	22.25	69.37	3.776
2015-08-18 00:03:21.831	22331	10601	-88	-79	10	21.9	69.22	3.779
2015-08-18 00:21:32.794	22331	10601	-88	-79	10
2015-08-18 00:31:25.482	22331	10601	-88	-79	10	21.64	69.32	3.776
2015-08-18 01:10:46.731	22331	10601	-88	-79	10
2015-08-18 02:11:52.119	22331	10601	-97	-79	10	21.18	69.35	3.776
2015-08-18 02:35:57.214	22331	10601	-91	-78	10	21.26	69.11	3.775
2015-08-18 02:52:04.067	22331	10601	-88	-78	10	21.19	69.15	3.775
2015-08-18 03:14:45.794	22331	10601	-88	-78	10
2015-08-18 03:35:36.446	22331	10601	-88	-79	10	21.15	69.15	3.774
2015-08-18 03:57:55.538	22331	10601	-88	-79	10	21.29	68.92	3.776
2015-08-18 04:30:16.575	22331	10601	-88	-79	10	21.32	68.95	3.773
2015-08-18 05:33:25.794	22331	10601	-85	-76	10	20.04	70.23	3.771
2015-08-18 06:07:57.995	22331	10601	-91	-74	10
2015-08-18 06:30:24.466	22331	10601	-88	-77	10	19.52	70.25	3.771
2015-08-18 13:29:37.047	22331	10601	-94	-83	10	22.78	68.39	3.771
2015-08-18 14:20:44.235	22331	10601	-88	-83	10
2015-08-18 14:36:31.566	22331	10601	-88	-76	10	25.27	65.81	3.771
2015-08-18 14:47:33.803	22331	10601	-88	-79	10
2015-08-18 15:26:21.114	22331	10601	-88	-77	10	24.86	67.23	3.771
2015-08-18 16:27:42.218	22331	10601	-88	-78	10	23.96	68.51	3.773
2015-08-18 16:53:22.606	22331	10601	-88	-76	10	23.49	69.11	3.77
2015-08-18 18:41:31.839	22331	10601	-88	-76	10	23.07	69.46	3.77
2015-08-18 21:04:17.93	22331	10601	-88	-76	10	21.29	71.05	3.771
2015-08-18 22:33:59.474	22331	10601	-88	-77	10	20.64	71.12	3.771
2015-08-18 23:06:14.45	22331	10601	-91	-78	10	20.42	71.19	3.768
2015-08-18 23:07:21.406	22331	10601	-91	-79	10
2015-08-18 23:27:09.539	22331	10601	-91	-81	10
2015-08-18 23:28:28.139	22331	10601	-91	-80	10	20.27	71.25	3.768
2015-08-18 23:58:03.926	22331	10601	-91	-80	10	20.14	71.25	3.769
2015-08-19 02:20:23.163	22331	10601	-91	-82	10
2015-08-19 06:11:37.27	22331	10601	-94	-82	10	18.65	71.96	3.765
2015-08-19 07:12:56.31	22331	10601	-94	-83	10	18.72	71.78	3.765
2015-08-19 07:36:42.659	22331	10601	-94	-83	10	19.0	71.53	3.765
2015-08-19 07:53:59.523	22331	10601	-94	-83	10
2015-08-19 08:03:43.347	22331	10601	-91	-84	10	19.47	71.07	3.764
2015-08-19 10:59:41.566	22331	10601	-85	-76	10	26.97	65.87	3.769
2015-08-19 14:02:47.262	22331	10601	-88	-75	10	31.24	63.82	3.773
2015-08-19 16:40:37.73	22331	10601	-88	-76	10
2015-08-19 18:33:50.358	22331	10601	-88	-75	10	28.13	69.23	3.775
2015-08-19 19:20:35.422	22331	10601	-85	-77	10	26.4	70.27	3.776
2015-08-19 21:23:07.435	22331	10601	-85	-76	10	24.04	70.83	3.774
2015-08-20 00:32:27.815	22331	10601	-85	-75	10	22.96	70.91	3.771
2015-08-20 01:42:09.77	22331	10601	-85	-76	10	22.32	71.27	3.771
2015-08-20 02:59:29.767	22331	10601	-85	-76	10	22.46	70.9	3.77
2015-08-20 05:41:47.191	22331	10601	-85	-75	10	22.72	70.87	3.771
2015-08-20 05:50:34.599	22331	10601	-85	-75	10
2015-08-20 06:31:12.599	22331	10601	-85	-76	10	22.92	70.62	3.769
2015-08-20 07:12:22.234	22331	10601	-85	-75	10
2015-08-20 07:41:06.992	22331	10601	-85	-74	10	23.22	70.34	3.77
2015-08-20 08:29:55.779	22331	10601	-82	-70	10	23.58	70.1	3.77
2015-08-20 08:53:54.298	22331	10601	-88	-75	10	23.79	69.94	3.77
2015-08-20 09:25:39.39	22331	10601	-85	-74	10	24.08	69.82	3.77
2015-08-20 10:05:36.17	22331	10601	-88	-76	10
2015-08-20 10:05:54.667	22331	10601	-88	-76	10	23.96	70.22	3.769
2015-08-20 10:13:53.842	22331	10601	-85	-76	10
2015-08-20 10:25:46.467	22331	10601	-88	-76	10	24.09	70.16	3.77
2015-08-20 10:51:14.126	22331	10601	-82	-76	10	24.96	68.98	3.77
2015-08-20 11:33:25.874	22331	10601	-85	-75	10	25.32	69.07	3.773
2015-08-20 11:52:07.014	22331	10601	-85	-74	10	25.55	68.71	3.773
2015-08-20 12:52:54.244	22331	10601	-88	-74	10	25.49	68.7	3.77
2015-08-20 13:39:38.994	22331	10601	-91	-76	10	26.55	66.97	3.77
2015-08-20 14:11:27.722	22331	10601	-88	-77	10	25.07	69.94	3.771
2015-08-20 14:37:12.254	22331	10601	-85	-80	10
2015-08-20 14:39:39.766	22331	10601	-85	-73	10	26.46	67.71	3.77
2015-08-20 14:55:59.72	22331	10601	-88	-77	10	25.61	69.61	3.77
2015-08-20 15:21:13.55	22331	10601	-91	-81	10	27.96	66.18	3.771
2015-08-20 15:52:01.615	22331	10601	-88	-78	10
2015-08-20 16:02:43.283	22331	10601	-88	-76	10	26.74	68.72	3.771
2015-08-20 16:31:15.988	22331	10601	-88	-78	10	27.04	68.31	3.771
2015-08-20 17:20:51.99	22331	10601	-91	-76	10	26.88	68.43	3.771
2015-08-20 18:22:48.35	22331	10601	-88	-77	10	25.94	69.5	3.771
2015-08-20 19:41:40.578	22331	10601	-88	-78	10	23.72	71.3	3.768
2015-08-20 19:53:43.75	22331	10601	-88	-78	10	23.31	71.56	3.77
2015-08-20 20:40:09.854	22331	10601	-88	-76	10	21.06	73.24	3.768
2015-08-20 20:56:03.907	22331	10601	-85	-77	10	20.31	73.67	3.769
2015-08-20 21:56:58.923	22331	10601	-85	-77	10	20.61	72.22	3.769
2015-08-20 22:38:16.799	22331	10601	-85	-76	10	19.72	72.85	3.768
2015-08-20 23:07:09.818	22331	10601	-85	-76	10	19.47	72.88	3.768
2015-08-20 23:23:51.274	22331	10601	-88	-75	10
2015-08-20 23:27:27.262	22331	10601	-85	-77	10	19.17	72.96	3.767
2015-08-21 04:24:39.771	22331	10601	-85	-77	10	14.36	74.94	3.762
2015-08-21 09:59:03.503	22331	10601	-85	-79	10	20.11	69.44	3.76
2015-08-21 10:31:47.835	22331	10601	-91	-79	10	21.33	68.92	3.762
2015-08-21 11:37:16.358	22331	10601	-91	-78	10	23.86	67.0	3.762
2015-08-21 12:03:20.202	22331	10601	-85	-78	10	24.32	67.45	3.763
2015-08-21 12:04:23.042	22331	10601	-85	-78	10
2015-08-21 12:30:39.106	22331	10601	-88	-77	10	26.27	64.65	3.765
2015-08-21 12:33:49.274	22331	10601	-88	-77	10
2015-08-21 12:50:38.327	22331	10601	-94	-79	10	25.6	66.75	3.763
2015-08-21 13:31:40.13	22331	10601	-88	-77	10	25.99	66.9	3.764
2015-08-21 13:59:26.01	22331	10601	-88	-78	10	26.44	66.69	3.767
2015-08-21 14:33:58.474	22331	10601	-88	-78	10	26.38	67.38	3.764
2015-08-21 14:57:35.254	22331	10601	-88	-79	10
2015-08-21 14:59:24.846	22331	10601	-88	-79	10	26.86	66.87	3.765
2015-08-21 15:34:20.542	22331	10601	-88	-77	10	26.1	68.23	3.764
2015-08-21 16:02:50.722	22331	10601	-85	-76	10	26.08	67.99	3.765
2015-08-21 16:40:58.819	22331	10601	-88	-78	10	25.91	68.31	3.767
2015-08-21 16:57:05.96	22331	10601	-88	-78	10
2015-08-21 17:10:42.894	22331	10601	-88	-79	10	25.63	68.69	3.765
2015-08-21 17:24:22.046	22331	10601	-88	-78	10	25.32	69.1	3.767
2015-08-21 17:50:46.935	22331	10601	-88	-80	10
2015-08-21 18:07:16.522	22331	10601	-88	-79	10	24.38	69.9	3.764
2015-08-21 18:42:30.755	22331	10601	-88	-78	10	23.61	70.44	3.764
2015-08-21 18:51:35.304	22331	10601	-88	-78	10	23.31	70.67	3.764
2015-08-21 19:29:22.982	22331	10601	-85	-76	10	21.77	71.97	3.764
2015-08-21 19:56:09.911	22331	10601	-88	-76	10	20.47	72.96	3.763
2015-08-21 20:33:06.967	22331	10601	-85	-76	10	19.1	73.62	3.763
2015-08-21 20:43:59.47	22331	10601	-85	-76	10
2015-08-21 21:04:32.214	22331	10601	-85	-75	10	18.08	74.02	3.763
2015-08-21 23:22:28.458	22331	10601	-88	-78	10	17.24	73.07	3.759
2015-08-22 00:32:03.786	22331	10601	-85	-76	10	15.7	74.26	3.758
2015-08-22 02:38:56.31	22331	10601	-88	-75	10	13.57	74.84	3.757
2015-08-22 04:05:40.579	22331	10601	-85	-77	10	12.6	75.06	3.753
2015-08-22 04:21:06.694	22331	10601	-85	-76	10	12.4	75.17	3.754
2015-08-22 05:12:53.85	22331	10601	-85	-76	10	12.1	75.14	3.752
2015-08-22 05:23:34.85	22331	10601	-85	-76	10
2015-08-22 05:42:11.278	22331	10601	-85	-76	10	12.04	74.99	3.753
2015-08-22 06:00:11.926	22331	10601	-85	-76	10	11.99	74.98	3.751
2015-08-22 06:07:03.763	22331	10601	-85	-76	10
2015-08-22 07:58:03.666	22331	10601	-85	-76	10	13.18	73.66	3.753
2015-08-22 08:16:47.415	22331	10601	-85	-76	10
2015-08-22 09:07:26.726	22331	10601	-85	-77	10	16.79	70.81	3.754
2015-08-22 10:08:13.35	22331	10601	-88	-80	10	18.79	69.81	3.757
2015-08-22 10:41:22.295	22331	10601	-85	-78	10	20.64	68.37	3.754
2015-08-22 11:05:55.338	22331	10601	-88	-76	10	21.72	67.83	3.757
2015-08-22 11:09:59.407	22331	10601	-88	-79	10
2015-08-22 11:21:43.449	22331	10601	-88	-76	10	22.35	67.45	3.756
2015-08-22 12:02:23.79	22331	10601	-85	-79	10	23.61	67.1	3.757
2015-08-22 12:28:17.791	22331	10601	-88	-76	10	26.99	61.77	3.759
2015-08-22 13:09:56.318	22331	10601	-88	-79	10	25.26	67.21	3.759
2015-08-22 13:30:21.934	22331	10601	-85	-78	10	25.52	67.03	3.76
2015-08-22 14:03:11.735	22331	10601	-85	-76	10
2015-08-22 14:11:43.795	22331	10601	-88	-75	10	26.22	66.62	3.759
2015-08-22 14:21:02.131	22331	10601	-88	-77	10	25.97	67.07	3.759
2015-08-22 15:11:52.039	22331	10601	-88	-78	10	27.47	66.51	3.762
2015-08-22 15:36:59.939	22331	10601	-85	-81	10	26.66	67.02	3.762
2015-08-22 16:05:14.154	22331	10601	-88	-77	10	26.16	67.86	3.76
2015-08-22 16:40:53.223	22331	10601	-91	-77	10	25.94	68.14	3.764
2015-08-22 16:56:24.634	22331	10601	-91	-78	10
2015-08-22 17:10:27.539	22331	10601	-88	-80	10	25.43	68.74	3.762
2015-08-22 17:29:13.672	22331	10601	-85	-78	10	25.08	69.09	3.763
2015-08-22 18:04:34.334	22331	10601	-88	-75	10	24.51	69.53	3.76
2015-08-22 18:27:45.239	22331	10601	-88	-78	10	23.77	70.1	3.76
2015-08-22 19:05:34.106	22331	10601	-88	-77	10	22.71	70.92	3.762
2015-08-22 19:17:00.222	22331	10601	-88	-77	10
2015-08-22 19:30:29.887	22331	10601	-85	-77	10	21.56	71.88	3.76
2015-08-22 19:49:35.574	22331	10601	-88	-77	10
2015-08-22 23:31:48.458	22331	10601	-85	-76	10	16.04	73.59	3.757
2015-08-23 00:40:28.311	22331	10601	-85	-76	10	15.46	73.69	3.754
2015-08-23 03:03:26.442	22331	10601	-85	-76	10	14.43	73.99	3.754
2015-08-23 04:29:11.718	22331	10601	-85	-76	10
2015-08-23 05:32:36.95	22331	10601	-85	-76	10	13.35	74.32	3.753
2015-08-23 06:37:51.642	22331	10601	-85	-76	10	13.27	74.17	3.75
2015-08-23 12:42:02.319	22331	10601	-88	-78	10	27.86	63.6	3.756
2015-08-23 12:50:16.443	22331	10601	-88	-80	10
2015-08-23 13:08:47.906	22331	10601	-85	-81	10
2015-08-23 13:12:53.139	22331	10601	-88	-76	10	27.54	65.4	3.76
2015-08-23 13:40:29.942	22331	10601	-88	-78	10	27.97	65.65	3.762
2015-08-23 14:06:19.366	22331	10601	-88	-78	10	28.19	65.78	3.76
2015-08-23 14:41:03.143	22331	10601	-88	-80	10	28.52	66.07	3.76
2015-08-23 14:53:52.143	22331	10601	-91	-77	10	28.91	65.69	3.762
2015-08-23 16:01:59.394	22331	10601	-88	-77	10
2015-08-23 18:09:51.87	22331	10601	-91	-80	10	26.91	68.58	3.763
2015-08-23 18:55:11.975	22331	10601	-91	-78	10
2015-08-23 21:11:14.282	22331	10601	-88	-79	10	21.27	72.15	3.762
2015-08-23 21:36:55.446	22331	10601	-88	-79	10
2015-08-23 22:02:18.906	22331	10601	-88	-79	10	20.46	72.28	3.76
2015-08-23 23:27:35.059	22331	10601	-88	-78	10	19.65	72.26	3.76
2015-08-24 00:01:51.507	22331	10601	-88	-78	10	19.25	72.48	3.76
2015-08-24 02:00:14.034	22331	10601	-88	-78	10
2015-08-24 06:22:07.467	22331	10601	-88	-78	10	18.61	72.12	3.757
2015-08-24 07:12:31.078	22331	10601	-91	-78	10	19.1	71.58	3.756
2015-08-24 07:29:43.379	22331	10601	-88	-80	10	19.36	71.43	3.756
2015-08-24 08:00:40.182	22331	10601	-88	-78	10	19.64	71.18	3.757
2015-08-24 08:25:39.242	22331	10601	-88	-77	10	19.45	71.48	3.757
2015-08-24 09:02:38.786	22331	10601	-85	-78	10	20.25	70.58	3.757
2015-08-24 09:21:11.51	22331	10601	-91	-78	10
2015-08-24 09:29:02.475	22331	10601	-85	-80	10	20.92	69.97	3.756
2015-08-24 10:10:47.83	22331	10601	-85	-78	10	21.83	69.1	3.756
2015-08-24 10:35:19.054	22331	10601	-88	-77	10	21.76	69.37	3.759
2015-08-24 10:46:51.855	22331	10601	-88	-79	10
2015-08-24 11:02:20.678	22331	10601	-85	-77	10	22.9	68.24	3.758
2015-08-24 11:30:37.734	22331	10601	-88	-79	10	24.26	66.95	3.758
2015-08-24 12:09:22.615	22331	10601	-91	-76	10	26.19	65.11	3.758
2015-08-24 12:14:24.246	22331	10601	-88	-81	10
2015-08-24 12:39:26.918	22331	10601	-88	-77	10	27.32	64.32	3.759
2015-08-24 12:51:51.026	22331	10601	-88	-77	10	26.58	66.12	3.758
2015-08-24 13:24:40.57	22331	10601	-88	-80	10	26.52	66.61	3.762
2015-08-24 14:02:15.534	22331	10601	-88	-74	10	26.41	66.92	3.76
2015-08-24 14:23:01.542	22331	10601	-88	-77	10	26.99	66.49	3.76
2015-08-24 15:07:36.646	22331	10601	-88	-84	10
2015-08-24 15:10:10.366	22331	10601	-91	-78	10
2015-08-24 15:25:04.406	22331	10601	-91	-81	10	27.54	66.52	3.764
2015-08-24 15:54:50.97	22331	10601	-88	-79	10	26.02	68.42	3.762
2015-08-24 16:22:07.426	22331	10601	-88	-79	10	25.91	68.6	3.759
2015-08-24 16:58:20.466	22331	10601	-91	-76	10	25.9	68.19	3.763
2015-08-24 17:25:53.486	22331	10601	-88	-78	10	25.58	68.63	3.764
2015-08-24 18:00:47.523	22331	10601	-85	-79	10
2015-08-24 18:09:18.823	22331	10601	-85	-79	10	24.44	69.71	3.76
2015-08-24 18:32:52.083	22331	10601	-91	-76	10	23.97	69.86	3.763
2015-08-24 19:11:14.386	22331	10601	-91	-76	10	23.51	70.05	3.76
2015-08-24 19:33:30.394	22331	10601	-91	-78	10
2015-08-24 19:37:12.498	22331	10601	-88	-78	10	23.04	70.36	3.762
2015-08-24 20:01:47.966	22331	10601	-88	-78	10	22.4	70.78	3.76
2015-08-24 21:32:07.123	22331	10601	-88	-80	10	21.14	70.99	3.758
2015-08-24 21:56:09.639	22331	10601	-88	-79	10	20.83	71.19	3.759
2015-08-24 22:42:52.055	22331	10601	-88	-78	10	20.11	71.6	3.758
2015-08-24 22:56:40.391	22331	10601	-85	-76	10	19.68	71.82	3.762
2015-08-24 23:23:34.17	22331	10601	-88	-78	10	18.68	72.59	3.756
2015-08-24 23:23:36.471	22331	10601	-88	-78	10	18.68	72.59	3.756
2015-08-24 23:23:38.319	22331	10601	-88	-78	10	18.68	72.59	3.756
2015-08-24 23:47:12.694	22331	10601	-88	-78	10
2015-08-24 23:54:04.33	22331	10601	-88	-78	10	17.61	73.17	3.757
2015-08-24 23:56:49.219	22331	10601	-88	-77	10
2015-08-25 00:28:15.287	22331	10601	-88	-77	10	16.68	73.55	3.757
2015-08-25 01:02:38.683	22331	10601	-88	-78	10	15.88	73.77	3.757
2015-08-25 01:29:18.619	22331	10601	-88	-77	10	15.43	73.79	3.756
2015-08-25 01:57:55.351	22331	10601	-88	-77	10	14.96	73.93	3.754
2015-08-25 02:40:25.334	22331	10601	-97	-78	10
2015-08-25 02:40:59.038	22331	10601	-85	-77	10	14.35	73.97	3.754
2015-08-25 03:06:37.704	22331	10601	-85	-78	10	14.06	73.96	3.753
2015-08-25 03:41:54.438	22331	10601	-88	-77	10	13.61	74.11	3.753
2015-08-25 03:58:11.134	22331	10601	-85	-78	10	13.52	74.07	3.753
2015-08-25 04:20:08.166	22331	10601	-88	-77	10
2015-08-25 04:26:31.571	22331	10601	-88	-77	10	13.45	73.92	3.751
2015-08-25 04:54:12.479	22331	10601	-88	-78	10	13.25	73.99	3.748
2015-08-25 05:33:37.467	22331	10601	-85	-77	10
2015-08-25 05:37:08.671	22331	10601	-88	-77	10	13.14	73.78	3.752
2015-08-25 05:58:51.374	22331	10601	-85	-78	10	13.07	73.79	3.751
2015-08-25 06:34:20.539	22331	10601	-88	-78	10	12.89	73.89	3.751
2015-08-25 07:04:39.491	22331	10601	-88	-76	10	12.75	73.89	3.752
2015-08-25 07:26:53.955	22331	10601	-88	-77	10	12.79	73.79	3.745
2015-08-25 07:57:43.278	22331	10601	-88	-78	10	13.9	72.77	3.75
2015-08-25 08:24:02.718	22331	10601	-85	-77	10	14.89	71.86	3.746
2015-08-25 08:26:48.27	22331	10601	-85	-77	10
2015-08-25 08:43:26.795	22331	10601	-88	-77	10
2015-08-25 09:05:00.251	22331	10601	-88	-77	10	16.45	70.78	3.752
2015-08-25 09:23:19.794	22331	10601	-88	-78	10	17.22	70.29	3.751
2015-08-25 10:37:39.155	22331	10601	-88	-80	10	20.58	68.11	3.751
2015-08-25 10:56:54.779	22331	10601	-91	-76	10	21.81	66.67	3.753
2015-08-25 11:20:00.339	22331	10601	-88	-78	10
2015-08-25 11:24:15.507	22331	10601	-85	-77	10	22.67	66.56	3.753
2015-08-25 11:55:53.759	22331	10601	-88	-75	10	21.22	69.21	3.752
2015-08-25 12:31:26.191	22331	10601	-88	-77	10	21.08	69.44	3.753
2015-08-25 12:58:29.059	22331	10601	-91	-76	10	20.9	69.5	3.752
2015-08-25 13:06:46.138	22331	10601	-88	-80	10
2015-08-25 13:29:44.199	22331	10601	-88	-79	10	21.27	68.91	3.752
2015-08-25 14:04:58.779	22331	10601	-88	-77	10	22.14	68.27	3.754
2015-08-25 14:13:12.542	22331	10601	-88	-78	10
2015-08-25 14:29:03.279	22331	10601	-88	-75	10	21.6	69.17	3.739
2015-08-25 15:02:00.182	22331	10601	-88	-80	10	21.42	69.5	3.756
2015-08-25 15:41:27.366	22331	10601	-88	-77	10	21.2	69.55	3.754
2015-08-25 15:52:53.846	22331	10601	-85	-77	10	21.29	69.51	3.754
2015-08-25 16:21:13.814	22331	10601	-88	-78	10	21.02	69.77	3.751
2015-08-25 17:06:25.779	22331	10601	-88	-77	10
2015-08-25 17:12:17.983	22331	10601	-88	-79	10	20.24	70.52	3.756
2015-08-25 17:28:41.379	22331	10601	-88	-77	10	19.97	70.58	3.752
2015-08-25 17:30:04.899	22331	10601	-88	-78	10
2015-08-25 17:58:12.296	22331	10601	-88	-75	10	19.32	71.21	3.754
2015-08-25 18:26:37.126	22331	10601	-88	-81	10	18.89	71.35	3.752
2015-08-25 19:03:51.638	22331	10601	-88	-78	10	18.5	71.41	3.752
2015-08-25 19:33:15.463	22331	10601	-88	-77	10	18.04	71.76	3.752
2015-08-25 19:59:37.006	22331	10601	-85	-77	10
2015-08-25 20:07:30.962	22331	10601	-88	-78	10	17.52	72.07	3.752
2015-08-25 20:20:30.034	22331	10601	-85	-78	10	17.31	72.19	3.751
2015-08-25 20:56:34.518	22331	10601	-85	-78	10	16.7	72.45	3.751
2015-08-25 21:41:45.631	22331	10601	-85	-77	10	17.11	71.72	3.751
2015-08-25 21:53:24.683	22331	10601	-85	-77	10
2015-08-25 22:01:04.951	22331	10601	-88	-78	10	17.06	71.71	3.752
2015-08-25 22:35:37.139	22331	10601	-88	-77	10	16.7	71.99	3.752
2015-08-25 22:52:49.851	22331	10601	-88	-77	10
2015-08-25 23:05:12.707	22331	10601	-85	-77	10	16.53	72.07	3.75
2015-08-25 23:29:20.954	22331	10601	-85	-77	10	16.43	72.08	3.751
2015-08-26 00:03:51.419	22331	10601	-85	-77	10	16.43	71.94	3.748
2015-08-26 00:28:01.25	22331	10601	-88	-77	10	16.29	72.0	3.75
2015-08-26 00:57:42.047	22331	10601	-88	-77	10	15.86	72.4	3.748
2015-08-26 01:21:11.711	22331	10601	-85	-77	10	15.79	72.31	3.748
2015-08-26 01:46:01.371	22331	10601	-88	-77	10
2015-08-26 02:00:53.522	22331	10601	-88	-77	10	14.39	73.34	3.747
2015-08-26 02:16:44.094	22331	10601	-85	-77	10
2015-08-26 02:24:28.263	22331	10601	-88	-77	10	13.74	73.79	3.747
2015-08-26 02:51:03.806	22331	10601	-88	-76	10	13.15	74.02	3.75
2015-08-26 03:41:46.891	22331	10601	-88	-77	10	12.47	74.04	3.746
2015-08-26 04:08:15.662	22331	10601	-85	-77	10	12.46	73.78	3.746
2015-08-26 04:39:12.93	22331	10601	-88	-77	10
2015-08-26 04:39:53.822	22331	10601	-85	-78	10	12.06	73.98	3.745
2015-08-26 05:04:31.862	22331	10601	-85	-77	10	11.88	74.0	3.747
2015-08-26 05:36:43.638	22331	10601	-85	-78	10	11.67	73.96	3.743
2015-08-26 05:50:58.65	22331	10601	-85	-77	10	11.64	73.93	3.745
2015-08-26 06:32:24.563	22331	10601	-88	-77	10	11.52	73.85	3.745
2015-08-26 06:40:02.37	22331	10601	-88	-77	10
2015-08-26 07:00:42.362	22331	10601	-88	-76	10	11.47	73.84	3.743
2015-08-26 07:32:24.806	22331	10601	-88	-77	10
2015-08-26 07:41:14.603	22331	10601	-88	-77	10	13.02	72.36	3.743
2015-08-26 08:11:40.622	22331	10601	-88	-76	10	13.89	71.75	3.743
2015-08-26 08:41:59.594	22331	10601	-88	-76	10	14.86	71.05	3.742
2015-08-26 08:51:34.882	22331	10601	-85	-77	10	15.14	70.88	3.745
2015-08-26 09:31:27.642	22331	10601	-88	-76	10	16.06	70.57	3.745
2015-08-26 10:10:58.138	22331	10601	-85	-76	10	17.95	68.96	3.746
2015-08-26 10:25:37.807	22331	10601	-85	-77	10
2015-08-26 10:28:27.086	22331	10601	-88	-77	10	18.65	68.78	3.746
2015-08-26 10:54:15.822	22331	10601	-88	-78	10	20.64	66.03	3.746
2015-08-26 11:03:21.539	22331	10601	-88	-79	10
2015-08-26 11:22:16.478	22331	10601	-88	-78	10	21.01	66.96	3.747
2015-08-26 12:07:52.134	22331	10601	-85	-76	10	19.22	70.05	3.748
2015-08-26 13:01:14.711	22331	10601	-85	-75	10	20.36	69.03	3.746
2015-08-26 13:18:52.11	22331	10601	-88	-76	10
2015-08-26 13:33:22.283	22331	10601	-91	-77	10	20.88	68.62	3.75
2015-08-26 13:52:46.127	22331	10601	-88	-78	10	21.44	67.95	3.747
2015-08-26 14:24:08.371	22331	10601	-85	-78	10	21.4	68.37	3.748
2015-08-26 15:12:05.346	22331	10601	-88	-75	10	20.79	69.39	3.748
2015-08-26 15:26:40.842	22331	10601	-88	-78	10
2015-08-26 15:34:14.079	22331	10601	-88	-78	10	20.58	69.74	3.751
2015-08-26 15:58:31.951	22331	10601	-91	-77	10	21.02	68.98	3.748
2015-08-26 16:12:01.591	22331	10601	-88	-77	10
2015-08-26 16:30:23.014	22331	10601	-88	-78	10	21.01	69.18	3.75
2015-08-26 16:57:12.179	22331	10601	-85	-79	10	20.83	69.37	3.748
2015-08-26 17:38:55.747	22331	10601	-88	-79	10	20.33	69.92	3.748
2015-08-26 17:57:02.383	22331	10601	-85	-78	10	20.02	70.26	3.748
2015-08-26 18:20:52.768	22331	10601	-88	-80	10	19.63	70.57	3.747
2015-08-26 19:05:12.867	22331	10601	-88	-77	10
2015-08-26 19:06:57.678	22331	10601	-88	-79	10	18.77	71.21	3.75
2015-08-26 19:40:17.394	22331	10601	-88	-77	10	18.28	71.5	3.75
2015-08-26 19:49:59.83	22331	10601	-88	-78	10
2015-08-26 19:57:01.955	22331	10601	-88	-77	10	18.11	71.53	3.75
2015-08-26 20:33:45.842	22331	10601	-88	-78	10	17.56	71.8	3.748
2015-08-26 20:54:52.835	22331	10601	-88	-77	10	17.25	71.96	3.747
2015-08-26 21:22:14.07	22331	10601	-88	-78	10	16.82	72.18	3.748
2015-08-26 21:58:25.898	22331	10601	-88	-77	10
2015-08-26 22:00:33.603	22331	10601	-88	-78	10	16.1	72.63	3.747
2015-08-26 22:28:02.791	22331	10601	-88	-78	10	15.72	72.72	3.746
2015-08-26 23:11:55.318	22331	10601	-88	-77	10	15.64	72.49	3.747
2015-08-26 23:36:02.163	22331	10601	-88	-77	10	15.74	72.24	3.745
2015-08-26 23:56:55.078	22331	10601	-88	-78	10	15.57	72.37	3.745
2015-08-27 00:13:19.288	22331	10601	-88	-78	10
2015-08-27 00:28:39.466	22331	10601	-88	-78	10	15.43	72.4	3.745
2015-08-27 00:51:39.866	22331	10601	-88	-78	10
2015-08-27 00:53:21.375	22331	10601	-88	-78	10	15.42	72.39	3.746
2015-08-27 01:21:28.575	22331	10601	-88	-77	10	15.32	72.35	3.746
2015-08-27 02:01:27.19	22331	10601	-88	-78	10	15.06	72.51	3.745
2015-08-27 02:22:42.506	22331	10601	-88	-78	10	14.97	72.58	3.741
2015-08-27 02:58:36.967	22331	10601	-88	-77	10	14.99	72.42	3.745
2015-08-27 03:21:15.879	22331	10601	-88	-78	10	14.88	72.53	3.745
2015-08-27 03:44:50.131	22331	10601	-88	-78	10
2015-08-27 03:54:00.606	22331	10601	-88	-78	10	14.93	72.41	3.743
2015-08-27 04:36:36.666	22331	10601	-88	-78	10
2015-08-27 04:36:53.631	22331	10601	-85	-78	10	15.04	72.24	3.745
2015-08-27 05:10:45.454	22331	10601	-88	-77	10	14.9	72.38	3.743
2015-08-27 05:24:57.715	22331	10601	-88	-79	10	14.82	72.47	3.745
2015-08-27 06:00:42.767	22331	10601	-88	-77	10	14.75	72.48	3.742
2015-08-27 06:38:02.678	22331	10601	-88	-78	10
2015-08-27 06:41:11.27	22331	10601	-88	-79	10	14.68	72.52	3.743
2015-08-27 06:53:27.602	22331	10601	-88	-78	10	14.61	72.56	3.742
2015-08-27 07:36:05.302	22331	10601	-88	-78	10	14.97	72.15	3.743
2015-08-27 07:52:58.23	22331	10601	-88	-78	10	15.18	71.92	3.743
2015-08-27 08:23:27.894	22331	10601	-85	-78	10	15.97	71.2	3.741
2015-08-27 08:59:57.099	22331	10601	-88	-77	10
2015-08-27 09:06:11.182	22331	10601	-88	-77	10	16.96	70.43	3.745
2015-08-27 09:26:15.122	22331	10601	-88	-78	10	17.36	70.29	3.745
2015-08-27 09:31:14.234	22331	10601	-88	-78	10
2015-08-27 09:52:53.31	22331	10601	-88	-77	10	18.86	68.87	3.73
2015-08-27 10:20:58.366	22331	10601	-88	-79	10	18.82	69.53	3.746
2015-08-27 11:08:36.382	22331	10601	-88	-78	10	19.97	68.79	3.746
2015-08-27 11:23:04.179	22331	10601	-88	-79	10	20.47	68.52	3.745
2015-08-27 12:01:37.787	22331	10601	-88	-79	10	20.06	69.56	3.747
2015-08-27 12:24:26.134	22331	10601	-85	-80	10
2015-08-27 12:39:09.802	22331	10601	-88	-79	10	20.51	69.11	3.746
2015-08-27 12:52:14.05	22331	10601	-88	-78	10	20.83	68.92	3.747
2015-08-27 13:21:40.614	22331	10601	-85	-80	10	21.5	68.22	3.746
2015-08-27 13:23:17.562	22331	10601	-88	-77	10
2015-08-27 14:05:37.706	22331	10601	-88	-78	10	21.64	68.35	3.747
2015-08-27 14:29:49.094	22331	10601	-88	-77	10	20.53	69.85	3.747
2015-08-27 14:58:33.722	22331	10601	-88	-78	10	19.75	70.85	3.747
2015-08-27 15:17:38.331	22331	10601	-88	-77	10
2015-08-27 15:40:51.527	22331	10601	-88	-77	10	21.1	68.88	3.75
2015-08-27 15:55:17.986	22331	10601	-88	-79	10	21.15	68.95	3.75
2015-08-27 16:21:11.766	22331	10601	-88	-77	10	21.43	68.77	3.748
2015-08-27 16:55:02.355	22331	10601	-88	-82	10	22.01	68.28	3.751
2015-08-27 17:23:59.343	22331	10601	-85	-80	10	21.82	68.87	3.747
2015-08-27 17:46:34.194	22331	10601	-88	-80	10
2015-08-27 18:07:02.531	22331	10601	-88	-78	10	22.08	68.8	3.75
2015-08-27 18:10:49.77	22331	10601	-88	-77	10
2015-08-27 18:32:17.515	22331	10601	-88	-80	10	21.14	69.99	3.748
2015-08-27 18:59:26.018	22331	10601	-88	-79	10	20.42	70.66	3.748
2015-08-27 19:26:17.531	22331	10601	-88	-79	10	19.72	71.17	3.75
2015-08-27 19:53:22.038	22331	10601	-88	-79	10	18.82	71.85	3.748
2015-08-27 20:30:37.735	22331	10601	-88	-79	10	18.14	72.08	3.75
2015-08-27 20:52:03.591	22331	10601	-88	-79	10	17.89	72.06	3.746
2015-08-27 21:04:02.118	22331	10601	-85	-79	10
2015-08-27 21:39:42.014	22331	10601	-88	-79	10	17.11	72.4	3.747
2015-08-27 21:59:10.543	22331	10601	-88	-79	10	16.65	72.66	3.747
2015-08-27 22:09:53.374	22331	10601	-88	-78	10
2015-08-27 22:24:24.314	22331	10601	-88	-78	10	16.0	73.04	3.746
2015-08-27 22:51:42.03	22331	10601	-88	-78	10	15.52	73.22	3.747
2015-08-27 23:26:37.798	22331	10601	-88	-78	10	15.0	73.33	3.745
2015-08-27 23:57:14.192	22331	10601	-88	-77	10
2015-08-28 00:05:45.443	22331	10601	-88	-77	10	14.54	73.37	3.745
2015-08-28 00:20:47.374	22331	10601	-88	-77	10	14.43	73.43	3.743
2015-08-28 01:09:07.434	22331	10601	-88	-77	10	14.21	73.25	3.743
2015-08-28 01:37:21.014	22331	10601	-85	-77	10	14.08	73.26	3.743
2015-08-28 02:09:55.046	22331	10601	-88	-76	10	13.96	73.2	3.743
2015-08-28 02:28:53.086	22331	10601	-85	-77	10	13.81	73.31	3.742
2015-08-28 02:33:12.346	22331	10601	-88	-76	10
2015-08-28 02:50:26.162	22331	10601	-88	-77	10
2015-08-28 02:54:20.843	22331	10601	-88	-76	10	13.46	73.47	3.743
2015-08-28 03:39:05.85	22331	10601	-88	-77	10	13.28	73.47	3.742
2015-08-28 03:53:04.143	22331	10601	-85	-76	10	13.2	73.5	3.745
2015-08-28 04:23:18.966	22331	10601	-85	-76	10	13.04	73.55	3.742
2015-08-28 04:54:36.671	22331	10601	-85	-76	10	13.04	73.42	3.742
2015-08-28 05:25:31.162	22331	10601	-88	-76	10	12.82	73.53	3.741
2015-08-28 05:43:39.218	22331	10601	-85	-76	10
2015-08-28 06:11:19.926	22331	10601	-85	-76	10	12.52	73.71	3.74
2015-08-28 06:21:54.014	22331	10601	-85	-77	10	12.5	73.68	3.742
2015-08-28 06:52:21.882	22331	10601	-85	-76	10	12.43	73.64	3.742
2015-08-28 06:56:31.799	22331	10601	-85	-76	10
2015-08-28 07:22:46.663	22331	10601	-85	-76	10	12.46	73.59	3.74
2015-08-28 08:04:47.999	22331	10601	-85	-76	10	13.1	72.9	3.741
2015-08-28 08:36:50.67	22331	10601	-85	-76	10
2015-08-28 08:37:41.364	22331	10601	-85	-76	10	14.18	71.94	3.742
2015-08-28 08:56:22.767	22331	10601	-85	-76	10	15.13	71.15	3.74
2015-08-28 09:29:38.119	22331	10601	-88	-76	10	17.15	69.45	3.741
2015-08-28 09:59:11.875	22331	10601	-88	-79	10	18.97	68.25	3.741
2015-08-28 10:39:12.066	22331	10601	-88	-78	10	21.2	66.82	3.745
2015-08-28 11:09:11.031	22331	10601	-88	-78	10	22.68	66.18	3.745
2015-08-28 11:19:50.683	22331	10601	-88	-78	10
2015-08-28 11:30:03.015	22331	10601	-88	-76	10
2015-08-28 11:33:03.434	22331	10601	-88	-80	10	23.77	65.59	3.746
2015-08-28 11:55:55.855	22331	10601	-91	-80	10	24.58	64.99	3.75
2015-08-28 14:23:15.287	22331	10601	-88	-76	10
2015-08-28 14:30:47.336	22331	10601	-88	-80	10	24.63	67.8	3.75
2015-08-28 14:30:48.659	22331	10601	-88	-80	10	24.63	67.8	3.75
2015-08-28 14:55:03.383	22331	10601	-91	-81	10	24.69	67.81	3.754
2015-08-28 15:39:10.306	22331	10601	-88	-81	10	25.24	67.35	3.752
2015-08-28 15:43:11.114	22331	10601	-91	-78	10
2015-08-28 16:57:38.53	22331	10601	-88	-78	10	26.04	67.29	3.753
2015-08-28 17:35:43.55	22331	10601	-88	-81	10	25.26	68.25	3.753
2015-08-28 18:04:31.318	22331	10601	-91	-81	10	25.24	68.16	3.754
2015-08-28 18:23:46.262	22331	10601	-88	-81	10	24.4	69.05	3.752
2015-08-28 19:05:46.042	22331	10601	-91	-80	10	22.71	70.44	3.753
2015-08-28 19:21:36.662	22331	10601	-91	-80	10	21.99	71.04	3.753
2015-08-28 20:03:56.006	22331	10601	-91	-81	10	20.22	72.15	3.753
2015-08-28 20:06:29.358	22331	10601	-88	-80	10
2015-08-28 20:09:38.991	22331	10601	-88	-80	10
2015-08-28 20:21:42.65	22331	10601	-88	-79	10	19.75	72.19	3.754
2015-08-28 20:56:12.123	22331	10601	-88	-78	10	18.58	72.71	3.751
2015-08-28 21:29:06.587	22331	10601	-88	-79	10	17.83	72.84	3.751
2015-08-28 21:56:27.018	22331	10601	-88	-79	10	17.4	72.91	3.75
2015-08-28 22:29:26.254	22331	10601	-88	-78	10	16.89	73.0	3.752
2015-08-28 23:02:52.535	22331	10601	-88	-79	10
2015-08-28 23:06:55.594	22331	10601	-88	-78	10	16.64	72.77	3.748
2015-08-28 23:27:24.778	22331	10601	-88	-78	10	16.32	72.97	3.752
2015-08-28 23:27:27.166	22331	10601	-88	-78	10	16.32	72.97	3.752
2015-08-28 23:52:15.03	22331	10601	-88	-78	10	16.04	73.05	3.747
2015-08-29 00:29:31.562	22331	10601	-88	-78	10	15.61	73.13	3.746
2015-08-29 00:29:47.946	22331	10601	-88	-78	10
2015-08-29 00:51:31.782	22331	10601	-88	-78	10	15.25	73.27	3.747
2015-08-29 01:25:26.067	22331	10601	-88	-78	10	15.02	73.23	3.747
2015-08-29 01:56:02.966	22331	10601	-85	-79	10
2015-08-29 02:11:40.522	22331	10601	-88	-79	10	14.43	73.48	3.747
2015-08-29 02:35:04.934	22331	10601	-85	-78	10	14.15	73.53	3.745
2015-08-29 03:12:28.595	22331	10601	-88	-78	10	13.68	73.81	3.745
2015-08-29 03:27:49.907	22331	10601	-88	-77	10	13.64	73.67	3.743
2015-08-29 04:11:45.658	22331	10601	-88	-77	10	13.39	73.65	3.743
2015-08-29 04:49:14.76	22331	10601	-88	-77	10
2015-08-29 04:53:07.583	22331	10601	-88	-79	10
2015-08-29 04:59:43.394	22331	10601	-88	-77	10	13.06	73.74	3.743
2015-08-29 05:41:35.382	22331	10601	-85	-77	10	12.88	73.73	3.742
2015-08-29 06:05:08.582	22331	10601	-88	-76	10	12.65	73.87	3.745
2015-08-29 06:35:54.091	22331	10601	-88	-77	10	12.57	73.85	3.741
2015-08-29 06:51:08.562	22331	10601	-88	-77	10	12.5	73.86	3.742
2015-08-29 07:39:44.202	22331	10601	-88	-76	10	12.97	73.17	3.742
2015-08-29 07:42:27.595	22331	10601	-88	-77	10
2015-08-29 08:03:47.138	22331	10601	-88	-78	10	13.33	72.9	3.743
2015-08-29 08:34:57.435	22331	10601	-85	-77	10	14.43	71.91	3.742
2015-08-29 09:10:16.931	22331	10601	-88	-77	10	16.43	70.28	3.742
2015-08-29 09:16:25.907	22331	10601	-88	-77	10
2015-08-29 09:25:39.338	22331	10601	-88	-78	10	17.36	69.65	3.745
2015-08-29 09:51:51.411	22331	10601	-88	-78	10	18.96	68.52	3.743
2015-08-29 10:35:40.235	22331	10601	-88	-78	10
2015-08-29 10:41:46.779	22331	10601	-88	-80	10	22.7	66.1	3.745
2015-08-29 10:59:40.319	22331	10601	-85	-81	10	24.0	65.33	3.747
2015-08-29 12:02:43.09	22331	10601	-88	-78	10	27.36	63.7	3.751
2015-08-29 12:31:09.642	22331	10601	-91	-79	10	28.76	62.99	3.752
2015-08-29 13:11:11.283	22331	10601	-85	-80	10	29.18	64.15	3.754
2015-08-29 13:28:50.606	22331	10601	-88	-77	10
2015-08-29 13:39:45.042	22331	10601	-88	-81	10
2015-08-29 13:40:20.323	22331	10601	-91	-80	10	28.74	65.36	3.756
2015-08-29 13:59:42.402	22331	10601	-91	-80	10	28.19	66.46	3.756
2015-08-29 14:40:45.027	22331	10601	-91	-82	10	28.77	65.87	3.756
2015-08-29 14:58:51.242	22331	10601	-91	-82	10	28.82	65.82	3.756
2015-08-29 16:10:50.91	22331	10601	-91	-82	10	28.47	66.3	3.758
2015-08-29 16:22:04.142	22331	10601	-91	-82	10
2015-08-29 16:32:26.311	22331	10601	-91	-83	10	28.15	66.89	3.759
2015-08-29 16:55:16.846	22331	10601	-91	-82	10	27.49	67.66	3.757
2015-08-29 17:25:27.898	22331	10601	-88	-82	10	28.22	66.49	3.758
2015-08-29 19:36:38.386	22331	10601	-91	-81	10	24.02	70.63	3.757
2015-08-29 19:52:09.035	22331	10601	-91	-81	10	23.34	71.09	3.757
2015-08-29 20:28:27.726	22331	10601	-91	-81	10	22.2	71.55	3.757
2015-08-29 21:12:44.41	22331	10601	-91	-80	10	21.83	71.15	3.757
2015-08-29 21:36:20.286	22331	10601	-91	-81	10	21.75	70.91	3.756
2015-08-29 22:02:32.019	22331	10601	-91	-80	10	21.74	70.77	3.757
2015-08-29 22:08:26.278	22331	10601	-91	-81	10
2015-08-29 22:26:22.543	22331	10601	-91	-81	10
2015-08-29 22:40:50.146	22331	10601	-91	-80	10	21.11	71.21	3.756
2015-08-29 23:02:46.63	22331	10601	-91	-81	10	20.65	71.59	3.757
2015-08-29 23:24:29.483	22331	10601	-88	-80	10	20.46	71.59	3.757
2015-08-30 00:04:15.627	22331	10601	-91	-80	10	20.28	71.44	3.756
2015-08-30 00:21:31.998	22331	10601	-91	-80	10	20.18	71.34	3.756
2015-08-30 00:53:41.903	22331	10601	-88	-80	10	19.79	71.63	3.753
2015-08-30 01:01:40.579	22331	10601	-88	-80	10
2015-08-30 01:37:55.562	22331	10601	-88	-80	10	19.82	71.35	3.754
2015-08-30 01:52:10.634	22331	10601	-91	-81	10	19.96	71.13	3.754
2015-08-30 02:27:17.41	22331	10601	-88	-81	10	19.95	71.13	3.753
2015-08-30 02:49:41.499	22331	10601	-91	-80	10
2015-08-30 03:09:22.862	22331	10601	-91	-81	10	19.82	71.24	3.752
2015-08-30 03:21:21.715	22331	10601	-91	-80	10	19.89	71.07	3.753
2015-08-30 03:54:51.514	22331	10601	-91	-80	10
2015-08-30 04:00:57.706	22331	10601	-91	-81	10	19.49	71.46	3.753
2015-08-30 04:36:50.931	22331	10601	-88	-81	10	19.07	71.77	3.753
2015-08-30 04:53:51.275	22331	10601	-91	-80	10	18.92	71.87	3.752
2015-08-30 05:22:39.662	22331	10601	-91	-79	10	19.06	71.62	3.752
2015-08-30 06:09:07.806	22331	10601	-91	-83	10	19.13	71.58	3.751
2015-08-30 06:42:40.362	22331	10601	-94	-80	10	19.03	71.65	3.752
2015-08-30 06:48:03.085	22331	10601	-94	-81	10
2015-08-30 06:55:01.006	22331	10601	-91	-81	10	19.0	71.61	3.75
2015-08-30 07:13:02.506	22331	10601	-91	-81	10
2015-08-30 07:29:47.594	22331	10601	-91	-79	10	18.99	71.58	3.752
2015-08-30 07:52:15.679	22331	10601	-94	-81	10	19.07	71.44	3.751
2015-08-30 08:39:46.931	22331	10601	-97	-81	10	19.6	70.93	3.754
2015-08-30 08:50:40.539	22331	10601	-91	-81	10	19.75	70.79	3.751
2015-08-30 09:41:16.143	22331	10601	-91	-81	10
2015-08-30 09:42:35.411	22331	10601	-88	-81	10	20.54	70.18	3.753
2015-08-30 09:57:12.262	22331	10601	-88	-79	10	20.89	69.88	3.751
2015-08-30 10:31:52.494	22331	10601	-88	-78	10	21.14	69.82	3.752
2015-08-30 11:00:08.502	22331	10601	-88	-81	10	22.22	68.57	3.751
2015-08-30 11:26:54.938	22331	10601	-88	-77	10	23.29	67.59	3.752
2015-08-30 11:36:20.555	22331	10601	-88	-77	10
2015-08-30 11:56:16.967	22331	10601	-88	-78	10	25.66	64.97	3.753
2015-08-30 12:27:57.366	22331	10601	-88	-78	10	26.58	64.97	3.754
2015-08-30 12:34:27.487	22331	10601	-85	-78	10
2015-08-30 13:07:37.648	22331	10601	-88	-78	10	27.55	65.22	3.756
2015-08-30 13:40:30.09	22331	10601	-91	-75	10	28.36	64.88	3.756
2015-08-30 14:24:46.59	22331	10601	-88	-80	10	28.41	65.84	3.758
2015-08-30 15:04:10.802	22331	10601	-88	-77	10	29.18	65.23	3.758
2015-08-30 15:52:34.278	22331	10601	-88	-82	10	29.3	65.64	3.758
2015-08-30 18:20:53.895	22331	10601	-88	-80	10
2015-08-30 18:39:23.338	22331	10601	-91	-77	10	27.72	68.05	3.76
2015-08-30 19:10:58.619	22331	10601	-88	-77	10	26.55	69.26	3.759
2015-08-30 19:34:30.162	22331	10601	-85	-81	10	25.54	70.08	3.76
2015-08-30 20:11:53.818	22331	10601	-91	-79	10	24.15	70.94	3.758
2015-08-30 20:22:58.77	22331	10601	-88	-78	10
2015-08-30 20:30:52.787	22331	10601	-85	-79	10	23.76	71.09	3.758
2015-08-30 21:06:49.011	22331	10601	-88	-79	10	23.83	70.4	3.758
2015-08-30 21:14:03.914	22331	10601	-88	-79	10
2015-08-30 21:40:40.654	22331	10601	-88	-79	10	22.42	71.71	3.757
2015-08-30 21:55:41.755	22331	10601	-88	-79	10	22.06	71.8	3.759
2015-08-30 22:27:47.783	22331	10601	-88	-78	10	21.42	72.02	3.757
2015-08-30 23:06:22.31	22331	10601	-91	-79	10	21.44	71.47	3.74
2015-08-30 23:20:32.611	22331	10601	-88	-80	10	21.32	71.5	3.756
2015-08-30 23:51:04.627	22331	10601	-88	-79	10	21.0	71.66	3.757
2015-08-31 00:07:15.923	22331	10601	-88	-80	10
2015-08-31 00:40:53.498	22331	10601	-88	-78	10	20.64	71.76	3.754
2015-08-31 00:46:17.239	22331	10601	-88	-77	10
2015-08-31 00:59:59.127	22331	10601	-88	-80	10	20.43	71.83	3.754
2015-08-31 01:27:18.426	22331	10601	-88	-79	10	20.25	71.88	3.754
2015-08-31 02:08:15.426	22331	10601	-88	-79	10	20.2	71.73	3.754
2015-08-31 02:32:16.334	22331	10601	-91	-79	10	19.97	71.85	3.756
2015-08-31 03:00:27.798	22331	10601	-88	-79	10
2015-08-31 03:08:49.443	22331	10601	-88	-78	10	19.77	71.9	3.753
2015-08-31 03:36:16.535	22331	10601	-88	-78	10	19.61	71.95	3.753
2015-08-31 04:05:51.206	22331	10601	-88	-78	10	19.54	71.94	3.754
2015-08-31 04:22:30.138	22331	10601	-88	-79	10	19.52	71.88	3.753
2015-08-31 05:09:36.319	22331	10601	-88	-79	10
2015-08-31 05:11:29.69	22331	10601	-88	-79	10	19.25	72.07	3.752
2015-08-31 05:34:46.043	22331	10601	-88	-79	10	19.25	71.99	3.753
2015-08-31 05:53:26.083	22331	10601	-88	-79	10	19.17	72.06	3.753
2015-08-31 05:53:39.258	22331	10601	-88	-79	10
2015-08-31 06:32:48.375	22331	10601	-88	-78	10	18.97	72.18	3.752
2015-08-31 06:54:54.307	22331	10601	-88	-79	10	18.89	72.19	3.754
2015-08-31 07:24:05.758	22331	10601	-88	-78	10	18.86	72.19	3.751
2015-08-31 07:56:48.371	22331	10601	-88	-79	10	19.42	71.5	3.752
2015-08-31 08:36:16.631	22331	10601	-88	-78	10	20.77	70.2	3.752
2015-08-31 08:46:53.162	22331	10601	-88	-78	10
2015-08-31 09:11:20.455	22331	10601	-85	-79	10	21.44	69.87	3.751
2015-08-31 09:32:55.174	22331	10601	-88	-76	10
2015-08-31 09:38:41.234	22331	10601	-88	-79	10	21.83	69.83	3.753
2015-08-31 10:10:56.978	22331	10601	-88	-78	10	23.42	68.19	3.753
2015-08-31 11:40:19.55	22331	10601	-88	-79	10
2015-08-31 11:57:28.558	22331	10601	-91	-79	10	29.55	63.3	3.757
2015-08-31 12:21:47.655	22331	10601	-88	-83	10	29.79	64.46	3.759
2015-08-31 13:00:09.003	22331	10601	-88	-79	10	29.26	66.28	3.758
2015-08-31 13:37:59.582	22331	10601	-88	-77	10	30.66	64.45	3.758
2015-08-31 13:56:14.306	22331	10601	-91	-80	10
2015-08-31 14:09:50.775	22331	10601	-94	-78	10	30.79	65.13	3.76
2015-08-31 14:33:16.328	22331	10601	-88	-80	10
2015-08-31 14:36:09.918	22331	10601	-88	-78	10	32.19	63.27	3.762
2015-08-31 15:10:01.682	22331	10601	-91	-81	10	30.63	66.49	3.758
2015-08-31 15:35:05.527	22331	10601	-88	-81	10	31.55	65.26	3.762
2015-08-31 16:03:33.059	22331	10601	-88	-78	10	31.38	65.5	3.763
2015-08-31 16:21:38.603	22331	10601	-88	-82	10	31.21	66.13	3.763
2015-08-31 18:19:36.87	22331	10601	-91	-79	10
2015-08-31 20:19:39.942	22331	10601	-88	-78	10
2015-08-31 20:25:41.091	22331	10601	-88	-79	10	24.15	71.69	3.762
2015-08-31 21:03:31.246	22331	10601	-91	-78	10	23.26	71.89	3.76
2015-08-31 21:42:13.75	22331	10601	-88	-79	10	22.65	71.89	3.76
2015-08-31 22:09:09.003	22331	10601	-88	-78	10	22.28	71.9	3.758
2015-08-31 22:41:32.638	22331	10601	-91	-78	10	21.89	72.02	3.759
2015-08-31 22:42:52.038	22331	10601	-88	-78	10
2015-08-31 23:04:58.931	22331	10601	-88	-79	10	21.58	72.07	3.756
2015-08-31 23:12:51.842	22331	10601	-88	-79	10
2015-08-31 23:20:41.358	22331	10601	-88	-79	10	21.33	72.25	3.757
2015-09-01 00:06:12.551	22331	10601	-88	-78	10	20.96	72.2	3.756
2015-09-01 00:22:17.271	22331	10601	-88	-79	10	20.88	72.16	3.756
2015-09-01 01:00:20.57	22331	10601	-88	-78	10	20.79	72.03	3.756
2015-09-01 01:31:33.382	22331	10601	-88	-78	10	20.58	72.13	3.758
2015-09-01 02:00:30.598	22331	10601	-88	-79	10	20.49	72.09	3.754
2015-09-01 02:06:05.814	22331	10601	-88	-78	10
2015-09-01 02:33:22.535	22331	10601	-88	-78	10	20.14	72.3	3.753
2015-09-01 03:06:11.182	22331	10601	-88	-79	10
2015-09-01 03:07:58.515	22331	10601	-88	-78	10	19.78	72.5	3.756
2015-09-01 03:21:50.762	22331	10601	-88	-79	10	19.61	72.63	3.753
2015-09-01 04:11:57.138	22331	10601	-88	-78	10	19.36	72.59	3.754
2015-09-01 04:26:55.07	22331	10601	-88	-79	10	19.25	72.62	3.756
2015-09-01 04:59:15.742	22331	10601	-88	-79	10
2015-09-01 05:05:04.878	22331	10601	-88	-79	10	19.1	72.64	3.752
2015-09-01 05:40:47.119	22331	10601	-88	-79	10	18.97	72.62	3.753
2015-09-01 06:02:08.41	22331	10601	-88	-79	10	18.92	72.64	3.751
2015-09-01 06:33:22.762	22331	10601	-91	-78	10	18.78	72.69	3.754
2015-09-01 07:08:04.198	22331	10601	-88	-79	10	18.74	72.66	3.754
2015-09-01 07:21:21.598	22331	10601	-88	-78	10	18.79	72.5	3.752
2015-09-01 07:29:30.73	22331	10601	-88	-78	10
2015-09-01 07:52:28.01	22331	10601	-88	-79	10
2015-09-01 08:04:42.058	22331	10601	-88	-79	10	19.63	71.57	3.753
2015-09-01 08:27:57.591	22331	10601	-88	-78	10	20.14	71.11	3.753
2015-09-01 09:08:47.23	22331	10601	-91	-79	10	21.88	69.56	3.753
2015-09-01 09:39:07.002	22331	10601	-88	-79	10	23.56	68.15	3.752
2015-09-01 10:05:12.61	22331	10601	-91	-79	10	24.97	67.19	3.756
2015-09-01 10:28:43.807	22331	10601	-88	-79	10	26.26	66.39	3.754
2015-09-01 10:45:39.622	22331	10601	-88	-78	10
2015-09-01 11:00:09.103	22331	10601	-88	-82	10	27.65	65.65	3.754
2015-09-01 15:22:36.774	22331	10601	-91	-87	10	32.63	64.53	3.763
2015-09-01 16:32:04.919	22331	10601	-94	-80	10
2015-09-01 16:40:10.71	22331	10601	-94	-84	10	31.52	66.4	3.763
2015-09-01 16:54:15.063	22331	10601	-94	-83	10	30.43	67.73	3.763
2015-09-01 17:39:35.774	22331	10601	-94	-87	10	30.66	67.0	3.762
2015-09-01 18:02:17.382	22331	10601	-94	-84	10	29.4	68.58	3.763
2015-09-01 18:39:07.178	22331	10601	-91	-82	10	28.16	69.49	3.763
2015-09-01 19:01:23.93	22331	10601	-91	-82	10	27.36	70.07	3.762
2015-09-01 19:22:44.371	22331	10601	-91	-82	10	26.55	70.58	3.762
2015-09-01 19:25:16.59	22331	10601	-91	-82	10
2015-09-01 19:55:46.294	22331	10601	-91	-82	10	25.47	71.24	3.762
2015-09-01 20:23:36.411	22331	10601	-91	-81	10	24.69	71.54	3.758
2015-09-01 20:39:27.771	22331	10601	-91	-82	10
2015-09-01 20:57:16.555	22331	10601	-91	-81	10	24.0	71.72	3.758
2015-09-01 21:36:50.875	22331	10601	-97	-81	10	23.51	71.74	3.759
2015-09-01 22:09:31.915	22331	10601	-91	-81	10	23.34	71.51	3.759
2015-09-01 22:18:28.907	22331	10601	-91	-80	10
2015-09-01 22:35:02.014	22331	10601	-88	-80	10	23.14	71.53	3.759
2015-09-01 23:05:27.938	22331	10601	-88	-81	10	23.28	71.17	3.758
2015-09-01 23:40:02.171	22331	10601	-91	-80	10	23.18	71.12	3.757
2015-09-02 00:08:44.511	22331	10601	-91	-80	10	22.61	71.69	3.758
2015-09-02 00:22:51.843	22331	10601	-91	-80	10	22.38	71.89	3.756
2015-09-02 01:00:46.875	22331	10601	-91	-79	10	21.97	71.98	3.757
2015-09-02 01:02:45.679	22331	10601	-88	-79	10
2015-09-02 01:11:40.73	22331	10601	-91	-80	10
2015-09-02 01:28:25.602	22331	10601	-88	-79	10	21.56	72.21	3.758
2015-09-02 01:55:39.65	22331	10601	-91	-80	10	21.31	72.3	3.758
2015-09-02 02:34:35.77	22331	10601	-91	-80	10	21.1	72.26	3.754
2015-09-02 02:55:50.146	22331	10601	-88	-79	10	20.88	72.3	3.753
2015-09-02 03:36:38.526	22331	10601	-88	-80	10	20.33	72.69	3.753
2015-09-02 04:04:52.434	22331	10601	-88	-80	10
2015-09-02 04:07:01.226	22331	10601	-88	-80	10	20.2	72.64	3.754
2015-09-02 04:42:41.047	22331	10601	-88	-78	10	20.0	72.63	3.754
2015-09-02 05:06:41.294	22331	10601	-88	-79	10	19.95	72.59	3.753
2015-09-02 05:26:04.995	22331	10601	-91	-79	10
2015-09-02 05:33:53.634	22331	10601	-91	-79	10	19.71	72.73	3.753
2015-09-02 06:06:44.894	22331	10601	-88	-79	10	19.5	72.83	3.752
2015-09-02 06:25:42.33	22331	10601	-88	-79	10	19.5	72.69	3.752
2015-09-02 06:58:04.438	22331	10601	-91	-79	10
2015-09-02 07:07:09.99	22331	10601	-88	-80	10	19.38	72.73	3.75
2015-09-02 07:28:22.206	22331	10601	-91	-80	10	19.5	72.5	3.752
2015-09-02 07:52:04.575	22331	10601	-88	-81	10	19.83	72.1	3.752
2015-09-02 08:37:51.354	22331	10601	-91	-80	10	21.22	70.67	3.753
2015-09-02 08:53:01.35	22331	10601	-88	-80	10	22.01	69.89	3.752
2015-09-02 09:42:38.714	22331	10601	-88	-79	10	24.82	67.57	3.753
2015-09-02 09:49:24.446	22331	10601	-88	-79	10
2015-09-02 09:51:16.687	22331	10601	-88	-78	10
2015-09-02 09:53:55.999	22331	10601	-91	-78	10	25.36	67.34	3.753
2015-09-02 10:25:24.111	22331	10601	-91	-78	10	26.9	66.44	3.754
2015-09-02 11:05:17.419	22331	10601	-91	-78	10	28.02	66.37	3.754
2015-09-02 11:37:04.059	22331	10601	-91	-79	10	29.38	65.41	3.756
2015-09-02 11:57:15.143	22331	10601	-91	-78	10	30.72	63.77	3.756
2015-09-02 12:42:04.715	22331	10601	-94	-80	10	31.54	64.23	3.759
2015-09-02 12:44:28.494	22331	10601	-88	-82	10
2015-09-02 12:58:46.128	22331	10601	-91	-80	10	28.18	68.77	3.758
2015-09-02 13:34:57.986	22331	10601	-91	-80	10	28.72	68.11	3.759
2015-09-02 14:06:05.962	22331	10601	-88	-80	10	31.08	65.09	3.759
2015-09-02 14:59:15.55	22331	10601	-88	-82	10	31.38	66.1	3.758
2015-09-02 15:35:01.39	22331	10601	-91	-84	10	31.41	65.96	3.759
2015-09-02 15:37:40.867	22331	10601	-91	-80	10
2015-09-02 15:50:51.446	22331	10601	-94	-88	10	31.18	66.28	3.759
2015-09-02 16:35:52.718	22331	10601	-91	-82	10	30.82	66.87	3.764
2015-09-02 17:34:33.463	22331	10601	-94	-83	10	30.8	66.93	3.762
2015-09-02 18:36:02.607	22331	10601	-91	-84	10
2015-09-02 18:53:19.518	22331	10601	-91	-82	10	28.66	68.97	3.76
2015-09-02 19:41:11.135	22331	10601	-91	-81	10	26.85	70.58	3.762
2015-09-02 20:11:47.755	22331	10601	-91	-81	10	25.32	71.74	3.759
2015-09-02 20:34:46.727	22331	10601	-91	-81	10	24.58	71.94	3.758
2015-09-02 21:03:09.107	22331	10601	-88	-79	10	24.11	71.94	3.757
2015-09-02 21:24:05.859	22331	10601	-91	-80	10
2015-09-02 21:34:47.856	22331	10601	-91	-79	10	24.65	70.69	3.758
2015-09-02 22:05:35.211	22331	10601	-91	-81	10	23.96	71.38	3.758
2015-09-02 22:31:35.094	22331	10601	-91	-81	10	23.64	71.6	3.756
2015-09-02 22:59:22.023	22331	10601	-91	-80	10
2015-09-02 23:04:56.063	22331	10601	-91	-81	10	23.33	71.6	3.757
2015-09-02 23:26:45.771	22331	10601	-94	-80	10	22.97	71.84	3.757
2015-09-03 00:10:20.018	22331	10601	-91	-81	10	22.46	72.02	3.757
2015-09-03 00:17:17.838	22331	10601	-91	-81	10
2015-09-03 00:29:47.223	22331	10601	-91	-80	10	22.0	72.32	3.757
2015-09-03 01:09:02.775	22331	10601	-91	-81	10	21.42	72.57	3.754
2015-09-03 01:26:55.762	22331	10601	-91	-81	10	21.22	72.61	3.757
2015-09-03 01:58:56.346	22331	10601	-91	-81	10	21.21	72.36	3.753
2015-09-03 02:22:15.667	22331	10601	-88	-80	10	21.29	72.13	3.753
2015-09-03 02:50:20.346	22331	10601	-88	-80	10	21.04	72.28	3.753
2015-09-03 03:10:28.471	22331	10601	-91	-81	10
2015-09-03 03:22:40.306	22331	10601	-91	-81	10
2015-09-03 03:25:39.023	22331	10601	-91	-80	10	20.69	72.51	3.754
2015-09-03 04:03:13.711	22331	10601	-91	-80	10	21.04	71.95	3.75
2015-09-03 04:31:09.774	22331	10601	-91	-81	10	21.02	71.97	3.752
2015-09-03 05:11:53.546	22331	10601	-91	-80	10	20.25	72.76	3.752
2015-09-03 05:36:23.074	22331	10601	-91	-81	10	19.99	72.84	3.752
2015-09-03 06:03:40.174	22331	10601	-91	-79	10
2015-09-03 06:10:41.874	22331	10601	-88	-80	10	19.72	72.93	3.75
2015-09-03 06:25:27.663	22331	10601	-88	-79	10	19.61	72.94	3.753
2015-09-03 07:09:29.382	22331	10601	-91	-79	10	19.42	72.92	3.748
2015-09-03 07:27:09.678	22331	10601	-91	-80	10	19.45	72.85	3.75
2015-09-03 07:46:00.538	22331	10601	-88	-80	10
2015-09-03 07:54:16.327	22331	10601	-88	-79	10	20.07	72.12	3.752
2015-09-03 08:35:42.186	22331	10601	-91	-80	10	21.82	70.28	3.752
2015-09-03 08:56:01.411	22331	10601	-91	-81	10	22.59	69.74	3.754
2015-09-03 08:56:52.931	22331	10601	-91	-81	10
2015-09-03 09:22:33.15	22331	10601	-88	-80	10	23.5	69.14	3.752
2015-09-03 09:50:25.947	22331	10601	-91	-79	10	24.47	68.55	3.751
2015-09-03 10:31:44.222	22331	10601	-91	-83	10	26.26	67.15	3.751
2015-09-03 10:54:32.679	22331	10601	-91	-83	10	27.29	66.48	3.752
2015-09-03 11:26:35.29	22331	10601	-91	-82	10	27.6	67.0	3.753
2015-09-03 11:50:05.063	22331	10601	-94	-79	10
2015-09-03 11:53:22.594	22331	10601	-91	-84	10	28.91	65.63	3.754
2015-09-03 12:09:18.562	22331	10601	-94	-79	10
2015-09-03 12:31:51.947	22331	10601	-91	-76	10	29.97	65.3	3.754
2015-09-03 12:55:36.698	22331	10601	-88	-80	10	29.46	66.64	3.757
2015-09-03 13:28:18.186	22331	10601	-91	-80	10	29.93	66.78	3.756
2015-09-03 14:05:14.579	22331	10601	-91	-83	10	30.57	66.62	3.757
2015-09-03 14:31:52.682	22331	10601	-94	-83	10	31.93	64.78	3.757
2015-09-03 14:43:17.894	22331	10601	-91	-86	10
2015-09-03 14:52:11.731	22331	10601	-88	-85	10	31.94	65.32	3.759
2015-09-03 15:35:21.278	22331	10601	-91	-84	10	32.83	64.99	3.759
2015-09-03 16:00:22.554	22331	10601	-91	-85	10	30.77	67.9	3.759
2015-09-03 16:28:24.778	22331	10601	-88	-82	10	29.6	69.11	3.762
2015-09-03 16:32:39.298	22331	10601	-91	-79	10
2015-09-03 18:30:27.622	22331	10601	-91	-82	10	27.13	70.4	3.758
2015-09-03 19:11:55.31	22331	10601	-91	-82	10	26.05	71.06	3.758
2015-09-03 19:25:57.822	22331	10601	-88	-81	10	25.72	71.23	3.758
2015-09-03 20:08:39.983	22331	10601	-91	-81	10	25.32	71.04	3.756
2015-09-03 20:23:50.423	22331	10601	-88	-81	10	25.07	71.1	3.757
2015-09-03 20:29:41.579	22331	10601	-88	-81	10
2015-09-03 20:55:56.342	22331	10601	-91	-80	10
2015-09-03 21:11:27.759	22331	10601	-91	-81	10	24.11	71.74	3.753
2015-09-03 21:36:22.262	22331	10601	-91	-80	10	23.72	71.9	3.754
2015-09-03 22:02:15.631	22331	10601	-91	-80	10	23.24	72.19	3.756
2015-09-03 22:28:37.64	22331	10601	-91	-81	10	22.78	72.38	3.754
2015-09-04 13:48:55.546	22331	10601	-88	-86	10
2015-09-04 14:29:11.718	22331	10601	-91	-75	10
2015-09-04 14:55:54.603	22331	10601	-94	-82	10	31.69	65.86	3.757
2015-09-04 16:10:22.618	22331	10601	-88	-76	10	32.22	66.0	3.759
2015-09-04 16:34:29.767	22331	10601	-88	-77	10	31.16	67.44	3.758
2015-09-04 16:42:06.174	22331	10601	-88	-80	10
2015-09-04 17:08:03.102	22331	10601	-94	-81	10	31.36	66.94	3.757
2015-09-04 17:33:28.446	22331	10601	-91	-82	10	31.22	67.09	3.757
2015-09-04 18:10:31.314	22331	10601	-91	-83	10	29.65	68.88	3.759
2015-09-04 19:35:18.066	22331	10601	-91	-81	10
2015-09-05 12:54:29.255	22331	10601	-85	-75	10
2015-09-05 13:26:44.895	22331	10601	-94	-80	10	30.96	66.15	3.751
2015-09-05 14:10:46.719	22331	10601	-88	-77	10	31.68	65.49	3.754
2015-09-05 14:28:51.314	22331	10601	-94	-82	10	31.52	66.04	3.753
2015-09-05 16:49:06.922	22331	10601	-91	-78	10
2015-09-05 18:28:04.214	22331	10601	-91	-85	10	19.7	76.13	3.751
2015-09-05 18:40:54.906	22331	10601	-91	-81	10
2015-09-05 18:59:43.818	22331	10601	-91	-83	10	19.74	74.99	3.75
2015-09-05 19:26:47.486	22331	10601	-91	-84	10	19.79	74.35	3.748
2015-09-05 20:02:17.887	22331	10601	-94	-84	10	19.74	73.99	3.751
2015-09-05 20:38:01.29	22331	10601	-94	-83	10	19.74	73.83	3.747
2015-09-05 21:09:30.475	22331	10601	-94	-83	10	19.7	73.71	3.747
2015-09-05 21:12:25.146	22331	10601	-91	-83	10
2015-09-05 21:34:06.215	22331	10601	-94	-83	10
2015-09-05 21:35:43.51	22331	10601	-94	-83	10	19.64	73.68	3.748
2015-09-05 21:51:53.514	22331	10601	-91	-82	10	19.64	73.65	3.747
2015-09-05 22:32:51.994	22331	10601	-91	-82	10	19.54	73.57	3.746
2015-09-05 23:04:19.454	22331	10601	-91	-82	10	19.5	73.54	3.746
2015-09-05 23:32:15.595	22331	10601	-91	-81	10	19.43	73.58	3.746
2015-09-05 23:55:44.47	22331	10601	-91	-81	10	19.31	73.64	3.746
2015-09-06 00:27:20.511	22331	10601	-91	-82	10
2015-09-06 00:28:11.762	22331	10601	-91	-81	10	19.22	73.59	3.745
2015-09-06 00:53:33.198	22331	10601	-91	-82	10	19.14	73.63	3.742
2015-09-06 01:35:44.619	22331	10601	-91	-83	10
2015-09-06 01:36:55.687	22331	10601	-91	-83	10	19.0	73.68	3.745
2015-09-06 01:57:35.471	22331	10601	-94	-83	10	18.95	73.67	3.745
2015-09-06 02:31:26.115	22331	10601	-94	-82	10	18.92	73.59	3.745
2015-09-06 03:04:47.557	22331	10601	-94	-83	10	18.78	73.69	3.743
2015-09-06 03:20:31.395	22331	10601	-94	-83	10
2015-09-06 03:31:59.079	22331	10601	-94	-83	10	18.74	73.63	3.745
2015-09-06 03:59:11.983	22331	10601	-91	-84	10	18.57	73.76	3.742
2015-09-06 04:33:32.938	22331	10601	-94	-83	10	18.46	73.77	3.742
2015-09-06 04:59:18.302	22331	10601	-94	-82	10	18.27	73.89	3.741
2015-09-06 05:37:23.282	22331	10601	-91	-83	10	18.18	73.88	3.742
2015-09-06 05:59:03.471	22331	10601	-91	-82	10
2015-09-06 06:08:31.662	22331	10601	-91	-82	10	18.14	73.89	3.742
2015-09-06 06:13:42.694	22331	10601	-91	-82	10
2015-09-06 06:31:09.79	22331	10601	-94	-81	10	18.04	73.93	3.741
2015-09-06 06:55:45.91	22331	10601	-91	-81	10	17.97	73.97	3.742
2015-09-06 07:34:12.251	22331	10601	-91	-81	10	18.08	73.78	3.741
2015-09-06 07:59:01.398	22331	10601	-91	-81	10	18.52	73.32	3.742
2015-09-06 08:26:59.975	22331	10601	-94	-83	10	19.22	72.61	3.741
2015-09-06 09:04:41.494	22331	10601	-94	-84	10	20.67	71.29	3.742
2015-09-06 09:06:54.747	22331	10601	-94	-83	10
2015-09-06 10:22:22.623	22331	10601	-85	-78	10
2015-09-06 13:50:29.335	22331	10601	-85	-77	10	30.58	65.88	3.751
2015-09-06 14:30:18.314	22331	10601	-88	-77	10	31.18	65.86	3.752
2015-09-06 14:45:41.85	22331	10601	-85	-78	10
2015-09-06 19:05:57.251	22331	10601	-88	-79	10	28.05	70.4	3.75
2015-09-06 19:40:56.179	22331	10601	-88	-78	10	26.94	71.19	3.752
2015-09-07 16:39:25.422	22331	10601	-94	-82	10	32.02	67.41	3.754
2015-09-07 16:58:58.703	22331	10601	-88	-84	10	31.68	67.94	3.753
2015-09-07 17:26:49.051	22331	10601	-88	-79	10	31.51	68.03	3.754
2015-09-07 18:28:51.15	22331	10601	-91	-82	10	29.61	69.87	3.753
2015-09-07 18:59:14.326	22331	10601	-91	-80	10	27.86	71.45	3.753
2015-09-07 19:45:19.263	22331	10601	-91	-80	10
2015-09-07 20:22:34.507	22331	10601	-91	-80	10	24.71	73.03	3.751
2015-09-07 21:28:53.946	22331	10601	-88	-79	10
2015-09-08 11:04:31.138	22331	10601	-85	-78	10	29.63	65.18	3.746
2015-09-08 11:54:57.411	22331	10601	-88	-76	10	31.43	65.27	3.751
2015-09-08 13:04:31.092	22331	10601	-94	-76	10
2015-09-08 14:12:03.95	22331	10601	-94	-75	10	31.16	67.44	3.751
2015-09-08 15:08:15.738	22331	10601	-91	-78	10	33.44	65.15	3.752
2015-09-08 15:30:00.766	22331	10601	-94	-80	10	33.47	65.55	3.752
2015-09-08 15:58:14.067	22331	10601	-91	-85	10	33.3	66.06	3.753
2015-09-08 16:28:36.847	22331	10601	-88	-82	10	33.01	66.74	3.754
2015-09-09 12:08:40.731	22331	10601	-85	-85	10	31.4	65.05	3.751
2015-09-09 12:22:05.674	22331	10601	-94	-78	10	31.02	65.71	3.751
2015-09-09 14:21:03.254	22331	10601	-88	-81	10	31.79	66.35	3.751
2015-09-09 15:03:19.542	22331	10601	-91	-80	10
2015-09-09 16:03:10.467	22331	10601	-91	-85	10	23.34	74.64	3.747
2015-09-09 16:25:23.887	22331	10601	-91	-81	10	23.08	73.96	3.746
2015-09-09 17:05:06.791	22331	10601	-91	-81	10	20.93	75.06	3.746
2015-09-09 17:22:04.854	22331	10601	-94	-84	10
2015-09-09 17:30:04.062	22331	10601	-94	-87	10	19.86	75.55	3.745
2015-09-09 17:50:16.855	22331	10601	-94	-83	10	20.18	74.62	3.745
2015-09-09 17:56:32.202	22331	10601	-94	-84	10
2015-09-17 19:21:01.102	22331	10601	-85	-74	10
2015-09-17 20:32:40.47	22331	10601	-85	-75	10	19.75	76.41	3.726
2015-09-17 21:33:15.41	22331	10601	-85	-75	10	18.33	76.94	3.725
2015-09-17 22:14:12.242	22331	10601	-85	-75	10
2015-09-17 23:20:15.183	22331	10601	-82	-75	10	17.2	76.86	3.728
2015-09-18 00:23:14.078	22331	10601	-85	-75	10	16.61	76.97	3.724
2015-09-18 01:25:42.224	22331	10601	-85	-75	10	15.79	77.37	3.723
2015-09-18 03:14:39.846	22331	10601	-85	-74	10
2015-09-18 04:33:37.53	22331	10601	-85	-76	10	14.61	77.49	3.72
2015-09-18 04:54:05.67	22331	10601	-85	-75	10	14.5	77.47	3.72
2015-09-18 06:06:01.771	22331	10601	-88	-78	10	14.14	77.54	3.719
2015-09-18 06:53:50.731	22331	10601	-88	-77	10
2015-09-18 12:01:19.235	22331	10601	-85	-77	10
2015-09-18 12:01:55.071	22331	10601	-85	-75	10	26.33	69.25	3.723
2015-09-18 12:39:16.554	22331	10601	-85	-74	10	27.24	69.18	3.725
2015-09-18 14:55:21.423	22331	10601	-85	-78	10	28.44	70.15	3.73
2015-09-18 15:52:57.832	22331	10601	-91	-75	10	28.61	70.09	3.731
2015-09-18 16:38:07.24	22331	10601	-88	-73	10	27.97	71.1	3.731
2015-09-18 18:39:21.687	22331	10601	-85	-76	10	23.42	74.88	3.729
2015-09-18 20:20:08.762	22331	10601	-85	-77	10	20.46	76.02	3.726
2015-09-18 20:52:28.606	22331	10601	-85	-76	10	19.82	76.16	3.728
2015-09-18 22:40:15.938	22331	10601	-88	-77	10	19.36	75.55	3.726
2015-09-19 00:13:01.623	22331	10601	-85	-76	10
2015-09-19 00:53:26.586	22331	10601	-85	-76	10	18.92	75.39	3.726
2015-09-19 02:01:24.818	22331	10601	-85	-75	10	18.83	75.5	3.725
2015-09-19 02:53:37.639	22331	10601	-85	-74	10	18.17	76.08	3.723
2015-09-19 03:22:30.779	22331	10601	-85	-76	10	18.47	75.54	3.725
2015-09-19 05:50:03.579	22331	10601	-85	-75	10	17.82	75.75	3.721
2015-09-23 14:53:30.747	22331	10601	-88	-76	10	25.04	71.04	3.709
2015-09-28 16:21:34.286	22331	10601	-91	-80	10	21.64	72.47	3.688
2015-09-28 16:57:32.886	22331	10601	-91	-80	10	20.75	74.08	3.693
2015-09-28 17:21:05.57	22331	10601	-91	-80	10	20.74	74.02	3.69
2015-09-28 17:47:04.434	22331	10601	-91	-80	10
2015-09-28 17:52:17.81	22331	10601	-91	-80	10	20.56	74.26	3.69
2015-09-28 18:02:17.779	22331	10601	-91	-79	10
2015-09-28 18:40:10.991	22331	10601	-88	-80	10	20.18	74.62	3.69
2015-09-28 19:06:52.938	22331	10601	-88	-79	10	19.89	74.8	3.692
2015-09-28 19:36:28.727	22331	10601	-91	-79	10	19.67	75.0	3.692
2015-09-28 19:55:48.782	22331	10601	-91	-79	10	19.54	75.06	3.692
2015-09-28 20:36:20.342	22331	10601	-88	-79	10	19.4	75.06	3.691
2015-09-28 20:55:31.07	22331	10601	-91	-79	10
2015-09-28 20:57:51.04	22331	10601	-91	-79	10	19.38	75.05	3.691
2015-09-28 21:24:42.834	22331	10601	-88	-80	10	19.35	75.04	3.691
2015-09-28 22:07:26.226	22331	10601	-88	-80	10	19.32	75.04	3.692
2015-09-28 22:10:23.099	22331	10601	-91	-80	10
2015-09-28 22:32:36.939	22331	10601	-91	-80	10	19.18	75.17	3.691
2015-09-28 22:55:06.979	22331	10601	-91	-80	10	19.0	75.3	3.691
2015-09-28 23:34:04.626	22331	10601	-91	-80	10	18.64	75.57	3.691
2015-09-28 23:48:42.571	22331	10601	-91	-80	10
2015-09-29 00:03:43.046	22331	10601	-91	-79	10	18.58	75.53	3.691
2015-09-29 00:32:49.527	22331	10601	-91	-79	10	18.68	75.36	3.69
2015-09-29 00:59:52.43	22331	10601	-91	-79	10	18.64	75.38	3.677
2015-09-29 01:22:14.183	22331	10601	-88	-80	10	18.68	75.31	3.688
2015-09-29 02:03:54.05	22331	10601	-91	-80	10	18.65	75.33	3.69
2015-09-29 02:33:43.47	22331	10601	-88	-79	10
2015-09-29 02:39:29.75	22331	10601	-88	-79	10	18.68	75.34	3.69
2015-09-29 02:41:54.87	22331	10601	-91	-79	10
2015-09-29 02:57:28.727	22331	10601	-91	-80	10	18.64	75.39	3.69
2015-09-29 03:30:52.966	22331	10601	-88	-78	10	18.54	75.47	3.692
2015-09-29 04:02:11.278	22331	10601	-88	-79	10	18.47	75.51	3.691
2015-09-29 04:34:06.906	22331	10601	-91	-79	10	18.32	75.61	3.692
2015-09-29 05:03:08.75	22331	10601	-88	-79	10	18.22	75.7	3.692
2015-09-29 05:26:07.198	22331	10601	-88	-79	10	18.1	75.81	3.69
2015-09-29 05:35:06.546	22331	10601	-88	-78	10
2015-09-29 05:57:21.255	22331	10601	-88	-79	10	18.07	75.75	3.69
2015-09-29 06:26:44.339	22331	10601	-88	-78	10	18.21	75.62	3.69
2015-09-29 06:57:03.367	22331	10601	-88	-79	10
2015-09-29 07:03:42.811	22331	10601	-88	-80	10	18.29	75.53	3.692
2015-09-29 07:21:13.911	22331	10601	-88	-79	10	18.33	75.51	3.691
2015-09-29 08:01:57.283	22331	10601	-91	-83	10	18.43	75.48	3.693
2015-09-29 08:28:18.57	22331	10601	-94	-83	10
2015-09-29 08:29:46.602	22331	10601	-94	-83	10	18.61	75.32	3.691
2015-09-29 09:09:39.062	22331	10601	-91	-82	10	19.02	75.01	3.692
2015-09-29 09:30:38.33	22331	10601	-91	-82	10	19.36	74.7	3.691
2015-09-29 10:07:25.623	22331	10601	-91	-80	10	19.86	74.39	3.692
2015-09-29 10:31:42.134	22331	10601	-94	-87	10	19.85	74.53	3.691
2015-09-29 10:52:51.931	22331	10601	-94	-87	10	19.93	74.62	3.693
2015-09-30 09:03:11.15	22331	10601	-94	-87	21	15.46	77.82	3.674
2015-09-30 12:09:40.35	22331	10601	-94	-83	24	15.56	77.5	3.67
2015-09-30 13:20:19.635	22331	10601	-94	-85	24
2015-09-30 14:59:06.606	22331	10601	-91	-84	23	16.15	76.96	3.674
2015-09-30 16:27:35.411	22331	10601	-91	-78	22	16.72	76.73	3.675
2015-09-30 16:50:08.978	22331	10601	-88	-80	20	16.47	77.15	3.674
2015-09-30 19:06:45.246	22331	10601	-88	-78	13
2015-09-30 19:11:20.282	22331	10601	-88	-78	13	14.97	78.43	3.676
2015-09-30 19:40:06.422	22331	10601	-88	-78	11	14.65	78.57	3.675
2015-09-30 20:26:30.49	22331	10601	-88	-77	10	14.32	78.65	3.677
2015-09-30 22:20:37.006	22331	10601	-91	-79	10	13.53	78.94	3.671
2015-09-30 22:26:52.834	22331	10601	-88	-79	10
2015-09-30 23:05:35.786	22331	10601	-88	-76	10	13.29	79.01	3.671
2015-09-30 23:30:33.398	22331	10601	-91	-80	10	13.06	79.09	3.671
2015-10-01 00:01:17.242	22331	10601	-85	-77	10	12.79	79.21	3.669
2015-10-01 00:53:07.766	22331	10601	-88	-76	10
2015-10-01 01:21:15.466	22331	10601	-85	-76	10	12.39	79.17	3.666
2015-10-01 01:53:31.423	22331	10601	-85	-76	10	12.24	79.26	3.665
2015-10-01 02:30:35.727	22331	10601	-85	-76	10	12.14	79.26	3.668
2015-10-01 04:08:18.227	22331	10601	-85	-76	10	11.86	79.28	3.664
2015-10-01 05:10:04.454	22331	10601	-85	-75	10	11.61	79.33	3.665
2015-10-01 05:35:41.131	22331	10601	-85	-75	10	11.49	79.42	3.665
2015-10-01 06:06:19.395	22331	10601	-88	-76	10	11.39	79.43	3.665
2015-10-01 07:13:30.498	22331	10601	-88	-78	10
2015-10-01 07:23:59.315	22331	10601	-85	-77	10	11.02	79.54	3.664
2015-10-01 07:54:52.899	22331	10601	-85	-76	10	11.0	79.49	3.664
2015-10-01 09:33:07.011	22331	10601	-85	-76	10
2015-10-01 10:25:42.862	22331	10601	-85	-76	10	12.38	77.93	3.66
2015-10-01 10:54:34.806	22331	10601	-85	-79	10	13.38	76.82	3.664
2015-10-01 11:38:41.547	22331	10601	-85	-73	10	14.47	76.04	3.663
2015-10-01 11:58:09.035	22331	10601	-85	-74	10	14.86	75.88	3.665
2015-10-01 12:25:55.694	22331	10601	-88	-75	10
2015-10-01 12:34:19.871	22331	10601	-85	-76	10	16.07	74.79	3.666
2015-10-01 13:41:00.511	22331	10601	-85	-76	10	16.72	75.24	3.666
2015-10-01 14:05:42.086	22331	10601	-85	-74	10	17.11	75.4	3.669
2015-10-01 14:26:30.25	22331	10601	-88	-74	10	17.5	75.15	3.669
2015-10-01 15:00:33.75	22331	10601	-88	-76	10	17.93	75.19	3.67
2015-10-01 15:19:07.995	22331	10601	-88	-74	10
2015-10-01 15:39:56.816	22331	10601	-88	-79	10	18.22	75.35	3.671
2015-10-01 15:56:10.826	22331	10601	-88	-76	10	18.45	75.13	3.674
2015-10-01 16:00:09.219	22331	10601	-88	-76	10
2015-10-01 16:40:39.422	22331	10601	-88	-78	10	17.67	76.46	3.674
2015-10-01 17:06:16.146	22331	10601	-88	-78	10	17.43	76.85	3.674
2015-10-01 17:22:41.295	22331	10601	-88	-78	10	17.14	76.87	3.673
2015-10-01 17:54:40.262	22331	10601	-88	-77	10	16.82	77.3	3.663
2015-10-01 18:12:20.038	22331	10601	-88	-77	10
2015-10-01 18:38:22.406	22331	10601	-85	-77	10	16.18	77.84	3.664
2015-10-01 19:11:41.05	22331	10601	-88	-77	10	15.25	78.65	3.664
2015-10-01 19:38:51.291	22331	10601	-85	-77	10	14.81	78.91	3.665
2015-10-01 20:02:48.822	22331	10601	-85	-76	10	14.56	78.83	3.662
2015-10-01 20:21:15.934	22331	10601	-88	-77	10	14.39	78.87	3.674
2015-10-01 20:23:28.586	22331	10601	-88	-76	10
2015-10-01 20:57:09.794	22331	10601	-88	-76	10	14.14	78.87	3.663
2015-10-01 21:05:32.231	22331	10601	-85	-76	10
2015-10-01 21:40:56.422	22331	10601	-88	-77	10	13.46	79.27	3.663
2015-10-01 22:02:50.043	22331	10601	-85	-77	10	13.31	79.29	3.662
2015-10-01 22:30:52.983	22331	10601	-88	-76	10	13.29	79.11	3.662
2015-10-01 22:55:48.643	22331	10601	-85	-77	10	13.2	79.04	3.658
2015-10-01 23:40:43.543	22331	10601	-88	-75	10	12.46	79.48	3.656
2015-10-01 23:58:44.203	22331	10601	-85	-77	10
2015-10-02 00:37:13.774	22331	10601	-85	-76	10	11.58	79.82	3.662
2015-10-02 00:46:47.222	22331	10601	-82	-77	10
2015-10-02 00:50:06.471	22331	10601	-88	-76	10	11.43	79.86	3.662
2015-10-02 02:28:50.058	22331	10601	-85	-77	10	9.95	80.36	3.659
2015-10-02 02:51:55.954	22331	10601	-85	-75	10
2015-10-02 02:58:16.383	22331	10601	-88	-75	10	9.82	80.26	3.663
2015-10-02 04:40:29.467	22331	10601	-85	-76	10	9.0	80.42	3.663
2015-10-03 02:50:20.863	22331	10601	-91	-79	10	6.49	80.82	3.654
2015-10-11 14:34:57.111	22331	10601	-85	-78	10	20.53	75.52	3.629
2015-10-21 15:05:09.082	22331	10601	-88	-76	10	23.24	72.03	3.592
