result_time	node_id	parent_id	stats_frssi	stats_brssi	etx	temperature	humidity	voltage
2014-12-03 19:33:08.518	10201	10301	-94	-94	15
2014-12-04 04:13:06.958	10201	10301	-94	-94	28
2014-12-04 04:38:09.354	10201	10301	-94	-94	26	-3.6	73.16	2.65
2014-12-04 04:53:07.982	10201	10301	-94	-94	26	-3.66	73.17	2.65
2014-12-04 05:23:07.779	10201	10301	-94	-97	25	-3.71	73.3	2.65
2014-12-04 05:33:14.855	10201	10301	-94	-94	25
2014-12-04 06:08:07.655	10201	10301	-94	-94	23	-3.56	73.43	2.65
2014-12-04 12:23:07.47	10201	10301	-94	-94	16	2.15	73.26	2.644
2014-12-04 14:33:06.535	10201	10301	-94	-94	13
2014-12-04 14:53:12.479	10201	10301	-94	-94	13	2.46	72.24	2.644
2014-12-04 15:08:06.239	10201	10301	-94	-97	14	2.32	72.23	2.65
2014-12-04 16:03:13.958	10201	10301	-94	-94	13
2014-12-04 16:23:08.158	10201	10301	-94	-94	16	1.51	72.17	2.65
2014-12-04 16:38:08.09	10201	10301	-94	-97	19	1.24	72.02	2.65
2014-12-04 17:03:09.187	10201	10301	-94	-94	19
2014-12-04 17:08:12.095	10201	10301	-94	-94	18	0.04	71.63	2.65
2014-12-04 17:23:08.087	10201	10301	-94	-97	21	-0.39	71.84	2.65
2014-12-04 17:38:08.062	10201	10301	-94	-97	23	-0.79	71.88	2.65
2014-12-04 18:03:05.75	10201	10301	-94	-94	23
2014-12-04 18:38:07.362	10201	10301	-94	-97	23	-1.79	72.27	2.65
2014-12-04 18:53:06.082	10201	10301	-94	-94	21
2014-12-04 19:33:08.173	10201	10301	-94	-94	21
2014-12-04 19:38:15.099	10201	10301	-94	-97	20	-2.5	72.75	2.65
2014-12-05 03:53:06.671	10201	10301	-94	-94	25	-0.98	73.28	2.65
2014-12-05 04:03:08.363	10201	10301	-94	-97	25
2014-12-05 04:13:08.242	10201	10301	-94	-94	25
2014-12-05 04:23:10.635	10201	10301	-94	-97	25	-0.82	73.27	2.65
2014-12-05 05:33:07.787	10201	10301	-94	-94	25
2014-12-05 06:08:08.547	10201	10301	-94	-97	25	-0.61	73.11	2.65
2014-12-05 06:38:12.492	10201	10301	-94	-94	24	-0.43	73.15	2.65
2014-12-05 07:23:09.51	10201	10301	-94	-94	30	-0.11	73.16	2.65
2014-12-05 07:33:13.667	10201	10301	-94	-97	30
2014-12-05 09:33:07.347	10201	10301	-94	-94	35
2014-12-05 10:03:08.082	10201	10301	-94	-94	35
2014-12-05 10:08:06.249	10201	10301	-94	-97	34	2.07	73.24	2.65
2014-12-05 10:53:11.258	10201	10301	-94	-94	31	2.6	72.97	2.631
2014-12-05 11:03:05.371	10201	10301	-94	-97	30
2014-12-05 11:08:06.367	10201	10301	-94	-94	30	2.7	72.89	2.65
2014-12-05 11:23:09.366	10201	10301	-94	-97	30	2.81	72.84	2.65
2014-12-06 08:23:09.37	10201	10301	-94	-94	20	4.5	72.26	2.644
2014-12-06 08:33:07.066	10201	10301	-94	-97	20
2014-12-06 08:38:11.314	10201	10301	-94	-97	20	4.43	72.33	2.644
2014-12-06 08:53:21.399	10201	10301	-94	-97	41	4.33	72.33	2.644
2014-12-06 09:08:07.226	10201	10301	-94	-97	74	4.32	72.35	2.644
2014-12-08 05:53:04.142	10201	10301	-94	-94	10	-2.0	73.95	2.644
2014-12-08 06:03:06.855	10201	10301	-94	-97	11
2014-12-08 06:08:07.107	10201	10301	-94	-97	14	-2.06	73.92	2.644
2014-12-08 06:13:04.171	10201	10301	-94	-97	15
2014-12-08 06:23:04.895	10201	10301	-94	-94	15	-2.1	73.83	2.644
2014-12-08 06:33:03.123	10201	10301	-94	-97	19
2014-12-08 06:38:07.142	10201	10301	-94	-97	18	-2.21	73.86	2.644
2014-12-08 07:33:14.034	10201	10301	-94	-97	30
2014-12-08 08:33:09.458	10201	10301	-94	-94	37
2014-12-08 08:38:06.002	10201	10301	-94	-97	43	-1.66	74.51	2.644
2014-12-08 08:53:08.03	10201	10301	-94	-94	43	-1.38	74.64	2.644
2014-12-09 07:33:02.199	10201	10301	-94	-94	10
2014-12-09 07:33:02.211	10201	10301	-94	-97	10
2014-12-09 07:38:04.367	10201	10301	-94	-97	10	-1.35	73.62	2.644
2014-12-09 07:53:05.342	10201	10301	-94	-97	10	-1.28	74.08	2.644
2014-12-09 08:03:02.89	10201	10301	-94	-94	10
2014-12-09 08:08:05.651	10201	10301	-94	-97	10	-1.0	74.38	2.644
2014-12-10 02:53:10.178	10201	10301	-94	-94	36	2.32	73.67	2.637
2014-12-10 11:53:10.043	10201	10301	-94	-94	30	0.03	74.04	2.644
2014-12-10 12:13:06.212	10201	10301	-94	-97	30
2014-12-10 23:23:05.122	10201	10301	-94	-94	10	-1.61	74.47	2.644
2014-12-11 00:08:07.026	10201	10301	-94	-94	10	-1.74	74.49	2.644
2014-12-11 00:13:07.622	10201	10301	-94	-97	10
2014-12-11 01:38:06.467	10201	10301	-94	-97	14	-2.06	74.48	2.644
2014-12-11 03:53:02.319	10201	10301	-94	-94	10	-2.48	74.6	2.644
2014-12-11 10:38:03.551	10201	10301	-94	-94	13	-3.02	75.11	2.644
2014-12-11 13:03:03.071	10201	10301	-94	-94	20
2014-12-11 14:33:02.699	10201	10301	-94	-97	11
2014-12-11 19:53:03.687	10201	10301	-94	-94	10	-0.61	74.49	2.637
2014-12-11 23:23:14.075	10201	10301	-94	-94	10	-0.59	74.47	2.644
2014-12-11 23:33:04.61	10201	10301	-94	-94	10
2014-12-11 23:38:14.475	10201	10301	-94	-94	10	-0.59	74.44	2.637
2014-12-12 02:23:03.35	10201	10301	-94	-94	10	-1.07	74.34	2.644
2014-12-12 04:23:03.615	10201	10301	-94	-94	10	-1.32	74.41	2.637
2014-12-12 04:33:02.023	10201	10301	-94	-94	10
2014-12-12 11:33:01.494	10201	10301	-94	-94	10
2014-12-12 11:53:02.878	10201	10301	-94	-97	10	0.2	74.71	2.637
2014-12-12 12:08:03.899	10201	10301	-94	-94	10	0.38	74.89	2.637
2014-12-12 12:33:02.003	10201	10301	-94	-94	10
2014-12-12 12:53:02.87	10201	10301	-94	-94	10
2014-12-12 13:03:05.806	10201	10301	-94	-97	10
2014-12-12 13:08:12.967	10201	10301	-94	-97	10	0.42	74.26	2.637
2014-12-12 13:23:07.478	10201	10301	-94	-97	12	0.4	74.51	2.637
2014-12-12 13:33:02.663	10201	10301	-94	-94	11
2014-12-12 13:38:04.423	10201	10301	-91	-97	11	0.57	74.49	2.637
2014-12-12 13:53:03.098	10201	10301	-94	-94	11	0.56	74.37	2.637
2014-12-12 14:23:04.878	10201	10301	-94	-94	11	0.49	74.38	2.637
2014-12-12 14:38:01.918	10201	10301	-94	-97	11	0.57	74.47	2.637
2014-12-12 15:08:04.583	10201	10301	-94	-94	10	0.53	74.29	2.637
2014-12-12 15:33:03.915	10201	10301	-94	-94	11
2014-12-12 15:38:03.915	10201	10301	-94	-97	11	0.33	74.25	2.637
2014-12-12 16:08:03.911	10201	10301	-94	-94	11	0.0	74.08	2.637
2014-12-12 20:13:00.791	10201	10301	-94	-94	28
2014-12-12 22:08:01.026	10201	10301	-94	-94	26	-1.7	74.58	2.637
2014-12-12 22:23:02.034	10201	10301	-94	-94	24	-1.75	74.54	2.644
2014-12-12 22:33:00.062	10201	10301	-94	-97	24
2014-12-12 22:38:00.966	10201	10301	-94	-97	22	-1.84	74.55	2.637
2014-12-12 22:53:01.986	10201	10301	-94	-94	22
2014-12-12 22:53:02.026	10201	10301	-94	-97	22	-1.88	74.56	2.637
2014-12-12 23:23:01.146	10201	10301	-94	-94	21	-1.98	74.59	2.637
2014-12-12 23:38:01.959	10201	10301	-94	-97	21	-2.03	74.58	2.637
2014-12-13 00:03:02.61	10201	10301	-94	-94	19
2014-12-13 00:08:00.887	10201	10301	-94	-97	19	-2.11	74.63	2.637
2014-12-13 02:08:03.566	10201	10301	-94	-94	11	-2.14	74.79	2.637
2014-12-13 04:53:02.746	10201	10301	-94	-94	10	-2.07	74.71	2.637
2014-12-13 05:08:00.687	10201	10301	-94	-97	10	-2.14	74.68	2.637
2014-12-13 05:33:00.847	10201	10301	-94	-94	10
2014-12-13 08:08:01.263	10201	10301	-94	-94	10	-2.46	74.83	2.637
2014-12-13 08:38:01.903	10201	10301	-94	-94	10	-2.48	74.77	2.637
2014-12-13 09:08:02.698	10201	10301	-97	-94	10	-2.39	74.99	2.637
2014-12-13 09:23:01.171	10201	10301	-94	-97	14	-2.38	74.94	2.637
2014-12-13 13:33:05.028	10201	10301	-94	-94	12
2014-12-13 16:23:02.123	10201	10301	-94	-94	11	-0.48	74.76	2.637
2014-12-13 17:38:06.37	10201	10301	-94	-94	11	-0.39	74.73	2.637
2014-12-18 00:37:56.63	10201	10301	-91	-94	12	-2.2	76.01	2.637
2014-12-18 02:37:56.699	10201	10301	-94	-94	12	-2.43	76.31	2.637
2014-12-18 02:53:00.754	10201	10301	-94	-97	12	-2.46	76.31	2.637
2014-12-18 03:02:55.006	10201	10301	-94	-97	12
2014-12-18 04:37:59.427	10201	10301	-94	-94	11	-2.61	76.37	2.637
2014-12-18 20:32:56.111	10201	10301	-94	-94	11
2014-12-18 21:02:58.644	10201	10301	-94	-94	11
2014-12-18 21:22:56.463	10201	10301	-94	-94	12	-2.48	76.4	2.637
2014-12-18 21:32:54.852	10201	10301	-94	-97	15
2014-12-18 21:32:54.867	10201	10301	-94	-97	15
2014-12-18 21:52:55.715	10201	10301	-94	-97	15	-2.5	76.44	2.637
2014-12-18 23:03:01.364	10201	10301	-94	-94	14
2014-12-18 23:32:54.511	10201	10301	-94	-94	19
2014-12-18 23:32:54.534	10201	10301	-94	-97	19
2014-12-18 23:37:58.167	10201	10301	-94	-97	19	-2.66	76.46	2.637
2014-12-19 01:52:55.251	10201	10301	-94	-94	13	-2.78	76.43	2.637
2014-12-19 02:07:55.275	10201	10301	-94	-97	13	-2.82	76.42	2.637
2014-12-19 02:12:54.475	10201	10301	-94	-97	13
2014-12-19 02:22:56.246	10201	10301	-94	-94	13	-2.84	76.44	2.637
2014-12-19 02:52:56.207	10201	10301	-94	-94	12
2014-12-19 02:52:56.219	10201	10301	-94	-97	12	-2.85	76.51	2.637
2014-12-19 03:02:54.474	10201	10301	-94	-97	12
2014-12-19 03:07:56.774	10201	10301	-94	-94	11	-2.85	76.55	2.637
2014-12-19 03:22:55.194	10201	10301	-94	-97	11	-2.85	76.51	2.637
2014-12-19 03:32:59.534	10201	10301	-94	-97	12
2014-12-19 03:32:59.55	10201	10301	-94	-97	15
2014-12-19 03:37:57.227	10201	10301	-94	-97	15	-2.85	76.51	2.637
2014-12-19 04:22:55.13	10201	10301	-94	-97	19	-2.84	76.56	2.637
2014-12-19 04:32:57.45	10201	10301	-94	-97	18
2014-12-19 04:37:55.475	10201	10301	-94	-97	18	-2.84	76.56	2.637
2014-12-19 04:52:58.247	10201	10301	-94	-97	18
2014-12-19 04:52:58.411	10201	10301	-94	-97	18	-2.84	76.53	2.637
2014-12-19 05:07:57.099	10201	10301	-94	-97	18	-2.82	76.52	2.637
2014-12-19 05:22:59.138	10201	10301	-94	-97	16	-2.84	76.56	2.637
2014-12-19 05:32:56.491	10201	10301	-94	-97	19
2014-12-19 05:37:59.623	10201	10301	-94	-97	19	-2.82	76.54	2.637
2014-12-19 05:52:55.123	10201	10301	-94	-97	19	-2.81	76.59	2.637
2014-12-19 06:02:55.718	10201	10301	-94	-97	18
2014-12-19 06:07:55.023	10201	10301	-94	-97	18	-2.78	76.62	2.637
2014-12-19 06:22:56.026	10201	10301	-94	-94	18	-2.75	76.62	2.637
2014-12-19 06:32:56.259	10201	10301	-94	-97	17
2014-12-19 06:37:55.059	10201	10301	-94	-97	17	-2.75	76.62	2.637
2014-12-19 06:52:56.075	10201	10301	-94	-94	16
2014-12-19 06:52:56.091	10201	10301	-94	-97	16	-2.73	76.63	2.637
2014-12-19 07:02:54.398	10201	10301	-94	-97	16
2014-12-19 07:22:56.042	10201	10301	-94	-97	16	-2.68	76.64	2.637
2014-12-19 07:32:56.315	10201	10301	-94	-97	15
2014-12-19 07:32:56.354	10201	10301	-94	-97	15
2014-12-19 07:37:57.991	10201	10301	-94	-97	15	-2.64	76.65	2.637
2014-12-19 07:52:56.098	10201	10301	-94	-94	16	-2.63	76.65	2.637
2014-12-19 08:02:58.919	10201	10301	-94	-97	16
2014-12-19 08:07:57.259	10201	10301	-94	-94	15	-2.57	76.69	2.637
2014-12-19 08:32:56.698	10201	10301	-94	-97	18
2014-12-19 08:52:58.003	10201	10301	-94	-94	18
2014-12-19 08:52:58.018	10201	10301	-94	-97	18	-2.39	76.7	2.637
2014-12-19 09:02:56.298	10201	10301	-94	-97	18
2014-12-19 09:07:56.003	10201	10301	-94	-97	18	-2.32	76.79	2.637
2014-12-19 09:22:56.93	10201	10301	-94	-97	18	-2.2	76.82	2.637
2014-12-19 09:32:56.183	10201	10301	-94	-97	18
2014-12-19 09:32:56.199	10201	10301	-94	-97	18
2014-12-19 09:37:56.279	10201	10301	-94	-97	18	-2.06	76.89	2.637
2014-12-19 23:32:56.363	10201	10301	-94	-94	10
2014-12-19 23:32:56.375	10201	10301	-94	-97	11
2014-12-19 23:52:54.975	10201	10301	-94	-94	11	-2.11	76.43	2.637
2014-12-20 00:37:57.106	10201	10301	-94	-94	10	-2.25	76.4	2.637
2014-12-20 01:02:54.246	10201	10301	-94	-94	10
2014-12-20 01:07:55.063	10201	10301	-94	-97	10	-2.39	76.47	2.637
2014-12-20 01:32:55.163	10201	10301	-94	-94	10
2014-12-20 01:32:55.179	10201	10301	-94	-97	10
2014-12-20 01:52:56.09	10201	10301	-94	-94	10	-2.5	76.54	2.637
2014-12-20 02:07:55.166	10201	10301	-94	-97	10	-2.53	76.53	2.637
2014-12-20 02:12:57.171	10201	10301	-94	-94	10
2014-12-20 02:32:54.195	10201	10301	-94	-97	10
2014-12-20 03:07:55.995	10201	10301	-94	-94	10	-2.78	76.43	2.637
2014-12-20 03:32:55.058	10201	10301	-94	-94	10
2014-12-20 03:52:59.078	10201	10301	-94	-94	10	-3.1	76.36	2.637
2014-12-20 04:02:54.614	10201	10301	-94	-97	11
2014-12-20 04:22:54.899	10201	10301	-94	-97	11	-3.57	76.18	2.637
2014-12-20 04:32:55.183	10201	10301	-94	-97	11
2014-12-20 05:02:55.155	10201	10301	-94	-97	11
2014-12-20 05:22:56.963	10201	10301	-94	-94	10	-3.66	76.73	2.637
2014-12-20 05:37:55.862	10201	10301	-94	-97	11	-3.61	76.76	2.637
2014-12-20 06:02:55.538	10201	10301	-94	-94	11
2014-12-20 06:07:55.85	10201	10301	-94	-97	11	-3.56	76.8	2.637
2014-12-20 06:12:56.894	10201	10301	-94	-97	11
2014-12-20 06:52:54.827	10201	10301	-94	-94	12
2014-12-20 07:03:01.843	10201	10301	-94	-94	11
2014-12-20 07:32:55.807	10201	10301	-94	-94	14
2014-12-20 07:32:55.823	10201	10301	-94	-97	17
2014-12-20 08:33:00.799	10201	10301	-94	-94	16
2014-12-20 09:22:55.751	10201	10301	-94	-94	16	-2.96	77.33	2.637
2014-12-20 09:32:54.795	10201	10301	-94	-97	19
2014-12-20 10:02:55.395	10201	10301	-94	-94	18
2014-12-20 10:52:56.739	10201	10301	-94	-94	18
2014-12-20 11:22:54.626	10201	10301	-94	-94	16	1.11	77.9	2.637
2014-12-20 12:12:56.695	10201	10301	-94	-94	16
2014-12-20 12:22:54.566	10201	10301	-94	-94	16	1.47	79.36	2.637
2014-12-20 12:52:57.679	10201	10301	-94	-94	15
2014-12-20 13:22:56.027	10201	10301	-94	-97	16	2.29	76.62	2.637
2014-12-20 13:32:57.155	10201	10301	-94	-97	16
2014-12-20 13:37:54.439	10201	10301	-94	-97	16	3.18	78.09	2.637
2014-12-20 14:22:56.482	10201	10301	-94	-97	23	3.5	78.91	2.637
2014-12-20 22:33:00.691	10201	10301	-94	-94	12
2014-12-20 23:32:54.443	10201	10301	-94	-94	24
2014-12-20 23:37:54.871	10201	10301	-94	-97	24	-3.18	76.58	2.637
2014-12-21 00:12:53.918	10201	10301	-94	-94	22
2014-12-21 00:37:54.847	10201	10301	-94	-97	22	-3.25	77.01	2.637
2014-12-21 01:02:56.138	10201	10301	-94	-97	22
2014-12-21 01:32:57.059	10201	10301	-94	-94	20
2014-12-21 01:32:57.075	10201	10301	-94	-97	23
2014-12-21 03:07:59.803	10201	10301	-94	-94	21	-3.96	77.16	2.637
2014-12-21 03:22:55.746	10201	10301	-94	-97	21	-3.85	77.16	2.637
2014-12-21 04:52:59.378	10201	10301	-94	-94	20	-3.43	77.09	2.619
2014-12-21 07:02:54.09	10201	10301	-94	-94	24
2014-12-21 07:07:54.599	10201	10301	-94	-97	24	-3.14	76.99	2.637
2014-12-21 08:02:58.262	10201	10301	-94	-94	27
2014-12-21 09:37:59.558	10201	10301	-94	-94	28	-1.46	77.71	2.637
2014-12-21 11:32:59.954	10201	10301	-94	-94	28
2014-12-21 21:02:54.686	10201	10301	-91	-94	22
2014-12-21 21:07:55.815	10201	10301	-94	-97	22	-3.07	76.51	2.637
2014-12-21 22:12:54.811	10201	10301	-94	-94	20
2014-12-21 22:32:54.878	10201	10301	-94	-94	20
2014-12-21 22:52:54.742	10201	10301	-94	-94	20	-3.61	76.79	2.637
2014-12-21 23:07:56.727	10201	10301	-94	-97	20	-3.68	76.8	2.637
2014-12-22 01:32:54.719	10201	10301	-91	-94	17
2014-12-22 01:32:54.734	10201	10301	-94	-97	17
2014-12-22 01:37:54.635	10201	10301	-94	-97	16	-4.53	76.82	2.637
2014-12-22 01:52:54.623	10201	10301	-94	-97	16	-4.61	76.89	2.637
2014-12-22 02:08:00.75	10201	10301	-94	-94	16	-4.64	77.0	2.637
2014-12-22 02:22:55.654	10201	10301	-94	-94	15	-4.71	77.01	2.637
2014-12-22 03:37:55.746	10201	10301	-94	-94	18	-4.95	76.96	2.637
2014-12-22 04:12:53.603	10201	10301	-94	-94	17
2014-12-22 04:37:55.759	10201	10301	-94	-94	17	-5.61	76.88	2.637
2014-12-22 04:52:54.931	10201	10301	-94	-94	16
2014-12-22 12:02:53.95	10201	10301	-94	-94	10
2014-12-22 12:07:56.36	10201	10301	-94	-97	10	2.64	77.74	2.631
2014-12-22 12:22:54.262	10201	10301	-94	-94	10	3.18	77.68	2.631
2014-12-22 12:52:55.419	10201	10301	-94	-94	10
2014-12-22 13:32:56.378	10201	10301	-94	-94	10
2014-12-22 13:32:56.399	10201	10301	-94	-97	10
2014-12-22 13:52:54.135	10201	10301	-94	-97	10	7.49	77.17	2.631
2014-12-22 14:12:54.099	10201	10301	-94	-97	10
2014-12-22 14:52:57.055	10201	10301	-94	-94	10
2014-12-22 15:32:58.167	10201	10301	-94	-97	10
2014-12-22 15:37:56.974	10201	10301	-94	-97	14	7.64	74.86	2.631
2014-12-22 16:07:54.923	10201	10301	-94	-94	17	6.64	74.94	2.631
2014-12-22 22:22:53.778	10201	10301	-94	-94	30	2.21	76.19	2.631
2014-12-22 23:32:59.523	10201	10301	-94	-94	34
2014-12-29 21:37:55.743	10201	10301	-94	-94	11	-2.11	77.89	2.637
2014-12-30 01:07:52.746	10201	10301	-94	-94	13	-4.84	78.4	2.637
2014-12-30 01:22:48.802	10201	10301	-94	-97	13	-4.93	78.37	2.637
2014-12-30 03:32:47.902	10201	10301	-94	-94	12
2014-12-30 10:22:45.162	10201	10301	-94	-94	10	-2.53	84.11	2.631
2014-12-30 10:52:48.13	10201	10301	-94	-97	10
2014-12-30 10:52:48.143	10201	10301	-94	-97	14	0.35	84.84	2.619
2014-12-30 11:22:46.103	10201	10301	-94	-94	13	1.17	83.89	2.631
2014-12-30 11:32:47.256	10201	10301	-94	-97	12
2014-12-30 11:32:47.267	10201	10301	-94	-97	12
2014-12-30 11:37:44.987	10201	10301	-94	-97	12	0.92	82.2	2.631
2014-12-30 12:12:48.39	10201	10301	-94	-94	12
2014-12-30 12:22:45.979	10201	10301	-94	-97	13	1.64	81.59	2.631
2014-12-30 12:52:44.89	10201	10301	-94	-94	12
2014-12-30 13:32:52.263	10201	10301	-94	-94	13
2014-12-30 14:02:44.502	10201	10301	-94	-94	19
2014-12-30 14:12:44.863	10201	10301	-94	-97	19
2014-12-30 14:22:46.942	10201	10301	-94	-97	17	2.5	79.99	2.631
2014-12-30 14:32:52.095	10201	10301	-94	-97	20
2014-12-31 01:22:48.387	10201	10301	-94	-94	12	-7.07	78.93	2.637
2014-12-31 01:32:45.734	10201	10301	-94	-97	12
2014-12-31 12:07:46.343	10201	10301	-94	-94	11	-3.14	81.91	2.631
2014-12-31 12:22:45.094	10201	10301	-94	-97	11	-2.98	81.75	2.631
2014-12-31 12:52:45.034	10201	10301	-94	-97	11
2014-12-31 13:32:45.079	10201	10301	-94	-94	11
2014-12-31 13:52:45.994	10201	10301	-94	-94	11	-1.25	80.09	2.631
2014-12-31 14:22:44.902	10201	10301	-94	-97	11	-1.32	80.78	2.631
2014-12-31 14:37:45.179	10201	10301	-94	-94	11	-0.98	80.86	2.631
2014-12-31 14:52:50.907	10201	10301	-94	-94	11	-0.78	80.15	2.631
2014-12-31 15:02:45.142	10201	10301	-94	-97	18
2014-12-31 15:07:44.838	10201	10301	-94	-97	18	-1.32	78.45	2.631
2014-12-31 15:32:46.274	10201	10301	-94	-94	18
2014-12-31 17:02:48.027	10201	10301	-94	-94	17
2014-12-31 17:07:45.967	10201	10301	-94	-97	16	-4.78	78.11	2.631
2015-01-01 10:32:45.771	10201	10301	-94	-94	11
2015-01-01 11:02:45.702	10201	10301	-94	-97	11
2015-01-01 12:32:45.766	10201	10301	-94	-94	11
2015-01-01 12:52:51.243	10201	10301	-94	-97	11	2.11	82.32	2.625
2015-01-01 13:32:46.379	10201	10301	-94	-94	11
2015-01-01 13:32:46.402	10201	10301	-94	-97	11
2015-01-01 13:37:46.106	10201	10301	-94	-94	11	3.28	80.75	2.631
2015-01-01 13:52:45.136	10201	10301	-94	-97	11	2.78	79.03	2.631
2015-01-01 14:02:44.966	10201	10301	-94	-94	11
2015-01-01 15:32:48.474	10201	10301	-94	-94	11
2015-01-01 15:37:49.006	10201	10301	-91	-97	12	2.0	77.23	2.631
2015-01-01 15:52:46.012	10201	10301	-94	-97	12	1.61	77.39	2.631
2015-01-01 16:02:45.49	10201	10301	-94	-94	13
2015-01-01 16:22:45.903	10201	10301	-94	-97	13	1.07	77.51	2.631
2015-01-01 16:32:47.047	10201	10301	-94	-94	13
2015-01-01 16:37:45.898	10201	10301	-94	-97	13	0.89	77.59	2.631
2015-01-01 17:02:46.538	10201	10301	-94	-94	12
2015-01-01 17:32:45.343	10201	10301	-94	-94	12
2015-01-01 17:37:52.921	10201	10301	-94	-97	12	-0.21	77.58	2.631
2015-01-02 05:22:45.239	10201	10301	-94	-94	14	-2.85	78.15	2.631
2015-01-02 05:52:47.271	10201	10301	-94	-94	14	-2.84	78.25	2.631
2015-01-02 06:12:46.091	10201	10301	-94	-94	14
2015-01-02 06:52:51.214	10201	10301	-94	-94	14	-2.52	78.37	2.625
2015-01-02 07:02:46.306	10201	10301	-94	-97	17
2015-01-02 07:22:49.191	10201	10301	-94	-94	17	-2.95	77.99	2.631
2015-01-02 07:32:49.434	10201	10301	-94	-97	17
2015-01-02 07:37:47.759	10201	10301	-94	-94	20	-3.06	78.1	2.631
2015-01-02 07:52:51.194	10201	10301	-94	-97	23	-3.18	78.14	2.619
2015-01-02 08:22:48.139	10201	10301	-94	-94	23	-3.2	78.35	2.631
2015-01-02 14:12:45.914	10201	10301	-94	-94	18
2015-01-02 14:52:47.627	10201	10301	-94	-94	18	4.85	77.58	2.625
2015-01-02 15:32:46.47	10201	10301	-94	-94	17
2015-01-02 15:37:46.487	10201	10301	-94	-97	17	3.43	76.86	2.631
2015-01-02 16:22:45.41	10201	10301	-94	-94	17	2.46	76.95	2.631
2015-01-02 16:32:46.731	10201	10301	-94	-97	17
2015-01-02 16:52:45.459	10201	10301	-94	-94	16
2015-01-02 17:02:44.51	10201	10301	-94	-97	16
2015-01-02 17:07:45.394	10201	10301	-94	-97	16	0.88	76.22	2.631
2015-01-02 17:32:45.082	10201	10301	-94	-94	15
2015-01-02 18:37:45.302	10201	10301	-94	-94	14	-1.53	77.13	2.631
2015-01-02 18:52:46.383	10201	10301	-94	-94	13
2015-01-02 19:32:44.582	10201	10301	-94	-94	13
2015-01-02 20:22:47.195	10201	10301	-94	-94	12	-2.71	77.99	2.631
2015-01-02 20:52:44.143	10201	10301	-94	-94	12
2015-01-02 21:02:44.144	10201	10301	-94	-94	12
2015-01-02 21:07:45.175	10201	10301	-94	-97	12	-2.7	78.37	2.631
2015-01-02 21:32:45.019	10201	10301	-94	-94	11
2015-01-02 21:32:45.035	10201	10301	-94	-97	11
2015-01-02 21:52:45.135	10201	10301	-94	-97	11	-2.95	77.94	2.631
2015-01-02 23:02:48.471	10201	10301	-94	-94	10
2015-01-02 23:22:50.21	10201	10301	-94	-97	10	-3.34	78.3	2.631
2015-01-02 23:32:44.33	10201	10301	-94	-97	17
2015-01-02 23:32:44.35	10201	10301	-94	-97	17
2015-01-03 00:02:52.515	10201	10301	-91	-94	17
2015-01-03 00:22:46.142	10201	10301	-94	-97	24	-3.32	78.42	2.631
2015-01-03 00:32:46.939	10201	10301	-94	-94	22
2015-01-03 00:52:49.106	10201	10301	-94	-97	22	-3.64	78.11	2.625
2015-01-03 01:02:45.386	10201	10301	-94	-94	22
2015-01-03 01:37:48.986	10201	10301	-94	-94	31	-4.04	78.28	2.631
2015-01-03 06:37:47.223	10201	10301	-94	-94	40	-1.71	78.5	2.631
2015-01-03 06:52:44.755	10201	10301	-94	-97	40
2015-01-03 07:02:50.175	10201	10301	-94	-94	40
2015-01-03 08:12:45.778	10201	10301	-94	-94	37
2015-01-03 08:22:48.786	10201	10301	-94	-97	37	-0.96	78.48	2.631
2015-01-05 02:52:42.296	10201	10301	-94	-94	17
2015-01-05 06:52:43.463	10201	10301	-94	-94	17
2015-01-05 07:22:56.219	10201	10301	-94	-94	17	-5.75	77.43	2.631
2015-01-05 07:22:56.77	10201	10301	-94	-94	17	-5.75	77.43	2.631
2015-01-05 07:32:46.738	10201	10301	-94	-97	20
2015-01-05 07:32:46.755	10201	10301	-94	-97	20
2015-01-05 14:37:43.351	10201	10301	-94	-94	12	-5.1	80.27	2.631
2015-01-08 22:07:47.446	10201	10301	-94	-94	14	-10.78	79.86	2.625
2015-01-08 22:37:49.323	10201	10301	-94	-97	14	-10.87	79.75	2.625
2015-01-08 22:52:57.567	10201	10301	-94	-94	14	-10.82	79.78	2.625
2015-01-08 23:02:46.866	10201	10301	-94	-94	14
2015-01-08 23:07:50.931	10201	10301	-94	-97	14	-10.78	79.75	2.625
2015-01-08 23:22:48.818	10201	10301	-94	-94	26	-10.68	79.82	2.625
2015-01-09 12:02:53.926	10201	10301	-94	-94	28
2015-01-09 23:07:48.895	10201	10301	-91	-94	17	-13.86	78.07	2.631
2015-01-09 23:22:47.866	10201	10301	-94	-94	17	-14.16	77.95	2.631
2015-01-09 23:37:49.755	10201	10301	-94	-97	17	-14.33	78.11	2.631
2015-01-10 00:52:48.474	10201	10301	-94	-94	12	-15.5	78.07	2.625
2015-01-10 01:02:48.714	10201	10301	-94	-97	11
2015-01-10 02:12:49.708	10201	10301	-94	-94	11
2015-01-10 02:22:47.982	10201	10301	-94	-97	11	-16.7	78.28	2.631
2015-01-10 03:02:48.947	10201	10301	-94	-94	10
2015-01-10 03:32:51.027	10201	10301	-94	-97	10
2015-01-10 04:37:49.187	10201	10301	-94	-94	10	-17.64	78.89	2.631
2015-01-10 12:07:53.559	10201	10301	-94	-94	13	-7.52	83.51	2.625
2015-01-10 19:37:51.315	10201	10301	-94	-94	10	-11.3	79.54	2.625
2015-01-10 20:52:55.318	10201	10301	-94	-94	34	-11.42	80.63	2.625
2015-01-10 21:02:55.554	10201	10301	-94	-97	34
2015-01-10 22:07:54.435	10201	10301	-94	-94	35	-12.09	79.74	2.625
2015-01-10 22:52:48.959	10201	10301	-94	-94	38
2015-01-10 23:02:52.138	10201	10301	-94	-97	38
2015-01-10 23:22:49.599	10201	10301	-94	-94	33	-12.8	79.18	2.625
2015-01-10 23:32:58.738	10201	10301	-94	-97	33
2015-01-11 00:52:57.623	10201	10301	-94	-94	30	-12.98	79.7	2.625
2015-01-11 01:32:52.551	10201	10301	-94	-94	29
2015-01-11 01:37:50.435	10201	10301	-94	-97	29	-12.82	80.13	2.625
2015-01-11 02:02:50.339	10201	10301	-94	-94	27
2015-01-11 02:07:50.69	10201	10301	-94	-97	27	-12.34	80.46	2.625
2015-01-11 02:22:50.507	10201	10301	-94	-94	25	-12.05	80.59	2.625
2015-01-11 02:52:52.531	10201	10301	-94	-94	24	-11.46	80.62	2.625
2015-01-11 03:07:50.482	10201	10301	-94	-97	24	-11.18	80.56	2.625
2015-01-11 03:32:51.695	10201	10301	-94	-94	24
2015-01-11 03:32:51.733	10201	10301	-94	-97	24
2015-01-11 03:37:54.59	10201	10301	-94	-97	24	-10.75	80.45	2.625
2015-01-11 03:52:50.507	10201	10301	-94	-94	22	-10.49	80.56	2.625
2015-01-11 04:22:51.563	10201	10301	-94	-94	22	-9.92	80.5	2.625
2015-01-11 04:32:50.755	10201	10301	-94	-97	22
2015-01-11 05:02:53.658	10201	10301	-94	-97	22
2015-01-11 05:37:58.567	10201	10301	-94	-97	33	-8.96	80.11	2.625
2015-01-12 08:52:54.12	10201	10301	-94	-94	19	1.0	77.88	2.619
2015-01-12 10:52:51.347	10201	10301	-94	-94	15	2.17	77.8	2.619
2015-01-12 11:22:53.623	10201	10301	-94	-94	14	2.11	77.48	2.619
2015-01-12 12:52:53.654	10201	10301	-94	-94	14	1.83	77.49	2.619
2015-01-12 14:32:54.518	10201	10301	-94	-94	11
2015-01-12 14:37:51.519	10201	10301	-94	-97	11	1.64	77.2	2.619
2015-01-12 20:22:48.831	10201	10301	-94	-94	10	-1.39	77.47	2.625
2015-01-12 20:32:53.259	10201	10301	-94	-97	10
2015-01-12 20:37:54.666	10201	10301	-94	-94	14	-1.6	77.45	2.625
2015-01-12 20:52:49.75	10201	10301	-94	-94	17
2015-01-12 20:52:49.85	10201	10301	-94	-97	17	-1.7	77.59	2.619
2015-01-12 21:02:59.419	10201	10301	-94	-97	17
2015-01-12 21:07:55.771	10201	10301	-94	-97	23	-1.79	77.64	2.625
2015-01-12 21:22:52.819	10201	10301	-94	-97	23	-1.88	77.67	2.625
2015-01-12 21:32:51.566	10201	10301	-94	-94	23
2015-01-12 21:32:55.083	10201	10301	-94	-94	23
2015-01-12 21:32:55.8	10201	10301	-94	-94	23
2015-01-12 21:32:55.815	10201	10301	-94	-97	23
2015-01-12 21:37:53.926	10201	10301	-94	-97	22	-1.92	77.7	2.625
2015-01-12 21:37:58.322	10201	10301	-94	-97	22	-1.92	77.7	2.625
2015-01-12 21:52:55.763	10201	10301	-94	-97	22	-2.04	77.68	2.625
2015-01-12 22:02:50.718	10201	10301	-94	-94	24
2015-01-12 22:07:52.455	10201	10301	-94	-97	24	-2.13	77.73	2.625
2015-01-12 22:12:55.503	10201	10301	-94	-97	24
2015-01-12 22:22:49.835	10201	10301	-94	-97	26	-2.21	77.75	2.619
2015-01-12 22:32:52.87	10201	10301	-91	-94	25
2015-01-12 22:52:50.731	10201	10301	-94	-97	25
2015-01-12 22:52:50.75	10201	10301	-94	-97	25	-2.34	77.82	2.619
2015-01-12 23:07:58.15	10201	10301	-94	-97	22	-2.39	77.86	2.625
2015-01-12 23:22:49.67	10201	10301	-94	-94	18	-2.48	77.86	2.625
2015-01-12 23:32:56.79	10201	10301	-94	-94	18
2015-01-12 23:32:56.81	10201	10301	-94	-97	20
2015-01-12 23:37:50.65	10201	10301	-91	-94	19	-2.53	77.8	2.625
2015-01-12 23:52:57.818	10201	10301	-94	-97	19	-2.64	77.85	2.625
2015-01-13 00:02:51.543	10201	10301	-94	-97	19
2015-01-13 00:07:58.758	10201	10301	-94	-94	19	-2.75	77.78	2.625
2015-01-13 00:12:51.214	10201	10301	-94	-97	34
2015-01-13 00:22:51.695	10201	10301	-94	-97	34	-2.86	77.77	2.625
2015-01-13 00:32:55.679	10201	10301	-94	-97	34
2015-01-13 00:37:51.687	10201	10301	-94	-94	34	-2.99	77.77	2.625
2015-01-13 00:52:51.687	10201	10301	-94	-97	34
2015-01-13 00:52:51.706	10201	10301	-91	-97	33	-3.13	77.72	2.619
2015-01-13 01:02:49.814	10201	10301	-94	-94	30
2015-01-13 01:07:50.714	10201	10301	-94	-97	30	-3.36	77.52	2.625
2015-01-13 01:37:49.731	10201	10301	-94	-94	30	-3.89	77.47	2.625
2015-01-13 01:52:51.739	10201	10301	-94	-97	30	-4.16	77.49	2.625
2015-01-13 02:02:48.707	10201	10301	-94	-97	30
2015-01-13 02:07:51.775	10201	10301	-94	-94	30	-4.46	77.37	2.625
2015-01-13 02:12:49.864	10201	10301	-91	-97	28
2015-01-13 02:22:52.778	10201	10301	-94	-97	28	-5.02	76.92	2.625
2015-01-13 02:32:50.355	10201	10301	-94	-97	27
2015-01-13 02:37:52.61	10201	10301	-94	-94	24	-5.53	76.88	2.625
2015-01-13 06:07:58.387	10201	10301	-94	-97	20	-9.19	77.88	2.625
2015-01-13 06:22:52.23	10201	10301	-94	-97	30	-9.4	77.88	2.625
2015-01-13 06:32:56.899	10201	10301	-94	-97	30
2015-01-13 06:52:51.038	10201	10301	-94	-94	30
2015-01-13 06:52:51.05	10201	10301	-94	-97	28	-9.84	77.91	2.625
2015-01-13 07:07:55.146	10201	10301	-94	-94	26	-10.08	77.86	2.625
2015-01-13 12:52:50.338	10201	10301	-94	-97	20
2015-01-13 12:52:50.353	10201	10301	-94	-97	19	0.25	82.97	2.619
2015-01-13 14:07:51.686	10201	10301	-94	-94	18	0.85	82.04	2.619
2015-01-13 14:12:52.774	10201	10301	-94	-97	18
2015-01-13 14:52:51.55	10201	10301	-94	-94	18
2015-01-13 14:52:51.566	10201	10301	-94	-97	21	1.43	79.7	2.619
2015-01-13 15:02:56.45	10201	10301	-94	-94	19
2015-01-13 15:32:54.662	10201	10301	-94	-97	25
2015-01-13 15:52:49.507	10201	10301	-94	-94	30	-2.11	76.48	2.625
2015-01-13 16:22:52.606	10201	10301	-94	-94	30	-3.53	76.74	2.625
2015-01-13 16:32:48.683	10201	10301	-94	-97	29
2015-01-13 16:37:50.634	10201	10301	-94	-97	29	-3.98	76.92	2.625
2015-01-13 16:52:52.04	10201	10301	-94	-94	27
2015-01-13 17:07:49.839	10201	10301	-94	-94	26	-4.91	77.09	2.625
2015-01-13 20:07:51.479	10201	10301	-94	-94	18	-7.85	78.75	2.625
2015-01-13 20:22:49.522	10201	10301	-94	-94	16	-7.86	78.82	2.625
2015-01-13 20:37:50.546	10201	10301	-94	-97	16	-7.92	78.74	2.625
2015-01-13 20:52:58.006	10201	10301	-94	-94	13
2015-01-13 20:52:58.478	10201	10301	-94	-94	13
2015-01-13 20:52:58.559	10201	10301	-94	-97	13	-8.02	78.8	2.625
2015-01-13 21:22:50.214	10201	10301	-94	-94	10	-8.19	78.72	2.625
2015-01-13 23:32:51.458	10201	10301	-94	-94	10
2015-01-13 23:32:51.478	10201	10301	-94	-97	10
2015-01-14 00:07:51.655	10201	10301	-94	-97	10	-8.9	78.69	2.625
2015-01-14 04:32:49.679	10201	10301	-94	-94	27
2015-01-14 04:52:50.443	10201	10301	-94	-97	34
2015-01-14 05:22:56.254	10201	10301	-94	-94	31	-11.62	77.93	2.625
2015-01-14 05:32:52.482	10201	10301	-94	-97	32
2015-01-14 06:07:50.467	10201	10301	-94	-94	31	-12.05	78.34	2.625
2015-01-14 06:07:52.095	10201	10301	-94	-94	31	-12.05	78.34	2.625
2015-01-14 06:22:50.971	10201	10301	-94	-97	31	-12.1	78.48	2.625
2015-01-14 12:22:52.942	10201	10301	-94	-94	20	-3.7	79.48	2.619
2015-01-14 13:02:52.858	10201	10301	-94	-94	20
2015-01-14 13:32:52.895	10201	10301	-94	-94	19
2015-01-14 13:32:52.907	10201	10301	-94	-97	19
2015-01-14 13:37:52.03	10201	10301	-94	-97	18	-3.1	79.18	2.619
2015-01-14 14:07:50.911	10201	10301	-94	-97	18	-3.11	78.65	2.619
2015-01-14 14:22:50.946	10201	10301	-94	-94	17	-3.04	78.87	2.619
2015-01-14 14:32:51.817	10201	10301	-94	-97	17
2015-01-14 14:52:55.463	10201	10301	-94	-94	16	-2.89	78.56	2.619
2015-01-14 15:02:51.846	10201	10301	-94	-97	19
2015-01-14 15:07:56.442	10201	10301	-94	-97	19	-2.68	78.75	2.619
2015-01-15 08:32:50.519	10201	10301	-94	-94	11
2015-01-15 09:02:50.438	10201	10301	-94	-97	12
2015-01-15 09:22:51.082	10201	10301	-94	-94	11	-6.34	79.71	2.619
2015-01-15 09:33:01.235	10201	10301	-94	-97	17
2015-01-15 15:52:52.687	10201	10301	-94	-94	32	1.9	76.32	2.619
2015-01-15 20:02:50.011	10201	10301	-94	-94	43
2015-01-15 20:07:54.655	10201	10301	-94	-94	39	-3.98	77.78	2.625
2015-01-15 21:02:51.162	10201	10301	-94	-94	40
2015-01-15 21:22:52.326	10201	10301	-94	-97	40	-3.43	78.55	2.619
2015-01-15 22:32:50.375	10201	10301	-94	-94	35
2015-01-15 23:32:55.695	10201	10301	-94	-94	32
2015-01-15 23:52:51.255	10201	10301	-94	-94	31	-2.5	78.18	2.619
2015-01-16 00:07:50.958	10201	10301	-94	-94	30	-2.48	78.19	2.619
2015-01-16 00:12:51.014	10201	10301	-94	-97	30
2015-01-16 00:22:51.218	10201	10301	-94	-97	30	-2.45	78.17	2.619
2015-01-16 01:07:52.307	10201	10301	-94	-94	26	-2.38	78.12	2.619
2015-01-16 01:32:50.342	10201	10301	-94	-94	26
2015-01-16 02:02:49.93	10201	10301	-94	-94	24
2015-01-16 02:52:56.203	10201	10301	-94	-94	23	-3.03	77.69	2.619
2015-01-16 03:02:51.151	10201	10301	-94	-97	23
2015-01-16 03:32:52.59	10201	10301	-94	-94	23
2015-01-16 03:37:50.759	10201	10301	-94	-97	23	-3.34	77.65	2.625
2015-01-16 03:37:51.283	10201	10301	-94	-97	23	-3.34	77.65	2.625
2015-01-16 03:52:51.783	10201	10301	-94	-94	21	-3.43	77.7	2.619
2015-01-16 04:02:53.582	10201	10301	-94	-94	21
2015-01-16 04:13:01.242	10201	10301	-94	-97	21
2015-01-16 04:22:55.495	10201	10301	-94	-97	26	-3.52	77.82	2.619
2015-01-16 07:32:58.266	10201	10301	-94	-94	18
2015-01-16 09:32:54.247	10201	10301	-94	-94	18
2015-01-16 10:07:58.735	10201	10301	-94	-94	18	-0.71	79.03	2.619
2015-01-16 14:12:54.286	10201	10301	-94	-94	26
2015-01-16 14:22:50.599	10201	10301	-94	-97	28	1.85	76.96	2.619
2015-01-16 14:32:49.695	10201	10301	-94	-97	28
2015-01-16 14:52:54.586	10201	10301	-94	-94	28	1.4	77.15	2.613
2015-01-16 15:07:49.775	10201	10301	-94	-97	28	1.75	77.76	2.619
2015-01-16 15:22:51.142	10201	10301	-94	-94	26	1.61	77.37	2.619
2015-01-16 15:32:49.81	10201	10301	-94	-97	24
2015-01-16 15:52:50.442	10201	10301	-94	-97	24	1.25	76.69	2.619
2015-01-16 16:07:51.406	10201	10301	-94	-97	24	0.7	76.32	2.619
2015-01-16 16:22:51.462	10201	10301	-94	-94	24	-0.07	75.92	2.619
2015-01-16 16:32:54.623	10201	10301	-94	-97	23
2015-01-16 16:52:50.379	10201	10301	-94	-94	23
2015-01-16 17:02:49.514	10201	10301	-91	-97	23
2015-01-16 17:07:50.351	10201	10301	-94	-97	22	-1.25	76.69	2.619
2015-01-16 17:33:00.583	10201	10301	-94	-94	22
2015-01-16 17:52:50.327	10201	10301	-91	-94	22	-1.92	76.71	2.619
2015-01-16 18:02:52.967	10201	10301	-91	-97	22
2015-01-16 18:07:51.362	10201	10301	-94	-97	22	-2.14	76.8	2.619
2015-01-16 18:37:50.339	10201	10301	-94	-94	20	-2.52	76.96	2.619
2015-01-16 18:52:55.358	10201	10301	-94	-94	20	-2.75	77.0	2.619
2015-01-16 19:32:52.322	10201	10301	-94	-94	20
2015-01-16 19:32:52.335	10201	10301	-94	-97	20
2015-01-16 19:37:53.319	10201	10301	-94	-97	19	-3.63	76.81	2.619
2015-01-16 20:02:51.894	10201	10301	-94	-94	18
2015-01-16 20:07:50.659	10201	10301	-94	-94	21	-4.03	77.26	2.619
2015-01-16 20:32:49.399	10201	10301	-94	-97	21
2015-01-16 20:52:50.194	10201	10301	-94	-94	20
2015-01-16 21:22:51.234	10201	10301	-94	-94	19	-4.85	77.45	2.619
2015-01-16 21:32:52.255	10201	10301	-94	-97	19
2015-01-16 21:32:52.282	10201	10301	-94	-97	19
2015-01-16 21:37:52.183	10201	10301	-94	-97	19	-4.98	77.51	2.619
2015-01-16 21:52:51.535	10201	10301	-91	-94	18	-5.1	77.53	2.619
2015-01-16 22:22:52.203	10201	10301	-94	-94	18	-5.39	77.53	2.619
2015-01-16 22:52:54.839	10201	10301	-94	-94	14
2015-01-16 22:52:54.914	10201	10301	-94	-97	14	-5.7	77.63	2.619
2015-01-16 23:07:49.834	10201	10301	-94	-94	14	-5.84	77.57	2.619
2015-01-16 23:22:51.883	10201	10301	-94	-97	14	-6.07	77.45	2.625
2015-01-16 23:32:53.475	10201	10301	-94	-94	14
2015-01-16 23:37:52.862	10201	10301	-94	-97	17	-6.3	77.42	2.619
2015-01-17 00:02:54.262	10201	10301	-94	-94	16
2015-01-17 00:12:49.919	10201	10301	-94	-97	16
2015-01-17 00:37:50.91	10201	10301	-91	-94	15	-6.95	77.28	2.625
2015-01-17 00:52:55.995	10201	10301	-94	-97	15	-7.32	77.26	2.619
2015-01-17 01:07:49.91	10201	10301	-94	-94	15	-7.64	77.26	2.625
2015-01-17 01:22:52.002	10201	10301	-94	-97	15	-7.94	77.33	2.619
2015-01-17 01:32:50.855	10201	10301	-94	-94	14
2015-01-17 01:32:50.868	10201	10301	-94	-97	14
2015-01-17 01:37:59.028	10201	10301	-94	-97	14	-8.22	77.33	2.625
2015-01-17 05:02:58.078	10201	10301	-94	-94	11
2015-01-17 05:22:51.655	10201	10301	-94	-94	34	-9.88	78.33	2.625
2015-01-17 05:32:52.711	10201	10301	-94	-97	34
2015-01-17 05:32:52.73	10201	10301	-94	-97	35
2015-01-17 06:32:49.63	10201	10301	-94	-94	32
2015-01-17 06:37:51.078	10201	10301	-94	-97	32	-10.0	78.48	2.625
2015-01-17 06:52:53.254	10201	10301	-94	-94	30
2015-01-17 06:52:53.266	10201	10301	-94	-97	30	-9.94	78.54	2.619
2015-01-17 07:32:50.71	10201	10301	-94	-94	29
2015-01-17 07:37:53.11	10201	10301	-94	-97	29	-9.97	78.49	2.625
2015-01-17 08:02:54.29	10201	10301	-94	-94	28
2015-01-17 08:07:50.103	10201	10301	-94	-97	30	-9.74	78.89	2.625
2015-01-17 08:12:50.143	10201	10301	-94	-97	30
2015-01-17 08:22:53.118	10201	10301	-94	-97	30	-9.48	79.07	2.625
2015-01-17 08:32:50.518	10201	10301	-94	-94	28
2015-01-17 08:37:51.102	10201	10301	-94	-97	28	-9.1	79.33	2.625
2015-01-17 08:52:50.115	10201	10301	-94	-97	26
2015-01-17 08:52:50.127	10201	10301	-94	-97	26	-8.65	79.59	2.619
2015-01-17 09:32:51.115	10201	10301	-94	-94	24
2015-01-17 11:22:50.964	10201	10301	-94	-97	24	4.14	79.1	2.619
2015-01-17 11:52:50.73	10201	10301	-94	-94	22	4.81	81.34	2.619
2015-01-17 12:07:50.879	10201	10301	-94	-97	20	5.51	80.89	2.619
2015-01-17 12:12:50.054	10201	10301	-94	-97	20
2015-01-17 12:32:53.267	10201	10301	-94	-94	20
2015-01-17 12:52:49.799	10201	10301	-94	-97	20
2015-01-17 12:52:50.832	10201	10301	-94	-97	20	9.57	80.65	2.613
2015-01-17 13:07:53.858	10201	10301	-94	-94	19	10.2	79.95	2.613
2015-01-17 13:22:53.831	10201	10301	-94	-97	18	10.07	79.19	2.613
2015-01-17 13:32:54.515	10201	10301	-94	-94	21
2015-01-17 13:32:54.534	10201	10301	-94	-97	23
2015-01-17 14:12:50.794	10201	10301	-94	-94	23
2015-01-17 14:22:50.65	10201	10301	-94	-97	23	10.47	77.1	2.613
2015-01-17 14:32:51.746	10201	10301	-94	-97	21
2015-01-17 14:52:49.718	10201	10301	-94	-94	20
2015-01-17 16:02:56.171	10201	10301	-94	-94	20
2015-01-17 16:07:52.491	10201	10301	-94	-94	24	9.82	75.26	2.619
2015-01-17 16:37:54.451	10201	10301	-94	-94	24	8.89	75.4	2.619
2015-01-17 16:52:49.411	10201	10301	-94	-97	26
2015-01-17 16:52:50.447	10201	10301	-94	-97	26	8.42	75.3	2.613
2015-01-17 17:32:54.603	10201	10301	-94	-94	23
2015-01-17 17:32:54.619	10201	10301	-94	-97	28
2015-01-17 17:52:54.343	10201	10301	-94	-97	28	5.64	75.5	2.619
2015-01-17 18:02:49.323	10201	10301	-94	-94	30
2015-01-17 18:07:52.31	10201	10301	-94	-97	30	5.36	75.77	2.619
2015-01-17 18:22:51.419	10201	10301	-94	-97	28	4.93	75.83	2.619
2015-01-17 18:37:52.311	10201	10301	-94	-94	28	4.53	75.92	2.619
2015-01-17 18:52:49.239	10201	10301	-94	-97	27
2015-01-17 19:07:50.175	10201	10301	-94	-94	25	4.15	76.41	2.619
2015-01-17 19:32:52.098	10201	10301	-94	-94	25
2015-01-17 19:37:54.171	10201	10301	-94	-97	25	3.79	76.62	2.619
2015-01-17 20:02:51.783	10201	10301	-94	-97	24
2015-01-17 20:07:50.094	10201	10301	-94	-94	26	3.81	76.75	2.619
2015-01-17 20:12:52.15	10201	10301	-94	-97	26
2015-01-17 20:32:55.402	10201	10301	-94	-97	25
2015-01-17 21:07:52.026	10201	10301	-94	-97	34	2.78	76.87	2.619
2015-01-17 21:32:49.619	10201	10301	-94	-94	31
2015-01-17 22:07:50.923	10201	10301	-94	-94	31	2.32	76.91	2.619
2015-01-17 22:37:53.938	10201	10301	-94	-94	30	2.33	77.26	2.619
2015-01-17 22:52:50.918	10201	10301	-94	-97	32	2.38	77.15	2.619
2015-01-17 23:07:52.871	10201	10301	-94	-94	29	2.29	77.18	2.619
2015-01-17 23:32:49.551	10201	10301	-94	-97	28
2015-01-17 23:32:49.563	10201	10301	-94	-97	28
2015-01-18 00:07:49.751	10201	10301	-94	-97	28	2.39	77.37	2.619
2015-01-18 01:32:58.287	10201	10301	-94	-94	26
2015-01-18 02:22:50.551	10201	10301	-94	-94	24	2.93	77.15	2.619
2015-01-18 02:37:50.559	10201	10301	-94	-94	22	2.83	77.0	2.619
2015-01-18 02:52:49.107	10201	10301	-94	-94	22
2015-01-18 02:52:51.151	10201	10301	-94	-97	21	2.82	77.05	2.619
2015-01-18 03:02:49.194	10201	10301	-94	-97	21
2015-01-18 03:07:50.498	10201	10301	-94	-97	21	2.7	76.95	2.619
2015-01-18 03:22:51.502	10201	10301	-94	-97	20	2.56	76.94	2.619
2015-01-18 03:37:50.455	10201	10301	-94	-94	20	2.39	76.83	2.619
2015-01-18 03:52:51.49	10201	10301	-94	-97	20	2.31	77.11	2.619
2015-01-18 04:32:50.039	10201	10301	-94	-94	19
2015-01-18 04:37:53.395	10201	10301	-94	-97	19	2.47	77.14	2.619
2015-01-18 04:52:52.407	10201	10301	-94	-97	22
2015-01-18 04:52:52.426	10201	10301	-94	-97	22	2.51	77.15	2.619
2015-01-18 05:07:54.375	10201	10301	-94	-97	22	2.6	77.24	2.619
2015-01-18 06:02:49.711	10201	10301	-94	-94	25
2015-01-18 06:22:51.297	10201	10301	-94	-97	25	2.89	77.14	2.619
2015-01-18 06:52:52.274	10201	10301	-94	-94	25	3.1	77.25	2.607
2015-01-18 07:22:49.675	10201	10301	-94	-94	22	3.46	77.28	2.619
2015-01-18 07:32:50.07	10201	10301	-94	-97	22
2015-01-18 07:37:49.106	10201	10301	-94	-97	22	3.64	77.25	2.619
2015-01-18 08:07:50.171	10201	10301	-94	-94	22	3.95	77.22	2.619
2015-01-18 08:12:51.408	10201	10301	-94	-97	21
2015-01-18 08:22:49.059	10201	10301	-94	-97	21	4.03	77.14	2.619
2015-01-18 09:07:58.062	10201	10301	-94	-94	19	4.95	77.58	2.619
2015-01-18 16:12:49.73	10201	10301	-94	-94	28
2015-01-18 16:37:52.403	10201	10301	-94	-94	26	3.1	76.45	2.619
2015-01-18 16:52:50.338	10201	10301	-94	-97	28
2015-01-18 17:02:49.863	10201	10301	-94	-94	28
2015-01-18 17:07:50.311	10201	10301	-94	-97	27	2.75	76.43	2.619
2015-01-18 17:32:48.339	10201	10301	-94	-94	27
2015-01-18 17:32:48.355	10201	10301	-94	-97	27
2015-01-18 18:02:49.312	10201	10301	-94	-94	23
2015-01-18 18:37:51.195	10201	10301	-94	-94	23	1.67	76.7	2.619
2015-01-18 18:52:48.166	10201	10301	-94	-97	23
2015-01-18 18:52:51.222	10201	10301	-94	-97	23	1.56	76.61	2.607
2015-01-18 19:07:49.135	10201	10301	-94	-94	23	1.38	76.61	2.619
2015-01-18 19:22:49.176	10201	10301	-94	-97	22	1.35	76.85	2.619
2015-01-18 19:32:48.511	10201	10301	-94	-94	20
2015-01-18 19:37:49.282	10201	10301	-94	-97	20	1.43	77.01	2.619
2015-01-18 20:02:48.547	10201	10301	-94	-94	20
2015-01-18 20:07:49.166	10201	10301	-94	-97	20	1.33	76.92	2.619
2015-01-18 20:12:50.227	10201	10301	-94	-97	19
2015-01-18 20:22:52.134	10201	10301	-94	-97	19	1.28	76.93	2.619
2015-01-18 20:32:50.231	10201	10301	-94	-97	22
2015-01-18 20:37:49.098	10201	10301	-94	-94	22	1.25	77.0	2.619
2015-01-18 21:02:53.87	10201	10301	-94	-94	20
2015-01-18 21:32:52.178	10201	10301	-94	-94	23
2015-01-18 21:32:52.186	10201	10301	-94	-97	25
2015-01-18 21:52:49.007	10201	10301	-94	-97	25	0.97	77.01	2.619
2015-01-18 22:02:53.287	10201	10301	-94	-94	25
2015-01-18 22:07:49.019	10201	10301	-94	-97	27	0.9	77.0	2.619
2015-01-18 22:12:53.134	10201	10301	-94	-97	27
2015-01-18 22:22:49.986	10201	10301	-94	-97	26	0.85	76.98	2.619
2015-01-18 22:32:51.371	10201	10301	-94	-94	23
2015-01-18 22:37:51.95	10201	10301	-94	-97	23	0.79	76.97	2.619
2015-01-18 22:52:49.878	10201	10301	-94	-94	25
2015-01-18 22:52:49.895	10201	10301	-94	-97	25	0.75	77.06	2.619
2015-01-18 23:02:49.934	10201	10301	-94	-97	25
2015-01-18 23:07:49.946	10201	10301	-94	-97	25	0.71	77.1	2.619
2015-01-18 23:22:48.887	10201	10301	-94	-97	24	0.71	77.1	2.619
2015-01-18 23:32:50.606	10201	10301	-94	-94	24
2015-01-18 23:32:50.619	10201	10301	-94	-97	24
2015-01-18 23:37:52.891	10201	10301	-94	-97	23	0.71	77.1	2.619
2015-01-18 23:52:49.887	10201	10301	-94	-97	25	0.67	77.09	2.619
2015-01-19 00:02:48.263	10201	10301	-94	-94	23
2015-01-19 00:07:48.854	10201	10301	-94	-97	23	0.64	77.08	2.619
2015-01-19 00:12:48.882	10201	10301	-91	-97	23
2015-01-19 00:22:51.884	10201	10301	-94	-97	21	0.6	77.12	2.619
2015-01-19 00:32:48.418	10201	10301	-94	-94	21
2015-01-19 00:37:53.862	10201	10301	-94	-97	21	0.61	77.12	2.619
2015-01-19 00:52:48.791	10201	10301	-94	-97	26
2015-01-19 00:52:48.804	10201	10301	-94	-97	26	0.6	77.12	2.619
2015-01-19 01:02:48.822	10201	10301	-94	-97	26
2015-01-19 01:07:49.779	10201	10301	-94	-94	26	0.51	77.03	2.619
2015-01-19 01:22:48.744	10201	10301	-94	-97	24	0.43	77.01	2.619
2015-01-19 01:32:50.343	10201	10301	-94	-94	22
2015-01-19 01:32:50.359	10201	10301	-94	-97	22
2015-01-19 01:37:49.751	10201	10301	-94	-97	21	0.35	77.07	2.619
2015-01-19 01:52:51.874	10201	10301	-94	-97	21	0.25	76.97	2.619
2015-01-19 02:02:48.334	10201	10301	-94	-97	23
2015-01-19 02:07:50.77	10201	10301	-94	-94	23	0.2	77.03	2.619
2015-01-19 02:12:49.843	10201	10301	-94	-97	22
2015-01-19 02:22:48.878	10201	10301	-94	-94	22	0.17	77.12	2.619
2015-01-19 02:32:48.911	10201	10301	-94	-97	22
2015-01-19 02:37:49.698	10201	10301	-94	-97	21	0.15	77.17	2.619
2015-01-19 02:52:49.679	10201	10301	-94	-97	21
2015-01-19 02:52:49.698	10201	10301	-94	-97	21	0.15	77.17	2.619
2015-01-19 03:02:49.362	10201	10301	-94	-94	19
2015-01-19 03:07:49.683	10201	10301	-94	-97	19	0.14	77.16	2.619
2015-01-19 03:22:51.71	10201	10301	-94	-97	19	0.11	77.21	2.619
2015-01-19 03:32:57.503	10201	10301	-94	-94	19
2015-01-19 03:37:52.731	10201	10301	-94	-97	19	0.07	77.15	2.619
2015-01-19 03:52:48.528	10201	10301	-94	-94	19	0.0	77.11	2.619
2015-01-19 04:02:48.31	10201	10301	-94	-97	19
2015-01-19 04:07:49.582	10201	10301	-94	-97	19	-0.1	77.04	2.619
2015-01-19 04:12:52.758	10201	10301	-94	-97	19
2015-01-19 04:22:48.586	10201	10301	-94	-97	19	-0.18	77.04	2.619
2015-01-19 04:32:50.235	10201	10301	-94	-94	18
2015-01-19 04:37:48.542	10201	10301	-94	-97	18	-0.29	77.04	2.619
2015-01-19 04:52:48.53	10201	10301	-94	-97	18
2015-01-19 04:52:48.542	10201	10301	-94	-97	18	-0.35	77.1	2.619
2015-01-19 05:02:48.071	10201	10301	-94	-94	17
2015-01-19 05:07:50.566	10201	10301	-94	-97	17	-0.35	77.2	2.619
2015-01-19 05:22:53.535	10201	10301	-94	-97	17	-0.35	77.24	2.619
2015-01-19 05:32:48.627	10201	10301	-94	-94	20
2015-01-19 05:32:48.643	10201	10301	-94	-97	20
2015-01-19 05:37:49.483	10201	10301	-94	-97	20	-0.38	77.19	2.619
2015-01-19 05:52:49.502	10201	10301	-94	-97	20	-0.42	77.16	2.619
2015-01-19 06:02:49.254	10201	10301	-94	-94	18
2015-01-19 06:07:52.543	10201	10301	-94	-97	18	-0.49	77.14	2.619
2015-01-19 06:12:52.631	10201	10301	-94	-97	18
2015-01-19 06:22:48.438	10201	10301	-94	-97	21	-0.53	77.23	2.619
2015-01-19 06:32:51.515	10201	10301	-94	-94	21
2015-01-19 06:37:48.419	10201	10301	-94	-97	21	-0.53	77.23	2.619
2015-01-19 07:02:49.107	10201	10301	-94	-94	21
2015-01-19 07:22:48.346	10201	10301	-94	-97	21	-0.67	77.13	2.619
2015-01-19 07:32:48.311	10201	10301	-94	-94	19
2015-01-19 07:32:48.33	10201	10301	-94	-97	19
2015-01-19 07:37:48.367	10201	10301	-94	-97	19	-0.71	77.17	2.619
2015-01-19 07:52:50.406	10201	10301	-91	-97	18	-0.82	77.14	2.619
2015-01-19 08:02:49.622	10201	10301	-94	-94	18
2015-01-19 08:07:49.351	10201	10301	-94	-97	18	-0.81	77.34	2.619
2015-01-19 08:32:51.303	10201	10301	-94	-94	18
2015-01-19 08:37:49.278	10201	10301	-94	-97	21	-0.39	77.78	2.619
2015-01-19 08:52:51.318	10201	10301	-94	-97	21	-0.14	77.84	2.619
2015-01-19 09:22:49.302	10201	10301	-94	-94	19	0.35	77.85	2.619
2015-01-19 09:32:48.51	10201	10301	-94	-94	19
2015-01-19 09:37:50.267	10201	10301	-94	-97	18	0.65	77.99	2.619
2015-01-19 09:52:49.267	10201	10301	-94	-97	18	0.97	77.71	2.619
2015-01-19 10:02:48.154	10201	10301	-94	-94	18
2015-01-19 10:12:50.266	10201	10301	-94	-97	18
2015-01-19 10:22:51.19	10201	10301	-94	-97	18	0.99	77.23	2.619
2015-01-19 10:37:52.226	10201	10301	-94	-94	17	0.85	77.18	2.619
2015-01-19 11:07:49.151	10201	10301	-94	-94	20	0.81	77.26	2.619
2015-01-19 11:37:48.127	10201	10301	-94	-94	20	0.81	77.31	2.619
2015-01-19 12:52:52.087	10201	10301	-94	-94	19	2.25	77.82	2.619
2015-01-19 13:32:48.222	10201	10301	-94	-94	18
2015-01-19 13:32:48.25	10201	10301	-94	-97	17
2015-01-19 13:37:48.014	10201	10301	-94	-97	17	3.03	77.09	2.619
2015-01-19 14:07:48.97	10201	10301	-94	-94	17	2.96	76.86	2.619
2015-01-19 14:12:50.007	10201	10301	-94	-97	17
2015-01-19 14:52:51.96	10201	10301	-94	-94	16	2.93	76.9	2.619
2015-01-19 15:37:47.859	10201	10301	-91	-94	15	2.96	76.71	2.619
2015-01-19 16:02:47.875	10201	10301	-94	-94	15
2015-01-19 16:07:49.858	10201	10301	-94	-97	15	2.63	76.45	2.619
2015-01-19 17:02:47.686	10201	10301	-94	-94	14
2015-01-19 17:32:49.842	10201	10301	-94	-94	30
2015-01-19 20:52:47.539	10201	10301	-94	-94	35
2015-01-19 21:02:47.842	10201	10301	-94	-94	32
2015-01-19 21:37:51.479	10201	10301	-94	-94	32	-0.78	76.58	2.619
2015-01-19 22:12:51.583	10201	10301	-94	-94	31
2015-01-19 22:32:52.138	10201	10301	-94	-94	29
2015-01-19 23:02:49.19	10201	10301	-94	-94	31
2015-01-19 23:22:48.363	10201	10301	-91	-97	31	-2.07	77.01	2.619
2015-01-19 23:52:56.395	10201	10301	-94	-94	31	-2.25	76.87	2.619
2015-01-20 02:52:49.199	10201	10301	-94	-94	34
2015-01-20 03:32:52.231	10201	10301	-94	-94	31
2015-01-20 04:02:47.903	10201	10301	-94	-94	32
2015-01-20 04:07:50.234	10201	10301	-94	-97	32	-1.7	77.52	2.619
2015-01-20 04:12:49.307	10201	10301	-94	-97	31
2015-01-20 04:52:53.15	10201	10301	-94	-94	28
2015-01-20 05:02:48.947	10201	10301	-94	-94	29
2015-01-20 05:07:50.155	10201	10301	-94	-97	29	-1.84	77.25	2.619
2015-01-20 05:32:52.807	10201	10301	-94	-94	28
2015-01-20 05:37:48.091	10201	10301	-94	-97	30	-1.82	77.42	2.619
2015-01-20 05:52:47.69	10201	10301	-94	-94	28	-1.82	77.32	2.619
2015-01-20 06:22:48.01	10201	10301	-94	-97	28	-2.02	77.16	2.619
2015-01-20 06:37:47.991	10201	10301	-94	-94	28	-1.96	77.41	2.619
2015-01-20 07:37:49.983	10201	10301	-94	-94	26	-1.75	77.51	2.619
2015-01-20 07:52:49.518	10201	10301	-94	-94	24	-1.71	77.51	2.619
2015-01-20 08:02:50.659	10201	10301	-94	-97	24
2015-01-20 08:07:54.018	10201	10301	-94	-97	24	-1.6	77.61	2.619
2015-01-20 08:37:48.912	10201	10301	-94	-94	28	-1.21	77.72	2.619
2015-01-20 08:52:48.915	10201	10301	-94	-97	28
2015-01-20 08:52:48.927	10201	10301	-94	-97	28	-1.06	77.68	2.619
2015-01-20 09:22:48.894	10201	10301	-94	-94	24	-0.79	77.65	2.619
2015-01-20 09:32:51.678	10201	10301	-94	-94	24
2015-01-20 10:02:47.426	10201	10301	-94	-94	26
2015-01-20 10:22:48.823	10201	10301	-94	-97	26	0.25	77.86	2.619
2015-01-20 10:52:56.914	10201	10301	-94	-94	23	0.71	77.77	2.619
2015-01-20 12:22:49.191	10201	10301	-94	-94	33	0.64	76.7	2.619
2015-01-20 12:52:48.622	10201	10301	-94	-97	33
2015-01-20 12:52:48.642	10201	10301	-94	-97	33	0.39	76.84	2.619
2015-01-20 13:02:47.518	10201	10301	-94	-94	31
2015-01-20 13:07:48.771	10201	10301	-94	-97	31	0.33	77.23	2.619
2015-01-20 13:32:51.198	10201	10301	-94	-94	28
2015-01-20 13:37:49.586	10201	10301	-94	-97	28	0.97	77.63	2.619
2015-01-20 13:52:48.614	10201	10301	-94	-97	26	1.14	77.31	2.619
2015-01-20 14:12:48.562	10201	10301	-94	-94	26
2015-01-20 14:52:47.538	10201	10301	-94	-94	25	2.43	76.58	2.613
2015-01-20 15:22:50.462	10201	10301	-94	-94	23	1.43	76.39	2.619
2015-01-20 16:52:48.727	10201	10301	-94	-97	16
2015-01-20 16:52:49.726	10201	10301	-94	-97	16	1.0	76.63	2.619
2015-01-20 17:02:47.815	10201	10301	-94	-97	15
2015-01-20 17:07:47.374	10201	10301	-94	-97	15	0.71	76.38	2.619
2015-01-20 17:32:47.422	10201	10301	-94	-94	13
2015-01-20 18:02:47.047	10201	10301	-94	-94	13
2015-01-20 18:07:49.359	10201	10301	-94	-97	13	0.06	76.71	2.619
2015-01-20 20:22:49.394	10201	10301	-94	-94	11	-0.34	76.96	2.619
2015-01-20 22:52:48.419	10201	10301	-94	-94	12
2015-01-20 22:52:48.436	10201	10301	-94	-97	16	-0.7	77.03	2.619
2015-01-21 00:07:48.434	10201	10301	-94	-94	15	-0.82	77.1	2.619
2015-01-21 00:12:48.758	10201	10301	-94	-97	15
2015-01-21 01:02:50.631	10201	10301	-94	-94	15
2015-01-21 06:07:47.771	10201	10301	-94	-94	10	-1.28	77.28	2.619
2015-01-21 08:07:51.042	10201	10301	-94	-94	10	-1.25	77.38	2.619
2015-01-21 08:12:53.031	10201	10301	-94	-97	10
2015-01-21 08:37:47.05	10201	10301	-94	-94	13	-1.03	77.57	2.619
2015-01-21 08:52:58.874	10201	10301	-94	-94	13	-0.84	77.73	2.619
2015-01-21 09:02:50.987	10201	10301	-94	-97	13
2015-01-21 09:33:01.091	10201	10301	-94	-97	13
2015-01-21 09:52:51.67	10201	10301	-94	-94	16	-0.14	77.74	2.619
2015-01-21 10:02:50.954	10201	10301	-91	-94	18
2015-01-21 10:07:51.983	10201	10301	-94	-97	18	-0.02	77.56	2.619
2015-01-21 12:32:49.227	10201	10301	-91	-94	12
2015-01-21 12:37:48.671	10201	10301	-91	-97	12	1.24	77.74	2.619
2015-01-21 13:02:55.451	10201	10301	-94	-94	10
2015-01-21 19:22:48.47	10201	10301	-94	-94	16	0.42	76.87	2.619
2015-01-21 19:32:59.695	10201	10301	-94	-94	16
2015-01-22 02:12:52.983	10201	10301	-94	-94	17
2015-01-22 07:32:48.367	10201	10301	-94	-94	10
2015-01-22 07:32:48.443	10201	10301	-94	-97	14
2015-01-22 08:02:49.926	10201	10301	-94	-94	13
2015-01-22 08:07:48.071	10201	10301	-94	-97	14	-1.07	77.06	2.619
2015-01-22 08:12:50.123	10201	10301	-94	-97	14
2015-01-22 08:22:59.522	10201	10301	-94	-97	15	-1.07	77.14	2.619
2015-01-22 09:07:46.798	10201	10301	-94	-94	10	-1.02	77.29	2.619
2015-01-22 09:22:48.159	10201	10301	-94	-94	10	-1.0	77.34	2.619
2015-01-22 09:32:52.394	10201	10301	-94	-97	10
2015-01-22 09:32:52.422	10201	10301	-94	-97	14
2015-01-22 09:37:46.831	10201	10301	-94	-94	13	-0.85	77.63	2.619
2015-01-22 09:52:46.626	10201	10301	-91	-97	13	-0.64	77.73	2.619
2015-01-22 10:02:49.758	10201	10301	-94	-97	13
2015-01-22 10:07:49.258	10201	10301	-94	-94	13	-0.42	77.8	2.619
2015-01-22 10:12:47.443	10201	10301	-94	-97	14
2015-01-22 10:22:46.987	10201	10301	-94	-97	14	-0.2	77.75	2.619
2015-01-22 10:37:46.914	10201	10301	-91	-94	14	0.0	77.8	2.619
2015-01-22 10:52:47.306	10201	10301	-94	-97	14
2015-01-22 10:52:47.975	10201	10301	-94	-97	14	0.21	77.75	2.613
2015-01-22 11:22:49.906	10201	10301	-94	-94	13	0.56	77.71	2.619
2015-01-22 11:32:47.487	10201	10301	-94	-94	13
2015-01-22 11:52:48.175	10201	10301	-94	-97	13	1.24	77.93	2.619
2015-01-22 12:02:48.111	10201	10301	-94	-97	13
2015-01-22 12:12:46.942	10201	10301	-94	-94	13
2015-01-22 12:22:49.876	10201	10301	-94	-97	13	1.32	77.38	2.619
2015-01-22 12:37:46.794	10201	10301	-94	-94	13	1.28	77.29	2.619
2015-01-22 12:52:48.819	10201	10301	-94	-97	13
2015-01-22 12:52:48.847	10201	10301	-94	-97	13	1.64	77.69	2.607
2015-01-22 13:02:46.178	10201	10301	-94	-94	13
2015-01-22 13:07:48.926	10201	10301	-94	-97	13	2.0	77.74	2.619
2015-01-22 13:22:46.546	10201	10301	-94	-97	13	2.07	77.15	2.619
2015-01-22 13:32:49.598	10201	10301	-94	-97	13
2015-01-22 13:32:49.618	10201	10301	-94	-97	13
2015-01-22 13:37:48.315	10201	10301	-94	-97	14	2.28	77.29	2.619
2015-01-22 13:52:48.187	10201	10301	-94	-94	14	2.06	76.83	2.619
2015-01-22 14:02:46.778	10201	10301	-94	-94	13
2015-01-22 14:07:47.794	10201	10301	-94	-97	13	1.75	76.48	2.619
2015-01-22 14:12:55.962	10201	10301	-94	-97	13
2015-01-22 14:22:47.635	10201	10301	-94	-97	19	1.36	76.44	2.619
2015-01-22 14:32:53.034	10201	10301	-94	-97	19
2015-01-22 14:37:51.034	10201	10301	-94	-97	22	1.1	76.31	2.619
2015-01-22 14:52:52.814	10201	10301	-94	-94	24
2015-01-22 14:52:52.831	10201	10301	-94	-97	28	0.78	76.34	2.613
2015-01-22 15:02:46.244	10201	10301	-94	-94	28
2015-01-22 15:32:47.746	10201	10301	-91	-97	28
2015-01-22 15:37:48.667	10201	10301	-94	-94	26	0.42	76.67	2.619
2015-01-22 16:07:49.735	10201	10301	-94	-94	25	0.1	76.73	2.619
2015-01-22 16:12:46.375	10201	10301	-94	-97	27
2015-01-22 16:22:46.7	10201	10301	-94	-97	27	-0.1	76.49	2.619
2015-01-22 16:32:47.674	10201	10301	-94	-97	27
2015-01-22 16:52:46.03	10201	10301	-91	-94	25
2015-01-22 16:52:47.07	10201	10301	-94	-97	25	-0.64	76.54	2.619
2015-01-22 17:02:52.115	10201	10301	-94	-97	25
2015-01-22 17:07:47.927	10201	10301	-91	-94	23	-0.84	76.59	2.619
2015-01-22 17:22:50.583	10201	10301	-91	-97	23	-1.04	76.62	2.619
2015-01-22 17:37:46.53	10201	10301	-94	-94	25	-1.21	76.68	2.619
2015-01-22 17:52:47.498	10201	10301	-94	-97	25	-1.35	76.77	2.619
2015-01-22 18:02:46.503	10201	10301	-94	-97	25
2015-01-22 18:07:48.482	10201	10301	-94	-94	25	-1.43	76.86	2.619
2015-01-22 18:12:47.547	10201	10301	-94	-97	24
2015-01-22 18:32:47.535	10201	10301	-94	-94	22
2015-01-22 18:52:48.431	10201	10301	-91	-97	22	-1.64	77.01	2.619
2015-01-22 19:02:46.962	10201	10301	-94	-94	22
2015-01-22 19:07:46.418	10201	10301	-94	-97	22	-1.7	77.05	2.619
2015-01-22 19:32:46.307	10201	10301	-94	-94	21
2015-01-22 19:32:46.334	10201	10301	-94	-97	21
2015-01-22 20:02:47.063	10201	10301	-94	-97	21
2015-01-22 20:07:48.282	10201	10301	-94	-94	19	-1.86	77.24	2.619
2015-01-22 20:12:46.327	10201	10301	-94	-97	18
2015-01-22 20:22:46.354	10201	10301	-94	-97	18	-1.91	77.24	2.619
2015-01-22 20:52:47.334	10201	10301	-94	-94	18
2015-01-22 20:52:47.366	10201	10301	-94	-97	17	-1.96	77.27	2.613
2015-01-22 21:22:54.355	10201	10301	-94	-94	17	-2.02	77.31	2.619
2015-01-22 22:07:46.331	10201	10301	-94	-94	19	-2.07	77.34	2.619
2015-01-22 22:12:46.467	10201	10301	-94	-97	19
2015-01-22 22:22:53.271	10201	10301	-94	-97	19	-2.09	77.36	2.619
2015-01-22 22:37:47.219	10201	10301	-94	-94	22	-2.1	77.36	2.619
2015-01-22 23:32:47.611	10201	10301	-94	-94	20
2015-01-22 23:37:47.195	10201	10301	-94	-97	20	-2.11	77.4	2.619
2015-01-23 00:07:48.106	10201	10301	-94	-94	20	-2.17	77.36	2.619
2015-01-23 00:12:46.199	10201	10301	-94	-97	20
2015-01-23 00:32:49.799	10201	10301	-94	-94	18
2015-01-23 00:52:46.175	10201	10301	-94	-97	18
2015-01-23 00:52:49.227	10201	10301	-94	-97	18	-2.28	77.39	2.619
2015-01-23 01:32:48.343	10201	10301	-94	-94	18
2015-01-23 01:37:48.123	10201	10301	-94	-97	21	-2.38	77.39	2.619
2015-01-23 02:07:47.258	10201	10301	-94	-94	21	-2.42	77.41	2.619
2015-01-23 02:32:46.871	10201	10301	-91	-94	19
2015-01-23 02:37:48.195	10201	10301	-94	-97	18	-2.46	77.42	2.619
2015-01-23 03:32:49.25	10201	10301	-94	-94	18
2015-01-23 03:37:51.955	10201	10301	-94	-94	17	-2.48	77.44	2.619
2015-01-23 04:07:49.358	10201	10301	-94	-94	20	-2.5	77.43	2.619
2015-01-23 04:12:47.411	10201	10301	-94	-97	20
2015-01-23 04:22:46.987	10201	10301	-94	-97	20	-2.53	77.43	2.619
2015-01-23 04:52:46.99	10201	10301	-94	-94	19
2015-01-23 04:52:47.046	10201	10301	-94	-97	19	-2.66	77.38	2.619
2015-01-23 05:32:53.351	10201	10301	-94	-94	18
2015-01-23 06:52:48.122	10201	10301	-94	-94	16
2015-01-23 07:37:47.858	10201	10301	-94	-94	16	-2.6	77.51	2.619
2015-01-23 07:52:49.978	10201	10301	-94	-97	16	-2.6	77.53	2.619
2015-01-23 09:32:48.127	10201	10301	-94	-94	30
2015-01-23 09:32:48.215	10201	10301	-94	-97	48
2015-01-23 11:02:47.419	10201	10301	-94	-94	44
2015-01-23 11:32:51.278	10201	10301	-94	-97	44
2015-01-23 11:32:51.298	10201	10301	-94	-97	42
2015-01-23 11:37:50.615	10201	10301	-94	-97	40	3.1	79.44	2.619
2015-01-23 12:37:46.226	10201	10301	-94	-94	37	4.29	77.32	2.619
2015-01-23 13:32:49.84	10201	10301	-94	-94	37
2015-01-23 13:37:48.402	10201	10301	-94	-97	37	4.43	76.71	2.619
2015-01-23 15:02:49.363	10201	10301	-94	-94	32
2015-01-23 15:22:47.262	10201	10301	-94	-94	33	5.0	75.99	2.619
2015-01-23 15:32:56.534	10201	10301	-94	-94	30
2015-01-23 16:02:47.866	10201	10301	-94	-97	28
2015-01-23 16:12:46.611	10201	10301	-94	-94	28
2015-01-23 16:37:46.15	10201	10301	-94	-94	27	2.57	75.85	2.619
2015-01-23 17:02:47.275	10201	10301	-94	-94	25
2015-01-23 17:07:52.278	10201	10301	-94	-97	25	1.92	75.9	2.619
2015-01-23 17:22:46.12	10201	10301	-94	-97	27	1.6	75.98	2.619
2015-01-23 17:32:46.186	10201	10301	-94	-97	27
2015-01-23 17:32:46.199	10201	10301	-94	-97	27
2015-01-23 17:52:46.123	10201	10301	-94	-94	27	1.0	76.07	2.619
2015-01-23 18:07:48.083	10201	10301	-94	-94	27	0.65	76.17	2.619
2015-01-23 18:22:49.106	10201	10301	-94	-97	25	0.49	76.4	2.619
2015-01-23 18:52:46.046	10201	10301	-94	-94	25
2015-01-23 18:52:46.059	10201	10301	-94	-97	25	0.1	76.53	2.613
2015-01-23 19:02:47.346	10201	10301	-94	-94	25
2015-01-23 19:07:47.014	10201	10301	-94	-97	23	-0.03	76.65	2.619
2015-01-23 19:22:47.022	10201	10301	-94	-97	23	-0.07	76.78	2.619
2015-01-23 19:52:47.05	10201	10301	-94	-94	23	-0.14	76.96	2.619
2015-01-23 20:22:45.934	10201	10301	-94	-94	21	-0.23	76.99	2.619
2015-01-23 20:32:47.443	10201	10301	-94	-94	21
2015-01-23 20:37:47.918	10201	10301	-94	-97	21	-0.25	77.05	2.619
2015-01-23 20:52:48.954	10201	10301	-94	-97	20
2015-01-23 20:52:48.974	10201	10301	-94	-97	23	-0.32	77.06	2.619
2015-01-23 21:07:45.95	10201	10301	-94	-94	23	-0.34	77.06	2.619
2015-01-23 21:32:47.594	10201	10301	-94	-94	21
2015-01-23 21:52:48.89	10201	10301	-94	-97	20	-0.46	77.12	2.619
2015-01-23 22:02:45.623	10201	10301	-94	-97	20
2015-01-23 22:22:46.815	10201	10301	-94	-94	20	-0.46	77.25	2.619
2015-01-23 22:32:45.788	10201	10301	-94	-94	20
2015-01-23 22:37:46.814	10201	10301	-94	-97	20	-0.52	77.19	2.619
2015-01-23 22:52:45.815	10201	10301	-94	-97	19
2015-01-23 22:52:45.831	10201	10301	-94	-97	19	-0.57	77.1	2.613
2015-01-23 23:02:45.551	10201	10301	-94	-94	18
2015-01-23 23:07:46.767	10201	10301	-94	-97	18	-0.68	77.01	2.619
2015-01-23 23:22:48.85	10201	10301	-94	-97	17	-0.78	77.03	2.619
2015-01-23 23:32:46.588	10201	10301	-94	-94	17
2015-01-23 23:32:46.61	10201	10301	-94	-97	20
2015-01-23 23:37:45.759	10201	10301	-94	-97	20	-0.82	77.07	2.619
2015-01-23 23:52:45.751	10201	10301	-94	-97	20	-0.85	77.11	2.619
2015-01-24 00:02:45.444	10201	10301	-94	-97	20
2015-01-24 00:07:46.587	10201	10301	-94	-94	19	-0.89	77.1	2.619
2015-01-24 00:12:45.711	10201	10301	-94	-97	19
2015-01-24 00:22:46.731	10201	10301	-94	-97	19	-0.93	77.12	2.619
2015-01-24 00:32:47.871	10201	10301	-91	-97	19
2015-01-24 00:37:51.002	10201	10301	-94	-94	17	-0.98	77.11	2.619
2015-01-24 00:52:54.782	10201	10301	-94	-97	20	-1.0	77.15	2.619
2015-01-24 01:02:52.035	10201	10301	-94	-97	20
2015-01-24 01:07:47.194	10201	10301	-94	-97	26	-1.0	77.2	2.619
2015-01-24 01:22:48.091	10201	10301	-94	-97	26	-1.02	77.24	2.619
2015-01-24 01:32:50.58	10201	10301	-91	-94	25
2015-01-24 01:32:50.618	10201	10301	-94	-97	30
2015-01-24 01:52:45.759	10201	10301	-91	-97	30	-1.07	77.25	2.619
2015-01-24 02:02:45.454	10201	10301	-94	-97	30
2015-01-24 02:07:48.362	10201	10301	-91	-94	28	-1.06	77.28	2.619
2015-01-24 04:32:46.035	10201	10301	-91	-94	24
2015-01-24 04:37:46.81	10201	10301	-94	-94	24	-1.25	77.26	2.619
2015-01-24 05:02:50.162	10201	10301	-94	-97	24
2015-01-24 05:32:49.155	10201	10301	-94	-94	21
2015-01-24 05:32:49.167	10201	10301	-94	-97	23
2015-01-24 05:37:45.974	10201	10301	-94	-94	23	-1.41	77.25	2.619
2015-01-24 06:07:59.45	10201	10301	-94	-94	23	-1.57	77.12	2.619
2015-01-24 06:12:47.902	10201	10301	-94	-97	21
2015-01-24 06:22:48.007	10201	10301	-94	-97	21	-1.67	77.1	2.619
2015-01-24 06:32:45.531	10201	10301	-94	-97	21
2015-01-24 09:07:48.803	10201	10301	-94	-94	18	-2.07	77.27	2.619
2015-01-24 09:22:51.05	10201	10301	-94	-97	18	-2.1	77.71	2.619
2015-01-24 10:37:50.678	10201	10301	-94	-94	19	-0.74	77.64	2.619
