result_time	node_id	parent_id	stats_frssi	stats_brssi	etx	temperature	humidity	voltage
2014-12-01 01:06:25.482	10301	11001	-79	-97	20	16.07	77.92	3.754
2014-12-01 01:21:24.443	10301	11001	-79	-97	19	16.1	77.93	3.754
2014-12-01 01:56:23.767	10301	11001	-79	-97	24
2014-12-01 04:51:23.954	10301	11001	-79	-79	11	13.29	77.21	3.754
2014-12-01 05:16:29.323	10301	11001	-79	-79	10
2014-12-01 05:51:25.358	10301	11001	-79	-79	10	12.86	77.48	3.754
2014-12-01 05:56:24.15	10301	11001	-76	-97	10
2014-12-01 06:22:28.578	10301	11001	-94	-223	10	12.04	76.69	3.754
2014-12-01 07:16:31.711	10301	11001	-76	-79	10
2014-12-01 10:21:24.106	10301	11001	-76	-97	10	6.15	76.36	3.767
2014-12-01 10:36:23.366	10301	11001	-76	-76	14
2014-12-01 10:36:23.386	10301	11001	-76	-97	14	5.93	76.24	3.754
2014-12-01 10:46:23.362	10301	11001	-79	-97	14
2014-12-01 10:51:23.731	10301	11001	-76	-97	13	5.75	76.33	3.767
2014-12-01 11:21:23.779	10301	11001	-76	-76	12	5.5	76.42	3.767
2014-12-01 12:06:24.735	10301	11001	-76	-97	41	5.06	76.4	3.767
2014-12-01 12:16:23.39	10301	11001	-73	-97	41
2014-12-01 12:21:24.686	10301	11001	-79	-97	41	4.85	76.38	3.767
2014-12-01 12:46:26.339	10301	11001	-76	-97	35
2014-12-01 12:51:23.727	10301	11001	-79	-97	34	4.42	76.14	3.767
2014-12-01 13:06:25.71	10301	11001	-76	-97	31	4.13	76.13	3.767
2014-12-01 13:16:24.335	10301	11001	-76	-97	28
2014-12-01 13:16:24.347	10301	11001	-76	-97	26
2014-12-01 13:21:23.122	10301	11001	-76	-97	26	3.79	75.94	3.767
2014-12-01 13:36:24.655	10301	11001	-76	-97	43	3.46	75.74	3.767
2014-12-01 13:46:23.403	10301	11001	-79	-97	43
2014-12-01 13:51:23.582	10301	11001	-76	-97	43	3.15	75.73	3.767
2014-12-01 13:56:24.982	10301	11001	-79	-97	39
2014-12-01 14:06:24.61	10301	11001	-76	-97	39	2.75	75.69	3.767
2014-12-01 14:16:24.483	10301	11001	-76	-97	33
2014-12-01 14:21:25.958	10301	11001	-79	-97	33	2.42	75.82	3.767
2014-12-01 14:36:22.742	10301	11001	-79	-97	31
2014-12-01 14:36:22.755	10301	11001	-79	-97	31	2.21	75.94	3.767
2014-12-01 15:56:22.947	10301	11001	-76	-76	19
2014-12-01 16:06:23.375	10301	11001	-76	-79	18	1.93	76.25	3.767
2014-12-01 16:16:22.891	10301	11001	-76	-76	18
2014-12-01 16:21:24.899	10301	11001	-76	-97	18	1.79	76.22	3.767
2014-12-01 16:21:25.983	10301	11001	-76	-97	18	1.79	76.22	3.767
2014-12-01 16:36:27.39	10301	11001	-76	-76	16
2014-12-01 16:36:27.403	10301	11001	-76	-97	19	1.61	76.23	3.767
2014-12-01 16:46:26.15	10301	11001	-76	-97	19
2014-12-01 16:51:27.271	10301	11001	-76	-97	18	1.45	76.24	3.767
2014-12-01 20:21:26.455	10301	11001	-73	-76	21	-0.13	76.14	3.767
2014-12-01 20:36:23.502	10301	11001	-73	-97	20
2014-12-01 20:51:23.631	10301	11001	-76	-73	19	-0.34	76.15	3.767
2014-12-01 21:21:31.462	10301	11001	-73	-73	19	-0.61	76.09	3.767
2014-12-01 23:51:25.494	10301	11001	-73	-73	20	-1.93	75.99	3.767
2014-12-02 00:16:26.895	10301	11001	-73	-73	20
2014-12-02 00:36:24.955	10301	11001	-73	-97	23	-2.35	76.21	3.767
2014-12-02 00:46:21.822	10301	11001	-73	-97	23
2014-12-02 00:51:25.947	10301	11001	-73	-97	23	-2.42	76.22	3.767
2014-12-02 01:21:23.942	10301	11001	-73	-73	22	-2.64	76.25	3.767
2014-12-02 01:51:26.47	10301	11001	-73	-73	21	-2.74	76.39	3.767
2014-12-02 02:06:23.847	10301	11001	-73	-97	21	-2.75	76.34	3.767
2014-12-02 02:16:30.85	10301	11001	-73	-97	19
2014-12-02 02:36:22.914	10301	11001	-73	-97	19	-2.79	76.4	3.767
2014-12-02 06:36:29.903	10301	11001	-73	-70	14	-3.42	76.29	3.767
2014-12-02 06:46:24.723	10301	11001	-73	-97	15
2014-12-02 07:56:22.503	10301	11001	-73	-97	15
2014-12-02 08:46:27.75	10301	11001	-73	-73	14
2014-12-02 08:51:24.851	10301	11001	-73	-97	17	-2.25	76.69	3.767
2014-12-02 10:21:23.407	10301	11001	-73	-73	14	-1.24	76.65	3.767
2014-12-02 10:36:21.439	10301	11001	-73	-97	13
2014-12-02 10:36:23.482	10301	11001	-76	-97	13	-1.06	76.66	3.767
2014-12-02 10:46:22.879	10301	11001	-76	-97	12
2014-12-02 10:51:23.123	10301	11001	-76	-76	12	-0.88	76.65	3.767
2014-12-02 11:06:22.395	10301	11001	-76	-97	13	-0.73	76.64	3.767
2014-12-02 11:16:24.122	10301	11001	-76	-97	13
2014-12-02 11:16:25.154	10301	11001	-73	-97	13
2014-12-02 11:21:25.046	10301	11001	-76	-97	13	-0.61	76.71	3.767
2014-12-02 11:21:25.811	10301	11001	-76	-97	13	-0.61	76.71	3.767
2014-12-02 11:36:23.959	10301	11001	-76	-73	14	-0.52	76.73	3.767
2014-12-02 11:46:23.379	10301	11001	-73	-97	13
2014-12-02 11:51:23.322	10301	11001	-73	-97	12	-0.38	76.71	3.767
2014-12-02 11:51:24.352	10301	11001	-73	-97	12	-0.38	76.71	3.767
2014-12-02 11:56:28.515	10301	11001	-73	-97	14
2014-12-02 12:06:22.57	10301	11001	-73	-97	21	-0.28	76.74	3.767
2014-12-02 12:16:24.631	10301	11001	-73	-97	20
2014-12-02 12:36:24.871	10301	11001	-76	-97	27
2014-12-02 12:36:24.914	10301	11001	-76	-97	29	0.06	76.64	3.767
2014-12-02 12:46:23.598	10301	11001	-76	-76	20
2014-12-02 13:06:25.639	10301	11001	-76	-73	18	0.32	76.6	3.767
2014-12-02 14:36:23.086	10301	11001	-73	-97	10
2014-12-02 14:36:23.11	10301	11001	-76	-97	10	1.29	76.69	3.754
2014-12-02 14:46:22.487	10301	11001	-76	-97	11
2014-12-02 14:51:26.142	10301	11001	-73	-97	11	1.45	76.7	3.767
2014-12-02 15:06:24.735	10301	11001	-76	-97	15	1.56	76.65	3.767
2014-12-02 15:16:26.51	10301	11001	-79	-97	16
2014-12-02 15:16:26.525	10301	11001	-76	-97	16
2014-12-02 15:21:29.602	10301	11001	-76	-97	16	1.71	76.64	3.767
2014-12-02 15:36:25.738	10301	11001	-76	-97	32	1.75	76.5	3.767
2014-12-02 15:46:22.402	10301	11001	-76	-97	28
2014-12-02 15:51:28.086	10301	11001	-76	-97	31	1.83	76.52	3.754
2014-12-02 15:56:24.098	10301	11001	-76	-97	30
2014-12-02 16:06:25.534	10301	11001	-76	-97	44	1.92	76.39	3.754
2014-12-02 16:16:21.37	10301	11001	-79	-97	41
2014-12-02 16:21:21.438	10301	11001	-79	-97	35	1.96	76.52	3.767
2014-12-02 16:36:22.438	10301	11001	-76	-97	26
2014-12-02 16:36:22.451	10301	11001	-76	-97	26	1.97	76.53	3.754
2014-12-02 16:46:24.367	10301	11001	-76	-97	25
2014-12-02 16:51:23.494	10301	11001	-76	-97	23	2.0	76.51	3.754
2014-12-02 17:06:23.267	10301	11001	-76	-97	24	2.03	76.51	3.754
2014-12-02 17:16:35.114	10301	11001	-76	-97	23
2014-12-02 23:16:27.035	10301	11001	-76	-97	20
2014-12-02 23:16:27.05	10301	11001	-79	-97	26
2014-12-03 00:21:26.012	10301	11001	-76	-97	32	5.03	78.26	3.754
2014-12-03 01:36:22.828	10301	11001	-76	-97	25	5.36	78.11	3.754
2014-12-03 01:56:24.55	10301	11001	-76	-97	29
2014-12-03 02:06:25.038	10301	11001	-76	-97	29	5.46	78.08	3.754
2014-12-03 02:16:24.771	10301	11001	-76	-97	27
2014-12-03 02:21:21.831	10301	11001	-76	-97	25	5.5	78.09	3.754
2014-12-03 02:36:20.882	10301	11001	-76	-97	20
2014-12-03 02:36:20.899	10301	11001	-76	-97	20	5.49	78.07	3.742
2014-12-03 02:46:20.758	10301	11001	-76	-97	21
2014-12-03 02:51:23.979	10301	11001	-76	-97	17	5.49	77.99	3.754
2014-12-03 03:06:21.794	10301	11001	-76	-97	16	5.46	77.94	3.754
2014-12-03 03:21:24.795	10301	11001	-76	-97	21	5.42	77.73	3.754
2014-12-03 03:36:21.967	10301	11001	-76	-97	31	5.36	77.69	3.754
2014-12-03 03:46:23.651	10301	11001	-76	-97	27
2014-12-03 03:51:24.318	10301	11001	-76	-97	25	5.25	77.62	3.754
2014-12-03 03:56:21.471	10301	11001	-76	-97	22
2014-12-03 04:06:21.678	10301	11001	-76	-97	24	5.14	77.57	3.754
2014-12-03 04:16:20.615	10301	11001	-76	-97	20
2014-12-03 04:21:23.735	10301	11001	-76	-97	18	5.01	77.5	3.754
2014-12-03 04:36:20.915	10301	11001	-76	-97	35
2014-12-03 04:36:21.736	10301	11001	-76	-97	34	4.89	77.5	3.754
2014-12-03 04:46:21.559	10301	11001	-76	-97	31
2014-12-03 04:51:20.895	10301	11001	-76	-97	31	4.83	77.48	3.754
2014-12-03 07:16:21.478	10301	11001	-76	-76	15
2014-12-03 07:16:23.571	10301	11001	-73	-97	15
2014-12-03 07:21:23.598	10301	11001	-76	-97	15	3.65	77.52	3.754
2014-12-03 07:36:25.483	10301	11001	-76	-76	15	3.58	77.58	3.754
2014-12-03 07:46:25.446	10301	11001	-76	-97	16
2014-12-03 08:16:22.523	10301	11001	-76	-97	19
2014-12-03 08:21:25.892	10301	11001	-76	-73	18	3.51	77.78	3.754
2014-12-03 08:36:24.878	10301	11001	-73	-97	21
2014-12-03 08:36:25.415	10301	11001	-73	-97	21	3.53	77.91	3.754
2014-12-03 08:46:27.382	10301	11001	-73	-97	21
2014-12-03 08:51:21.823	10301	11001	-73	-97	21	3.57	77.92	3.754
2014-12-03 09:06:25.459	10301	11001	-73	-73	21	3.56	77.96	3.754
2014-12-03 09:16:20.466	10301	11001	-73	-97	23
2014-12-03 09:16:20.486	10301	11001	-76	-97	23
2014-12-03 09:21:20.754	10301	11001	-73	-97	23	3.58	78.01	3.754
2014-12-03 09:36:22.763	10301	11001	-76	-97	23	3.57	77.96	3.754
2014-12-03 09:46:22.455	10301	11001	-76	-97	21
2014-12-03 09:51:23.907	10301	11001	-73	-97	21	3.47	77.85	3.754
2014-12-03 10:21:28.798	10301	11001	-76	-76	19	3.35	77.62	3.754
2014-12-03 10:36:22.746	10301	11001	-76	-76	22
2014-12-03 10:46:23.478	10301	11001	-76	-97	22
2014-12-03 11:51:19.887	10301	11001	-73	-97	44	3.26	77.65	3.754
2014-12-03 12:16:24.127	10301	11001	-76	-76	34
2014-12-03 12:36:25.75	10301	11001	-76	-76	23
2014-12-03 12:46:23.13	10301	11001	-76	-97	23
2014-12-03 13:16:34.25	10301	11001	-73	-97	22
2014-12-03 13:21:20.146	10301	11001	-76	-97	22	3.11	77.79	3.754
2014-12-03 13:36:28.898	10301	11001	-73	-97	20	3.2	77.93	3.754
2014-12-03 13:46:25.986	10301	11001	-76	-97	20
2014-12-03 14:06:19.75	10301	11001	-76	-97	44	3.21	77.59	3.754
2014-12-03 14:16:20.638	10301	11001	-76	-97	41
2014-12-03 14:21:21.862	10301	11001	-76	-97	41	3.14	77.7	3.754
2014-12-03 14:36:21.094	10301	11001	-73	-76	39
2014-12-03 14:36:26.118	10301	11001	-73	-97	39	3.14	77.7	3.754
2014-12-03 15:21:26.446	10301	11001	-76	-97	26	3.2	77.74	3.754
2014-12-03 15:46:23.943	10301	11001	-73	-76	25
2014-12-03 15:51:23.591	10301	11001	-73	-73	25	3.13	77.74	3.754
2014-12-03 16:21:26.802	10301	11001	-76	-73	25	2.97	77.66	3.754
2014-12-03 16:36:25.974	10301	11001	-73	-97	25
2014-12-03 16:36:25.987	10301	11001	-73	-97	24	2.82	77.6	3.754
2014-12-03 17:06:22.983	10301	11001	-76	-76	24	2.43	77.52	3.754
2014-12-03 17:16:20.843	10301	11001	-76	-97	22
2014-12-03 17:16:20.859	10301	11001	-73	-97	21
2014-12-03 17:21:19.924	10301	11001	-76	-97	21	2.24	77.43	3.754
2014-12-03 20:36:23.795	10301	11001	-73	-76	18	0.0	77.51	3.754
2014-12-03 20:51:24.823	10301	11001	-76	-97	17	-0.17	77.45	3.754
2014-12-03 21:06:25.842	10301	11001	-73	-97	20	-0.29	77.54	3.754
2014-12-04 06:36:23.602	10301	11001	-73	-97	10
2014-12-04 07:06:27.727	10301	11001	-70	-97	10	-3.07	77.38	3.767
2014-12-04 07:16:20.494	10301	11001	-73	-73	13
2014-12-04 07:16:20.514	10301	11001	-73	-97	13
2014-12-04 07:46:23.471	10301	11001	-73	-97	13
2014-12-04 07:56:22.235	10301	11001	-73	-97	13
2014-12-04 08:06:24.559	10301	11001	-73	-97	14	-2.78	77.61	3.754
2014-12-04 08:21:23.538	10301	11001	-73	-97	15	-2.64	77.66	3.754
2014-12-04 08:46:19.411	10301	11001	-73	-97	18
2014-12-04 08:51:23.862	10301	11001	-73	-70	17	-2.25	77.79	3.754
2014-12-04 09:16:18.426	10301	11001	-73	-73	17
2014-12-04 10:36:24.495	10301	11001	-76	-73	16	-0.1	77.54	3.754
2014-12-04 12:46:18.239	10301	11001	-76	-76	15
2014-12-05 12:16:19.866	10301	11001	-76	-76	10
2014-12-05 12:16:20.578	10301	11001	-76	-76	10
2014-12-05 12:21:17.86	10301	11001	-76	-97	11	3.14	78.35	3.754
2014-12-05 12:36:25.547	10301	11001	-76	-76	13	3.29	78.38	3.742
2014-12-05 13:06:19.642	10301	11001	-73	-97	10	3.42	78.41	3.754
2014-12-05 13:16:24.318	10301	11001	-76	-97	14
2014-12-05 13:16:24.338	10301	11001	-76	-97	21
2014-12-05 16:36:23.166	10301	11001	-76	-97	17
2014-12-05 16:36:23.179	10301	11001	-76	-97	16	4.33	78.54	3.742
2014-12-05 17:56:19.743	10301	11001	-76	-76	18
2014-12-05 18:06:19.026	10301	11001	-76	-97	18	4.47	78.6	3.754
2014-12-05 18:16:18.914	10301	11001	-76	-97	18
2014-12-05 18:21:22.482	10301	11001	-76	-76	18	4.56	78.71	3.754
2014-12-05 19:36:17.998	10301	11001	-76	-76	17	4.68	78.66	3.754
2014-12-05 19:46:17.81	10301	11001	-76	-97	17
2014-12-05 21:21:18.778	10301	11001	-76	-76	15	4.81	78.74	3.754
2014-12-05 22:36:18.443	10301	11001	-76	-76	11
2014-12-05 22:51:18.423	10301	11001	-76	-76	11	4.88	78.76	3.754
2014-12-05 23:06:20.426	10301	11001	-76	-97	11	4.89	78.81	3.754
2014-12-05 23:21:17.406	10301	11001	-76	-97	11	4.95	78.87	3.754
2014-12-06 05:51:19.779	10301	11001	-76	-76	10	5.22	78.93	3.754
2014-12-06 05:56:18.927	10301	11001	-76	-97	10
2014-12-06 06:16:18.107	10301	11001	-76	-97	10
2014-12-06 06:36:17.219	10301	11001	-76	-97	10	5.22	78.88	3.742
2014-12-06 06:46:18.082	10301	11001	-76	-97	10
2014-12-06 06:51:17.003	10301	11001	-76	-97	10	5.18	78.8	3.754
2014-12-06 07:16:16.006	10301	11001	-76	-97	10
2014-12-06 07:21:15.603	10301	11001	-76	-97	10	5.11	78.66	3.754
2014-12-06 07:46:23.075	10301	11001	-76	-76	10
2014-12-06 08:36:15.022	10301	11001	-79	-97	10
2014-12-06 08:46:17.938	10301	11001	-76	-97	10
2014-12-06 09:06:26.13	10301	11001	-76	-79	10	4.7	78.6	3.754
2014-12-06 09:16:18.043	10301	11001	-76	-76	14
2014-12-06 09:21:18.158	10301	11001	-76	-97	14	4.68	78.64	3.754
2014-12-06 09:51:19.55	10301	11001	-76	-97	13	4.64	78.63	3.754
2014-12-06 10:06:16.89	10301	11001	-76	-97	13	4.63	78.7	3.754
2014-12-06 11:16:19.842	10301	11001	-79	-76	30
2014-12-06 11:21:20.935	10301	11001	-76	-97	29	4.86	79.0	3.754
2014-12-06 12:06:18.727	10301	11001	-76	-97	25	4.85	78.92	3.754
2014-12-06 12:36:15.799	10301	11001	-76	-73	26
2014-12-06 13:16:16.682	10301	11001	-76	-76	24
2014-12-06 13:16:16.702	10301	11001	-76	-97	24
2014-12-06 15:16:14.49	10301	11001	-79	-76	30
2014-12-06 15:21:14.698	10301	11001	-79	-97	30	4.88	78.64	3.754
2014-12-06 15:46:18.515	10301	11001	-76	-76	30
2014-12-06 15:56:15.279	10301	11001	-79	-97	28
2014-12-06 16:21:16.518	10301	11001	-76	-76	25	4.46	78.28	3.754
2014-12-06 16:36:18.434	10301	11001	-76	-97	24
2014-12-06 16:46:20.41	10301	11001	-76	-97	24
2014-12-06 17:16:15.39	10301	11001	-79	-97	25
2014-12-06 17:16:15.407	10301	11001	-76	-97	27
2014-12-06 17:56:18.154	10301	11001	-76	-97	23
2014-12-06 18:06:17.378	10301	11001	-76	-97	32	3.6	78.31	3.754
2014-12-06 20:36:14.242	10301	11001	-76	-76	42
2014-12-06 20:51:17.295	10301	11001	-79	-76	38	1.35	78.48	3.754
2014-12-06 21:06:16.239	10301	11001	-76	-97	38	1.53	78.94	3.754
2014-12-07 06:16:21.886	10301	11001	-76	-76	21
2014-12-07 10:51:13.991	10301	11001	-76	-97	17	10.56	66.65	3.742
2014-12-07 11:06:16.783	10301	11001	-76	-97	19	10.88	67.53	3.742
2014-12-07 11:16:18.779	10301	11001	-76	-97	19
2014-12-10 06:46:13.455	10301	11001	-76	-76	10
2014-12-10 07:06:11.511	10301	11001	-79	-97	11	1.78	77.59	3.754
2014-12-10 10:06:08.962	10301	11001	-76	-79	10	1.13	77.57	3.754
2014-12-10 10:16:08.386	10301	11001	-82	-79	10
2014-12-10 10:21:10.671	10301	11001	-76	-97	10	1.03	77.53	3.754
2014-12-10 10:36:08.766	10301	11001	-82	-97	10	0.93	77.48	3.754
2014-12-10 10:36:11.367	10301	11001	-82	-97	10	0.93	77.48	3.754
2014-12-10 10:36:13.771	10301	11001	-82	-97	10	0.93	77.48	3.754
2014-12-10 10:51:08.067	10301	11001	-76	-97	10	0.85	77.49	3.754
2014-12-10 11:06:08.642	10301	11001	-82	-97	10	0.83	77.51	3.754
2014-12-10 11:16:10.858	10301	11001	-82	-97	10
2014-12-10 11:46:08.395	10301	11001	-76	-97	11
2014-12-10 11:56:08.902	10301	11001	-76	-97	12
2014-12-10 12:16:08.407	10301	11001	-76	-97	19
2014-12-10 12:21:15.662	10301	11001	-76	-97	18	0.45	77.23	3.754
2014-12-10 12:46:11.319	10301	11001	-73	-97	25
2014-12-10 12:51:09.358	10301	11001	-76	-97	24	0.35	77.26	3.754
2014-12-10 13:06:11.763	10301	11001	-76	-97	22	0.24	77.3	3.754
2014-12-10 13:16:18.207	10301	11001	-76	-97	24
2014-12-10 13:36:11.403	10301	11001	-76	-97	24	0.07	77.25	3.754
2014-12-10 13:46:08.226	10301	11001	-73	-97	22
2014-12-10 13:51:18.842	10301	11001	-76	-97	22	-0.03	77.29	3.754
2014-12-10 14:06:12.187	10301	11001	-76	-97	26	-0.1	77.32	3.754
2014-12-10 14:16:07.559	10301	11001	-76	-97	24
2014-12-10 14:21:11.579	10301	11001	-76	-97	22	-0.16	77.24	3.754
2014-12-10 14:46:14.399	10301	11001	-73	-97	25
2014-12-10 14:46:15.93	10301	11001	-73	-97	25
2014-12-10 14:46:16.391	10301	11001	-73	-97	25
2014-12-10 14:46:17.934	10301	11001	-73	-97	25
2014-12-10 15:36:08.303	10301	11001	-79	-73	25	-0.39	77.38	3.754
2014-12-10 15:46:09.091	10301	11001	-79	-97	25
2014-12-10 15:51:15.619	10301	11001	-76	-76	23	-0.48	77.38	3.754
2014-12-10 16:06:09.55	10301	11001	-76	-97	28	-0.56	77.34	3.754
2014-12-10 16:21:13.204	10301	11001	-76	-97	28	-0.61	77.4	3.754
2014-12-10 16:21:13.571	10301	11001	-76	-97	28	-0.61	77.4	3.754
2014-12-10 17:36:16.035	10301	11001	-73	-76	26	-0.78	77.56	3.754
2014-12-10 17:46:09.463	10301	11001	-76	-97	28
2014-12-10 19:21:10.578	10301	11001	-76	-73	16	-0.74	77.64	3.754
2014-12-10 19:21:10.643	10301	11001	-76	-73	16	-0.74	77.64	3.754
2014-12-10 19:21:12.096	10301	11001	-76	-73	16	-0.74	77.64	3.754
2014-12-10 20:06:10.923	10301	11001	-76	-73	18	-0.78	77.63	3.754
2014-12-10 20:21:09.99	10301	11001	-76	-97	18	-0.79	77.62	3.754
2014-12-10 20:36:23.118	10301	11001	-76	-97	17	-0.81	77.62	3.754
2014-12-10 20:46:12.859	10301	11001	-76	-79	16
2014-12-10 21:51:15.543	10301	11001	-76	-79	16	-0.98	77.54	3.754
2014-12-10 22:36:07.618	10301	11001	-76	-73	13
2014-12-10 22:36:07.632	10301	11001	-76	-97	13	-1.07	77.47	3.754
2014-12-10 23:06:10.362	10301	11001	-76	-73	12	-1.11	77.48	3.754
2014-12-10 23:16:13.847	10301	11001	-76	-97	10
2014-12-11 00:06:11.827	10301	11001	-76	-97	11	-1.28	77.42	3.754
2014-12-11 01:16:09.314	10301	11001	-73	-76	10
2014-12-11 01:21:07.962	10301	11001	-76	-97	11	-1.53	77.41	3.754
2014-12-11 03:51:07.923	10301	11001	-76	-73	10	-1.99	77.34	3.754
2014-12-11 03:51:09.755	10301	11001	-76	-73	10	-1.99	77.34	3.754
2014-12-11 03:56:09.739	10301	11001	-73	-97	15
2014-12-11 04:06:09.043	10301	11001	-73	-73	14	-2.06	77.3	3.754
2014-12-11 04:06:09.154	10301	11001	-73	-73	14	-2.06	77.3	3.754
2014-12-11 21:16:07.995	10301	11001	-76	-73	10
2014-12-11 21:51:09.003	10301	11001	-76	-73	10	-0.13	77.65	3.754
2014-12-11 22:06:13.779	10301	11001	-76	-73	10	-0.11	77.65	3.754
2014-12-12 06:06:10.383	10301	11001	-73	-73	10	-1.35	77.31	3.754
2014-12-12 10:36:05.514	10301	11001	-73	-97	10
2014-12-12 10:46:12.263	10301	11001	-76	-73	10
2014-12-12 11:21:06.27	10301	11001	-76	-73	11	0.2	77.75	3.754
2014-12-12 11:56:05.791	10301	11001	-76	-76	11
2014-12-12 12:06:09.079	10301	11001	-79	-76	10	0.39	77.84	3.754
2014-12-12 12:16:06.687	10301	11001	-76	-97	10
2014-12-12 12:21:06.334	10301	11001	-76	-97	10	0.56	77.66	3.742
2014-12-12 12:36:06.214	10301	11001	-79	-97	10
2014-12-12 12:51:06.862	10301	11001	-79	-97	23	0.57	77.55	3.742
2014-12-12 14:06:09.055	10301	11001	-79	-97	21	0.72	77.51	3.742
2014-12-12 14:51:05.978	10301	11001	-76	-79	20	0.78	77.52	3.742
2014-12-12 15:06:07.131	10301	11001	-79	-76	18	0.79	77.47	3.742
2014-12-12 15:21:05.61	10301	11001	-76	-97	18	0.71	77.39	3.754
2014-12-12 17:36:09.979	10301	11001	-76	-76	19	-0.48	77.22	3.754
2014-12-12 17:46:05.591	10301	11001	-76	-97	22
2014-12-12 17:56:05.122	10301	11001	-76	-97	22
2014-12-13 02:51:09.906	10301	11001	-73	-97	17	-1.68	77.5	3.754
2014-12-13 09:36:07.023	10301	11001	-73	-73	10	-2.03	77.59	3.754
2014-12-13 09:56:06.703	10301	11001	-73	-97	10
2014-12-13 10:06:04.927	10301	11001	-73	-73	10	-1.96	77.65	3.754
2014-12-13 10:36:06.07	10301	11001	-73	-97	10	-1.75	77.79	3.742
2014-12-13 10:46:12.954	10301	11001	-73	-97	10
2014-12-13 11:06:05.043	10301	11001	-73	-97	14	-1.74	77.65	3.754
2014-12-13 11:16:17.01	10301	11001	-73	-97	17
2014-12-13 19:36:07.736	10301	11001	-79	-82	20	0.2	77.99	3.742
2014-12-13 19:51:04.699	10301	11001	-79	-82	21	0.24	77.99	3.742
2014-12-13 20:06:04.022	10301	11001	-82	-97	21	0.29	78.01	3.742
2014-12-13 20:36:03.687	10301	11001	-79	-85	21
2014-12-13 20:51:03.711	10301	11001	-79	-79	20	0.53	78.08	3.742
2014-12-13 21:06:06.326	10301	11001	-79	-82	19	0.6	78.15	3.742
2014-12-13 21:16:06.395	10301	11001	-82	-97	19
2014-12-13 21:16:06.435	10301	11001	-82	-97	19
2014-12-13 21:21:04.723	10301	11001	-82	-97	19	0.67	78.14	3.742
2014-12-13 21:46:04.379	10301	11001	-82	-82	19
2014-12-13 22:16:03.558	10301	11001	-82	-82	19
2014-12-13 22:21:11.751	10301	11001	-82	-97	19	1.03	78.22	3.742
2014-12-13 22:36:04.782	10301	11001	-82	-82	22
2014-12-13 22:36:04.823	10301	11001	-79	-97	22	1.14	78.22	3.742
2014-12-13 22:46:05.534	10301	11001	-82	-97	22
2014-12-13 22:46:08.57	10301	11001	-82	-97	22
2014-12-13 22:51:04.902	10301	11001	-79	-97	21	1.24	78.26	3.742
2014-12-13 23:36:08.739	10301	11001	-79	-97	18	1.57	78.22	3.742
2014-12-13 23:46:06.264	10301	11001	-79	-97	23
2014-12-13 23:51:05.374	10301	11001	-82	-97	24	1.7	78.27	3.742
2014-12-13 23:56:06.119	10301	11001	-79	-97	26
2014-12-14 00:06:04.686	10301	11001	-79	-97	26	1.79	78.27	3.742
2014-12-14 00:16:03.398	10301	11001	-79	-97	29
2014-12-14 00:21:04.01	10301	11001	-79	-97	29	1.88	78.31	3.742
2014-12-14 00:21:04.751	10301	11001	-79	-97	29	1.88	78.31	3.742
2014-12-14 00:36:09.787	10301	11001	-79	-97	29	1.96	78.38	3.742
2014-12-14 00:36:15.323	10301	11001	-79	-97	29	1.96	78.38	3.742
2014-12-14 00:36:15.978	10301	11001	-79	-97	29	1.96	78.38	3.742
2014-12-14 00:36:17.419	10301	11001	-79	-97	29	1.96	78.38	3.742
2014-12-14 00:36:17.934	10301	11001	-79	-97	29	1.96	78.38	3.742
2014-12-14 03:06:10.247	10301	11001	-82	-79	18	2.78	78.25	3.742
2014-12-14 16:36:02.903	10301	11001	-79	-79	15	6.07	78.56	3.742
2014-12-14 17:46:05.519	10301	11001	-79	-79	11
2014-12-14 18:06:02.503	10301	11001	-79	-79	13	5.78	78.37	3.742
2014-12-14 18:16:04.479	10301	11001	-79	-97	13
2014-12-14 18:21:05.794	10301	11001	-79	-97	13	5.78	78.4	3.742
2014-12-14 18:36:02.815	10301	11001	-76	-97	15
2014-12-14 18:36:02.862	10301	11001	-79	-97	15	5.75	78.44	3.742
2014-12-14 18:46:03.434	10301	11001	-79	-97	16
2014-12-14 18:51:03.786	10301	11001	-76	-97	16	5.78	78.47	3.742
2014-12-14 19:06:05.19	10301	11001	-76	-97	16	5.78	78.54	3.742
2014-12-14 19:16:01.57	10301	11001	-76	-97	16
2014-12-14 19:16:01.63	10301	11001	-76	-97	16
2014-12-14 19:21:01.89	10301	11001	-79	-97	16	5.82	78.6	3.742
2014-12-14 19:46:03.046	10301	11001	-79	-76	37
2014-12-15 02:46:01.522	10301	11001	-79	-97	41
2014-12-15 09:36:04.547	10301	11001	-79	-79	16	5.78	78.88	3.742
2014-12-15 09:51:01.514	10301	11001	-79	-79	14	5.72	78.92	3.742
2014-12-15 10:51:01.082	10301	11001	-79	-79	12	6.11	79.01	3.742
2014-12-15 11:16:06.007	10301	11001	-79	-97	28
2014-12-15 13:56:00.15	10301	11001	-79	-97	32
2014-12-15 14:06:03.727	10301	11001	-79	-97	30	8.82	78.6	3.742
2014-12-15 14:16:00.43	10301	11001	-79	-97	23
2014-12-15 14:46:01.19	10301	11001	-79	-79	20
2014-12-15 15:06:00.958	10301	11001	-79	-97	19	9.0	78.56	3.742
2014-12-15 15:16:07.738	10301	11001	-79	-97	18
2014-12-15 15:16:07.91	10301	11001	-79	-97	28
2014-12-15 16:06:00.734	10301	11001	-76	-97	25	8.39	78.35	3.742
2014-12-15 16:16:00.319	10301	11001	-79	-97	25
2014-12-15 16:21:05.719	10301	11001	-79	-97	24	8.24	78.37	3.742
2014-12-15 17:16:05.494	10301	11001	-79	-97	23
2014-12-15 17:21:01.574	10301	11001	-79	-97	23	7.74	78.41	3.742
2014-12-15 17:36:03.592	10301	11001	-79	-97	22	7.57	78.37	3.742
2014-12-15 17:51:03.507	10301	11001	-79	-97	22	7.49	78.33	3.742
2014-12-15 17:56:00.743	10301	11001	-79	-97	22
2014-12-15 18:21:00.519	10301	11001	-79	-97	26	7.24	78.32	3.742
2014-12-15 18:35:59.506	10301	11001	-79	-97	24
2014-12-15 18:36:00.543	10301	11001	-79	-97	24	6.88	78.29	3.742
2014-12-15 18:46:00.127	10301	11001	-79	-79	25
2014-12-15 18:51:00.235	10301	11001	-79	-97	25	6.47	78.26	3.742
2014-12-15 19:06:02.523	10301	11001	-79	-97	24	6.15	78.28	3.742
2014-12-15 19:15:59.242	10301	11001	-79	-97	22
2014-12-15 19:15:59.275	10301	11001	-79	-97	22
2014-12-15 19:21:05.606	10301	11001	-79	-97	22	5.97	78.39	3.742
2014-12-15 19:36:02.527	10301	11001	-79	-79	21	5.79	78.45	3.742
2014-12-15 19:46:00.007	10301	11001	-79	-97	21
2014-12-15 20:06:02.458	10301	11001	-79	-97	19	5.46	78.52	3.742
2014-12-15 20:16:00.151	10301	11001	-79	-97	24
2014-12-16 00:36:02.431	10301	11001	-79	-79	40
2014-12-16 00:45:58.923	10301	11001	-79	-97	40
2014-12-16 01:06:00.695	10301	11001	-79	-79	38	2.39	78.76	3.742
2014-12-16 01:15:59.87	10301	11001	-79	-97	38
2014-12-16 01:50:59.278	10301	11001	-76	-79	32	2.17	78.8	3.754
2014-12-16 02:15:59.002	10301	11001	-79	-79	32
2014-12-16 03:05:59.591	10301	11001	-79	-97	26	2.43	79.08	3.754
2014-12-16 03:16:01.967	10301	11001	-79	-97	23
2014-12-16 03:46:01.207	10301	11001	-76	-97	21
2014-12-16 03:50:59.327	10301	11001	-76	-97	25	2.95	79.17	3.754
2014-12-16 03:55:59.934	10301	11001	-76	-97	25
2014-12-16 04:05:59.114	10301	11001	-79	-97	23	3.07	79.15	3.754
2014-12-16 04:15:59.027	10301	11001	-76	-97	25
2014-12-16 04:21:02.047	10301	11001	-76	-97	24	3.24	79.14	3.754
2014-12-16 04:36:00.223	10301	11001	-76	-97	33
2014-12-16 04:36:00.355	10301	11001	-79	-97	33	3.35	79.16	3.742
2014-12-16 04:51:04.287	10301	11001	-79	-97	30	3.51	79.06	3.754
2014-12-16 05:05:59.495	10301	11001	-79	-97	32	3.63	79.13	3.754
2014-12-16 05:16:00.035	10301	11001	-79	-97	28
2014-12-16 05:16:00.063	10301	11001	-79	-97	26
2014-12-16 05:20:59.086	10301	11001	-79	-97	29	3.78	79.16	3.754
2014-12-16 05:36:04.386	10301	11001	-76	-97	38	3.88	79.09	3.754
2014-12-16 05:56:04.514	10301	11001	-79	-76	39
2014-12-16 06:06:04.736	10301	11001	-79	-97	38	3.95	78.96	3.742
2014-12-16 06:35:59.659	10301	11001	-79	-97	36
2014-12-16 06:35:59.687	10301	11001	-79	-97	34	4.0	79.02	3.742
2014-12-16 06:51:07.715	10301	11001	-79	-97	30	4.07	79.04	3.754
2014-12-16 07:16:01.855	10301	11001	-79	-97	26
2014-12-16 07:16:01.867	10301	11001	-79	-97	25
2014-12-16 08:16:00.479	10301	11001	-79	-97	32
2014-12-16 08:20:58.679	10301	11001	-79	-97	30	5.01	79.94	3.742
2014-12-16 10:46:00.319	10301	11001	-79	-97	24
2014-12-16 11:06:00.223	10301	11001	-79	-79	23	7.88	80.37	3.742
2014-12-16 19:20:58.659	10301	11001	-76	-97	15	7.53	78.88	3.742
2014-12-17 16:15:56.522	10301	11001	-73	-97	10
2014-12-17 16:35:57.362	10301	11001	-76	-97	10
2014-12-17 16:51:04.42	10301	11001	-76	-76	10	0.39	79.26	3.742
2014-12-17 17:05:58.378	10301	11001	-76	-97	10	0.32	79.31	3.742
2014-12-17 17:45:59.083	10301	11001	-76	-97	10
2014-12-17 17:51:00.407	10301	11001	-76	-97	11	0.14	79.38	3.742
2014-12-17 23:15:57.131	10301	11001	-76	-97	10
2014-12-18 03:55:59.358	10301	11001	-73	-76	10
2014-12-18 11:20:57.695	10301	11001	-73	-76	17	-1.34	78.86	3.742
2014-12-18 23:45:57.387	10301	11001	-73	-73	10
2014-12-19 09:45:55.651	10301	11001	-73	-97	10
2014-12-19 09:55:59.911	10301	11001	-76	-97	11
2014-12-19 10:35:55.798	10301	11001	-76	-73	19	-1.46	79.0	3.742
2014-12-19 11:50:55.918	10301	11001	-76	-76	18	-1.06	78.9	3.742
2014-12-19 12:05:55.363	10301	11001	-73	-97	17	-1.03	78.93	3.742
2014-12-19 13:45:57.92	10301	11001	-76	-76	16
2014-12-19 13:50:54.038	10301	11001	-76	-76	14	-0.43	78.9	3.742
2014-12-19 14:06:01.267	10301	11001	-76	-97	14	-0.17	79.03	3.742
2014-12-19 14:20:57.994	10301	11001	-76	-97	17	-0.02	78.79	3.742
2014-12-19 14:35:54.711	10301	11001	-76	-97	16	-0.03	78.73	3.754
2014-12-19 14:45:58.962	10301	11001	-79	-79	16
2014-12-19 16:15:54.447	10301	11001	-76	-76	14
2014-12-19 17:05:56.211	10301	11001	-76	-73	14	-0.71	78.54	3.742
2014-12-19 17:15:55.799	10301	11001	-73	-97	14
2014-12-19 17:45:53.115	10301	11001	-76	-76	13
2014-12-19 17:50:53.611	10301	11001	-76	-97	13	-0.92	78.58	3.742
2014-12-19 17:55:56.666	10301	11001	-76	-97	13
2014-12-19 18:45:54.595	10301	11001	-73	-76	12
2014-12-19 19:05:54.45	10301	11001	-73	-97	12	-1.07	78.67	3.742
2014-12-19 19:15:55.858	10301	11001	-73	-76	10
2014-12-19 19:21:01.334	10301	11001	-73	-97	14	-1.1	78.59	3.742
2014-12-19 19:45:54.363	10301	11001	-73	-97	16
2014-12-19 19:50:57.011	10301	11001	-76	-97	16	-1.16	78.6	3.742
2014-12-19 19:56:04.523	10301	11001	-73	-97	16
2014-12-19 21:15:55.482	10301	11001	-73	-97	18
2014-12-19 21:15:55.498	10301	11001	-73	-97	17
2014-12-19 21:20:53.066	10301	11001	-73	-97	20	-1.29	78.59	3.742
2014-12-19 21:46:03.094	10301	11001	-76	-73	19
2014-12-20 16:15:52.638	10301	11001	-76	-76	10
2014-12-20 16:20:52.651	10301	11001	-79	-76	10	1.97	76.36	3.742
2014-12-20 16:50:52.367	10301	11001	-79	-79	10	1.03	76.69	3.742
2014-12-20 17:15:56.77	10301	11001	-76	-76	10
2014-12-20 17:15:56.783	10301	11001	-76	-97	11
2014-12-20 17:35:53.051	10301	11001	-76	-76	10	-0.29	77.21	3.742
2014-12-20 18:35:54.134	10301	11001	-76	-97	10	-1.63	77.98	3.742
2014-12-20 19:46:05.167	10301	11001	-73	-73	10
2014-12-21 08:50:52.895	10301	11001	-73	-73	15	-2.23	79.08	3.742
2014-12-21 09:15:53.147	10301	11001	-73	-70	15
2014-12-22 09:45:54.818	10301	11001	-73	-97	10
2014-12-22 09:55:52.69	10301	11001	-73	-97	10
2014-12-22 10:15:53.787	10301	11001	-73	-97	10
2014-12-22 10:20:50.302	10301	11001	-76	-97	10	-0.42	79.02	3.742
2014-12-22 10:35:50.443	10301	11001	-76	-76	10
2014-12-22 10:50:51.355	10301	11001	-79	-97	10	1.5	78.42	3.742
2014-12-23 05:50:57.135	10301	11001	-76	-76	14	3.95	79.51	3.742
2014-12-23 05:55:51.342	10301	11001	-76	-97	17
2014-12-23 06:05:50.836	10301	11001	-79	-79	15	3.97	79.78	3.742
2014-12-23 06:15:49.419	10301	11001	-79	-97	23
2014-12-23 06:35:53.783	10301	11001	-79	-97	22	4.07	80.09	3.742
2014-12-23 06:45:50.386	10301	11001	-79	-97	22
2014-12-23 06:50:50.991	10301	11001	-76	-97	23	4.15	80.2	3.742
2014-12-23 07:15:52.831	10301	11001	-76	-97	23
2014-12-23 07:15:52.854	10301	11001	-76	-97	23
2014-12-23 07:35:48.887	10301	11001	-76	-97	23	4.45	80.26	3.742
2014-12-23 07:50:49.903	10301	11001	-76	-97	34	4.51	80.4	3.742
2014-12-23 08:05:50.651	10301	11001	-76	-97	34	4.61	80.52	3.742
2014-12-23 08:35:48.758	10301	11001	-76	-97	30
2014-12-23 08:35:48.774	10301	11001	-76	-97	30	4.78	80.55	3.742
2014-12-23 08:45:53.307	10301	11001	-76	-97	25
2014-12-23 08:50:49.899	10301	11001	-76	-97	30	4.92	80.61	3.742
2014-12-23 10:36:08.635	10301	11001	-76	-76	26	6.35	80.69	3.742
2014-12-23 10:45:49.451	10301	11001	-76	-97	25
2014-12-23 11:15:54.395	10301	11001	-76	-79	25
2014-12-23 11:35:49.218	10301	11001	-76	-97	25	7.57	80.83	3.742
2014-12-23 11:45:51.858	10301	11001	-76	-76	23
2014-12-23 11:55:54.52	10301	11001	-76	-97	22
2014-12-24 07:45:49.078	10301	11001	-76	-76	20
2014-12-24 07:55:45.655	10301	11001	-76	-97	23
2014-12-24 08:05:48.81	10301	11001	-76	-97	21	9.36	81.47	3.742
2014-12-24 08:35:47.011	10301	11001	-76	-76	17
2014-12-24 08:35:47.026	10301	11001	-76	-97	17	9.53	81.61	3.742
2014-12-24 08:45:46.99	10301	11001	-76	-97	16
2014-12-24 08:50:47.435	10301	11001	-76	-97	16	9.7	81.64	3.742
2014-12-24 09:15:46.966	10301	11001	-76	-76	18
2014-12-24 09:35:49.883	10301	11001	-76	-97	17	10.11	81.88	3.742
2014-12-24 11:35:53.806	10301	11001	-76	-76	15	12.18	81.62	3.742
2014-12-24 21:20:47.739	10301	11001	-76	-73	19	10.82	80.12	3.742
2014-12-24 21:35:47.638	10301	11001	-76	-73	19	10.28	79.97	3.742
2014-12-24 21:45:50.663	10301	11001	-73	-97	19
2014-12-24 21:45:51.41	10301	11001	-73	-97	19
2014-12-24 23:45:51.023	10301	11001	-76	-97	19
2014-12-24 23:50:49.611	10301	11001	-76	-97	19	6.82	79.99	3.754
2014-12-25 00:15:49.69	10301	11001	-76	-97	21
2014-12-25 00:20:45.534	10301	11001	-76	-97	21	6.33	80.26	3.754
2014-12-25 00:35:45.41	10301	11001	-76	-97	18	6.14	80.31	3.754
2014-12-25 01:20:47.862	10301	11001	-76	-97	14	5.53	80.22	3.754
2014-12-25 03:15:52.762	10301	11001	-76	-97	15
2014-12-25 07:35:44.616	10301	11001	-76	-97	18	3.79	80.5	3.754
2014-12-25 07:55:48.207	10301	11001	-76	-97	24
2014-12-25 09:15:43.014	10301	11001	-76	-97	16
2014-12-25 09:20:47.43	10301	11001	-73	-97	16	3.26	80.87	3.754
2014-12-25 09:35:48.575	10301	11001	-73	-73	15	3.33	81.07	3.754
2014-12-25 09:45:43.452	10301	11001	-73	-97	14
2014-12-25 09:50:49.083	10301	11001	-76	-97	16	3.32	80.84	3.754
2014-12-25 09:55:45.287	10301	11001	-76	-97	21
2014-12-25 10:05:46.826	10301	11001	-76	-97	31	3.43	81.0	3.754
2014-12-25 10:15:45.334	10301	11001	-73	-97	31
2014-12-25 11:35:45.49	10301	11001	-73	-97	28	4.28	81.36	3.754
2014-12-28 00:35:39.306	10301	11001	-79	-97	10	8.07	79.49	3.754
2014-12-28 01:05:40.799	10301	11001	-82	-82	10	7.6	79.87	3.754
2014-12-28 01:15:43.81	10301	11001	-82	-97	10
2014-12-28 01:15:43.823	10301	11001	-79	-97	10
2014-12-28 01:20:40.866	10301	11001	-79	-97	11	7.39	80.06	3.754
2014-12-28 01:35:37.699	10301	11001	-79	-79	11	7.24	80.29	3.754
2014-12-28 01:45:37.742	10301	11001	-79	-97	10
2014-12-28 01:50:40.37	10301	11001	-82	-97	10	7.14	80.46	3.754
2014-12-28 01:55:45.584	10301	11001	-82	-97	10
2014-12-28 02:05:41.67	10301	11001	-79	-79	10	7.11	80.72	3.754
2014-12-28 02:15:38.67	10301	11001	-82	-97	10
2014-12-28 02:20:42.895	10301	11001	-79	-82	10	7.14	80.9	3.754
2014-12-28 02:35:44.722	10301	11001	-82	-79	10
2014-12-28 02:35:44.739	10301	11001	-79	-97	11	7.15	81.07	3.754
2014-12-28 02:45:42.17	10301	11001	-79	-79	10
2014-12-28 02:50:38.906	10301	11001	-79	-79	11	7.14	81.14	3.754
2014-12-28 03:05:39.482	10301	11001	-79	-79	11	7.17	81.24	3.754
2014-12-28 03:20:38.919	10301	11001	-79	-79	10	7.21	81.35	3.754
2014-12-28 03:45:40.567	10301	11001	-79	-97	10
2014-12-28 03:50:40.17	10301	11001	-79	-97	10	7.28	81.48	3.754
2014-12-28 04:05:43.587	10301	11001	-79	-97	41	7.32	81.44	3.754
2014-12-28 04:15:37.37	10301	11001	-76	-97	41
2014-12-28 05:05:40.551	10301	11001	-79	-97	34	7.39	81.46	3.754
2014-12-28 05:15:39.415	10301	11001	-79	-97	31
2014-12-28 05:15:39.434	10301	11001	-79	-97	29
2014-12-28 05:20:37.759	10301	11001	-79	-97	27	7.4	81.41	3.754
2014-12-28 05:35:40.634	10301	11001	-79	-97	27	7.42	81.41	3.754
2014-12-28 05:45:40.387	10301	11001	-76	-97	24
2014-12-28 05:50:47.107	10301	11001	-79	-97	23	7.39	81.41	3.754
2014-12-28 05:55:45.227	10301	11001	-76	-97	26
2014-12-28 06:05:41.431	10301	11001	-76	-76	33	7.39	81.41	3.754
2014-12-28 06:15:38.343	10301	11001	-79	-97	32
2014-12-28 06:20:41.802	10301	11001	-79	-97	30	7.39	81.46	3.754
2014-12-28 07:55:38.207	10301	11001	-76	-97	23
2014-12-28 08:05:43.339	10301	11001	-73	-97	23	4.79	79.87	3.754
2014-12-28 08:15:45.126	10301	11001	-73	-97	20
2014-12-28 08:20:38.563	10301	11001	-79	-97	31	4.56	79.86	3.754
2014-12-28 08:35:37.627	10301	11001	-76	-97	27
2014-12-28 08:35:37.643	10301	11001	-76	-97	27	4.35	79.96	3.754
2014-12-28 08:45:38.138	10301	11001	-76	-97	23
2014-12-28 08:50:37.846	10301	11001	-73	-97	32	4.21	80.05	3.754
2014-12-28 09:05:40.214	10301	11001	-73	-97	28	4.03	80.03	3.754
2014-12-28 09:15:38.266	10301	11001	-76	-97	24
2014-12-28 09:15:41.211	10301	11001	-76	-97	24
2014-12-28 09:20:37.738	10301	11001	-73	-97	22	3.89	80.04	3.754
2014-12-28 09:35:42.167	10301	11001	-76	-97	23	3.75	80.04	3.754
2014-12-28 10:50:37.771	10301	11001	-76	-76	24	3.53	80.41	3.754
2014-12-28 11:15:38.262	10301	11001	-76	-97	24
2014-12-28 13:15:36.979	10301	11001	-76	-76	19
2014-12-28 13:20:38.795	10301	11001	-76	-97	21	2.92	80.34	3.754
2014-12-28 13:35:42.343	10301	11001	-76	-97	25	2.82	80.37	3.754
2014-12-28 13:45:39.49	10301	11001	-76	-97	25
2014-12-28 13:55:36.283	10301	11001	-76	-97	25
2014-12-28 14:15:45.971	10301	11001	-76	-76	25
2014-12-29 00:15:41.079	10301	11001	-76	-76	10
2014-12-29 05:45:41.38	10301	11001	-76	-97	13
2014-12-29 05:50:35.862	10301	11001	-76	-97	13	-1.1	80.63	3.754
2014-12-29 13:50:36.494	10301	11001	-73	-76	10	5.49	77.36	3.754
2014-12-29 14:05:38.883	10301	11001	-73	-76	10	5.14	77.55	3.754
2014-12-29 14:20:37.962	10301	11001	-76	-76	10	4.64	77.66	3.754
2014-12-29 14:35:34.859	10301	11001	-76	-97	10
2014-12-29 14:35:34.874	10301	11001	-73	-97	10	4.35	78.01	3.742
2014-12-29 15:15:38.375	10301	11001	-76	-76	10
2014-12-29 15:15:39.075	10301	11001	-76	-76	10
2014-12-29 16:15:38.774	10301	11001	-73	-76	10
2014-12-29 16:35:35.731	10301	11001	-76	-97	10
2014-12-29 18:35:42.082	10301	11001	-76	-97	10	0.11	79.61	3.754
2014-12-29 18:45:36.239	10301	11001	-76	-97	11
2014-12-29 21:15:41.782	10301	11001	-79	-97	12
2014-12-29 21:15:42.647	10301	11001	-79	-97	12
2014-12-29 21:50:41.262	10301	11001	-76	-97	11	-1.78	79.97	3.754
2014-12-30 01:45:35.475	10301	11001	-73	-97	13
2014-12-30 03:55:43.774	10301	11001	-73	-97	23
2014-12-30 10:05:37.999	10301	11001	-76	-76	22	1.71	74.53	3.754
2014-12-30 19:20:40.554	10301	11001	-76	-73	12	-2.45	78.89	3.754
2014-12-30 19:50:36.59	10301	11001	-73	-76	10	-2.95	78.89	3.754
2014-12-30 19:55:33.894	10301	11001	-73	-97	10
2014-12-30 20:35:32.974	10301	11001	-73	-73	10
2014-12-30 20:35:36.026	10301	11001	-73	-97	10	-3.25	79.08	3.754
2014-12-30 20:45:33.999	10301	11001	-76	-97	10
2014-12-30 21:20:36.674	10301	11001	-73	-97	11	-3.48	79.05	3.754
2014-12-30 21:35:37.142	10301	11001	-73	-73	11	-3.59	78.86	3.754
2014-12-30 21:45:32.939	10301	11001	-73	-97	11
2014-12-30 21:55:43.019	10301	11001	-73	-97	11
2014-12-30 22:15:41.966	10301	11001	-73	-73	11
2014-12-30 22:35:34.131	10301	11001	-73	-76	14
2014-12-30 23:15:32.818	10301	11001	-73	-73	13
2014-12-30 23:15:32.835	10301	11001	-73	-97	13
2014-12-30 23:20:35.686	10301	11001	-73	-97	13	-5.31	78.56	3.754
2014-12-30 23:35:37.726	10301	11001	-73	-97	13	-5.6	78.63	3.754
2014-12-31 02:20:39.854	10301	11001	-73	-97	10	-6.42	79.35	3.754
2014-12-31 03:15:38.275	10301	11001	-73	-97	10
2014-12-31 05:35:33.327	10301	11001	-73	-73	12	-6.82	79.71	3.754
2014-12-31 05:50:33.918	10301	11001	-70	-73	11	-6.74	79.77	3.754
2014-12-31 06:05:42.342	10301	11001	-73	-97	11	-6.75	79.66	3.754
2014-12-31 06:20:35.262	10301	11001	-73	-73	12	-6.82	79.55	3.754
2014-12-31 06:45:33.274	10301	11001	-73	-73	12
2014-12-31 09:15:38.371	10301	11001	-70	-97	13
2014-12-31 09:15:38.394	10301	11001	-70	-97	14
2014-12-31 11:50:38.37	10301	11001	-73	-97	12	3.39	68.34	3.742
2014-12-31 18:50:36.384	10301	11001	-70	-70	11	-5.16	78.55	3.754
2014-12-31 19:05:32.406	10301	11001	-70	-97	11	-5.29	78.66	3.754
2014-12-31 19:15:33.351	10301	11001	-73	-70	10
2014-12-31 19:35:34.37	10301	11001	-70	-97	10	-5.61	78.77	3.754
2014-12-31 19:45:35.378	10301	11001	-70	-97	10
2014-12-31 19:55:33.147	10301	11001	-70	-97	14
2014-12-31 20:15:35.339	10301	11001	-70	-70	15
2014-12-31 23:35:38.418	10301	11001	-70	-70	30	-6.53	79.01	3.742
2014-12-31 23:45:38.022	10301	11001	-70	-70	28
2014-12-31 23:50:38.031	10301	11001	-70	-97	30	-6.61	79.08	3.754
2015-01-01 00:35:35.491	10301	11001	-70	-70	30	-6.7	79.13	3.754
2015-01-01 00:45:34.419	10301	11001	-70	-97	30
2015-01-01 00:50:36.999	10301	11001	-70	-97	29	-6.71	79.22	3.754
2015-01-01 04:20:33.022	10301	11001	-73	-70	25	-6.66	79.12	3.754
2015-01-01 04:35:32.371	10301	11001	-70	-97	25
2015-01-01 04:35:32.383	10301	11001	-70	-97	25	-6.75	79.12	3.742
2015-01-01 04:45:38.491	10301	11001	-70	-97	25
2015-01-03 10:05:33.127	10301	11001	-76	-97	11	0.18	79.77	3.742
2015-01-03 10:15:35.41	10301	11001	-76	-97	14
2015-01-03 10:20:29.866	10301	11001	-76	-97	16	0.31	80.15	3.742
2015-01-03 10:35:29.363	10301	11001	-76	-97	14
2015-01-03 10:35:29.379	10301	11001	-76	-97	14	0.6	80.37	3.742
2015-01-03 15:05:32.175	10301	11001	-76	-76	13	3.89	81.06	3.742
2015-01-03 15:15:34.264	10301	11001	-79	-97	13
2015-01-03 15:20:30.834	10301	11001	-76	-97	13	4.06	81.17	3.742
2015-01-03 15:45:34.283	10301	11001	-76	-73	13
2015-01-03 15:55:29.143	10301	11001	-76	-97	12
2015-01-03 17:45:29.186	10301	11001	-76	-76	10
2015-01-03 17:55:29.162	10301	11001	-76	-76	10
2015-01-03 19:55:30.007	10301	11001	-76	-97	10
2015-01-04 05:55:29.707	10301	11001	-73	-76	11
2015-01-04 06:05:28.17	10301	11001	-76	-97	11	12.47	82.47	3.729
2015-01-04 06:15:31.735	10301	11001	-76	-97	11
2015-01-04 06:35:30.87	10301	11001	-76	-76	11
2015-01-04 06:35:30.886	10301	11001	-73	-97	11	12.57	82.37	3.729
2015-01-04 06:45:29.843	10301	11001	-76	-73	10
2015-01-04 06:50:32.31	10301	11001	-76	-97	11	12.61	82.35	3.729
2015-01-04 11:35:27.594	10301	11001	-76	-97	10	14.0	82.08	3.742
2015-01-04 11:45:27.146	10301	11001	-73	-97	12
2015-01-04 12:35:29.206	10301	11001	-76	-97	13
2015-01-04 12:35:29.294	10301	11001	-73	-97	13	12.9	81.24	3.729
2015-01-04 12:45:27.526	10301	11001	-73	-97	12
2015-01-04 13:20:34.086	10301	11001	-76	-73	14	11.99	81.24	3.742
2015-01-04 13:20:34.379	10301	11001	-76	-73	14	11.99	81.24	3.742
2015-01-04 13:55:28.318	10301	11001	-76	-73	25
2015-01-04 16:05:34.803	10301	11001	-79	-79	17	10.54	80.4	3.742
2015-01-04 23:55:28.847	10301	11001	-73	-97	16
2015-01-05 00:05:29.591	10301	11001	-76	-79	16	0.99	80.3	3.754
2015-01-05 00:35:29.754	10301	11001	-73	-76	18	0.53	80.22	3.754
2015-01-05 00:45:29.167	10301	11001	-79	-97	20
2015-01-05 03:20:25.698	10301	11001	-76	-76	14	-1.21	80.05	3.754
2015-01-05 03:55:29.347	10301	11001	-79	-97	15
2015-01-05 03:55:30.159	10301	11001	-79	-97	15
2015-01-05 03:55:30.722	10301	11001	-79	-97	15
2015-01-05 04:05:26.511	10301	11001	-76	-97	15	-1.93	79.93	3.754
2015-01-05 04:35:26.847	10301	11001	-76	-97	18
2015-01-05 05:15:32.299	10301	11001	-73	-76	14
2015-01-05 05:15:33.334	10301	11001	-76	-97	20
2015-01-05 05:50:25.286	10301	11001	-76	-97	19	-3.28	79.67	3.754
2015-01-05 06:05:26.42	10301	11001	-73	-97	18	-3.42	79.82	3.754
2015-01-05 06:20:27.683	10301	11001	-73	-73	14	-3.57	79.69	3.754
2015-01-05 06:35:25.927	10301	11001	-73	-73	14
2015-01-05 06:35:25.998	10301	11001	-73	-97	15	-3.85	79.58	3.754
2015-01-05 06:45:26.103	10301	11001	-76	-73	16
2015-01-05 06:50:26.007	10301	11001	-76	-97	16	-4.11	79.45	3.754
2015-01-05 07:05:25.203	10301	11001	-76	-97	16	-4.38	79.48	3.754
2015-01-05 07:15:25.786	10301	11001	-73	-97	15
2015-01-05 07:15:28.81	10301	11001	-73	-97	15
2015-01-05 07:35:25.459	10301	11001	-73	-97	16	-5.24	79.06	3.754
2015-01-05 07:45:35.266	10301	11001	-76	-97	16
2015-01-05 07:50:26.823	10301	11001	-76	-97	15	-5.63	79.01	3.754
2015-01-05 08:05:34.123	10301	11001	-73	-97	16	-5.92	79.06	3.754
2015-01-05 10:45:27.974	10301	11001	-76	-73	14
2015-01-05 10:50:27.887	10301	11001	-73	-97	17	-4.03	77.68	3.754
2015-01-05 21:15:27.987	10301	11001	-70	-70	10
2015-01-05 23:50:25.907	10301	11001	-70	-70	10	-10.78	79.4	3.754
2015-01-06 04:15:25.383	10301	11001	-70	-70	10
2015-01-06 04:45:25.106	10301	11001	-70	-97	11
2015-01-06 05:35:26.406	10301	11001	-70	-97	18	-10.24	79.0	3.754
2015-01-06 05:50:31.302	10301	11001	-70	-70	18	-10.27	79.08	3.754
2015-01-06 06:15:25.867	10301	11001	-70	-97	18
2015-01-06 16:50:29.574	10301	11001	-70	-70	13	-6.42	78.33	3.754
2015-01-07 02:15:27.018	10301	11001	-70	-70	10
2015-01-07 02:45:26.878	10301	11001	-70	-70	10
2015-01-07 02:50:31.81	10301	11001	-70	-97	10	-10.19	78.88	3.754
2015-01-07 04:35:25.039	10301	11001	-70	-70	17
2015-01-07 05:05:26.858	10301	11001	-70	-70	17	-10.98	78.74	3.754
2015-01-07 11:50:28.403	10301	11001	-70	-70	12	-7.1	77.06	3.742
2015-01-07 14:35:25.663	10301	11001	-73	-70	10
2015-01-07 14:45:25.318	10301	11001	-73	-73	10
2015-01-07 15:15:31.343	10301	11001	-70	-73	10
2015-01-07 20:35:27.25	10301	11001	-70	-73	10	-14.92	77.84	3.754
2015-01-07 21:05:30.719	10301	11001	-70	-70	10	-15.08	77.87	3.754
2015-01-07 21:15:29.786	10301	11001	-70	-97	10
2015-01-08 01:45:31.115	10301	11001	-70	-70	10
2015-01-08 06:15:26.451	10301	11001	-70	-70	14
2015-01-08 06:35:35.707	10301	11001	-70	-97	14	-17.7	77.98	3.754
2015-01-08 07:15:32.631	10301	11001	-70	-70	13
2015-01-08 07:35:28.658	10301	11001	-70	-97	13	-17.9	77.77	3.754
2015-01-08 07:55:28.343	10301	11001	-70	-70	13
2015-01-08 08:05:26.594	10301	11001	-70	-97	13	-17.96	77.75	3.754
2015-01-08 08:20:28.882	10301	11001	-70	-70	12	-17.29	79.35	3.754
2015-01-08 08:50:36.662	10301	11001	-70	-70	10	-15.32	78.42	3.754
2015-01-08 11:15:31.942	10301	11001	-70	-70	10
2015-01-08 12:05:27.018	10301	11001	-70	-70	10	-4.2	68.92	3.742
2015-01-08 12:20:31.299	10301	11001	-70	-97	10	-3.88	68.93	3.742
2015-01-08 12:35:26.147	10301	11001	-70	-70	13
2015-01-08 12:35:27.178	10301	11001	-70	-97	12	-5.18	71.83	3.729
2015-01-08 13:20:33.568	10301	11001	-70	-70	11	-7.1	74.59	3.742
2015-01-08 13:20:42.463	10301	11001	-70	-70	11	-7.1	74.59	3.742
2015-01-08 13:50:30.126	10301	11001	-70	-70	12	-7.98	75.11	3.742
2015-01-08 13:55:26.191	10301	11001	-70	-97	12
2015-01-08 14:05:30.882	10301	11001	-70	-97	13	-8.1	75.71	3.742
2015-01-08 14:35:26.435	10301	11001	-70	-70	15
2015-01-08 14:35:26.451	10301	11001	-70	-97	15	-7.76	75.71	3.742
2015-01-08 14:45:26.043	10301	11001	-70	-97	15
2015-01-08 14:50:26.394	10301	11001	-70	-97	15	-8.46	75.1	3.742
2015-01-08 15:05:32.17	10301	11001	-70	-70	15	-8.72	76.42	3.742
2015-01-08 15:20:34.491	10301	11001	-70	-97	22	-8.98	75.81	3.742
2015-01-08 16:15:26.886	10301	11001	-70	-70	37
2015-01-09 03:50:28.067	10301	11001	-70	-97	16	-7.56	79.0	3.742
2015-01-09 10:05:27.339	10301	11001	-73	-70	10	-5.46	78.44	3.729
2015-01-09 10:35:29.114	10301	11001	-73	-73	16
2015-01-09 17:35:32.03	10301	11001	-70	-97	10	-7.82	76.72	3.742
2015-01-09 17:50:27.687	10301	11001	-70	-97	13	-8.19	76.93	3.742
2015-01-09 19:35:27.079	10301	11001	-70	-97	12	-10.1	77.43	3.742
2015-01-09 20:15:30.33	10301	11001	-70	-97	12
2015-01-09 22:50:27.174	10301	11001	-70	-97	10	-12.86	77.51	3.742
2015-01-09 23:55:30.695	10301	11001	-70	-70	10
2015-01-10 00:15:29.366	10301	11001	-70	-97	10
2015-01-10 09:15:27.094	10301	11001	-70	-70	10
2015-01-10 09:20:27.738	10301	11001	-70	-70	10	-9.83	69.62	3.729
2015-01-10 09:55:30.195	10301	11001	-70	-70	10
2015-01-10 10:20:28.838	10301	11001	-70	-70	10	-6.71	70.29	3.729
2015-01-10 10:35:28.239	10301	11001	-70	-97	10
2015-01-10 10:35:28.251	10301	11001	-70	-97	10	-4.89	67.95	3.729
2015-01-10 10:45:29.483	10301	11001	-70	-70	10
2015-01-10 10:50:34.995	10301	11001	-70	-97	10	-4.25	68.2	3.729
2015-01-10 15:05:39.674	10301	11001	-73	-97	12	-3.07	75.2	3.729
2015-01-12 05:35:27.71	10301	11001	-76	-76	10	0.72	80.54	3.742
2015-01-12 05:50:26.735	10301	11001	-76	-97	10	0.78	80.56	3.729
2015-01-12 06:05:28.791	10301	11001	-76	-76	10	0.85	80.55	3.729
2015-01-12 10:20:25.579	10301	11001	-76	-73	10	2.06	80.62	3.729
2015-01-12 11:50:26.55	10301	11001	-76	-76	10	2.15	80.22	3.729
2015-01-12 12:05:26.166	10301	11001	-79	-76	10	2.14	80.22	3.729
2015-01-12 12:15:26.158	10301	11001	-76	-79	10
2015-01-12 12:20:30.088	10301	11001	-76	-97	10	2.1	80.11	3.742
2015-01-12 12:35:42.499	10301	11001	-76	-97	14	2.1	80.06	3.729
2015-01-12 15:45:26.019	10301	11001	-76	-97	10
2015-01-12 17:05:29.407	10301	11001	-76	-76	10	0.64	80.29	3.742
2015-01-12 17:15:25.614	10301	11001	-76	-76	10
2015-01-12 17:55:26.355	10301	11001	-76	-76	10
2015-01-12 18:05:25.751	10301	11001	-79	-97	11	0.15	80.46	3.742
2015-01-12 18:35:29.339	10301	11001	-79	-97	19	0.0	80.65	3.729
2015-01-12 20:05:27.339	10301	11001	-79	-97	20	-0.6	80.38	3.742
2015-01-12 20:45:26.091	10301	11001	-79	-76	14
2015-01-12 20:50:26.319	10301	11001	-79	-79	13	-1.0	80.14	3.742
2015-01-12 21:05:26.306	10301	11001	-79	-97	14	-1.13	80.16	3.742
2015-01-12 21:15:24.962	10301	11001	-76	-97	16
2015-01-12 21:15:25.074	10301	11001	-79	-97	16
2015-01-12 21:20:27.375	10301	11001	-76	-97	16	-1.24	80.18	3.742
2015-01-12 21:35:25.322	10301	11001	-76	-97	18	-1.34	80.23	3.742
2015-01-12 21:45:25.959	10301	11001	-79	-97	16
2015-01-12 21:50:26.29	10301	11001	-76	-97	15	-1.43	80.23	3.742
2015-01-12 21:55:26.331	10301	11001	-76	-97	18
2015-01-12 22:05:25.283	10301	11001	-76	-97	18	-1.54	80.25	3.742
2015-01-12 22:15:28.131	10301	11001	-76	-97	17
2015-01-12 22:20:27.37	10301	11001	-76	-97	20	-1.61	80.26	3.742
2015-01-12 22:35:24.626	10301	11001	-76	-76	20
2015-01-12 22:35:28.715	10301	11001	-76	-97	20	-1.71	80.26	3.742
2015-01-12 22:45:24.783	10301	11001	-76	-97	25
2015-01-13 18:35:28.066	10301	11001	-70	-70	10
2015-01-13 18:35:28.09	10301	11001	-70	-97	10	-5.84	78.51	3.742
2015-01-13 19:55:24.459	10301	11001	-70	-97	12
2015-01-13 20:20:29.114	10301	11001	-70	-97	10	-7.27	79.51	3.742
2015-01-13 21:45:32.087	10301	11001	-70	-70	10
2015-01-14 02:50:25.423	10301	11001	-70	-97	10	-9.66	79.16	3.742
2015-01-14 16:35:25.494	10301	11001	-73	-73	12
2015-01-14 16:45:27.416	10301	11001	-70	-97	12
2015-01-14 17:15:26.434	10301	11001	-73	-70	13
2015-01-14 17:15:26.451	10301	11001	-73	-97	13
2015-01-14 17:35:26.491	10301	11001	-73	-70	10	-4.06	79.08	3.742
2015-01-14 23:20:24.988	10301	11001	-70	-70	19	-6.84	79.3	3.742
2015-01-15 05:45:29.603	10301	11001	-70	-97	11
2015-01-15 06:05:27.247	10301	11001	-70	-70	12	-8.08	79.59	3.742
2015-01-16 08:05:25.718	10301	11001	-70	-70	10	-2.48	80.24	3.742
2015-01-16 08:15:22.067	10301	11001	-70	-70	10
2015-01-16 08:50:26.03	10301	11001	-70	-70	10	-2.34	80.3	3.742
2015-01-16 09:05:26.267	10301	11001	-70	-97	10	-2.21	80.41	3.742
2015-01-16 10:20:22.991	10301	11001	-73	-97	10	0.46	79.69	3.729
2015-01-16 11:05:26.014	10301	11001	-73	-97	10	-0.25	80.62	3.729
2015-01-16 11:15:24.254	10301	11001	-76	-97	10
2015-01-18 14:35:20.847	10301	11001	-79	-79	10
2015-01-20 15:20:16.618	10301	11001	-76	-76	10	1.28	79.97	3.742
2015-01-20 15:35:16.59	10301	11001	-76	-97	14	1.08	79.9	3.742
2015-01-20 15:45:16.343	10301	11001	-76	-97	17
2015-01-20 15:55:18.495	10301	11001	-76	-97	17
2015-01-20 15:55:20.45	10301	11001	-76	-97	17
2015-01-20 15:55:21.691	10301	11001	-76	-97	17
2015-01-20 19:05:19.023	10301	11001	-76	-97	10	0.25	80.39	3.742
2015-01-20 19:15:18.034	10301	11001	-76	-97	11
2015-01-20 19:15:18.066	10301	11001	-76	-97	11
2015-01-20 19:20:18.156	10301	11001	-76	-97	11	0.24	80.43	3.742
2015-01-20 19:35:18.079	10301	11001	-76	-97	11	0.15	80.46	3.742
2015-01-20 19:45:19.986	10301	11001	-76	-73	11
2015-01-20 19:50:23.682	10301	11001	-76	-97	10	0.14	80.5	3.742
2015-01-20 19:55:18.746	10301	11001	-73	-97	15
2015-01-20 20:20:17.059	10301	11001	-76	-97	19	0.08	80.51	3.742
2015-01-21 00:20:15.668	10301	11001	-73	-70	10	-0.43	80.53	3.742
2015-01-21 00:35:15.651	10301	11001	-73	-73	10
2015-01-21 00:35:15.666	10301	11001	-73	-97	10	-0.5	80.61	3.742
2015-01-21 00:45:15.342	10301	11001	-73	-97	10
2015-01-21 00:50:16.407	10301	11001	-73	-97	10	-0.52	80.65	3.742
2015-01-21 01:15:15.462	10301	11001	-73	-73	10
2015-01-21 01:15:16.658	10301	11001	-73	-73	10
2015-01-21 01:15:17.79	10301	11001	-73	-97	10
2015-01-21 01:35:16.298	10301	11001	-73	-97	10	-0.53	80.62	3.742
2015-01-21 01:35:17.37	10301	11001	-73	-97	10	-0.53	80.62	3.742
2015-01-21 01:35:18.706	10301	11001	-73	-97	10	-0.53	80.62	3.742
2015-01-21 01:35:19.35	10301	11001	-73	-97	10	-0.53	80.62	3.742
2015-01-21 02:15:17.511	10301	11001	-73	-73	10
2015-01-21 02:35:19.383	10301	11001	-73	-73	10
2015-01-21 02:45:15.327	10301	11001	-73	-97	11
2015-01-21 02:50:16.026	10301	11001	-73	-97	12	-0.61	80.67	3.742
2015-01-21 03:05:15.558	10301	11001	-73	-97	13	-0.67	80.68	3.742
2015-01-21 03:15:16.396	10301	11001	-73	-97	13
2015-01-21 03:15:16.408	10301	11001	-76	-97	13
2015-01-21 03:20:15.982	10301	11001	-73	-97	13	-0.71	80.67	3.742
2015-01-21 03:35:16.747	10301	11001	-73	-97	11	-0.77	80.61	3.742
2015-01-21 03:45:15.382	10301	11001	-73	-97	12
2015-01-21 03:55:15.286	10301	11001	-73	-97	12
2015-01-21 04:05:17.738	10301	11001	-73	-73	15	-0.85	80.64	3.742
2015-01-21 10:35:17.862	10301	11001	-76	-97	17
2015-01-21 10:45:17.963	10301	11001	-76	-97	18
2015-01-21 11:20:18.299	10301	11001	-76	-76	18	0.43	80.66	3.742
2015-01-21 11:35:15.259	10301	11001	-76	-97	20	0.56	80.71	3.742
2015-01-21 11:45:14.931	10301	11001	-76	-97	19
2015-01-21 11:50:20.303	10301	11001	-76	-97	19	0.53	80.54	3.742
2015-01-21 12:05:17.268	10301	11001	-73	-73	20	0.56	80.6	3.742
2015-01-21 12:45:14.912	10301	11001	-73	-73	20
2015-01-21 12:50:17.254	10301	11001	-73	-97	19	1.0	80.88	3.742
2015-01-21 13:05:15.223	10301	11001	-73	-97	21	1.14	80.8	3.742
2015-01-21 13:15:14.87	10301	11001	-73	-97	21
2015-01-21 13:15:14.887	10301	11001	-73	-97	21
2015-01-21 13:20:20.234	10301	11001	-73	-97	19	1.17	80.74	3.742
2015-01-21 13:35:16.223	10301	11001	-73	-97	22	1.21	80.52	3.742
2015-01-21 13:45:17.895	10301	11001	-73	-97	21
2015-01-21 13:50:15.207	10301	11001	-73	-97	21	1.13	80.45	3.742
2015-01-21 13:55:16.234	10301	11001	-73	-97	21
2015-01-21 14:05:16.202	10301	11001	-73	-70	21	1.04	80.52	3.742
2015-01-21 14:15:15.886	10301	11001	-73	-97	20
2015-01-21 14:20:16.203	10301	11001	-73	-97	20	1.06	80.64	3.742
2015-01-21 14:35:15.203	10301	11001	-73	-97	19
2015-01-21 14:35:15.215	10301	11001	-73	-97	19	1.03	80.59	3.729
2015-01-21 14:45:14.847	10301	11001	-73	-97	18
2015-01-21 14:50:15.503	10301	11001	-73	-97	17	1.03	80.61	3.742
2015-01-21 15:05:15.199	10301	11001	-73	-97	19	1.01	80.68	3.742
2015-01-21 15:15:14.859	10301	11001	-73	-97	19
2015-01-21 15:15:14.89	10301	11001	-73	-97	18
2015-01-21 15:20:15.328	10301	11001	-76	-97	18	1.03	80.71	3.742
2015-01-21 15:35:15.199	10301	11001	-73	-73	18	0.97	80.76	3.742
2015-01-21 15:45:18.243	10301	11001	-76	-97	18
2015-01-21 15:50:15.314	10301	11001	-73	-73	18	1.03	80.8	3.742
2015-01-21 15:55:27.243	10301	11001	-73	-97	18
2015-01-21 15:55:28.287	10301	11001	-73	-97	18
2015-01-21 15:55:28.69	10301	11001	-73	-97	18
2015-01-21 15:55:29.59	10301	11001	-73	-97	18
2015-01-21 20:15:15.718	10301	11001	-73	-97	23
2015-01-21 20:20:17.091	10301	11001	-73	-97	22	0.6	80.72	3.742
2015-01-21 20:35:15.063	10301	11001	-76	-97	22
2015-01-21 20:50:17.163	10301	11001	-73	-97	20	0.6	80.65	3.742
2015-01-21 21:05:16.09	10301	11001	-76	-97	19	0.5	80.63	3.742
2015-01-21 21:15:14.735	10301	11001	-73	-97	17
2015-01-21 21:15:14.751	10301	11001	-76	-97	17
2015-01-21 21:20:17.154	10301	11001	-76	-97	15	0.46	80.71	3.742
2015-01-21 21:35:16.374	10301	11001	-76	-97	36	0.43	80.62	3.742
2015-01-21 21:45:14.87	10301	11001	-76	-97	33
2015-01-21 22:05:19.339	10301	11001	-76	-97	31	0.39	80.74	3.742
2015-01-21 22:15:20.907	10301	11001	-76	-97	27
2015-01-21 22:35:14.011	10301	11001	-76	-97	21
2015-01-21 22:45:14.39	10301	11001	-76	-97	23
2015-01-21 22:50:15.995	10301	11001	-76	-97	20	0.67	81.13	3.742
2015-01-21 23:05:17.219	10301	11001	-76	-97	27	0.72	81.14	3.742
2015-01-21 23:05:18.162	10301	11001	-76	-97	27	0.72	81.14	3.742
2015-01-21 23:15:15.326	10301	11001	-76	-97	25
2015-01-21 23:15:15.512	10301	11001	-76	-97	25
2015-01-21 23:20:14.483	10301	11001	-76	-97	23	0.71	81.1	3.742
2015-01-21 23:35:19.028	10301	11001	-76	-97	19	0.71	81.1	3.742
2015-01-21 23:45:15.779	10301	11001	-76	-97	20
2015-01-21 23:45:17.091	10301	11001	-76	-97	20
2015-01-21 23:50:14.503	10301	11001	-76	-97	18	0.71	81.0	3.742
2015-01-22 02:45:13.711	10301	11001	-76	-97	39
2015-01-22 03:15:16.371	10301	11001	-76	-97	32
2015-01-22 03:15:16.39	10301	11001	-76	-97	32
2015-01-22 03:45:15.074	10301	11001	-76	-97	27
2015-01-22 03:50:17.083	10301	11001	-76	-97	29	0.39	80.63	3.729
2015-01-22 03:55:13.866	10301	11001	-76	-97	28
2015-01-22 04:15:14.747	10301	11001	-76	-97	24
2015-01-22 04:35:19.95	10301	11001	-79	-97	17
2015-01-22 04:35:20	10301	11001	-76	-97	17	0.2	80.61	3.729
2015-01-22 05:20:13.835	10301	11001	-76	-76	23	0.07	80.56	3.742
2015-01-22 05:45:13.511	10301	11001	-76	-97	24
2015-01-22 05:50:14.85	10301	11001	-76	-97	22	-0.02	80.53	3.742
2015-01-22 06:15:13.515	10301	11001	-76	-97	18
2015-01-22 06:35:13.882	10301	11001	-76	-97	16
2015-01-22 06:45:13.503	10301	11001	-76	-97	23
2015-01-23 09:20:12.754	10301	11001	-73	-73	10	-1.6	81.37	3.742
2015-01-24 06:35:11.478	10301	11001	-70	-70	26
2015-01-24 06:35:11.496	10301	11001	-70	-97	26	-1.23	80.32	3.742
2015-01-24 06:45:12.674	10301	11001	-73	-70	26
2015-01-24 07:05:12.047	10301	11001	-70	-70	23	-1.46	80.29	3.742
2015-01-24 07:15:12.975	10301	11001	-73	-97	23
2015-01-24 07:15:13.043	10301	11001	-73	-97	23
2015-01-24 07:20:12.226	10301	11001	-70	-97	23	-1.56	80.29	3.742
2015-01-24 07:35:12.034	10301	11001	-73	-70	23	-1.66	80.22	3.742
2015-01-24 07:50:12.019	10301	11001	-73	-97	22	-1.78	80.2	3.742
2015-01-24 09:05:12.026	10301	11001	-73	-70	20	-1.64	80.23	3.742
2015-01-24 09:35:11.03	10301	11001	-73	-73	19	-1.57	80.38	3.742
2015-01-24 09:45:11.674	10301	11001	-70	-97	19
2015-01-24 10:05:11.199	10301	11001	-70	-70	17	-1.46	79.99	3.742
2015-01-24 10:35:11.122	10301	11001	-73	-70	17
2015-01-24 11:05:12.006	10301	11001	-70	-70	16	-0.99	79.73	3.742
2015-01-24 11:35:12.042	10301	11001	-70	-73	15	-0.61	79.7	3.742
2015-01-24 11:45:11.666	10301	11001	-73	-97	15
2015-01-24 11:55:12.367	10301	11001	-73	-70	16
2015-01-24 12:05:13.02	10301	11001	-73	-97	16	-0.42	79.63	3.742
2015-01-24 12:35:13.062	10301	11001	-73	-70	16
2015-01-24 12:50:10.971	10301	11001	-73	-97	19	-0.46	79.55	3.742
2015-01-24 13:05:10.978	10301	11001	-73	-97	18	-0.25	79.79	3.742
2015-01-24 13:15:11.682	10301	11001	-73	-97	17
2015-01-24 13:15:11.706	10301	11001	-73	-97	17
2015-01-24 13:20:11.01	10301	11001	-73	-97	17	-0.29	79.61	3.742
2015-01-24 13:35:18.011	10301	11001	-73	-73	16	-0.34	79.56	3.742
2015-01-24 13:45:10.642	10301	11001	-73	-97	23
