result_time	node_id	parent_id	stats_frssi	stats_brssi	etx	temperature	humidity	voltage
2014-12-01 11:46:24.391	10301	10011	-94	-94	15
2014-12-01 11:51:29.051	10301	10011	-94	-97	15	5.18	76.38	3.767
2014-12-01 11:56:23.93	10301	10011	-94	-97	18
2014-12-05 14:16:23.246	10301	10011	-94	-97	10
2014-12-05 14:21:19.382	10301	10011	-91	-97	18	3.75	78.27	3.754
2014-12-05 14:36:17.194	10301	10011	-94	-97	17
2014-12-05 14:36:17.211	10301	10011	-94	-97	17	3.76	78.37	3.754
2014-12-05 14:51:21.323	10301	10011	-94	-97	23	3.9	78.47	3.754
2014-12-05 15:06:18.314	10301	10011	-94	-94	25	4.0	78.59	3.754
2014-12-05 15:16:18.15	10301	10011	-94	-97	27
2014-12-05 15:16:18.166	10301	10011	-94	-97	26
2014-12-05 15:21:18.307	10301	10011	-94	-97	25	4.07	78.58	3.754
2014-12-05 15:36:21.115	10301	10011	-94	-97	24	4.14	78.59	3.754
2014-12-05 15:46:25.187	10301	10011	-94	-97	27
2014-12-05 15:51:18.786	10301	10011	-94	-91	40	4.22	78.59	3.754
2014-12-05 15:56:16.998	10301	10011	-94	-97	38
2014-12-05 16:06:19.183	10301	10011	-94	-97	35	4.28	78.6	3.754
2014-12-05 16:16:17.026	10301	10011	-94	-97	32
2014-12-05 16:21:18.278	10301	10011	-94	-97	31	4.35	78.57	3.754
2014-12-05 16:51:18.046	10301	10011	-94	-97	43	4.35	78.42	3.754
2014-12-05 17:06:17.07	10301	10011	-94	-97	40	4.38	78.53	3.754
2014-12-05 17:16:19.042	10301	10011	-94	-97	40
2014-12-05 17:36:20.07	10301	10011	-94	-97	37	4.46	78.52	3.754
2014-12-05 17:51:17.594	10301	10011	-94	-94	36	4.47	78.45	3.754
2014-12-05 18:36:20.007	10301	10011	-94	-91	37
2014-12-05 18:46:19.923	10301	10011	-94	-97	35
2014-12-05 19:16:21.898	10301	10011	-94	-94	32
2014-12-05 19:21:19.987	10301	10011	-94	-97	31	4.68	78.69	3.754
2014-12-05 19:51:16.466	10301	10011	-94	-94	31	4.71	78.72	3.754
2014-12-05 19:56:18.514	10301	10011	-94	-97	30
2014-12-05 20:21:19.815	10301	10011	-94	-94	28	4.75	78.68	3.754
2014-12-05 20:36:16.843	10301	10011	-94	-97	30
2014-12-05 20:46:16.73	10301	10011	-94	-97	30
2014-12-05 20:51:16.786	10301	10011	-94	-97	30	4.78	78.71	3.754
2014-12-05 21:06:16.74	10301	10011	-91	-94	28	4.78	78.73	3.754
2014-12-05 21:36:21.782	10301	10011	-91	-94	28	4.82	78.77	3.754
2014-12-05 21:46:17.671	10301	10011	-94	-91	28
2014-12-05 21:56:17.579	10301	10011	-91	-97	27
2014-12-05 23:16:17.566	10301	10011	-94	-94	40
2014-12-05 23:51:16.271	10301	10011	-94	-94	34	5.01	78.81	3.754
2014-12-06 00:16:20.53	10301	10011	-94	-91	34
2014-12-06 00:21:19.639	10301	10011	-94	-97	31	4.97	78.73	3.754
2014-12-06 00:36:15.566	10301	10011	-94	-97	32
2014-12-06 00:36:19.63	10301	10011	-94	-97	32	4.95	78.7	3.742
2014-12-06 00:46:16.475	10301	10011	-91	-97	28
2014-12-06 00:51:17.606	10301	10011	-94	-97	31	4.93	78.7	3.754
2014-12-06 01:06:18.587	10301	10011	-94	-97	31	4.92	78.67	3.754
2014-12-06 01:16:16.422	10301	10011	-94	-91	28
2014-12-06 01:16:16.437	10301	10011	-94	-97	28
2014-12-06 01:21:16.596	10301	10011	-94	-97	26	4.86	78.66	3.754
2014-12-06 01:36:16.554	10301	10011	-94	-97	25	4.85	78.63	3.754
2014-12-06 01:46:17.403	10301	10011	-94	-97	24
2014-12-06 01:51:16.018	10301	10011	-94	-91	24	4.82	78.65	3.754
2014-12-06 01:56:18.243	10301	10011	-91	-97	24
2014-12-06 02:06:17.455	10301	10011	-94	-97	23	4.82	78.67	3.754
2014-12-06 02:16:16.374	10301	10011	-94	-97	21
2014-12-06 02:21:17.486	10301	10011	-91	-97	20	4.85	78.78	3.754
2014-12-06 02:36:18.438	10301	10011	-94	-97	28	4.93	78.94	3.742
2014-12-06 02:51:19.499	10301	10011	-94	-97	35	5.01	78.93	3.754
2014-12-06 03:06:17.422	10301	10011	-94	-97	33	5.07	78.97	3.754
2014-12-06 03:46:17.258	10301	10011	-94	-97	28
2014-12-06 03:56:19.642	10301	10011	-94	-97	25
2014-12-06 04:16:20.27	10301	10011	-94	-97	26
2014-12-06 04:21:16.335	10301	10011	-94	-97	28	5.18	78.9	3.754
2014-12-06 04:36:17.35	10301	10011	-94	-97	32	5.18	78.92	3.742
2014-12-06 04:51:16.179	10301	10011	-94	-97	28	5.2	78.88	3.754
2014-12-06 05:06:17.307	10301	10011	-94	-97	26	5.18	78.92	3.754
2014-12-06 05:16:15.131	10301	10011	-94	-94	23
2014-12-06 05:16:15.146	10301	10011	-94	-97	23
2014-12-06 05:36:21.309	10301	10011	-94	-97	23	5.24	78.96	3.754
2014-12-06 05:46:17.134	10301	10011	-94	-97	24
2014-12-06 06:06:17.178	10301	10011	-94	-97	38	5.26	78.92	3.754
2014-12-06 06:21:16.191	10301	10011	-94	-97	36	5.24	78.88	3.754
2014-12-06 07:51:16.654	10301	10011	-94	-94	43	5.0	78.71	3.754
2014-12-06 10:36:15.854	10301	10011	-94	-91	45	4.74	78.89	3.742
2014-12-06 11:16:17.782	10301	10011	-94	-94	45
2014-12-06 11:56:15.358	10301	10011	-94	-94	48
2014-12-06 12:46:19.674	10301	10011	-94	-97	54
2014-12-12 04:21:06.374	10301	10011	-91	-97	12	-0.75	77.28	3.754
2014-12-12 04:36:09.994	10301	10011	-88	-97	13
2014-12-12 04:36:10.007	10301	10011	-94	-97	14	-0.85	77.28	3.742
2014-12-12 05:06:08.879	10301	10011	-94	-97	48	-0.96	77.23	3.754
2014-12-12 05:16:08.847	10301	10011	-91	-97	44
2014-12-12 05:51:06.427	10301	10011	-88	-88	37	-1.25	77.28	3.754
2014-12-12 05:56:08.542	10301	10011	-91	-97	37
2014-12-12 06:21:09.639	10301	10011	-88	-88	34	-1.38	77.33	3.754
2014-12-12 06:46:05.751	10301	10011	-91	-97	30
2014-12-12 07:06:06.811	10301	10011	-91	-97	27	-1.48	77.35	3.754
2014-12-12 07:16:06.746	10301	10011	-88	-88	25
2014-12-12 07:51:06.37	10301	10011	-91	-97	24	-1.52	77.44	3.754
2014-12-12 08:06:06.658	10301	10011	-91	-97	24	-1.52	77.49	3.754
2014-12-12 08:16:05.707	10301	10011	-91	-97	22
2014-12-12 08:51:05.674	10301	10011	-91	-97	22	-1.32	77.67	3.754
2014-12-12 09:36:08.739	10301	10011	-94	-97	23	-0.89	77.79	3.754
2014-12-12 09:56:07.283	10301	10011	-94	-97	23
2014-12-12 13:06:05.47	10301	10011	-94	-91	31	0.57	77.59	3.742
2014-12-12 13:36:05.483	10301	10011	-91	-97	28	0.78	77.69	3.742
2014-12-12 13:46:08.551	10301	10011	-94	-97	27
2014-12-12 14:21:06.466	10301	10011	-91	-97	25	0.65	77.42	3.742
2014-12-12 15:16:07.47	10301	10011	-91	-91	23
2014-12-12 15:36:05.53	10301	10011	-94	-94	23	0.57	77.35	3.754
2014-12-12 15:46:05.415	10301	10011	-94	-97	23
2014-12-12 15:56:06.227	10301	10011	-91	-88	21
2014-12-12 16:06:05.36	10301	10011	-91	-97	21	0.35	77.23	3.754
2014-12-12 16:16:05.426	10301	10011	-91	-97	23
2014-12-12 16:36:05.451	10301	10011	-94	-97	22
2014-12-12 16:51:05.391	10301	10011	-91	-97	21	-0.14	77.1	3.754
2014-12-12 17:21:06.283	10301	10011	-94	-91	20	-0.39	77.14	3.754
2014-12-12 17:51:06.991	10301	10011	-91	-91	19	-0.52	77.26	3.754
2014-12-12 18:06:07.298	10301	10011	-91	-97	18	-0.57	77.31	3.754
2014-12-12 19:16:05.302	10301	10011	-91	-97	19
2014-12-12 19:16:05.318	10301	10011	-91	-97	19
2014-12-13 01:06:08.123	10301	10011	-91	-97	17	-1.78	77.48	3.754
2014-12-13 01:21:08.086	10301	10011	-91	-97	30	-1.74	77.39	3.754
2014-12-13 01:51:04.767	10301	10011	-88	-97	24	-1.75	77.43	3.754
2014-12-13 02:36:12.183	10301	10011	-91	-97	25	-1.7	77.52	3.754
2014-12-13 05:56:06.694	10301	10011	-88	-91	31
2014-12-13 09:16:04.906	10301	10011	-88	-97	14
2014-12-13 09:16:04.918	10301	10011	-88	-97	14
2014-12-13 09:21:07.022	10301	10011	-88	-97	19	-2.07	77.55	3.754
2014-12-13 09:51:06.558	10301	10011	-88	-97	22	-1.98	77.62	3.754
2014-12-13 10:21:06.175	10301	10011	-88	-97	28	-1.85	77.74	3.754
2014-12-13 10:36:06.052	10301	10011	-88	-97	28
2014-12-13 10:51:05.011	10301	10011	-91	-97	34	-1.71	77.65	3.754
2014-12-13 11:21:05.127	10301	10011	-88	-88	34	-1.7	77.61	3.754
2014-12-13 11:46:05.817	10301	10011	-91	-97	33
2014-12-13 11:51:04.474	10301	10011	-91	-97	30	-1.53	77.74	3.754
2014-12-13 11:56:05.614	10301	10011	-88	-97	27
2014-12-13 12:06:04.919	10301	10011	-88	-97	26	-1.43	77.72	3.742
2014-12-13 12:16:05.819	10301	10011	-88	-97	40
2014-12-13 12:36:06.862	10301	10011	-88	-97	34
2014-12-13 12:46:09.831	10301	10011	-91	-97	30
2014-12-13 12:51:09.879	10301	10011	-88	-97	29	-1.17	77.78	3.742
2014-12-13 13:06:04.95	10301	10011	-88	-97	33	-1.1	77.77	3.742
2014-12-13 13:16:09.827	10301	10011	-91	-97	30
2014-12-13 13:16:09.843	10301	10011	-91	-97	32
2014-12-13 13:21:04.907	10301	10011	-88	-97	29	-1.06	77.75	3.742
2014-12-13 13:36:05.939	10301	10011	-88	-97	30	-0.79	78.02	3.742
2014-12-13 13:46:03.763	10301	10011	-91	-97	25
2014-12-13 13:51:04.375	10301	10011	-94	-97	25	-0.71	77.9	3.742
2014-12-13 13:56:08.304	10301	10011	-94	-88	23
2014-12-13 14:06:05.683	10301	10011	-91	-97	23	-0.68	77.91	3.742
2014-12-13 14:16:03.71	10301	10011	-91	-97	23
2014-12-13 14:21:04.698	10301	10011	-88	-97	22	-0.61	77.95	3.742
2014-12-13 14:36:05.671	10301	10011	-88	-88	22
2014-12-13 14:36:05.687	10301	10011	-88	-97	22	-0.53	77.96	3.742
2014-12-13 14:46:04.698	10301	10011	-94	-91	22
2014-12-13 14:51:05.823	10301	10011	-88	-97	21	-0.57	77.86	3.742
2014-12-13 15:06:07.727	10301	10011	-88	-97	21	-0.48	77.91	3.742
2014-12-13 15:16:07.735	10301	10011	-91	-97	21
2014-12-13 15:16:07.755	10301	10011	-91	-97	23
2014-12-13 15:21:09.779	10301	10011	-91	-97	21	-0.42	77.87	3.742
2014-12-13 15:36:04.622	10301	10011	-91	-97	23	-0.43	77.84	3.742
2014-12-13 15:46:03.646	10301	10011	-88	-97	21
2014-12-13 15:51:07.342	10301	10011	-91	-88	23	-0.35	77.91	3.742
2014-12-13 15:56:04.343	10301	10011	-91	-97	27
2014-12-13 16:06:06.639	10301	10011	-94	-97	27	-0.29	77.92	3.742
2014-12-13 16:16:03.631	10301	10011	-94	-97	25
2014-12-13 16:21:05.843	10301	10011	-94	-97	24	-0.28	77.9	3.742
2014-12-13 16:36:03.867	10301	10011	-88	-97	32
2014-12-13 17:16:05.635	10301	10011	-88	-97	28
2014-12-13 17:16:05.647	10301	10011	-94	-97	28
2014-12-13 17:21:05.706	10301	10011	-88	-97	26	-0.17	77.85	3.742
2014-12-13 17:46:03.894	10301	10011	-91	-88	25
2014-12-13 19:16:05.567	10301	10011	-94	-91	33
2014-12-13 19:56:05.079	10301	10011	-94	-94	29
2014-12-13 21:36:08.383	10301	10011	-94	-94	27	0.78	78.16	3.742
2014-12-13 21:51:06.071	10301	10011	-94	-94	26	0.85	78.18	3.742
2014-12-17 03:45:58.986	10301	10011	-94	-97	14
2014-12-17 04:05:56.902	10301	10011	-94	-97	22	4.18	79.27	3.742
2014-12-17 08:20:58.05	10301	10011	-94	-94	48	2.64	78.98	3.754
2014-12-17 11:35:57.603	10301	10011	-94	-97	49	2.33	79.24	3.742
2014-12-17 11:45:57.502	10301	10011	-94	-97	46
2014-12-17 11:51:00.163	10301	10011	-94	-97	52	2.15	78.99	3.754
2014-12-17 11:56:04.311	10301	10011	-91	-97	45
2014-12-17 12:06:03.531	10301	10011	-91	-97	73	1.83	78.68	3.754
2014-12-23 07:20:53.515	10301	10011	-94	-97	20	4.35	80.29	3.742
2014-12-23 13:05:49.747	10301	10011	-94	-97	11	9.93	80.46	3.742
2014-12-23 13:15:47.671	10301	10011	-94	-97	19
2014-12-23 13:15:47.684	10301	10011	-94	-97	18
2014-12-23 13:20:50.818	10301	10011	-94	-97	20	9.96	80.66	3.742
2014-12-23 13:35:49.61	10301	10011	-94	-97	21	10.43	80.64	3.742
2014-12-23 13:45:49.623	10301	10011	-94	-97	28
2014-12-23 13:50:49.251	10301	10011	-94	-97	28	10.77	80.38	3.729
2014-12-23 13:55:50.351	10301	10011	-94	-97	26
2014-12-23 14:05:50.53	10301	10011	-94	-97	31	11.22	80.43	3.729
2014-12-23 14:15:48.57	10301	10011	-94	-97	32
2014-12-23 14:20:49.595	10301	10011	-94	-97	29	11.29	80.44	3.742
2014-12-23 14:35:47.487	10301	10011	-94	-97	24
2014-12-23 14:35:49.531	10301	10011	-94	-97	24	11.33	80.58	3.729
2014-12-23 14:45:47.51	10301	10011	-94	-97	21
2014-12-23 14:50:51.595	10301	10011	-94	-97	20	11.29	80.64	3.742
2014-12-23 15:05:51.558	10301	10011	-94	-97	36	11.39	80.71	3.729
2014-12-23 15:15:47.438	10301	10011	-94	-97	34
2014-12-23 15:20:48.018	10301	10011	-91	-94	34	11.45	80.67	3.729
2014-12-23 15:45:49.41	10301	10011	-91	-97	32
2014-12-23 15:50:49.09	10301	10011	-94	-97	27	11.46	80.63	3.742
2014-12-23 16:05:50.315	10301	10011	-94	-97	26	11.43	80.72	3.742
2014-12-23 16:15:52.386	10301	10011	-91	-97	25
2014-12-23 16:20:48.406	10301	10011	-94	-91	25	11.49	80.68	3.742
2014-12-23 16:35:47.259	10301	10011	-94	-97	23
2014-12-24 02:35:47.59	10301	10011	-94	-97	15
2014-12-24 02:35:47.606	10301	10011	-94	-97	15	7.79	81.12	3.742
2014-12-24 02:45:46.47	10301	10011	-94	-97	16
2014-12-24 03:05:48.378	10301	10011	-91	-97	24	7.89	81.14	3.742
2014-12-24 03:15:47.414	10301	10011	-94	-97	23
2014-12-24 03:15:47.431	10301	10011	-94	-97	21
2014-12-24 03:20:47.542	10301	10011	-94	-91	23	7.93	81.17	3.742
2014-12-24 03:35:47.322	10301	10011	-94	-97	28	7.96	81.2	3.742
2014-12-24 03:45:46.391	10301	10011	-91	-97	27
2014-12-24 03:50:47.034	10301	10011	-94	-97	25	8.01	81.24	3.742
2014-12-24 03:55:47.931	10301	10011	-94	-97	21
2014-12-24 04:05:52.375	10301	10011	-94	-97	20	8.14	81.39	3.742
2014-12-24 04:15:48.346	10301	10011	-94	-94	22
2014-12-24 04:20:46.33	10301	10011	-94	-97	22	8.27	81.32	3.742
2014-12-24 07:50:48.69	10301	10011	-94	-94	48	9.31	81.51	3.742
2014-12-24 08:15:47.019	10301	10011	-94	-97	45
2014-12-24 08:20:51.139	10301	10011	-94	-97	45	9.4	81.55	3.742
2014-12-24 09:05:45.995	10301	10011	-94	-97	39	9.89	81.74	3.742
2014-12-24 09:15:46.944	10301	10011	-94	-97	39
2014-12-24 09:20:45.999	10301	10011	-94	-97	36	9.96	81.75	3.742
2014-12-24 09:45:45.882	10301	10011	-94	-97	32
2014-12-24 09:50:48.534	10301	10011	-94	-97	33	10.38	81.85	3.742
2014-12-24 09:55:45.642	10301	10011	-94	-97	30
2014-12-24 10:05:45.859	10301	10011	-94	-97	28	10.7	81.87	3.742
2014-12-24 10:15:47.85	10301	10011	-94	-97	46
2014-12-24 10:20:45.89	10301	10011	-94	-97	37	10.93	81.9	3.742
2014-12-24 10:35:51.847	10301	10011	-94	-97	30
2014-12-24 10:35:51.863	10301	10011	-94	-97	33	11.25	81.9	3.742
2014-12-24 10:45:45.783	10301	10011	-94	-97	30
2014-12-24 10:50:45.843	10301	10011	-94	-97	30	11.39	81.84	3.742
2014-12-24 11:05:50.834	10301	10011	-94	-97	24	11.78	81.92	3.742
2014-12-24 11:15:48.779	10301	10011	-94	-97	37
2014-12-24 11:15:48.794	10301	10011	-94	-97	35
2014-12-24 11:20:51.875	10301	10011	-94	-97	34	12.1	81.65	3.742
2014-12-24 11:50:46.307	10301	10011	-94	-94	34	12.43	81.78	3.742
2014-12-24 20:50:51.295	10301	10011	-94	-97	23	11.95	80.69	3.742
2014-12-24 21:05:52.883	10301	10011	-94	-97	32	11.29	80.35	3.742
2014-12-24 21:15:45.77	10301	10011	-94	-94	39
2014-12-24 21:15:45.786	10301	10011	-94	-97	36
2014-12-24 21:50:44.867	10301	10011	-94	-91	37	9.74	79.9	3.742
2014-12-24 21:55:47.87	10301	10011	-94	-97	37
2014-12-24 22:05:50.647	10301	10011	-94	-97	35	9.31	79.93	3.754
2014-12-24 22:15:46.69	10301	10011	-91	-97	37
2014-12-24 22:20:44.606	10301	10011	-91	-97	37	8.96	79.95	3.754
2014-12-24 22:35:45.57	10301	10011	-91	-97	34
2014-12-24 22:35:45.582	10301	10011	-94	-97	31	8.56	80.13	3.742
2014-12-24 22:45:44.594	10301	10011	-94	-97	30
2014-12-24 22:50:47.679	10301	10011	-94	-97	30	8.31	80.12	3.754
2014-12-24 23:05:46.711	10301	10011	-94	-97	30	7.93	79.87	3.754
2014-12-24 23:15:45.576	10301	10011	-94	-97	31
2014-12-24 23:20:44.643	10301	10011	-88	-97	30	7.46	79.72	3.754
2014-12-24 23:55:44.215	10301	10011	-91	-91	36
2014-12-25 00:05:44.367	10301	10011	-91	-97	36	6.53	80.11	3.754
2014-12-25 00:45:44.442	10301	10011	-91	-97	29
2014-12-25 01:05:47.495	10301	10011	-91	-97	29	5.67	80.18	3.754
2014-12-25 01:15:45.447	10301	10011	-91	-97	67
2014-12-25 01:15:45.458	10301	10011	-91	-97	67
2014-12-25 01:35:44.335	10301	10011	-91	-97	61	5.32	80.3	3.754
2014-12-25 01:45:47.422	10301	10011	-91	-97	46
2014-12-25 01:50:44.051	10301	10011	-94	-97	41	5.14	80.47	3.754
2014-12-25 01:55:47.568	10301	10011	-94	-97	37
2014-12-25 02:05:44.326	10301	10011	-94	-97	44	5.1	80.51	3.754
2014-12-25 02:15:44.367	10301	10011	-91	-97	43
2014-12-25 02:20:44.403	10301	10011	-91	-97	41	5.0	80.48	3.754
2014-12-25 02:35:44.347	10301	10011	-91	-97	36
2014-12-25 02:35:44.366	10301	10011	-91	-97	36	4.89	80.65	3.754
2014-12-25 02:45:45.347	10301	10011	-94	-97	30
2014-12-25 02:50:46.375	10301	10011	-94	-97	28	4.85	80.66	3.754
2014-12-25 03:05:49.275	10301	10011	-91	-97	29	4.71	80.66	3.754
2014-12-25 03:15:52.399	10301	10011	-91	-97	30
2014-12-25 03:45:44.279	10301	10011	-94	-97	32
2014-12-25 03:50:46.931	10301	10011	-94	-97	32	4.29	80.75	3.754
2014-12-25 05:05:44.123	10301	10011	-94	-97	33	4.07	80.91	3.754
2014-12-25 05:15:45.202	10301	10011	-94	-97	31
2014-12-25 06:05:45.106	10301	10011	-94	-97	24	4.01	81.06	3.754
2014-12-25 07:15:45.071	10301	10011	-94	-97	26
2014-12-25 07:20:44.154	10301	10011	-94	-97	24	4.01	80.9	3.754
2014-12-25 10:20:43.762	10301	10011	-94	-97	43	3.45	80.86	3.754
2014-12-25 11:45:43.763	10301	10011	-94	-97	37
2014-12-25 11:55:49.915	10301	10011	-94	-94	37
2014-12-25 12:05:45.751	10301	10011	-88	-97	36	4.39	81.36	3.754
2014-12-25 12:20:46.782	10301	10011	-94	-97	38	4.42	80.71	3.754
2014-12-28 00:20:39.843	10301	10011	-94	-97	15	8.38	79.41	3.754
2014-12-28 09:45:37.099	10301	10011	-94	-97	14
2014-12-28 09:50:37.738	10301	10011	-94	-97	23	3.85	80.03	3.754
2014-12-28 09:55:37.846	10301	10011	-94	-97	23
2014-12-28 10:05:38.09	10301	10011	-94	-97	20	3.78	80.16	3.754
2014-12-28 10:15:39.087	10301	10011	-94	-97	43
2014-12-28 10:20:37.347	10301	10011	-91	-97	37	3.61	80.08	3.754
2014-12-28 10:35:37.058	10301	10011	-94	-97	29
2014-12-28 10:35:37.074	10301	10011	-94	-97	29	3.47	80.19	3.754
2014-12-28 10:45:37.011	10301	10011	-94	-97	45
2014-12-28 11:05:43.191	10301	10011	-94	-97	37	3.51	80.24	3.754
2014-12-28 11:15:37.05	10301	10011	-94	-97	42
2014-12-28 11:20:39.558	10301	10011	-94	-97	40	3.46	80.21	3.754
2014-12-28 11:35:36.951	10301	10011	-94	-97	40	3.36	80.3	3.754
2014-12-28 11:45:39.995	10301	10011	-94	-97	32
2014-12-28 11:50:40.655	10301	10011	-94	-97	31	3.25	80.14	3.754
2014-12-28 11:55:36.711	10301	10011	-94	-97	25
2014-12-28 12:05:44.039	10301	10011	-94	-97	24	3.18	80.19	3.754
2014-12-28 12:15:36.954	10301	10011	-94	-97	33
2014-12-28 12:20:38.026	10301	10011	-94	-97	30	3.11	80.15	3.754
2014-12-28 12:35:36.911	10301	10011	-94	-97	33
2014-12-28 12:35:36.927	10301	10011	-94	-97	33	3.07	80.33	3.754
2014-12-28 12:45:36.93	10301	10011	-94	-97	27
2014-12-28 13:05:39.871	10301	10011	-94	-97	55	3.07	80.35	3.754
2014-12-28 13:50:37.518	10301	10011	-94	-97	46	2.74	80.44	3.754
2014-12-28 14:05:37.815	10301	10011	-94	-97	40	2.89	80.86	3.754
2014-12-28 14:35:37.843	10301	10011	-94	-97	41
2014-12-28 14:35:37.858	10301	10011	-94	-97	46	3.43	80.84	3.754
2014-12-28 14:45:36.794	10301	10011	-94	-97	43
2014-12-28 14:50:44.887	10301	10011	-91	-97	43	3.32	80.81	3.754
2014-12-28 15:05:36.839	10301	10011	-94	-97	36	3.39	80.85	3.754
2014-12-28 15:15:36.811	10301	10011	-94	-97	30
2014-12-28 15:15:36.827	10301	10011	-94	-97	30
2014-12-31 07:05:34.29	10301	10011	-94	-97	16	-6.86	79.47	3.754
2014-12-31 07:15:38.35	10301	10011	-91	-97	15
2014-12-31 07:15:38.367	10301	10011	-94	-97	19
2014-12-31 07:20:33.39	10301	10011	-94	-97	18	-6.88	79.22	3.754
2014-12-31 07:35:36.298	10301	10011	-88	-97	21	-7.03	79.21	3.754
2014-12-31 08:05:41.347	10301	10011	-91	-97	24	-7.32	79.14	3.754
2014-12-31 08:20:34.414	10301	10011	-91	-97	28	-7.25	78.98	3.754
2014-12-31 08:35:33.301	10301	10011	-94	-97	21
2014-12-31 08:35:33.318	10301	10011	-94	-97	21	-7.28	78.77	3.754
2014-12-31 09:35:33.55	10301	10011	-88	-91	36	-3.02	76.45	3.754
2014-12-31 09:45:34.314	10301	10011	-91	-97	30
2014-12-31 09:50:35.986	10301	10011	-94	-97	29	-3.82	77.45	3.754
2014-12-31 09:55:35.051	10301	10011	-94	-97	27
2014-12-31 10:05:34.327	10301	10011	-91	-97	26	-1.95	75.13	3.742
2014-12-31 10:35:36.374	10301	10011	-94	-97	33
2014-12-31 10:35:36.39	10301	10011	-94	-97	32	0.89	70.86	3.742
2014-12-31 10:45:40.395	10301	10011	-94	-97	30
2014-12-31 10:50:33.39	10301	10011	-91	-97	30	1.33	70.51	3.742
2014-12-31 11:05:33.327	10301	10011	-94	-97	24	2.81	68.23	3.742
2014-12-31 11:15:34.363	10301	10011	-91	-97	25
2014-12-31 11:15:34.379	10301	10011	-88	-97	25
2014-12-31 11:20:39.674	10301	10011	-94	-97	41	2.68	69.56	3.742
2014-12-31 17:50:33.054	10301	10011	-94	-97	30	-4.48	77.9	3.754
2014-12-31 18:20:32.358	10301	10011	-94	-88	30	-4.84	78.28	3.754
2014-12-31 18:35:33.395	10301	10011	-94	-97	28
2014-12-31 18:35:33.418	10301	10011	-91	-97	28	-5.03	78.44	3.754
2015-01-01 05:50:34.127	10301	10011	-88	-88	10	-6.93	79.1	3.754
2015-01-01 05:55:37.395	10301	10011	-88	-97	14
2015-01-01 06:05:32.355	10301	10011	-88	-97	23	-6.95	79.03	3.754
2015-01-01 06:15:32.407	10301	10011	-88	-97	23
2015-01-01 06:20:34.447	10301	10011	-91	-97	23	-7.0	79.06	3.754
2015-01-01 06:35:32.435	10301	10011	-91	-97	20
2015-01-01 06:35:32.45	10301	10011	-88	-97	20	-7.07	79.06	3.742
2015-01-01 06:45:33.45	10301	10011	-88	-97	27
2015-01-01 06:50:34.486	10301	10011	-91	-97	25	-7.18	79.09	3.754
2015-01-01 07:05:33.351	10301	10011	-88	-97	22	-7.21	79.12	3.754
2015-01-01 07:15:34.478	10301	10011	-85	-97	29
2015-01-01 07:15:34.494	10301	10011	-85	-97	29
2015-01-01 07:20:32.478	10301	10011	-88	-97	27	-7.25	79.11	3.754
2015-01-01 07:35:37.491	10301	10011	-88	-97	22	-7.28	79.11	3.754
2015-01-01 07:45:32.451	10301	10011	-85	-97	23
2015-01-01 07:50:36.107	10301	10011	-85	-97	24	-7.28	79.06	3.754
2015-01-01 07:55:32.575	10301	10011	-88	-97	26
2015-01-01 08:05:36.386	10301	10011	-91	-97	26	-7.14	79.45	3.754
2015-01-01 08:15:36.474	10301	10011	-88	-97	24
2015-01-01 09:15:33.454	10301	10011	-85	-88	29
2015-01-01 11:35:32.47	10301	10011	-91	-85	27	3.85	73.48	3.729
2015-01-01 11:45:32.438	10301	10011	-85	-97	23
2015-01-01 11:55:34.151	10301	10011	-91	-97	21
2015-01-03 11:15:29.042	10301	10011	-94	-94	10
2015-01-03 11:15:29.055	10301	10011	-94	-97	10
2015-01-03 11:20:30.11	10301	10011	-94	-97	14	1.5	80.3	3.742
2015-01-03 11:50:30.651	10301	10011	-94	-97	24	1.93	80.33	3.742
2015-01-03 11:55:28.739	10301	10011	-91	-97	22
2015-01-03 13:15:30.047	10301	10011	-94	-97	46
2015-01-03 13:35:31.959	10301	10011	-94	-97	41	3.01	80.2	3.742
2015-01-03 13:45:28.906	10301	10011	-94	-97	41
2015-01-03 13:50:33.591	10301	10011	-88	-97	38	3.1	80.27	3.742
2015-01-03 14:05:32.855	10301	10011	-94	-91	39	3.28	80.43	3.742
2015-01-03 14:15:28.878	10301	10011	-88	-97	39
2015-01-03 14:50:29.838	10301	10011	-94	-97	34	3.71	80.93	3.742
2015-01-03 15:35:32.743	10301	10011	-91	-88	34	4.25	81.35	3.742
2015-01-03 15:50:36.475	10301	10011	-91	-91	30	4.39	81.25	3.742
2015-01-03 16:05:29.742	10301	10011	-94	-97	32	4.49	81.24	3.742
2015-01-03 16:15:31.766	10301	10011	-94	-94	31
2015-01-03 16:35:32.763	10301	10011	-94	-97	31	4.74	81.3	3.742
2015-01-03 16:45:28.703	10301	10011	-94	-97	32
2015-01-03 17:15:32.71	10301	10011	-94	-91	32
2015-01-03 17:50:35.379	10301	10011	-94	-94	30	5.11	81.13	3.742
2015-01-03 18:05:31.575	10301	10011	-94	-97	32	5.1	81.03	3.742
2015-01-03 18:50:29.715	10301	10011	-94	-97	36	5.15	80.76	3.742
2015-01-04 02:15:32.035	10301	10011	-94	-97	28
2015-01-04 07:15:27.503	10301	10011	-94	-94	34
2015-01-04 07:15:27.515	10301	10011	-94	-97	40
2015-01-04 13:05:29.895	10301	10011	-91	-97	31	12.21	81.09	3.742
2015-01-04 13:15:26.958	10301	10011	-94	-97	32
2015-01-04 13:35:32.875	10301	10011	-88	-97	29	12.11	81.24	3.742
2015-01-04 13:45:26.87	10301	10011	-88	-88	33
2015-01-04 13:50:34.558	10301	10011	-88	-97	33	11.97	81.43	3.742
2015-01-04 14:05:30.026	10301	10011	-88	-97	33	12.32	81.75	3.742
2015-01-04 14:35:33.934	10301	10011	-94	-97	36
2015-01-04 14:35:33.95	10301	10011	-94	-97	36	12.75	81.63	3.729
2015-01-04 14:45:27.675	10301	10011	-88	-97	36
2015-01-04 14:50:27.775	10301	10011	-85	-97	28	12.72	81.25	3.742
2015-01-04 15:05:26.751	10301	10011	-91	-97	25	12.28	80.73	3.742
2015-01-04 15:15:31.795	10301	10011	-91	-97	25
2015-01-04 15:15:31.814	10301	10011	-91	-97	27
2015-01-04 15:20:26.783	10301	10011	-88	-97	35	11.75	80.59	3.742
2015-01-04 15:35:30.794	10301	10011	-88	-97	36	11.33	80.55	3.742
2015-01-04 15:45:26.687	10301	10011	-85	-97	31
2015-01-04 15:50:32.375	10301	10011	-91	-97	29	10.86	80.42	3.742
2015-01-04 15:55:28.415	10301	10011	-91	-97	32
2015-01-04 16:15:26.638	10301	10011	-88	-97	29
2015-01-04 16:20:26.715	10301	10011	-85	-97	26	10.14	80.33	3.742
2015-01-04 16:35:27.662	10301	10011	-85	-97	24
2015-01-04 16:35:27.679	10301	10011	-85	-97	24	9.63	80.29	3.742
2015-01-04 16:45:29.642	10301	10011	-88	-97	21
2015-01-04 16:50:29.667	10301	10011	-91	-97	19	9.25	80.33	3.742
2015-01-04 17:05:26.518	10301	10011	-85	-97	32	8.85	80.29	3.742
2015-01-04 17:15:28.571	10301	10011	-88	-97	31
2015-01-04 17:15:28.587	10301	10011	-85	-97	32
2015-01-04 17:20:26.32	10301	10011	-85	-88	30	8.49	80.31	3.742
2015-01-04 17:35:26.546	10301	10011	-88	-97	29	8.0	80.22	3.742
2015-01-04 17:45:28.514	10301	10011	-85	-97	29
2015-01-04 17:50:27.13	10301	10011	-91	-97	27	7.51	80.14	3.742
2015-01-04 17:55:25.682	10301	10011	-88	-97	25
2015-01-04 18:05:27.511	10301	10011	-85	-97	23	7.08	80.14	3.742
2015-01-04 18:15:29.522	10301	10011	-88	-97	23
2015-01-04 18:20:26.49	10301	10011	-88	-97	23	6.7	80.15	3.742
2015-01-04 18:35:26.422	10301	10011	-85	-97	21
2015-01-04 18:35:26.444	10301	10011	-88	-97	21	6.36	80.22	3.742
2015-01-04 18:45:28.475	10301	10011	-88	-97	27
2015-01-04 18:50:26.998	10301	10011	-85	-97	26	6.06	80.32	3.754
2015-01-04 19:05:28.391	10301	10011	-85	-97	41	5.56	80.04	3.742
2015-01-04 19:15:27.443	10301	10011	-85	-97	35
2015-01-04 19:15:29.487	10301	10011	-85	-97	35
2015-01-04 19:50:27.01	10301	10011	-85	-97	35	4.75	80.43	3.754
2015-01-04 19:55:26.114	10301	10011	-85	-85	33
2015-01-04 20:05:29.395	10301	10011	-88	-97	31	4.56	80.48	3.754
2015-01-04 20:15:29.37	10301	10011	-85	-97	26
2015-01-04 20:20:27.387	10301	10011	-88	-97	26	4.29	80.56	3.754
2015-01-04 20:35:26.303	10301	10011	-85	-97	21
2015-01-04 20:35:26.315	10301	10011	-88	-97	21	3.88	79.95	3.754
2015-01-04 20:45:26.32	10301	10011	-88	-97	51
2015-01-04 20:50:26.33	10301	10011	-88	-97	48	3.33	79.68	3.754
2015-01-04 21:05:27.203	10301	10011	-85	-97	42	2.93	79.95	3.754
2015-01-04 21:15:26.294	10301	10011	-91	-97	39
2015-01-04 21:15:26.31	10301	10011	-88	-97	37
2015-01-04 21:20:26.303	10301	10011	-88	-97	41	2.68	80.27	3.754
2015-01-04 21:35:29.17	10301	10011	-85	-97	40	2.57	80.5	3.754
2015-01-04 22:35:27.15	10301	10011	-88	-97	36
2015-01-04 23:35:27.059	10301	10011	-88	-97	30	1.38	80.39	3.754
2015-01-04 23:50:26.811	10301	10011	-85	-97	32	1.17	80.39	3.754
2015-01-05 00:15:28.13	10301	10011	-88	-88	39
2015-01-05 00:35:28.047	10301	10011	-88	-97	37
2015-01-05 01:15:26.111	10301	10011	-88	-88	35
2015-01-05 01:20:28.182	10301	10011	-88	-97	34	-0.1	80.21	3.754
2015-01-05 02:05:27.023	10301	10011	-91	-97	23	-0.5	80.19	3.754
2015-01-05 02:15:28.091	10301	10011	-88	-97	23
2015-01-05 02:35:27.123	10301	10011	-88	-97	30	-0.82	80.19	3.754
2015-01-05 02:45:28.071	10301	10011	-88	-97	32
2015-01-07 08:15:26.085	10301	10011	-94	-97	13
2015-01-07 08:20:25.07	10301	10011	-88	-97	12	-11.81	78.61	3.754
2015-01-07 08:35:26.071	10301	10011	-94	-97	12
2015-01-07 08:35:26.086	10301	10011	-91	-97	12	-11.8	78.9	3.754
2015-01-07 08:45:25.107	10301	10011	-94	-97	12
2015-01-07 08:50:27.087	10301	10011	-94	-97	13	-11.46	79.15	3.754
2015-01-07 09:05:28.091	10301	10011	-94	-97	14	-11.26	79.26	3.754
2015-01-07 09:15:25.086	10301	10011	-91	-97	16
2015-01-07 09:15:25.098	10301	10011	-94	-97	16
2015-01-07 09:20:26.027	10301	10011	-94	-97	16	-11.0	79.39	3.754
2015-01-07 09:35:25.146	10301	10011	-91	-97	16	-10.72	79.41	3.754
2015-01-07 09:45:25.154	10301	10011	-91	-97	15
2015-01-07 10:05:26.135	10301	10011	-91	-97	17	-8.5	77.54	3.754
2015-01-07 10:15:25.134	10301	10011	-91	-97	23
2015-01-07 10:20:30.143	10301	10011	-91	-97	23	-8.8	77.32	3.754
2015-01-07 10:35:29.123	10301	10011	-94	-97	25	-9.24	78.03	3.754
2015-01-07 11:05:26.134	10301	10011	-94	-97	36	-9.24	78.65	3.754
2015-01-07 11:20:27.118	10301	10011	-94	-94	33	-8.1	77.75	3.754
2015-01-07 11:35:26.215	10301	10011	-91	-97	33	-7.06	75.66	3.742
2015-01-07 11:45:26.202	10301	10011	-94	-94	32
2015-01-07 12:15:26.215	10301	10011	-94	-97	32
2015-01-07 12:35:25.147	10301	10011	-94	-94	30
2015-01-07 13:15:27.259	10301	10011	-91	-97	27
2015-01-07 13:20:27.087	10301	10011	-91	-94	26	-9.53	77.01	3.754
2015-01-07 13:35:26.214	10301	10011	-94	-97	26	-9.03	77.98	3.754
2015-01-07 21:20:27.602	10301	10011	-94	-91	23	-15.14	77.9	3.754
2015-01-07 23:15:26.898	10301	10011	-91	-91	21
2015-01-07 23:45:25.934	10301	10011	-94	-97	21
2015-01-07 23:50:26.595	10301	10011	-94	-91	21	-16.34	77.88	3.754
2015-01-08 00:15:29.006	10301	10011	-91	-97	20
2015-01-08 00:50:27.874	10301	10011	-88	-97	19	-16.9	77.62	3.754
2015-01-08 01:15:29.115	10301	10011	-88	-88	19
2015-01-08 01:20:27.063	10301	10011	-91	-97	19	-17.2	77.55	3.754
2015-01-08 01:50:25.79	10301	10011	-91	-91	19	-17.28	77.74	3.754
2015-01-08 02:05:26.063	10301	10011	-91	-97	19	-17.26	77.79	3.754
2015-01-08 02:20:26.162	10301	10011	-91	-97	18	-17.24	77.79	3.754
2015-01-08 02:45:26.243	10301	10011	-91	-91	17
2015-01-08 02:50:27.298	10301	10011	-91	-97	17	-17.3	77.8	3.754
2015-01-08 03:15:34.379	10301	10011	-88	-94	16
2015-01-08 04:05:32.387	10301	10011	-94	-88	25	-17.61	77.73	3.754
2015-01-08 06:50:27.042	10301	10011	-85	-88	28	-17.78	77.9	3.754
2015-01-08 07:05:29.61	10301	10011	-88	-97	28	-17.78	77.86	3.754
2015-01-08 07:15:29.743	10301	10011	-88	-88	27
2015-01-08 07:50:32.474	10301	10011	-88	-97	27	-17.93	77.67	3.754
2015-01-08 08:15:26.823	10301	10011	-91	-88	33
2015-01-08 09:05:27.128	10301	10011	-88	-97	28	-13.38	76.1	3.754
2015-01-08 09:15:25.962	10301	10011	-88	-97	25
2015-01-08 09:15:25.974	10301	10011	-88	-97	25
2015-01-08 09:20:26.759	10301	10011	-91	-97	24	-11.24	73.24	3.742
2015-01-08 09:35:27.995	10301	10011	-85	-97	20	-11.3	72.64	3.742
2015-01-08 09:45:28.011	10301	10011	-85	-97	30
2015-01-08 09:50:26.687	10301	10011	-88	-97	31	-11.22	74.03	3.742
2015-01-08 09:55:30.591	10301	10011	-91	-97	25
2015-01-08 10:05:28.079	10301	10011	-88	-97	25	-10.25	73.75	3.742
2015-01-08 10:15:28.071	10301	10011	-91	-97	21
2015-01-08 10:20:29.214	10301	10011	-85	-97	22	-9.35	72.56	3.742
2015-01-08 10:35:27.122	10301	10011	-91	-97	24
2015-01-08 10:35:27.135	10301	10011	-88	-97	24	-8.44	71.09	3.742
2015-01-08 10:45:28.107	10301	10011	-88	-97	20
2015-01-08 10:50:28.431	10301	10011	-88	-97	30	-7.39	70.55	3.742
2015-01-08 11:05:28.207	10301	10011	-85	-97	25	-5.98	68.4	3.742
2015-01-08 11:15:26.127	10301	10011	-88	-97	25
2015-01-08 11:20:27.211	10301	10011	-91	-91	22	-4.53	66.72	3.742
2015-01-08 11:45:26.334	10301	10011	-91	-97	29
2015-01-08 11:50:27.843	10301	10011	-94	-97	40	-4.6	69.27	3.742
2015-01-08 12:15:31.758	10301	10011	-91	-88	58
2015-01-08 14:15:28.331	10301	10011	-88	-88	47
2015-01-08 14:20:26.238	10301	10011	-85	-97	47	-7.82	76.35	3.742
2015-01-08 16:35:26.359	10301	10011	-88	-97	37
2015-01-08 16:35:26.378	10301	10011	-88	-97	37	-10.26	76.26	3.742
2015-01-08 16:45:27.426	10301	10011	-85	-88	34
2015-01-08 16:50:28.435	10301	10011	-85	-97	41	-10.52	76.39	3.742
2015-01-08 17:05:30.423	10301	10011	-88	-97	39	-10.88	76.49	3.742
2015-01-08 17:15:26.94	10301	10011	-85	-97	38
2015-01-08 17:15:26.955	10301	10011	-85	-97	35
2015-01-08 17:20:28.95	10301	10011	-88	-97	34	-11.12	76.61	3.742
2015-01-08 17:35:26.463	10301	10011	-85	-97	31	-11.28	76.78	3.742
2015-01-08 17:45:26.478	10301	10011	-88	-97	27
2015-01-08 17:50:28.15	10301	10011	-85	-97	25	-11.4	76.95	3.742
2015-01-08 17:55:26.634	10301	10011	-88	-97	22
2015-01-08 18:05:28.511	10301	10011	-85	-97	32	-11.46	77.16	3.742
2015-01-08 18:15:26.503	10301	10011	-88	-97	30
2015-01-08 18:20:26.998	10301	10011	-85	-97	29	-11.54	77.23	3.742
2015-01-08 18:35:27.558	10301	10011	-91	-97	30
2015-01-08 18:35:27.575	10301	10011	-88	-97	28	-11.56	77.39	3.742
2015-01-08 18:45:27.542	10301	10011	-88	-97	24
2015-01-08 19:05:27.562	10301	10011	-88	-97	33	-11.6	77.58	3.742
2015-01-08 19:15:28.61	10301	10011	-88	-97	30
2015-01-08 19:50:33.298	10301	10011	-88	-97	25	-11.56	78.07	3.742
2015-01-08 22:20:26.69	10301	10011	-91	-97	46	-10.7	78.45	3.742
2015-01-08 22:35:27.714	10301	10011	-85	-97	38
2015-01-09 00:05:31.778	10301	10011	-85	-97	31	-10.32	78.85	3.742
2015-01-09 00:15:26.771	10301	10011	-85	-97	32
2015-01-09 00:20:27.886	10301	10011	-91	-88	32	-10.19	79.01	3.742
2015-01-09 00:35:27.703	10301	10011	-88	-97	29
2015-01-09 00:35:27.722	10301	10011	-88	-97	29	-9.93	79.69	3.742
2015-01-09 00:45:26.767	10301	10011	-88	-97	29
2015-01-09 00:50:28.819	10301	10011	-88	-97	25	-9.15	80.48	3.742
2015-01-09 01:05:29.744	10301	10011	-85	-97	24	-8.6	80.44	3.742
2015-01-09 01:15:35.89	10301	10011	-85	-97	33
2015-01-09 01:20:27.447	10301	10011	-85	-97	36	-8.26	80.34	3.742
2015-01-09 01:35:27.803	10301	10011	-85	-97	32	-8.15	80.33	3.742
2015-01-09 01:45:26.846	10301	10011	-85	-97	29
2015-01-09 01:50:30.491	10301	10011	-85	-97	28	-7.99	80.28	3.742
2015-01-09 01:55:28.547	10301	10011	-85	-97	28
2015-01-09 02:05:28.803	10301	10011	-88	-97	28	-7.84	80.22	3.742
2015-01-09 02:15:28.839	10301	10011	-85	-97	24
2015-01-09 02:20:28.422	10301	10011	-85	-97	20	-7.69	80.17	3.742
2015-01-09 02:35:26.839	10301	10011	-88	-97	18
2015-01-09 02:35:26.858	10301	10011	-88	-97	18	-7.57	79.97	3.729
2015-01-09 02:45:28.851	10301	10011	-85	-97	16
2015-01-09 02:50:28.126	10301	10011	-88	-97	16	-7.46	79.76	3.742
2015-01-09 03:05:28.858	10301	10011	-85	-97	23	-7.39	79.55	3.742
2015-01-09 03:15:26.871	10301	10011	-91	-97	22
2015-01-09 03:15:26.89	10301	10011	-88	-97	22
2015-01-09 03:20:29.998	10301	10011	-85	-97	35	-7.43	79.29	3.742
2015-01-09 03:35:34.954	10301	10011	-88	-97	32	-7.52	79.14	3.742
2015-01-09 03:45:30.864	10301	10011	-85	-97	39
2015-01-09 03:55:28.55	10301	10011	-85	-97	39
2015-01-09 04:05:26.775	10301	10011	-85	-97	36	-7.61	79.01	3.742
2015-01-09 04:15:26.858	10301	10011	-85	-97	30
2015-01-09 04:20:27.956	10301	10011	-85	-97	28	-7.68	78.95	3.742
2015-01-09 04:35:26.902	10301	10011	-85	-97	25
2015-01-09 04:35:26.911	10301	10011	-85	-97	25	-7.66	78.98	3.729
2015-01-09 04:45:29.91	10301	10011	-82	-97	31
2015-01-09 04:50:28.995	10301	10011	-85	-97	27	-7.68	78.93	3.742
2015-01-09 05:05:31.902	10301	10011	-88	-97	25	-7.67	78.97	3.742
2015-01-09 05:15:29.919	10301	10011	-85	-97	25
2015-01-09 05:15:29.931	10301	10011	-85	-97	25
2015-01-09 05:20:26.986	10301	10011	-85	-97	34	-7.66	78.98	3.742
2015-01-09 05:45:27.902	10301	10011	-85	-97	50
2015-01-09 05:50:27.526	10301	10011	-88	-97	43	-7.57	79.17	3.742
2015-01-09 05:55:27.534	10301	10011	-85	-97	33
2015-01-09 06:05:26.947	10301	10011	-85	-97	34	-7.52	79.25	3.742
2015-01-09 06:15:31.967	10301	10011	-85	-97	28
2015-01-09 06:20:28.48	10301	10011	-85	-97	29	-7.46	79.29	3.742
2015-01-09 06:35:27.911	10301	10011	-82	-97	23
2015-01-09 06:35:27.923	10301	10011	-85	-97	23	-7.39	79.46	3.729
2015-01-09 06:45:27.903	10301	10011	-85	-97	24
2015-01-09 06:50:32.018	10301	10011	-88	-97	21	-7.32	79.5	3.742
2015-01-09 07:05:28.894	10301	10011	-85	-97	28	-7.25	79.47	3.742
2015-01-09 07:15:26.919	10301	10011	-85	-97	24
2015-01-09 07:15:26.938	10301	10011	-88	-97	22
2015-01-09 07:20:32.962	10301	10011	-85	-97	27	-7.24	79.43	3.742
2015-01-09 07:35:26.918	10301	10011	-85	-97	33	-7.24	79.43	3.742
2015-01-09 07:45:26.934	10301	10011	-85	-97	28
2015-01-09 07:50:30.583	10301	10011	-85	-97	26	-7.21	79.46	3.742
2015-01-09 07:55:28.694	10301	10011	-85	-97	29
2015-01-09 08:05:26.854	10301	10011	-85	-97	25	-7.14	79.65	3.742
2015-01-09 08:15:27.922	10301	10011	-85	-97	22
2015-01-09 08:20:31.024	10301	10011	-85	-97	20	-7.0	79.62	3.742
2015-01-09 08:35:27.962	10301	10011	-85	-97	25
2015-01-09 08:35:27.974	10301	10011	-85	-97	25	-6.86	79.68	3.729
2015-01-09 08:45:27.896	10301	10011	-85	-97	29
2015-01-09 08:50:29.458	10301	10011	-85	-97	23	-6.56	80.15	3.742
2015-01-09 09:05:26.919	10301	10011	-85	-97	20	-5.56	79.69	3.729
2015-01-09 09:15:27.966	10301	10011	-88	-97	25
2015-01-09 09:15:27.986	10301	10011	-85	-97	23
2015-01-09 09:20:27.007	10301	10011	-88	-97	23	-6.0	79.09	3.742
2015-01-09 09:35:27.05	10301	10011	-91	-97	21	-6.07	79.48	3.742
2015-01-09 09:50:30.571	10301	10011	-88	-97	22	-5.68	80.22	3.729
2015-01-09 09:55:30.323	10301	10011	-88	-97	22
2015-01-09 17:20:32.038	10301	10011	-85	-97	26	-7.48	76.54	3.742
2015-01-09 17:45:28.006	10301	10011	-85	-97	28
2015-01-09 17:55:26.819	10301	10011	-85	-85	25
2015-01-09 18:05:26.891	10301	10011	-88	-97	23	-8.5	77.25	3.742
2015-01-09 18:15:28.983	10301	10011	-85	-97	21
2015-01-09 18:20:27.002	10301	10011	-88	-97	25	-8.64	77.49	3.742
2015-01-09 18:35:29.059	10301	10011	-88	-97	24
2015-01-09 18:35:29.082	10301	10011	-88	-97	24	-8.84	77.56	3.742
2015-01-09 18:45:26.995	10301	10011	-85	-97	23
2015-01-09 18:50:27.987	10301	10011	-85	-97	23	-9.1	77.52	3.742
2015-01-09 19:05:26.992	10301	10011	-85	-97	25	-9.47	77.46	3.742
2015-01-09 19:15:25.994	10301	10011	-85	-88	25
2015-01-09 19:15:26.018	10301	10011	-85	-97	25
2015-01-09 19:20:30.087	10301	10011	-88	-97	33	-9.78	77.43	3.742
2015-01-09 19:50:26.683	10301	10011	-88	-97	32	-10.33	77.53	3.742
2015-01-09 20:20:27.151	10301	10011	-85	-88	36	-10.8	77.58	3.742
2015-01-09 20:35:35.166	10301	10011	-88	-97	33
2015-01-09 20:50:27.147	10301	10011	-85	-97	39	-11.14	77.62	3.742
2015-01-09 21:05:28.179	10301	10011	-88	-97	34	-11.23	77.68	3.742
2015-01-09 21:15:28.139	10301	10011	-85	-97	32
2015-01-09 21:15:28.158	10301	10011	-85	-97	30
2015-01-09 21:35:29.227	10301	10011	-88	-97	25	-11.68	77.47	3.742
2015-01-09 21:45:28.194	10301	10011	-88	-97	23
2015-01-09 21:50:28.798	10301	10011	-85	-97	22	-11.96	77.41	3.742
2015-01-09 21:55:29.574	10301	10011	-85	-97	46
2015-01-09 22:05:28.151	10301	10011	-85	-97	46	-12.22	77.35	3.742
2015-01-09 22:20:28.142	10301	10011	-82	-97	46	-12.51	77.41	3.742
2015-01-09 22:35:26.115	10301	10011	-85	-97	39
2015-01-09 22:35:27.147	10301	10011	-85	-97	39	-12.72	77.5	3.742
2015-01-09 22:45:28.194	10301	10011	-85	-85	36
2015-01-09 23:35:29.343	10301	10011	-88	-97	31	-13.54	77.31	3.742
2015-01-10 00:20:26.427	10301	10011	-85	-97	35	-14.2	77.11	3.742
2015-01-10 00:35:26.35	10301	10011	-85	-97	26
2015-01-10 00:35:27.386	10301	10011	-88	-97	26	-14.49	77.09	3.742
2015-01-10 00:45:30.371	10301	10011	-85	-97	21
2015-01-10 00:50:27.419	10301	10011	-82	-97	21	-14.74	77.12	3.742
2015-01-10 01:05:28.371	10301	10011	-85	-97	16	-14.94	77.12	3.742
2015-01-10 01:15:35.479	10301	10011	-85	-97	19
2015-01-10 01:20:30.483	10301	10011	-85	-97	27	-15.21	77.01	3.742
2015-01-10 01:35:27.459	10301	10011	-82	-97	23	-15.43	77.09	3.742
2015-01-10 01:45:29.479	10301	10011	-85	-97	22
2015-01-10 01:50:27.078	10301	10011	-85	-97	21	-15.68	77.12	3.742
2015-01-10 01:55:30.191	10301	10011	-85	-97	19
2015-01-10 02:05:27.423	10301	10011	-85	-97	21	-15.82	77.22	3.742
2015-01-10 02:15:26.458	10301	10011	-85	-97	20
2015-01-10 02:20:26.567	10301	10011	-85	-97	19	-15.96	77.23	3.742
2015-01-10 02:35:34.622	10301	10011	-85	-97	19
2015-01-10 02:35:34.634	10301	10011	-85	-97	25	-16.2	77.22	3.742
2015-01-10 02:45:26.507	10301	10011	-85	-97	25
2015-01-10 02:50:27.599	10301	10011	-85	-97	22	-16.36	77.31	3.742
2015-01-10 03:05:27.603	10301	10011	-85	-97	18	-16.5	77.32	3.742
2015-01-10 03:15:27.579	10301	10011	-88	-97	26
2015-01-10 03:15:27.598	10301	10011	-85	-97	26
2015-01-10 03:20:27.746	10301	10011	-85	-97	22	-16.66	77.29	3.742
2015-01-10 03:35:26.673	10301	10011	-88	-97	30	-16.82	77.38	3.742
2015-01-10 03:45:26.61	10301	10011	-85	-97	29
2015-01-10 03:55:26.419	10301	10011	-85	-97	35
2015-01-10 04:05:29.69	10301	10011	-85	-97	32	-17.04	77.46	3.742
2015-01-10 04:15:26.659	10301	10011	-85	-97	27
2015-01-10 04:20:28.799	10301	10011	-85	-97	27	-17.1	77.44	3.742
2015-01-10 04:35:27.718	10301	10011	-85	-97	30
2015-01-10 04:35:27.73	10301	10011	-85	-97	28	-17.21	77.48	3.742
2015-01-10 15:20:28.614	10301	10011	-88	-97	11	-4.02	75.69	3.729
2015-01-10 15:35:27.598	10301	10011	-88	-97	17	-4.77	75.19	3.729
2015-01-10 15:45:26.611	10301	10011	-88	-97	16
2015-01-10 15:50:29.302	10301	10011	-85	-97	18	-5.29	75.53	3.729
2015-01-10 16:20:29.642	10301	10011	-88	-97	33	-6.5	75.43	3.729
2015-01-10 16:35:28.635	10301	10011	-85	-97	33	-6.96	75.91	3.729
2015-01-10 16:45:26.634	10301	10011	-88	-97	35
2015-01-10 17:05:29.746	10301	10011	-88	-97	24	-7.75	76.41	3.729
2015-01-10 17:15:29.586	10301	10011	-85	-88	22
2015-01-10 17:15:29.603	10301	10011	-91	-97	22
2015-01-10 17:20:29.645	10301	10011	-85	-97	24	-8.16	76.5	3.729
2015-01-10 17:35:30.75	10301	10011	-85	-97	22	-8.52	76.72	3.742
2015-01-10 17:45:26.7	10301	10011	-85	-97	21
2015-01-10 17:50:31.374	10301	10011	-85	-97	20	-8.88	76.8	3.729
2015-01-10 17:55:29.462	10301	10011	-88	-97	22
2015-01-10 18:15:27.687	10301	10011	-85	-97	39
2015-01-10 18:50:27.455	10301	10011	-85	-85	34	-10.03	77.33	3.742
2015-01-12 09:35:29.314	10301	10011	-91	-97	18	1.71	80.49	3.729
2015-01-12 09:50:26.907	10301	10011	-88	-97	17	1.78	80.51	3.742
2015-01-12 09:55:26.584	10301	10011	-88	-91	17
2015-01-12 10:35:27.123	10301	10011	-91	-91	17
2015-01-12 11:15:25.214	10301	10011	-91	-88	16
2015-01-12 11:20:26.163	10301	10011	-88	-97	16	2.32	80.37	3.742
2015-01-12 12:45:29.187	10301	10011	-88	-97	16
2015-01-12 12:50:27.175	10301	10011	-88	-97	19	2.07	80.11	3.742
2015-01-12 13:05:29.17	10301	10011	-91	-97	18	1.99	80.13	3.729
2015-01-12 13:20:25.81	10301	10011	-88	-88	18	2.0	80.23	3.742
2015-01-12 13:45:26.093	10301	10011	-88	-97	17
2015-01-12 13:55:25.806	10301	10011	-88	-88	17
2015-01-12 14:05:27.111	10301	10011	-88	-97	17	2.1	80.11	3.729
2015-01-12 14:15:25.076	10301	10011	-91	-97	16
2015-01-12 14:20:27.211	10301	10011	-88	-97	15	1.93	80.31	3.742
2015-01-12 14:35:29.07	10301	10011	-94	-97	15
2015-01-12 14:35:29.086	10301	10011	-91	-97	18	1.85	80.27	3.729
2015-01-12 14:45:27.066	10301	10011	-88	-97	18
2015-01-12 14:50:26.262	10301	10011	-91	-88	18	1.78	80.37	3.742
2015-01-12 15:05:26.059	10301	10011	-91	-97	18	1.75	80.36	3.742
2015-01-12 15:35:25.959	10301	10011	-94	-97	28	1.57	80.27	3.742
2015-01-12 16:05:26.003	10301	10011	-94	-97	32	1.32	80.26	3.742
2015-01-12 16:15:25.96	10301	10011	-91	-97	30
2015-01-12 16:20:26.043	10301	10011	-94	-97	28	1.17	80.23	3.742
2015-01-12 16:35:25.986	10301	10011	-94	-97	25
2015-01-12 16:35:26.003	10301	10011	-91	-97	24	0.96	80.22	3.729
2015-01-12 16:45:29.994	10301	10011	-94	-91	24
2015-01-12 16:50:27.046	10301	10011	-94	-97	26	0.78	80.23	3.742
2015-01-12 17:15:29.954	10301	10011	-94	-97	25
2015-01-12 17:20:28.878	10301	10011	-94	-97	25	0.5	80.33	3.742
2015-01-12 18:15:24.846	10301	10011	-94	-97	25
2015-01-12 19:50:29.515	10301	10011	-94	-97	34	-0.46	80.45	3.742
2015-01-13 02:45:24.64	10301	10011	-88	-97	38
2015-01-13 02:50:24.618	10301	10011	-88	-97	35	-4.84	79.17	3.742
2015-01-13 03:15:25.679	10301	10011	-88	-97	31
2015-01-13 03:20:25.683	10301	10011	-85	-97	31	-5.56	79.28	3.742
2015-01-13 03:35:27.762	10301	10011	-88	-97	29	-5.86	79.39	3.742
2015-01-13 03:45:24.695	10301	10011	-85	-97	32
2015-01-13 03:55:24.154	10301	10011	-88	-97	28
2015-01-13 04:05:24.667	10301	10011	-85	-97	28	-6.42	79.44	3.742
2015-01-13 04:15:24.675	10301	10011	-88	-97	28
2015-01-13 04:20:26.155	10301	10011	-85	-88	26	-6.68	79.51	3.742
2015-01-13 04:35:24.738	10301	10011	-88	-97	24
2015-01-13 04:35:24.758	10301	10011	-85	-97	24	-6.93	79.54	3.742
2015-01-13 04:45:24.666	10301	10011	-88	-97	24
2015-01-13 04:50:26.755	10301	10011	-88	-97	22	-7.2	79.62	3.742
2015-01-13 05:05:24.734	10301	10011	-85	-97	22	-7.36	79.74	3.742
2015-01-13 05:15:29.758	10301	10011	-88	-97	21
2015-01-13 05:15:29.776	10301	10011	-85	-97	23
2015-01-13 05:20:25.075	10301	10011	-85	-97	21	-7.53	79.67	3.742
2015-01-13 06:15:24.678	10301	10011	-85	-97	31
2015-01-13 08:35:26.823	10301	10011	-88	-97	37
2015-01-13 09:05:25.915	10301	10011	-88	-97	32	-3.88	74.57	3.742
2015-01-13 09:20:27.366	10301	10011	-85	-97	31	-2.2	71.9	3.742
2015-01-13 09:45:31.911	10301	10011	-88	-91	28
2015-01-13 09:50:25.479	10301	10011	-88	-97	32	-2.13	74.53	3.742
2015-01-13 10:45:29.931	10301	10011	-88	-88	30
2015-01-13 11:35:24.971	10301	10011	-88	-97	31	4.61	67.81	3.729
2015-01-13 11:50:24.535	10301	10011	-85	-97	30	5.33	67.57	3.729
2015-01-13 13:35:24.987	10301	10011	-88	-97	23	4.0	74.81	3.729
2015-01-13 13:45:23.922	10301	10011	-88	-97	21
2015-01-13 13:50:25.57	10301	10011	-91	-97	20	3.5	76.83	3.729
2015-01-13 17:05:28.019	10301	10011	-85	-97	17	-3.27	76.98	3.742
2015-01-13 17:35:25.946	10301	10011	-85	-97	19	-4.24	77.58	3.742
2015-01-13 17:45:23.898	10301	10011	-85	-97	18
2015-01-13 17:50:24.552	10301	10011	-85	-97	20	-4.68	77.9	3.742
2015-01-13 18:15:27.943	10301	10011	-85	-97	22
2015-01-13 18:45:23.915	10301	10011	-85	-97	37
2015-01-13 18:50:26.691	10301	10011	-85	-85	34	-6.18	78.66	3.742
2015-01-13 19:15:23.959	10301	10011	-85	-97	30
2015-01-13 19:15:23.971	10301	10011	-85	-97	29
2015-01-13 19:35:26.066	10301	10011	-85	-97	29	-6.91	79.24	3.742
2015-01-13 19:45:25.983	10301	10011	-85	-97	28
2015-01-13 19:50:28.667	10301	10011	-85	-97	29	-7.03	79.39	3.742
2015-01-13 20:05:23.967	10301	10011	-85	-85	31	-7.17	79.4	3.742
2015-01-13 20:15:23.979	10301	10011	-85	-85	27
2015-01-13 20:35:25.078	10301	10011	-88	-97	23
2015-01-13 20:35:25.09	10301	10011	-85	-97	23	-7.39	79.53	3.742
2015-01-13 20:45:23.931	10301	10011	-85	-97	20
2015-01-13 21:05:25.087	10301	10011	-85	-97	25	-7.65	79.42	3.742
2015-01-13 21:15:25.01	10301	10011	-85	-97	24
2015-01-13 21:15:25.03	10301	10011	-88	-97	23
2015-01-13 21:20:25.119	10301	10011	-88	-97	22	-7.84	79.36	3.742
2015-01-13 21:35:24.021	10301	10011	-85	-97	36	-7.94	79.54	3.742
2015-01-13 22:15:25.002	10301	10011	-88	-97	30
2015-01-13 22:35:24.999	10301	10011	-88	-97	28	-8.03	79.67	3.742
2015-01-13 22:50:24.29	10301	10011	-88	-97	30	-8.06	79.6	3.742
2015-01-13 23:05:25.127	10301	10011	-85	-97	26	-8.16	79.48	3.742
2015-01-13 23:15:25.063	10301	10011	-88	-97	21
2015-01-13 23:15:25.079	10301	10011	-88	-97	21
2015-01-13 23:20:25.234	10301	10011	-88	-97	23	-8.28	79.41	3.742
2015-01-13 23:35:24.083	10301	10011	-85	-97	21	-8.4	79.32	3.742
2015-01-13 23:45:27.063	10301	10011	-85	-97	23
2015-01-13 23:50:24.67	10301	10011	-88	-97	22	-8.53	79.28	3.742
2015-01-13 23:55:23.782	10301	10011	-88	-97	25
2015-01-14 00:35:25.099	10301	10011	-91	-97	34
2015-01-14 00:50:30.176	10301	10011	-88	-97	31	-8.77	79.25	3.742
2015-01-14 01:05:26.131	10301	10011	-88	-97	34	-8.78	79.18	3.742
2015-01-14 01:35:24.19	10301	10011	-88	-97	25	-8.93	79.13	3.742
2015-01-14 01:45:25.146	10301	10011	-85	-97	21
2015-01-14 01:50:25.743	10301	10011	-88	-97	23	-9.02	79.15	3.742
2015-01-14 01:55:26.839	10301	10011	-88	-97	24
2015-01-14 02:05:27.263	10301	10011	-88	-97	28	-9.1	79.09	3.742
2015-01-14 02:15:24.074	10301	10011	-88	-97	27
2015-01-14 02:35:25.023	10301	10011	-88	-97	25
2015-01-14 06:45:26.307	10301	10011	-85	-97	31
2015-01-14 06:50:25.322	10301	10011	-88	-97	30	-12.14	78.88	3.742
2015-01-14 07:20:26.378	10301	10011	-88	-97	24	-12.26	78.99	3.742
2015-01-14 07:45:25.375	10301	10011	-91	-97	23
2015-01-14 07:50:24.999	10301	10011	-88	-97	23	-12.18	79.37	3.742
2015-01-14 07:55:25.042	10301	10011	-88	-88	23
2015-01-14 08:05:24.363	10301	10011	-88	-97	25	-11.85	79.58	3.742
2015-01-14 08:15:24.367	10301	10011	-91	-97	22
2015-01-14 08:20:24.438	10301	10011	-91	-97	21	-11.48	79.89	3.742
2015-01-14 08:35:27.426	10301	10011	-88	-97	20
2015-01-14 08:35:27.442	10301	10011	-88	-97	20	-11.06	79.9	3.742
2015-01-14 08:45:30.447	10301	10011	-88	-97	23
2015-01-14 09:15:33.596	10301	10011	-88	-97	28
2015-01-14 09:20:24.599	10301	10011	-88	-97	25	-9.68	79.99	3.742
2015-01-14 09:35:24.495	10301	10011	-91	-97	27	-9.19	79.95	3.742
2015-01-14 09:45:27.478	10301	10011	-91	-97	27
2015-01-14 09:50:29.106	10301	10011	-88	-97	25	-8.74	80.01	3.742
2015-01-14 09:55:24.198	10301	10011	-91	-97	25
2015-01-14 10:05:24.495	10301	10011	-91	-97	23	-8.28	80.03	3.742
2015-01-14 10:15:31.527	10301	10011	-91	-97	22
2015-01-14 10:20:24.567	10301	10011	-88	-97	24	-7.76	80.0	3.742
2015-01-14 10:35:25.535	10301	10011	-88	-97	21
2015-01-14 10:35:25.547	10301	10011	-88	-97	21	-7.36	79.98	3.742
2015-01-14 10:45:25.459	10301	10011	-91	-97	20
2015-01-14 10:50:24.539	10301	10011	-88	-97	18	-6.86	79.92	3.742
2015-01-14 11:05:26.515	10301	10011	-88	-97	17	-6.56	80.04	3.742
2015-01-14 11:15:26.49	10301	10011	-88	-97	28
2015-01-14 11:15:26.502	10301	10011	-88	-97	28
2015-01-14 11:20:25.402	10301	10011	-88	-88	24	-6.11	80.0	3.742
2015-01-14 11:35:25.534	10301	10011	-88	-97	27	-5.56	79.93	3.742
2015-01-14 11:45:27.554	10301	10011	-88	-97	25
2015-01-14 11:50:24.079	10301	10011	-88	-97	25	-5.07	79.78	3.742
2015-01-14 11:55:25.182	10301	10011	-88	-97	25
2015-01-14 12:05:25.471	10301	10011	-88	-97	24	-4.85	79.67	3.742
2015-01-14 12:15:25.491	10301	10011	-88	-97	21
2015-01-14 12:20:26.47	10301	10011	-85	-97	23	-4.46	79.8	3.742
2015-01-14 12:35:28.532	10301	10011	-88	-97	21
2015-01-14 12:35:28.542	10301	10011	-88	-97	21	-4.27	79.62	3.729
2015-01-14 12:50:26.531	10301	10011	-88	-97	23	-4.17	79.62	3.742
2015-01-14 13:05:25.454	10301	10011	-88	-97	17	-3.96	79.49	3.729
2015-01-14 13:15:29.514	10301	10011	-88	-97	16
2015-01-14 13:15:29.531	10301	10011	-88	-97	19
2015-01-14 13:20:30.158	10301	10011	-85	-97	19	-3.93	79.45	3.729
2015-01-14 13:35:24.53	10301	10011	-88	-97	25	-3.68	79.6	3.729
2015-01-14 13:45:25.462	10301	10011	-88	-97	23
2015-01-14 13:50:26.079	10301	10011	-85	-88	21	-3.74	79.31	3.729
2015-01-14 13:55:24.134	10301	10011	-88	-97	20
2015-01-14 14:05:27.435	10301	10011	-85	-97	20	-3.61	79.41	3.729
2015-01-14 14:15:24.438	10301	10011	-88	-97	21
2015-01-14 14:20:24.458	10301	10011	-88	-97	21	-3.5	79.43	3.729
2015-01-14 14:35:24.411	10301	10011	-85	-97	18
2015-01-14 14:35:24.423	10301	10011	-88	-97	17	-3.29	79.34	3.729
2015-01-14 14:45:24.431	10301	10011	-88	-97	17
2015-01-14 14:50:30.963	10301	10011	-88	-88	16	-3.16	79.4	3.729
2015-01-14 15:05:28.48	10301	10011	-88	-97	23	-2.99	79.41	3.729
2015-01-14 15:15:25.411	10301	10011	-88	-97	21
2015-01-14 15:15:25.422	10301	10011	-91	-97	21
2015-01-14 15:35:27.458	10301	10011	-88	-97	23	-2.93	79.33	3.729
2015-01-14 15:45:26.446	10301	10011	-88	-97	24
2015-01-14 15:50:32.099	10301	10011	-88	-88	20	-3.02	79.22	3.729
2015-01-14 15:55:28.199	10301	10011	-88	-97	25
2015-01-14 16:05:25.47	10301	10011	-88	-97	27	-3.11	79.11	3.729
2015-01-14 16:15:24.383	10301	10011	-91	-97	40
2015-01-14 16:20:28.718	10301	10011	-85	-97	40	-3.29	79.02	3.729
2015-01-14 16:50:24.763	10301	10011	-88	-88	38	-3.61	79.06	3.729
2015-01-14 17:20:25.507	10301	10011	-88	-97	35	-3.92	79.11	3.729
2015-01-14 17:45:24.343	10301	10011	-88	-97	37
2015-01-14 17:50:24.003	10301	10011	-91	-97	34	-4.18	79.12	3.742
2015-01-14 17:55:24.139	10301	10011	-88	-97	28
2015-01-14 18:05:27.415	10301	10011	-88	-97	34	-4.25	79.12	3.729
2015-01-14 18:15:24.374	10301	10011	-88	-97	33
2015-01-14 18:20:26.533	10301	10011	-88	-97	27	-4.34	79.15	3.742
2015-01-14 18:35:24.374	10301	10011	-88	-97	26
2015-01-14 18:35:24.41	10301	10011	-85	-97	26	-4.43	79.2	3.729
2015-01-14 18:45:24.367	10301	10011	-88	-97	26
2015-01-14 18:50:26.366	10301	10011	-85	-97	26	-4.54	79.24	3.729
2015-01-14 19:05:27.414	10301	10011	-88	-97	29	-4.6	79.27	3.729
2015-01-14 19:15:24.359	10301	10011	-85	-97	29
2015-01-14 19:15:24.378	10301	10011	-88	-97	29
2015-01-14 19:20:24.075	10301	10011	-85	-97	27	-4.64	79.26	3.742
2015-01-14 19:35:28.41	10301	10011	-88	-97	26	-4.74	79.29	3.742
2015-01-14 19:45:31.487	10301	10011	-88	-97	27
2015-01-14 19:50:23.951	10301	10011	-88	-97	34	-4.79	79.25	3.742
2015-01-14 19:55:27.166	10301	10011	-88	-97	34
2015-01-14 20:05:28.343	10301	10011	-88	-97	31	-4.89	79.25	3.742
2015-01-14 20:15:24.326	10301	10011	-88	-97	32
2015-01-14 20:45:25.042	10301	10011	-88	-88	32
2015-01-14 20:50:26.018	10301	10011	-88	-97	30	-5.24	79.22	3.742
2015-01-14 21:15:24.318	10301	10011	-85	-97	28
2015-01-14 21:20:26.386	10301	10011	-88	-97	28	-5.38	79.23	3.742
2015-01-14 21:50:27.974	10301	10011	-85	-85	23	-5.53	79.19	3.742
2015-01-14 21:55:25.019	10301	10011	-88	-97	25
2015-01-14 22:05:30.378	10301	10011	-88	-97	23	-5.75	79.19	3.742
2015-01-14 22:15:24.511	10301	10011	-88	-97	24
2015-01-14 22:20:29.607	10301	10011	-85	-97	23	-5.96	79.23	3.742
2015-01-14 23:15:27.343	10301	10011	-88	-88	28
2015-01-14 23:15:27.363	10301	10011	-85	-97	26
2015-01-14 23:45:24.311	10301	10011	-88	-97	25
2015-01-15 00:45:27.362	10301	10011	-88	-88	25
2015-01-15 01:05:25.255	10301	10011	-91	-97	25	-7.1	79.55	3.742
2015-01-15 01:15:23.36	10301	10011	-88	-97	24
2015-01-15 01:20:28.443	10301	10011	-91	-97	23	-7.05	79.5	3.742
2015-01-15 01:50:23.979	10301	10011	-88	-97	25	-6.96	79.54	3.742
2015-01-15 02:05:27.462	10301	10011	-88	-97	21	-6.96	79.52	3.742
2015-01-15 02:15:23.371	10301	10011	-88	-97	23
2015-01-15 02:20:24.435	10301	10011	-85	-97	21	-6.93	79.41	3.742
2015-01-15 02:35:23.367	10301	10011	-91	-97	22
2015-01-15 02:45:23.359	10301	10011	-88	-97	23
2015-01-15 02:50:26.499	10301	10011	-88	-97	21	-7.06	79.32	3.742
2015-01-15 03:05:27.45	10301	10011	-85	-97	25	-7.11	79.28	3.742
2015-01-15 03:20:25.543	10301	10011	-88	-97	25	-7.18	79.27	3.742
2015-01-15 03:45:30.439	10301	10011	-88	-97	23
2015-01-15 03:50:26.043	10301	10011	-88	-97	25	-7.27	79.24	3.742
2015-01-15 04:05:24.446	10301	10011	-91	-97	24	-7.32	79.28	3.742
2015-01-15 04:15:23.399	10301	10011	-88	-97	22
2015-01-15 04:20:25.515	10301	10011	-88	-97	21	-7.38	79.26	3.742
2015-01-15 04:35:26.462	10301	10011	-88	-97	25	-7.42	79.25	3.729
2015-01-15 04:50:24.426	10301	10011	-85	-97	25	-7.56	79.27	3.742
2015-01-15 05:05:24.48	10301	10011	-91	-97	23	-7.76	79.27	3.742
2015-01-15 05:20:25.499	10301	10011	-91	-97	23	-7.94	79.22	3.742
2015-01-15 06:35:28.515	10301	10011	-91	-88	32	-7.82	79.74	3.742
2015-01-15 07:20:25.495	10301	10011	-88	-97	28	-8.03	79.51	3.742
2015-01-20 20:35:16.006	10301	10011	-88	-97	12
2015-01-20 20:35:16.026	10301	10011	-91	-97	12	0.06	80.5	3.742
2015-01-20 20:45:16.931	10301	10011	-88	-97	21
2015-01-20 20:50:15.975	10301	10011	-88	-97	20	0.03	80.43	3.742
2015-01-20 21:05:16.901	10301	10011	-91	-97	22	0.0	80.49	3.742
2015-01-20 21:15:16.879	10301	10011	-88	-97	21
2015-01-20 21:15:16.894	10301	10011	-88	-97	21
2015-01-20 21:20:16.674	10301	10011	-91	-97	25	-0.04	80.5	3.742
2015-01-20 21:35:15.863	10301	10011	-88	-97	29	-0.07	80.5	3.742
2015-01-21 07:15:15.51	10301	10011	-88	-97	47
2015-01-21 07:15:15.526	10301	10011	-88	-97	47
2015-01-21 07:20:18.699	10301	10011	-88	-97	43	-0.88	80.52	3.742
2015-01-21 07:35:16.015	10301	10011	-91	-97	34	-0.88	80.5	3.742
2015-01-21 07:45:15.542	10301	10011	-88	-97	31
2015-01-21 07:50:17.155	10301	10011	-88	-97	29	-0.89	80.49	3.742
2015-01-21 07:55:18.203	10301	10011	-88	-97	26
2015-01-21 08:05:15.478	10301	10011	-88	-97	23	-0.92	80.62	3.742
2015-01-21 08:15:17.534	10301	10011	-88	-97	21
2015-01-21 08:20:15.571	10301	10011	-88	-97	20	-0.85	80.66	3.742
2015-01-21 08:35:16.522	10301	10011	-88	-97	17
2015-01-21 08:35:16.538	10301	10011	-88	-97	17	-0.75	80.82	3.742
2015-01-21 08:45:19.547	10301	10011	-88	-97	20
2015-01-21 08:50:15.179	10301	10011	-88	-88	19	-0.57	80.93	3.742
2015-01-21 09:15:15.439	10301	10011	-85	-97	23
2015-01-21 09:15:15.454	10301	10011	-88	-97	23
2015-01-21 09:20:18.751	10301	10011	-91	-97	21	-0.17	80.75	3.742
2015-01-21 09:35:15.506	10301	10011	-88	-97	18	-0.14	80.71	3.742
2015-01-21 09:45:15.467	10301	10011	-91	-97	16
2015-01-21 09:50:15.078	10301	10011	-91	-97	16	-0.02	80.86	3.742
2015-01-21 09:55:15.652	10301	10011	-91	-97	13
2015-01-21 10:05:16.415	10301	10011	-88	-97	16	0.01	80.63	3.742
2015-01-21 10:15:15.434	10301	10011	-91	-97	17
2015-01-21 10:20:18.519	10301	10011	-88	-97	23	0.07	80.74	3.742
2015-01-21 16:15:20.234	10301	10011	-91	-91	43
2015-01-21 16:35:18.238	10301	10011	-94	-97	39
2015-01-21 16:50:16.198	10301	10011	-91	-97	37	0.97	80.74	3.742
2015-01-21 17:15:15.154	10301	10011	-91	-97	35
2015-01-21 17:20:16.154	10301	10011	-91	-97	32	0.96	80.76	3.742
2015-01-21 17:35:15.118	10301	10011	-94	-97	30	0.92	80.77	3.742
2015-01-21 17:45:14.067	10301	10011	-94	-97	25
2015-01-21 17:50:14.734	10301	10011	-94	-97	25	0.92	80.86	3.742
2015-01-21 17:55:16.222	10301	10011	-94	-91	22
2015-01-21 18:05:16.11	10301	10011	-94	-97	20	0.9	80.91	3.742
2015-01-21 18:15:14.07	10301	10011	-91	-97	18
2015-01-21 18:20:15.163	10301	10011	-91	-97	17	0.92	80.96	3.742
2015-01-21 18:35:14.059	10301	10011	-94	-97	18
2015-01-21 18:35:20.184	10301	10011	-91	-97	18	0.92	80.91	3.729
2015-01-21 18:45:15.031	10301	10011	-94	-97	20
2015-01-21 19:05:17.054	10301	10011	-91	-97	18	0.88	80.76	3.742
2015-01-21 19:15:24.122	10301	10011	-94	-91	19
2015-01-21 19:20:17.99	10301	10011	-94	-97	18	0.83	80.71	3.742
2015-01-21 19:35:16.083	10301	10011	-91	-97	21	0.75	80.67	3.742
2015-01-21 19:45:19.027	10301	10011	-91	-91	19
2015-01-21 19:50:16.67	10301	10011	-94	-97	21	0.67	80.67	3.742
2015-01-21 19:55:14.607	10301	10011	-91	-97	21
2015-01-21 20:05:22.003	10301	10011	-94	-97	20	0.65	80.69	3.742
2015-01-21 20:35:17.062	10301	10011	-91	-97	35	0.61	80.75	3.729
2015-01-21 20:45:15.995	10301	10011	-94	-97	34
2015-01-21 21:50:15.547	10301	10011	-94	-97	33	0.39	80.65	3.742
2015-01-21 21:55:20.327	10301	10011	-94	-97	33
2015-01-21 22:20:14.88	10301	10011	-94	-97	28	0.5	81.05	3.742
2015-01-21 22:35:14.931	10301	10011	-94	-97	27	0.61	81.14	3.729
2015-01-22 00:05:15.834	10301	10011	-94	-97	35	0.7	80.98	3.742
2015-01-22 00:15:14.798	10301	10011	-94	-94	33
2015-01-22 01:05:20.823	10301	10011	-94	-97	25	0.64	80.89	3.742
2015-01-22 01:15:18.839	10301	10011	-94	-97	33
2015-01-22 01:20:14.37	10301	10011	-94	-97	31	0.61	80.82	3.742
2015-01-22 02:05:26.851	10301	10011	-94	-94	31	0.5	80.86	3.729
2015-01-22 02:15:14.75	10301	10011	-91	-97	31
2015-01-22 02:35:14.855	10301	10011	-91	-97	44
2015-01-22 02:35:14.883	10301	10011	-94	-97	44	0.5	80.65	3.729
2015-01-22 07:05:15.499	10301	10011	-91	-97	35	-0.32	80.65	3.742
2015-01-22 08:35:16.463	10301	10011	-94	-97	32	-0.71	80.6	3.729
2015-01-22 08:45:13.455	10301	10011	-91	-94	29
2015-01-22 11:05:17.334	10301	10011	-94	-97	27	0.31	80.72	3.742
2015-01-22 11:15:15.43	10301	10011	-94	-97	28
2015-01-22 11:15:15.447	10301	10011	-94	-97	28
2015-01-22 12:05:20.331	10301	10011	-91	-97	20	0.89	80.3	3.742
2015-01-22 16:20:16.194	10301	10011	-94	-97	25	0.03	80.06	3.742
2015-01-23 05:20:12.91	10301	10011	-94	-97	14	-2.34	80.84	3.742
2015-01-23 05:45:14.77	10301	10011	-94	-97	20
2015-01-23 05:50:20.47	10301	10011	-94	-97	22	-2.34	80.84	3.742
