result_time	node_id	parent_id	stats_frssi	stats_brssi	etx	temperature	humidity	voltage
2014-12-01 00:16:47.07	10501	11001	-91	-97	37	16.67	23.36	3.669
2014-12-01 00:31:46.119	10501	11001	-91	-91	37	16.68	23.36	3.657
2014-12-01 01:11:45.987	10501	11001	-91	-97	41
2014-12-01 01:41:44.774	10501	11001	-91	-91	41
2014-12-01 01:46:47.256	10501	11001	-91	-97	38	16.67	23.36	3.669
2014-12-01 01:51:49.675	10501	11001	-94	-97	35
2014-12-01 02:01:46.87	10501	11001	-94	-88	33	16.61	23.35	3.669
2014-12-01 02:41:46.261	10501	11001	-94	-88	21
2014-12-01 02:46:48.911	10501	11001	-91	-97	20	16.54	23.35	3.669
2014-12-01 03:11:53.158	10501	11001	-94	-97	20
2014-12-01 03:11:53.175	10501	11001	-94	-97	30
2014-12-01 03:46:44.895	10501	11001	-94	-97	28	15.02	23.31	3.669
2014-12-01 03:51:45.458	10501	11001	-94	-97	28
2014-12-01 04:01:48.894	10501	11001	-91	-97	23	14.82	23.23	3.669
2014-12-01 04:11:51.579	10501	11001	-91	-97	20
2014-12-01 04:16:50.798	10501	11001	-91	-91	16	14.61	23.14	3.669
2014-12-01 04:31:49.127	10501	11001	-94	-97	17
2014-12-01 04:31:49.139	10501	11001	-94	-97	17	14.43	23.06	3.669
2014-12-01 04:41:53.714	10501	11001	-88	-97	16
2014-12-01 04:46:47.73	10501	11001	-91	-94	19	14.27	22.98	3.669
2014-12-01 05:01:49.43	10501	11001	-91	-94	12	14.14	22.97	3.669
2014-12-01 05:11:45.659	10501	11001	-91	-88	13
2014-12-01 07:11:47.234	10501	11001	-91	-97	10
2014-12-01 07:11:47.35	10501	11001	-88	-97	10
2014-12-01 07:16:46.235	10501	11001	-91	-97	10	11.36	22.71	3.669
2014-12-01 08:16:47.802	10501	11001	-91	-94	10	10.03	22.37	3.669
2014-12-01 10:11:48.29	10501	11001	-91	-91	20
2014-12-01 10:16:44.802	10501	11001	-94	-97	23	7.65	21.76	3.669
2014-12-01 10:31:45.723	10501	11001	-88	-91	42
2014-12-01 10:46:48.623	10501	11001	-88	-97	39	7.2	21.66	3.669
2014-12-01 11:51:44.89	10501	11001	-94	-97	38
2014-12-01 12:11:46.154	10501	11001	-88	-97	32
2014-12-01 12:16:45.622	10501	11001	-88	-97	31	6.46	21.4	3.669
2014-12-01 12:31:45.887	10501	11001	-91	-97	27
2014-12-01 12:31:45.899	10501	11001	-91	-97	27	6.29	21.39	3.669
2014-12-01 12:41:45.415	10501	11001	-91	-94	44
2014-12-01 12:46:46.546	10501	11001	-91	-97	44	6.07	21.37	3.669
2014-12-01 13:11:50.162	10501	11001	-94	-97	63
2014-12-01 13:16:44.563	10501	11001	-94	-97	61	5.5	21.34	3.669
2014-12-01 14:01:44.811	10501	11001	-94	-94	56	4.53	21.27	3.669
2014-12-01 14:16:49.867	10501	11001	-94	-97	52	4.14	21.25	3.669
2014-12-01 14:31:51.547	10501	11001	-94	-97	44
2014-12-01 14:31:51.587	10501	11001	-94	-97	43	3.82	21.16	3.669
2014-12-01 15:11:50.003	10501	11001	-91	-91	36
2014-12-01 15:16:51.23	10501	11001	-94	-97	38	3.43	20.92	3.669
2014-12-01 15:31:47.035	10501	11001	-94	-97	32	3.39	20.85	3.669
2014-12-01 18:01:47.243	10501	11001	-94	-94	28	1.95	20.65	3.669
2014-12-01 18:41:45.87	10501	11001	-91	-97	32
2014-12-01 19:16:49.422	10501	11001	-94	-91	29	1.5	20.48	3.669
2014-12-01 23:11:44.182	10501	11001	-88	-88	47
2014-12-01 23:31:46.046	10501	11001	-88	-88	34	-0.78	20.09	3.669
2014-12-01 23:46:49.118	10501	11001	-91	-88	34	-0.91	20.02	3.669
2014-12-01 23:51:45.719	10501	11001	-85	-97	32
2014-12-02 00:01:46.067	10501	11001	-88	-97	28	-1.04	20.01	3.669
2014-12-02 00:11:53.779	10501	11001	-88	-97	33
2014-12-02 00:16:47.114	10501	11001	-88	-85	34	-1.24	20.0	3.669
2014-12-02 00:31:50.063	10501	11001	-88	-97	30
2014-12-02 00:31:50.075	10501	11001	-88	-97	29	-1.36	19.99	3.669
2014-12-02 00:46:47.079	10501	11001	-88	-97	23	-1.42	19.92	3.669
2014-12-02 01:01:49.039	10501	11001	-88	-97	21	-1.52	19.87	3.669
2014-12-02 01:11:46.691	10501	11001	-88	-88	23
2014-12-02 01:11:46.706	10501	11001	-85	-97	23
2014-12-02 01:16:46.106	10501	11001	-88	-97	22	-1.6	19.83	3.669
2014-12-02 01:31:48.035	10501	11001	-88	-97	24	-1.75	19.82	3.669
2014-12-02 01:41:51.711	10501	11001	-88	-97	22
2014-12-02 01:46:51.071	10501	11001	-88	-97	20	-1.82	19.79	3.669
2014-12-02 01:51:43.667	10501	11001	-91	-97	20
2014-12-02 02:01:44.983	10501	11001	-85	-97	18	-1.85	19.75	3.669
2014-12-02 02:11:52.706	10501	11001	-88	-97	16
2014-12-02 02:16:45.007	10501	11001	-91	-97	29	-1.89	19.75	3.669
2014-12-02 02:31:44.967	10501	11001	-85	-97	29
2014-12-02 02:31:44.984	10501	11001	-88	-97	29	-1.96	19.74	3.657
2014-12-02 02:41:47.651	10501	11001	-88	-91	26
2014-12-02 02:46:49.03	10501	11001	-85	-97	25	-1.96	19.74	3.669
2014-12-02 04:16:52.051	10501	11001	-88	-91	29	-2.6	19.63	3.669
2014-12-02 09:41:45.502	10501	11001	-91	-88	42
2014-12-02 09:51:51.551	10501	11001	-91	-97	42
2014-12-02 10:31:44.618	10501	11001	-88	-97	31
2014-12-02 10:31:44.762	10501	11001	-88	-97	29	-0.17	19.92	3.657
2014-12-02 10:41:46.234	10501	11001	-88	-97	25
2014-12-02 10:46:44.107	10501	11001	-88	-97	25	0.01	19.94	3.669
2014-12-02 11:01:44.274	10501	11001	-91	-97	22	0.24	20.02	3.669
2014-12-02 11:11:43.623	10501	11001	-88	-97	20
2014-12-02 11:11:43.635	10501	11001	-88	-97	20
2014-12-02 11:16:46.378	10501	11001	-91	-97	18	0.38	20.03	3.669
2014-12-02 11:31:47.546	10501	11001	-91	-97	20	0.51	20.11	3.669
2014-12-02 11:41:43.843	10501	11001	-94	-97	35
2014-12-02 11:46:43.93	10501	11001	-91	-91	32	0.67	20.12	3.669
2014-12-02 11:51:43.643	10501	11001	-91	-97	32
2014-12-02 12:01:46.799	10501	11001	-94	-97	30	0.82	20.13	3.657
2014-12-02 12:11:44.935	10501	11001	-91	-97	40
2014-12-02 12:46:49.875	10501	11001	-94	-97	39	1.42	20.23	3.657
2014-12-02 13:12:01.543	10501	11001	-94	-97	59
2014-12-05 19:31:44.075	10501	11001	-94	-94	10	5.57	21.69	3.645
2014-12-05 19:46:43.079	10501	11001	-94	-97	11	5.61	21.69	3.645
2014-12-05 19:51:47.799	10501	11001	-91	-94	12
2014-12-05 20:01:42.014	10501	11001	-91	-97	16	5.68	21.7	3.645
2014-12-05 20:16:44.45	10501	11001	-91	-97	16	5.7	21.7	3.645
2014-12-05 20:31:41.978	10501	11001	-94	-97	18
2014-12-05 20:31:42.77	10501	11001	-88	-97	18	5.71	21.7	3.633
2014-12-05 20:41:44.198	10501	11001	-91	-97	25
2014-12-05 21:01:45.982	10501	11001	-94	-97	24	5.75	21.7	3.645
2014-12-05 21:11:42.603	10501	11001	-94	-97	26
2014-12-05 21:31:43.971	10501	11001	-88	-97	24	5.76	21.77	3.645
2014-12-05 21:41:43.754	10501	11001	-94	-97	24
2014-12-05 21:46:43.42	10501	11001	-94	-97	24	5.78	21.7	3.645
2014-12-05 21:51:49.622	10501	11001	-94	-97	22
2014-12-05 22:01:44.391	10501	11001	-91	-97	17	5.81	21.78	3.645
2014-12-05 22:31:45.878	10501	11001	-91	-91	25
2014-12-05 22:31:45.892	10501	11001	-88	-97	25	5.82	21.78	3.633
2014-12-05 22:41:44.791	10501	11001	-91	-97	25
2014-12-05 22:46:44.395	10501	11001	-94	-91	24	5.83	21.78	3.645
2014-12-05 23:01:46.366	10501	11001	-88	-97	23	5.86	21.78	3.645
2014-12-05 23:11:53.834	10501	11001	-94	-97	35
2014-12-06 05:11:45.087	10501	11001	-94	-94	35
2014-12-06 05:11:45.1	10501	11001	-94	-97	35
2014-12-06 05:16:43.443	10501	11001	-91	-97	35	6.18	21.84	3.645
2014-12-06 05:31:42.367	10501	11001	-94	-91	35	6.18	21.87	3.645
2014-12-06 05:51:46.062	10501	11001	-94	-97	32
2014-12-06 06:11:44.011	10501	11001	-94	-97	32
2014-12-06 07:16:42.306	10501	11001	-94	-94	30	6.14	21.87	3.645
2014-12-06 09:01:48.178	10501	11001	-94	-94	22	5.86	21.85	3.645
2014-12-06 09:11:45.83	10501	11001	-94	-97	24
2014-12-06 11:11:51.779	10501	11001	-94	-97	37
2014-12-06 17:46:46.662	10501	11001	-91	-97	42	5.06	21.8	3.645
2014-12-06 17:51:41.234	10501	11001	-88	-97	42
2014-12-06 19:46:44.522	10501	11001	-94	-94	39	2.79	21.51	3.645
2014-12-06 20:31:41.454	10501	11001	-91	-94	34
2014-12-06 21:01:41.379	10501	11001	-94	-97	31	1.97	21.14	3.645
2014-12-06 21:11:42.051	10501	11001	-88	-97	31
2014-12-06 21:16:47.451	10501	11001	-94	-94	31	2.1	21.11	3.645
2014-12-06 21:41:41.002	10501	11001	-88	-97	29
2014-12-06 22:11:46.042	10501	11001	-91	-97	30
2014-12-06 22:31:43.343	10501	11001	-91	-94	27	2.29	21.06	3.645
2014-12-06 22:41:41.963	10501	11001	-85	-97	29
2014-12-06 22:46:43.323	10501	11001	-88	-97	29	2.32	21.06	3.645
2014-12-06 23:41:41.931	10501	11001	-94	-97	31
2014-12-06 23:51:44.951	10501	11001	-94	-97	27
2014-12-07 00:01:43.251	10501	11001	-94	-97	29	2.11	21.12	3.645
2014-12-07 02:11:42.812	10501	11001	-91	-94	25
2014-12-07 02:16:41.162	10501	11001	-94	-97	24	0.74	20.89	3.645
2014-12-07 02:41:40.794	10501	11001	-91	-94	22
2014-12-07 03:11:42.791	10501	11001	-88	-97	21
2014-12-07 06:16:43.115	10501	11001	-88	-94	22	-1.78	20.34	3.645
2014-12-07 06:31:41.038	10501	11001	-88	-97	21
2014-12-07 06:31:41.058	10501	11001	-85	-97	21	-1.96	20.33	3.633
2014-12-07 07:11:41.487	10501	11001	-88	-97	18
2014-12-07 07:11:41.504	10501	11001	-88	-97	18
2014-12-07 07:16:42.059	10501	11001	-88	-97	18	-2.39	20.2	3.645
2014-12-07 10:46:42.946	10501	11001	-91	-94	40	4.93	21.09	3.633
2014-12-07 22:31:40.475	10501	11001	-91	-94	24	0.33	21.07	3.633
2014-12-07 23:51:40.995	10501	11001	-85	-91	31
2014-12-08 01:11:41.974	10501	11001	-88	-94	29
2014-12-08 01:16:41.315	10501	11001	-88	-97	28	-0.74	20.82	3.645
2014-12-08 01:31:41.291	10501	11001	-88	-94	26	-0.71	20.79	3.645
2014-12-08 01:41:41.946	10501	11001	-88	-97	25
2014-12-08 02:11:42.943	10501	11001	-91	-97	25
2014-12-08 02:16:42.295	10501	11001	-88	-97	25	-0.92	20.78	3.645
2014-12-08 02:31:41.282	10501	11001	-91	-97	23
2014-12-08 02:31:41.302	10501	11001	-88	-97	23	-0.92	20.74	3.633
2014-12-08 02:41:41.915	10501	11001	-88	-97	19
2014-12-08 02:46:42.274	10501	11001	-88	-97	19	-0.89	20.71	3.645
2014-12-08 03:01:41.243	10501	11001	-88	-97	24	-0.88	20.71	3.645
2014-12-08 03:11:43.942	10501	11001	-88	-97	21
2014-12-08 03:11:43.959	10501	11001	-88	-97	21
2014-12-08 03:16:41.271	10501	11001	-94	-97	30	-0.88	20.71	3.645
2014-12-08 04:01:41.235	10501	11001	-91	-91	28	-1.07	20.7	3.645
2014-12-08 04:11:42.867	10501	11001	-88	-88	28
2014-12-08 05:46:41.19	10501	11001	-91	-91	25	-1.31	20.62	3.645
2014-12-08 06:01:42.179	10501	11001	-88	-88	23	-1.29	20.62	3.645
2014-12-08 06:16:40.163	10501	11001	-91	-97	23	-1.39	20.61	3.645
2014-12-08 06:46:44.19	10501	11001	-91	-97	21	-1.6	20.6	3.645
2014-12-08 07:51:39.77	10501	11001	-88	-94	19
2014-12-08 12:01:42.967	10501	11001	-91	-94	17	4.28	21.54	3.645
2014-12-08 12:11:44.671	10501	11001	-94	-97	17
2014-12-08 14:31:39.791	10501	11001	-94	-94	28
2014-12-08 14:31:39.805	10501	11001	-94	-97	28	6.06	22.21	3.633
2014-12-08 15:16:41.775	10501	11001	-94	-94	27	5.74	22.3	3.645
2014-12-08 15:31:46.792	10501	11001	-88	-97	27	5.54	22.25	3.645
2014-12-08 15:46:40.77	10501	11001	-91	-97	27	5.38	22.24	3.645
2014-12-08 20:31:40.474	10501	11001	-94	-94	15	2.89	21.55	3.633
2014-12-09 09:01:41.978	10501	11001	-91	-97	35	0.53	20.73	3.633
2014-12-09 09:11:40.647	10501	11001	-88	-97	32
2014-12-09 09:31:45.019	10501	11001	-94	-97	32	2.17	20.7	3.633
2014-12-10 15:01:37.77	10501	11001	-91	-97	24	1.01	21.18	3.633
2014-12-10 15:11:38.467	10501	11001	-88	-97	24
2014-12-10 15:11:38.483	10501	11001	-88	-97	24
2014-12-10 15:16:39.535	10501	11001	-91	-97	23	0.99	21.18	3.633
2014-12-10 15:31:37.471	10501	11001	-94	-97	25	0.92	21.18	3.633
2014-12-10 15:46:40.055	10501	11001	-88	-97	32	0.86	21.17	3.633
2014-12-10 15:46:41.243	10501	11001	-88	-97	32	0.86	21.17	3.633
2014-12-10 15:46:41.65	10501	11001	-88	-97	32	0.86	21.17	3.633
2014-12-10 15:51:36.843	10501	11001	-88	-97	30
2014-12-10 16:01:39.318	10501	11001	-94	-97	28	0.78	21.17	3.633
2014-12-10 16:01:41.098	10501	11001	-94	-97	28	0.78	21.17	3.633
2014-12-10 16:01:41.291	10501	11001	-94	-97	28	0.78	21.17	3.633
2014-12-10 16:11:39.575	10501	11001	-88	-97	28
2014-12-10 16:16:38.439	10501	11001	-94	-97	40	0.71	21.16	3.633
2014-12-10 16:31:41.698	10501	11001	-88	-94	46	0.64	21.16	3.633
2014-12-10 16:41:38.355	10501	11001	-88	-97	42
2014-12-10 16:46:37.443	10501	11001	-91	-97	42	0.6	21.15	3.633
2014-12-10 17:11:40.899	10501	11001	-91	-97	40
2014-12-10 17:11:40.922	10501	11001	-91	-97	37
2014-12-10 17:16:37.343	10501	11001	-88	-97	34	0.5	21.08	3.633
2014-12-10 17:31:44.295	10501	11001	-88	-97	31	0.47	21.08	3.633
2014-12-10 17:41:39.002	10501	11001	-94	-97	32
2014-12-10 17:46:38.46	10501	11001	-85	-97	28	0.43	21.07	3.633
2014-12-10 17:51:45.655	10501	11001	-88	-97	28
2014-12-10 18:01:41.227	10501	11001	-91	-97	27	0.43	21.07	3.633
2014-12-10 18:11:36.879	10501	11001	-85	-97	26
2014-12-10 18:16:47.298	10501	11001	-88	-94	20	0.42	21.07	3.633
2014-12-10 18:31:44.211	10501	11001	-94	-91	18
2014-12-10 18:46:42.207	10501	11001	-94	-94	19	0.42	21.0	3.633
2014-12-10 19:01:43.238	10501	11001	-85	-97	19	0.38	21.07	3.633
2014-12-10 19:11:38.463	10501	11001	-88	-91	23
2014-12-10 19:11:38.682	10501	11001	-88	-97	23
2014-12-10 19:16:38.367	10501	11001	-85	-94	23	0.39	21.07	3.633
2014-12-10 19:31:37.171	10501	11001	-88	-91	21	0.42	21.04	3.633
2014-12-10 19:41:38.182	10501	11001	-91	-88	21
2014-12-10 19:46:42.042	10501	11001	-91	-97	20	0.35	21.0	3.633
2014-12-10 19:51:38.278	10501	11001	-94	-97	20
2014-12-10 20:01:40.15	10501	11001	-88	-97	19	0.38	21.0	3.633
2014-12-10 20:11:42.835	10501	11001	-94	-94	18
2014-12-10 20:16:38.167	10501	11001	-85	-97	18	0.35	21.03	3.633
2014-12-10 20:31:38.11	10501	11001	-91	-97	16
2014-12-10 20:31:38.122	10501	11001	-88	-97	16	0.32	21.03	3.633
2014-12-10 20:41:41.77	10501	11001	-94	-85	16
2014-12-10 21:01:47.839	10501	11001	-91	-97	18	0.29	21.0	3.633
2014-12-10 21:16:40.135	10501	11001	-91	-97	17	0.26	20.99	3.633
2014-12-10 21:41:45.775	10501	11001	-94	-94	15
2014-12-10 21:46:42.107	10501	11001	-94	-97	18	0.18	20.99	3.633
2014-12-10 21:51:36.771	10501	11001	-91	-97	18
2014-12-10 22:01:41.11	10501	11001	-91	-91	17	0.14	20.99	3.633
2014-12-10 22:31:37.867	10501	11001	-91	-94	28
2014-12-10 22:31:37.883	10501	11001	-88	-97	42	0.08	20.98	3.633
2014-12-10 22:41:37.19	10501	11001	-91	-94	42
2014-12-11 01:11:36.826	10501	11001	-94	-91	20
2014-12-11 02:31:37.411	10501	11001	-91	-97	13
2014-12-11 02:46:45.006	10501	11001	-94	-97	10	-0.64	20.87	3.633
2014-12-11 03:51:37.075	10501	11001	-91	-91	20
2014-12-11 04:11:38.298	10501	11001	-94	-94	19
2014-12-11 08:11:45.762	10501	11001	-91	-94	22
2014-12-11 12:16:38.207	10501	11001	-91	-91	11	-1.07	20.63	3.633
2014-12-11 12:31:38.494	10501	11001	-88	-97	17
2014-12-11 12:46:39.227	10501	11001	-88	-97	19	-1.0	20.7	3.633
2014-12-11 14:11:40.306	10501	11001	-94	-94	11
2014-12-11 14:11:41.062	10501	11001	-94	-94	11
2014-12-11 14:11:44.09	10501	11001	-94	-94	11
2014-12-11 16:41:39.618	10501	11001	-91	-94	22
2014-12-11 19:16:38.767	10501	11001	-94	-97	20	0.82	21.1	3.633
2014-12-11 22:11:48.527	10501	11001	-94	-94	21
2014-12-11 23:41:37.774	10501	11001	-91	-97	30
2014-12-12 06:01:39.106	10501	11001	-91	-94	17	-0.13	21.04	3.621
2014-12-12 10:16:44.439	10501	11001	-88	-97	25	0.43	20.94	3.621
2014-12-12 10:31:40.662	10501	11001	-88	-97	33	0.53	20.98	3.621
2014-12-12 11:41:38.662	10501	11001	-88	-94	27
2014-12-12 11:46:37.238	10501	11001	-94	-97	24	1.32	21.17	3.621
2014-12-12 11:51:36.932	10501	11001	-91	-97	33
2014-12-12 12:11:36.711	10501	11001	-94	-97	41
2014-12-12 12:16:37.023	10501	11001	-91	-97	41	1.57	21.22	3.621
2014-12-12 12:46:38.618	10501	11001	-85	-91	38	1.7	21.26	3.621
2014-12-12 13:16:40.143	10501	11001	-94	-91	33	1.78	21.3	3.621
2014-12-12 13:31:36.65	10501	11001	-91	-97	34	1.74	21.3	3.621
2014-12-28 00:11:22.107	10501	11001	-94	-97	10
2014-12-28 00:41:24.706	10501	11001	-91	-97	22
2014-12-28 00:46:25.21	10501	11001	-94	-97	19	8.89	24.44	3.598
2014-12-28 01:01:31.222	10501	11001	-94	-94	16	8.65	24.35	3.598
2014-12-28 01:11:33.911	10501	11001	-94	-97	32
2014-12-28 01:16:29.287	10501	11001	-94	-97	38	8.5	24.27	3.598
2014-12-28 02:16:23.191	10501	11001	-94	-94	20	8.11	24.0	3.598
2014-12-28 02:31:23.038	10501	11001	-94	-97	19
2014-12-28 02:31:23.054	10501	11001	-94	-97	19	8.13	23.96	3.587
2014-12-29 21:41:21.967	10501	11001	-88	-97	10
2014-12-29 21:46:23.079	10501	11001	-88	-97	12	-0.52	22.6	3.587
2014-12-29 21:51:24.734	10501	11001	-91	-97	15
2014-12-29 22:01:22.954	10501	11001	-85	-97	14	-0.82	22.58	3.575
2014-12-29 23:11:23.627	10501	11001	-88	-88	28
2014-12-30 01:11:21.163	10501	11001	-85	-88	43
2014-12-30 02:11:29.623	10501	11001	-85	-88	39
2015-01-01 05:16:22.474	10501	11001	-85	-97	10	-5.45	21.44	3.564
2015-01-01 05:31:25.615	10501	11001	-88	-97	15	-5.48	21.44	3.564
2015-01-01 05:41:25.935	10501	11001	-85	-88	16
2015-01-01 05:46:21.483	10501	11001	-85	-97	15	-5.52	21.44	3.564
2015-01-01 05:51:23.858	10501	11001	-88	-97	17
2015-01-01 06:16:21.507	10501	11001	-85	-97	16	-5.64	21.43	3.564
2015-01-01 06:31:30.071	10501	11001	-88	-97	15
2015-01-01 06:31:30.084	10501	11001	-85	-97	16	-5.68	21.43	3.553
2015-01-01 06:41:21.938	10501	11001	-85	-97	19
2015-01-01 06:46:25.579	10501	11001	-85	-97	19	-5.74	21.42	3.564
2015-01-01 07:01:23.075	10501	11001	-85	-97	22	-5.82	21.42	3.564
2015-01-01 07:11:21.927	10501	11001	-88	-88	22
2015-01-01 07:11:21.946	10501	11001	-88	-97	22
2015-01-01 07:16:21.583	10501	11001	-88	-97	22	-5.88	21.38	3.564
2015-01-01 07:31:26.935	10501	11001	-85	-97	23	-5.93	21.34	3.564
2015-01-01 07:41:24.203	10501	11001	-88	-97	23
2015-01-01 07:51:22.939	10501	11001	-85	-97	21
2015-01-01 08:01:21.374	10501	11001	-85	-97	20	-5.96	21.34	3.564
2015-01-01 08:11:26.122	10501	11001	-85	-88	19
2015-01-01 08:16:23.651	10501	11001	-85	-97	18	-5.92	21.34	3.564
2015-01-01 08:31:23.886	10501	11001	-88	-97	18
2015-01-01 09:41:29.239	10501	11001	-85	-97	10
2015-01-01 09:51:24.05	10501	11001	-85	-97	16
2015-01-01 10:01:22.611	10501	11001	-85	-97	16	-2.42	21.16	3.553
2015-01-01 10:11:21.015	10501	11001	-94	-97	19
2015-01-01 10:16:21.718	10501	11001	-91	-97	19	-2.43	21.51	3.553
2015-01-01 10:31:26.203	10501	11001	-94	-97	18	-1.17	21.45	3.553
2015-01-01 11:11:28.879	10501	11001	-88	-97	22
2015-01-01 11:16:24.806	10501	11001	-94	-97	22	0.07	22.29	3.553
2015-01-01 11:41:22.054	10501	11001	-94	-94	22
2015-01-01 11:51:25.09	10501	11001	-94	-97	22
2015-01-01 12:16:27.834	10501	11001	-94	-97	21	3.43	22.87	3.553
2015-01-01 12:31:24.019	10501	11001	-94	-88	19
2015-01-01 12:31:24.423	10501	11001	-94	-97	19	4.0	23.53	3.553
2015-01-01 13:11:22.731	10501	11001	-94	-91	19
2015-01-01 13:31:21.326	10501	11001	-94	-97	21	4.0	23.88	3.553
2015-01-01 13:41:21.996	10501	11001	-91	-97	23
2015-01-01 14:31:24.963	10501	11001	-94	-97	20
2015-01-01 14:31:27.519	10501	11001	-94	-97	20	5.06	24.16	3.553
2015-01-01 15:11:25.075	10501	11001	-88	-91	20
2015-01-01 15:11:25.087	10501	11001	-88	-97	19
2015-01-01 15:51:28.202	10501	11001	-94	-91	18
2015-01-01 17:11:21.719	10501	11001	-91	-94	22
2015-01-01 17:16:23.759	10501	11001	-94	-97	22	2.86	24.07	3.564
2015-01-01 17:31:21.775	10501	11001	-94	-97	22	2.53	23.91	3.564
2015-01-01 17:46:22.731	10501	11001	-94	-97	23	2.21	23.82	3.564
2015-01-01 19:01:22.666	10501	11001	-94	-97	29	1.22	23.34	3.564
2015-01-01 21:11:28.074	10501	11001	-94	-94	29
2015-01-01 22:31:31.65	10501	11001	-94	-97	21
2015-01-01 22:31:31.663	10501	11001	-94	-97	23	0.39	22.8	3.553
2015-01-01 22:46:31.51	10501	11001	-91	-97	25	0.39	22.8	3.564
2015-01-02 02:16:22.195	10501	11001	-88	-94	26	-0.1	22.76	3.564
2015-01-02 02:31:22.775	10501	11001	-94	-97	26	-0.21	22.72	3.553
2015-01-02 04:16:23.894	10501	11001	-94	-94	23	-0.66	22.59	3.564
2015-01-02 04:31:29.199	10501	11001	-94	-97	22	-0.74	22.58	3.553
2015-01-02 11:51:28.41	10501	11001	-94	-91	26
2015-01-02 13:31:22.119	10501	11001	-94	-97	29	6.81	24.63	3.564
2015-01-02 13:46:22.482	10501	11001	-91	-97	26	6.75	24.66	3.564
2015-01-02 14:11:22.05	10501	11001	-91	-97	26
2015-01-02 14:16:22.599	10501	11001	-94	-94	25	6.45	24.68	3.564
2015-01-02 15:46:25.33	10501	11001	-94	-94	22	6.14	25.07	3.564
2015-01-02 16:31:21.242	10501	11001	-94	-97	23
2015-01-02 16:31:21.254	10501	11001	-94	-97	23	4.96	24.67	3.553
2015-01-02 16:41:27.754	10501	11001	-94	-97	22
2015-01-02 16:46:22.775	10501	11001	-94	-97	24	4.5	24.54	3.564
2015-01-02 17:11:36.459	10501	11001	-94	-94	26
2015-01-02 21:46:20.927	10501	11001	-91	-97	28	-1.66	22.52	3.564
2015-01-02 22:16:25.971	10501	11001	-91	-91	28	-2.02	22.49	3.564
2015-01-02 22:31:23.827	10501	11001	-88	-97	27	-2.03	22.42	3.553
2015-01-02 22:41:24.487	10501	11001	-88	-97	27
2015-01-02 23:01:23.391	10501	11001	-88	-97	25	-2.21	22.34	3.564
2015-01-02 23:11:21.25	10501	11001	-91	-97	25
2015-01-02 23:11:22.299	10501	11001	-91	-97	25
2015-01-02 23:41:22.283	10501	11001	-91	-91	25
2015-01-02 23:51:23.203	10501	11001	-91	-91	25
2015-01-03 00:11:23.263	10501	11001	-91	-97	25
2015-01-03 00:31:22.458	10501	11001	-91	-91	22	-2.57	22.25	3.553
2015-01-03 00:46:22.083	10501	11001	-91	-97	22	-2.66	22.21	3.564
2015-01-03 01:01:21.351	10501	11001	-91	-97	22	-2.78	22.17	3.564
2015-01-03 01:11:25.231	10501	11001	-94	-97	22
2015-01-03 01:11:25.247	10501	11001	-91	-97	23
2015-01-03 01:31:21.414	10501	11001	-91	-91	23	-3.0	22.15	3.564
2015-01-03 01:41:21.195	10501	11001	-94	-94	21
2015-01-03 01:46:21.771	10501	11001	-94	-97	20	-3.1	22.08	3.564
2015-01-03 02:11:21.334	10501	11001	-91	-97	20
2015-01-03 02:16:24.158	10501	11001	-91	-97	20	-3.18	22.04	3.564
2015-01-03 02:31:24.851	10501	11001	-94	-94	20	-3.2	22.0	3.553
2015-01-03 04:31:20.379	10501	11001	-88	-97	28
2015-01-03 05:11:26.167	10501	11001	-91	-97	28
2015-01-03 05:31:22.454	10501	11001	-91	-97	26	-1.82	22.1	3.564
2015-01-03 05:51:21.395	10501	11001	-91	-97	26
2015-01-03 06:01:20.687	10501	11001	-88	-97	24	-1.35	22.13	3.564
2015-01-03 06:31:23.703	10501	11001	-88	-97	30
2015-01-03 06:31:23.718	10501	11001	-88	-97	28	-0.98	22.22	3.553
2015-01-03 06:41:22.554	10501	11001	-88	-91	28
2015-01-03 06:46:25.614	10501	11001	-88	-97	26	-0.79	22.3	3.553
2015-01-03 07:11:20.958	10501	11001	-85	-97	28
2015-01-03 07:51:24.931	10501	11001	-91	-91	31
2015-01-03 10:11:28.722	10501	11001	-94	-94	32
2015-01-03 13:31:26.887	10501	11001	-94	-97	14	3.78	23.24	3.553
2015-01-03 13:41:26.682	10501	11001	-91	-97	16
2015-01-03 13:46:30.354	10501	11001	-94	-97	16	3.88	23.32	3.553
2015-01-03 13:51:21.578	10501	11001	-94	-97	25
2015-01-03 14:01:23.298	10501	11001	-94	-97	33	4.0	23.33	3.553
2015-01-03 14:11:24.654	10501	11001	-94	-97	31
2015-01-03 14:16:23.282	10501	11001	-94	-97	31	4.14	23.37	3.553
2015-01-03 14:31:20.686	10501	11001	-94	-94	27
2015-01-03 14:31:20.703	10501	11001	-91	-97	25	4.25	23.41	3.542
2015-01-03 14:41:24.646	10501	11001	-91	-97	22
2015-01-03 14:46:21.254	10501	11001	-94	-97	21	4.39	23.42	3.553
2015-01-03 15:16:25.31	10501	11001	-91	-94	22	4.65	23.51	3.553
2015-01-03 16:11:21.57	10501	11001	-91	-97	21
2015-01-03 16:31:23.722	10501	11001	-94	-97	21
2015-01-03 17:01:21.254	10501	11001	-94	-97	17	5.39	23.7	3.553
2015-01-03 17:11:23.563	10501	11001	-91	-97	16
2015-01-03 17:11:27.626	10501	11001	-91	-97	19
2015-01-03 17:16:21.248	10501	11001	-94	-97	21	5.45	23.7	3.553
2015-01-03 17:31:21.99	10501	11001	-91	-94	19	5.51	23.78	3.553
2015-01-03 17:46:27.262	10501	11001	-91	-97	22	5.56	23.78	3.553
2015-01-03 18:01:26.294	10501	11001	-91	-97	20	5.57	23.78	3.553
2015-01-03 18:11:23.855	10501	11001	-94	-97	24
2015-01-03 18:41:25.61	10501	11001	-94	-94	20
2015-01-03 18:46:28.27	10501	11001	-94	-97	23	5.6	23.78	3.553
2015-01-03 19:16:21.19	10501	11001	-94	-97	20	5.63	23.82	3.553
2015-01-03 19:31:23.634	10501	11001	-94	-97	20	5.79	23.8	3.553
2015-01-03 19:41:19.578	10501	11001	-94	-97	19
2015-01-03 19:46:20.155	10501	11001	-94	-97	50	5.97	23.81	3.553
2015-01-03 19:51:22.479	10501	11001	-94	-97	46
2015-01-03 20:01:29.294	10501	11001	-94	-97	49	6.18	23.83	3.553
2015-01-03 21:46:23.555	10501	11001	-94	-91	34	7.83	24.15	3.553
2015-01-03 22:31:26.11	10501	11001	-91	-94	45	8.32	24.26	3.542
2015-01-03 23:01:21.987	10501	11001	-94	-97	41	8.53	24.34	3.553
2015-01-03 23:46:24.307	10501	11001	-94	-97	36	9.25	24.43	3.553
2015-01-03 23:51:19.578	10501	11001	-91	-97	37
2015-01-04 00:01:20.259	10501	11001	-94	-97	37	9.38	24.47	3.553
2015-01-04 00:11:21.702	10501	11001	-94	-94	34
2015-01-04 00:16:22.222	10501	11001	-94	-97	30	9.5	24.55	3.553
2015-01-04 00:31:23.114	10501	11001	-94	-97	28
2015-01-04 00:31:23.127	10501	11001	-94	-97	28	9.83	24.5	3.553
2015-01-04 00:41:19.611	10501	11001	-94	-97	26
2015-01-04 00:46:22.222	10501	11001	-94	-94	25	10.11	24.52	3.553
2015-01-04 01:01:24.759	10501	11001	-94	-97	42	10.31	24.61	3.553
2015-01-04 01:11:23.659	10501	11001	-94	-97	47
2015-01-04 06:46:22.734	10501	11001	-91	-97	15	13.06	25.37	3.553
2015-01-04 07:41:23.994	10501	11001	-91	-97	33
2015-01-04 07:51:23.727	10501	11001	-91	-97	31
2015-01-04 08:16:22.338	10501	11001	-94	-97	27	13.07	25.37	3.564
2015-01-04 08:31:25.775	10501	11001	-91	-97	27
2015-01-04 08:41:18.903	10501	11001	-91	-97	30
2015-01-04 08:46:26.371	10501	11001	-91	-97	28	13.38	25.39	3.564
2015-01-04 09:01:20.998	10501	11001	-94	-97	50	13.6	25.41	3.553
2015-01-04 09:41:18.654	10501	11001	-91	-97	55
2015-01-04 11:31:25.611	10501	11001	-91	-97	36	14.82	25.74	3.564
2015-01-04 12:31:20.199	10501	11001	-94	-97	30
2015-01-04 12:41:22.798	10501	11001	-91	-97	29
2015-01-04 13:11:23.364	10501	11001	-91	-97	41
2015-01-08 08:46:30.674	10501	11001	-79	-82	10	-16.06	18.99	3.509
2015-01-08 08:46:31.194	10501	11001	-79	-82	10	-16.06	18.99	3.509
2015-01-08 08:46:32.786	10501	11001	-79	-82	10	-16.06	18.99	3.509
2015-01-08 09:01:29.51	10501	11001	-79	-97	18	-15.78	18.94	3.509
2015-01-08 09:51:28.326	10501	11001	-82	-82	16
2015-01-08 11:01:27.734	10501	11001	-82	-82	14	-10.28	19.83	3.498
2015-01-08 11:11:23.355	10501	11001	-82	-82	12
2015-01-08 11:11:23.37	10501	11001	-82	-97	13
2015-01-08 11:16:26.003	10501	11001	-82	-82	13	-9.91	20.06	3.498
2015-01-08 11:51:23.31	10501	11001	-82	-82	10
2015-01-08 12:01:24.23	10501	11001	-82	-82	10	-9.03	20.46	3.498
2015-01-08 12:11:24.682	10501	11001	-85	-97	11
2015-01-08 12:16:24.29	10501	11001	-82	-97	15	-7.43	20.66	3.487
2015-01-08 12:31:23.682	10501	11001	-82	-82	11
2015-01-08 12:31:23.731	10501	11001	-79	-97	11	-6.53	21.1	3.498
2015-01-08 12:41:21.19	10501	11001	-79	-97	11
2015-01-08 12:46:24.038	10501	11001	-79	-97	12	-6.35	21.45	3.498
2015-01-08 13:01:25.782	10501	11001	-82	-97	11	-6.73	21.42	3.498
2015-01-08 13:31:23.747	10501	11001	-82	-97	14	-7.02	21.61	3.509
2015-01-08 13:41:23.836	10501	11001	-82	-97	10
2015-01-08 13:46:23.374	10501	11001	-82	-97	18	-7.3	21.66	3.498
2015-01-08 13:51:21.69	10501	11001	-82	-97	23
2015-01-08 14:01:22.343	10501	11001	-79	-97	23	-7.39	21.58	3.498
2015-01-08 14:11:22.046	10501	11001	-82	-97	23
2015-01-08 14:31:25.791	10501	11001	-82	-82	22
2015-01-08 14:31:25.806	10501	11001	-82	-97	22	-6.82	21.55	3.498
2015-01-08 14:41:22.994	10501	11001	-79	-97	24
2015-01-08 14:46:27.65	10501	11001	-85	-97	24	-6.57	21.91	3.498
2015-01-08 15:01:22.13	10501	11001	-82	-82	25	-7.03	21.88	3.509
2015-01-08 15:16:22.734	10501	11001	-82	-97	25	-6.96	21.88	3.509
2015-01-08 15:31:28.131	10501	11001	-79	-82	23	-7.0	21.88	3.509
2015-01-08 15:46:24.83	10501	11001	-82	-97	23	-7.36	21.85	3.509
2015-01-08 15:51:22.659	10501	11001	-82	-97	23
2015-01-08 16:16:24.55	10501	11001	-82	-97	23	-8.06	21.67	3.509
2015-01-08 16:31:24.887	10501	11001	-82	-82	18
2015-01-08 16:31:29.206	10501	11001	-82	-97	18	-8.37	21.55	3.498
2015-01-08 16:46:24.595	10501	11001	-79	-97	17	-8.69	21.49	3.509
2015-01-08 17:01:36.378	10501	11001	-82	-97	24	-9.0	21.41	3.509
2015-01-08 21:01:32.662	10501	11001	-85	-82	34	-9.94	20.73	3.509
2015-01-09 03:41:31.25	10501	11001	-79	-97	34
2015-01-09 03:46:27.588	10501	11001	-79	-82	35	-6.32	21.52	3.498
2015-01-09 03:51:25.846	10501	11001	-79	-97	36
2015-01-09 05:11:24.087	10501	11001	-82	-82	32
2015-01-09 05:41:29.117	10501	11001	-82	-97	30
2015-01-09 05:46:24.471	10501	11001	-79	-97	30	-6.38	21.51	3.498
2015-01-09 07:11:25.091	10501	11001	-82	-82	26
2015-01-09 07:16:23.77	10501	11001	-79	-97	26	-6.03	21.61	3.498
2015-01-09 07:31:24.115	10501	11001	-82	-85	24	-6.0	21.61	3.498
2015-01-09 07:46:26.794	10501	11001	-82	-97	22	-6.02	21.61	3.498
2015-01-09 09:11:30.175	10501	11001	-82	-97	20
2015-01-09 09:31:30.538	10501	11001	-82	-97	19	-5.14	21.73	3.498
2015-01-09 09:41:22.93	10501	11001	-82	-97	19
2015-01-09 09:46:27.951	10501	11001	-85	-97	18	-4.98	21.74	3.498
2015-01-09 09:51:26.135	10501	11001	-82	-82	18
2015-01-09 10:01:28.439	10501	11001	-82	-82	15	-4.6	21.7	3.498
2015-01-09 10:11:22.462	10501	11001	-79	-82	12
2015-01-09 10:16:24.667	10501	11001	-82	-97	14	-4.78	21.83	3.498
2015-01-09 10:31:23.442	10501	11001	-82	-82	27
2015-01-09 10:31:23.526	10501	11001	-82	-97	27	-4.96	21.88	3.498
2015-01-09 10:41:22.741	10501	11001	-82	-97	25
2015-01-09 10:46:25.946	10501	11001	-82	-97	24	-3.75	21.45	3.498
2015-01-09 14:31:26.191	10501	11001	-79	-97	19
2015-01-09 14:41:27.043	10501	11001	-82	-97	21
2015-01-09 15:01:22.878	10501	11001	-82	-85	19	-1.46	22.98	3.498
2015-01-09 15:11:23.44	10501	11001	-82	-97	19
2015-01-09 15:11:23.455	10501	11001	-82	-97	19
2015-01-09 15:16:24.61	10501	11001	-82	-97	18	-1.21	23.3	3.498
2015-01-09 15:31:26.139	10501	11001	-79	-97	22	-1.96	23.45	3.498
2015-01-09 15:41:23.946	10501	11001	-82	-97	21
2015-01-09 15:46:23.538	10501	11001	-82	-97	25	-2.38	23.29	3.498
2015-01-09 15:51:23.875	10501	11001	-82	-97	23
2015-01-09 16:01:29.667	10501	11001	-82	-82	19	-3.07	23.24	3.498
2015-01-09 16:11:29.024	10501	11001	-79	-97	18
2015-01-09 16:16:28.103	10501	11001	-82	-97	25	-3.71	23.09	3.498
2015-01-09 16:31:24.351	10501	11001	-82	-97	20
2015-01-09 16:31:25.063	10501	11001	-82	-97	20	-4.2	22.95	3.498
2015-01-09 16:41:22.955	10501	11001	-79	-97	21
2015-01-09 16:46:24.534	10501	11001	-79	-97	20	-4.74	22.85	3.498
2015-01-09 17:01:24.226	10501	11001	-79	-97	45	-5.29	22.67	3.498
2015-01-09 17:11:26.542	10501	11001	-79	-97	37
2015-01-09 17:11:26.555	10501	11001	-79	-97	37
2015-01-09 17:16:27.591	10501	11001	-82	-97	44	-5.78	22.57	3.498
2015-01-09 17:31:27.915	10501	11001	-79	-97	29	-6.25	22.4	3.498
2015-01-09 17:41:23.558	10501	11001	-79	-97	26
2015-01-09 17:46:29.283	10501	11001	-79	-97	26	-6.64	22.31	3.498
2015-01-09 17:51:24.52	10501	11001	-79	-82	28
2015-01-09 18:01:23.118	10501	11001	-79	-97	26	-6.99	22.15	3.498
2015-01-09 18:11:22.351	10501	11001	-79	-97	24
2015-01-09 18:16:25.243	10501	11001	-79	-97	22	-7.21	22.0	3.498
2015-01-09 18:46:24.287	10501	11001	-79	-97	19	-7.62	21.8	3.498
2015-01-09 19:01:23.59	10501	11001	-79	-97	18	-7.94	21.75	3.498
2015-01-09 19:11:26.643	10501	11001	-79	-97	16
2015-01-09 19:11:26.659	10501	11001	-79	-97	19
2015-01-09 19:16:28.422	10501	11001	-79	-97	18	-8.28	21.72	3.498
2015-01-09 19:31:29.595	10501	11001	-79	-97	25	-8.56	21.64	3.498
2015-01-09 19:41:24.75	10501	11001	-79	-97	25
2015-01-09 19:46:27.41	10501	11001	-79	-97	24	-8.84	21.55	3.498
2015-01-09 19:51:27.707	10501	11001	-79	-97	23
2015-01-09 20:01:26.978	10501	11001	-79	-97	22	-9.08	21.47	3.498
2015-01-09 20:11:22.735	10501	11001	-79	-97	28
2015-01-09 20:16:25.415	10501	11001	-79	-97	25	-9.32	21.38	3.498
2015-01-09 20:31:31.303	10501	11001	-79	-97	21
2015-01-09 20:31:34.731	10501	11001	-82	-97	20	-9.49	21.3	3.498
2015-01-09 20:46:23.447	10501	11001	-79	-97	18	-9.68	21.26	3.498
2015-01-09 22:31:23.023	10501	11001	-79	-97	33
2015-01-09 22:31:23.042	10501	11001	-79	-97	32	-11.26	20.92	3.487
2015-01-09 22:41:27.999	10501	11001	-79	-97	32
2015-01-09 22:46:26.679	10501	11001	-79	-82	30	-11.44	20.84	3.498
2015-01-10 00:01:25.851	10501	11001	-79	-97	25	-12.52	20.56	3.487
2015-01-10 00:16:35.99	10501	11001	-79	-97	25	-12.76	20.51	3.487
2015-01-10 02:16:27.086	10501	11001	-82	-97	24	-14.34	20.04	3.487
2015-01-10 02:31:30.079	10501	11001	-79	-97	24
2015-01-10 02:31:30.094	10501	11001	-79	-97	24	-14.54	19.96	3.476
2015-01-10 05:11:30.038	10501	11001	-79	-79	10
2015-01-10 06:46:28.886	10501	11001	-79	-97	13	-16.28	19.52	3.487
2015-01-10 07:11:33.302	10501	11001	-79	-97	16
2015-01-10 08:11:27.438	10501	11001	-79	-82	29
2015-01-10 08:31:23.478	10501	11001	-79	-79	29
2015-01-10 08:31:27.543	10501	11001	-79	-97	29	-16.38	19.31	3.476
2015-01-10 08:41:26.43	10501	11001	-79	-97	29
2015-01-10 08:46:30.194	10501	11001	-79	-97	27	-16.0	19.2	3.476
2015-01-10 09:01:25.286	10501	11001	-79	-97	25	-15.51	19.16	3.476
2015-01-10 09:11:24.514	10501	11001	-79	-97	24
2015-01-10 09:11:24.527	10501	11001	-79	-97	24
2015-01-10 09:16:28.231	10501	11001	-79	-97	24	-15.24	19.18	3.476
2015-01-10 09:31:25.602	10501	11001	-79	-97	24	-14.56	19.16	3.476
2015-01-10 09:41:25.314	10501	11001	-79	-97	21
2015-01-10 09:46:26.299	10501	11001	-79	-97	21	-14.22	19.24	3.476
2015-01-10 09:51:30.626	10501	11001	-82	-82	20
2015-01-10 10:01:25.767	10501	11001	-79	-97	26	-12.73	19.14	3.476
2015-01-10 10:11:25.699	10501	11001	-79	-97	25
2015-01-10 10:16:31.383	10501	11001	-79	-97	22	-11.44	19.35	3.476
2015-01-10 10:31:25.734	10501	11001	-82	-97	20
2015-01-10 10:31:25.747	10501	11001	-79	-97	20	-10.68	19.6	3.476
2015-01-10 10:41:24.874	10501	11001	-79	-97	18
2015-01-10 10:46:30.407	10501	11001	-79	-97	18	-8.98	19.68	3.476
2015-01-10 11:01:27.963	10501	11001	-82	-97	19	-8.84	20.26	3.476
2015-01-10 12:11:26.65	10501	11001	-79	-97	23
2015-01-10 12:16:32.555	10501	11001	-79	-82	22	-5.71	21.08	3.476
2015-01-10 12:41:31.575	10501	11001	-79	-97	23
2015-01-10 13:01:26.95	10501	11001	-79	-82	23	-4.54	22.32	3.476
2015-01-10 13:11:24.914	10501	11001	-79	-97	23
2015-01-10 13:16:26.595	10501	11001	-79	-97	23	-4.57	22.18	3.476
2015-01-10 13:31:24.846	10501	11001	-82	-97	19	-4.25	22.41	3.476
2015-01-10 13:41:26.155	10501	11001	-82	-97	19
2015-01-10 13:46:27.575	10501	11001	-82	-97	18	-4.2	22.48	3.476
2015-01-10 14:01:30.33	10501	11001	-82	-97	18	-4.07	22.49	3.476
2015-01-10 14:16:26.595	10501	11001	-79	-97	20	-4.13	22.62	3.476
2015-01-10 14:31:28.323	10501	11001	-82	-97	19
2015-01-10 16:31:25.98	10501	11001	-82	-82	24
2015-01-10 16:46:24.654	10501	11001	-82	-97	29	-5.0	23.1	3.487
2015-01-10 17:11:25.014	10501	11001	-79	-97	28
2015-01-10 17:11:30.931	10501	11001	-79	-97	28
2015-01-10 17:16:30.226	10501	11001	-79	-82	26	-6.09	22.69	3.476
2015-01-10 17:31:28.267	10501	11001	-79	-97	30	-6.6	22.55	3.487
2015-01-10 17:41:29.911	10501	11001	-82	-97	29
2015-01-10 17:51:32.111	10501	11001	-79	-97	29
2015-01-10 18:11:30.166	10501	11001	-79	-97	25
2015-01-10 18:16:27.818	10501	11001	-79	-82	27	-7.76	22.1	3.487
2015-01-10 19:11:28.259	10501	11001	-79	-97	26
2015-01-10 22:41:25.082	10501	11001	-82	-97	22
2015-01-10 22:46:30.25	10501	11001	-82	-97	21	-10.72	21.02	3.476
2015-01-11 00:31:24.603	10501	11001	-82	-97	19
2015-01-11 00:31:26.683	10501	11001	-82	-97	18	-11.4	20.77	3.465
2015-01-11 00:41:28.487	10501	11001	-82	-97	18
2015-01-11 02:16:29.334	10501	11001	-82	-97	19	-10.99	20.6	3.476
2015-01-11 03:01:24.903	10501	11001	-82	-97	20	-10.36	20.64	3.465
2015-01-11 03:11:25.887	10501	11001	-82	-97	20
2015-01-11 04:31:27.987	10501	11001	-82	-82	19
2015-01-11 04:41:32.559	10501	11001	-82	-97	19
2015-01-11 04:46:27.331	10501	11001	-79	-97	19	-8.68	20.95	3.465
2015-01-11 05:01:28.042	10501	11001	-82	-82	18	-8.47	21.0	3.465
2015-01-11 05:11:25.258	10501	11001	-82	-82	15
2015-01-11 05:11:25.271	10501	11001	-79	-97	15
2015-01-11 05:16:26.315	10501	11001	-82	-82	15	-8.28	21.05	3.465
2015-01-11 05:31:27.438	10501	11001	-79	-82	15	-8.08	21.13	3.465
2015-01-11 05:41:26.715	10501	11001	-82	-97	16
2015-01-11 05:46:25.37	10501	11001	-79	-97	16	-7.9	21.17	3.465
2015-01-11 05:51:24.658	10501	11001	-79	-97	16
2015-01-11 06:01:26.142	10501	11001	-82	-82	15	-7.82	21.21	3.465
2015-01-11 06:11:25.715	10501	11001	-82	-97	14
2015-01-11 06:16:28.375	10501	11001	-82	-97	15	-7.78	21.28	3.465
2015-01-11 06:41:25.762	10501	11001	-82	-82	29
2015-01-11 10:46:26.454	10501	11001	-85	-82	22	-1.85	22.16	3.465
2015-01-11 11:11:25.851	10501	11001	-85	-97	22
2015-01-11 11:41:24.795	10501	11001	-85	-97	24
2015-01-11 11:46:26.482	10501	11001	-82	-97	24	-0.17	22.62	3.465
2015-01-11 11:51:24.763	10501	11001	-85	-97	23
2015-01-11 12:16:25.426	10501	11001	-88	-97	28	0.83	22.76	3.465
2015-01-11 12:46:26.367	10501	11001	-94	-97	28	1.7	22.99	3.465
2015-01-11 13:01:28.895	10501	11001	-94	-97	26	2.17	23.06	3.465
2015-01-11 13:16:28.487	10501	11001	-91	-97	33	2.61	23.19	3.465
2015-01-11 13:31:25.711	10501	11001	-91	-97	34	3.07	23.26	3.465
2015-01-11 13:41:25.687	10501	11001	-91	-97	27
2015-01-11 13:46:25.37	10501	11001	-88	-97	25	3.43	23.42	3.465
2015-01-11 13:51:31.726	10501	11001	-88	-97	27
2015-01-11 14:11:24.655	10501	11001	-88	-97	25
2015-01-11 14:16:25.358	10501	11001	-91	-97	24	3.86	23.66	3.476
2015-01-11 14:31:24.591	10501	11001	-91	-97	45
2015-01-11 14:31:26.635	10501	11001	-94	-97	50	3.97	23.74	3.465
2015-01-11 14:41:26.691	10501	11001	-94	-97	46
2015-01-11 15:16:29.383	10501	11001	-91	-97	34	4.13	23.96	3.476
2015-01-11 15:41:24.559	10501	11001	-88	-97	32
2015-01-11 16:01:26.375	10501	11001	-88	-97	28	3.97	24.05	3.476
2015-01-11 16:31:26.318	10501	11001	-94	-97	29
2015-01-11 16:41:32.603	10501	11001	-94	-97	27
2015-01-11 17:11:25.574	10501	11001	-91	-97	31
2015-01-11 17:11:25.588	10501	11001	-88	-97	29
2015-01-11 17:16:25.218	10501	11001	-91	-97	27	3.74	24.0	3.476
2015-01-11 17:41:25.41	10501	11001	-88	-97	29
2015-01-11 17:46:25.195	10501	11001	-88	-97	29	3.56	24.05	3.476
2015-01-11 18:01:28.087	10501	11001	-94	-97	26	3.36	24.04	3.476
2015-01-11 18:11:24.547	10501	11001	-91	-97	25
2015-01-11 18:16:26.247	10501	11001	-91	-97	22	3.21	24.03	3.476
2015-01-11 18:41:29.578	10501	11001	-91	-97	31
2015-01-11 19:01:26.562	10501	11001	-91	-97	30	2.89	23.94	3.476
2015-01-11 19:11:24.518	10501	11001	-88	-97	25
2015-01-11 19:11:24.533	10501	11001	-91	-97	25
2015-01-11 19:16:29.19	10501	11001	-91	-97	27	2.79	23.93	3.476
2015-01-11 19:31:25.823	10501	11001	-91	-91	23	2.81	23.86	3.476
2015-01-11 19:41:26.451	10501	11001	-91	-97	21
2015-01-11 19:46:27.199	10501	11001	-94	-97	21	2.83	23.86	3.476
2015-01-11 19:51:26.466	10501	11001	-91	-97	23
2015-01-11 20:01:25.751	10501	11001	-91	-91	20	2.93	23.8	3.476
2015-01-11 20:16:25.23	10501	11001	-94	-97	29	2.93	23.8	3.476
2015-01-11 20:31:25.351	10501	11001	-88	-97	23
2015-01-11 20:31:25.367	10501	11001	-91	-97	23	3.0	23.81	3.476
2015-01-11 20:41:24.422	10501	11001	-88	-97	21
2015-01-11 20:46:26.135	10501	11001	-91	-97	19	3.1	23.81	3.476
2015-01-11 21:01:25.386	10501	11001	-91	-97	20	3.21	23.82	3.476
2015-01-11 21:11:25.307	10501	11001	-88	-97	25
2015-01-11 21:11:25.323	10501	11001	-91	-97	25
2015-01-11 21:16:28.15	10501	11001	-88	-97	23	3.35	23.83	3.476
2015-01-11 21:31:27.018	10501	11001	-88	-97	22	3.39	23.84	3.476
2015-01-11 21:41:24.466	10501	11001	-91	-97	20
2015-01-11 21:46:25.238	10501	11001	-91	-97	19	3.42	23.84	3.476
2015-01-11 21:46:27.287	10501	11001	-91	-97	19	3.42	23.84	3.476
2015-01-11 21:51:24.446	10501	11001	-94	-97	18
2015-01-11 22:01:24.771	10501	11001	-94	-94	16	3.46	23.87	3.476
2015-01-11 22:11:24.883	10501	11001	-88	-97	19
2015-01-11 22:16:26.155	10501	11001	-94	-97	22	3.46	23.91	3.476
2015-01-11 22:31:24.834	10501	11001	-91	-97	19
2015-01-11 22:31:24.85	10501	11001	-88	-97	19	3.25	23.96	3.476
2015-01-11 22:46:25.524	10501	11001	-94	-97	35	3.0	23.95	3.476
2015-01-12 02:46:24.983	10501	11001	-94	-97	11	1.4	23.42	3.465
2015-01-12 03:01:24.955	10501	11001	-94	-97	12	1.42	23.42	3.465
2015-01-12 03:11:24.298	10501	11001	-94	-97	18
2015-01-12 03:16:25.015	10501	11001	-91	-97	17	1.46	23.42	3.465
2015-01-12 03:31:24.639	10501	11001	-94	-94	16	1.47	23.42	3.465
2015-01-12 03:41:25.366	10501	11001	-91	-97	16
2015-01-12 03:46:29.059	10501	11001	-91	-97	16	1.49	23.42	3.465
2015-01-12 03:51:29.323	10501	11001	-94	-97	19
2015-01-12 04:01:28.863	10501	11001	-94	-97	21	1.53	23.43	3.465
2015-01-12 04:16:25.974	10501	11001	-94	-97	25	1.56	23.4	3.465
2015-01-12 04:31:24.143	10501	11001	-91	-97	24
2015-01-12 04:41:25.198	10501	11001	-94	-97	24
2015-01-12 04:46:24.943	10501	11001	-94	-97	23	1.6	23.43	3.465
2015-01-12 05:01:24.798	10501	11001	-94	-97	21	1.64	23.44	3.465
2015-01-12 05:11:29.306	10501	11001	-94	-97	21
2015-01-12 05:16:24.931	10501	11001	-94	-97	20	1.67	23.44	3.465
2015-01-12 05:31:26.266	10501	11001	-94	-97	18	1.71	23.44	3.465
2015-01-12 05:41:24.387	10501	11001	-91	-97	16
2015-01-12 05:51:24.307	10501	11001	-94	-97	24
2015-01-12 06:01:25.798	10501	11001	-91	-94	23	1.82	23.45	3.465
2015-01-12 06:46:24.955	10501	11001	-91	-97	23	2.0	23.46	3.465
2015-01-12 07:01:27.902	10501	11001	-91	-97	21	2.07	23.47	3.465
2015-01-12 07:11:28.567	10501	11001	-91	-97	18
2015-01-12 07:51:25.546	10501	11001	-88	-97	20
2015-01-12 07:51:25.863	10501	11001	-88	-97	20
2015-01-12 07:51:26.89	10501	11001	-88	-97	20
2015-01-12 08:01:31.982	10501	11001	-91	-97	27	2.11	23.5	3.465
2015-01-12 08:31:25.882	10501	11001	-91	-97	25	2.1	23.54	3.465
2015-01-12 08:46:32.062	10501	11001	-91	-97	25	2.15	23.47	3.465
2015-01-12 09:31:27.415	10501	11001	-88	-97	32	2.51	23.5	3.465
2015-01-12 09:41:26.494	10501	11001	-88	-97	32
2015-01-12 09:46:24.948	10501	11001	-91	-97	32	2.57	23.57	3.465
2015-01-12 09:51:25.202	10501	11001	-88	-97	30
2015-01-12 10:01:24.42	10501	11001	-88	-97	28	2.68	23.54	3.465
2015-01-12 10:11:24.986	10501	11001	-88	-97	28
2015-01-12 10:31:25.463	10501	11001	-88	-97	26
2015-01-12 10:31:25.551	10501	11001	-88	-97	25	2.89	23.52	3.465
2015-01-12 10:41:25.594	10501	11001	-88	-97	23
2015-01-12 10:46:26.943	10501	11001	-91	-97	22	3.07	23.61	3.465
2015-01-12 11:01:29.887	10501	11001	-88	-97	18	3.15	23.61	3.465
2015-01-12 11:11:23.946	10501	11001	-88	-97	19
2015-01-12 11:11:24.014	10501	11001	-91	-97	19
2015-01-12 11:16:24.398	10501	11001	-88	-97	18	3.24	23.69	3.465
2015-01-12 11:31:25.738	10501	11001	-94	-97	38	3.25	23.69	3.465
2015-01-12 11:51:24.122	10501	11001	-88	-97	35
2015-01-12 12:01:24.698	10501	11001	-88	-91	34	3.15	23.71	3.465
2015-01-12 12:31:40.078	10501	11001	-88	-97	29	3.15	23.75	3.465
2015-01-12 13:11:26.338	10501	11001	-91	-97	20
2015-01-12 13:11:26.355	10501	11001	-91	-97	19
2015-01-12 13:16:27.392	10501	11001	-91	-97	18	3.15	23.68	3.465
2015-01-12 13:31:29.707	10501	11001	-91	-97	19	3.17	23.68	3.465
2015-01-12 13:41:25.291	10501	11001	-91	-94	20
2015-01-12 13:51:26.35	10501	11001	-91	-97	36
2015-01-12 14:11:26.29	10501	11001	-94	-97	38
2015-01-12 14:31:26.631	10501	11001	-94	-97	35
2015-01-12 14:41:31.875	10501	11001	-91	-97	35
2015-01-12 14:46:32.486	10501	11001	-94	-97	32	3.07	23.74	3.465
2015-01-12 15:01:33.663	10501	11001	-94	-97	39	3.01	23.74	3.465
2015-01-12 16:01:26.591	10501	11001	-88	-94	24	2.63	23.71	3.465
2015-01-12 16:31:30.579	10501	11001	-91	-97	23
2015-01-12 17:01:24.842	10501	11001	-91	-97	20	1.99	23.6	3.465
2015-01-12 17:11:24.386	10501	11001	-94	-94	22
2015-01-12 17:11:24.598	10501	11001	-91	-97	22
2015-01-12 17:16:24.335	10501	11001	-94	-97	20	1.82	23.59	3.465
2015-01-12 17:31:24.063	10501	11001	-94	-97	22	1.71	23.58	3.465
2015-01-12 17:41:24.423	10501	11001	-91	-97	20
2015-01-12 17:51:24.032	10501	11001	-94	-97	46
2015-01-12 20:41:26.127	10501	11001	-82	-85	32
2015-01-12 20:41:29.065	10501	11001	-82	-85	32
2015-01-12 21:01:26.314	10501	11001	-82	-97	25	0.15	23.19	3.465
2015-01-12 21:11:25.162	10501	11001	-88	-85	31
2015-01-12 21:16:27.695	10501	11001	-85	-97	32	0.07	23.15	3.465
2015-01-12 21:31:24.171	10501	11001	-85	-97	29	-0.03	23.15	3.465
2015-01-12 21:41:25.01	10501	11001	-85	-85	27
2015-01-12 21:46:27.642	10501	11001	-85	-97	25	-0.14	23.14	3.465
2015-01-12 21:51:23.854	10501	11001	-85	-97	25
2015-01-12 22:01:24.875	10501	11001	-85	-97	23	-0.25	23.1	3.465
2015-01-12 22:31:24.879	10501	11001	-82	-97	41
2015-01-12 22:31:24.93	10501	11001	-82	-97	41
2015-01-12 22:46:25.399	10501	11001	-85	-97	37	-0.5	23.01	3.465
2015-01-12 23:01:25.698	10501	11001	-82	-97	37	-0.61	23.0	3.465
2015-01-12 23:11:24.326	10501	11001	-82	-85	31
2015-01-12 23:31:25.782	10501	11001	-82	-97	31	-0.75	22.99	3.465
2015-01-12 23:41:23.802	10501	11001	-79	-97	29
2015-01-12 23:46:24.726	10501	11001	-85	-97	27	-0.84	22.95	3.465
2015-01-12 23:46:25.727	10501	11001	-85	-97	27	-0.84	22.95	3.465
2015-01-12 23:51:29.922	10501	11001	-85	-97	25
2015-01-13 00:01:24.675	10501	11001	-85	-97	29	-0.93	22.91	3.465
2015-01-13 00:31:26.57	10501	11001	-85	-85	29
2015-01-13 00:31:26.59	10501	11001	-82	-97	27	-1.14	22.9	3.455
2015-01-13 00:41:27.839	10501	11001	-82	-85	23
2015-01-13 00:46:29.294	10501	11001	-82	-97	23	-1.24	22.89	3.465
2015-01-13 00:46:31.255	10501	11001	-82	-97	23	-1.24	22.89	3.465
2015-01-13 01:01:25.538	10501	11001	-85	-97	27	-1.34	22.88	3.465
2015-01-13 01:11:23.671	10501	11001	-82	-85	25
2015-01-13 01:11:23.69	10501	11001	-82	-97	25
2015-01-13 01:16:27.371	10501	11001	-82	-97	23	-1.53	22.87	3.465
2015-01-13 01:31:24.198	10501	11001	-85	-97	25	-1.74	22.82	3.465
2015-01-13 01:41:28.871	10501	11001	-82	-97	25
2015-01-13 01:51:24.883	10501	11001	-82	-97	28
2015-01-13 02:01:25.674	10501	11001	-82	-97	26	-2.13	22.76	3.465
2015-01-13 02:01:33.554	10501	11001	-82	-97	26	-2.13	22.76	3.465
2015-01-13 02:31:31.307	10501	11001	-82	-97	24	-2.95	22.77	3.455
2015-01-13 03:41:25.867	10501	11001	-79	-85	16
2015-01-13 03:46:25.303	10501	11001	-79	-97	16	-4.96	22.39	3.465
2015-01-13 03:51:26.914	10501	11001	-82	-97	16
2015-01-13 04:11:28.898	10501	11001	-82	-82	16
2015-01-13 04:16:24.274	10501	11001	-82	-97	16	-5.6	22.25	3.465
2015-01-13 04:31:27.255	10501	11001	-79	-97	16	-5.86	22.16	3.455
2015-01-13 04:41:28.914	10501	11001	-82	-82	16
2015-01-13 04:46:34.359	10501	11001	-82	-97	16	-6.11	22.07	3.465
2015-01-13 05:11:34.01	10501	11001	-82	-97	18
2015-01-13 05:41:27.935	10501	11001	-82	-82	18
2015-01-13 05:46:26.363	10501	11001	-82	-97	18	-7.1	21.8	3.465
2015-01-13 05:51:34.006	10501	11001	-82	-97	18
2015-01-13 06:31:28.318	10501	11001	-79	-82	21	-7.78	21.62	3.455
2015-01-13 06:46:28.304	10501	11001	-82	-82	19	-8.02	21.54	3.465
2015-01-13 07:11:25.963	10501	11001	-79	-97	18
2015-01-13 07:41:27.983	10501	11001	-82	-97	21
2015-01-13 07:46:31.11	10501	11001	-82	-97	20	-8.92	21.28	3.465
2015-01-13 08:16:25.495	10501	11001	-82	-97	20	-9.22	21.19	3.455
2015-01-13 08:31:26.339	10501	11001	-79	-97	20	-9.28	21.12	3.455
2015-01-13 08:41:27.018	10501	11001	-82	-82	20
2015-01-13 08:46:28.415	10501	11001	-79	-97	20	-9.1	20.96	3.455
2015-01-13 09:01:26.423	10501	11001	-79	-97	20	-8.62	20.82	3.455
2015-01-13 09:11:26.039	10501	11001	-79	-97	19
2015-01-13 09:11:26.059	10501	11001	-79	-97	19
2015-01-13 09:16:29.502	10501	11001	-82	-97	18	-8.4	20.84	3.455
2015-01-13 09:31:28.451	10501	11001	-79	-97	23	-7.6	20.72	3.455
2015-01-13 09:41:30.075	10501	11001	-82	-97	20
2015-01-13 09:46:28.478	10501	11001	-82	-97	19	-7.18	20.78	3.455
2015-01-13 09:51:24.066	10501	11001	-79	-97	19
2015-01-13 10:01:31.474	10501	11001	-79	-97	19	-6.14	20.78	3.455
2015-01-13 10:11:31.107	10501	11001	-82	-82	18
2015-01-13 10:16:26.458	10501	11001	-79	-97	21	-3.98	20.72	3.455
2015-01-13 10:31:25.402	10501	11001	-82	-97	19
2015-01-13 10:31:25.422	10501	11001	-79	-97	19	-2.61	21.15	3.444
2015-01-13 10:41:25.066	10501	11001	-79	-97	18
2015-01-13 10:46:26.503	10501	11001	-82	-97	18	-0.84	21.41	3.444
2015-01-13 11:01:28.47	10501	11001	-79	-97	15	-0.74	22.14	3.444
2015-01-13 11:11:24.591	10501	11001	-79	-97	13
2015-01-13 11:31:29.535	10501	11001	-82	-97	16	0.11	22.71	3.444
2015-01-13 12:31:25.454	10501	11001	-82	-82	24
2015-01-13 13:46:27.559	10501	11001	-82	-82	24	3.39	24.73	3.455
2015-01-13 13:51:27.182	10501	11001	-79	-97	24
2015-01-13 14:11:29.182	10501	11001	-82	-82	21
2015-01-13 14:16:26.486	10501	11001	-82	-97	21	2.78	24.62	3.455
2015-01-13 14:31:25.47	10501	11001	-85	-97	21
2015-01-13 14:31:25.483	10501	11001	-82	-97	20	3.06	24.57	3.444
2015-01-13 14:46:27.494	10501	11001	-82	-97	20	3.57	24.98	3.455
2015-01-13 15:16:28.506	10501	11001	-82	-82	19	4.46	25.84	3.455
2015-01-13 15:31:25.759	10501	11001	-82	-82	18	4.22	25.82	3.455
2015-01-13 15:41:29.503	10501	11001	-85	-82	16
2015-01-13 15:46:26.182	10501	11001	-82	-82	15	3.42	25.69	3.455
2015-01-13 16:11:30.203	10501	11001	-82	-85	13
2015-01-13 16:31:30.507	10501	11001	-82	-82	14
2015-01-13 16:31:30.519	10501	11001	-82	-97	14	1.6	25.25	3.455
2015-01-13 17:11:24.119	10501	11001	-82	-82	14
2015-01-13 17:11:30.482	10501	11001	-82	-97	14
2015-01-13 17:16:25.551	10501	11001	-82	-97	14	-1.09	24.47	3.465
2015-01-13 17:41:25.118	10501	11001	-82	-97	16
2015-01-13 18:01:28.526	10501	11001	-82	-97	15	-3.24	23.8	3.465
2015-01-13 18:16:28.574	10501	11001	-82	-82	14	-3.82	23.59	3.465
2015-01-13 18:41:30.178	10501	11001	-82	-82	13
2015-01-13 18:46:26.259	10501	11001	-82	-97	17	-4.85	23.18	3.455
2015-01-13 19:01:26.514	10501	11001	-82	-97	16	-5.32	23.04	3.465
2015-01-13 19:11:28.219	10501	11001	-79	-82	22
2015-01-13 19:41:28.198	10501	11001	-82	-82	26
2015-01-13 20:01:26.555	10501	11001	-82	-97	25	-6.56	22.45	3.465
2015-01-13 21:01:32.683	10501	11001	-82	-97	19	-7.32	22.09	3.455
2015-01-13 21:11:31.254	10501	11001	-79	-97	19
2015-01-13 21:11:31.271	10501	11001	-79	-97	19
2015-01-13 21:16:33.73	10501	11001	-79	-97	19	-7.46	22.05	3.455
2015-01-13 21:31:27.614	10501	11001	-79	-82	18	-7.62	21.97	3.455
2015-01-13 21:41:27.214	10501	11001	-79	-97	16
2015-01-13 21:51:26.378	10501	11001	-79	-97	16
2015-01-13 22:31:29.582	10501	11001	-82	-97	14	-7.74	21.69	3.444
2015-01-13 23:41:39.411	10501	11001	-79	-97	12
2015-01-14 00:01:27.447	10501	11001	-79	-82	12	-8.03	21.61	3.455
2015-01-14 02:01:26.694	10501	11001	-82	-97	15	-8.32	21.48	3.444
2015-01-14 02:11:29.326	10501	11001	-79	-97	12
2015-01-14 02:16:26.903	10501	11001	-82	-97	18	-8.48	21.47	3.444
2015-01-14 02:31:25.187	10501	11001	-82	-97	17	-8.64	21.46	3.434
2015-01-14 03:11:28.279	10501	11001	-82	-97	16
2015-01-14 03:11:28.295	10501	11001	-79	-97	16
2015-01-14 03:16:30.031	10501	11001	-82	-97	16	-9.03	21.4	3.444
2015-01-14 03:41:27.323	10501	11001	-82	-97	16
2015-01-14 03:46:32.075	10501	11001	-82	-97	15	-9.26	21.32	3.444
2015-01-14 03:51:25.539	10501	11001	-82	-97	15
2015-01-14 04:11:34.747	10501	11001	-82	-97	15
2015-01-14 07:01:32.506	10501	11001	-79	-82	22	-11.06	20.86	3.434
2015-01-14 07:11:27.802	10501	11001	-82	-82	18
2015-01-14 07:16:27.959	10501	11001	-79	-82	17	-11.1	20.79	3.434
2015-01-14 07:51:28.655	10501	11001	-79	-97	16
2015-01-14 08:01:29.17	10501	11001	-79	-97	16	-11.01	20.66	3.434
2015-01-14 08:31:25.91	10501	11001	-79	-97	16
2015-01-14 09:01:28.071	10501	11001	-79	-97	22	-9.64	20.75	3.434
2015-01-14 09:41:26.275	10501	11001	-82	-82	17
2015-01-14 09:51:27.13	10501	11001	-82	-97	16
2015-01-14 10:16:27.863	10501	11001	-82	-97	19	-7.32	21.11	3.423
2015-01-14 10:31:29.182	10501	11001	-82	-97	19
2015-01-14 10:41:29.691	10501	11001	-82	-97	19
2015-01-14 11:01:26.203	10501	11001	-82	-97	17	-5.88	21.41	3.434
2015-01-14 11:16:28.142	10501	11001	-85	-97	16	-5.5	21.51	3.434
2015-01-14 11:41:25.663	10501	11001	-82	-97	16
2015-01-14 11:46:33.226	10501	11001	-82	-97	15	-4.57	21.64	3.423
2015-01-14 12:01:31.663	10501	11001	-82	-97	15	-4.1	21.77	3.423
2015-01-14 12:16:27.966	10501	11001	-85	-97	17	-3.7	21.9	3.423
2015-01-14 12:31:33.115	10501	11001	-82	-97	16	-3.39	22.06	3.423
2015-01-14 12:46:29.071	10501	11001	-82	-97	16	-3.2	22.14	3.434
2015-01-14 13:11:29.731	10501	11001	-82	-97	16
2015-01-14 13:16:29.127	10501	11001	-82	-82	16	-2.71	22.31	3.434
2015-01-14 13:41:26.87	10501	11001	-82	-97	21
2015-01-14 13:46:26.072	10501	11001	-79	-97	21	-2.42	22.4	3.434
2015-01-14 14:31:27.343	10501	11001	-82	-97	19
2015-01-14 14:31:27.358	10501	11001	-82	-97	19	-2.04	22.56	3.423
2015-01-14 15:11:29.771	10501	11001	-82	-82	19
2015-01-14 15:11:30.355	10501	11001	-82	-97	19
2015-01-14 15:31:26.958	10501	11001	-82	-97	26	-1.71	22.72	3.434
2015-01-14 15:46:30.082	10501	11001	-85	-97	24	-1.74	22.79	3.434
2015-01-14 16:11:26.458	10501	11001	-82	-82	24
2015-01-14 16:16:28.095	10501	11001	-82	-97	23	-1.89	22.84	3.434
2015-01-14 16:31:25.962	10501	11001	-82	-82	17
2015-01-14 16:31:25.975	10501	11001	-82	-97	17	-2.02	22.84	3.423
2015-01-14 16:41:29.62	10501	11001	-85	-97	16
2015-01-14 16:46:28.043	10501	11001	-82	-97	15	-2.16	22.83	3.434
2015-01-14 17:01:26.967	10501	11001	-82	-97	14	-2.29	22.82	3.434
2015-01-14 17:11:26.602	10501	11001	-82	-97	14
2015-01-14 17:11:26.615	10501	11001	-82	-97	14
2015-01-14 17:16:28.067	10501	11001	-82	-97	14	-2.48	22.8	3.434
2015-01-14 17:31:29.727	10501	11001	-82	-97	15	-2.57	22.8	3.434
2015-01-14 18:31:32.439	10501	11001	-82	-97	19	-3.09	22.69	3.423
2015-01-14 19:11:32.703	10501	11001	-82	-82	19
2015-01-14 19:41:26.559	10501	11001	-85	-97	16
2015-01-14 19:46:28.226	10501	11001	-82	-97	16	-3.46	22.56	3.434
2015-01-14 20:31:30.603	10501	11001	-82	-97	15
2015-01-14 20:46:28.267	10501	11001	-82	-97	15	-3.88	22.5	3.434
2015-01-14 21:11:28.931	10501	11001	-82	-97	26
2015-01-14 21:16:31.339	10501	11001	-82	-97	26	-4.04	22.49	3.434
2015-01-14 21:31:27.626	10501	11001	-85	-82	25	-4.14	22.45	3.434
2015-01-14 21:41:28.711	10501	11001	-82	-97	25
2015-01-14 21:46:26.298	10501	11001	-82	-97	24	-4.25	22.41	3.434
2015-01-14 21:51:25.604	10501	11001	-82	-82	24
2015-01-14 22:31:27.651	10501	11001	-82	-82	22
2015-01-14 22:31:27.663	10501	11001	-82	-97	21	-4.77	22.37	3.423
2015-01-14 23:11:28.718	10501	11001	-82	-82	21
2015-01-15 03:31:25.995	10501	11001	-82	-82	14	-5.89	21.95	3.434
2015-01-15 04:01:26.034	10501	11001	-82	-82	15	-5.99	21.95	3.434
2015-01-15 04:11:26.615	10501	11001	-79	-97	15
2015-01-15 04:31:29.01	10501	11001	-79	-97	14
2015-01-15 04:31:29.027	10501	11001	-79	-97	14	-6.06	21.94	3.434
2015-01-15 04:46:28.731	10501	11001	-82	-97	14	-6.11	21.94	3.434
2015-01-15 05:31:25.999	10501	11001	-82	-82	12	-6.6	21.91	3.434
2015-01-15 05:51:32.719	10501	11001	-82	-82	12
2015-01-15 06:01:30.046	10501	11001	-79	-97	21	-6.75	21.83	3.423
2015-01-15 06:11:27.515	10501	11001	-82	-97	20
2015-01-15 06:16:32.875	10501	11001	-79	-97	20	-6.73	21.76	3.423
2015-01-15 06:31:28.079	10501	11001	-79	-97	21
2015-01-15 06:31:28.095	10501	11001	-82	-97	21	-6.61	21.74	3.423
2015-01-15 06:41:27.667	10501	11001	-79	-97	21
2015-01-15 06:46:30.888	10501	11001	-82	-97	20	-6.53	21.71	3.423
2015-01-15 07:01:32.29	10501	11001	-82	-97	19	-6.5	21.71	3.423
2015-01-15 07:11:28.698	10501	11001	-79	-97	21
2015-01-15 07:16:28.079	10501	11001	-79	-97	21	-6.61	21.77	3.423
2015-01-15 07:31:28.051	10501	11001	-82	-82	21	-6.75	21.79	3.423
2015-01-15 09:11:26.749	10501	11001	-82	-82	19
2015-01-15 09:16:34.167	10501	11001	-79	-97	19	-5.5	21.54	3.423
2015-01-15 09:31:33.343	10501	11001	-82	-82	22	-5.21	21.66	3.423
2015-01-15 09:41:28.323	10501	11001	-82	-97	22
2015-01-15 09:46:28.082	10501	11001	-79	-97	22	-4.1	21.46	3.423
2015-01-15 11:11:26.334	10501	11001	-82	-97	22
2015-01-15 11:11:29.17	10501	11001	-79	-97	22
2015-01-15 11:16:26.794	10501	11001	-82	-97	22	-0.32	22.75	3.413
2015-01-15 11:51:25.703	10501	11001	-85	-88	17
2015-01-15 14:46:29.102	10501	11001	-91	-97	49	4.24	24.62	3.413
2015-01-16 03:46:31.359	10501	11001	-85	-85	24	-1.48	23.08	3.413
2015-01-16 04:16:25.871	10501	11001	-82	-85	24	-1.67	23.06	3.413
2015-01-16 04:31:26.631	10501	11001	-82	-97	23	-1.75	23.02	3.413
2015-01-16 05:31:28.49	10501	11001	-85	-97	27	-1.61	22.93	3.413
2015-01-16 05:51:27.69	10501	11001	-82	-85	24
2015-01-16 06:01:26.31	10501	11001	-82	-97	24	-1.53	22.94	3.413
2015-01-16 07:31:31.394	10501	11001	-85	-97	22	-1.41	22.95	3.413
2015-01-16 08:11:26.714	10501	11001	-85	-97	21
2015-01-16 08:16:26.435	10501	11001	-85	-97	20	-1.35	22.95	3.413
2015-01-16 08:31:30.219	10501	11001	-85	-97	20	-1.32	22.95	3.413
2015-01-16 08:46:28.47	10501	11001	-85	-85	19	-1.25	22.96	3.413
2015-01-16 09:01:28.902	10501	11001	-85	-97	19	-1.18	22.96	3.413
2015-01-16 09:11:26.738	10501	11001	-85	-97	18
2015-01-16 09:11:26.755	10501	11001	-85	-97	18
2015-01-16 09:41:28.782	10501	11001	-85	-97	17
2015-01-16 09:46:29.494	10501	11001	-85	-85	17	-0.61	22.93	3.413
2015-01-16 09:51:26.779	10501	11001	-85	-97	17
2015-01-16 10:41:30.851	10501	11001	-82	-85	16
2015-01-16 10:46:29.51	10501	11001	-85	-97	16	0.64	23.16	3.413
2015-01-16 11:01:28.839	10501	11001	-85	-97	16	0.57	23.26	3.413
2015-01-16 11:11:27.795	10501	11001	-85	-97	15
2015-01-16 11:11:27.81	10501	11001	-85	-97	15
2015-01-16 11:16:28.53	10501	11001	-85	-97	15	0.74	23.23	3.413
2015-01-16 11:46:31.547	10501	11001	-85	-97	18	1.24	23.27	3.413
2015-01-16 12:01:36.691	10501	11001	-85	-97	17	1.53	23.29	3.413
2015-01-16 12:01:37.674	10501	11001	-85	-97	17	1.53	23.29	3.413
2015-01-16 12:11:33.971	10501	11001	-91	-97	23
2015-01-16 12:16:28.523	10501	11001	-88	-97	23	2.32	23.35	3.403
2015-01-16 12:31:25.746	10501	11001	-91	-97	24
2015-01-16 12:46:35.597	10501	11001	-91	-94	23	2.92	23.73	3.413
2015-01-16 13:01:26.495	10501	11001	-88	-97	32	2.61	23.85	3.413
2015-01-16 13:16:27.926	10501	11001	-91	-91	26	2.75	23.86	3.413
2015-01-16 14:01:28.431	10501	11001	-88	-91	25	3.38	23.97	3.413
2015-01-16 15:46:25.246	10501	11001	-88	-94	18	2.85	24.07	3.413
2015-01-16 16:46:31.923	10501	11001	-82	-97	14	1.38	24.07	3.413
2015-01-16 16:46:34.491	10501	11001	-82	-97	14	1.38	24.07	3.413
2015-01-16 17:01:27.699	10501	11001	-85	-97	14	1.1	23.95	3.413
2015-01-16 17:11:26.595	10501	11001	-82	-97	16
2015-01-17 09:01:27.371	10501	11001	-82	-97	10	-7.76	21.12	3.392
2015-01-17 09:11:26.258	10501	11001	-79	-97	10
2015-01-17 09:11:26.29	10501	11001	-79	-97	10
2015-01-17 09:51:28.239	10501	11001	-82	-97	10
2015-01-17 10:01:27.214	10501	11001	-79	-97	10	-2.29	21.38	3.392
2015-01-17 10:11:25.286	10501	11001	-82	-97	14
2015-01-17 10:16:33.978	10501	11001	-82	-82	15	-1.43	21.71	3.382
2015-01-17 10:31:27.398	10501	11001	-82	-97	17
2015-01-17 10:31:27.415	10501	11001	-82	-97	17	-1.46	22.26	3.382
2015-01-17 10:41:30.243	10501	11001	-82	-97	19
2015-01-17 10:46:26.815	10501	11001	-82	-97	18	0.85	22.0	3.382
2015-01-17 11:01:26.742	10501	11001	-85	-97	23	1.88	22.49	3.382
2015-01-17 11:11:32.323	10501	11001	-88	-88	24
2015-01-17 11:11:32.339	10501	11001	-88	-97	33
2015-01-17 11:16:32.866	10501	11001	-91	-97	30	3.15	22.71	3.382
2015-01-17 11:31:30.358	10501	11001	-85	-97	36	4.21	23.17	3.382
2015-01-17 11:41:26.231	10501	11001	-91	-91	30
2015-01-17 11:46:29.887	10501	11001	-88	-94	24	4.71	23.65	3.382
2015-01-17 11:51:33.167	10501	11001	-88	-97	28
2015-01-17 12:01:28.866	10501	11001	-91	-97	37	4.89	23.94	3.382
2015-01-17 12:01:32.248	10501	11001	-91	-97	37	4.89	23.94	3.382
2015-01-17 12:11:27.226	10501	11001	-94	-97	34
2015-01-17 12:16:27.75	10501	11001	-91	-97	34	5.95	23.91	3.382
2015-01-17 19:11:28.57	10501	11001	-94	-94	22
2015-01-17 19:51:27.27	10501	11001	-88	-94	26
2015-01-17 20:31:32.555	10501	11001	-94	-91	24	5.33	25.11	3.413
2015-01-18 08:01:25.855	10501	11001	-88	-91	14	5.1	24.34	3.413
2015-01-18 12:31:25.306	10501	11001	-94	-91	10	7.36	24.88	3.403
2015-01-18 12:46:26.019	10501	11001	-94	-97	10	7.21	24.94	3.403
2015-01-18 13:01:27.078	10501	11001	-94	-97	13	6.89	24.99	3.403
2015-01-18 13:11:24.287	10501	11001	-94	-97	13
2015-01-18 13:11:24.378	10501	11001	-94	-97	13
2015-01-18 13:16:25.018	10501	11001	-94	-97	13	6.64	24.97	3.403
2015-01-18 14:01:25.626	10501	11001	-91	-97	12	6.01	24.89	3.403
2015-01-18 14:16:25.034	10501	11001	-88	-97	13	5.74	24.83	3.403
2015-01-18 14:31:27.359	10501	11001	-91	-97	17
2015-01-18 15:11:28.394	10501	11001	-94	-97	22
2015-01-18 15:11:30.283	10501	11001	-94	-97	22
2015-01-18 15:16:29.99	10501	11001	-94	-97	21	5.24	24.66	3.403
2015-01-18 16:11:27.743	10501	11001	-94	-97	20
2015-01-18 16:31:29.282	10501	11001	-94	-97	18	4.81	24.56	3.403
2015-01-18 16:41:28.377	10501	11001	-94	-97	21
2015-01-18 16:41:29.875	10501	11001	-94	-97	21
2015-01-18 16:41:30.814	10501	11001	-94	-97	21
2015-01-18 17:11:26.074	10501	11001	-91	-97	24
2015-01-18 17:11:26.423	10501	11001	-91	-97	24
2015-01-19 05:01:26.098	10501	11001	-94	-94	18	1.2	23.61	3.392
2015-01-19 05:11:27.055	10501	11001	-91	-94	18
2015-01-19 05:11:27.075	10501	11001	-94	-97	21
2015-01-19 05:16:28.41	10501	11001	-94	-97	21	1.15	23.61	3.392
2015-01-19 05:51:30.103	10501	11001	-94	-94	20
2015-01-19 06:01:32.475	10501	11001	-94	-97	20	1.07	23.57	3.392
2015-01-19 06:16:28.318	10501	11001	-94	-91	18	1.0	23.6	3.392
2015-01-19 12:31:25.062	10501	11001	-94	-97	24
2015-01-19 12:31:25.923	10501	11001	-94	-97	24
2015-01-19 12:31:26.915	10501	11001	-94	-97	24
2015-01-19 12:31:27.895	10501	11001	-94	-97	24
2015-01-19 12:31:28.05	10501	11001	-94	-97	24	2.49	23.63	3.352
2015-01-19 12:46:24.014	10501	11001	-94	-97	25	2.68	23.72	3.362
2015-01-19 16:41:23.686	10501	11001	-94	-94	18
2015-01-19 18:11:26.039	10501	11001	-94	-94	39
2015-01-19 19:11:28.862	10501	11001	-94	-94	39
2015-01-19 19:11:28.879	10501	11001	-94	-97	40
2015-01-19 19:16:25.182	10501	11001	-94	-97	40	2.15	24.02	3.362
2015-01-19 19:31:24.626	10501	11001	-94	-94	34	2.01	24.01	3.362
2015-01-19 19:41:23.571	10501	11001	-94	-97	34
2015-01-19 19:51:27.755	10501	11001	-94	-97	34
2015-01-19 20:01:27.962	10501	11001	-94	-97	34	1.68	23.92	3.362
2015-01-19 20:11:23.65	10501	11001	-94	-97	32
2015-01-19 20:16:26.187	10501	11001	-94	-97	31	1.46	23.87	3.362
2015-01-19 20:31:23.33	10501	11001	-94	-97	29
2015-01-19 20:31:24.478	10501	11001	-94	-97	29
2015-01-19 20:31:25.554	10501	11001	-94	-97	29
2015-01-19 20:31:25.73	10501	11001	-94	-97	29	1.26	23.82	3.352
2015-01-19 20:41:24.354	10501	11001	-94	-97	27
2015-01-19 20:41:25.319	10501	11001	-94	-97	27
2015-01-19 20:41:26.634	10501	11001	-94	-97	27
2015-01-19 20:41:27.459	10501	11001	-94	-97	27
2015-01-19 20:41:28.651	10501	11001	-94	-97	27
2015-01-19 20:41:29.535	10501	11001	-94	-97	27
2015-01-19 20:41:30.336	10501	11001	-94	-97	27
2015-01-19 20:41:32.446	10501	11001	-94	-97	27
2015-01-19 21:31:25.31	10501	11001	-94	-97	20	0.75	23.65	3.362
2015-01-19 21:46:29.01	10501	11001	-94	-97	17	0.51	23.63	3.352
2015-01-19 21:51:24.935	10501	11001	-94	-97	17
2015-01-19 22:01:24.371	10501	11001	-94	-97	16	0.33	23.62	3.352
2015-01-19 22:31:28.39	10501	11001	-88	-97	15
2015-01-19 22:46:28.295	10501	11001	-85	-97	15	-0.34	23.5	3.352
2015-01-19 23:01:25.351	10501	11001	-85	-97	17	-0.5	23.42	3.352
2015-01-19 23:11:31.647	10501	11001	-88	-97	16
2015-01-19 23:16:27.255	10501	11001	-88	-97	19	-0.66	23.41	3.342
2015-01-19 23:41:29.005	10501	11001	-88	-88	17
2015-01-19 23:46:27.214	10501	11001	-88	-97	17	-0.82	23.33	3.352
2015-01-19 23:51:25.995	10501	11001	-88	-97	17
2015-01-20 00:01:34.406	10501	11001	-85	-97	17	-1.0	23.28	3.352
2015-01-20 03:46:28.03	10501	11001	-88	-88	18	-0.64	23.14	3.332
2015-01-20 04:11:25.479	10501	11001	-88	-85	16
2015-01-20 06:31:26.75	10501	11001	-85	-88	25	-0.79	23.19	3.322
2015-01-20 15:46:24.211	10501	11001	-94	-97	37	2.49	23.98	3.246
2015-01-20 17:11:37.762	10501	11001	-94	-94	17
2015-01-20 17:16:26.251	10501	11001	-94	-97	17	2.13	23.99	3.209
2015-01-20 17:46:28.263	10501	11001	-91	-94	16	1.83	23.93	3.172
2015-01-20 17:51:30.595	10501	11001	-94	-94	16
2015-01-20 19:01:26.652	10501	11001	-94	-97	19	1.39	23.76	3.103
2015-01-20 19:11:26.291	10501	11001	-94	-94	38
2015-01-20 19:16:27.791	10501	11001	-91	-97	38	1.33	23.76	3.052
2015-01-20 19:41:28.29	10501	11001	-94	-97	29
2015-01-20 20:11:29.282	10501	11001	-94	-97	24
2015-01-20 20:16:25.662	10501	11001	-91	-97	27	1.0	23.49	2.525
2015-01-20 21:31:26.546	10501	11001	-94	-97	16	0.79	23.44	2.519
2015-01-20 21:41:33.29	10501	11001	-91	-97	15
2015-01-20 21:51:29.623	10501	11001	-91	-97	16
2015-01-20 22:01:23.97	10501	11001	-91	-97	14	0.72	23.37	2.525
2015-01-20 22:11:26.807	10501	11001	-88	-97	15
2015-01-20 22:16:26.282	10501	11001	-91	-97	16	0.7	23.4	2.525
2015-01-20 22:46:28.307	10501	11001	-91	-97	16	0.57	23.36	2.531
2015-01-20 23:11:28.882	10501	11001	-88	-88	15
2015-01-20 23:11:28.895	10501	11001	-88	-97	16
2015-01-20 23:16:27.318	10501	11001	-88	-97	16	0.51	23.36	2.519
2015-01-20 23:41:23.586	10501	11001	-85	-88	16
2015-01-20 23:46:27.315	10501	11001	-85	-97	16	0.46	23.35	2.525
2015-01-20 23:51:28.64	10501	11001	-88	-97	16
2015-01-21 00:01:32.378	10501	11001	-85	-97	16	0.45	23.35	2.525
2015-01-21 00:11:32.735	10501	11001	-85	-97	16
2015-01-21 00:31:23.555	10501	11001	-88	-88	12
2015-01-21 00:31:23.639	10501	11001	-88	-97	12	0.39	23.35	2.519
2015-01-21 00:41:25.951	10501	11001	-88	-88	12
2015-01-21 00:46:24.038	10501	11001	-85	-97	12	0.35	23.31	2.531
2015-01-21 01:01:27.898	10501	11001	-85	-97	13	0.35	23.31	2.531
2015-01-21 01:01:28.775	10501	11001	-85	-97	13	0.35	23.31	2.531
2015-01-21 01:01:30.026	10501	11001	-85	-97	13	0.35	23.31	2.531
2015-01-21 01:01:31.111	10501	11001	-85	-97	13	0.35	23.31	2.531
2015-01-21 01:01:31.846	10501	11001	-85	-97	13	0.35	23.31	2.531
2015-01-21 01:01:33.218	10501	11001	-85	-97	13	0.35	23.31	2.531
2015-01-21 01:01:34.15	10501	11001	-85	-97	13	0.35	23.31	2.531
2015-01-21 01:01:35.028	10501	11001	-85	-97	13	0.35	23.31	2.531
2015-01-21 01:01:35.979	10501	11001	-85	-97	13	0.35	23.31	2.531
2015-01-21 01:31:23.227	10501	11001	-85	-97	12	0.32	23.27	2.531
2015-01-21 01:41:26.123	10501	11001	-85	-88	12
2015-01-21 01:46:25.566	10501	11001	-85	-97	16	0.29	23.27	2.508
2015-01-21 01:51:25.895	10501	11001	-88	-97	15
2015-01-21 02:01:26.562	10501	11001	-88	-97	17	0.26	23.27	2.531
2015-01-21 02:11:27.011	10501	11001	-88	-88	16
2015-01-21 02:16:23.555	10501	11001	-88	-97	19	0.26	23.27	2.531
2015-01-21 02:31:26.891	10501	11001	-88	-88	17
2015-01-21 02:31:26.907	10501	11001	-88	-97	20	0.24	23.27	2.514
2015-01-21 02:41:24.95	10501	11001	-88	-97	19
2015-01-21 02:46:29.635	10501	11001	-85	-97	19	0.24	23.27	2.525
2015-01-21 03:01:27.014	10501	11001	-85	-97	19	0.21	23.27	2.531
2015-01-21 03:11:23.951	10501	11001	-85	-97	28
2015-01-21 03:11:23.964	10501	11001	-88	-97	28
2015-01-21 03:16:25.603	10501	11001	-88	-97	28	0.21	23.27	2.525
2015-01-21 03:46:25.606	10501	11001	-85	-88	26	0.06	23.25	2.531
2015-01-21 03:51:24.895	10501	11001	-88	-97	25
2015-01-21 04:01:26.686	10501	11001	-85	-88	23	0.0	23.25	2.531
2015-01-21 04:11:24.971	10501	11001	-88	-97	23
2015-01-21 04:16:25.599	10501	11001	-85	-97	22	-0.03	23.25	2.525
2015-01-21 06:11:35.986	10501	11001	-85	-88	17
2015-01-21 06:31:27.219	10501	11001	-85	-97	16	-0.1	23.24	2.492
2015-01-21 07:16:24.302	10501	11001	-88	-88	15	-0.09	23.24	2.481
2015-01-21 07:41:26.83	10501	11001	-88	-85	11
2015-01-21 07:51:24.843	10501	11001	-88	-97	11
2015-01-21 08:01:24.79	10501	11001	-88	-88	11	-0.11	23.17	2.519
2015-01-21 09:01:30.182	10501	11001	-88	-97	10	0.28	23.13	2.503
2015-01-21 09:11:28.082	10501	11001	-85	-97	10
2015-01-21 09:11:28.81	10501	11001	-88	-97	11
2015-01-21 09:16:26.326	10501	11001	-91	-97	11	0.5	23.18	2.508
2015-01-21 10:11:22.931	10501	11001	-88	-88	10
2015-01-21 10:31:23.966	10501	11001	-88	-88	10
2015-01-21 10:41:23.58	10501	11001	-88	-91	10
2015-01-21 10:46:24.758	10501	11001	-91	-88	10	1.22	23.34	2.525
2015-01-21 11:01:23.594	10501	11001	-88	-97	10	1.33	23.41	2.503
2015-01-21 11:11:22.95	10501	11001	-88	-97	28
2015-01-21 11:11:22.97	10501	11001	-91	-97	28
2015-01-21 11:16:23.69	10501	11001	-94	-97	24	1.39	23.42	2.497
2015-01-21 11:31:25.947	10501	11001	-91	-97	20	1.47	23.42	2.497
2015-01-21 11:41:28.995	10501	11001	-91	-97	19
2015-01-21 11:46:24.835	10501	11001	-94	-97	29	1.56	23.43	2.497
2015-01-21 11:51:25.952	10501	11001	-91	-97	31
2015-01-21 12:01:23.568	10501	11001	-91	-97	31	1.57	23.5	2.481
2015-01-21 12:11:27.004	10501	11001	-94	-97	32
2015-01-21 12:16:23.618	10501	11001	-91	-97	33	1.58	23.53	2.47
2015-01-21 12:31:23.368	10501	11001	-94	-97	26
2015-01-21 12:31:23.383	10501	11001	-91	-97	26	1.67	23.51	2.492
2015-01-21 12:41:23.186	10501	11001	-88	-97	24
2015-01-21 12:46:23.636	10501	11001	-91	-97	22	1.89	23.45	2.508
2015-01-21 13:01:23.555	10501	11001	-91	-97	21	2.11	23.47	2.497
2015-01-21 13:11:23.874	10501	11001	-88	-97	20
2015-01-21 13:11:23.891	10501	11001	-88	-97	20
2015-01-21 14:01:24.85	10501	11001	-88	-97	38	2.17	23.68	2.519
2015-01-21 14:16:23.558	10501	11001	-88	-88	35	2.14	23.68	2.519
2015-01-21 14:46:29.602	10501	11001	-88	-88	35	2.1	23.67	2.519
2015-01-21 15:11:23.418	10501	11001	-88	-88	36
2015-01-21 15:31:24.603	10501	11001	-88	-91	33	2.07	23.67	2.525
2015-01-21 15:41:24.511	10501	11001	-94	-97	33
2015-01-21 15:46:24.583	10501	11001	-88	-97	31	2.1	23.67	2.525
2015-01-21 15:51:23.075	10501	11001	-85	-88	31
2015-01-21 18:31:24.767	10501	11001	-88	-97	34	1.96	23.73	2.464
2015-01-21 19:11:25.706	10501	11001	-85	-97	31
2015-01-21 19:16:24.474	10501	11001	-85	-97	27	1.79	23.76	2.464
2015-01-21 19:31:23.346	10501	11001	-85	-97	31	1.7	23.78	2.448
2015-01-21 19:46:24.414	10501	11001	-85	-97	31	1.6	23.74	2.486
2015-01-21 20:11:25.735	10501	11001	-88	-97	26
2015-01-21 20:16:23.483	10501	11001	-85	-97	25	1.46	23.7	2.454
2015-01-22 05:51:25.559	10501	11001	-88	-88	46
2015-01-22 06:11:24.602	10501	11001	-88	-97	46
2015-01-22 06:31:23.095	10501	11001	-88	-88	43	0.61	23.5	2.47
2015-01-22 07:01:25.034	10501	11001	-88	-97	43	0.57	23.5	2.481
2015-01-22 07:16:23.139	10501	11001	-88	-85	40	0.5	23.49	2.454
2015-01-22 07:31:23.618	10501	11001	-82	-82	37	0.46	23.49	2.47
2015-01-22 07:41:23.458	10501	11001	-85	-97	37
2015-01-22 07:51:31.146	10501	11001	-82	-97	37
2015-01-22 08:31:23.371	10501	11001	-88	-88	35
2015-01-22 08:31:23.402	10501	11001	-85	-97	35	0.2	23.47	2.448
2015-01-22 10:31:27.371	10501	11001	-85	-85	29
2015-01-22 10:31:27.387	10501	11001	-85	-97	27	0.64	23.36	2.464
2015-01-22 10:41:24.398	10501	11001	-85	-97	26
2015-01-22 10:46:23.102	10501	11001	-85	-97	26	0.85	23.38	2.464
2015-01-22 11:31:25.783	10501	11001	-85	-85	38	1.42	23.42	2.464
2015-01-22 11:51:24.435	10501	11001	-88	-97	36
2015-01-22 12:01:23.81	10501	11001	-88	-97	34	2.01	23.53	2.464
2015-01-22 12:41:23.279	10501	11001	-91	-97	38
2015-01-22 12:46:24.051	10501	11001	-91	-97	35	2.2	23.68	2.459
2015-01-22 13:11:23.282	10501	11001	-85	-88	34
2015-01-22 13:11:23.298	10501	11001	-88	-97	34
2015-01-22 13:46:24.33	10501	11001	-88	-97	29	2.83	23.83	2.459
2015-01-22 13:51:23.223	10501	11001	-88	-94	29
2015-01-22 14:01:23.126	10501	11001	-91	-97	27	2.7	23.89	2.47
2015-01-22 14:11:24.222	10501	11001	-88	-97	26
2015-01-22 14:31:23.483	10501	11001	-85	-91	30
2015-01-22 14:41:25.422	10501	11001	-94	-97	30
2015-01-22 15:01:22.918	10501	11001	-88	-97	29	1.99	23.98	2.438
2015-01-22 15:11:27.419	10501	11001	-85	-97	25
2015-01-22 15:11:27.566	10501	11001	-85	-97	27
2015-01-22 15:16:22.951	10501	11001	-91	-97	26	1.82	23.96	2.432
2015-01-22 15:31:23.93	10501	11001	-85	-97	33	1.7	23.99	2.406
2015-01-22 15:41:31.286	10501	11001	-85	-97	31
2015-01-22 16:31:25.455	10501	11001	-85	-85	30
2015-01-22 16:31:25.471	10501	11001	-85	-97	32	1.14	23.88	2.432
2015-01-22 16:46:24.715	10501	11001	-88	-97	32	0.95	23.87	2.448
2015-01-22 17:01:28.938	10501	11001	-85	-97	28	0.74	23.82	2.427
2015-01-22 17:11:24.226	10501	11001	-82	-97	36
2015-01-22 17:11:24.261	10501	11001	-85	-97	34
2015-01-22 17:41:23.439	10501	11001	-85	-97	32
2015-01-22 17:51:23.759	10501	11001	-88	-97	32
2015-01-22 18:16:29.019	10501	11001	-82	-88	28	0.03	23.6	2.438
2015-01-22 19:11:24.647	10501	11001	-85	-85	30
2015-01-22 19:11:24.663	10501	11001	-85	-97	30
2015-01-22 19:31:27.671	10501	11001	-82	-85	26	-0.38	23.43	2.459
2015-01-22 20:11:25.315	10501	11001	-85	-85	28
2015-01-22 20:41:23.403	10501	11001	-85	-82	28
2015-01-22 20:41:25.007	10501	11001	-85	-82	28
2015-01-22 20:46:24.942	10501	11001	-82	-97	28	-0.6	23.41	2.448
2015-01-22 21:11:26.556	10501	11001	-82	-82	25
2015-01-22 21:16:24.315	10501	11001	-82	-97	24	-0.71	23.41	2.427
2015-01-22 21:41:22.735	10501	11001	-82	-97	26
2015-01-22 21:51:24.523	10501	11001	-82	-97	26
2015-01-22 21:51:25.619	10501	11001	-82	-97	26
2015-01-22 22:31:23.579	10501	11001	-82	-82	18
2015-01-22 23:01:27.631	10501	11001	-82	-85	18	-0.86	23.26	2.448
2015-01-22 23:11:24.456	10501	11001	-85	-97	21
2015-01-22 23:16:30.67	10501	11001	-85	-97	21	-0.91	23.32	2.438
2015-01-23 02:11:24.78	10501	11001	-85	-85	18
2015-01-23 02:41:23.79	10501	11001	-85	-85	16
2015-01-23 02:46:23.93	10501	11001	-85	-97	16	-1.25	23.23	2.427
2015-01-23 03:01:25.818	10501	11001	-82	-85	16	-1.25	23.2	2.432
2015-01-23 03:11:26.382	10501	11001	-85	-97	16
2015-01-23 03:16:27.011	10501	11001	-85	-97	16	-1.28	23.23	2.427
2015-01-23 03:31:26.515	10501	11001	-85	-85	16	-1.28	23.19	2.438
2015-01-23 03:41:29.186	10501	11001	-85	-97	16
2015-01-23 04:11:29.575	10501	11001	-85	-97	15
2015-01-23 04:31:30.52	10501	11001	-85	-85	15	-1.42	23.22	2.422
2015-01-23 05:11:23.998	10501	11001	-85	-85	16
2015-01-23 08:16:24.798	10501	11001	-85	-82	19	-1.48	23.15	2.401
2015-01-23 08:41:24.675	10501	11001	-85	-97	17
2015-01-23 08:46:23.507	10501	11001	-85	-97	17	-1.29	23.16	2.411
2015-01-23 08:46:24.394	10501	11001	-85	-97	17	-1.29	23.16	2.411
2015-01-23 08:46:25.743	10501	11001	-85	-97	17	-1.29	23.16	2.411
2015-01-23 09:16:23.922	10501	11001	-82	-85	11	-1.07	23.17	2.401
2015-01-23 09:31:25.094	10501	11001	-82	-85	10	-0.79	23.13	2.411
2015-01-23 09:41:23.643	10501	11001	-85	-97	10
2015-01-23 09:41:24.959	10501	11001	-85	-97	10
2015-01-23 09:41:25.271	10501	11001	-85	-97	10
2015-01-23 09:41:26.331	10501	11001	-85	-97	10
2015-01-23 09:51:24.307	10501	11001	-82	-85	10
2015-01-23 10:01:24.978	10501	11001	-85	-97	10	-0.32	23.16	2.411
2015-01-23 10:16:23.17	10501	11001	-82	-85	28	0.06	23.19	2.401
2015-01-23 10:46:23.058	10501	11001	-88	-88	28	1.92	23.11	2.396
2015-01-23 11:11:24.195	10501	11001	-85	-97	26
2015-01-23 11:16:30.811	10501	11001	-88	-85	23	2.71	23.44	2.406
2015-01-23 11:31:26.002	10501	11001	-88	-97	26	3.93	23.6	2.411
2015-01-23 11:46:25.218	10501	11001	-88	-88	26	4.42	23.87	2.411
2015-01-23 13:01:23.659	10501	11001	-91	-97	21	5.14	24.79	2.432
2015-01-23 13:16:23.834	10501	11001	-88	-97	23	5.07	24.78	2.422
2015-01-23 13:31:27.918	10501	11001	-88	-97	23	5.18	24.79	2.432
2015-01-23 13:41:24.938	10501	11001	-88	-97	22
2015-01-23 13:51:23.042	10501	11001	-88	-85	22
2015-01-23 14:31:23.959	10501	11001	-88	-97	19
2015-01-23 14:31:23.974	10501	11001	-91	-97	19	5.53	24.96	2.422
2015-01-23 14:41:22.939	10501	11001	-91	-97	22
2015-01-23 14:46:23.651	10501	11001	-88	-97	22	5.39	24.95	2.427
2015-01-23 15:01:26.575	10501	11001	-91	-97	26	5.7	24.9	2.432
2015-01-23 15:11:22.962	10501	11001	-94	-97	27
2015-01-23 15:11:22.975	10501	11001	-91	-97	27
2015-01-23 15:41:22.818	10501	11001	-91	-97	24
2015-01-23 15:46:26.674	10501	11001	-91	-97	21	4.92	25.05	2.427
2015-01-23 15:51:22.962	10501	11001	-88	-97	20
2015-01-23 16:01:23.73	10501	11001	-91	-97	19	4.61	25.03	2.438
2015-01-23 16:11:22.859	10501	11001	-91	-97	18
2015-01-23 16:16:24.647	10501	11001	-91	-97	17	4.32	25.0	2.422
2015-01-23 16:31:22.722	10501	11001	-94	-97	16
2015-01-23 16:31:23.755	10501	11001	-88	-97	16	4.07	24.92	2.427
2015-01-23 16:41:25.862	10501	11001	-91	-97	16
2015-01-23 16:46:23.579	10501	11001	-88	-97	19	3.76	24.89	2.422
2015-01-23 17:01:24.482	10501	11001	-91	-97	20	3.46	24.87	2.417
2015-01-23 17:11:25.007	10501	11001	-88	-97	18
2015-01-23 17:11:25.022	10501	11001	-91	-97	18
2015-01-23 17:16:28.624	10501	11001	-91	-97	17	3.2	24.78	2.422
2015-01-23 17:41:25.767	10501	11001	-91	-97	24
2015-01-23 18:01:23.674	10501	11001	-91	-91	26	2.36	24.65	2.427
2015-01-23 18:11:22.731	10501	11001	-91	-97	26
2015-01-23 18:31:28.622	10501	11001	-91	-94	26
2015-01-23 18:46:23.59	10501	11001	-91	-97	29	1.64	24.43	2.406
2015-01-23 20:31:23.611	10501	11001	-88	-97	39	0.88	24.1	2.401
2015-01-23 20:46:24.014	10501	11001	-91	-91	36	0.85	24.07	2.406
2015-01-23 21:11:26.706	10501	11001	-88	-97	36
2015-01-23 21:16:26.791	10501	11001	-88	-91	37	0.78	23.99	2.411
2015-01-23 21:41:24.086	10501	11001	-91	-91	32
2015-01-23 21:46:23.551	10501	11001	-88	-97	32	0.67	23.98	2.411
2015-01-23 21:51:23.991	10501	11001	-91	-97	32
2015-01-23 22:01:23.709	10501	11001	-88	-97	32	0.61	23.95	2.406
2015-01-23 22:31:28.595	10501	11001	-88	-97	30
2015-01-23 22:31:28.666	10501	11001	-91	-97	30	0.5	23.94	2.391
2015-01-23 22:41:22.894	10501	11001	-88	-97	33
2015-01-23 23:01:24.878	10501	11001	-85	-97	30	0.45	23.9	2.401
2015-01-23 23:11:23.859	10501	11001	-85	-85	26
2015-01-23 23:16:25.727	10501	11001	-85	-97	24	0.38	23.89	2.406
2015-01-23 23:41:28.09	10501	11001	-82	-97	19
2015-01-23 23:46:26.679	10501	11001	-85	-97	19	0.25	23.85	2.406
2015-01-24 01:11:25.031	10501	11001	-85	-85	13
2015-01-24 01:16:23.755	10501	11001	-82	-85	13	0.08	23.74	2.411
2015-01-24 01:46:27.807	10501	11001	-85	-85	12	0.08	23.74	2.417
2015-01-24 02:31:31.043	10501	11001	-85	-85	12
2015-01-24 02:31:31.639	10501	11001	-85	-97	12	0.0	23.73	2.411
2015-01-24 05:11:30.127	10501	11001	-85	-88	10
2015-01-24 05:11:30.139	10501	11001	-85	-97	18
2015-01-24 05:41:23.11	10501	11001	-85	-85	17
2015-01-24 06:01:27.871	10501	11001	-85	-97	17	-0.32	23.64	2.406
2015-01-24 06:11:24.055	10501	11001	-85	-85	17
2015-01-24 06:31:25.439	10501	11001	-88	-88	14
2015-01-24 06:31:25.54	10501	11001	-85	-97	14	-0.5	23.69	2.401
2015-01-24 06:41:23.698	10501	11001	-85	-97	14
2015-01-24 06:41:24.434	10501	11001	-85	-97	14
2015-01-24 06:46:25.427	10501	11001	-85	-97	14	-0.53	23.69	2.406
2015-01-24 07:11:29.483	10501	11001	-85	-97	33
2015-01-24 07:31:28.746	10501	11001	-85	-85	34	-0.88	23.63	2.401
2015-01-24 07:31:29.723	10501	11001	-85	-85	34	-0.88	23.63	2.401
2015-01-24 07:51:25.739	10501	11001	-85	-97	35
2015-01-24 08:31:23.619	10501	11001	-85	-85	33	-1.16	23.51	2.396
2015-01-24 08:41:22.914	10501	11001	-85	-97	32
2015-01-24 09:01:23.735	10501	11001	-85	-85	32	-0.99	23.42	2.411
2015-01-24 09:11:22.958	10501	11001	-85	-97	30
2015-01-24 09:41:22.799	10501	11001	-85	-85	30
2015-01-24 09:46:26.471	10501	11001	-85	-97	28	-0.86	23.39	2.406
2015-01-24 10:31:23.278	10501	11001	-82	-97	45
2015-01-24 10:31:23.294	10501	11001	-85	-97	45	-0.28	23.4	2.396
2015-01-24 10:41:23.906	10501	11001	-85	-97	45
2015-01-24 11:01:23.808	10501	11001	-85	-82	45	-0.1	23.45	2.411
2015-01-24 11:31:24.315	10501	11001	-82	-82	37	0.15	23.5	2.411
2015-01-24 11:51:22.719	10501	11001	-82	-97	37
2015-01-24 12:01:24.095	10501	11001	-82	-82	37	0.46	23.56	2.411
2015-01-24 12:16:24.139	10501	11001	-88	-97	34	0.39	23.62	2.401
2015-01-24 12:31:26.362	10501	11001	-82	-82	34	0.25	23.65	2.401
2015-01-24 12:41:22.859	10501	11001	-85	-97	33
2015-01-24 12:46:24.399	10501	11001	-82	-97	30	0.42	23.62	2.411
2015-01-24 13:11:25.779	10501	11001	-82	-97	28
2015-01-24 13:11:25.795	10501	11001	-82	-97	26
2015-01-24 13:16:23.438	10501	11001	-85	-97	25	0.51	23.63	2.401
2015-01-24 13:31:25.631	10501	11001	-82	-97	23	0.5	23.63	2.401
2015-01-24 13:41:22.662	10501	11001	-85	-97	31
2015-01-24 13:46:25.451	10501	11001	-85	-97	27	0.46	23.69	2.396
2015-01-24 13:51:22.682	10501	11001	-85	-97	26
