result_time	node_id	parent_id	stats_frssi	stats_brssi	etx	temperature	humidity	voltage
2014-12-01 00:13:37.178	10701	1	-94	-97	12	15.81	34.5	3.681
2014-12-01 00:23:36.798	10701	1	-94	-97	44
2014-12-01 00:23:36.811	10701	1	-94	-97	40
2014-12-01 00:28:37.115	10701	1	-94	-97	40	15.86	34.4	3.681
2014-12-01 00:43:41.202	10701	1	-94	-97	26	15.86	34.44	3.681
2014-12-01 00:53:36.714	10701	1	-94	-97	27
2014-12-01 00:58:37.042	10701	1	-94	-97	25	15.97	34.31	3.681
2014-12-01 01:03:36.706	10701	1	-94	-97	25
2014-12-01 01:13:37.01	10701	1	-94	-97	24	15.93	34.38	3.681
2014-12-01 01:23:36.642	10701	1	-94	-97	22
2014-12-01 01:28:36.971	10701	1	-94	-97	22	15.89	34.41	3.681
2014-12-01 01:43:36.646	10701	1	-94	-97	46
2014-12-01 01:43:36.935	10701	1	-94	-97	46	15.78	34.43	3.669
2014-12-01 01:53:36.587	10701	1	-94	-97	46
2014-12-01 01:58:37.414	10701	1	-94	-94	39	15.75	34.5	3.681
2014-12-01 02:13:36.927	10701	1	-94	-97	39	15.83	34.44	3.681
2014-12-01 02:23:36.53	10701	1	-94	-97	34
2014-12-01 02:23:36.558	10701	1	-94	-97	34
2014-12-01 02:43:40.267	10701	1	-94	-97	63	15.47	34.4	3.681
2014-12-01 02:43:42.05	10701	1	-94	-97	63	15.47	34.4	3.681
2014-12-01 02:43:43.102	10701	1	-94	-97	63	15.47	34.4	3.681
2014-12-01 02:53:37.219	10701	1	-94	-97	55
2014-12-01 02:58:36.766	10701	1	-94	-94	51	14.27	35.3	3.681
2014-12-01 03:03:37.086	10701	1	-94	-97	46
2014-12-01 03:13:36.734	10701	1	-94	-97	38	13.54	35.5	3.681
2014-12-01 03:23:36.363	10701	1	-94	-97	32
2014-12-01 03:28:36.695	10701	1	-94	-97	36	13.25	35.34	3.681
2014-12-01 03:43:38.323	10701	1	-94	-97	78	13.06	35.05	3.669
2014-12-01 03:53:36.318	10701	1	-94	-97	72
2014-12-01 03:58:36.627	10701	1	-94	-97	72	12.92	34.84	3.681
2014-12-01 04:13:36.598	10701	1	-94	-94	66	12.81	34.69	3.681
2014-12-01 04:23:36.227	10701	1	-94	-97	60
2014-12-01 04:23:36.255	10701	1	-94	-97	60
2014-12-01 04:28:36.575	10701	1	-94	-97	50	12.7	34.55	3.681
2014-12-01 04:43:36.531	10701	1	-94	-97	46	12.6	34.47	3.681
2014-12-01 04:53:36.162	10701	1	-94	-94	39
2014-12-01 04:58:36.498	10701	1	-94	-97	39	12.53	34.4	3.681
2014-12-01 05:03:36.139	10701	1	-94	-97	33
2014-12-01 05:13:36.466	10701	1	-94	-97	26	12.47	34.32	3.681
2014-12-01 05:23:36.099	10701	1	-94	-97	19
2014-12-01 05:28:36.43	10701	1	-94	-97	18	12.39	34.28	3.681
2014-12-01 05:43:36.054	10701	1	-94	-97	13
2014-12-01 05:43:36.399	10701	1	-94	-97	13	12.36	34.21	3.681
2014-12-01 05:53:36.035	10701	1	-94	-97	10
2014-12-01 05:58:36.378	10701	1	-94	-97	10	12.22	34.1	3.681
2014-12-01 06:23:35.971	10701	1	-94	-97	43
2014-12-01 06:23:35.987	10701	1	-94	-97	43
2014-12-01 06:28:39.335	10701	1	-94	-97	39	10.5	34.81	3.681
2014-12-01 06:28:39.395	10701	1	-94	-97	39	10.5	34.81	3.681
2014-12-01 06:43:36.27	10701	1	-94	-97	27	9.65	35.19	3.681
2014-12-01 06:53:35.903	10701	1	-94	-97	42
2014-12-01 06:58:36.238	10701	1	-94	-97	39	8.96	35.19	3.681
2014-12-01 07:03:37.274	10701	1	-94	-97	41
2014-12-01 07:13:36.45	10701	1	-94	-94	38	8.53	35.15	3.681
2014-12-01 07:23:35.846	10701	1	-94	-97	38
2014-12-01 07:28:36.183	10701	1	-94	-97	35	8.31	34.89	3.681
2014-12-01 07:43:40.547	10701	1	-94	-97	21
2014-12-01 07:43:41.166	10701	1	-94	-97	23	8.11	34.58	3.669
2014-12-01 07:53:41.394	10701	1	-94	-97	25
2014-12-01 07:58:36.122	10701	1	-94	-97	40	7.75	34.41	3.681
2014-12-01 08:13:37.927	10701	1	-94	-97	26	7.17	34.45	3.681
2014-12-01 08:23:35.731	10701	1	-94	-97	18
2014-12-01 08:23:35.762	10701	1	-94	-97	18
2014-12-01 08:28:36.063	10701	1	-94	-97	17	6.56	34.49	3.681
2014-12-01 08:43:36.038	10701	1	-94	-97	26	6.21	34.39	3.681
2014-12-01 08:53:36.771	10701	1	-94	-97	19
2014-12-01 08:58:36.054	10701	1	-94	-97	17	5.89	34.23	3.681
2014-12-01 09:03:35.67	10701	1	-94	-97	16
2014-12-01 09:13:35.998	10701	1	-94	-97	31	5.75	34.15	3.681
2014-12-01 09:23:35.626	10701	1	-94	-94	24
2014-12-01 09:28:35.959	10701	1	-94	-97	22	5.53	34.0	3.681
2014-12-01 09:43:35.591	10701	1	-94	-97	15
2014-12-01 09:43:35.935	10701	1	-94	-97	15	5.38	33.79	3.681
2014-12-01 09:53:35.574	10701	1	-94	-97	11
2014-12-01 09:58:35.942	10701	1	-94	-97	10	5.29	33.68	3.681
2014-12-01 10:53:44.286	10701	1	-94	-97	13
2014-12-01 10:58:35.811	10701	1	-94	-97	23	5.07	33.16	3.681
2014-12-01 11:03:35.455	10701	1	-94	-97	21
2014-12-01 11:13:35.898	10701	1	-94	-97	17	5.03	33.09	3.681
2014-12-01 11:23:36.85	10701	1	-94	-97	14
2014-12-01 11:28:36.323	10701	1	-94	-97	28	4.83	33.01	3.681
2014-12-01 11:43:35.39	10701	1	-94	-97	21
2014-12-01 11:43:35.734	10701	1	-94	-97	21	4.78	33.0	3.669
2014-12-01 11:53:35.379	10701	1	-94	-97	18
2014-12-01 11:58:40.254	10701	1	-94	-97	23	4.53	32.98	3.681
2014-12-01 19:53:35.614	10701	1	-94	-94	49
2014-12-02 13:53:34.159	10701	1	-94	-97	23
2014-12-02 13:58:34.062	10701	1	-94	-97	21	1.82	31.54	3.645
2014-12-02 14:13:34.042	10701	1	-94	-97	15	1.89	31.62	3.645
2014-12-02 14:23:33.711	10701	1	-94	-97	11
2014-12-02 14:23:33.818	10701	1	-94	-97	11
2014-12-02 14:28:34.019	10701	1	-94	-97	10	1.97	31.76	3.645
2014-12-02 18:13:34.039	10701	1	-94	-94	36	2.75	32.09	3.645
2014-12-02 18:13:35.128	10701	1	-94	-94	36	2.75	32.09	3.645
2014-12-02 18:13:36.203	10701	1	-94	-94	36	2.75	32.09	3.645
2014-12-02 18:13:37.45	10701	1	-94	-94	36	2.75	32.09	3.645
2014-12-02 18:13:38.543	10701	1	-94	-94	36	2.75	32.09	3.645
2014-12-02 18:13:38.919	10701	1	-94	-94	36	2.75	32.09	3.645
2014-12-02 19:58:33.591	10701	1	-94	-97	30	3.57	32.0	3.633
2014-12-02 20:13:33.55	10701	1	-94	-97	62	3.68	32.04	3.633
2014-12-02 21:13:33.439	10701	1	-94	-97	32	4.14	32.15	3.645
2014-12-02 21:23:33.07	10701	1	-94	-97	23
2014-12-02 21:28:33.426	10701	1	-94	-97	21	4.25	32.23	3.645
2014-12-02 21:43:34.694	10701	1	-94	-97	68
2014-12-02 21:43:36.594	10701	1	-94	-97	68
2014-12-02 21:43:46.894	10701	1	-94	-97	68	4.38	32.17	3.633
2014-12-02 21:43:48.57	10701	1	-94	-97	68	4.38	32.17	3.633
2014-12-03 05:23:32.27	10701	1	-94	-97	50
2014-12-03 05:28:32.747	10701	1	-94	-97	47	4.29	33.03	3.645
2014-12-03 06:43:32.483	10701	1	-94	-97	10	3.5	32.88	3.645
2014-12-03 06:58:32.486	10701	1	-94	-97	40	3.47	32.82	3.645
2014-12-03 07:53:32.047	10701	1	-94	-97	15
2014-12-03 07:58:32.368	10701	1	-94	-97	24	3.33	32.61	3.633
2014-12-03 09:53:37.782	10701	1	-94	-94	36
2014-12-03 09:53:38.01	10701	1	-94	-94	36
2014-12-03 09:58:32.178	10701	1	-94	-97	38	3.47	32.35	3.633
2014-12-03 10:13:32.218	10701	1	-94	-97	43	3.33	32.47	3.633
2014-12-03 10:23:31.799	10701	1	-94	-97	33
2014-12-03 10:23:31.858	10701	1	-94	-97	33
2014-12-03 10:28:34.03	10701	1	-94	-97	30	3.18	32.53	3.633
2014-12-03 10:43:32.251	10701	1	-94	-97	63	3.24	32.46	3.633
2014-12-03 11:03:31.774	10701	1	-94	-97	54
2014-12-03 18:13:31.447	10701	1	-94	-94	47	0.15	33.46	3.633
2014-12-03 18:23:31.107	10701	1	-94	-97	47
2014-12-03 18:23:31.135	10701	1	-94	-97	47
2014-12-03 18:28:31.454	10701	1	-94	-97	47	-0.03	33.41	3.633
2014-12-03 18:43:31.435	10701	1	-94	-94	47	-0.24	33.32	3.633
2014-12-03 18:53:31.063	10701	1	-94	-97	43
2014-12-03 18:58:31.395	10701	1	-94	-94	37	-0.35	33.24	3.633
2014-12-03 19:03:31.071	10701	1	-94	-97	37
2014-12-03 19:13:31.391	10701	1	-94	-97	34	-0.6	33.22	3.633
2014-12-03 19:23:31.026	10701	1	-94	-94	32
2014-12-03 19:28:31.39	10701	1	-94	-97	32	-0.64	33.15	3.633
2014-12-03 19:43:31.006	10701	1	-94	-97	29
2014-12-03 19:43:31.346	10701	1	-94	-97	29	-0.75	32.95	3.633
2014-12-03 19:53:30.998	10701	1	-94	-97	25
2014-12-03 19:58:31.334	10701	1	-94	-97	23	-0.84	32.87	3.633
2014-12-03 21:43:30.998	10701	1	-94	-97	16
2014-12-03 21:43:32.654	10701	1	-94	-97	15	-1.71	32.66	3.621
2014-12-03 21:43:34.162	10701	1	-94	-97	15	-1.71	32.66	3.621
2014-12-03 21:43:34.366	10701	1	-94	-97	15	-1.71	32.66	3.621
2014-12-03 21:58:33.655	10701	1	-94	-97	50	-1.88	32.58	3.633
2014-12-04 12:28:31.742	10701	1	-94	-94	35	4.15	31.15	3.621
2014-12-04 12:28:35.554	10701	1	-94	-94	35	4.15	31.15	3.621
2014-12-04 12:28:36.926	10701	1	-94	-94	35	4.15	31.15	3.621
2014-12-04 12:28:37.647	10701	1	-94	-94	35	4.15	31.15	3.621
2014-12-04 12:28:38.608	10701	1	-94	-94	35	4.15	31.15	3.621
2014-12-04 12:28:40.995	10701	1	-94	-94	35	4.15	31.15	3.621
2014-12-04 12:43:31.65	10701	1	-94	-94	53	4.88	31.08	3.621
2014-12-04 12:43:34.187	10701	1	-94	-94	53	4.88	31.08	3.621
2014-12-04 12:43:34.962	10701	1	-94	-94	53	4.88	31.08	3.621
2014-12-04 12:43:35.638	10701	1	-94	-94	53	4.88	31.08	3.621
2014-12-04 12:43:36.531	10701	1	-94	-94	53	4.88	31.08	3.621
2014-12-04 15:28:30.102	10701	1	-94	-97	23	3.03	32.15	3.621
2014-12-04 15:43:29.742	10701	1	-94	-94	19
2014-12-04 15:53:29.738	10701	1	-94	-97	19
2014-12-04 16:13:30.038	10701	1	-94	-97	18	1.88	32.6	3.633
2014-12-04 16:23:29.722	10701	1	-94	-97	16
2014-12-04 16:23:29.756	10701	1	-94	-97	15
2014-12-04 16:28:30.03	10701	1	-94	-94	15	1.61	32.71	3.633
2014-12-04 16:43:30.002	10701	1	-94	-97	11	0.85	32.97	3.621
2014-12-04 16:53:29.658	10701	1	-94	-97	10
2014-12-04 16:58:29.991	10701	1	-94	-97	10	-0.21	33.68	3.633
2014-12-04 17:03:29.646	10701	1	-94	-97	10
2014-12-04 17:13:29.974	10701	1	-94	-97	10	-1.0	34.09	3.633
2014-12-04 17:23:29.722	10701	1	-94	-97	10
2014-12-04 17:28:29.946	10701	1	-94	-97	10	-1.53	34.1	3.633
2014-12-04 17:43:29.686	10701	1	-94	-97	10
2014-12-04 17:43:30.226	10701	1	-94	-97	10	-1.96	34.0	3.621
2014-12-05 09:43:28.979	10701	1	-94	-97	15
2014-12-05 09:43:29.367	10701	1	-94	-97	15	2.47	31.67	3.61
2014-12-05 10:28:28.902	10701	1	-94	-94	36	3.2	31.67	3.621
2014-12-05 10:58:29.184	10701	1	-94	-94	36	3.39	31.82	3.621
2014-12-05 11:03:28.531	10701	1	-94	-97	38
2014-12-05 11:43:36.262	10701	1	-94	-94	37
2014-12-06 22:43:26.032	10701	1	-94	-97	28	1.83	32.34	3.61
2014-12-06 22:53:25.282	10701	1	-94	-97	28
2014-12-06 22:58:25.41	10701	1	-94	-97	33	1.79	32.33	3.61
2014-12-06 23:03:25.05	10701	1	-94	-97	30
2014-12-06 23:23:25.011	10701	1	-94	-97	28
2014-12-06 23:28:25.343	10701	1	-94	-97	26	1.64	32.45	3.61
2014-12-06 23:43:28.007	10701	1	-94	-97	46
2014-12-06 23:53:25.822	10701	1	-94	-97	46
2014-12-06 23:53:26.02	10701	1	-94	-97	46
2014-12-06 23:53:27.21	10701	1	-94	-97	46
2014-12-06 23:58:25.614	10701	1	-94	-97	46	1.21	32.54	3.61
2014-12-07 16:13:24.033	10701	1	-94	-97	10	4.56	34.96	3.621
2014-12-07 16:23:23.722	10701	1	-94	-97	10
2014-12-07 16:23:23.854	10701	1	-94	-97	10
2014-12-07 16:28:24.011	10701	1	-94	-97	10	3.64	35.06	3.621
2014-12-07 16:43:23.999	10701	1	-94	-97	10	2.56	35.25	3.621
2014-12-07 16:53:23.63	10701	1	-94	-97	10
2014-12-07 16:58:23.966	10701	1	-94	-97	10	1.65	35.32	3.621
2014-12-07 17:03:23.618	10701	1	-94	-97	10
2014-12-07 17:13:23.946	10701	1	-94	-97	10	0.83	35.24	3.621
2014-12-07 17:23:23.594	10701	1	-94	-97	10
2014-12-07 17:28:23.926	10701	1	-94	-94	10	0.28	34.96	3.621
2014-12-07 17:43:23.566	10701	1	-94	-97	10
2014-12-07 17:43:23.91	10701	1	-94	-97	10	-0.25	34.81	3.621
2014-12-07 17:53:23.555	10701	1	-94	-97	10
2014-12-07 17:58:23.89	10701	1	-94	-97	10	-0.48	34.4	3.621
2014-12-07 18:13:23.875	10701	1	-94	-97	10	-0.53	34.01	3.621
2014-12-07 18:23:23.522	10701	1	-94	-97	10
2014-12-07 18:23:23.541	10701	1	-94	-97	10
2014-12-07 18:28:23.974	10701	1	-94	-94	10	-0.78	33.69	3.621
2014-12-07 18:43:23.939	10701	1	-94	-97	10	-0.7	33.54	3.621
2014-12-07 19:58:23.755	10701	1	-94	-97	20	0.01	32.95	3.621
2014-12-07 20:13:24.011	10701	1	-94	-97	34	-0.07	32.88	3.621
2014-12-07 23:58:23.499	10701	1	-94	-94	25	-1.35	32.57	3.621
2014-12-08 00:13:23.482	10701	1	-94	-97	42	-1.53	32.68	3.61
2014-12-08 00:23:23.122	10701	1	-94	-94	42
2014-12-08 00:23:23.135	10701	1	-94	-97	42
2014-12-08 00:28:26.622	10701	1	-94	-97	42	-1.74	32.63	3.621
2014-12-08 00:43:23.454	10701	1	-94	-94	40	-1.88	32.58	3.621
2014-12-08 00:53:23.127	10701	1	-94	-97	40
2014-12-08 00:58:23.438	10701	1	-94	-97	40	-1.98	32.54	3.621
2014-12-08 01:03:28.594	10701	1	-94	-94	38
2014-12-08 01:23:23.115	10701	1	-94	-97	42
2014-12-08 01:28:25.823	10701	1	-94	-97	43	-1.92	32.32	3.61
2014-12-08 01:43:23.191	10701	1	-94	-97	43
2014-12-08 01:43:25.046	10701	1	-94	-97	43
2014-12-08 01:43:25.286	10701	1	-94	-97	43
2014-12-08 01:43:25.522	10701	1	-94	-97	43	-1.98	32.34	3.61
2014-12-08 01:58:23.382	10701	1	-94	-97	42	-2.03	32.34	3.61
2014-12-08 02:23:27.286	10701	1	-94	-94	51
2014-12-08 02:23:27.398	10701	1	-94	-97	78
2014-12-08 05:43:27.546	10701	1	-94	-94	30
2014-12-08 05:43:29.675	10701	1	-94	-94	30
2014-12-08 05:43:31.195	10701	1	-94	-94	30
2014-12-08 11:43:28.344	10701	1	-94	-94	40	4.97	31.19	3.598
2014-12-08 11:43:28.806	10701	1	-94	-94	40	4.97	31.19	3.598
2014-12-08 11:43:29.863	10701	1	-94	-94	40	4.97	31.19	3.598
2014-12-08 18:13:22.138	10701	1	-94	-97	47	1.93	32.81	3.61
2014-12-08 18:23:21.859	10701	1	-94	-97	43
2014-12-08 18:23:21.878	10701	1	-94	-97	43
2014-12-08 18:28:22.119	10701	1	-94	-97	39	1.95	32.74	3.61
2014-12-08 18:43:22.099	10701	1	-94	-97	34	1.89	32.67	3.61
2014-12-08 18:53:21.743	10701	1	-94	-97	31
2014-12-08 18:58:22.078	10701	1	-94	-97	31	1.65	32.68	3.61
2014-12-08 19:03:21.767	10701	1	-94	-97	31
2014-12-08 19:13:22.059	10701	1	-94	-97	28	1.67	32.72	3.61
2014-12-08 19:23:21.707	10701	1	-94	-97	21
2014-12-08 19:28:22.05	10701	1	-94	-97	19	1.57	32.71	3.61
2014-12-08 19:43:21.678	10701	1	-94	-97	16
2014-12-08 19:43:22.018	10701	1	-94	-97	16	1.7	32.65	3.61
2014-12-08 19:53:21.666	10701	1	-94	-97	13
2014-12-08 19:58:32.854	10701	1	-94	-97	61	1.89	32.6	3.598
2014-12-08 20:28:22.006	10701	1	-94	-94	56	2.01	32.48	3.61
2014-12-08 21:03:22.235	10701	1	-94	-94	52
2014-12-08 21:13:21.918	10701	1	-94	-94	48	1.89	32.51	3.61
2014-12-08 21:43:21.514	10701	1	-94	-94	45
2014-12-08 21:43:21.855	10701	1	-94	-97	41	1.38	32.69	3.61
2014-12-08 21:58:21.838	10701	1	-94	-94	38	1.14	32.83	3.61
2014-12-08 22:13:21.826	10701	1	-94	-94	35	1.03	32.76	3.61
2014-12-08 22:23:21.475	10701	1	-94	-97	35
2014-12-08 22:23:21.491	10701	1	-94	-97	35
2014-12-08 22:28:21.795	10701	1	-94	-94	33	0.89	32.71	3.61
2014-12-08 22:43:21.778	10701	1	-94	-97	28	0.71	32.69	3.61
2014-12-08 22:53:21.422	10701	1	-94	-97	23
2014-12-08 22:58:21.758	10701	1	-94	-94	23	0.47	32.8	3.61
2014-12-08 23:03:21.435	10701	1	-94	-97	21
2014-12-08 23:13:21.743	10701	1	-94	-97	18	0.39	32.76	3.61
2014-12-08 23:23:21.399	10701	1	-94	-97	15
2014-12-08 23:28:21.723	10701	1	-94	-97	14	0.25	32.65	3.61
2014-12-08 23:43:21.363	10701	1	-94	-97	11
2014-12-08 23:43:21.703	10701	1	-94	-97	11	0.03	32.79	3.61
2014-12-08 23:53:21.355	10701	1	-94	-97	10
2014-12-08 23:58:21.699	10701	1	-94	-97	10	-0.1	32.75	3.61
2014-12-09 00:13:21.667	10701	1	-94	-97	10	0.07	32.63	3.61
2014-12-09 00:23:21.319	10701	1	-94	-97	10
2014-12-09 00:23:21.331	10701	1	-94	-97	10
2014-12-09 00:28:21.654	10701	1	-94	-97	10	0.21	32.65	3.61
2014-12-09 00:43:21.659	10701	1	-94	-97	10	0.17	32.51	3.61
2014-12-09 00:53:21.282	10701	1	-94	-97	10
2014-12-09 00:58:21.619	10701	1	-94	-97	10	0.06	32.57	3.61
2014-12-09 01:03:21.282	10701	1	-94	-97	10
2014-12-09 01:13:21.602	10701	1	-94	-97	10	0.0	32.63	3.61
2014-12-09 01:23:21.247	10701	1	-94	-97	10
2014-12-09 01:28:21.602	10701	1	-94	-97	10	-0.09	32.55	3.61
2014-12-09 01:43:21.236	10701	1	-94	-97	10
2014-12-09 01:43:21.562	10701	1	-94	-97	10	-0.36	32.66	3.61
2014-12-09 01:53:21.218	10701	1	-94	-97	10
2014-12-09 01:58:21.546	10701	1	-94	-97	10	-0.28	32.66	3.61
2014-12-09 02:13:21.53	10701	1	-94	-97	10	-0.24	32.6	3.61
2014-12-09 02:23:21.202	10701	1	-94	-97	10
2014-12-09 02:23:21.326	10701	1	-94	-97	10
2014-12-09 02:28:21.598	10701	1	-94	-97	10	-0.09	32.55	3.61
2014-12-09 02:43:21.51	10701	1	-94	-97	10	-0.09	32.55	3.61
2014-12-09 02:53:21.158	10701	1	-94	-97	27
2014-12-09 02:58:21.483	10701	1	-94	-97	30	-0.03	32.46	3.61
2014-12-09 03:03:21.13	10701	1	-94	-97	28
2014-12-09 03:13:21.466	10701	1	-94	-97	24	-0.34	32.5	3.61
2014-12-09 03:23:21.111	10701	1	-94	-94	23
2014-12-09 03:28:21.451	10701	1	-94	-97	21	-0.56	32.57	3.61
2014-12-09 03:43:21.11	10701	1	-94	-97	19
2014-12-09 03:43:21.422	10701	1	-94	-97	19	-0.32	32.6	3.61
2014-12-09 03:53:21.074	10701	1	-94	-97	17
2014-12-09 03:58:21.41	10701	1	-94	-97	17	-0.18	32.41	3.61
2014-12-09 04:13:21.394	10701	1	-94	-97	14	-0.34	32.46	3.61
2014-12-09 04:23:21.042	10701	1	-94	-97	12
2014-12-09 04:23:21.062	10701	1	-94	-97	12
2014-12-09 04:28:21.386	10701	1	-94	-94	11	0.06	32.44	3.61
2014-12-09 04:43:21.358	10701	1	-94	-94	10	0.43	32.21	3.61
2014-12-09 04:53:21.006	10701	1	-94	-97	10
2014-12-09 04:58:21.35	10701	1	-94	-97	10	0.47	32.15	3.61
2014-12-09 05:03:21.019	10701	1	-94	-97	10
2014-12-09 05:13:21.322	10701	1	-94	-97	10	0.38	32.27	3.61
2014-12-09 05:23:20.97	10701	1	-94	-97	10
2014-12-09 05:28:21.302	10701	1	-94	-97	10	0.1	32.31	3.61
2014-12-09 05:43:20.946	10701	1	-94	-97	10
2014-12-09 05:43:21.29	10701	1	-94	-97	10	-0.34	32.46	3.61
2014-12-09 05:53:20.934	10701	1	-94	-97	10
2014-12-09 05:58:21.27	10701	1	-94	-97	10	-0.82	32.71	3.61
2014-12-09 06:13:21.254	10701	1	-94	-97	10	-1.2	32.84	3.61
2014-12-09 06:23:20.904	10701	1	-94	-97	10
2014-12-09 06:23:20.919	10701	1	-94	-97	10
2014-12-09 06:28:21.286	10701	1	-94	-97	10	-1.38	32.89	3.61
2014-12-09 06:43:21.222	10701	1	-94	-94	10	-1.25	32.64	3.61
2014-12-09 06:53:20.871	10701	1	-94	-97	10
2014-12-09 06:58:21.211	10701	1	-94	-97	10	-1.39	32.63	3.61
2014-12-09 07:03:20.863	10701	1	-94	-97	10
2014-12-09 07:13:21.194	10701	1	-94	-97	10	-1.6	32.64	3.61
2014-12-09 07:23:20.843	10701	1	-94	-97	10
2014-12-09 07:28:21.175	10701	1	-94	-97	10	-1.67	32.7	3.61
2014-12-09 07:43:20.826	10701	1	-94	-97	10
2014-12-09 07:43:21.163	10701	1	-94	-97	10	-1.61	32.64	3.61
2014-12-09 07:53:20.951	10701	1	-94	-97	10
2014-12-09 07:53:21.864	10701	1	-94	-97	10
2014-12-09 07:58:21.151	10701	1	-94	-97	10	-1.39	32.56	3.61
2014-12-09 09:53:20.69	10701	1	-94	-97	31
2014-12-09 09:58:21.054	10701	1	-94	-97	31	2.32	32.97	3.61
2014-12-09 10:13:21.011	10701	1	-94	-94	24	2.47	33.58	3.61
2014-12-09 10:23:20.634	10701	1	-94	-97	22
2014-12-09 10:23:20.65	10701	1	-94	-97	22
2014-12-09 10:28:21	10701	1	-94	-97	22	2.99	33.95	3.61
2014-12-09 10:43:20.934	10701	1	-94	-97	27	3.56	34.04	3.61
2014-12-09 10:58:20.914	10701	1	-94	-94	48	5.2	33.44	3.61
2014-12-09 11:03:24.183	10701	1	-94	-97	49
2014-12-09 11:03:26.811	10701	1	-94	-97	49
2014-12-09 11:03:28.17	10701	1	-94	-97	49
2014-12-09 11:13:20.891	10701	1	-94	-97	54	6.32	31.95	3.61
2014-12-09 11:28:20.879	10701	1	-94	-97	44	6.76	31.65	3.61
2014-12-09 11:43:20.518	10701	1	-94	-97	31
2014-12-09 11:43:20.834	10701	1	-94	-97	31	7.25	31.7	3.598
2014-12-09 11:53:20.514	10701	1	-94	-97	24
2014-12-09 11:58:20.824	10701	1	-94	-97	21	7.82	31.75	3.61
2014-12-09 12:13:20.779	10701	1	-94	-97	28	8.31	31.69	3.61
2014-12-09 12:23:21.599	10701	1	-94	-97	58
2014-12-09 12:23:22.098	10701	1	-94	-97	58
2014-12-09 12:28:27.379	10701	1	-94	-97	58	8.7	31.66	3.598
2014-12-09 12:28:30.719	10701	1	-94	-97	58	8.7	31.66	3.598
2014-12-09 12:28:33.662	10701	1	-94	-97	58	8.7	31.66	3.598
2014-12-09 12:28:34.506	10701	1	-94	-97	58	8.7	31.66	3.598
2014-12-09 12:43:20.723	10701	1	-94	-97	53	8.93	31.85	3.61
2014-12-09 12:53:20.614	10701	1	-94	-97	37
2014-12-09 12:53:21.615	10701	1	-94	-97	37
2014-12-09 12:53:23.519	10701	1	-94	-97	37
2014-12-09 13:03:22.906	10701	1	-94	-94	35
2014-12-09 15:53:24.639	10701	1	-94	-94	51
2014-12-09 19:03:19.682	10701	1	-94	-97	23
2014-12-10 15:23:18.118	10701	1	-94	-97	44
2014-12-10 15:53:20.87	10701	1	-94	-97	40
2014-12-10 15:53:25.67	10701	1	-94	-97	40
2014-12-10 16:13:21.951	10701	1	-94	-97	41	-0.78	32.09	3.598
2014-12-10 16:13:24.475	10701	1	-94	-97	41	-0.78	32.09	3.598
2014-12-10 20:23:25.046	10701	1	-94	-94	40
2014-12-10 20:28:18.082	10701	1	-94	-97	42	-0.93	32.02	3.598
2014-12-10 21:13:21.979	10701	1	-94	-97	42	-1.03	32.01	3.598
2014-12-10 21:13:24.147	10701	1	-94	-97	42	-1.03	32.01	3.598
2014-12-10 21:28:21.61	10701	1	-94	-97	54	-1.06	32.0	3.598
2014-12-10 21:43:27.275	10701	1	-94	-97	55	-1.1	31.97	3.587
2014-12-11 09:43:18.675	10701	1	-94	-94	47
2014-12-11 09:43:20.81	10701	1	-94	-97	47	-2.92	31.64	3.575
2014-12-11 09:53:16.939	10701	1	-94	-97	37
2014-12-11 09:58:17.262	10701	1	-94	-97	34	-2.88	31.64	3.587
2014-12-11 10:13:17.395	10701	1	-94	-97	26	-2.85	31.64	3.587
2014-12-11 10:23:16.91	10701	1	-94	-97	40
2014-12-11 10:23:16.919	10701	1	-94	-97	40
2014-12-11 10:28:17.242	10701	1	-94	-97	37	-2.66	31.63	3.587
2014-12-11 10:43:17.23	10701	1	-94	-97	26	-2.6	31.54	3.587
2014-12-11 10:53:16.879	10701	1	-94	-97	20
2014-12-11 10:58:17.219	10701	1	-94	-94	19	-2.53	31.48	3.587
2014-12-11 11:03:17.786	10701	1	-94	-97	44
2014-12-11 11:13:17.215	10701	1	-94	-97	34	-2.43	31.49	3.587
2014-12-11 11:23:16.854	10701	1	-94	-97	26
2014-12-11 11:28:19.143	10701	1	-94	-97	24	-2.14	31.38	3.587
2014-12-11 11:43:18.166	10701	1	-94	-97	18
2014-12-11 11:43:18.89	10701	1	-94	-97	18
2014-12-11 11:43:19.142	10701	1	-94	-97	18	-2.03	31.39	3.575
2014-12-11 11:53:16.83	10701	1	-94	-97	14
2014-12-11 11:58:17.178	10701	1	-94	-97	42	-1.66	31.33	3.575
2014-12-11 12:13:17.338	10701	1	-94	-97	55	-1.77	31.29	3.575
2014-12-11 12:23:17.811	10701	1	-94	-97	50
2014-12-11 12:23:20.215	10701	1	-94	-97	50
2014-12-11 12:43:23.602	10701	1	-94	-97	39	-1.7	31.42	3.587
2014-12-11 12:53:16.77	10701	1	-94	-97	35
2014-12-11 12:58:17.102	10701	1	-94	-97	32	-1.64	31.46	3.587
2014-12-11 13:03:16.758	10701	1	-94	-97	37
2014-12-11 13:13:17.098	10701	1	-94	-97	55	-1.46	31.51	3.575
2014-12-11 13:28:17.087	10701	1	-94	-97	48	-1.29	31.39	3.587
2014-12-11 13:43:16.73	10701	1	-94	-97	37
2014-12-11 13:43:17.114	10701	1	-94	-97	37	-1.29	31.46	3.575
2014-12-11 13:53:16.994	10701	1	-94	-97	36
2014-12-11 13:58:17.054	10701	1	-94	-97	33	-1.11	31.48	3.575
2014-12-11 19:43:16.474	10701	1	-94	-97	20
2014-12-11 19:43:16.642	10701	1	-94	-97	20	-0.21	32.05	3.564
2014-12-11 20:13:20.026	10701	1	-94	-97	60	-0.27	32.08	3.575
2014-12-11 20:23:17.075	10701	1	-94	-97	51
2014-12-11 20:23:17.17	10701	1	-94	-97	51
2014-12-11 20:28:17.019	10701	1	-94	-97	47	-0.21	32.08	3.575
2014-12-11 20:43:16.639	10701	1	-94	-97	42	-0.25	32.01	3.575
2014-12-11 20:53:18.667	10701	1	-94	-97	30
2014-12-11 20:58:16.979	10701	1	-94	-97	27	-0.28	32.08	3.575
2014-12-11 21:03:16.456	10701	1	-94	-97	27
2014-12-11 21:13:18.874	10701	1	-94	-97	23	-0.24	32.08	3.575
2014-12-11 21:23:18.254	10701	1	-94	-97	40
2014-12-11 21:28:16.543	10701	1	-94	-97	53	-0.17	32.02	3.575
2014-12-11 21:43:21.13	10701	1	-94	-97	33
2014-12-11 21:43:21.295	10701	1	-94	-97	33
2014-12-11 21:43:21.324	10701	1	-94	-97	36	-0.13	31.99	3.575
2014-12-11 21:53:16.162	10701	1	-94	-97	34
2014-12-11 21:58:16.499	10701	1	-94	-97	31	-0.1	31.96	3.575
2014-12-11 22:13:16.491	10701	1	-94	-97	22	-0.16	31.99	3.575
2014-12-11 22:23:19.467	10701	1	-94	-97	20
2014-12-11 22:23:19.528	10701	1	-94	-97	23
2014-12-11 22:28:16.463	10701	1	-94	-97	21	-0.16	32.02	3.575
2014-12-11 22:43:16.45	10701	1	-94	-97	17	-0.21	32.05	3.575
2014-12-11 22:53:16.106	10701	1	-94	-97	13
2014-12-11 22:58:16.475	10701	1	-94	-97	12	-0.23	32.05	3.575
2014-12-11 23:03:16.114	10701	1	-94	-97	12
2014-12-11 23:13:16.411	10701	1	-94	-97	10	-0.23	32.08	3.575
2014-12-11 23:23:16.07	10701	1	-94	-97	38
2014-12-11 23:28:16.395	10701	1	-94	-97	37	-0.17	32.02	3.575
2014-12-11 23:43:17.378	10701	1	-94	-97	35
2014-12-11 23:43:17.766	10701	1	-94	-97	35	-0.24	32.01	3.575
2014-12-11 23:53:16.574	10701	1	-94	-97	25
2014-12-11 23:58:16.463	10701	1	-94	-97	23	-0.25	32.05	3.575
2014-12-12 00:13:16.343	10701	1	-94	-97	36	-0.28	32.04	3.575
2014-12-12 00:23:16.15	10701	1	-94	-97	26
2014-12-12 00:23:16.218	10701	1	-94	-97	26
2014-12-12 00:28:16.862	10701	1	-94	-97	24	-0.25	32.08	3.575
2014-12-12 00:43:18.535	10701	1	-94	-97	21	-0.29	32.04	3.575
2014-12-12 00:43:19.926	10701	1	-94	-97	21	-0.29	32.04	3.575
2014-12-12 00:53:15.958	10701	1	-94	-97	18
2014-12-12 00:58:16.327	10701	1	-94	-97	16	-0.39	32.07	3.575
2014-12-12 01:03:17.918	10701	1	-94	-97	16
2014-12-12 01:13:16.294	10701	1	-94	-97	15	-0.61	32.14	3.575
2014-12-12 01:43:15.922	10701	1	-94	-97	39
2014-12-12 01:43:16.252	10701	1	-94	-97	39	-0.67	32.17	3.575
2014-12-12 01:53:16.07	10701	1	-94	-97	33
2014-12-12 01:58:16.23	10701	1	-94	-97	30	-0.7	32.1	3.575
2014-12-12 02:13:16.227	10701	1	-94	-97	23	-0.79	32.16	3.575
2014-12-12 02:23:15.869	10701	1	-94	-97	19
2014-12-12 02:23:15.888	10701	1	-94	-97	19
2014-12-12 02:28:16.352	10701	1	-94	-97	18	-0.82	32.16	3.575
2014-12-12 02:43:16.174	10701	1	-94	-97	27	-0.79	32.13	3.575
2014-12-12 02:53:15.931	10701	1	-94	-97	23
2014-12-12 02:58:16.166	10701	1	-94	-97	21	-0.78	32.1	3.575
2014-12-12 03:03:15.858	10701	1	-94	-97	19
2014-12-12 03:13:16.143	10701	1	-94	-97	33	-0.81	32.03	3.575
2014-12-12 03:23:15.79	10701	1	-94	-97	27
2014-12-12 03:28:16.123	10701	1	-94	-97	27	-0.88	32.02	3.575
2014-12-12 03:43:15.77	10701	1	-94	-97	23
2014-12-12 03:43:16.111	10701	1	-94	-97	23	-0.89	32.05	3.575
2014-12-12 03:53:15.759	10701	1	-94	-97	19
2014-12-12 03:58:16.15	10701	1	-94	-97	18	-0.96	32.05	3.575
2014-12-12 04:53:15.711	10701	1	-94	-97	47
2014-12-12 05:03:16.846	10701	1	-94	-94	43
2014-12-12 05:13:21.112	10701	1	-94	-97	35	-1.28	31.98	3.575
2014-12-12 05:13:21.167	10701	1	-94	-97	35	-1.28	31.98	3.575
2014-12-12 05:23:15.666	10701	1	-94	-97	32
2014-12-12 05:28:17.054	10701	1	-94	-97	30	-1.42	32.0	3.575
2014-12-12 05:43:15.719	10701	1	-94	-97	24
2014-12-12 05:43:16.263	10701	1	-94	-97	22	-1.6	32.05	3.575
2014-12-12 05:43:17.106	10701	1	-94	-97	22	-1.6	32.05	3.575
2014-12-12 05:53:15.698	10701	1	-94	-97	19
2014-12-12 05:58:15.97	10701	1	-94	-97	22	-1.7	32.08	3.575
2014-12-12 06:13:15.966	10701	1	-94	-97	23	-1.7	32.04	3.575
2014-12-12 06:23:15.65	10701	1	-94	-97	18
2014-12-12 06:23:15.707	10701	1	-94	-97	18
2014-12-12 06:28:15.942	10701	1	-94	-94	17	-1.71	32.01	3.575
2014-12-12 06:43:16.71	10701	1	-94	-94	16	-1.71	32.01	3.575
2014-12-12 06:53:15.614	10701	1	-94	-94	14
2014-12-12 06:58:19.198	10701	1	-94	-97	13	-1.75	31.94	3.575
2014-12-12 07:03:15.567	10701	1	-94	-97	14
2014-12-12 07:13:15.898	10701	1	-94	-97	12	-1.74	31.94	3.575
2014-12-12 07:23:15.563	10701	1	-94	-97	19
2014-12-12 07:28:16.914	10701	1	-94	-97	19	-1.74	31.91	3.575
2014-12-12 07:43:15.527	10701	1	-94	-97	26
2014-12-12 07:43:15.871	10701	1	-94	-97	26	-1.7	31.88	3.575
2014-12-12 07:53:17.243	10701	1	-94	-97	21
2014-12-12 07:53:18.107	10701	1	-94	-97	21
2014-12-12 07:58:16.031	10701	1	-94	-94	20	-1.67	31.88	3.575
2014-12-12 08:13:15.835	10701	1	-94	-97	17	-1.63	31.89	3.575
2014-12-12 08:23:16.571	10701	1	-94	-97	17
2014-12-12 08:23:16.599	10701	1	-94	-97	16
2014-12-12 08:28:15.827	10701	1	-94	-97	15	-1.53	31.83	3.575
2014-12-12 08:43:15.923	10701	1	-94	-97	15	-1.39	31.78	3.575
2014-12-12 08:53:15.458	10701	1	-94	-94	14
2014-12-12 09:13:15.811	10701	1	-94	-97	34	-0.98	31.65	3.575
2014-12-12 09:28:15.898	10701	1	-94	-94	43	-0.75	31.57	3.575
2014-12-12 09:28:18.403	10701	1	-94	-94	43	-0.75	31.57	3.575
2014-12-12 09:28:19.302	10701	1	-94	-94	43	-0.75	31.57	3.575
2014-12-12 10:23:15.783	10701	1	-94	-97	39
2014-12-12 11:03:15.315	10701	1	-94	-97	34
2014-12-12 11:13:15.678	10701	1	-94	-97	27	0.81	31.48	3.575
2014-12-12 11:23:22.587	10701	1	-94	-97	23
2014-12-12 11:28:15.663	10701	1	-94	-94	27	0.82	31.45	3.575
2014-12-12 11:43:15.95	10701	1	-94	-97	50	0.81	31.65	3.564
2014-12-12 11:53:23.094	10701	1	-94	-97	50
2014-12-12 12:23:24.442	10701	1	-94	-94	53
2014-12-12 20:13:15.047	10701	1	-94	-94	13	-1.16	32.06	3.575
2014-12-12 20:23:14.818	10701	1	-94	-97	12
2014-12-12 20:23:15.015	10701	1	-94	-97	11
2014-12-12 20:28:14.986	10701	1	-94	-97	11	-1.46	32.03	3.575
2014-12-12 20:43:14.976	10701	1	-94	-94	10	-1.7	32.24	3.575
2014-12-12 20:53:14.627	10701	1	-94	-97	10
2014-12-12 20:58:14.975	10701	1	-94	-97	10	-1.63	32.21	3.575
2014-12-12 21:03:14.651	10701	1	-94	-97	10
2014-12-12 21:13:14.983	10701	1	-94	-97	10	-1.57	32.15	3.575
2014-12-12 21:23:14.598	10701	1	-94	-97	10
2014-12-12 21:28:14.935	10701	1	-94	-97	10	-1.56	32.09	3.575
2014-12-12 21:43:14.579	10701	1	-94	-97	10
2014-12-12 21:43:14.915	10701	1	-94	-97	10	-1.57	32.06	3.575
2014-12-12 21:53:14.591	10701	1	-94	-97	10
2014-12-12 21:58:14.923	10701	1	-94	-94	10	-1.59	32.05	3.575
2014-12-12 22:13:14.89	10701	1	-94	-97	10	-1.67	32.01	3.575
2014-12-12 22:23:14.539	10701	1	-94	-97	10
2014-12-12 22:23:14.552	10701	1	-94	-97	10
2014-12-12 22:28:14.898	10701	1	-94	-94	10	-1.73	32.01	3.575
2014-12-12 22:43:14.858	10701	1	-94	-97	10	-1.78	32.0	3.575
2014-12-12 22:53:14.511	10701	1	-94	-94	10
2014-12-12 22:58:14.842	10701	1	-94	-97	10	-1.84	32.0	3.575
2014-12-12 23:03:14.498	10701	1	-94	-94	10
2014-12-12 23:13:14.826	10701	1	-94	-97	10	-1.91	31.96	3.575
2014-12-12 23:23:14.479	10701	1	-94	-97	10
2014-12-12 23:28:14.815	10701	1	-94	-97	10	-1.93	31.99	3.575
2014-12-12 23:43:14.478	10701	1	-94	-97	10
2014-12-12 23:43:14.808	10701	1	-94	-97	10	-2.02	31.98	3.575
2014-12-12 23:53:14.455	10701	1	-94	-97	10
2014-12-12 23:58:14.787	10701	1	-94	-94	10	-2.06	31.98	3.575
2014-12-13 00:13:14.783	10701	1	-94	-94	10	-2.1	31.94	3.575
2014-12-13 00:23:14.426	10701	1	-94	-94	10
2014-12-13 00:23:14.44	10701	1	-94	-97	10
2014-12-13 00:28:14.759	10701	1	-94	-94	10	-2.1	31.97	3.575
2014-12-13 00:43:14.746	10701	1	-94	-97	10	-2.1	31.91	3.575
2014-12-13 00:53:14.394	10701	1	-94	-97	10
2014-12-13 00:58:14.726	10701	1	-94	-94	10	-2.03	31.92	3.575
2014-12-13 01:03:14.39	10701	1	-94	-97	10
2014-12-13 01:13:14.742	10701	1	-94	-97	14	-2.0	31.85	3.575
2014-12-13 02:13:14.663	10701	1	-94	-97	15	-1.91	31.8	3.575
2014-12-13 02:23:14.31	10701	1	-94	-97	12
2014-12-13 02:23:14.339	10701	1	-94	-97	12
2014-12-13 02:28:18.675	10701	1	-94	-97	11	-1.91	31.8	3.575
2014-12-13 02:28:18.815	10701	1	-94	-97	11	-1.91	31.8	3.575
2014-12-13 02:43:15.014	10701	1	-94	-97	14	-1.84	31.77	3.575
2014-12-13 02:53:14.295	10701	1	-94	-97	12
2014-12-13 02:58:14.619	10701	1	-94	-97	11	-1.85	31.8	3.575
2014-12-13 03:03:14.33	10701	1	-94	-97	10
2014-12-13 03:13:14.615	10701	1	-94	-97	10	-1.82	31.8	3.575
2014-12-13 03:23:14.258	10701	1	-94	-97	10
2014-12-13 03:28:14.624	10701	1	-94	-97	10	-1.85	31.8	3.575
2014-12-13 03:43:14.234	10701	1	-94	-97	10
2014-12-13 03:43:14.571	10701	1	-94	-97	10	-1.85	31.83	3.564
2014-12-13 03:53:14.239	10701	1	-94	-97	10
2014-12-13 03:58:14.598	10701	1	-94	-94	10	-1.89	31.86	3.575
2014-12-13 04:13:14.559	10701	1	-94	-97	10	-1.89	31.86	3.575
2014-12-13 04:23:14.207	10701	1	-94	-97	10
2014-12-13 04:23:14.248	10701	1	-94	-97	10
2014-12-13 04:28:14.559	10701	1	-94	-94	10	-1.93	31.89	3.575
2014-12-13 04:43:14.534	10701	1	-94	-97	10	-1.98	31.92	3.575
2014-12-13 04:53:14.243	10701	1	-94	-97	10
2014-12-13 04:58:14.514	10701	1	-94	-94	10	-2.03	31.95	3.575
2014-12-13 05:03:14.158	10701	1	-94	-97	10
2014-12-13 05:13:14.85	10701	1	-94	-97	10	-2.1	31.97	3.575
2014-12-13 05:23:16.023	10701	1	-94	-97	10
2014-12-13 05:23:16.259	10701	1	-94	-97	10
2014-12-13 05:23:17.339	10701	1	-94	-97	10
2014-12-13 05:28:14.514	10701	1	-94	-97	10	-2.14	31.91	3.575
2014-12-13 05:43:15.606	10701	1	-94	-97	11
2014-12-13 05:43:16.851	10701	1	-94	-97	11
2014-12-13 05:43:16.93	10701	1	-94	-97	11	-2.07	31.91	3.564
2014-12-13 05:43:17.927	10701	1	-94	-97	11	-2.07	31.91	3.564
2014-12-13 05:53:14.223	10701	1	-94	-97	21
2014-12-13 05:58:14.999	10701	1	-94	-94	19	-2.02	31.79	3.575
2014-12-13 07:13:14.411	10701	1	-94	-97	19	-2.1	31.71	3.575
2014-12-13 09:58:14.562	10701	1	-94	-97	30	-2.0	31.72	3.575
2014-12-13 10:13:14.303	10701	1	-94	-97	30	-1.92	31.76	3.575
2014-12-13 13:53:13.691	10701	1	-94	-97	14
2014-12-13 13:58:13.979	10701	1	-94	-97	13	-0.17	31.46	3.564
2014-12-13 14:13:13.962	10701	1	-94	-97	10	-0.16	31.56	3.564
2014-12-13 14:23:13.611	10701	1	-94	-97	10
2014-12-13 14:23:13.626	10701	1	-94	-97	10
2014-12-13 14:28:13.999	10701	1	-94	-94	10	-0.1	31.63	3.564
2014-12-13 14:43:13.926	10701	1	-94	-97	19	-0.13	31.63	3.564
2014-12-13 14:53:14.41	10701	1	-94	-97	39
2014-12-13 14:58:13.906	10701	1	-94	-97	36	-0.11	31.76	3.564
2014-12-13 15:03:13.583	10701	1	-94	-97	36
2014-12-13 15:13:13.891	10701	1	-94	-97	30	-0.17	31.82	3.564
2014-12-13 15:23:13.65	10701	1	-94	-97	24
2014-12-13 15:28:13.895	10701	1	-94	-97	29	-0.2	31.89	3.564
2014-12-13 15:43:16.227	10701	1	-94	-97	23
2014-12-13 15:43:16.459	10701	1	-94	-97	23	-0.25	32.01	3.564
2014-12-13 15:53:18.198	10701	1	-94	-97	33
2014-12-13 15:58:13.85	10701	1	-94	-97	56	-0.09	31.96	3.564
2014-12-13 16:13:13.855	10701	1	-94	-97	36	-0.14	31.96	3.564
2014-12-13 16:23:13.491	10701	1	-94	-97	32
2014-12-13 16:23:13.515	10701	1	-94	-97	32
2014-12-13 16:28:13.799	10701	1	-94	-94	30	-0.18	31.99	3.575
2014-12-18 01:23:04.483	10701	1	-94	-97	45
2014-12-18 01:28:05.158	10701	1	-94	-97	41	-2.32	32.31	3.542
2014-12-18 01:53:03.599	10701	1	-94	-94	84
2014-12-18 03:13:03.838	10701	1	-94	-97	11	-2.34	32.15	3.542
2014-12-18 03:23:03.49	10701	1	-94	-97	10
2014-12-18 03:28:03.827	10701	1	-94	-97	10	-2.43	32.14	3.542
2014-12-18 03:43:03.471	10701	1	-94	-97	10
2014-12-18 03:43:03.815	10701	1	-94	-97	10	-2.52	32.2	3.542
2014-12-18 03:53:03.467	10701	1	-94	-97	10
2014-12-18 03:58:03.831	10701	1	-94	-97	10	-2.56	32.19	3.531
2014-12-18 04:13:03.798	10701	1	-94	-97	12	-2.57	32.19	3.542
2014-12-18 04:23:03.451	10701	1	-94	-97	15
2014-12-18 04:23:03.475	10701	1	-94	-97	15
2014-12-18 04:28:03.798	10701	1	-94	-94	13	-2.52	32.13	3.542
2014-12-18 04:43:03.764	10701	1	-94	-94	10	-2.53	32.13	3.542
2014-12-18 04:53:03.411	10701	1	-94	-97	10
2014-12-18 04:58:03.747	10701	1	-94	-97	10	-2.53	32.13	3.531
2014-12-18 05:03:03.404	10701	1	-94	-94	10
2014-12-18 05:13:03.73	10701	1	-94	-97	10	-2.56	32.1	3.542
2014-12-18 05:23:03.547	10701	1	-94	-97	10
2014-12-18 05:28:03.722	10701	1	-94	-97	10	-2.53	32.1	3.542
2014-12-18 05:43:03.366	10701	1	-94	-97	10
2014-12-18 05:43:03.703	10701	1	-94	-97	10	-2.57	32.09	3.531
2014-12-18 05:53:03.386	10701	1	-94	-97	10
2014-12-18 05:58:03.698	10701	1	-94	-97	10	-2.53	32.1	3.542
2014-12-18 06:13:03.683	10701	1	-94	-97	10	-2.56	32.06	3.542
2014-12-18 06:23:03.334	10701	1	-94	-97	10
2014-12-18 06:23:03.723	10701	1	-94	-97	10
2014-12-18 06:28:03.671	10701	1	-94	-94	10	-2.56	32.06	3.542
2014-12-18 06:43:03.658	10701	1	-94	-97	10	-2.56	32.06	3.542
2014-12-18 06:53:03.334	10701	1	-94	-97	10
2014-12-18 06:58:03.666	10701	1	-94	-97	10	-2.53	32.06	3.542
2014-12-18 07:03:03.298	10701	1	-94	-97	10
2014-12-18 07:13:03.643	10701	1	-94	-97	10	-2.53	32.06	3.542
2014-12-18 07:23:03.295	10701	1	-94	-97	10
2014-12-18 07:28:03.614	10701	1	-94	-97	10	-2.56	32.06	3.531
2014-12-18 07:43:03.274	10701	1	-94	-97	10
2014-12-18 07:43:03.603	10701	1	-94	-97	10	-2.6	32.06	3.542
2014-12-18 07:53:03.255	10701	1	-94	-97	10
2014-12-18 07:58:03.591	10701	1	-94	-97	10	-2.56	32.13	3.542
2014-12-18 08:13:03.59	10701	1	-94	-97	10	-2.52	32.1	3.542
2014-12-18 08:43:03.831	10701	1	-94	-94	49	-2.34	32.02	3.531
2014-12-18 08:53:03.226	10701	1	-94	-94	45
2014-12-18 08:58:03.541	10701	1	-94	-94	45	-2.25	31.96	3.542
2014-12-18 09:23:03.175	10701	1	-94	-97	37
2014-12-18 09:43:03.811	10701	1	-94	-97	35	-1.88	31.93	3.531
2014-12-18 09:53:03.891	10701	1	-94	-97	29
2014-12-18 09:58:04.262	10701	1	-94	-97	27	-1.74	31.94	3.542
2014-12-18 09:58:04.947	10701	1	-94	-97	27	-1.74	31.94	3.542
2014-12-18 09:58:05.527	10701	1	-94	-97	27	-1.74	31.94	3.542
2014-12-18 09:58:06.843	10701	1	-94	-97	27	-1.74	31.94	3.542
2014-12-18 10:13:03.479	10701	1	-94	-97	23	-1.57	31.89	3.531
2014-12-18 10:23:03.122	10701	1	-94	-97	19
2014-12-18 10:23:03.183	10701	1	-94	-97	19
2014-12-18 11:03:03.234	10701	1	-94	-97	39
2014-12-18 11:23:09.211	10701	1	-94	-97	83
2014-12-18 11:23:11.53	10701	1	-94	-97	83
2014-12-18 11:23:17.246	10701	1	-94	-97	83
2014-12-18 14:13:07.095	10701	1	-94	-94	49	-0.56	32.12	3.531
2014-12-18 15:53:02.839	10701	1	-94	-97	49
2014-12-18 15:53:04.518	10701	1	-94	-97	49
2014-12-18 15:58:03.102	10701	1	-94	-94	45	-1.66	32.41	3.531
2014-12-18 16:13:03.099	10701	1	-94	-97	35	-1.89	32.45	3.531
2014-12-18 16:23:02.752	10701	1	-94	-97	27
2014-12-18 16:23:02.876	10701	1	-94	-97	27
2014-12-18 16:28:03.074	10701	1	-94	-97	25	-1.93	32.48	3.531
2014-12-18 16:43:03.066	10701	1	-94	-97	19	-2.03	32.44	3.531
2014-12-18 16:53:03.319	10701	1	-94	-97	16
2014-12-18 16:58:03.059	10701	1	-94	-97	15	-2.17	32.42	3.531
2014-12-18 17:03:02.703	10701	1	-94	-97	14
2014-12-18 17:13:03.034	10701	1	-94	-97	11	-2.24	32.42	3.531
2014-12-18 17:23:02.687	10701	1	-94	-97	10
2014-12-18 17:28:03.042	10701	1	-94	-97	10	-2.28	32.38	3.542
2014-12-18 17:43:02.67	10701	1	-94	-97	10
2014-12-18 17:43:03.007	10701	1	-94	-97	10	-2.32	32.35	3.531
2014-12-18 17:53:02.659	10701	1	-94	-97	10
2014-12-18 17:58:02.995	10701	1	-94	-97	10	-2.35	32.31	3.531
2014-12-18 18:13:03.015	10701	1	-94	-97	10	-2.39	32.31	3.531
2014-12-18 18:23:02.63	10701	1	-94	-97	10
2014-12-18 18:23:02.648	10701	1	-94	-97	10
2014-12-18 18:28:02.971	10701	1	-94	-97	10	-2.38	32.27	3.531
2014-12-18 18:43:02.955	10701	1	-94	-97	10	-2.38	32.27	3.531
2014-12-18 18:53:02.61	10701	1	-94	-97	10
2014-12-18 18:58:02.943	10701	1	-94	-97	10	-2.34	32.25	3.531
2014-12-18 19:03:02.598	10701	1	-94	-97	10
2014-12-18 19:13:02.931	10701	1	-94	-97	10	-2.29	32.18	3.531
2014-12-18 19:23:02.583	10701	1	-94	-97	10
2014-12-18 19:28:02.915	10701	1	-94	-97	10	-2.29	32.15	3.531
2014-12-18 19:43:02.563	10701	1	-94	-97	10
2014-12-18 19:43:02.902	10701	1	-94	-97	10	-2.29	32.15	3.531
2014-12-18 19:53:02.579	10701	1	-94	-97	10
2014-12-19 00:43:02.635	10701	1	-94	-94	48	-2.6	32.06	3.531
2014-12-19 02:53:02.187	10701	1	-94	-94	45
2014-12-19 02:58:02.519	10701	1	-94	-97	45	-2.88	32.1	3.531
2014-12-19 03:03:02.198	10701	1	-94	-97	45
2014-12-19 03:23:02.172	10701	1	-94	-94	45
2014-12-19 03:43:07.79	10701	1	-94	-97	41	-2.85	32.07	3.52
2014-12-19 03:58:02.655	10701	1	-94	-97	41	-2.82	32.1	3.531
2014-12-19 13:43:01.678	10701	1	-94	-97	60
2014-12-19 13:53:06.654	10701	1	-94	-97	56
2014-12-19 13:53:06.69	10701	1	-94	-97	56
2014-12-19 13:58:02.834	10701	1	-94	-97	54	0.25	32.06	3.52
2014-12-19 13:58:03.299	10701	1	-94	-97	54	0.25	32.06	3.52
2014-12-19 14:13:02.035	10701	1	-94	-97	49	0.4	32.17	3.52
2014-12-19 14:23:01.554	10701	1	-94	-97	49
2014-12-19 14:23:01.571	10701	1	-94	-97	49
2014-12-19 14:28:02.007	10701	1	-94	-97	45	0.57	32.09	3.52
2014-12-19 14:43:04.554	10701	1	-94	-97	39	0.36	32.07	3.52
2014-12-19 14:53:01.927	10701	1	-94	-97	33
2014-12-19 14:58:01.831	10701	1	-94	-97	33	0.29	32.19	3.52
2014-12-19 15:03:01.578	10701	1	-94	-97	29
2014-12-19 15:13:01.826	10701	1	-94	-97	25	0.06	32.3	3.52
2014-12-19 15:23:01.466	10701	1	-94	-97	19
2014-12-19 15:28:02.002	10701	1	-94	-97	18	-0.1	32.35	3.531
2014-12-19 15:43:02.042	10701	1	-94	-97	14
2014-12-19 15:43:02.955	10701	1	-94	-97	14	-0.18	32.41	3.509
2014-12-19 15:53:01.439	10701	1	-94	-97	21
2014-12-19 15:58:01.778	10701	1	-94	-97	19	-0.35	32.43	3.531
2014-12-19 16:13:01.739	10701	1	-94	-97	16	-0.48	32.52	3.531
2014-12-19 16:23:01.391	10701	1	-94	-97	14
2014-12-19 16:23:01.408	10701	1	-94	-97	14
2014-12-19 16:28:01.726	10701	1	-94	-94	13	-0.64	32.5	3.531
2014-12-19 16:43:01.711	10701	1	-94	-94	11	-0.75	32.49	3.531
2014-12-19 16:53:01.358	10701	1	-94	-94	10
2014-12-19 16:58:01.698	10701	1	-94	-97	10	-0.89	32.54	3.531
2014-12-19 17:03:01.358	10701	1	-94	-97	10
2014-12-19 17:13:01.687	10701	1	-94	-97	10	-1.02	32.53	3.531
2014-12-19 17:23:01.326	10701	1	-94	-97	10
2014-12-19 17:28:01.662	10701	1	-94	-97	10	-1.06	32.53	3.531
2014-12-19 17:43:01.406	10701	1	-94	-97	10
2014-12-19 17:43:01.651	10701	1	-94	-97	10	-1.14	32.45	3.52
2014-12-19 17:53:01.431	10701	1	-94	-97	10
2014-12-19 17:58:01.643	10701	1	-94	-97	10	-1.21	32.45	3.531
2014-12-19 18:13:01.614	10701	1	-94	-97	10	-1.24	32.45	3.531
2014-12-19 18:23:01.268	10701	1	-94	-97	10
2014-12-19 18:23:01.283	10701	1	-94	-97	10
2014-12-19 18:28:01.98	10701	1	-94	-94	10	-1.24	32.38	3.531
2014-12-19 18:28:02.868	10701	1	-94	-94	10	-1.24	32.38	3.531
2014-12-19 18:43:01.587	10701	1	-94	-97	10	-1.28	32.38	3.531
2014-12-19 18:53:01.235	10701	1	-94	-97	10
2014-12-19 18:58:01.606	10701	1	-94	-97	10	-1.32	32.37	3.531
2014-12-19 19:03:01.27	10701	1	-94	-97	11
2014-12-19 19:13:01.555	10701	1	-94	-97	14	-1.32	32.37	3.531
2014-12-19 19:28:01.551	10701	1	-94	-94	39	-1.38	32.3	3.531
2014-12-19 19:43:01.187	10701	1	-94	-97	36
2014-12-19 19:43:01.523	10701	1	-94	-97	36	-1.42	32.33	3.531
2014-12-19 19:58:03.091	10701	1	-94	-97	62	-1.35	32.3	3.52
2014-12-19 20:13:01.918	10701	1	-94	-94	46	-1.32	32.24	3.52
2014-12-19 20:23:01.174	10701	1	-94	-97	67
2014-12-19 20:53:01.115	10701	1	-94	-94	58
2014-12-19 21:03:01.103	10701	1	-94	-97	58
2014-12-19 21:13:01.45	10701	1	-94	-97	58	-1.48	32.29	3.52
2014-12-19 21:23:01.482	10701	1	-94	-97	58
2014-12-19 21:28:01.422	10701	1	-94	-97	58	-1.52	32.29	3.52
2014-12-19 21:43:04.33	10701	1	-94	-97	53	-1.56	32.29	3.509
2014-12-19 22:13:01.414	10701	1	-94	-97	53	-1.7	32.3	3.52
2014-12-19 22:13:02.558	10701	1	-94	-97	53	-1.7	32.3	3.52
2014-12-19 22:23:03.151	10701	1	-94	-97	53
2014-12-19 22:43:01.35	10701	1	-94	-94	47	-1.78	32.3	3.52
2014-12-19 22:53:01.022	10701	1	-94	-97	47
2014-12-19 22:58:01.366	10701	1	-94	-97	43	-1.88	32.32	3.52
2014-12-19 23:03:01.018	10701	1	-94	-97	43
2014-12-19 23:13:01.33	10701	1	-94	-97	43	-1.98	32.31	3.52
2014-12-19 23:23:01.608	10701	1	-94	-94	41
2014-12-20 00:28:01.347	10701	1	-94	-94	39	-2.25	32.29	3.52
2014-12-20 01:23:00.882	10701	1	-94	-94	35
2014-12-20 02:13:02.475	10701	1	-94	-94	34	-2.68	32.28	3.52
2014-12-20 02:23:00.947	10701	1	-94	-97	34
2014-12-20 02:23:01.975	10701	1	-94	-97	34
2014-12-20 02:28:09.847	10701	1	-94	-97	32	-2.73	32.24	3.52
2014-12-20 02:43:01.188	10701	1	-94	-97	46	-2.77	32.21	3.52
2014-12-20 02:53:06.282	10701	1	-94	-97	46
2014-12-20 02:53:07.482	10701	1	-94	-97	46
2014-12-20 02:53:08.022	10701	1	-94	-97	46
2014-12-20 02:53:09.142	10701	1	-94	-97	46
2014-12-20 03:13:01.138	10701	1	-94	-94	44	-2.98	32.25	3.52
2014-12-20 03:43:04.498	10701	1	-94	-97	40	-3.2	32.23	3.509
2014-12-20 03:53:00.746	10701	1	-94	-97	40
2014-12-20 03:58:01.235	10701	1	-94	-97	40	-3.42	32.18	3.52
2014-12-20 04:23:02.015	10701	1	-94	-97	33
2014-12-20 04:28:01.071	10701	1	-94	-97	33	-4.21	32.52	3.52
2014-12-20 04:53:00.739	10701	1	-94	-97	28
2014-12-20 05:03:00.683	10701	1	-94	-97	28
2014-12-20 05:13:01.191	10701	1	-94	-97	26	-3.93	32.26	3.52
2014-12-20 05:23:00.718	10701	1	-94	-97	22
2014-12-20 05:28:01.011	10701	1	-94	-97	22	-3.77	32.08	3.52
2014-12-20 05:43:00.894	10701	1	-94	-97	19
2014-12-20 05:43:01.147	10701	1	-94	-97	19	-3.71	32.02	3.509
2014-12-20 05:53:00.855	10701	1	-94	-97	17
2014-12-20 05:58:01.187	10701	1	-94	-97	17	-3.66	31.96	3.52
2014-12-20 06:13:01.019	10701	1	-94	-97	15	-3.64	31.93	3.52
2014-12-20 06:23:00.642	10701	1	-94	-97	12
2014-12-20 06:23:00.654	10701	1	-94	-97	12
2014-12-20 06:28:01.111	10701	1	-94	-97	11	-3.66	31.93	3.52
2014-12-20 06:43:01.002	10701	1	-94	-97	11	-3.66	31.96	3.52
2014-12-20 06:53:00.695	10701	1	-94	-94	12
2014-12-20 06:58:01.106	10701	1	-94	-97	11	-3.7	31.93	3.52
2014-12-20 07:03:00.598	10701	1	-94	-97	10
2014-12-20 07:13:00.946	10701	1	-94	-97	10	-3.74	31.95	3.52
2014-12-20 07:23:00.634	10701	1	-94	-97	10
2014-12-20 07:28:00.922	10701	1	-94	-97	10	-3.78	32.02	3.52
2014-12-20 07:43:00.816	10701	1	-94	-97	10
2014-12-20 07:43:01.08	10701	1	-94	-97	10	-3.79	32.01	3.509
2014-12-20 07:53:00.818	10701	1	-94	-97	11
2014-12-20 07:58:00.954	10701	1	-94	-97	10	-3.84	32.01	3.52
2014-12-20 08:13:00.899	10701	1	-94	-97	12	-3.98	32.06	3.52
2014-12-20 08:23:00.566	10701	1	-94	-97	14
2014-12-20 08:23:00.584	10701	1	-94	-97	14
2014-12-20 08:28:00.971	10701	1	-94	-97	13	-3.93	32.2	3.52
2014-12-20 08:43:01.063	10701	1	-94	-97	12	-3.57	32.1	3.52
2014-12-20 08:53:00.527	10701	1	-94	-97	10
2014-12-20 08:58:00.855	10701	1	-94	-97	10	-3.18	31.84	3.52
2014-12-20 09:03:00.511	10701	1	-94	-97	12
2014-12-20 09:13:00.855	10701	1	-94	-97	10	-2.78	31.72	3.52
2014-12-20 09:23:00.506	10701	1	-94	-97	26
2014-12-20 09:28:00.838	10701	1	-94	-97	26	-2.35	31.63	3.509
2014-12-20 09:43:00.514	10701	1	-94	-94	22
2014-12-20 09:43:00.811	10701	1	-94	-97	22	-1.82	31.74	3.509
2014-12-20 09:53:00.514	10701	1	-94	-97	20
2014-12-20 09:58:01.478	10701	1	-94	-97	20	-0.98	31.62	3.52
2014-12-20 10:13:06.806	10701	1	-94	-97	20	-0.17	31.3	3.52
2014-12-20 10:23:02.274	10701	1	-94	-97	19
2014-12-20 10:23:02.351	10701	1	-94	-97	22
2014-12-20 10:28:00.938	10701	1	-94	-97	22	0.24	31.1	3.52
2014-12-20 17:43:00.395	10701	1	-94	-97	29	-2.38	34.06	3.509
2014-12-20 17:52:59.783	10701	1	-94	-97	25
2014-12-20 17:58:00.131	10701	1	-94	-94	23	-2.74	33.89	3.52
2014-12-20 18:13:00.139	10701	1	-94	-97	17	-3.18	33.75	3.52
2014-12-20 18:22:59.759	10701	1	-94	-97	14
2014-12-20 18:22:59.787	10701	1	-94	-97	14
2014-12-20 18:28:00.094	10701	1	-94	-94	13	-3.46	33.73	3.52
2014-12-20 18:43:00.082	10701	1	-94	-94	10	-3.68	33.58	3.52
2014-12-20 18:52:59.738	10701	1	-94	-97	10
2014-12-20 18:58:00.07	10701	1	-94	-97	10	-3.64	33.42	3.52
2014-12-20 19:02:59.727	10701	1	-94	-97	10
2014-12-20 19:13:00.059	10701	1	-94	-97	10	-3.28	33.13	3.52
2014-12-20 19:22:59.71	10701	1	-94	-97	10
2014-12-20 19:28:00.043	10701	1	-94	-97	10	-2.96	32.71	3.52
2014-12-20 19:42:59.694	10701	1	-94	-97	10
2014-12-20 19:43:00.038	10701	1	-94	-97	10	-2.78	32.43	3.52
2014-12-20 19:52:59.687	10701	1	-94	-97	10
2014-12-20 19:58:00.023	10701	1	-94	-94	10	-2.7	32.31	3.52
2014-12-20 20:13:00.011	10701	1	-94	-97	10	-2.64	32.25	3.52
2014-12-20 20:22:59.663	10701	1	-94	-97	10
2014-12-20 20:22:59.675	10701	1	-94	-97	10
2014-12-20 20:27:59.998	10701	1	-94	-94	10	-2.61	32.25	3.52
2014-12-20 20:42:59.983	10701	1	-94	-94	10	-2.67	32.25	3.52
2014-12-20 20:52:59.639	10701	1	-94	-97	10
2014-12-20 20:57:59.971	10701	1	-94	-94	10	-2.75	32.3	3.52
2014-12-20 21:02:59.63	10701	1	-94	-97	10
2014-12-20 21:12:59.962	10701	1	-94	-97	10	-2.88	32.39	3.52
2014-12-20 21:22:59.618	10701	1	-94	-97	10
2014-12-20 21:27:59.95	10701	1	-94	-97	10	-3.06	32.47	3.52
2014-12-20 21:42:59.59	10701	1	-94	-97	10
2014-12-20 21:42:59.93	10701	1	-94	-97	10	-3.21	32.52	3.52
2014-12-20 21:52:59.587	10701	1	-94	-97	10
2014-12-20 21:57:59.922	10701	1	-94	-94	10	-3.1	32.53	3.52
2014-12-20 22:12:59.907	10701	1	-94	-94	10	-3.02	32.44	3.52
2014-12-20 22:22:59.563	10701	1	-94	-97	10
2014-12-20 22:22:59.579	10701	1	-94	-97	10
2014-12-20 22:27:59.899	10701	1	-94	-94	10	-3.0	32.38	3.52
2014-12-20 22:42:59.886	10701	1	-94	-94	10	-3.04	32.34	3.52
2014-12-20 22:52:59.543	10701	1	-94	-97	10
2014-12-20 22:57:59.874	10701	1	-94	-94	10	-3.07	32.34	3.52
2014-12-20 23:02:59.542	10701	1	-94	-97	10
2014-12-20 23:12:59.858	10701	1	-94	-97	10	-3.21	32.36	3.52
2014-12-20 23:22:59.53	10701	1	-94	-97	10
2014-12-20 23:27:59.846	10701	1	-94	-94	10	-3.45	32.43	3.52
2014-12-20 23:42:59.494	10701	1	-94	-97	10
2014-12-20 23:42:59.847	10701	1	-94	-97	10	-3.66	32.48	3.52
2014-12-20 23:52:59.507	10701	1	-94	-94	10
2014-12-20 23:57:59.838	10701	1	-94	-94	10	-3.92	32.62	3.52
2014-12-21 00:12:59.819	10701	1	-94	-94	10	-4.06	32.67	3.52
2014-12-21 00:22:59.471	10701	1	-94	-97	10
2014-12-21 00:22:59.511	10701	1	-94	-97	10
2014-12-21 00:27:59.819	10701	1	-94	-97	10	-3.82	32.56	3.52
2014-12-21 00:42:59.79	10701	1	-94	-97	10	-3.64	32.42	3.52
2014-12-21 00:52:59.447	10701	1	-94	-97	10
2014-12-21 00:57:59.795	10701	1	-94	-94	10	-3.5	32.33	3.52
2014-12-21 01:02:59.454	10701	1	-94	-97	10
2014-12-21 01:12:59.786	10701	1	-94	-97	10	-3.34	32.19	3.52
2014-12-21 01:22:59.438	10701	1	-94	-97	10
2014-12-21 01:27:59.762	10701	1	-94	-97	10	-3.36	32.12	3.52
2014-12-21 01:42:59.422	10701	1	-94	-97	10
2014-12-21 01:42:59.755	10701	1	-94	-97	10	-3.82	32.3	3.509
2014-12-21 01:52:59.402	10701	1	-94	-97	10
2014-12-21 01:57:59.738	10701	1	-94	-97	10	-4.35	32.54	3.52
2014-12-21 02:12:59.727	10701	1	-94	-97	10	-4.89	32.85	3.52
2014-12-21 02:22:59.39	10701	1	-94	-97	10
2014-12-21 02:22:59.399	10701	1	-94	-97	10
2014-12-21 02:27:59.719	10701	1	-94	-97	10	-5.24	33.04	3.52
2014-12-21 02:42:59.714	10701	1	-94	-97	10	-4.89	32.88	3.52
2014-12-21 02:52:59.379	10701	1	-94	-94	10
2014-12-21 02:57:59.702	10701	1	-94	-97	10	-4.54	32.59	3.52
2014-12-21 03:02:59.366	10701	1	-94	-97	10
2014-12-21 03:12:59.692	10701	1	-94	-97	10	-4.34	32.35	3.52
2014-12-21 03:22:59.347	10701	1	-94	-94	10
2014-12-21 03:27:59.687	10701	1	-94	-97	10	-4.2	32.24	3.509
2014-12-21 03:42:59.334	10701	1	-94	-97	10
2014-12-21 03:42:59.698	10701	1	-94	-97	10	-4.07	32.12	3.52
2014-12-21 03:52:59.35	10701	1	-94	-97	10
2014-12-21 03:57:59.659	10701	1	-94	-97	10	-3.88	32.01	3.52
2014-12-21 04:12:59.655	10701	1	-94	-97	10	-3.71	31.92	3.52
2014-12-21 04:22:59.311	10701	1	-94	-97	10
2014-12-21 04:22:59.329	10701	1	-94	-97	10
2014-12-21 04:27:59.642	10701	1	-94	-97	10	-3.6	31.9	3.509
2014-12-21 04:42:59.634	10701	1	-94	-97	10	-3.56	31.91	3.52
2014-12-21 04:52:59.41	10701	1	-94	-97	10
2014-12-21 04:57:59.635	10701	1	-94	-97	10	-3.5	31.91	3.509
2014-12-21 05:02:59.323	10701	1	-94	-97	10
2014-12-21 05:12:59.647	10701	1	-94	-97	10	-3.43	31.92	3.509
2014-12-21 05:22:59.275	10701	1	-94	-97	10
2014-12-21 05:27:59.619	10701	1	-94	-97	10	-3.32	31.93	3.509
2014-12-21 08:42:59.742	10701	1	-94	-97	15	-2.24	31.86	3.509
2014-12-21 08:43:00.674	10701	1	-94	-97	15	-2.24	31.86	3.509
2014-12-21 08:43:01.695	10701	1	-94	-97	15	-2.24	31.86	3.509
2014-12-21 11:53:01.206	10701	1	-94	-94	30
2014-12-21 11:53:03.671	10701	1	-94	-94	30
2014-12-21 11:53:05.422	10701	1	-94	-94	30
2014-12-21 18:52:58.383	10701	1	-94	-94	30
2014-12-21 19:02:58.39	10701	1	-94	-97	46
2014-12-21 19:12:58.666	10701	1	-94	-94	46	-3.17	33.11	3.509
2014-12-21 19:22:58.355	10701	1	-94	-94	44
2014-12-21 19:42:58.343	10701	1	-94	-94	40
2014-12-21 20:23:02.771	10701	1	-94	-94	38
2014-12-21 21:02:58.239	10701	1	-94	-94	34
2014-12-21 21:22:58.251	10701	1	-94	-94	31
2014-12-21 21:42:58.211	10701	1	-94	-94	29
2014-12-21 21:42:58.55	10701	1	-94	-97	29	-4.0	32.45	3.509
2014-12-21 21:57:58.543	10701	1	-94	-94	28	-4.07	32.41	3.509
2014-12-21 22:12:58.53	10701	1	-94	-94	26	-4.21	32.4	3.509
2014-12-21 22:27:58.558	10701	1	-94	-94	25	-4.34	32.48	3.509
2014-12-21 22:52:58.174	10701	1	-94	-97	23
2014-12-21 22:57:58.502	10701	1	-94	-97	23	-4.74	32.77	3.509
2014-12-21 23:12:58.502	10701	1	-94	-94	22	-4.79	32.79	3.509
2014-12-21 23:42:58.178	10701	1	-94	-94	19
2014-12-21 23:42:58.488	10701	1	-94	-97	19	-4.79	32.57	3.498
2014-12-21 23:52:58.127	10701	1	-94	-97	18
2014-12-21 23:57:58.475	10701	1	-94	-97	18	-4.75	32.44	3.509
2014-12-22 00:12:58.454	10701	1	-94	-97	17	-4.91	32.43	3.509
2014-12-22 00:22:58.111	10701	1	-94	-97	16
2014-12-22 00:22:58.123	10701	1	-94	-97	16
2014-12-22 00:27:58.447	10701	1	-94	-97	16	-5.16	32.53	3.509
2014-12-22 00:42:58.438	10701	1	-94	-97	14	-5.29	32.52	3.509
2014-12-22 00:52:58.094	10701	1	-94	-97	13
2014-12-22 00:57:58.43	10701	1	-94	-97	13	-5.42	32.51	3.509
2014-12-22 01:02:58.086	10701	1	-94	-97	12
2014-12-22 01:12:58.422	10701	1	-94	-97	11	-5.5	32.5	3.509
2014-12-22 01:22:58.078	10701	1	-94	-97	10
2014-12-22 01:27:58.415	10701	1	-94	-94	10	-5.57	32.43	3.509
2014-12-22 01:42:58.066	10701	1	-94	-94	10
2014-12-22 01:42:58.407	10701	1	-94	-97	10	-5.67	32.39	3.509
2014-12-22 01:52:58.062	10701	1	-94	-97	10
2014-12-22 01:57:58.398	10701	1	-94	-94	10	-5.78	32.41	3.509
2014-12-22 02:12:58.391	10701	1	-94	-97	10	-5.84	32.31	3.509
2014-12-22 02:22:58.05	10701	1	-94	-94	10
2014-12-22 02:22:58.067	10701	1	-94	-97	10
2014-12-22 02:27:58.382	10701	1	-94	-97	10	-5.93	32.33	3.509
2014-12-22 02:42:58.378	10701	1	-94	-94	10	-6.0	32.29	3.509
2014-12-22 02:52:58.035	10701	1	-94	-97	10
2014-12-22 02:57:58.367	10701	1	-94	-97	10	-5.98	32.26	3.498
2014-12-22 03:02:58.043	10701	1	-94	-97	10
2014-12-22 03:12:58.366	10701	1	-94	-97	10	-5.96	32.2	3.509
2014-12-22 03:22:58.022	10701	1	-94	-97	10
2014-12-22 03:27:58.356	10701	1	-94	-97	10	-6.02	32.16	3.509
2014-12-22 03:42:58.007	10701	1	-94	-94	10
2014-12-22 03:42:58.342	10701	1	-94	-97	10	-6.18	32.12	3.509
2014-12-22 03:52:58.008	10701	1	-94	-97	10
2014-12-22 03:57:58.34	10701	1	-94	-94	10	-6.18	32.18	3.509
2014-12-22 04:12:58.339	10701	1	-94	-94	10	-6.3	32.11	3.498
2014-12-22 04:22:57.998	10701	1	-94	-97	10
2014-12-22 04:22:58.022	10701	1	-94	-97	10
2014-12-22 04:27:58.331	10701	1	-94	-94	10	-6.53	32.08	3.509
2014-12-22 04:42:58.327	10701	1	-94	-94	10	-6.8	32.15	3.509
2014-12-22 04:52:57.987	10701	1	-94	-97	10
2014-12-22 04:57:58.323	10701	1	-94	-97	10	-6.84	32.18	3.498
2014-12-22 05:02:57.982	10701	1	-94	-97	10
2014-12-22 05:12:58.319	10701	1	-94	-97	10	-6.81	32.19	3.509
2014-12-22 05:22:57.979	10701	1	-94	-97	10
2014-12-22 05:27:58.318	10701	1	-94	-97	10	-6.8	32.15	3.498
2014-12-22 05:42:57.97	10701	1	-94	-97	10
2014-12-22 05:42:58.306	10701	1	-94	-97	10	-6.68	31.94	3.498
2014-12-22 05:52:57.962	10701	1	-94	-97	10
2014-12-22 05:57:58.303	10701	1	-94	-97	10	-6.64	31.88	3.498
2014-12-22 06:12:58.298	10701	1	-94	-94	10	-6.78	32.0	3.498
2014-12-22 06:22:57.955	10701	1	-94	-97	10
2014-12-22 06:22:57.971	10701	1	-94	-97	10
2014-12-22 06:27:58.29	10701	1	-94	-97	10	-6.74	31.87	3.498
2014-12-22 06:42:58.286	10701	1	-94	-94	10	-6.75	31.93	3.498
2014-12-22 06:52:57.943	10701	1	-94	-97	10
2014-12-22 06:57:58.279	10701	1	-94	-94	10	-6.78	31.9	3.498
2014-12-22 07:02:57.939	10701	1	-94	-97	10
2014-12-22 07:12:58.275	10701	1	-94	-97	10	-6.74	31.87	3.498
2014-12-22 07:22:57.934	10701	1	-94	-97	10
2014-12-22 07:27:58.27	10701	1	-94	-97	10	-6.7	31.87	3.498
2014-12-22 07:42:57.93	10701	1	-94	-97	10
2014-12-22 07:42:58.266	10701	1	-94	-97	10	-6.43	31.87	3.498
2014-12-22 07:52:57.922	10701	1	-94	-97	10
2014-12-22 07:57:58.254	10701	1	-94	-97	10	-6.06	31.74	3.498
2014-12-22 08:12:58.262	10701	1	-94	-97	10	-5.5	31.5	3.498
2014-12-22 08:22:57.906	10701	1	-94	-97	10
2014-12-22 08:22:57.923	10701	1	-94	-97	10
2014-12-22 08:27:58.258	10701	1	-94	-94	10	-4.92	31.1	3.498
2014-12-22 08:42:58.23	10701	1	-94	-97	10	-4.07	31.08	3.498
2014-12-22 08:53:02.25	10701	1	-94	-97	10
2014-12-22 08:53:03.162	10701	1	-94	-97	10
2014-12-22 08:58:01.486	10701	1	-94	-97	13	-3.21	30.53	3.498
2014-12-22 09:02:57.898	10701	1	-94	-97	14
2014-12-22 09:12:58.206	10701	1	-94	-97	12	-2.96	30.79	3.498
2014-12-22 09:22:58.123	10701	1	-94	-97	10
2014-12-22 09:27:58.206	10701	1	-94	-97	10	-2.28	30.65	3.498
2014-12-26 17:42:47.103	10701	1	-94	-94	25
2014-12-26 17:42:47.63	10701	1	-94	-97	57	5.83	36.07	3.476
2014-12-26 19:57:47.227	10701	1	-94	-94	20	4.11	34.85	3.487
2014-12-26 20:12:48.214	10701	1	-94	-97	29	3.99	34.64	3.487
2014-12-26 20:22:47.222	10701	1	-94	-97	39
2014-12-26 20:22:48.1	10701	1	-94	-97	39
2014-12-26 20:27:47.446	10701	1	-94	-97	36	3.67	34.74	3.487
2014-12-26 20:27:48.634	10701	1	-94	-97	36	3.67	34.74	3.487
2014-12-26 20:27:49.307	10701	1	-94	-97	36	3.67	34.74	3.487
2014-12-26 20:27:50.383	10701	1	-94	-97	36	3.67	34.74	3.487
2014-12-26 21:12:47.127	10701	1	-94	-97	46	3.13	34.72	3.476
2014-12-27 16:52:44.738	10701	1	-94	-97	25
2014-12-27 16:57:45.07	10701	1	-94	-97	23	12.74	36.02	3.487
2014-12-27 17:02:44.73	10701	1	-94	-97	23
2014-12-27 17:42:47.587	10701	1	-94	-97	46	11.32	36.18	3.476
2014-12-27 17:52:44.61	10701	1	-94	-97	46
2014-12-27 18:12:45.018	10701	1	-94	-94	44	11.06	35.69	3.487
2014-12-27 18:12:45.991	10701	1	-94	-94	44	11.06	35.69	3.487
2014-12-27 18:22:44.638	10701	1	-94	-97	40
2014-12-27 18:22:45.046	10701	1	-94	-97	40
2014-12-27 18:22:45.759	10701	1	-94	-97	40
2014-12-27 18:22:48.654	10701	1	-94	-97	40
2014-12-27 18:27:45.218	10701	1	-94	-97	38	11.0	35.32	3.487
2014-12-27 18:27:47.563	10701	1	-94	-97	38	11.0	35.32	3.487
2014-12-27 18:27:48.471	10701	1	-94	-97	38	11.0	35.32	3.487
2014-12-27 18:27:50.519	10701	1	-94	-97	38	11.0	35.32	3.487
2014-12-27 18:27:51.235	10701	1	-94	-97	38	11.0	35.32	3.487
2014-12-27 19:12:44.986	10701	1	-94	-97	39	11.29	34.81	3.487
2014-12-27 19:22:44.995	10701	1	-94	-97	39
2014-12-27 19:27:46.219	10701	1	-94	-97	39	11.46	34.7	3.487
2014-12-27 19:42:44.374	10701	1	-94	-97	36
2014-12-27 19:42:44.718	10701	1	-94	-97	36	11.47	34.63	3.487
2014-12-27 19:52:44.379	10701	1	-94	-97	36
2014-12-27 21:22:46.394	10701	1	-94	-94	36
2014-12-27 21:42:44.383	10701	1	-94	-97	43
2014-12-30 15:02:39.578	10701	1	-94	-94	25
2014-12-30 15:12:41.366	10701	1	-94	-91	27	1.01	36.87	3.382
2014-12-30 15:22:39.401	10701	1	-94	-94	28
2014-12-30 15:42:45.282	10701	1	-94	-97	26
2014-12-31 09:52:39.022	10701	1	-94	-97	70
2014-12-31 09:52:39.963	10701	1	-94	-97	70
2014-12-31 10:12:46.711	10701	1	-94	-97	76	-4.82	36.21	3.342
2014-12-31 10:22:40.995	10701	1	-94	-97	71
2014-12-31 10:22:41.662	10701	1	-94	-97	71
2014-12-31 10:27:40.835	10701	1	-94	-97	71	-3.88	35.79	3.342
2014-12-31 11:12:42.211	10701	1	-94	-97	63	-4.2	35.57	3.342
2014-12-31 11:12:42.575	10701	1	-94	-97	63	-4.2	35.57	3.342
2014-12-31 11:42:38.867	10701	1	-94	-97	62
2014-12-31 11:42:39.568	10701	1	-94	-97	64	-3.02	38.76	3.322
2015-01-01 03:12:46.426	10701	1	-94	-97	30	-7.46	32.32	3.322
2015-01-01 03:12:47.847	10701	1	-94	-97	30	-7.46	32.32	3.322
2015-01-01 03:42:51.014	10701	1	-94	-97	48	-7.13	32.22	3.293
2015-01-01 03:42:51.958	10701	1	-94	-97	48	-7.13	32.22	3.293
2015-01-01 03:52:38.318	10701	1	-94	-97	72
2015-01-01 06:57:38.603	10701	1	-94	-94	46	-8.02	32.14	3.312
2015-01-01 07:02:38.264	10701	1	-94	-97	46
2015-01-01 07:22:38.278	10701	1	-94	-94	40
2015-01-01 07:27:38.646	10701	1	-94	-94	40	-8.0	32.14	3.312
2015-01-01 07:42:38.258	10701	1	-94	-94	38
2015-01-01 07:57:38.594	10701	1	-94	-97	38	-7.94	32.14	3.312
2015-01-01 08:12:38.591	10701	1	-94	-94	33	-7.78	32.29	3.312
2015-01-01 08:22:38.251	10701	1	-94	-97	28
2015-01-01 08:22:38.267	10701	1	-94	-97	28
2015-01-01 08:27:38.586	10701	1	-94	-97	24	-7.39	32.32	3.312
2015-01-01 08:42:38.582	10701	1	-94	-97	20	-6.91	32.27	3.312
2015-01-01 08:52:38.242	10701	1	-94	-94	18
2015-01-01 08:57:38.575	10701	1	-94	-97	18	-6.32	32.42	3.312
2015-01-01 09:02:38.234	10701	1	-94	-97	16
2015-01-01 09:12:38.57	10701	1	-94	-97	14	-5.95	32.07	3.312
2015-01-01 09:22:38.234	10701	1	-94	-97	13
2015-01-01 09:27:38.563	10701	1	-94	-97	13	-5.39	32.51	3.312
2015-01-01 16:42:38.762	10701	1	-94	-94	46	0.64	34.58	3.342
2015-01-01 16:52:37.758	10701	1	-94	-97	42
2015-01-01 17:12:37.967	10701	1	-94	-97	37	-0.21	34.49	3.332
2015-01-01 17:22:38.498	10701	1	-94	-97	37
2015-01-01 17:42:37.622	10701	1	-94	-97	38
2015-01-01 17:42:37.926	10701	1	-94	-97	38	-0.73	34.15	3.312
2015-01-01 17:52:37.583	10701	1	-94	-97	32
2015-01-01 17:57:37.915	10701	1	-94	-97	29	-0.92	34.07	3.332
2015-01-01 18:12:37.963	10701	1	-94	-97	23	-0.93	33.84	3.332
2015-01-01 18:22:37.57	10701	1	-94	-97	19
2015-01-01 18:22:37.583	10701	1	-94	-97	19
2015-01-01 18:27:37.886	10701	1	-94	-97	21	-1.07	33.76	3.332
2015-01-01 18:42:40.262	10701	1	-94	-97	18	-1.1	33.63	3.332
2015-01-01 22:27:37.654	10701	1	-94	-94	41	-1.17	33.1	3.303
2015-01-01 22:57:45.59	10701	1	-94	-97	41	-1.04	33.11	3.303
2015-01-01 22:57:45.963	10701	1	-94	-97	41	-1.04	33.11	3.303
2015-01-01 23:12:37.607	10701	1	-94	-97	46	-1.06	33.05	3.303
2015-01-01 23:22:39.186	10701	1	-94	-97	46
2015-01-01 23:22:46.027	10701	1	-94	-97	46
2015-01-02 16:22:45.547	10701	1	-94	-94	47
2015-01-02 17:12:36.383	10701	1	-94	-94	48	-0.03	35.41	3.322
2015-01-02 17:42:39.335	10701	1	-94	-94	46	-1.46	35.46	3.293
2015-01-02 17:52:36.007	10701	1	-94	-97	46
2015-01-02 17:57:36.358	10701	1	-94	-97	46	-1.96	35.28	3.322
2015-01-04 21:42:31.739	10701	1	-94	-97	25
2015-01-04 21:42:32.379	10701	1	-94	-97	25	1.28	34.48	3.209
2015-01-04 21:42:35.41	10701	1	-94	-97	25	1.28	34.48	3.209
2015-01-04 21:42:37.203	10701	1	-94	-97	25	1.28	34.48	3.209
2015-01-04 21:42:40.231	10701	1	-94	-97	25	1.28	34.48	3.209
2015-01-04 21:52:31.463	10701	1	-94	-97	25
2015-01-04 21:52:35.27	10701	1	-94	-97	25
2015-01-04 21:57:31.702	10701	1	-94	-97	25	1.39	34.19	3.227
2015-01-04 22:12:31.702	10701	1	-94	-97	56	1.39	33.97	3.209
2015-01-04 22:42:32.19	10701	1	-94	-94	56	1.28	33.76	3.218
2015-01-04 23:12:31.607	10701	1	-94	-97	51	1.07	33.71	3.227
2015-01-04 23:52:31.851	10701	1	-94	-94	46
2015-01-04 23:57:31.927	10701	1	-94	-97	48	0.24	33.72	3.218
2015-01-04 23:57:39.162	10701	1	-94	-97	48	0.24	33.72	3.218
2015-01-05 00:22:37.826	10701	1	-94	-97	53
2015-01-05 04:12:31.419	10701	1	-94	-97	15	-2.88	33.2	3.19
2015-01-05 06:52:31.779	10701	1	-94	-94	49
2015-01-05 06:52:34.167	10701	1	-94	-94	49
2015-01-05 06:57:31.211	10701	1	-94	-97	49	-5.38	32.9	3.172
2015-01-05 07:57:31.187	10701	1	-94	-97	47	-7.34	33.16	3.146
2015-01-05 08:12:31.183	10701	1	-94	-97	39	-7.6	32.94	3.155
2015-01-05 08:22:30.846	10701	1	-94	-97	28
2015-01-05 08:22:30.859	10701	1	-94	-97	28
2015-01-05 08:27:31.179	10701	1	-91	-97	26	-7.59	33.2	3.155
2015-01-05 08:42:31.182	10701	1	-94	-97	19	-7.62	32.88	3.155
2015-01-05 08:52:30.834	10701	1	-91	-97	15
2015-01-05 08:57:31.175	10701	1	-94	-91	14	-6.84	33.21	3.155
2015-01-05 09:02:30.835	10701	1	-94	-97	13
2015-01-05 09:12:31.17	10701	1	-94	-91	11	-6.06	32.19	3.155
2015-01-05 09:22:30.839	10701	1	-94	-97	10
2015-01-05 09:27:31.163	10701	1	-91	-97	10	-6.18	31.99	3.155
2015-01-05 09:42:30.822	10701	1	-94	-97	10
2015-01-05 09:42:31.159	10701	1	-94	-97	10	-6.0	32.33	3.146
2015-01-05 09:52:30.819	10701	1	-94	-97	10
2015-01-05 09:57:31.151	10701	1	-94	-94	10	-5.66	33.26	3.155
2015-01-05 10:12:31.15	10701	1	-94	-94	10	-5.49	32.79	3.155
2015-01-05 10:22:30.828	10701	1	-94	-97	10
2015-01-05 10:22:30.843	10701	1	-94	-97	10
2015-01-05 10:27:31.138	10701	1	-94	-97	10	-3.7	32.02	3.155
2015-01-05 10:42:31.126	10701	1	-94	-97	10	-4.42	31.18	3.155
2015-01-05 10:52:30.787	10701	1	-94	-97	10
2015-01-05 10:57:31.119	10701	1	-94	-97	10	-5.42	31.86	3.155
2015-01-05 11:02:30.778	10701	1	-94	-97	10
2015-01-05 11:12:31.115	10701	1	-94	-97	10	-5.68	32.48	3.155
2015-01-05 11:22:30.774	10701	1	-94	-97	10
2015-01-05 11:27:31.11	10701	1	-94	-97	10	-5.74	32.22	3.155
2015-01-05 11:42:30.763	10701	1	-94	-97	10
2015-01-05 11:42:31.103	10701	1	-94	-97	10	-6.2	32.44	3.146
2015-01-05 11:52:30.762	10701	1	-94	-97	10
2015-01-05 11:57:31.099	10701	1	-94	-97	10	-5.96	32.52	3.155
2015-01-05 12:12:31.095	10701	1	-94	-97	10	-6.1	32.22	3.155
2015-01-05 12:22:30.758	10701	1	-94	-97	10
2015-01-05 12:22:30.767	10701	1	-94	-97	10
2015-01-05 12:27:31.087	10701	1	-94	-94	10	-6.52	32.34	3.155
2015-01-05 12:42:31.087	10701	1	-94	-97	10	-5.96	33.42	3.155
2015-01-05 12:52:30.742	10701	1	-94	-97	10
2015-01-05 12:57:31.078	10701	1	-94	-97	10	-6.1	32.45	3.155
2015-01-05 13:02:30.739	10701	1	-94	-97	10
2015-01-05 13:12:31.075	10701	1	-94	-97	10	-5.28	32.46	3.155
2015-01-05 13:22:30.735	10701	1	-94	-94	10
2015-01-05 13:27:31.063	10701	1	-94	-97	10	-6.14	32.96	3.155
2015-01-05 13:42:30.72	10701	1	-94	-97	10
2015-01-05 13:42:31.062	10701	1	-94	-97	10	-6.28	35.23	3.146
2015-01-05 13:52:30.719	10701	1	-94	-97	10
2015-01-05 13:57:31.05	10701	1	-94	-97	10	-4.46	35.32	3.146
2015-01-05 14:12:31.046	10701	1	-94	-91	10	-4.93	32.62	3.146
2015-01-05 14:22:30.702	10701	1	-94	-97	10
2015-01-05 14:22:30.713	10701	1	-94	-97	10
2015-01-05 14:27:31.03	10701	1	-94	-97	10	-4.71	33.38	3.146
2015-01-05 14:42:31.027	10701	1	-94	-97	10	-4.82	34.75	3.146
2015-01-05 14:52:30.683	10701	1	-94	-97	10
2015-01-05 14:57:31.011	10701	1	-94	-97	10	-5.07	33.25	3.146
2015-01-05 15:02:30.678	10701	1	-94	-97	10
2015-01-05 15:12:31.011	10701	1	-94	-97	10	-6.28	33.77	3.155
2015-01-05 15:22:30.67	10701	1	-94	-97	10
2015-01-05 15:27:31.003	10701	1	-94	-97	10	-6.93	34.63	3.146
2015-01-05 15:42:30.663	10701	1	-94	-97	10
2015-01-05 15:42:31.006	10701	1	-94	-97	10	-7.14	33.94	3.146
2015-01-05 15:52:30.663	10701	1	-94	-97	10
2015-01-05 15:57:30.995	10701	1	-94	-91	10	-7.38	34.55	3.146
2015-01-05 16:12:30.995	10701	1	-91	-97	10	-7.74	33.47	3.146
2015-01-05 16:22:30.654	10701	1	-94	-97	10
2015-01-05 16:22:30.671	10701	1	-94	-97	10
2015-01-05 16:27:30.994	10701	1	-94	-91	10	-8.37	33.44	3.146
2015-01-05 16:42:30.988	10701	1	-94	-97	10	-8.74	33.25	3.146
2015-01-05 16:52:30.65	10701	1	-91	-94	10
2015-01-05 16:57:30.99	10701	1	-94	-94	10	-9.18	33.11	3.146
2015-01-05 17:02:30.658	10701	1	-91	-97	10
2015-01-05 17:12:30.991	10701	1	-94	-97	10	-9.44	32.9	3.146
2015-01-05 17:22:30.658	10701	1	-94	-97	10
2015-01-05 17:27:30.994	10701	1	-94	-97	10	-9.73	32.68	3.146
2015-01-05 17:42:30.658	10701	1	-94	-97	10
2015-01-05 17:42:30.995	10701	1	-91	-97	10	-9.91	32.56	3.128
2015-01-05 17:52:30.663	10701	1	-91	-97	10
2015-01-05 17:57:30.998	10701	1	-94	-97	10	-10.12	32.51	3.137
2015-01-05 18:12:30.998	10701	1	-94	-97	10	-10.18	32.38	3.137
2015-01-05 18:22:30.674	10701	1	-94	-97	10
2015-01-05 18:22:30.683	10701	1	-94	-97	10
2015-01-05 18:27:31.002	10701	1	-94	-97	10	-10.26	32.25	3.137
2015-01-05 18:42:31.007	10701	1	-94	-97	10	-10.34	32.17	3.137
2015-01-05 18:52:30.675	10701	1	-94	-97	10
2015-01-05 18:57:31.011	10701	1	-94	-97	10	-10.48	32.13	3.128
2015-01-05 19:02:30.675	10701	1	-94	-97	10
2015-01-05 19:12:31.015	10701	1	-94	-97	10	-10.44	32.17	3.128
2015-01-05 19:22:30.683	10701	1	-94	-97	10
2015-01-05 19:27:31.019	10701	1	-94	-97	10	-10.44	32.07	3.128
2015-01-05 19:42:30.687	10701	1	-94	-97	10
2015-01-05 19:42:31.026	10701	1	-94	-97	10	-10.44	31.97	3.12
2015-01-05 19:52:30.69	10701	1	-94	-97	10
2015-01-05 19:57:31.028	10701	1	-94	-97	10	-10.48	31.91	3.128
2015-01-05 20:12:31.034	10701	1	-94	-97	10	-10.46	31.91	3.128
2015-01-05 20:22:30.702	10701	1	-94	-97	10
2015-01-05 20:22:30.719	10701	1	-94	-97	10
2015-01-05 20:27:31.027	10701	1	-94	-97	10	-10.45	31.85	3.128
2015-01-05 20:42:31.039	10701	1	-94	-97	10	-10.56	31.77	3.128
2015-01-05 20:52:30.706	10701	1	-94	-97	10
2015-01-05 20:57:31.042	10701	1	-94	-94	10	-10.66	31.76	3.12
2015-01-05 21:02:30.707	10701	1	-94	-97	10
2015-01-05 21:12:31.044	10701	1	-94	-97	10	-10.76	31.82	3.12
2015-01-05 21:22:30.71	10701	1	-94	-97	10
2015-01-05 21:27:31.047	10701	1	-94	-97	10	-10.76	31.82	3.12
2015-01-05 21:42:30.718	10701	1	-94	-97	10
2015-01-05 21:42:31.054	10701	1	-94	-97	10	-10.84	31.75	3.111
2015-01-05 21:52:30.715	10701	1	-94	-97	10
2015-01-05 21:57:31.055	10701	1	-94	-97	10	-10.8	31.81	3.12
2015-01-05 22:12:31.059	10701	1	-94	-97	10	-10.8	31.75	3.12
2015-01-05 22:22:30.726	10701	1	-94	-97	10
2015-01-05 22:22:30.747	10701	1	-94	-97	10
2015-01-05 22:27:31.054	10701	1	-94	-94	10	-10.86	31.74	3.12
2015-01-05 22:42:31.066	10701	1	-94	-97	10	-11.02	31.73	3.111
2015-01-05 22:52:30.732	10701	1	-94	-97	10
2015-01-05 22:57:31.071	10701	1	-94	-97	10	-11.24	31.77	3.111
2015-01-05 23:02:30.734	10701	1	-94	-97	10
2015-01-05 23:12:31.079	10701	1	-94	-91	10	-11.53	31.75	3.111
2015-01-05 23:22:30.75	10701	1	-94	-97	10
2015-01-05 23:27:31.083	10701	1	-94	-97	10	-11.86	31.9	3.111
2015-01-05 23:42:30.75	10701	1	-94	-97	10
2015-01-05 23:42:31.087	10701	1	-94	-97	10	-12.04	32.05	3.103
2015-01-05 23:52:30.754	10701	1	-94	-97	10
2015-01-05 23:57:31.098	10701	1	-94	-91	10	-11.96	32.02	3.111
2015-01-06 00:12:31.102	10701	1	-94	-97	10	-11.87	32.03	3.111
2015-01-06 00:22:30.771	10701	1	-91	-97	10
2015-01-06 00:22:30.788	10701	1	-91	-97	10
2015-01-06 00:27:31.11	10701	1	-94	-91	10	-11.6	31.93	3.103
2015-01-06 00:42:31.115	10701	1	-94	-91	10	-11.24	31.65	3.103
2015-01-06 00:52:30.783	10701	1	-94	-97	10
2015-01-06 00:57:31.115	10701	1	-94	-97	10	-10.96	31.48	3.103
2015-01-06 01:02:30.79	10701	1	-94	-97	10
2015-01-06 01:12:31.126	10701	1	-94	-97	10	-10.68	31.32	3.103
2015-01-06 01:22:30.794	10701	1	-94	-97	10
2015-01-06 01:27:31.13	10701	1	-94	-97	10	-10.48	31.21	3.103
2015-01-06 01:42:30.791	10701	1	-94	-97	10
2015-01-06 01:42:31.128	10701	1	-94	-97	10	-10.34	31.22	3.094
2015-01-06 01:52:30.798	10701	1	-94	-97	10
2015-01-06 01:57:31.13	10701	1	-94	-97	10	-10.24	31.23	3.103
2015-01-06 02:12:31.139	10701	1	-94	-91	10	-10.16	31.24	3.103
2015-01-06 02:22:30.806	10701	1	-94	-97	10
2015-01-06 02:22:30.826	10701	1	-94	-97	10
2015-01-06 02:27:31.142	10701	1	-94	-97	10	-10.08	31.31	3.103
2015-01-06 02:42:31.143	10701	1	-94	-94	10	-10.19	31.3	3.103
2015-01-06 02:52:30.814	10701	1	-94	-97	10
2015-01-06 02:57:31.146	10701	1	-94	-97	10	-10.38	31.34	3.103
2015-01-06 03:02:30.818	10701	1	-94	-97	10
2015-01-06 03:12:31.151	10701	1	-94	-97	10	-10.52	31.39	3.103
2015-01-06 03:22:30.816	10701	1	-91	-97	10
2015-01-06 03:27:31.154	10701	1	-94	-97	10	-10.54	31.46	3.094
2015-01-06 03:42:30.823	10701	1	-94	-97	10
2015-01-06 03:42:31.16	10701	1	-94	-97	10	-10.58	31.45	3.086
2015-01-06 03:52:30.826	10701	1	-94	-97	10
2015-01-06 03:57:31.162	10701	1	-94	-97	10	-10.62	31.42	3.094
2015-01-06 04:12:31.166	10701	1	-94	-97	10	-10.61	31.45	3.094
2015-01-06 04:22:30.835	10701	1	-94	-97	10
2015-01-06 04:22:30.851	10701	1	-94	-97	10
2015-01-06 04:27:31.171	10701	1	-94	-94	10	-10.6	31.45	3.094
2015-01-06 04:42:31.175	10701	1	-94	-97	10	-10.62	31.45	3.094
2015-01-06 04:52:30.843	10701	1	-94	-94	10
2015-01-06 04:57:31.182	10701	1	-94	-97	10	-10.58	31.39	3.094
2015-01-06 05:02:30.842	10701	1	-94	-97	10
2015-01-06 05:12:31.182	10701	1	-94	-97	10	-10.58	31.39	3.094
2015-01-06 05:22:30.852	10701	1	-94	-97	10
2015-01-06 05:27:31.187	10701	1	-94	-97	10	-10.56	31.39	3.094
2015-01-06 05:42:30.854	10701	1	-94	-97	10
2015-01-06 05:42:31.194	10701	1	-94	-97	10	-10.55	31.39	3.077
2015-01-06 05:52:30.858	10701	1	-94	-97	10
2015-01-06 05:57:31.194	10701	1	-94	-97	10	-10.5	31.4	3.086
2015-01-06 06:12:31.199	10701	1	-94	-97	10	-10.45	31.34	3.086
2015-01-06 06:22:30.866	10701	1	-94	-97	10
2015-01-06 06:22:30.882	10701	1	-94	-97	10
2015-01-06 06:27:31.203	10701	1	-94	-97	10	-10.42	31.34	3.086
2015-01-06 06:42:31.206	10701	1	-94	-97	10	-10.38	31.34	3.086
2015-01-06 06:52:30.875	10701	1	-94	-97	10
2015-01-06 06:57:31.211	10701	1	-94	-91	10	-10.34	31.35	3.086
2015-01-06 07:02:30.878	10701	1	-94	-97	10
2015-01-06 07:12:31.215	10701	1	-94	-97	10	-10.3	31.32	3.086
2015-01-06 07:22:30.886	10701	1	-94	-97	10
2015-01-06 07:27:31.215	10701	1	-94	-97	10	-10.26	31.32	3.086
2015-01-06 07:42:30.89	10701	1	-94	-97	10
2015-01-06 07:42:31.22	10701	1	-94	-97	10	-10.23	31.36	3.077
2015-01-06 07:52:30.886	10701	1	-94	-97	10
2015-01-06 07:57:31.223	10701	1	-94	-94	10	-10.18	31.36	3.086
2015-01-06 08:12:31.226	10701	1	-94	-94	10	-10.08	31.43	3.086
2015-01-06 08:22:30.892	10701	1	-94	-97	10
2015-01-06 08:22:30.909	10701	1	-94	-97	10
2015-01-06 08:27:31.226	10701	1	-94	-94	10	-9.91	31.48	3.086
2015-01-06 08:42:31.23	10701	1	-94	-97	10	-9.66	31.5	3.086
2015-01-06 08:52:30.895	10701	1	-94	-97	10
2015-01-06 08:57:31.226	10701	1	-94	-97	10	-9.37	31.56	3.077
2015-01-06 09:02:30.894	10701	1	-94	-97	10
2015-01-06 09:12:31.23	10701	1	-94	-97	10	-9.02	31.6	3.086
2015-01-06 09:22:30.898	10701	1	-94	-97	10
2015-01-06 09:27:31.231	10701	1	-94	-97	10	-8.61	31.54	3.077
2015-01-06 09:42:30.895	10701	1	-94	-97	10
2015-01-06 09:42:31.234	10701	1	-94	-97	10	-8.24	31.57	3.069
2015-01-06 09:52:30.894	10701	1	-94	-97	10
2015-01-06 09:57:31.23	10701	1	-94	-91	10	-7.9	31.51	3.077
2015-01-06 10:12:31.227	10701	1	-94	-97	10	-7.52	31.54	3.077
2015-01-06 10:22:30.89	10701	1	-94	-97	10
2015-01-06 10:22:30.907	10701	1	-94	-97	10
2015-01-06 10:27:31.223	10701	1	-94	-97	10	-7.1	31.58	3.077
2015-01-06 10:42:31.227	10701	1	-94	-97	10	-6.75	31.61	3.077
2015-01-06 10:52:30.89	10701	1	-94	-94	10
2015-01-06 10:57:31.223	10701	1	-94	-94	10	-6.24	31.66	3.077
2015-01-06 11:02:30.883	10701	1	-94	-97	10
2015-01-06 11:12:31.222	10701	1	-94	-97	10	-5.82	31.57	3.077
2015-01-06 11:22:30.886	10701	1	-94	-97	10
2015-01-06 11:27:31.222	10701	1	-94	-97	10	-5.55	31.79	3.077
2015-01-06 11:42:30.874	10701	1	-94	-97	10
2015-01-06 11:42:31.208	10701	1	-94	-97	10	-5.09	31.99	3.077
2015-01-06 11:52:30.87	10701	1	-94	-97	10
2015-01-06 11:57:31.203	10701	1	-94	-97	10	-4.79	31.79	3.086
2015-01-06 12:12:31.194	10701	1	-94	-97	10	-4.84	32.11	3.086
2015-01-06 12:22:30.863	10701	1	-94	-97	10
2015-01-06 12:22:30.882	10701	1	-94	-97	10
2015-01-06 12:27:31.19	10701	1	-94	-94	10	-4.57	32.46	3.086
2015-01-06 12:42:31.178	10701	1	-94	-97	10	-3.82	32.72	3.086
2015-01-06 12:52:30.838	10701	1	-94	-97	10
2015-01-06 12:57:31.17	10701	1	-94	-97	10	-3.61	32.09	3.086
2015-01-06 13:02:30.83	10701	1	-94	-97	10
2015-01-06 13:12:31.162	10701	1	-94	-97	10	-4.21	32.23	3.086
2015-01-06 13:22:30.818	10701	1	-94	-97	10
2015-01-06 13:27:31.154	10701	1	-94	-97	10	-4.66	32.42	3.086
2015-01-06 13:42:30.807	10701	1	-94	-97	10
2015-01-06 13:42:31.146	10701	1	-94	-97	10	-4.18	33.59	3.077
2015-01-06 13:52:30.802	10701	1	-94	-97	10
2015-01-06 13:57:31.135	10701	1	-94	-97	10	-3.96	32.58	3.086
2015-01-06 14:12:31.13	10701	1	-94	-94	10	-4.25	32.84	3.086
2015-01-06 14:22:30.786	10701	1	-94	-97	10
2015-01-06 14:22:30.795	10701	1	-94	-97	10
2015-01-06 14:27:31.119	10701	1	-94	-94	10	-4.66	32.71	3.086
2015-01-06 14:42:31.111	10701	1	-94	-97	10	-5.28	33.1	3.094
2015-01-06 14:52:30.767	10701	1	-94	-97	10
2015-01-06 14:57:31.106	10701	1	-94	-94	10	-5.38	33.28	3.094
2015-01-06 15:02:30.763	10701	1	-94	-97	10
2015-01-06 15:12:31.094	10701	1	-94	-97	10	-5.38	33.06	3.094
2015-01-06 15:22:30.754	10701	1	-94	-97	10
2015-01-06 15:27:31.087	10701	1	-94	-97	10	-5.78	32.86	3.086
2015-01-06 15:42:30.745	10701	1	-94	-97	10
2015-01-06 15:42:31.094	10701	1	-94	-97	10	-6.14	32.86	3.077
2015-01-06 15:52:30.743	10701	1	-94	-97	10
2015-01-06 15:57:31.078	10701	1	-94	-97	10	-6.36	33.09	3.086
2015-01-06 16:12:31.071	10701	1	-94	-94	10	-6.5	32.92	3.094
2015-01-06 16:22:30.731	10701	1	-94	-97	10
2015-01-06 16:22:30.746	10701	1	-94	-97	10
2015-01-06 16:27:31.066	10701	1	-94	-94	10	-6.75	32.7	3.086
2015-01-06 16:42:31.062	10701	1	-94	-94	10	-7.14	32.6	3.086
2015-01-06 16:52:30.723	10701	1	-94	-97	10
2015-01-06 16:57:31.058	10701	1	-94	-97	10	-7.48	32.57	3.086
2015-01-06 17:02:30.723	10701	1	-94	-97	10
2015-01-06 17:12:31.062	10701	1	-94	-97	10	-7.76	32.51	3.086
2015-01-06 17:22:30.719	10701	1	-94	-97	10
2015-01-06 17:27:31.054	10701	1	-94	-97	10	-7.96	32.4	3.086
2015-01-06 17:42:30.718	10701	1	-94	-97	10
2015-01-06 17:42:31.054	10701	1	-94	-97	10	-8.08	32.39	3.077
2015-01-06 17:52:30.719	10701	1	-94	-97	10
2015-01-06 17:57:31.054	10701	1	-94	-97	10	-8.14	32.32	3.086
2015-01-06 18:12:31.147	10701	1	-94	-97	10	-8.22	32.28	3.086
2015-01-06 18:22:30.727	10701	1	-94	-97	10
2015-01-06 18:22:30.744	10701	1	-94	-97	10
2015-01-06 18:27:31.051	10701	1	-94	-97	10	-8.26	32.31	3.077
2015-01-06 18:42:31.054	10701	1	-94	-97	10	-8.32	32.24	3.077
2015-01-06 18:52:30.73	10701	1	-94	-97	10
2015-01-06 18:57:31.054	10701	1	-94	-97	10	-8.37	32.17	3.077
2015-01-06 19:02:30.714	10701	1	-94	-97	10
2015-01-06 19:12:31.054	10701	1	-94	-97	10	-8.5	32.09	3.077
2015-01-06 19:22:30.715	10701	1	-94	-97	10
2015-01-06 19:27:31.05	10701	1	-94	-97	10	-8.66	32.05	3.077
2015-01-06 19:42:30.712	10701	1	-94	-97	10
2015-01-06 19:42:31.05	10701	1	-94	-97	10	-8.92	31.99	3.069
2015-01-06 19:52:30.718	10701	1	-94	-97	10
2015-01-06 19:57:31.05	10701	1	-94	-97	10	-9.1	32.04	3.077
2015-01-06 20:12:31.054	10701	1	-94	-97	10	-9.26	32.02	3.077
2015-01-06 20:22:30.718	10701	1	-94	-97	10
2015-01-06 20:22:30.739	10701	1	-94	-97	10
2015-01-06 20:27:31.054	10701	1	-94	-94	10	-9.46	31.97	3.069
2015-01-06 20:42:31.054	10701	1	-94	-97	10	-9.6	32.05	3.069
2015-01-06 20:52:30.719	10701	1	-94	-97	10
2015-01-06 20:57:31.051	10701	1	-94	-97	10	-9.52	32.12	3.069
2015-01-06 21:02:30.719	10701	1	-94	-97	10
2015-01-06 21:12:31.059	10701	1	-94	-97	10	-9.6	31.93	3.069
2015-01-06 21:22:30.723	10701	1	-94	-97	10
2015-01-06 21:27:31.062	10701	1	-94	-97	10	-9.69	31.92	3.069
2015-01-06 21:42:30.73	10701	1	-94	-97	10
2015-01-06 21:42:31.059	10701	1	-94	-97	10	-9.74	31.91	3.052
2015-01-06 21:52:30.727	10701	1	-94	-97	10
2015-01-06 21:57:31.063	10701	1	-94	-97	10	-9.74	31.91	3.069
2015-01-06 22:12:31.062	10701	1	-94	-97	10	-9.72	31.88	3.06
2015-01-06 22:22:30.74	10701	1	-94	-97	10
2015-01-06 22:22:30.763	10701	1	-94	-97	10
2015-01-06 22:27:31.067	10701	1	-94	-94	10	-9.69	31.85	3.06
2015-01-06 22:42:31.07	10701	1	-94	-97	10	-9.69	31.85	3.06
2015-01-06 22:52:30.735	10701	1	-94	-97	10
2015-01-06 22:57:31.071	10701	1	-94	-97	10	-9.71	31.82	3.06
2015-01-06 23:02:30.743	10701	1	-94	-97	10
2015-01-06 23:12:31.07	10701	1	-94	-94	10	-9.73	31.79	3.06
2015-01-06 23:22:30.735	10701	1	-94	-97	10
2015-01-06 23:27:31.075	10701	1	-94	-97	10	-9.78	31.78	3.06
2015-01-06 23:42:30.739	10701	1	-94	-97	10
2015-01-06 23:42:31.078	10701	1	-94	-97	10	-9.86	31.71	3.044
2015-01-06 23:52:30.743	10701	1	-94	-97	10
2015-01-06 23:57:31.075	10701	1	-94	-94	10	-9.96	31.7	3.06
2015-01-07 00:12:31.079	10701	1	-94	-97	10	-10.02	31.76	3.06
2015-01-07 00:22:30.743	10701	1	-94	-97	10
2015-01-07 00:22:30.763	10701	1	-94	-97	10
2015-01-07 00:27:31.082	10701	1	-94	-94	10	-10.06	31.76	3.052
2015-01-07 00:42:31.094	10701	1	-94	-94	10	-10.06	31.79	3.052
2015-01-07 00:52:30.791	10701	1	-94	-97	10
2015-01-07 00:57:31.591	10701	1	-94	-94	10	-10.05	31.76	2.964
2015-01-07 01:02:30.754	10701	1	-94	-97	10
2015-01-07 01:12:31.094	10701	1	-94	-97	10	-10.06	31.72	3.052
2015-01-07 01:22:30.755	10701	1	-94	-97	10
2015-01-07 01:27:31.094	10701	1	-94	-97	10	-10.12	31.69	3.052
2015-01-07 01:42:30.766	10701	1	-94	-97	10
2015-01-07 01:42:31.098	10701	1	-94	-97	10	-10.22	31.68	3.036
2015-01-07 01:52:30.767	10701	1	-94	-97	10
2015-01-07 01:57:31.102	10701	1	-94	-97	10	-10.32	31.6	3.044
2015-01-07 02:12:31.106	10701	1	-94	-97	10	-10.48	31.56	3.052
2015-01-07 02:22:30.774	10701	1	-94	-97	10
2015-01-07 02:22:30.794	10701	1	-94	-97	10
2015-01-07 02:27:31.11	10701	1	-94	-97	10	-10.64	31.57	3.044
2015-01-07 02:42:31.366	10701	1	-94	-97	10	-10.72	31.63	3.044
2015-01-07 02:52:31.038	10701	1	-94	-97	10
2015-01-07 02:57:31.37	10701	1	-94	-94	10	-10.76	31.63	3.044
2015-01-07 03:02:31.034	10701	1	-94	-97	10
2015-01-07 03:12:31.376	10701	1	-94	-97	10	-10.8	31.56	3.044
2015-01-07 03:22:31.043	10701	1	-94	-94	10
2015-01-07 03:27:31.374	10701	1	-94	-97	10	-10.86	31.52	3.036
2015-01-07 03:42:31.05	10701	1	-94	-97	10
2015-01-07 03:42:31.384	10701	1	-94	-97	10	-10.94	31.48	3.027
2015-01-07 03:52:31.054	10701	1	-94	-97	10
2015-01-07 03:57:31.403	10701	1	-94	-97	10	-10.98	31.45	3.044
2015-01-07 04:12:31.419	10701	1	-94	-97	10	-11.06	31.38	3.044
2015-01-07 04:22:31.07	10701	1	-94	-97	10
2015-01-07 04:22:31.078	10701	1	-94	-97	10
2015-01-07 04:27:31.398	10701	1	-94	-94	10	-11.24	31.3	3.036
2015-01-07 04:42:31.406	10701	1	-94	-97	10	-11.42	31.31	3.036
2015-01-07 04:52:31.075	10701	1	-94	-97	10
2015-01-07 04:57:31.411	10701	1	-94	-97	10	-11.58	31.33	3.036
2015-01-07 05:02:31.078	10701	1	-94	-97	10
2015-01-07 05:12:31.418	10701	1	-94	-97	10	-11.6	31.36	3.036
2015-01-07 05:22:31.103	10701	1	-94	-97	10
2015-01-07 05:27:31.427	10701	1	-94	-97	10	-11.64	31.35	3.036
2015-01-07 05:42:31.108	10701	1	-94	-97	10
2015-01-07 05:42:31.426	10701	1	-94	-97	10	-11.7	31.28	3.011
2015-01-07 05:52:31.099	10701	1	-94	-97	10
2015-01-07 05:57:31.435	10701	1	-94	-97	10	-11.78	31.28	3.036
2015-01-07 06:12:31.443	10701	1	-94	-97	10	-11.82	31.27	3.027
2015-01-07 06:22:31.118	10701	1	-94	-97	10
2015-01-07 06:22:31.126	10701	1	-94	-97	10
2015-01-07 06:27:31.451	10701	1	-94	-97	10	-11.84	31.27	3.027
2015-01-07 06:42:31.458	10701	1	-94	-94	10	-11.9	31.17	3.027
2015-01-07 06:52:31.126	10701	1	-94	-97	10
2015-01-07 06:57:31.463	10701	1	-94	-97	10	-11.95	31.2	3.027
2015-01-07 07:02:31.131	10701	1	-94	-97	10
2015-01-07 07:12:31.471	10701	1	-94	-97	10	-12.04	31.09	3.027
2015-01-07 07:22:31.139	10701	1	-94	-97	10
2015-01-07 07:27:31.474	10701	1	-94	-97	10	-12.13	31.12	3.027
2015-01-07 07:42:31.151	10701	1	-94	-97	10
2015-01-07 07:42:31.484	10701	1	-94	-97	10	-12.24	31.11	3.011
2015-01-07 07:52:31.155	10701	1	-94	-97	10
2015-01-07 07:57:31.494	10701	1	-94	-97	10	-12.33	31.13	3.019
2015-01-07 08:12:31.502	10701	1	-94	-94	10	-12.34	31.23	3.019
2015-01-07 08:22:31.17	10701	1	-94	-97	10
2015-01-07 08:22:31.19	10701	1	-94	-97	10
2015-01-07 08:27:31.506	10701	1	-94	-97	10	-12.26	31.26	3.019
2015-01-07 08:42:31.514	10701	1	-94	-97	10	-11.96	31.45	3.019
2015-01-07 08:52:31.183	10701	1	-94	-97	10
2015-01-07 08:57:31.523	10701	1	-94	-97	10	-11.6	31.39	3.019
2015-01-07 09:02:31.186	10701	1	-94	-97	10
2015-01-07 09:12:31.527	10701	1	-94	-97	18	-11.3	31.19	3.011
2015-01-07 09:22:31.194	10701	1	-94	-97	16
2015-01-07 09:27:31.53	10701	1	-94	-97	15	-11.0	31.16	3.011
2015-01-07 09:42:31.206	10701	1	-94	-97	13
2015-01-07 09:42:31.539	10701	1	-94	-97	13	-10.64	31.51	2.995
2015-01-07 09:52:31.206	10701	1	-94	-97	12
2015-01-07 09:57:31.543	10701	1	-94	-97	11	-10.19	32.25	3.011
2015-01-07 10:12:31.546	10701	1	-94	-94	11	-9.16	31.07	3.011
2015-01-07 10:22:31.234	10701	1	-94	-97	10
2015-01-07 10:22:31.25	10701	1	-94	-97	10
2015-01-07 10:27:31.55	10701	1	-94	-94	10	-9.36	31.12	3.011
2015-01-07 10:42:31.562	10701	1	-94	-94	10	-9.52	31.26	3.011
2015-01-07 10:52:31.219	10701	1	-94	-97	10
2015-01-07 10:57:31.554	10701	1	-94	-97	10	-9.52	31.74	3.011
2015-01-07 11:02:31.219	10701	1	-94	-97	10
2015-01-07 11:12:31.79	10701	1	-94	-97	10	-9.4	32.39	3.011
2015-01-07 11:22:31.223	10701	1	-94	-97	10
2015-01-07 11:27:31.559	10701	1	-94	-97	10	-8.58	32.85	3.011
2015-01-07 11:42:31.226	10701	1	-94	-94	10
2015-01-07 11:42:31.555	10701	1	-94	-97	10	-8.31	32.05	2.995
2015-01-07 11:52:31.223	10701	1	-94	-97	10
2015-01-07 11:57:31.555	10701	1	-94	-97	10	-7.64	32.49	3.011
2015-01-07 12:12:31.555	10701	1	-91	-97	10	-8.3	31.6	3.011
2015-01-07 12:22:31.246	10701	1	-94	-97	10
2015-01-07 12:22:31.9	10701	1	-94	-97	10
2015-01-07 12:27:31.555	10701	1	-94	-97	10	-8.94	32.75	3.011
2015-01-07 12:42:31.556	10701	1	-94	-94	10	-9.1	32.48	3.011
2015-01-07 12:52:31.218	10701	1	-94	-97	10
2015-01-07 12:57:31.554	10701	1	-94	-97	10	-9.74	32.23	3.011
2015-01-07 13:02:31.218	10701	1	-94	-97	10
2015-01-07 13:12:31.555	10701	1	-94	-97	10	-10.36	32.43	3.011
2015-01-07 13:22:31.223	10701	1	-94	-94	10
2015-01-07 13:27:31.562	10701	1	-94	-97	10	-10.66	35.17	3.011
2015-01-07 13:42:31.227	10701	1	-94	-97	10
2015-01-07 13:42:31.574	10701	1	-94	-97	10	-9.69	31.92	2.995
2015-01-07 13:52:31.234	10701	1	-94	-97	10
2015-01-07 13:57:31.558	10701	1	-94	-91	10	-9.44	35.04	3.011
2015-01-07 14:12:31.566	10701	1	-94	-97	10	-8.66	34.81	3.011
2015-01-07 14:22:31.294	10701	1	-94	-97	10
2015-01-07 14:22:31.326	10701	1	-94	-97	10
2015-01-07 14:27:31.575	10701	1	-94	-97	10	-8.42	32.52	3.011
2015-01-07 14:42:31.57	10701	1	-94	-97	10	-9.41	33.78	3.011
2015-01-07 14:52:31.23	10701	1	-94	-97	10
2015-01-07 14:57:31.563	10701	1	-91	-97	10	-10.19	33.08	3.011
2015-01-07 15:02:31.234	10701	1	-94	-97	10
2015-01-07 15:12:31.57	10701	1	-94	-97	10	-10.44	33.24	3.011
2015-01-07 15:22:31.235	10701	1	-94	-97	10
2015-01-07 15:27:31.571	10701	1	-94	-97	10	-10.44	33.65	3.011
2015-01-07 15:42:31.242	10701	1	-94	-97	10
2015-01-07 15:42:31.575	10701	1	-94	-97	10	-11.12	32.8	2.995
2015-01-07 15:52:31.246	10701	1	-94	-97	10
2015-01-07 15:57:31.575	10701	1	-94	-94	10	-11.04	33.66	3.003
2015-01-07 16:12:31.587	10701	1	-94	-97	10	-11.3	32.37	3.003
2015-01-07 16:22:31.256	10701	1	-94	-97	10
2015-01-07 16:22:31.267	10701	1	-94	-97	10
2015-01-07 16:27:31.643	10701	1	-94	-94	10	-11.66	32.18	3.003
2015-01-07 16:42:31.599	10701	1	-94	-97	10	-12.52	32.22	3.003
2015-01-07 16:52:31.266	10701	1	-94	-97	10
2015-01-07 16:57:31.618	10701	1	-94	-94	10	-13.08	32.23	3.003
2015-01-07 17:02:31.274	10701	1	-94	-97	10
2015-01-07 17:12:31.615	10701	1	-94	-97	10	-13.55	32.12	3.003
2015-01-07 17:22:31.298	10701	1	-94	-97	10
2015-01-07 17:27:31.623	10701	1	-94	-97	10	-13.88	31.94	3.003
2015-01-07 17:42:31.299	10701	1	-94	-94	10
2015-01-07 17:42:31.634	10701	1	-94	-97	10	-14.26	31.74	2.972
2015-01-07 17:52:31.311	10701	1	-94	-97	10
2015-01-07 17:57:31.648	10701	1	-94	-97	10	-14.5	31.59	2.995
2015-01-07 18:12:31.663	10701	1	-94	-97	10	-14.74	31.48	2.995
2015-01-07 18:22:31.338	10701	1	-94	-97	10
2015-01-07 18:22:31.351	10701	1	-94	-97	10
2015-01-07 18:27:31.674	10701	1	-94	-94	10	-14.78	31.35	2.995
2015-01-07 18:42:31.69	10701	1	-94	-94	10	-14.98	31.11	2.987
2015-01-07 18:52:31.367	10701	1	-94	-94	10
2015-01-07 18:57:31.707	10701	1	-94	-97	10	-15.24	31.02	2.987
2015-01-07 19:02:31.375	10701	1	-94	-97	10
2015-01-07 19:12:31.722	10701	1	-94	-97	10	-15.32	31.01	2.987
2015-01-07 19:22:31.399	10701	1	-94	-97	10
2015-01-07 19:27:31.743	10701	1	-94	-97	10	-15.48	30.87	2.987
2015-01-07 19:42:35.023	10701	1	-94	-97	10
2015-01-07 19:42:35.778	10701	1	-94	-97	10
2015-01-07 19:42:36.567	10701	1	-94	-97	10
2015-01-07 19:42:36.866	10701	1	-94	-97	11	-15.57	30.9	2.925
2015-01-07 19:52:31.43	10701	1	-94	-97	10
2015-01-07 19:57:31.771	10701	1	-94	-97	10	-15.57	30.9	2.979
2015-01-07 20:12:31.787	10701	1	-94	-97	10	-15.66	30.76	2.979
2015-01-07 20:22:31.462	10701	1	-94	-97	10
2015-01-07 20:22:31.477	10701	1	-94	-97	10
2015-01-07 20:27:31.794	10701	1	-94	-97	10	-15.7	30.73	2.972
2015-01-07 20:42:31.818	10701	1	-94	-94	10	-15.65	30.73	2.972
2015-01-07 20:52:31.49	10701	1	-94	-97	13
2015-01-07 20:57:31.843	10701	1	-94	-97	12	-15.76	30.69	2.964
2015-01-07 21:02:31.504	10701	1	-94	-97	11
2015-01-07 21:12:31.846	10701	1	-94	-97	10	-15.8	30.65	2.972
2015-01-07 21:22:31.524	10701	1	-94	-97	10
2015-01-07 21:27:31.858	10701	1	-94	-97	10	-15.9	30.58	2.964
2015-01-07 21:42:31.551	10701	1	-94	-97	10
2015-01-07 21:42:31.871	10701	1	-94	-97	10	-16.04	30.57	2.903
2015-01-07 21:52:31.551	10701	1	-94	-97	10
2015-01-07 21:57:31.887	10701	1	-94	-97	10	-16.2	30.55	2.964
2015-01-07 22:12:31.907	10701	1	-94	-97	10	-16.33	30.54	2.964
2015-01-07 22:22:31.583	10701	1	-94	-97	10
2015-01-07 22:22:31.599	10701	1	-94	-97	10
2015-01-07 22:27:31.925	10701	1	-94	-94	10	-16.42	30.57	2.964
2015-01-07 22:42:31.94	10701	1	-94	-97	10	-16.44	30.56	2.964
2015-01-07 22:52:31.623	10701	1	-94	-97	10
2015-01-07 22:57:31.959	10701	1	-94	-94	10	-16.6	30.46	2.956
2015-01-07 23:02:31.628	10701	1	-94	-97	10
2015-01-07 23:12:31.98	10701	1	-94	-97	10	-16.98	30.48	2.956
2015-01-07 23:22:31.655	10701	1	-94	-97	10
2015-01-07 23:27:31.994	10701	1	-94	-97	10	-17.06	30.54	2.956
2015-01-07 23:42:31.678	10701	1	-94	-97	10
2015-01-07 23:42:32.015	10701	1	-94	-97	10	-17.19	30.65	2.933
2015-01-07 23:52:31.694	10701	1	-94	-97	10
2015-01-07 23:57:32.035	10701	1	-94	-97	10	-17.24	30.52	2.956
2015-01-08 00:12:32.054	10701	1	-94	-97	10	-17.56	30.49	2.948
2015-01-08 00:22:31.735	10701	1	-94	-97	10
2015-01-08 00:22:31.751	10701	1	-94	-97	10
2015-01-08 00:27:32.074	10701	1	-94	-97	10	-17.76	30.48	2.948
2015-01-08 00:42:32.095	10701	1	-94	-97	10	-17.9	30.43	2.948
2015-01-08 00:52:31.778	10701	1	-94	-97	10
2015-01-08 00:57:32.118	10701	1	-94	-97	10	-18.06	30.51	2.948
2015-01-08 01:02:31.798	10701	1	-94	-97	10
2015-01-08 01:12:32.143	10701	1	-94	-97	10	-18.24	30.49	2.948
2015-01-08 01:22:31.823	10701	1	-94	-97	10
2015-01-08 01:27:32.158	10701	1	-94	-97	10	-18.3	30.52	2.94
2015-01-08 01:42:31.851	10701	1	-94	-97	10
2015-01-08 01:42:32.186	10701	1	-94	-97	10	-18.28	30.52	2.918
2015-01-08 01:52:31.871	10701	1	-94	-97	10
2015-01-08 01:57:32.211	10701	1	-94	-97	10	-18.24	30.49	2.933
2015-01-08 02:12:32.235	10701	1	-94	-97	10	-18.04	30.51	2.933
2015-01-08 02:22:31.918	10701	1	-94	-97	10
2015-01-08 02:22:31.931	10701	1	-94	-97	10
2015-01-08 02:27:32.267	10701	1	-94	-97	10	-18.05	30.29	2.933
2015-01-08 02:42:32.275	10701	1	-94	-94	10	-18.18	30.25	2.933
2015-01-08 02:52:31.958	10701	1	-94	-97	10
2015-01-08 02:57:32.299	10701	1	-94	-94	10	-18.14	30.19	2.933
2015-01-08 03:02:31.97	10701	1	-94	-97	10
2015-01-08 03:12:32.322	10701	1	-94	-97	10	-18.2	30.18	2.925
2015-01-08 03:22:32.01	10701	1	-94	-97	10
2015-01-08 03:27:32.343	10701	1	-94	-97	10	-18.28	30.24	2.925
2015-01-08 03:42:32.038	10701	1	-94	-97	10
2015-01-08 03:42:32.363	10701	1	-94	-97	10	-18.34	30.17	2.903
2015-01-08 03:52:32.047	10701	1	-94	-97	10
2015-01-08 03:57:32.383	10701	1	-94	-97	10	-18.36	30.23	2.925
2015-01-08 04:12:32.41	10701	1	-94	-97	10	-18.48	30.13	2.918
2015-01-08 04:22:32.094	10701	1	-94	-97	10
2015-01-08 04:22:32.158	10701	1	-94	-97	10
2015-01-08 04:27:32.435	10701	1	-94	-94	10	-18.56	30.15	2.918
2015-01-08 04:42:32.455	10701	1	-94	-94	10	-18.58	30.21	2.918
2015-01-08 04:52:32.138	10701	1	-94	-97	10
2015-01-08 04:57:32.484	10701	1	-94	-97	10	-18.54	30.28	2.903
2015-01-08 05:02:32.152	10701	1	-94	-97	10
2015-01-08 05:12:32.502	10701	1	-94	-97	10	-18.24	30.31	2.918
2015-01-08 05:22:32.186	10701	1	-94	-94	10
2015-01-08 05:27:32.527	10701	1	-94	-97	10	-17.9	30.09	2.91
2015-01-08 05:42:32.215	10701	1	-94	-97	10
2015-01-08 05:42:32.554	10701	1	-94	-97	10	-17.88	29.87	2.888
2015-01-08 05:52:32.231	10701	1	-94	-97	10
2015-01-08 05:57:32.651	10701	1	-94	-97	10	-17.96	29.92	2.91
2015-01-08 06:12:32.595	10701	1	-94	-97	10	-18.0	29.89	2.903
2015-01-08 06:22:32.274	10701	1	-94	-97	10
2015-01-08 06:22:32.29	10701	1	-94	-97	10
2015-01-08 06:27:32.614	10701	1	-94	-94	10	-18.23	29.93	2.903
2015-01-08 06:42:32.642	10701	1	-94	-94	10	-18.34	30.01	2.903
2015-01-08 06:52:32.318	10701	1	-94	-97	10
2015-01-08 06:57:32.659	10701	1	-94	-97	10	-18.4	30.07	2.903
2015-01-08 07:02:32.331	10701	1	-94	-97	10
2015-01-08 07:12:32.683	10701	1	-94	-94	10	-18.46	30.07	2.895
2015-01-08 07:22:32.362	10701	1	-94	-97	10
2015-01-08 07:27:32.706	10701	1	-94	-97	10	-18.44	30.07	2.895
2015-01-08 07:42:32.394	10701	1	-94	-97	10
2015-01-08 07:42:32.73	10701	1	-94	-97	10	-18.56	29.96	2.873
2015-01-08 07:52:32.422	10701	1	-94	-97	10
2015-01-08 07:57:32.75	10701	1	-94	-97	10	-18.66	30.08	2.895
2015-01-08 08:12:32.775	10701	1	-94	-97	10	-18.51	30.16	2.888
2015-01-08 08:22:32.458	10701	1	-94	-97	10
2015-01-08 08:22:32.471	10701	1	-94	-97	10
2015-01-08 08:27:32.794	10701	1	-94	-97	10	-18.02	30.26	2.888
