result_time	node_id	parent_id	stats_frssi	stats_brssi	etx	temperature	humidity	voltage
2014-12-02 18:43:40.688	10701	11001	-73	-73	16	3.0	32.05	3.645
2014-12-02 19:03:36.619	10701	11001	-73	-97	20
2014-12-02 19:13:36.215	10701	11001	-70	-97	21	3.14	32.06	3.645
2014-12-02 19:23:38.694	10701	11001	-73	-97	19
2014-12-02 19:28:37.211	10701	11001	-73	-97	21	3.1	32.12	3.645
2014-12-02 19:43:37.175	10701	11001	-73	-97	21
2014-12-02 19:43:39.651	10701	11001	-73	-97	21	3.33	32.14	3.633
2014-12-02 19:53:37.679	10701	11001	-70	-97	40
2014-12-03 07:03:33.282	10701	11001	-70	-73	12
2014-12-03 07:13:36.278	10701	11001	-70	-97	15	3.39	32.74	3.633
2014-12-03 07:23:37.307	10701	11001	-70	-97	15
2014-12-03 07:28:43.354	10701	11001	-70	-97	18	3.35	32.74	3.633
2014-12-03 07:43:32.338	10701	11001	-70	-97	16
2014-12-03 07:43:40.29	10701	11001	-70	-97	16	3.32	32.7	3.633
2014-12-03 08:13:43.684	10701	11001	-70	-70	18	3.46	32.52	3.633
2014-12-03 08:23:34.219	10701	11001	-70	-70	28
2014-12-03 08:58:37.23	10701	11001	-70	-70	28	3.64	32.37	3.633
2014-12-03 09:03:33.115	10701	11001	-70	-97	25
2014-12-03 09:13:33.159	10701	11001	-70	-97	23	3.65	32.37	3.633
2014-12-03 09:23:37.247	10701	11001	-70	-97	22
2014-12-03 09:28:35.222	10701	11001	-70	-73	20	3.71	32.38	3.633
2014-12-03 09:43:32.707	10701	11001	-70	-97	19
2014-12-03 09:43:32.726	10701	11001	-70	-97	19	3.65	32.37	3.633
2014-12-03 10:53:32.126	10701	11001	-70	-97	16
2014-12-03 10:58:35.074	10701	11001	-70	-97	16	3.32	32.47	3.633
2014-12-03 11:28:32.063	10701	11001	-70	-70	26	3.39	32.28	3.633
2014-12-03 11:43:34.163	10701	11001	-70	-97	25
2014-12-03 11:43:34.199	10701	11001	-70	-97	27	3.33	32.34	3.633
2014-12-03 11:53:36.074	10701	11001	-70	-97	24
2014-12-03 11:58:39.183	10701	11001	-70	-97	26	3.25	32.4	3.633
2014-12-03 12:13:36.198	10701	11001	-70	-73	19	3.03	32.45	3.633
2014-12-03 12:43:35.099	10701	11001	-70	-97	15	3.06	32.55	3.633
2014-12-03 12:58:33.877	10701	11001	-70	-97	18	3.2	32.3	3.633
2014-12-03 13:03:34.458	10701	11001	-70	-97	17
2014-12-03 13:13:32.058	10701	11001	-70	-97	16	3.29	32.3	3.633
2014-12-03 13:23:43.475	10701	11001	-70	-97	16
2014-12-03 13:28:35.398	10701	11001	-70	-97	18	3.53	32.23	3.633
2014-12-03 13:43:44.53	10701	11001	-70	-97	30	3.61	32.14	3.621
2014-12-03 14:13:32.018	10701	11001	-70	-97	41	3.43	32.19	3.633
2014-12-03 14:23:33.222	10701	11001	-70	-97	34
2014-12-03 14:23:37.294	10701	11001	-73	-97	31
2014-12-03 14:28:32.98	10701	11001	-70	-97	29	3.38	32.28	3.633
2014-12-03 14:43:36.991	10701	11001	-70	-97	27	3.33	32.28	3.633
2014-12-03 14:53:34.167	10701	11001	-70	-73	22
2014-12-03 14:58:34.2	10701	11001	-70	-97	21	3.5	32.29	3.633
2014-12-03 15:03:31.742	10701	11001	-70	-97	22
2014-12-03 15:23:34.823	10701	11001	-70	-97	19
2014-12-03 15:28:35.902	10701	11001	-70	-97	18	3.61	32.27	3.633
2014-12-03 15:43:32.922	10701	11001	-70	-97	18
2014-12-03 15:43:32.942	10701	11001	-70	-97	17	3.54	32.16	3.621
2014-12-03 15:58:33.65	10701	11001	-70	-97	17	3.28	32.34	3.633
2014-12-03 16:13:31.871	10701	11001	-70	-97	22	3.1	32.39	3.633
2014-12-03 16:23:36.203	10701	11001	-70	-73	19
2014-12-03 16:23:36.215	10701	11001	-70	-97	22
2014-12-03 16:28:41.314	10701	11001	-70	-97	22	2.89	32.5	3.633
2014-12-03 16:58:35.415	10701	11001	-70	-97	21	2.06	32.82	3.633
2014-12-03 17:03:36.227	10701	11001	-73	-97	20
2014-12-03 17:43:35.758	10701	11001	-70	-97	20
2014-12-03 17:43:35.773	10701	11001	-70	-97	20	0.93	33.24	3.633
2014-12-03 17:53:39.818	10701	11001	-70	-97	18
2014-12-03 17:58:34.587	10701	11001	-70	-97	24	0.46	33.39	3.633
2014-12-03 20:13:31.702	10701	11001	-70	-97	22	-0.93	32.73	3.633
2014-12-03 20:23:31.235	10701	11001	-70	-73	21
2014-12-03 20:23:31.258	10701	11001	-70	-97	21
2014-12-03 20:28:32.31	10701	11001	-70	-97	21	-1.06	32.79	3.633
2014-12-03 20:43:31.646	10701	11001	-70	-70	19	-1.25	32.7	3.633
2014-12-03 20:53:37.25	10701	11001	-70	-97	19
2014-12-03 20:58:33.023	10701	11001	-70	-97	19	-1.48	32.81	3.633
2014-12-03 21:03:33.01	10701	11001	-70	-97	18
2014-12-03 22:28:31.871	10701	11001	-70	-70	12	-1.99	32.44	3.633
2014-12-03 22:53:32.924	10701	11001	-73	-97	13
2014-12-03 23:03:35.971	10701	11001	-70	-73	11
2014-12-04 04:28:35.707	10701	11001	-76	-76	10	-3.85	32.23	3.633
2014-12-04 04:43:30.991	10701	11001	-73	-97	11	-3.89	32.26	3.633
2014-12-04 04:58:31.499	10701	11001	-73	-76	10	-3.88	32.2	3.633
2014-12-04 05:03:34.791	10701	11001	-73	-97	10
2014-12-04 06:43:35.111	10701	11001	-73	-73	10	-3.68	31.89	3.633
2014-12-04 06:53:32.951	10701	11001	-73	-97	13
2014-12-04 06:58:33.051	10701	11001	-73	-97	12	-3.56	31.94	3.633
2014-12-04 07:03:36.851	10701	11001	-73	-97	12
2014-12-04 07:13:31.427	10701	11001	-73	-97	16	-3.43	31.82	3.621
2014-12-04 07:23:32.011	10701	11001	-73	-97	15
2014-12-04 07:28:31.071	10701	11001	-73	-97	16	-3.39	31.79	3.621
2014-12-04 07:43:31.382	10701	11001	-73	-97	15
2014-12-04 07:43:31.395	10701	11001	-73	-97	15	-3.29	31.77	3.621
2014-12-04 07:53:30.464	10701	11001	-73	-97	28
2014-12-04 07:58:33.604	10701	11001	-73	-97	28	-3.14	31.78	3.621
2014-12-04 08:13:32.423	10701	11001	-73	-76	25	-2.82	31.68	3.621
2014-12-04 08:23:31.926	10701	11001	-73	-97	23
2014-12-04 08:23:31.946	10701	11001	-73	-97	23
2014-12-04 08:28:31.967	10701	11001	-73	-97	22	-2.52	31.54	3.621
2014-12-04 08:43:34.415	10701	11001	-73	-97	22	-2.2	31.38	3.621
2014-12-04 08:53:37.307	10701	11001	-73	-97	22
2014-12-04 09:03:30.795	10701	11001	-73	-97	23
2014-12-04 09:13:31.407	10701	11001	-73	-73	20	-1.39	31.06	3.621
2014-12-04 09:23:31.13	10701	11001	-73	-97	18
2014-12-04 09:28:37.25	10701	11001	-73	-97	17	-0.92	30.97	3.621
2014-12-04 10:23:32.231	10701	11001	-73	-73	30
2014-12-04 10:53:33.838	10701	11001	-73	-73	28
2014-12-04 10:58:30.934	10701	11001	-73	-97	26	1.17	31.15	3.621
2014-12-04 11:58:31.546	10701	11001	-73	-73	26	3.92	30.73	3.621
2014-12-04 12:13:30.883	10701	11001	-70	-97	27	4.2	30.96	3.621
2014-12-04 12:23:32.259	10701	11001	-70	-97	23
2014-12-04 12:23:32.295	10701	11001	-70	-97	23
2014-12-04 12:58:37.274	10701	11001	-73	-97	20	4.75	30.87	3.621
2014-12-04 12:58:38.478	10701	11001	-73	-97	20	4.75	30.87	3.621
2014-12-04 12:58:39.474	10701	11001	-73	-97	20	4.75	30.87	3.621
2014-12-04 13:13:31.739	10701	11001	-70	-97	19	4.51	31.19	3.621
2014-12-04 13:23:32.735	10701	11001	-73	-97	27
2014-12-04 13:28:34.803	10701	11001	-70	-97	26	4.57	31.52	3.621
2014-12-04 13:43:30.03	10701	11001	-73	-97	19
2014-12-04 13:43:33.087	10701	11001	-70	-97	19	4.64	31.5	3.621
2014-12-04 13:53:38.314	10701	11001	-70	-97	17
2014-12-04 13:58:38.303	10701	11001	-70	-97	17	4.64	31.33	3.621
2014-12-04 14:13:31.623	10701	11001	-70	-70	13	4.21	31.69	3.621
2014-12-04 14:23:33.411	10701	11001	-70	-73	13
2014-12-04 14:23:33.427	10701	11001	-73	-97	13
2014-12-04 14:28:31.375	10701	11001	-70	-73	12	3.85	31.93	3.621
2014-12-04 18:23:41.346	10701	11001	-73	-73	10
2014-12-05 00:53:36.11	10701	11001	-73	-76	11
2014-12-05 10:53:29.95	10701	11001	-70	-73	11
2014-12-05 11:43:44.094	10701	11001	-73	-73	11	3.68	32.01	3.621
2014-12-05 11:53:30.183	10701	11001	-73	-97	11
2014-12-05 12:23:34.974	10701	11001	-73	-97	11
2014-12-05 12:23:38.57	10701	11001	-73	-97	11
2014-12-05 12:23:39.058	10701	11001	-73	-97	11
2014-12-05 12:23:40.19	10701	11001	-73	-97	11
2014-12-05 12:23:40.646	10701	11001	-73	-97	12
2014-12-05 12:53:32.667	10701	11001	-73	-73	13
2014-12-05 12:53:33.392	10701	11001	-73	-73	13
2014-12-05 12:53:34.527	10701	11001	-73	-73	13
2014-12-05 13:03:35.854	10701	11001	-73	-97	16
2014-12-05 15:13:30.086	10701	11001	-73	-97	23	4.71	32.17	3.621
2014-12-05 15:23:30.734	10701	11001	-73	-97	25
2014-12-05 15:43:36.13	10701	11001	-73	-76	27
2014-12-05 15:43:39.019	10701	11001	-73	-97	33	4.64	32.4	3.61
2014-12-05 16:13:31.003	10701	11001	-73	-97	33	4.75	32.44	3.621
2014-12-05 16:23:30.77	10701	11001	-73	-97	32
2014-12-05 16:23:30.782	10701	11001	-73	-97	32
2014-12-05 16:28:28.81	10701	11001	-73	-97	31	4.68	32.5	3.621
2014-12-05 16:43:29.846	10701	11001	-73	-97	31	4.61	32.59	3.621
2014-12-05 16:53:34.546	10701	11001	-73	-97	29
2014-12-05 16:58:30.623	10701	11001	-73	-73	27	4.64	32.66	3.621
2014-12-05 17:03:29.31	10701	11001	-73	-97	27
2014-12-05 17:43:29.886	10701	11001	-73	-76	46
2014-12-05 17:43:29.903	10701	11001	-73	-97	46	4.74	32.6	3.621
2014-12-07 21:58:24.09	10701	11001	-70	-70	10	-0.6	32.7	3.621
2014-12-07 22:23:30.51	10701	11001	-70	-97	10
2014-12-07 22:23:30.521	10701	11001	-70	-97	10
2014-12-07 22:28:28.547	10701	11001	-70	-97	10	-0.81	32.62	3.621
2014-12-07 22:43:27.738	10701	11001	-70	-73	10	-0.67	32.66	3.621
2014-12-07 22:53:26.43	10701	11001	-70	-97	10
2014-12-07 22:58:25.367	10701	11001	-70	-70	10	-0.71	32.59	3.621
2014-12-07 23:03:25.439	10701	11001	-70	-97	11
2014-12-07 23:13:35.259	10701	11001	-70	-97	14	-0.71	32.53	3.621
2014-12-07 23:43:32.075	10701	11001	-70	-70	28
2014-12-08 02:13:26.03	10701	11001	-73	-97	28	-2.0	32.24	3.61
2014-12-08 02:28:24.002	10701	11001	-73	-73	26	-1.89	32.19	3.61
2014-12-08 02:43:23.938	10701	11001	-73	-97	26	-1.89	32.16	3.61
2014-12-08 20:13:27.022	10701	11001	-70	-73	10	2.0	32.48	3.61
2014-12-08 20:23:22.45	10701	11001	-70	-73	10
2014-12-08 20:23:22.467	10701	11001	-70	-97	10
2014-12-08 20:43:25.127	10701	11001	-70	-73	10	1.96	32.48	3.61
2014-12-08 20:58:24.47	10701	11001	-73	-97	10	1.92	32.54	3.61
2014-12-08 21:23:23.471	10701	11001	-70	-70	10
2014-12-08 21:28:32.602	10701	11001	-70	-70	10	1.7	32.59	3.61
2014-12-08 21:53:23.174	10701	11001	-70	-97	11
2014-12-09 08:13:22.783	10701	11001	-70	-97	10	-0.78	32.49	3.61
2014-12-09 08:23:22.911	10701	11001	-73	-73	10
2014-12-09 08:23:22.93	10701	11001	-73	-97	10
2014-12-09 08:28:21.986	10701	11001	-73	-97	10	-0.32	32.14	3.61
2014-12-09 08:43:25.735	10701	11001	-73	-97	18	-0.17	32.15	3.61
2014-12-09 08:53:25.295	10701	11001	-73	-97	20
2014-12-09 08:58:23.278	10701	11001	-70	-97	20	0.22	32.84	3.61
2014-12-09 09:03:27.071	10701	11001	-70	-97	20
2014-12-09 09:13:21.663	10701	11001	-70	-97	23	1.21	33.16	3.61
2014-12-09 09:23:24.342	10701	11001	-70	-73	23
2014-12-09 09:28:30.399	10701	11001	-70	-97	23	2.75	34.16	3.61
2014-12-09 09:43:22.612	10701	11001	-70	-97	23
2014-12-09 09:43:22.627	10701	11001	-70	-97	23	2.57	32.4	3.598
2014-12-09 10:53:27.926	10701	11001	-73	-70	20
2014-12-09 11:23:26.067	10701	11001	-70	-97	21
2014-12-09 12:23:21.922	10701	11001	-70	-97	21
2014-12-09 16:58:23.515	10701	11001	-70	-73	21	5.86	33.83	3.61
2014-12-09 17:03:23.462	10701	11001	-70	-97	20
2014-12-09 17:13:20.334	10701	11001	-70	-97	20	5.6	33.74	3.61
2014-12-10 06:53:19.799	10701	11001	-70	-73	24
2014-12-10 07:03:19.264	10701	11001	-70	-97	22
2014-12-10 08:23:29.195	10701	11001	-70	-73	16
2014-12-10 09:43:19.899	10701	11001	-70	-70	20
2014-12-10 09:53:19.231	10701	11001	-70	-73	22
2014-12-10 09:58:20.899	10701	11001	-73	-97	20	0.92	32.51	3.598
2014-12-10 10:13:19.278	10701	11001	-70	-97	18	0.78	32.5	3.598
2014-12-10 10:23:19.083	10701	11001	-73	-97	17
2014-12-10 10:23:19.131	10701	11001	-73	-97	17
2014-12-10 10:28:18.859	10701	11001	-70	-97	16	0.7	32.49	3.598
2014-12-10 10:43:19.683	10701	11001	-70	-97	15	0.65	32.46	3.598
2014-12-10 10:53:22.886	10701	11001	-70	-97	13
2014-12-10 10:58:19.63	10701	11001	-70	-97	16	0.61	32.42	3.598
2014-12-10 11:03:22.107	10701	11001	-70	-97	16
2014-12-10 11:13:24.879	10701	11001	-73	-97	16	0.56	32.38	3.598
2014-12-10 11:23:19.466	10701	11001	-70	-73	19
2014-12-10 11:28:19.391	10701	11001	-70	-97	19	0.43	32.34	3.598
2014-12-10 11:43:19.531	10701	11001	-73	-97	21
2014-12-10 11:43:22.639	10701	11001	-70	-97	21	0.33	32.4	3.587
2014-12-10 11:53:20.935	10701	11001	-70	-97	26
2014-12-10 11:58:19.178	10701	11001	-70	-97	25	0.29	32.33	3.598
2014-12-10 12:13:19.607	10701	11001	-70	-97	23	0.29	32.29	3.598
2014-12-10 12:23:20.13	10701	11001	-70	-97	23
2014-12-10 12:23:20.148	10701	11001	-70	-97	21
2014-12-10 12:28:20.662	10701	11001	-73	-73	19	0.14	32.31	3.598
2014-12-10 12:43:19.231	10701	11001	-70	-97	18	0.13	32.28	3.598
2014-12-10 12:53:18.59	10701	11001	-70	-70	17
2014-12-10 12:58:23.31	10701	11001	-70	-97	17	0.06	32.24	3.598
2014-12-10 13:03:19.751	10701	11001	-70	-97	17
2014-12-10 13:13:25.094	10701	11001	-70	-97	16	-0.07	32.23	3.598
2014-12-10 13:13:27.435	10701	11001	-70	-97	16	-0.07	32.23	3.598
2014-12-10 13:13:29.526	10701	11001	-70	-97	16	-0.07	32.23	3.598
2014-12-10 13:23:19.586	10701	11001	-70	-97	21
2014-12-10 13:28:24.031	10701	11001	-70	-97	20	-0.11	32.19	3.598
2014-12-10 13:43:21.186	10701	11001	-70	-97	20
2014-12-10 13:43:21.214	10701	11001	-70	-97	19	-0.25	32.21	3.587
2014-12-10 14:28:18.85	10701	11001	-70	-70	38	-0.5	32.19	3.598
2014-12-10 14:53:19.535	10701	11001	-70	-97	38
2014-12-10 15:13:20.667	10701	11001	-70	-70	38	-0.46	32.06	3.598
2014-12-10 15:58:19.19	10701	11001	-70	-97	32	-0.63	32.04	3.598
2014-12-10 16:23:19.954	10701	11001	-67	-97	30
2014-12-10 16:23:19.971	10701	11001	-70	-97	30
2014-12-10 16:28:21.935	10701	11001	-67	-67	29	-0.82	32.09	3.598
2014-12-10 16:43:19.614	10701	11001	-67	-97	23	-0.82	32.06	3.598
2014-12-10 16:53:21.603	10701	11001	-70	-97	23
2014-12-10 16:58:18.279	10701	11001	-67	-67	24	-0.88	32.05	3.598
2014-12-10 17:03:24.292	10701	11001	-70	-97	25
2014-12-10 17:13:20.891	10701	11001	-70	-97	23	-0.88	32.02	3.598
2014-12-10 17:23:23.414	10701	11001	-67	-97	21
2014-12-10 17:28:20.486	10701	11001	-70	-97	21	-0.88	31.99	3.598
2014-12-10 17:43:19.214	10701	11001	-70	-97	21
2014-12-10 17:43:19.315	10701	11001	-70	-97	21	-0.86	32.02	3.587
2014-12-10 17:43:20.939	10701	11001	-70	-97	21	-0.86	32.02	3.587
2014-12-10 17:53:18.867	10701	11001	-70	-97	20
2014-12-10 18:13:19.886	10701	11001	-70	-97	19	-0.86	32.02	3.598
2014-12-10 18:23:20.543	10701	11001	-70	-97	15
2014-12-10 19:03:22.231	10701	11001	-70	-70	23
2014-12-10 19:13:26.415	10701	11001	-70	-70	19	-0.81	31.96	3.598
2014-12-10 19:23:18.47	10701	11001	-70	-70	19
2014-12-10 19:28:23.379	10701	11001	-70	-97	18	-0.82	31.96	3.598
2014-12-10 19:43:18.775	10701	11001	-67	-70	19
2014-12-10 19:43:18.8	10701	11001	-70	-97	19	-0.82	31.96	3.587
2014-12-10 19:53:23.867	10701	11001	-70	-97	18
2014-12-10 19:58:22.86	10701	11001	-70	-97	18	-0.82	31.96	3.598
2014-12-10 20:13:18.847	10701	11001	-67	-70	17	-0.89	31.95	3.598
2014-12-10 20:23:32.543	10701	11001	-70	-97	17
2014-12-10 20:43:22.766	10701	11001	-70	-70	17	-0.96	32.01	3.598
2014-12-10 21:03:25.167	10701	11001	-70	-97	17
2014-12-10 21:23:21.258	10701	11001	-70	-70	15
2014-12-10 21:43:17.71	10701	11001	-70	-67	15
2014-12-10 21:53:18.834	10701	11001	-70	-97	15
2014-12-10 21:58:19.839	10701	11001	-67	-97	15	-1.16	31.96	3.598
2014-12-10 22:13:18.734	10701	11001	-67	-97	15	-1.21	31.99	3.598
2014-12-10 22:23:18.538	10701	11001	-70	-97	22
2014-12-10 22:23:18.547	10701	11001	-70	-97	22
2014-12-10 22:28:18.534	10701	11001	-70	-70	18	-1.21	31.96	3.587
2014-12-10 22:43:18.834	10701	11001	-67	-67	16	-1.27	31.99	3.598
2014-12-10 22:58:18.506	10701	11001	-70	-70	16	-1.29	31.98	3.598
2014-12-10 23:13:19.094	10701	11001	-70	-97	16	-1.34	31.95	3.598
2014-12-10 23:13:20.802	10701	11001	-70	-97	16	-1.34	31.95	3.598
2014-12-11 01:13:18.595	10701	11001	-70	-70	10	-1.73	31.88	3.587
2014-12-11 01:23:19.71	10701	11001	-70	-97	18
2014-12-11 14:13:19.37	10701	11001	-70	-70	10	-0.89	31.4	3.575
2014-12-11 14:13:19.478	10701	11001	-70	-70	10	-0.89	31.4	3.575
2014-12-11 14:28:21.723	10701	11001	-70	-67	10	-0.74	31.44	3.575
2014-12-13 07:23:20.214	10701	11001	-70	-70	10
2014-12-13 08:13:18.475	10701	11001	-67	-70	10	-2.29	31.83	3.575
2014-12-13 08:53:18.703	10701	11001	-70	-70	10
2014-12-13 09:23:15.323	10701	11001	-67	-70	10
2014-12-13 09:28:20.366	10701	11001	-70	-70	10	-2.14	31.84	3.564
2014-12-13 10:23:24.715	10701	11001	-70	-70	21
2014-12-13 10:43:14.794	10701	11001	-70	-97	21	-1.5	31.51	3.564
2014-12-13 10:53:17.435	10701	11001	-70	-97	19
2014-12-13 11:03:16.203	10701	11001	-70	-97	19
2014-12-13 11:13:16.787	10701	11001	-70	-97	20	-1.61	31.63	3.564
2014-12-13 11:23:17.539	10701	11001	-67	-97	17
2014-12-13 11:28:19.582	10701	11001	-70	-97	16	-1.53	31.57	3.564
2014-12-13 11:43:15.775	10701	11001	-67	-97	21
2014-12-13 11:43:15.79	10701	11001	-67	-97	21	-1.32	31.59	3.564
2014-12-13 11:53:20.942	10701	11001	-67	-97	19
2014-12-13 12:13:23.134	10701	11001	-70	-97	22	-1.11	31.48	3.564
2014-12-13 12:23:24.351	10701	11001	-70	-97	24
2014-12-13 12:23:24.367	10701	11001	-70	-97	33
2014-12-13 12:28:14.248	10701	11001	-70	-70	30	-0.89	31.56	3.564
2014-12-13 12:43:15.735	10701	11001	-70	-97	30	-0.79	31.57	3.564
2014-12-13 12:53:16.922	10701	11001	-67	-97	30
2014-12-13 12:58:20.007	10701	11001	-70	-97	28	-0.79	31.5	3.564
2014-12-13 13:03:17.154	10701	11001	-70	-97	30
2014-12-13 13:13:16.699	10701	11001	-70	-70	30	-0.73	31.58	3.564
2014-12-13 13:23:14.238	10701	11001	-70	-97	28
2014-12-13 13:28:16.278	10701	11001	-70	-97	26	-0.46	31.67	3.564
2014-12-13 13:43:21.767	10701	11001	-70	-70	26
2014-12-13 17:13:17.583	10701	11001	-70	-70	23	-0.16	32.09	3.564
2014-12-13 17:28:16.683	10701	11001	-70	-97	23	-0.1	32.09	3.564
2014-12-13 17:43:16.534	10701	11001	-70	-97	23
2014-12-13 17:53:19.663	10701	11001	-70	-97	21
2014-12-13 18:23:15.538	10701	11001	-67	-97	20
2014-12-13 18:58:16.502	10701	11001	-67	-70	20	0.14	32.05	3.564
2014-12-13 19:23:15.627	10701	11001	-67	-67	15
2014-12-13 19:28:13.686	10701	11001	-67	-97	16	0.25	32.09	3.564
2014-12-13 19:43:15.027	10701	11001	-67	-97	16
2014-12-13 19:43:15.043	10701	11001	-70	-97	16	0.29	32.06	3.564
2014-12-13 19:53:14.094	10701	11001	-67	-97	18
2014-12-13 19:58:15.131	10701	11001	-67	-97	17	0.35	32.07	3.564
2014-12-13 20:13:16.411	10701	11001	-67	-97	16	0.46	32.08	3.564
2014-12-13 20:23:14.406	10701	11001	-67	-97	18
2014-12-13 20:23:14.42	10701	11001	-67	-97	18
2014-12-13 20:28:15.402	10701	11001	-67	-97	17	0.51	32.08	3.564
2014-12-13 20:43:16.431	10701	11001	-67	-97	16	0.61	32.09	3.564
2014-12-13 20:53:14.091	10701	11001	-67	-97	19
2014-12-13 20:58:15.563	10701	11001	-67	-97	18	0.71	32.13	3.564
2014-12-13 21:03:16.611	10701	11001	-67	-97	18
2014-12-13 21:13:17.971	10701	11001	-67	-97	20	0.81	32.18	3.564
2014-12-13 21:23:16.075	10701	11001	-67	-97	18
2014-12-13 21:28:15.11	10701	11001	-67	-97	17	0.89	32.18	3.564
2014-12-13 21:43:21.591	10701	11001	-67	-67	15
2014-12-13 21:43:21.685	10701	11001	-67	-97	31	0.97	32.19	3.564
2014-12-13 21:53:14.306	10701	11001	-67	-97	31
2014-12-13 21:58:13.498	10701	11001	-67	-97	28	1.06	32.2	3.564
2014-12-13 22:13:15.103	10701	11001	-67	-97	25	1.15	32.21	3.564
2014-12-13 22:23:19.551	10701	11001	-70	-67	25
2014-12-13 22:23:19.734	10701	11001	-67	-97	27
2014-12-13 22:28:13.715	10701	11001	-67	-97	26	1.25	32.25	3.564
2014-12-13 22:43:15.175	10701	11001	-67	-97	25	1.35	32.26	3.564
2014-12-13 22:53:13.324	10701	11001	-67	-97	24
2014-12-13 22:58:13.575	10701	11001	-67	-97	40	1.47	32.3	3.564
2014-12-13 23:03:17.85	10701	11001	-67	-97	40
2014-12-13 23:13:13.566	10701	11001	-67	-70	37	1.57	32.25	3.564
2014-12-13 23:23:14.226	10701	11001	-67	-97	37
2014-12-13 23:28:16.25	10701	11001	-67	-97	34	1.71	32.26	3.564
2014-12-13 23:43:19.954	10701	11001	-67	-67	34
2014-12-13 23:43:19.96	10701	11001	-67	-97	36	1.86	32.27	3.564
2014-12-14 00:13:14.687	10701	11001	-67	-70	36	2.14	32.3	3.575
2014-12-14 00:23:17.542	10701	11001	-67	-97	36
2014-12-14 00:43:14.564	10701	11001	-67	-67	31	2.32	32.35	3.575
2014-12-14 00:43:15.551	10701	11001	-67	-67	31	2.32	32.35	3.575
2014-12-14 00:43:16.363	10701	11001	-67	-67	31	2.32	32.35	3.575
2014-12-14 01:13:19.899	10701	11001	-70	-97	31	2.53	32.4	3.575
2014-12-14 03:03:14.412	10701	11001	-70	-70	23
2014-12-14 06:23:15.662	10701	11001	-70	-67	19
2014-12-14 06:58:14.223	10701	11001	-70	-70	19	3.68	32.7	3.575
2014-12-14 07:03:16.211	10701	11001	-70	-97	19
2014-12-14 07:28:20.287	10701	11001	-70	-97	17	3.79	32.75	3.575
2014-12-14 10:43:12.607	10701	11001	-70	-97	19	5.1	32.7	3.575
2014-12-14 11:43:15.107	10701	11001	-70	-97	18
2014-12-14 11:43:15.123	10701	11001	-70	-97	18	5.53	32.74	3.564
2014-12-14 12:23:17.011	10701	11001	-70	-97	16
2014-12-14 12:23:17.031	10701	11001	-67	-97	16
2014-12-14 13:13:15.671	10701	11001	-70	-67	16	6.5	33.03	3.575
2014-12-14 13:23:15.774	10701	11001	-70	-70	15
2014-12-14 13:28:12.707	10701	11001	-70	-97	15	6.57	33.0	3.575
2014-12-14 13:43:14.343	10701	11001	-70	-97	17
2014-12-14 13:43:14.356	10701	11001	-67	-97	17	6.71	33.02	3.564
2014-12-14 16:13:14.591	10701	11001	-70	-70	10	6.33	33.28	3.575
2014-12-14 16:23:11.871	10701	11001	-70	-70	14
2014-12-14 16:23:12.427	10701	11001	-70	-97	14
2014-12-14 16:28:12.362	10701	11001	-67	-70	14	6.36	33.25	3.575
2014-12-14 16:43:11.859	10701	11001	-70	-70	10	6.28	33.24	3.575
2014-12-14 16:53:11.494	10701	11001	-67	-70	10
2014-12-14 16:58:12.831	10701	11001	-70	-97	10	6.18	33.27	3.575
2014-12-14 17:03:12.826	10701	11001	-70	-97	10
2014-12-14 17:13:13.319	10701	11001	-70	-97	11	6.03	33.39	3.575
2014-12-14 17:23:12.199	10701	11001	-70	-97	11
2014-12-14 17:28:12.255	10701	11001	-67	-97	11	5.9	33.44	3.575
2014-12-14 17:43:15.25	10701	11001	-67	-97	11
2014-12-14 17:43:15.263	10701	11001	-70	-97	12	5.79	33.46	3.564
2014-12-14 17:53:12.206	10701	11001	-67	-97	14
2014-12-14 17:58:13.291	10701	11001	-70	-97	13	5.74	33.42	3.575
2014-12-14 18:13:12.975	10701	11001	-70	-97	25	5.68	33.42	3.575
2014-12-14 18:23:12.198	10701	11001	-67	-97	24
2014-12-14 18:23:12.235	10701	11001	-70	-97	24
2014-12-14 18:28:18.347	10701	11001	-67	-97	22	5.65	33.38	3.575
2014-12-14 18:43:12.312	10701	11001	-67	-97	31	5.7	33.35	3.575
2014-12-14 19:43:17.534	10701	11001	-70	-70	26	5.86	33.24	3.575
2014-12-14 19:53:11.323	10701	11001	-70	-97	25
2014-12-14 19:58:11.994	10701	11001	-70	-97	25	5.92	33.21	3.575
2014-12-14 20:28:16.971	10701	11001	-70	-97	22	5.93	33.24	3.575
2014-12-14 20:28:17.371	10701	11001	-70	-97	22	5.93	33.24	3.575
2014-12-14 20:28:18.379	10701	11001	-70	-97	22	5.93	33.24	3.575
2014-12-14 21:23:16.19	10701	11001	-70	-97	19
2014-12-15 00:23:12.99	10701	11001	-70	-70	23
2014-12-15 00:28:11.994	10701	11001	-70	-70	23	5.25	33.31	3.575
2014-12-15 00:43:12.615	10701	11001	-70	-97	32	5.24	33.28	3.575
2014-12-15 01:03:12.911	10701	11001	-70	-97	31
2014-12-15 01:13:15.146	10701	11001	-70	-70	28	5.15	33.3	3.575
2014-12-15 01:43:13.517	10701	11001	-70	-97	31	5.2	33.24	3.564
2014-12-15 01:58:13.363	10701	11001	-70	-97	32	5.2	33.24	3.575
2014-12-15 02:23:13.778	10701	11001	-70	-97	32
2014-12-15 02:28:18.806	10701	11001	-70	-70	28	5.21	33.24	3.575
2014-12-15 02:53:11.438	10701	11001	-70	-97	35
2014-12-15 02:58:17.562	10701	11001	-70	-97	33	5.2	33.24	3.575
2014-12-15 03:03:12.811	10701	11001	-70	-97	30
2014-12-15 03:53:10.971	10701	11001	-70	-97	33
2014-12-15 04:13:17.398	10701	11001	-70	-97	28	5.17	33.24	3.575
2014-12-15 04:23:12.955	10701	11001	-70	-97	29
2014-12-15 05:43:11.755	10701	11001	-70	-97	24
2014-12-15 05:53:17.263	10701	11001	-70	-97	24
2014-12-15 06:23:15.69	10701	11001	-70	-97	28
2014-12-15 06:23:15.706	10701	11001	-70	-97	27
2014-12-15 06:28:13.682	10701	11001	-70	-97	27	5.2	33.17	3.575
2014-12-15 06:43:12.186	10701	11001	-70	-97	23	5.2	33.21	3.575
2014-12-15 06:53:13.814	10701	11001	-70	-97	21
2014-12-15 06:58:12.843	10701	11001	-70	-97	18	5.2	33.17	3.575
2014-12-15 07:03:20.606	10701	11001	-70	-97	18
2014-12-15 07:13:11.15	10701	11001	-70	-97	29	5.18	33.17	3.575
2014-12-15 07:23:12.771	10701	11001	-70	-97	25
2014-12-15 07:28:16.788	10701	11001	-70	-97	23	5.18	33.17	3.575
2014-12-15 07:43:14.97	10701	11001	-70	-97	23
2014-12-15 07:53:18.01	10701	11001	-70	-97	22
2014-12-15 08:23:22.002	10701	11001	-70	-70	23
2014-12-15 08:53:11.922	10701	11001	-70	-97	20
2014-12-15 08:58:11.019	10701	11001	-70	-97	20	5.78	33.0	3.575
2014-12-15 09:13:14.179	10701	11001	-70	-97	16	5.89	32.94	3.575
2014-12-15 09:43:13.039	10701	11001	-70	-70	30
2014-12-15 09:43:13.058	10701	11001	-70	-97	30	6.21	32.94	3.564
2014-12-15 09:53:12.936	10701	11001	-70	-97	31
2014-12-15 09:58:10.495	10701	11001	-70	-97	30	6.29	32.95	3.575
2014-12-15 10:43:13.378	10701	11001	-67	-70	17	6.64	33.08	3.575
2014-12-15 10:53:16.506	10701	11001	-67	-97	16
2014-12-15 11:28:12.111	10701	11001	-70	-70	44	7.99	32.83	3.575
2014-12-15 13:13:11.283	10701	11001	-70	-70	37	9.83	33.0	3.575
2014-12-15 13:43:20.015	10701	11001	-70	-70	35	10.36	33.12	3.564
2014-12-15 13:53:12.438	10701	11001	-70	-97	29
2014-12-15 13:58:12.415	10701	11001	-70	-97	27	10.82	32.82	3.575
2014-12-15 14:13:12.174	10701	11001	-70	-70	19	10.43	33.26	3.575
2014-12-15 14:23:10.63	10701	11001	-70	-97	17
2014-12-15 14:23:10.73	10701	11001	-70	-97	16
2014-12-15 14:28:10.646	10701	11001	-70	-70	16	10.61	33.61	3.575
2014-12-15 14:43:14.89	10701	11001	-70	-97	17	10.64	33.82	3.575
2014-12-15 14:43:17.739	10701	11001	-70	-97	17	10.64	33.82	3.575
2014-12-15 14:43:19.347	10701	11001	-70	-97	17	10.64	33.82	3.575
2014-12-15 14:53:09.198	10701	11001	-70	-97	15
2014-12-15 14:58:17.699	10701	11001	-70	-97	14	10.33	33.89	3.575
2014-12-15 15:28:11.034	10701	11001	-70	-97	31	9.68	33.99	3.575
2014-12-15 15:43:11.154	10701	11001	-67	-97	29
2014-12-15 15:53:09.126	10701	11001	-70	-97	29
2014-12-15 16:13:09.259	10701	11001	-70	-97	25	8.36	34.37	3.575
2014-12-15 16:23:10.115	10701	11001	-67	-97	25
2014-12-15 16:23:10.144	10701	11001	-70	-97	25
2014-12-15 16:28:09.839	10701	11001	-70	-97	24	8.08	34.31	3.575
2014-12-15 16:43:10.987	10701	11001	-67	-97	24	7.86	34.22	3.575
2014-12-15 16:53:08.895	10701	11001	-70	-97	21
2014-12-15 16:58:12.43	10701	11001	-70	-97	21	7.61	34.2	3.575
2014-12-15 17:03:09.434	10701	11001	-70	-97	21
2014-12-15 17:13:09.343	10701	11001	-70	-97	21	7.47	34.12	3.575
2014-12-15 17:23:08.882	10701	11001	-67	-97	19
2014-12-15 17:28:10.862	10701	11001	-70	-97	18	7.28	34.1	3.575
2014-12-15 17:43:09.194	10701	11001	-70	-70	21
2014-12-15 17:43:09.215	10701	11001	-67	-97	20	7.14	34.02	3.564
2014-12-15 17:53:09.879	10701	11001	-67	-97	23
2014-12-15 17:58:13.055	10701	11001	-67	-97	23	6.96	33.94	3.575
2014-12-15 18:13:12.867	10701	11001	-70	-97	24	6.79	33.92	3.575
2014-12-15 18:23:10.887	10701	11001	-67	-97	26
2014-12-15 18:23:10.923	10701	11001	-70	-97	25
2014-12-15 18:28:09.971	10701	11001	-70	-97	25	6.39	34.05	3.575
2014-12-15 18:43:09.43	10701	11001	-70	-67	23	5.65	34.34	3.575
2014-12-15 18:53:11.587	10701	11001	-70	-97	23
2014-12-15 18:58:10.322	10701	11001	-67	-97	24	5.07	34.48	3.575
2014-12-15 19:03:12.335	10701	11001	-70	-70	21
2014-12-15 19:13:09.838	10701	11001	-70	-97	19	4.64	34.57	3.575
2014-12-15 19:23:08.654	10701	11001	-70	-97	21
2014-12-15 19:28:17.814	10701	11001	-67	-97	23	4.51	34.36	3.575
2014-12-15 19:43:09.134	10701	11001	-70	-97	25
2014-12-15 19:43:09.15	10701	11001	-70	-97	25	4.42	34.22	3.564
2014-12-15 19:53:08.819	10701	11001	-70	-97	26
2014-12-15 19:58:16.091	10701	11001	-70	-97	25	4.28	34.11	3.575
2014-12-15 20:23:08.602	10701	11001	-70	-97	29
2014-12-15 20:23:08.615	10701	11001	-67	-97	27
2014-12-15 20:28:09.746	10701	11001	-70	-97	27	3.89	34.11	3.575
2014-12-15 20:43:10.099	10701	11001	-70	-97	23	3.71	33.96	3.575
2014-12-15 20:53:11.618	10701	11001	-70	-97	21
2014-12-15 21:03:11.89	10701	11001	-67	-67	21
2014-12-15 21:13:09.475	10701	11001	-67	-97	21	3.5	33.87	3.575
2014-12-15 21:23:08.559	10701	11001	-67	-97	21
2014-12-15 21:43:12.502	10701	11001	-67	-70	21	3.24	33.75	3.564
2014-12-15 22:23:10.502	10701	11001	-70	-67	19
2014-12-15 22:23:10.515	10701	11001	-70	-97	18
2014-12-15 22:28:09.451	10701	11001	-67	-97	18	2.11	33.97	3.575
2014-12-15 22:43:09.431	10701	11001	-67	-70	18	1.88	33.91	3.575
2014-12-15 22:58:09.143	10701	11001	-67	-97	18	1.78	33.91	3.575
2014-12-15 23:13:17.526	10701	11001	-70	-70	18	1.83	33.78	3.575
2014-12-16 00:43:08.983	10701	11001	-70	-97	28	1.63	33.27	3.575
2014-12-16 00:53:13.598	10701	11001	-67	-97	25
2014-12-16 00:58:15.155	10701	11001	-70	-97	26	1.53	33.33	3.575
2014-12-16 01:03:08.102	10701	11001	-67	-97	26
2014-12-16 01:13:12.986	10701	11001	-67	-97	22	1.57	33.26	3.575
2014-12-16 01:23:10.59	10701	11001	-70	-97	23
2014-12-16 01:28:09.563	10701	11001	-70	-97	23	1.47	33.19	3.575
2014-12-16 01:43:08.482	10701	11001	-67	-97	35
2014-12-16 01:43:08.51	10701	11001	-67	-97	35	1.46	33.19	3.564
2014-12-16 01:53:08.73	10701	11001	-67	-97	35
2014-12-16 01:58:08.871	10701	11001	-70	-97	35	1.39	33.08	3.564
2014-12-16 02:13:08.863	10701	11001	-70	-67	25	1.39	33.21	3.564
2014-12-16 02:23:10.562	10701	11001	-70	-97	25
2014-12-16 02:23:10.579	10701	11001	-67	-97	25
2014-12-16 02:28:09.662	10701	11001	-67	-97	24	1.33	33.11	3.564
2014-12-16 02:43:09.911	10701	11001	-70	-97	21	1.64	33.24	3.564
2014-12-16 02:53:10.726	10701	11001	-70	-97	19
2014-12-16 02:58:10.122	10701	11001	-67	-97	18	2.28	32.71	3.564
2014-12-16 03:03:11.382	10701	11001	-67	-97	18
2014-12-16 03:13:08.834	10701	11001	-70	-97	16	2.61	32.47	3.564
2014-12-16 03:23:09.727	10701	11001	-70	-97	15
2014-12-16 03:28:08.954	10701	11001	-70	-97	15	2.89	32.37	3.564
2014-12-16 03:43:16.634	10701	11001	-70	-97	15
2014-12-16 03:43:16.995	10701	11001	-70	-97	36	3.18	32.29	3.564
2014-12-16 03:53:08.827	10701	11001	-70	-97	36
2014-12-16 03:58:08.975	10701	11001	-70	-97	36	3.35	32.31	3.564
2014-12-16 04:13:10.347	10701	11001	-70	-97	30	3.56	32.36	3.564
2014-12-16 04:23:09.642	10701	11001	-70	-97	26
2014-12-16 04:23:09.667	10701	11001	-70	-97	25
2014-12-16 04:28:09.198	10701	11001	-70	-97	25	3.74	32.38	3.564
2014-12-16 04:43:08.77	10701	11001	-70	-70	25	3.93	32.46	3.564
2014-12-16 04:53:08.619	10701	11001	-70	-97	24
2014-12-16 04:58:08.387	10701	11001	-70	-97	24	4.03	32.54	3.564
2014-12-16 05:03:09.175	10701	11001	-70	-97	24
2014-12-16 05:13:08.766	10701	11001	-70	-70	22	4.18	32.55	3.564
2014-12-16 05:23:08.598	10701	11001	-70	-97	21
2014-12-16 05:28:14.242	10701	11001	-70	-97	20	4.28	32.63	3.564
2014-12-16 05:43:12.899	10701	11001	-70	-97	20	4.25	32.72	3.564
2014-12-16 05:43:13.923	10701	11001	-70	-97	20	4.25	32.72	3.564
2014-12-16 05:53:15.69	10701	11001	-70	-97	24
2014-12-16 05:58:10.791	10701	11001	-70	-97	32	4.2	32.82	3.564
2014-12-16 06:13:12.442	10701	11001	-70	-97	28	4.18	32.88	3.564
2014-12-16 06:23:08.972	10701	11001	-70	-97	25
2014-12-16 06:23:08.991	10701	11001	-70	-97	25
2014-12-16 06:28:12.027	10701	11001	-70	-97	25	4.18	32.95	3.564
2014-12-16 06:43:11.518	10701	11001	-70	-70	34	4.25	32.96	3.564
2014-12-16 06:53:09.087	10701	11001	-70	-97	30
2014-12-16 06:58:09.143	10701	11001	-70	-97	28	4.35	32.96	3.564
2014-12-16 07:03:10.839	10701	11001	-70	-97	30
2014-12-16 07:13:09.495	10701	11001	-70	-97	50	4.5	32.91	3.564
2014-12-16 08:23:08.983	10701	11001	-70	-73	47
2014-12-16 08:43:10.379	10701	11001	-70	-73	43	5.68	32.76	3.564
2014-12-16 08:53:08.355	10701	11001	-73	-97	43
2014-12-16 10:43:12.262	10701	11001	-70	-97	35	8.38	32.94	3.564
2014-12-16 10:58:14.007	10701	11001	-70	-97	34	8.52	32.88	3.564
2014-12-16 11:03:14.578	10701	11001	-70	-70	35
2014-12-16 11:28:09.422	10701	11001	-70	-97	32	9.28	32.89	3.564
2014-12-16 11:43:08.102	10701	11001	-70	-97	25
2014-12-16 12:23:12.339	10701	11001	-70	-97	31
2014-12-16 12:28:10.274	10701	11001	-70	-97	31	10.72	32.88	3.564
2014-12-16 12:53:08.327	10701	11001	-70	-70	29
2014-12-16 12:58:10.302	10701	11001	-70	-97	29	13.06	32.21	3.564
2014-12-16 17:43:13.615	10701	11001	-70	-97	20	8.43	34.71	3.575
2014-12-16 17:43:18.16	10701	11001	-70	-73	21
2014-12-16 19:23:06.951	10701	11001	-70	-73	19
2014-12-16 19:28:10.963	10701	11001	-70	-97	19	6.54	34.56	3.575
2014-12-16 22:43:07.895	10701	11001	-70	-70	10	5.07	33.79	3.575
2014-12-16 22:53:11.919	10701	11001	-70	-97	10
2014-12-16 22:58:06.915	10701	11001	-70	-97	10	5.03	33.75	3.575
2014-12-17 00:13:08.291	10701	11001	-73	-73	13	4.92	33.55	3.575
2014-12-17 00:23:09.85	10701	11001	-70	-97	13
2014-12-17 00:23:09.867	10701	11001	-70	-97	13
2014-12-17 03:23:09.766	10701	11001	-70	-73	10
2014-12-17 03:28:12.771	10701	11001	-70	-97	11	4.0	33.72	3.575
2014-12-17 03:43:08.815	10701	11001	-70	-97	11	3.96	33.72	3.564
2014-12-17 04:23:11.782	10701	11001	-70	-97	11
2014-12-17 04:23:23.943	10701	11001	-70	-97	11
2014-12-17 04:53:07.71	10701	11001	-70	-73	10
2014-12-17 04:58:09.723	10701	11001	-70	-97	10	3.53	33.55	3.575
2014-12-17 05:03:10.771	10701	11001	-70	-70	11
2014-12-17 05:13:12.859	10701	11001	-70	-97	11	3.31	33.53	3.575
2014-12-17 05:23:07.81	10701	11001	-70	-97	12
2014-12-17 05:28:10.306	10701	11001	-70	-97	10	3.07	33.57	3.575
2014-12-17 05:43:07.743	10701	11001	-70	-70	11	2.85	33.61	3.564
2014-12-17 06:43:09.682	10701	11001	-70	-70	10	2.71	33.47	3.575
2014-12-17 06:53:11.847	10701	11001	-70	-70	14
2014-12-17 06:58:09.895	10701	11001	-70	-97	14	2.63	33.4	3.575
2014-12-17 07:03:07.682	10701	11001	-70	-97	14
2014-12-17 07:13:10.762	10701	11001	-70	-97	13	2.57	33.39	3.575
2014-12-17 07:23:07.723	10701	11001	-70	-73	12
2014-12-17 07:43:11.782	10701	11001	-70	-97	13	2.39	33.31	3.564
2014-12-17 09:13:14.931	10701	11001	-70	-70	12	2.21	33.16	3.564
2014-12-17 15:28:06.658	10701	11001	-70	-97	10	0.64	32.95	3.542
2014-12-17 15:58:14.474	10701	11001	-70	-70	10	0.43	32.93	3.542
2014-12-17 16:23:15.883	10701	11001	-70	-70	21
2014-12-17 16:53:04.687	10701	11001	-70	-70	19
2014-12-17 17:13:12.814	10701	11001	-70	-97	19	-0.03	32.88	3.542
2014-12-17 23:03:04.207	10701	11001	-70	-70	10
2014-12-17 23:13:05.715	10701	11001	-70	-73	10	-1.66	32.47	3.542
2014-12-17 23:23:10.782	10701	11001	-70	-97	10
2014-12-17 23:28:05.798	10701	11001	-70	-70	10	-1.77	32.46	3.542
2014-12-17 23:43:06.406	10701	11001	-70	-97	10
2014-12-17 23:43:06.424	10701	11001	-70	-97	10	-1.88	32.45	3.531
2014-12-17 23:53:06.771	10701	11001	-70	-97	10
2014-12-18 10:43:07.01	10701	11001	-70	-97	11	-1.11	31.8	3.531
2014-12-18 15:13:06.158	10701	11001	-70	-97	10	-1.32	32.37	3.531
2014-12-18 15:28:07.123	10701	11001	-70	-70	10	-1.42	32.36	3.531
2014-12-18 15:43:09.158	10701	11001	-70	-97	10
2014-12-18 20:23:05.67	10701	11001	-70	-70	10
2014-12-18 21:13:06.947	10701	11001	-70	-70	10	-2.42	32.11	3.531
2014-12-18 22:23:06.211	10701	11001	-70	-70	10
2014-12-18 22:23:06.227	10701	11001	-70	-97	11
2014-12-18 23:53:04.226	10701	11001	-70	-70	14
2014-12-18 23:58:09.958	10701	11001	-70	-97	14	-2.6	32.06	3.531
2014-12-19 03:13:15.087	10701	11001	-70	-70	13	-2.86	32.1	3.531
2014-12-19 05:53:05.327	10701	11001	-70	-70	23
2014-12-19 09:58:09.119	10701	11001	-70	-97	18	-1.48	31.84	3.52
2014-12-19 10:28:02.939	10701	11001	-70	-70	24	-1.35	31.98	3.52
2014-12-19 10:43:05.522	10701	11001	-70	-97	24	-1.27	31.95	3.52
2014-12-19 10:53:04.45	10701	11001	-70	-97	24
2014-12-19 10:58:08.523	10701	11001	-70	-97	24	-1.17	32.03	3.52
2014-12-19 11:03:11.438	10701	11001	-70	-97	23
2014-12-19 11:53:04.523	10701	11001	-70	-70	20
2014-12-19 11:58:10.247	10701	11001	-70	-97	19	-1.04	32.43	3.531
2014-12-19 12:13:11.603	10701	11001	-70	-97	21	-1.13	32.52	3.531
2014-12-19 12:23:03.47	10701	11001	-70	-97	23
2014-12-19 12:28:02.511	10701	11001	-70	-97	25	-1.02	32.6	3.531
2014-12-19 12:58:06.628	10701	11001	-70	-70	26	-0.61	32.37	3.531
2014-12-19 13:03:06.794	10701	11001	-70	-97	26
2014-12-19 20:28:08.91	10701	11001	-70	-73	16	-1.34	32.24	3.52
2014-12-19 21:43:04.671	10701	11001	-70	-70	15
2014-12-19 21:58:03.25	10701	11001	-70	-97	18	-1.64	32.28	3.52
2014-12-19 22:23:05.65	10701	11001	-70	-97	18
2014-12-19 22:28:05.688	10701	11001	-70	-97	18	-1.73	32.33	3.52
2014-12-20 00:13:10.382	10701	11001	-70	-70	15	-2.17	32.23	3.52
2014-12-20 01:03:11.442	10701	11001	-70	-70	16
2014-12-20 01:43:03.154	10701	11001	-70	-70	18
2014-12-20 01:58:04.358	10701	11001	-70	-97	18	-2.61	32.25	3.52
2014-12-20 03:03:03.39	10701	11001	-70	-70	15
2014-12-20 03:23:02.007	10701	11001	-70	-97	16
2014-12-20 11:03:02.146	10701	11001	-67	-67	11
2014-12-20 11:58:02.572	10701	11001	-70	-70	11	2.68	33.89	3.52
2014-12-20 12:23:05.711	10701	11001	-70	-70	10
2014-12-20 12:23:05.938	10701	11001	-70	-97	10
2014-12-20 13:53:03.603	10701	11001	-70	-70	10
2014-12-20 14:53:03.502	10701	11001	-70	-70	14
2014-12-20 15:23:01.907	10701	11001	-67	-70	11
2014-12-20 15:53:06.983	10701	11001	-70	-97	11
2014-12-20 15:58:06.599	10701	11001	-67	-97	12	1.58	36.12	3.531
2014-12-20 16:13:01.715	10701	11001	-70	-97	10	1.1	35.56	3.52
2014-12-20 16:23:00.934	10701	11001	-70	-70	14
2014-12-21 08:53:01.77	10701	11001	-70	-70	10
2014-12-21 09:03:08.414	10701	11001	-70	-97	14
2014-12-21 12:28:03.911	10701	11001	-67	-67	17	2.39	32.91	3.509
2014-12-21 19:53:06.046	10701	11001	-70	-70	12
2014-12-22 10:42:58.878	10701	11001	-67	-97	12	1.97	31.23	3.498
2014-12-22 19:02:59.895	10701	11001	-70	-97	10
2014-12-22 19:12:59.987	10701	11001	-70	-97	10	3.06	33.96	3.52
2014-12-22 19:23:00.746	10701	11001	-67	-70	11
2014-12-22 20:23:11.838	10701	11001	-70	-70	11
2014-12-22 23:53:01.655	10701	11001	-70	-70	19
2014-12-23 01:12:57.491	10701	11001	-70	-70	20	2.96	33.33	3.509
2014-12-23 01:42:59.49	10701	11001	-70	-97	20
2014-12-23 02:23:01.598	10701	11001	-70	-70	19
2014-12-23 02:27:59.246	10701	11001	-70	-97	19	3.06	33.47	3.52
2014-12-23 03:13:01.131	10701	11001	-70	-73	19	3.03	33.56	3.52
2014-12-23 03:27:58.191	10701	11001	-70	-97	18	3.03	33.57	3.509
2014-12-23 05:52:59.555	10701	11001	-70	-70	13
2014-12-23 06:23:00.623	10701	11001	-73	-73	16
2014-12-23 06:23:00.643	10701	11001	-70	-97	19
2014-12-23 06:58:03.663	10701	11001	-73	-97	18	4.38	33.23	3.509
2014-12-23 07:13:00.011	10701	11001	-70	-97	17	4.5	33.18	3.509
2014-12-23 08:23:08.598	10701	11001	-70	-70	19
2014-12-23 09:27:58.522	10701	11001	-70	-97	23	5.92	33.11	3.509
2014-12-23 09:42:56.494	10701	11001	-70	-70	24
2014-12-23 09:53:02.751	10701	11001	-70	-97	23
2014-12-23 10:13:00.799	10701	11001	-70	-70	29	6.72	33.12	3.509
2014-12-23 11:52:59.666	10701	11001	-70	-97	32
2014-12-23 20:57:59.199	10701	11001	-70	-70	10	8.4	34.57	3.52
2014-12-23 21:12:58.458	10701	11001	-70	-97	10	8.39	34.47	3.52
2014-12-23 21:22:59.271	10701	11001	-70	-70	10
2014-12-24 00:27:56.059	10701	11001	-70	-70	10	7.6	33.93	3.52
2014-12-24 00:42:56.506	10701	11001	-70	-97	10	7.51	33.92	3.52
2014-12-24 00:52:59.418	10701	11001	-70	-70	10
2014-12-24 02:22:56.044	10701	11001	-70	-70	13
2014-12-24 02:22:56.879	10701	11001	-70	-97	13
2014-12-24 03:43:03.351	10701	11001	-70	-97	15	8.03	33.94	3.509
2014-12-24 03:52:55.987	10701	11001	-70	-97	14
2014-12-24 04:23:03.034	10701	11001	-70	-97	14
2014-12-24 04:27:56.724	10701	11001	-70	-97	14	8.43	33.88	3.52
2014-12-24 07:22:56.895	10701	11001	-70	-70	20
2014-12-24 07:27:54.938	10701	11001	-70	-97	20	9.21	34.08	3.509
2014-12-24 07:42:56.982	10701	11001	-70	-97	18
2014-12-24 07:42:56.997	10701	11001	-70	-97	18	9.36	34.0	3.498
2014-12-24 07:52:56.886	10701	11001	-70	-97	19
2014-12-24 07:57:57.542	10701	11001	-70	-97	19	9.42	34.0	3.509
2014-12-24 08:12:54.799	10701	11001	-70	-97	17	9.47	34.01	3.509
2014-12-24 08:23:11.971	10701	11001	-70	-97	23
2014-12-24 08:27:59.543	10701	11001	-70	-70	18	9.58	34.05	3.509
2014-12-24 08:43:02.938	10701	11001	-70	-70	15	9.88	34.01	3.509
2014-12-24 08:52:56.751	10701	11001	-70	-97	15
2014-12-24 08:57:54.787	10701	11001	-70	-73	15	10.07	33.9	3.509
2014-12-24 09:02:53.16	10701	11001	-70	-97	14
2014-12-24 09:12:59.275	10701	11001	-70	-97	15	10.31	33.92	3.509
2014-12-24 09:22:58.332	10701	11001	-70	-97	18
2014-12-24 09:27:54.314	10701	11001	-70	-97	23	10.5	33.94	3.509
2014-12-24 11:27:57.53	10701	11001	-70	-97	16	13.63	33.86	3.509
2014-12-24 11:52:59.614	10701	11001	-70	-97	19
2014-12-24 11:57:54.52	10701	11001	-70	-97	19	14.03	34.0	3.509
2014-12-24 13:52:56.359	10701	11001	-70	-70	16
2014-12-24 15:27:57.902	10701	11001	-70	-97	15	14.0	34.74	3.52
2014-12-24 21:12:54.042	10701	11001	-76	-79	11	9.85	36.14	3.52
2014-12-24 21:22:54.218	10701	11001	-76	-97	11
2014-12-24 21:27:52.214	10701	11001	-85	-97	11	9.29	36.02	3.52
2014-12-24 21:42:56.123	10701	11001	-94	-97	10
2014-12-24 21:42:56.139	10701	11001	-94	-97	14	8.6	35.95	3.509
2014-12-24 21:52:53.118	10701	11001	-82	-97	16
2014-12-24 21:57:52.814	10701	11001	-85	-97	19	8.08	35.96	3.52
2014-12-24 22:13:02.239	10701	11001	-82	-97	17	7.61	35.82	3.52
2014-12-24 22:22:57.046	10701	11001	-82	-97	16
2014-12-24 22:22:57.063	10701	11001	-82	-97	16
2014-12-24 22:27:56.794	10701	11001	-79	-97	16	7.25	35.71	3.52
2014-12-24 22:42:53.946	10701	11001	-70	-97	18	7.0	35.69	3.52
2014-12-24 22:52:56.115	10701	11001	-73	-97	16
2014-12-24 23:13:05.298	10701	11001	-73	-70	14	6.33	35.23	3.52
2014-12-24 23:27:57.158	10701	11001	-73	-97	16	5.9	35.19	3.52
2014-12-24 23:52:51.103	10701	11001	-73	-97	18
2014-12-24 23:57:53.755	10701	11001	-73	-73	16	5.36	34.97	3.52
2014-12-25 00:12:57.842	10701	11001	-73	-97	16	5.1	35.01	3.52
2014-12-25 00:22:52.046	10701	11001	-70	-97	18
2014-12-25 00:22:52.071	10701	11001	-73	-97	18
2014-12-25 00:27:58.162	10701	11001	-73	-97	17	5.03	34.97	3.509
2014-12-25 00:42:53.406	10701	11001	-73	-73	12	4.92	34.73	3.509
2014-12-25 01:22:54.075	10701	11001	-73	-97	27
2014-12-25 01:27:54.176	10701	11001	-73	-73	25	4.47	34.56	3.509
2014-12-25 01:42:52.931	10701	11001	-73	-97	25
2014-12-25 01:42:52.947	10701	11001	-73	-97	25	4.36	34.41	3.498
2014-12-25 02:12:51.106	10701	11001	-73	-73	25	4.33	34.28	3.509
2014-12-25 02:22:55.098	10701	11001	-70	-97	23
2014-12-25 02:27:54.087	10701	11001	-73	-97	23	4.36	34.12	3.509
2014-12-25 02:52:54.022	10701	11001	-70	-97	22
2014-12-25 02:57:56.167	10701	11001	-70	-97	21	4.28	33.95	3.509
2014-12-25 03:02:54.147	10701	11001	-70	-97	23
2014-12-25 03:52:55.023	10701	11001	-70	-97	18
2014-12-25 03:57:56.747	10701	11001	-70	-97	23	3.75	34.03	3.509
2014-12-25 05:12:54.495	10701	11001	-70	-70	23	3.78	33.8	3.509
2014-12-25 05:22:57.074	10701	11001	-70	-97	23
2014-12-25 05:27:53.074	10701	11001	-70	-97	27	3.79	33.77	3.509
2014-12-25 05:52:56.983	10701	11001	-70	-70	27
2014-12-25 05:57:53.671	10701	11001	-70	-97	25	3.79	33.7	3.509
2014-12-25 06:12:54.942	10701	11001	-70	-70	23	3.79	33.7	3.509
2014-12-25 06:22:51.887	10701	11001	-70	-97	25
2014-12-25 06:27:58.303	10701	11001	-70	-97	25	3.85	33.71	3.509
2014-12-25 07:43:03.027	10701	11001	-73	-97	22
2014-12-25 07:57:56.727	10701	11001	-70	-97	35	2.61	34.05	3.498
2014-12-25 08:12:53.859	10701	11001	-73	-97	34	2.45	34.07	3.498
2014-12-25 09:12:53.155	10701	11001	-70	-70	24	3.0	33.76	3.498
2014-12-25 09:22:52.963	10701	11001	-70	-73	24
2014-12-25 09:27:52.791	10701	11001	-70	-97	26	3.39	33.34	3.498
2014-12-25 09:42:52.374	10701	11001	-70	-70	19
2014-12-25 09:42:52.391	10701	11001	-67	-97	19	3.22	33.32	3.487
2014-12-25 09:52:59.506	10701	11001	-73	-70	19
2014-12-25 09:57:55.591	10701	11001	-70	-97	19	3.35	33.53	3.498
2014-12-25 10:12:53.126	10701	11001	-73	-73	17	3.36	33.53	3.498
2014-12-25 10:22:52.774	10701	11001	-70	-97	16
2014-12-25 10:22:52.783	10701	11001	-70	-97	16
2014-12-25 10:27:53.186	10701	11001	-70	-97	16	3.28	33.52	3.498
2014-12-25 10:42:50.87	10701	11001	-73	-97	19	3.33	33.59	3.498
2014-12-25 10:52:53.182	10701	11001	-73	-97	17
2014-12-25 10:57:50.71	10701	11001	-70	-97	17	3.83	33.64	3.498
2014-12-25 11:02:52.19	10701	11001	-70	-76	22
2014-12-25 11:12:52.179	10701	11001	-70	-97	22	4.24	33.15	3.498
2014-12-25 11:12:53.35	10701	11001	-70	-97	22	4.24	33.15	3.498
2014-12-25 11:22:53.187	10701	11001	-70	-97	21
2014-12-25 11:42:52.311	10701	11001	-70	-97	19
2014-12-25 11:42:53.371	10701	11001	-70	-97	19
2014-12-25 11:42:54.627	10701	11001	-70	-97	19
2014-12-25 11:42:54.843	10701	11001	-70	-97	19	5.08	32.77	3.487
2014-12-25 11:52:51.519	10701	11001	-70	-97	18
2014-12-25 11:57:55.595	10701	11001	-70	-97	17	5.07	32.83	3.498
2014-12-25 17:22:52.939	10701	11001	-70	-97	20
2014-12-25 17:27:51.951	10701	11001	-70	-97	20	3.42	33.6	3.487
2014-12-25 18:22:49.459	10701	11001	-73	-97	21
2014-12-25 18:22:49.5	10701	11001	-70	-97	21
2014-12-25 18:57:55.943	10701	11001	-70	-70	21	3.01	33.5	3.487
2014-12-25 23:27:55.45	10701	11001	-70	-73	18	2.89	33.35	3.487
2014-12-25 23:52:55.978	10701	11001	-70	-73	21
2014-12-25 23:57:51.854	10701	11001	-70	-97	23	2.78	33.34	3.476
2014-12-26 00:22:49.35	10701	11001	-70	-70	21
2014-12-26 00:42:50.898	10701	11001	-70	-70	21	2.71	33.4	3.487
2014-12-26 00:52:55.286	10701	11001	-70	-97	21
2014-12-26 01:02:54.246	10701	11001	-70	-97	23
2014-12-26 01:27:57.247	10701	11001	-70	-70	23	2.56	33.39	3.487
2014-12-26 01:42:50.827	10701	11001	-70	-73	21
2014-12-26 01:42:50.846	10701	11001	-70	-97	21	2.46	33.38	3.465
2014-12-26 01:52:53.338	10701	11001	-70	-97	20
2014-12-26 01:57:49.954	10701	11001	-70	-73	20	2.35	33.47	3.487
2014-12-26 02:12:50.739	10701	11001	-70	-97	20	2.31	33.5	3.487
2014-12-26 02:22:53.942	10701	11001	-70	-97	20
2014-12-26 02:22:53.954	10701	11001	-70	-97	20
2014-12-26 02:27:55.916	10701	11001	-70	-97	19	2.32	33.47	3.487
2014-12-26 02:42:50.783	10701	11001	-70	-73	19	2.29	33.4	3.487
2014-12-26 02:52:51.227	10701	11001	-70	-97	19
2014-12-26 02:57:49.295	10701	11001	-70	-97	18	2.28	33.43	3.487
2014-12-26 03:22:50.007	10701	11001	-70	-97	17
2014-12-26 03:42:50.042	10701	11001	-70	-70	17
2014-12-26 03:42:50.067	10701	11001	-70	-97	16	2.4	33.28	3.465
2014-12-26 04:22:50.955	10701	11001	-70	-70	16
2014-12-26 04:27:50.175	10701	11001	-70	-97	16	1.54	33.59	3.476
2014-12-26 04:52:50.919	10701	11001	-70	-70	15
2014-12-26 04:57:50.887	10701	11001	-70	-97	24	1.21	33.79	3.476
2014-12-26 05:02:49.974	10701	11001	-70	-70	24
2014-12-26 05:52:53.251	10701	11001	-70	-73	24
2014-12-26 05:57:54.182	10701	11001	-70	-97	24	1.17	33.49	3.476
2014-12-26 06:12:50.587	10701	11001	-70	-70	21	1.17	33.39	3.476
2014-12-26 06:22:51.879	10701	11001	-70	-97	21
2014-12-26 06:27:49.787	10701	11001	-70	-97	21	1.1	33.38	3.476
2014-12-26 07:22:55.524	10701	11001	-70	-73	21
2014-12-26 07:52:52.53	10701	11001	-70	-70	19
2014-12-26 07:57:50.43	10701	11001	-70	-70	18	0.93	33.47	3.476
2014-12-26 08:22:55.806	10701	11001	-70	-97	18
2014-12-26 08:22:55.82	10701	11001	-70	-97	21
2014-12-26 08:27:53.638	10701	11001	-70	-97	21	1.5	33.16	3.476
2014-12-26 08:42:52.486	10701	11001	-70	-73	21	1.92	32.87	3.476
2014-12-26 08:52:57.855	10701	11001	-70	-97	23
2014-12-26 09:02:48.79	10701	11001	-70	-70	21
2014-12-26 09:12:54.49	10701	11001	-70	-97	21	2.93	32.54	3.476
2014-12-26 09:22:52.466	10701	11001	-70	-97	21
2014-12-26 09:27:49.334	10701	11001	-70	-97	21	2.97	34.74	3.476
2014-12-26 09:42:52.431	10701	11001	-70	-73	21
2014-12-26 09:42:53.798	10701	11001	-70	-97	20	4.64	36.43	3.465
2014-12-26 10:22:52.698	10701	11001	-73	-70	20
2014-12-26 10:27:55.806	10701	11001	-70	-97	20	8.0	36.84	3.476
2014-12-26 10:42:49.347	10701	11001	-70	-73	19	8.15	35.44	3.476
2014-12-26 11:12:49.835	10701	11001	-70	-97	19	8.18	37.41	3.476
2014-12-27 05:12:47.414	10701	11001	-70	-70	14	0.95	34.15	3.465
2014-12-27 05:27:47.371	10701	11001	-70	-97	14	1.25	34.08	3.465
2014-12-27 05:42:47.491	10701	11001	-70	-70	14
2014-12-27 05:42:51.082	10701	11001	-70	-97	14	2.14	33.61	3.455
2014-12-27 05:52:47.194	10701	11001	-70	-97	14
2014-12-27 06:42:49.452	10701	11001	-70	-70	12	3.21	32.99	3.465
2014-12-27 06:52:48.462	10701	11001	-70	-97	12
2014-12-27 07:27:49.85	10701	11001	-70	-70	11	3.28	33.16	3.465
2014-12-27 07:42:47.783	10701	11001	-70	-97	14
2014-12-27 07:52:56.154	10701	11001	-70	-97	14
2014-12-27 08:42:48.763	10701	11001	-70	-70	14	3.35	33.76	3.465
2014-12-27 09:52:46.575	10701	11001	-70	-70	13
2014-12-27 09:57:49.291	10701	11001	-70	-97	12	6.53	32.1	3.465
2014-12-27 10:27:53.718	10701	11001	-70	-73	11	6.43	33.69	3.465
2014-12-27 11:02:54.71	10701	11001	-70	-70	14
2014-12-27 19:57:47.995	10701	11001	-70	-70	20	11.47	34.56	3.487
2014-12-27 20:22:47.383	10701	11001	-70	-97	25
2014-12-27 20:22:47.503	10701	11001	-70	-97	25
2014-12-27 20:27:48.43	10701	11001	-70	-97	25	11.32	34.62	3.487
2014-12-27 20:42:49.01	10701	11001	-70	-70	25	11.22	34.67	3.487
2014-12-27 21:12:50.994	10701	11001	-70	-97	23	11.24	34.74	3.487
2014-12-27 21:42:48.279	10701	11001	-70	-97	22	11.58	34.44	3.465
2014-12-27 21:52:45.871	10701	11001	-70	-97	24
2014-12-27 22:27:45.138	10701	11001	-70	-70	22	10.53	35.07	3.487
2014-12-28 01:12:55.355	10701	11001	-73	-73	28	6.39	34.81	3.476
2014-12-28 01:27:44.175	10701	11001	-73	-97	29	6.36	34.67	3.476
2014-12-28 01:42:46.583	10701	11001	-73	-97	28
2014-12-28 01:42:46.596	10701	11001	-73	-97	26	6.33	34.54	3.455
2014-12-28 01:52:43.663	10701	11001	-70	-97	23
2014-12-28 01:57:50.89	10701	11001	-70	-73	22	6.39	34.45	3.465
2014-12-28 02:12:50.028	10701	11001	-73	-97	21	6.61	34.37	3.465
2014-12-28 02:42:46.342	10701	11001	-70	-73	14	6.85	34.22	3.476
2014-12-28 02:52:46.395	10701	11001	-73	-97	15
2014-12-28 02:57:46.434	10701	11001	-73	-73	15	6.93	34.2	3.465
2014-12-28 03:02:43.647	10701	11001	-73	-97	14
2014-12-28 03:12:47.466	10701	11001	-73	-97	13	7.01	34.14	3.465
2014-12-28 03:22:48.422	10701	11001	-70	-97	12
2014-12-28 03:27:46.467	10701	11001	-73	-97	14	7.1	34.15	3.465
2014-12-28 03:42:49.41	10701	11001	-73	-97	44
2014-12-28 03:42:49.423	10701	11001	-73	-97	40	7.18	34.12	3.455
2014-12-28 03:57:46.69	10701	11001	-73	-97	40	7.25	34.1	3.465
2014-12-28 04:12:49.414	10701	11001	-73	-97	36	7.36	34.11	3.465
2014-12-28 04:22:45.675	10701	11001	-73	-97	31
2014-12-28 04:22:47.355	10701	11001	-73	-97	30
2014-12-28 04:27:44.366	10701	11001	-73	-97	28	7.39	34.11	3.465
2014-12-28 04:42:49.342	10701	11001	-73	-97	28	7.42	34.08	3.465
2014-12-28 04:52:46.375	10701	11001	-73	-97	32
2014-12-28 04:57:47.018	10701	11001	-73	-97	33	7.43	34.08	3.455
2014-12-28 05:02:47.691	10701	11001	-73	-97	32
2014-12-28 05:12:48.324	10701	11001	-73	-73	29	7.39	34.14	3.465
2014-12-28 05:22:43.603	10701	11001	-73	-97	27
2014-12-28 05:27:53.398	10701	11001	-73	-97	27	7.36	34.17	3.465
2014-12-28 05:42:44.255	10701	11001	-73	-97	38
2014-12-28 05:42:44.271	10701	11001	-73	-97	35	7.33	34.17	3.465
2014-12-28 05:52:48.342	10701	11001	-70	-97	34
2014-12-28 05:57:46.983	10701	11001	-73	-97	32	7.36	34.17	3.465
2014-12-28 06:12:46.694	10701	11001	-73	-97	30	7.33	34.17	3.465
2014-12-28 06:27:47.294	10701	11001	-73	-97	47	7.36	34.17	3.455
2014-12-28 06:52:44.459	10701	11001	-70	-76	39
2014-12-28 06:57:46.959	10701	11001	-76	-73	33	5.33	34.97	3.465
2014-12-28 07:22:43.61	10701	11001	-73	-97	20
2014-12-28 07:27:52.306	10701	11001	-73	-97	20	4.29	35.0	3.455
2014-12-28 07:57:48.998	10701	11001	-73	-73	39	3.78	34.62	3.455
2014-12-28 08:22:53.959	10701	11001	-70	-97	40
2014-12-28 09:12:46.406	10701	11001	-70	-73	48	2.97	34.05	3.455
2014-12-28 10:52:45.249	10701	11001	-70	-73	39
2014-12-28 11:22:48.314	10701	11001	-70	-70	36
2014-12-28 11:27:45.97	10701	11001	-70	-97	38	3.01	33.63	3.455
2014-12-28 11:42:46.279	10701	11001	-70	-97	36	2.89	33.68	3.434
2014-12-28 12:12:44.183	10701	11001	-73	-73	33	2.78	33.74	3.455
2014-12-28 12:22:46.182	10701	11001	-70	-97	33
2014-12-28 12:22:46.199	10701	11001	-70	-97	30
2014-12-28 12:27:46.151	10701	11001	-70	-97	30	2.56	33.72	3.455
2014-12-28 12:42:46.086	10701	11001	-70	-97	30	2.74	33.87	3.455
2014-12-28 13:02:44.707	10701	11001	-70	-73	29
2014-12-28 13:12:44.163	10701	11001	-70	-97	29	2.6	33.62	3.444
2014-12-29 13:52:48.85	10701	11001	-70	-97	10
2014-12-29 13:57:41.855	10701	11001	-70	-97	15	4.39	35.01	3.423
2014-12-29 14:12:42.715	10701	11001	-73	-97	21	3.92	34.63	3.413
2014-12-29 14:22:47.276	10701	11001	-73	-73	19
2014-12-29 14:22:47.29	10701	11001	-73	-97	22
2014-12-29 14:27:42.919	10701	11001	-70	-97	21	3.53	34.63	3.423
2014-12-29 14:42:46.174	10701	11001	-70	-97	20	3.25	34.24	3.413
2014-12-29 14:57:47.587	10701	11001	-73	-97	16	2.75	34.33	3.413
2014-12-29 15:02:44.544	10701	11001	-70	-97	16
2014-12-29 15:12:41.286	10701	11001	-70	-97	13	2.38	34.29	3.413
2014-12-29 15:22:46.351	10701	11001	-70	-73	10
2014-12-29 15:42:41.63	10701	11001	-70	-97	10
2014-12-29 15:52:47.751	10701	11001	-73	-73	10
2014-12-29 15:57:41.734	10701	11001	-70	-97	17	1.7	33.83	3.413
2014-12-29 16:12:43.635	10701	11001	-70	-73	21	1.57	33.69	3.413
2014-12-29 16:22:42.586	10701	11001	-70	-97	21
2014-12-29 16:22:42.596	10701	11001	-70	-97	20
2014-12-29 16:42:43.934	10701	11001	-70	-70	17	0.78	33.81	3.413
2014-12-29 16:57:44.066	10701	11001	-70	-70	17	0.42	33.84	3.413
2014-12-29 17:42:45.478	10701	11001	-70	-97	19
2014-12-29 17:42:45.496	10701	11001	-70	-97	19	-0.14	33.53	3.392
2014-12-29 17:52:45.507	10701	11001	-70	-97	36
2014-12-29 17:57:43.126	10701	11001	-70	-97	36	-0.38	33.44	3.403
2014-12-29 18:12:46.53	10701	11001	-70	-97	31	-0.61	33.51	3.392
2014-12-29 18:22:40.458	10701	11001	-70	-97	36
2014-12-29 18:22:41.435	10701	11001	-70	-97	34
2014-12-29 18:27:41.439	10701	11001	-70	-97	32	-0.78	33.46	3.403
2014-12-29 18:42:42.491	10701	11001	-70	-97	27	-1.02	33.44	3.403
2014-12-29 18:52:45.923	10701	11001	-70	-97	27
2014-12-29 18:57:44.419	10701	11001	-70	-70	25	-1.1	33.4	3.403
2014-12-29 19:02:48.482	10701	11001	-70	-97	25
2014-12-29 19:22:45.474	10701	11001	-70	-97	23
2014-12-29 19:42:44.458	10701	11001	-73	-97	26
2014-12-29 19:52:41.459	10701	11001	-73	-97	26
2014-12-29 20:52:42.786	10701	11001	-73	-97	24
2014-12-29 21:12:41.886	10701	11001	-73	-73	22	-2.0	33.09	3.392
2014-12-29 21:22:45.511	10701	11001	-73	-97	22
2014-12-29 21:27:45.746	10701	11001	-73	-97	22	-2.16	33.01	3.392
2014-12-29 21:57:46.243	10701	11001	-73	-97	17	-3.24	33.52	3.403
2014-12-29 22:57:43.347	10701	11001	-73	-76	16	-4.34	33.58	3.403
2014-12-29 23:02:44.743	10701	11001	-73	-97	16
2014-12-29 23:22:44.354	10701	11001	-73	-97	16
2014-12-29 23:52:44.975	10701	11001	-73	-97	16
2014-12-29 23:57:43.971	10701	11001	-73	-73	16	-4.93	33.23	3.403
2014-12-30 00:27:42.815	10701	11001	-76	-97	22	-5.42	33.18	3.403
2014-12-30 00:52:45.71	10701	11001	-73	-97	19
2014-12-30 00:57:42.654	10701	11001	-73	-97	22	-5.78	33.18	3.392
2014-12-30 01:02:43.708	10701	11001	-73	-97	22
2014-12-30 01:12:46.058	10701	11001	-73	-97	21	-5.82	33.11	3.403
2014-12-30 02:22:45.862	10701	11001	-73	-97	22
2014-12-30 02:22:50.787	10701	11001	-73	-97	22
2014-12-30 02:27:41.79	10701	11001	-73	-97	22	-6.84	33.14	3.392
2014-12-30 03:02:42.731	10701	11001	-73	-73	22
2014-12-30 03:12:41.703	10701	11001	-73	-73	21	-7.52	33.08	3.392
2014-12-30 03:52:44.567	10701	11001	-73	-73	19
2014-12-30 04:12:44.432	10701	11001	-73	-73	19	-7.31	32.78	3.392
2014-12-30 04:22:45.866	10701	11001	-73	-97	18
2014-12-30 04:42:43.37	10701	11001	-73	-73	17	-6.53	32.5	3.392
2014-12-30 04:57:45.79	10701	11001	-73	-73	21	-6.46	32.41	3.392
2014-12-30 05:02:42.714	10701	11001	-73	-97	23
2014-12-30 05:42:40.832	10701	11001	-73	-97	23
2014-12-30 05:57:40.978	10701	11001	-73	-97	23	-6.07	32.45	3.392
2014-12-30 06:22:40.778	10701	11001	-73	-73	21
2014-12-30 06:42:40.89	10701	11001	-73	-73	19	-6.32	32.39	3.392
2014-12-30 06:52:43.894	10701	11001	-73	-97	21
2014-12-30 12:22:47.031	10701	11001	-70	-70	17
2014-12-30 19:42:42.151	10701	11001	-73	-73	10
2014-12-30 19:42:42.164	10701	11001	-73	-97	10	-4.23	33.36	3.362
2014-12-30 19:52:41.058	10701	11001	-73	-97	10
2014-12-30 19:57:39.71	10701	11001	-73	-73	10	-4.31	33.26	3.382
2014-12-30 20:12:45.187	10701	11001	-73	-97	10	-4.32	33.16	3.382
2014-12-30 20:22:40.078	10701	11001	-73	-73	10
2014-12-30 20:22:40.095	10701	11001	-73	-97	10
2014-12-30 20:27:48.247	10701	11001	-70	-97	10	-4.2	33.04	3.382
2014-12-30 20:42:43.167	10701	11001	-73	-97	10	-4.21	32.94	3.382
2014-12-30 21:02:45.934	10701	11001	-73	-97	14
2014-12-30 21:27:40.183	10701	11001	-73	-73	17	-4.18	32.63	3.372
2014-12-30 22:22:40.15	10701	11001	-73	-97	22
2014-12-30 22:42:44.994	10701	11001	-73	-97	20	-5.57	32.56	3.352
2014-12-30 22:52:49.25	10701	11001	-70	-73	19
2014-12-30 22:57:40.21	10701	11001	-70	-97	22	-5.92	32.59	3.362
2014-12-30 23:12:39.968	10701	11001	-73	-97	22	-6.5	32.86	3.362
2014-12-30 23:27:41.263	10701	11001	-70	-73	22	-6.89	32.98	3.362
2014-12-30 23:42:48.306	10701	11001	-70	-97	21	-7.32	33.03	3.342
2014-12-30 23:57:41.879	10701	11001	-70	-73	17	-7.57	33.01	3.362
2014-12-31 00:12:41.259	10701	11001	-70	-70	17	-7.8	32.99	3.362
2014-12-31 00:22:40.279	10701	11001	-70	-70	16
2014-12-31 00:22:40.292	10701	11001	-70	-97	15
2014-12-31 00:27:41.643	10701	11001	-70	-97	15	-7.81	32.86	3.362
2014-12-31 01:22:48.371	10701	11001	-70	-70	15
2014-12-31 01:42:40.399	10701	11001	-70	-70	13
2014-12-31 02:22:39.294	10701	11001	-70	-70	17
2014-12-31 02:22:39.31	10701	11001	-70	-97	17
2014-12-31 02:57:42.046	10701	11001	-70	-73	17	-7.8	32.16	3.352
2014-12-31 03:27:46.191	10701	11001	-70	-70	15	-7.76	32.35	3.352
2014-12-31 04:22:40.971	10701	11001	-70	-70	18
2014-12-31 04:22:40.987	10701	11001	-70	-97	18
2014-12-31 04:27:45.063	10701	11001	-70	-97	18	-7.62	32.11	3.352
2014-12-31 04:57:44.683	10701	11001	-70	-70	17	-7.78	32.16	3.352
2014-12-31 05:12:45.579	10701	11001	-70	-70	17	-7.53	32.5	3.352
2014-12-31 05:22:41.99	10701	11001	-70	-70	13
2014-12-31 05:27:46.386	10701	11001	-70	-97	16	-7.34	32.26	3.352
2014-12-31 05:42:41.162	10701	11001	-70	-70	18
2014-12-31 05:42:41.172	10701	11001	-70	-97	17	-7.23	32.21	3.332
2014-12-31 05:52:43.242	10701	11001	-70	-97	17
2014-12-31 05:57:46.314	10701	11001	-70	-97	17	-7.03	32.1	3.352
2014-12-31 06:22:45.607	10701	11001	-70	-97	35
2014-12-31 06:42:43.211	10701	11001	-70	-73	32	-7.21	32.21	3.352
2014-12-31 07:42:49.351	10701	11001	-70	-70	30	-7.89	32.09	3.332
2014-12-31 08:57:45.043	10701	11001	-70	-70	27	-7.98	32.14	3.342
2014-12-31 09:02:51.042	10701	11001	-70	-97	29
2014-12-31 09:12:46.243	10701	11001	-70	-97	28	-8.07	32.2	3.342
2014-12-31 09:22:39.731	10701	11001	-70	-97	27
2014-12-31 09:27:40.823	10701	11001	-70	-97	26	-7.52	33.46	3.342
2014-12-31 09:42:49.966	10701	11001	-70	-97	23	-6.78	35.12	3.312
2014-12-31 10:22:40.759	10701	11001	-70	-73	21
2014-12-31 10:42:44.295	10701	11001	-70	-97	21	-4.0	34.38	3.342
2014-12-31 10:52:40.823	10701	11001	-70	-97	20
2014-12-31 10:57:43.736	10701	11001	-70	-97	20	-4.41	35.71	3.342
2014-12-31 11:02:45.754	10701	11001	-70	-97	20
2014-12-31 11:22:41.827	10701	11001	-67	-97	18
2014-12-31 11:27:44.283	10701	11001	-70	-97	18	-3.56	35.79	3.352
2014-12-31 11:52:40.866	10701	11001	-70	-70	18
2014-12-31 12:22:40.318	10701	11001	-67	-97	18
2014-12-31 12:57:42.159	10701	11001	-70	-70	19	-0.17	37.51	3.352
2014-12-31 13:12:45.276	10701	11001	-67	-97	19	0.46	35.79	3.352
2014-12-31 13:42:45.262	10701	11001	-70	-70	19	1.01	35.26	3.332
2014-12-31 17:52:43.719	10701	11001	-70	-70	18
2014-12-31 18:22:42.691	10701	11001	-70	-97	20
2014-12-31 18:27:45.822	10701	11001	-70	-97	20	-6.6	33.1	3.342
2014-12-31 18:52:41.657	10701	11001	-70	-70	23
2014-12-31 18:57:39.699	10701	11001	-70	-97	23	-6.82	32.95	3.342
2014-12-31 19:02:38.562	10701	11001	-70	-97	22
2014-12-31 19:12:39.227	10701	11001	-70	-97	22	-6.89	32.88	3.342
2014-12-31 19:22:41.722	10701	11001	-70	-70	22
2014-12-31 19:27:41.995	10701	11001	-70	-97	22	-7.06	32.74	3.342
2014-12-31 20:12:41.298	10701	11001	-70	-70	27	-7.06	32.61	3.342
2014-12-31 20:22:46.742	10701	11001	-70	-97	25
2014-12-31 20:42:42.214	10701	11001	-70	-70	40	-7.38	32.58	3.342
2014-12-31 23:52:39.95	10701	11001	-70	-67	46
2015-01-02 01:52:46.483	10701	11001	-70	-70	10
2015-01-03 17:42:38.362	10701	11001	-73	-97	14
2015-01-03 17:42:38.376	10701	11001	-70	-97	14	5.53	33.57	3.227
2015-01-03 17:52:37.339	10701	11001	-73	-97	19
2015-01-03 17:57:38.983	10701	11001	-73	-97	18	5.46	33.56	3.255
2015-01-03 18:27:38.351	10701	11001	-73	-97	17	5.43	33.63	3.246
2015-01-03 18:42:36.358	10701	11001	-73	-73	16	5.42	33.63	3.255
2015-01-03 18:52:42.339	10701	11001	-70	-97	16
2015-01-03 19:42:43.483	10701	11001	-73	-73	38	6.2	33.6	3.227
2015-01-03 22:22:47.61	10701	11001	-70	-97	23
2015-01-03 22:27:42.475	10701	11001	-73	-97	25	9.0	33.73	3.227
2015-01-03 22:42:37.105	10701	11001	-70	-97	27	9.24	33.78	3.236
2015-01-03 22:52:36.45	10701	11001	-73	-97	22
2015-01-03 22:57:38.638	10701	11001	-70	-97	21	9.47	33.81	3.246
2015-01-03 23:02:34.707	10701	11001	-70	-97	21
2015-01-03 23:12:36.654	10701	11001	-73	-97	21	9.67	33.79	3.246
2015-01-03 23:22:34.423	10701	11001	-70	-97	24
2015-01-03 23:27:34.571	10701	11001	-70	-97	24	9.81	33.87	3.246
2015-01-03 23:42:36.482	10701	11001	-70	-97	25
2015-01-03 23:42:36.49	10701	11001	-70	-97	25	9.72	34.0	3.227
2015-01-03 23:52:42.463	10701	11001	-70	-97	25
2015-01-03 23:57:36.982	10701	11001	-73	-97	26	9.78	34.14	3.246
2015-01-04 00:12:34.458	10701	11001	-73	-97	23	9.95	34.22	3.255
2015-01-04 00:22:34.305	10701	11001	-70	-97	20
2015-01-04 00:22:34.32	10701	11001	-73	-97	20
2015-01-04 00:27:36.794	10701	11001	-70	-97	20	10.45	34.13	3.255
2015-01-04 00:42:34.366	10701	11001	-70	-97	19	10.74	34.06	3.264
2015-01-04 00:52:40.406	10701	11001	-73	-97	20
2015-01-04 01:02:34.459	10701	11001	-73	-97	30
2015-01-04 01:12:36.699	10701	11001	-73	-97	28	11.02	34.19	3.264
2015-01-04 01:27:35.31	10701	11001	-73	-97	29	11.18	34.2	3.264
2015-01-04 01:42:35.134	10701	11001	-73	-97	27
2015-01-04 01:42:35.159	10701	11001	-73	-97	27	11.15	34.27	3.246
2015-01-04 01:52:35.702	10701	11001	-73	-97	34
2015-01-04 01:57:37.614	10701	11001	-73	-97	34	11.31	34.31	3.264
2015-01-04 02:27:37.098	10701	11001	-73	-73	32	11.36	34.49	3.264
2015-01-04 03:27:40.567	10701	11001	-73	-73	29	11.86	34.53	3.274
2015-01-04 03:42:44.146	10701	11001	-73	-97	31	11.93	34.61	3.255
2015-01-04 04:12:44.058	10701	11001	-76	-73	31	12.11	34.69	3.283
2015-01-04 04:22:35.898	10701	11001	-73	-79	28
2015-01-04 04:22:35.916	10701	11001	-73	-97	28
2015-01-04 04:42:39.674	10701	11001	-73	-97	28	12.47	34.73	3.274
2015-01-04 04:52:35.894	10701	11001	-73	-97	30
2015-01-04 04:57:33.95	10701	11001	-73	-97	30	12.47	34.79	3.274
2015-01-04 05:02:34.05	10701	11001	-73	-97	30
2015-01-04 05:12:34.906	10701	11001	-70	-97	28	12.57	34.87	3.283
2015-01-04 05:27:36.22	10701	11001	-73	-73	19	12.7	34.88	3.274
2015-01-04 05:42:34.915	10701	11001	-70	-97	18
2015-01-04 05:42:34.931	10701	11001	-70	-97	18	12.61	34.94	3.255
2015-01-04 05:52:41.934	10701	11001	-73	-97	17
2015-01-04 05:57:35.358	10701	11001	-73	-73	17	12.5	35.0	3.283
2015-01-04 06:12:38.887	10701	11001	-73	-97	25	12.57	35.07	3.274
2015-01-04 06:22:33.858	10701	11001	-70	-97	26
2015-01-04 06:22:33.89	10701	11001	-73	-97	26
2015-01-04 06:27:37.987	10701	11001	-73	-97	24	12.6	35.07	3.283
2015-01-04 06:42:35.994	10701	11001	-73	-73	24	12.61	35.07	3.283
2015-01-04 06:57:38.839	10701	11001	-70	-97	19	12.54	35.07	3.274
2015-01-04 07:02:45.886	10701	11001	-73	-97	17
2015-01-04 07:12:36.883	10701	11001	-70	-97	23	12.39	35.19	3.274
2015-01-04 07:22:36.751	10701	11001	-70	-73	21
2015-01-04 07:27:37.658	10701	11001	-70	-97	20	12.27	35.21	3.283
2015-01-04 07:42:37.746	10701	11001	-73	-97	22
2015-01-04 07:42:38.062	10701	11001	-73	-97	22	12.39	35.22	3.255
2015-01-04 07:52:38.546	10701	11001	-70	-97	22
2015-01-04 07:57:34.414	10701	11001	-73	-97	24	12.64	35.08	3.283
2015-01-04 08:12:37.159	10701	11001	-73	-97	22	12.93	34.9	3.274
2015-01-04 08:22:33.403	10701	11001	-73	-97	21
2015-01-04 08:22:34.219	10701	11001	-73	-97	21
2015-01-04 08:27:34.336	10701	11001	-70	-73	20	13.28	34.77	3.274
2015-01-04 08:42:36.894	10701	11001	-70	-97	20	13.56	34.66	3.274
2015-01-04 08:52:34.491	10701	11001	-73	-97	21
2015-01-04 08:57:38.663	10701	11001	-73	-97	20	13.96	34.56	3.274
2015-01-04 09:02:38.798	10701	11001	-70	-97	20
2015-01-04 09:12:39.423	10701	11001	-73	-97	18	14.33	34.5	3.283
2015-01-04 09:22:39.067	10701	11001	-73	-97	22
2015-01-04 09:27:35.131	10701	11001	-70	-97	22	14.77	34.4	3.274
2015-01-04 09:42:34.274	10701	11001	-73	-97	25
2015-01-04 09:42:34.287	10701	11001	-73	-97	25	15.07	34.4	3.255
2015-01-04 09:52:46.242	10701	11001	-76	-97	21
2015-01-04 09:57:35.828	10701	11001	-73	-97	28	15.39	34.46	3.264
2015-01-04 10:12:33.876	10701	11001	-70	-97	28	15.2	34.78	3.264
2015-01-04 10:27:45.566	10701	11001	-76	-97	29	15.32	34.86	3.264
2015-01-04 10:42:35.176	10701	11001	-79	-97	24	14.93	35.2	3.264
2015-01-04 10:52:39.362	10701	11001	-73	-97	19
2015-01-04 10:57:35.166	10701	11001	-73	-97	22	14.0	35.88	3.264
2015-01-04 11:12:33.875	10701	11001	-73	-97	19	14.43	35.65	3.264
2015-01-04 11:22:32.73	10701	11001	-73	-70	18
2015-01-04 11:27:33.195	10701	11001	-73	-73	16	14.52	35.19	3.274
2015-01-04 11:42:41.866	10701	11001	-73	-73	21	13.43	35.89	3.255
2015-01-04 11:52:32.527	10701	11001	-73	-97	24
2015-01-04 11:57:33.638	10701	11001	-70	-73	24	13.43	35.82	3.283
2015-01-04 12:12:33.095	10701	11001	-73	-97	24	13.15	35.43	3.283
2015-01-04 12:22:32.579	10701	11001	-70	-73	24
2015-01-04 12:22:32.595	10701	11001	-70	-97	24
2015-01-04 12:27:35.927	10701	11001	-70	-97	22	12.06	36.32	3.293
2015-01-04 12:42:33.543	10701	11001	-73	-97	22	11.6	36.51	3.293
2015-01-04 12:52:41.087	10701	11001	-70	-97	21
2015-01-04 12:57:42.642	10701	11001	-70	-73	32	11.52	36.23	3.283
2015-01-04 13:02:32.958	10701	11001	-67	-97	33
2015-01-04 13:12:33.454	10701	11001	-70	-97	32	10.82	36.56	3.283
2015-01-04 13:27:32.627	10701	11001	-73	-97	32	11.46	35.9	3.264
2015-01-04 13:42:34.026	10701	11001	-73	-97	30
2015-01-04 13:42:34.111	10701	11001	-73	-97	30	11.39	35.29	3.255
2015-01-04 13:52:37.298	10701	11001	-70	-97	32
2015-01-04 13:57:32.523	10701	11001	-73	-97	27	11.79	35.53	3.274
2015-01-04 14:42:42.322	10701	11001	-70	-73	18	12.95	35.04	3.283
2015-01-04 15:42:38.302	10701	11001	-73	-73	35
2015-01-04 15:42:38.319	10701	11001	-73	-97	35	10.22	35.91	3.255
2015-01-04 16:12:35.591	10701	11001	-70	-76	35	9.32	35.75	3.274
2015-01-04 16:22:32.182	10701	11001	-70	-97	33
2015-01-04 16:22:32.202	10701	11001	-70	-97	33
2015-01-04 16:27:33.226	10701	11001	-70	-97	33	8.57	35.88	3.274
2015-01-04 16:42:35.57	10701	11001	-73	-73	33	8.14	35.8	3.283
2015-01-04 16:52:33.239	10701	11001	-73	-97	29
2015-01-04 16:57:34.287	10701	11001	-70	-73	28	7.68	35.66	3.274
2015-01-04 17:02:37.258	10701	11001	-67	-97	28
2015-01-04 17:12:34.354	10701	11001	-73	-97	26	7.25	35.55	3.274
2015-01-04 17:22:32.068	10701	11001	-70	-97	25
2015-01-04 17:27:33.547	10701	11001	-70	-97	25	6.79	35.44	3.274
2015-01-04 17:42:36.307	10701	11001	-70	-97	21
2015-01-04 17:42:36.32	10701	11001	-70	-97	23	6.21	35.45	3.255
2015-01-04 17:52:33.583	10701	11001	-73	-97	21
2015-01-04 17:57:33.074	10701	11001	-73	-97	20	5.74	35.4	3.264
2015-01-04 18:12:32.611	10701	11001	-70	-97	19	5.33	35.3	3.274
2015-01-04 18:22:36.515	10701	11001	-70	-97	18
2015-01-04 18:22:36.527	10701	11001	-70	-97	18
2015-01-04 18:42:34.239	10701	11001	-70	-73	12	4.74	34.98	3.264
2015-01-04 18:52:32.191	10701	11001	-70	-73	12
2015-01-04 18:57:34.265	10701	11001	-70	-97	12	4.33	34.87	3.255
2015-01-04 19:02:38.706	10701	11001	-73	-97	12
2015-01-04 19:12:38.362	10701	11001	-70	-97	19	3.57	35.22	3.255
2015-01-04 19:42:33.242	10701	11001	-73	-73	18
2015-01-04 19:42:33.259	10701	11001	-73	-97	18	3.25	34.96	3.227
2015-01-04 19:52:34.226	10701	11001	-70	-97	18
2015-01-04 19:57:33.398	10701	11001	-73	-97	17	3.28	34.7	3.255
2015-01-04 20:22:34.663	10701	11001	-70	-73	17
2015-01-04 20:22:35.147	10701	11001	-70	-97	17
2015-01-04 20:27:35.727	10701	11001	-73	-73	17	3.03	34.29	3.255
2015-01-04 20:52:34.179	10701	11001	-73	-97	16
2015-01-04 20:57:33.218	10701	11001	-67	-67	15	1.38	34.94	3.246
2015-01-04 21:02:36.25	10701	11001	-67	-97	15
2015-01-04 21:12:39.738	10701	11001	-70	-97	22	1.11	35.01	3.246
2015-01-04 21:22:34.158	10701	11001	-67	-97	22
2015-01-04 21:27:36.111	10701	11001	-70	-97	22	1.14	34.75	3.246
2015-01-04 22:22:33.123	10701	11001	-70	-70	22
2015-01-04 22:22:33.159	10701	11001	-70	-97	22
2015-01-04 22:27:32.102	10701	11001	-70	-70	19	1.39	33.87	3.218
2015-01-04 22:52:34.338	10701	11001	-70	-97	19
2015-01-04 23:02:34.366	10701	11001	-70	-97	19
2015-01-04 23:02:35.495	10701	11001	-70	-97	19
2015-01-04 23:22:36.666	10701	11001	-73	-70	19
2015-01-04 23:27:32.194	10701	11001	-70	-70	21	0.72	33.67	3.227
2015-01-04 23:42:34.422	10701	11001	-70	-97	21
2015-01-05 00:12:32.802	10701	11001	-73	-73	19	0.0	33.7	3.218
2015-01-05 00:22:38.653	10701	11001	-73	-97	19
2015-01-05 00:27:33.315	10701	11001	-70	-73	19	-0.2	33.68	3.218
2015-01-05 00:42:32.283	10701	11001	-70	-97	19	-0.5	33.69	3.218
2015-01-05 00:52:33.275	10701	11001	-70	-97	19
2015-01-05 00:57:32.999	10701	11001	-67	-97	18	-0.79	33.66	3.218
2015-01-05 01:02:31.595	10701	11001	-70	-73	18
2015-01-05 01:12:38.819	10701	11001	-70	-73	13	-0.92	33.65	3.218
2015-01-05 01:22:35.222	10701	11001	-70	-70	23
2015-01-05 01:27:35.222	10701	11001	-70	-67	23	-0.98	33.51	3.2
2015-01-05 01:52:32.983	10701	11001	-70	-70	23
2015-01-05 02:22:46.382	10701	11001	-73	-97	20
2015-01-05 03:02:36.347	10701	11001	-70	-73	20
2015-01-05 03:42:34.218	10701	11001	-73	-97	19
2015-01-05 03:52:31.619	10701	11001	-76	-73	18
2015-01-05 03:57:34.375	10701	11001	-73	-97	18	-2.71	33.22	3.2
2015-01-05 04:22:32.246	10701	11001	-73	-97	18
2015-01-05 04:22:32.446	10701	11001	-73	-97	18
2015-01-05 04:27:34.195	10701	11001	-73	-97	17	-3.11	33.08	3.181
2015-01-05 04:42:36.282	10701	11001	-73	-73	16	-3.38	33.09	3.181
2015-01-05 04:52:34.203	10701	11001	-73	-97	15
2015-01-05 04:57:35.178	10701	11001	-73	-97	15	-3.49	33.08	3.181
2015-01-05 05:12:32.347	10701	11001	-70	-97	11	-3.64	33.0	3.181
2015-01-05 05:22:31.231	10701	11001	-70	-97	16
2015-01-05 05:27:31.306	10701	11001	-73	-97	16	-3.82	32.98	3.172
2015-01-05 05:42:31.954	10701	11001	-76	-73	16
2015-01-05 05:42:31.966	10701	11001	-76	-97	16	-4.16	32.89	3.146
2015-01-05 05:52:33.315	10701	11001	-73	-97	15
2015-01-05 05:57:35.587	10701	11001	-73	-97	15	-4.34	33.0	3.181
2015-01-05 06:12:36.334	10701	11001	-76	-70	15	-4.43	32.86	3.181
2015-01-05 06:22:32.15	10701	11001	-76	-73	15
2015-01-05 06:22:32.163	10701	11001	-76	-97	15
2015-01-05 06:27:40.039	10701	11001	-73	-73	15	-4.71	32.8	3.172
2015-01-05 06:42:31.854	10701	11001	-73	-73	27	-5.0	32.81	3.172
2015-01-05 07:02:33.45	10701	11001	-73	-73	25
2015-01-05 07:22:31.294	10701	11001	-73	-76	25
2015-01-05 07:27:37.574	10701	11001	-70	-97	25	-6.53	33.17	3.164
