result_time	node_id	parent_id	stats_frssi	stats_brssi	etx	temperature	humidity	voltage
2014-12-01 00:04:00.354	20031	20551	-70	-79	10
2014-12-01 00:13:49.166	20031	20551	-68	-79	10
2014-12-01 00:23:53.083	20031	20551	-67	-79	10	16.47	76.97	3.681
2014-12-01 00:53:59.138	20031	20551	-70	-79	10
2014-12-01 04:54:07.49	20031	20551	-66	-97	14	13.5	76.61	3.681
2014-12-01 04:54:07.739	20031	20551	-66	-97	14	13.5	76.61	3.681
2014-12-01 04:54:10.244	20031	20551	-66	-97	14	13.5	76.61	3.681
2014-12-01 05:38:49.674	20031	20551	-68	-76	10	13.25	76.66	3.681
2014-12-01 06:08:52.722	20031	20551	-70	-76	10	12.67	76.31	3.681
2014-12-01 06:13:53.75	20031	20551	-72	-97	10
2014-12-01 07:33:55.287	20031	20551	-68	-76	10
2014-12-01 08:03:54.667	20031	20551	-68	-76	10
2014-12-01 08:08:49.247	20031	20551	-67	-97	10	8.86	75.95	3.681
2014-12-01 08:13:53.579	20031	20551	-68	-97	10
2014-12-01 11:33:53.634	20031	20551	-68	-79	10
2014-12-01 11:53:48.086	20031	20551	-68	-79	10	5.56	75.86	3.669
2014-12-01 12:33:52.158	20031	20551	-70	-76	10
2014-12-01 13:03:57.162	20031	20551	-70	-79	10
2014-12-01 13:23:51.975	20031	20551	-68	-79	10	3.97	75.5	3.669
2014-12-01 13:33:54.015	20031	20551	-69	-97	10
2014-12-01 13:33:54.03	20031	20551	-69	-97	10
2014-12-01 13:38:50.407	20031	20551	-68	-97	10	3.57	75.57	3.669
2014-12-01 13:53:56.31	20031	20551	-67	-79	10	3.32	75.46	3.669
2014-12-01 14:03:49.047	20031	20551	-68	-97	10
2014-12-01 16:08:49.611	20031	20551	-67	-82	10	2.43	75.67	3.669
2014-12-01 16:08:50.802	20031	20551	-67	-82	10	2.43	75.67	3.669
2014-12-01 16:13:50.231	20031	20551	-69	-97	10
2014-12-01 16:13:51.435	20031	20551	-69	-97	10
2014-12-01 16:13:53.243	20031	20551	-69	-97	10
2014-12-01 16:13:53.475	20031	20551	-69	-97	10
2014-12-01 16:23:55.307	20031	20551	-68	-97	10	2.25	75.61	3.669
2014-12-01 16:33:49.711	20031	20551	-68	-97	10
2014-12-01 16:38:48.963	20031	20551	-68	-97	10	2.1	75.55	3.669
2014-12-01 17:33:52.714	20031	20551	-67	-76	10
2014-12-01 17:38:48.674	20031	20551	-68	-97	10	1.31	75.38	3.669
2014-12-01 17:53:49.278	20031	20551	-67	-79	10	1.2	75.46	3.669
2014-12-01 18:03:50.883	20031	20551	-68	-97	10
2014-12-01 18:03:53.255	20031	20551	-68	-97	10
2014-12-01 18:08:49.583	20031	20551	-68	-97	10	1.11	75.51	3.669
2014-12-01 18:33:49.499	20031	20551	-67	-79	10
2014-12-01 18:53:49.495	20031	20551	-68	-79	10
2014-12-01 19:03:56.546	20031	20551	-69	-97	10
2014-12-01 19:08:50.694	20031	20551	-68	-97	10	0.85	75.51	3.669
2014-12-01 19:38:48.454	20031	20551	-70	-76	10	0.7	75.47	3.669
2014-12-01 20:08:48.006	20031	20551	-68	-79	10	0.42	75.39	3.669
2014-12-01 20:33:47.078	20031	20551	-68	-79	10
2014-12-01 20:38:51.015	20031	20551	-68	-97	10	0.21	75.37	3.669
2014-12-01 20:53:49.15	20031	20551	-68	-79	10
2014-12-01 20:53:49.17	20031	20551	-68	-97	10	0.06	75.31	3.669
2014-12-01 21:38:49.59	20031	20551	-68	-97	10	-0.39	75.22	3.669
2014-12-01 23:09:00.938	20031	20551	-69	-97	10	-1.48	75.11	3.657
2014-12-01 23:23:50.902	20031	20551	-71	-82	11	-1.53	75.09	3.657
2014-12-02 00:33:51.342	20031	20551	-73	-79	11
2014-12-02 00:38:48.475	20031	20551	-73	-97	11	-2.17	75.15	3.657
2014-12-02 00:53:51.83	20031	20551	-74	-97	11
2014-12-02 02:03:52.283	20031	20551	-72	-97	12
2014-12-02 04:14:01.11	20031	20551	-73	-97	11
2014-12-02 04:38:51.487	20031	20551	-72	-97	11	-3.39	74.99	3.657
2014-12-02 04:53:55.967	20031	20551	-72	-82	11	-3.43	74.95	3.657
2014-12-02 05:03:50.287	20031	20551	-72	-97	11
2014-12-02 05:08:47.418	20031	20551	-73	-97	11	-3.43	75.07	3.657
2014-12-02 05:23:52.462	20031	20551	-72	-97	11	-3.24	75.24	3.657
2014-12-02 05:33:50.262	20031	20551	-72	-82	10
2014-12-02 06:08:57.366	20031	20551	-71	-97	10	-3.1	75.1	3.657
2014-12-02 06:33:51.214	20031	20551	-72	-82	10
2014-12-02 07:53:51.947	20031	20551	-72	-97	10	-2.82	75.56	3.657
2014-12-02 08:08:56.391	20031	20551	-68	-79	10	-2.38	75.73	3.657
2014-12-02 08:13:53.931	20031	20551	-70	-97	10
2014-12-02 08:23:49.451	20031	20551	-70	-97	10	-2.02	75.69	3.657
2014-12-02 08:53:51.366	20031	20551	-69	-79	13
2014-12-02 08:53:51.382	20031	20551	-69	-97	13	-1.43	75.62	3.657
2014-12-02 09:03:49.151	20031	20551	-70	-79	12
2014-12-02 09:08:47.298	20031	20551	-70	-97	12	-1.24	75.62	3.657
2014-12-02 09:38:57.147	20031	20551	-69	-97	10	-0.78	75.57	3.657
2014-12-02 10:03:50.099	20031	20551	-70	-76	10
2014-12-02 10:08:49.199	20031	20551	-68	-97	10	-0.39	75.75	3.657
2014-12-02 10:38:50.447	20031	20551	-69	-79	10	0.08	75.71	3.657
2014-12-02 11:03:48.602	20031	20551	-69	-97	10
2014-12-02 11:23:49.838	20031	20551	-68	-79	10	0.47	75.67	3.657
2014-12-02 11:38:47.654	20031	20551	-68	-97	10	0.57	75.62	3.657
2014-12-02 12:03:51.19	20031	20551	-69	-97	10
2014-12-02 12:03:53.147	20031	20551	-69	-97	10
2014-12-02 12:03:54.115	20031	20551	-69	-97	10
2014-12-02 12:08:50.139	20031	20551	-67	-97	10	0.89	75.78	3.657
2014-12-02 12:13:48.787	20031	20551	-68	-97	10
2014-12-02 12:53:49.251	20031	20551	-68	-79	10
2014-12-02 14:03:48.123	20031	20551	-68	-76	10
2014-12-02 14:08:47.656	20031	20551	-67	-97	10	2.33	75.85	3.645
2014-12-02 16:13:55.262	20031	20551	-66	-76	10
2014-12-02 21:08:49.238	20031	20551	-66	-76	10	4.2	75.95	3.645
2014-12-02 22:53:52.746	20031	20551	-66	-76	10
2014-12-02 23:23:59.739	20031	20551	-65	-76	10	5.14	76.05	3.645
2014-12-03 00:33:53.095	20031	20551	-65	-76	10
2014-12-03 00:53:49.674	20031	20551	-65	-97	11	5.9	76.04	3.645
2014-12-03 01:53:57.028	20031	20551	-65	-76	10	6.07	76.07	3.645
2014-12-03 02:03:54.371	20031	20551	-64	-97	10
2014-12-03 02:24:00.455	20031	20551	-65	-97	10	6.11	76.05	3.645
2014-12-03 03:08:57.415	20031	20551	-65	-76	10	6.04	75.97	3.645
2014-12-03 03:38:53.555	20031	20551	-65	-97	10	5.92	75.94	3.645
2014-12-03 04:33:54.086	20031	20551	-64	-76	10
2014-12-03 04:38:57.119	20031	20551	-64	-97	10	5.47	75.85	3.645
2014-12-03 05:23:53.499	20031	20551	-65	-76	10	5.18	75.86	3.645
2014-12-03 05:33:47.686	20031	20551	-66	-73	10
2014-12-03 05:33:47.867	20031	20551	-66	-97	10
2014-12-03 06:23:49.535	20031	20551	-66	-76	10	4.54	75.7	3.645
2014-12-03 06:53:49.723	20031	20551	-64	-76	10
2014-12-03 07:03:47.987	20031	20551	-65	-97	10
2014-12-03 07:08:51.178	20031	20551	-65	-97	10	4.29	75.7	3.645
2014-12-03 07:33:53.61	20031	20551	-65	-97	10
2014-12-03 07:33:53.626	20031	20551	-65	-97	10
2014-12-03 07:38:53.399	20031	20551	-66	-97	10	4.14	75.74	3.645
2014-12-03 07:53:49.491	20031	20551	-66	-73	10	4.14	75.79	3.645
2014-12-03 08:03:48.708	20031	20551	-66	-76	10
2014-12-03 08:23:51.438	20031	20551	-65	-76	10	4.14	75.81	3.645
2014-12-03 09:23:47.367	20031	20551	-66	-73	10	4.24	75.86	3.645
2014-12-03 09:38:48.347	20031	20551	-63	-97	10	4.24	75.81	3.645
2014-12-03 10:03:52.238	20031	20551	-65	-76	10
2014-12-03 10:08:54.358	20031	20551	-66	-97	10	4.04	75.72	3.645
2014-12-03 10:13:53.642	20031	20551	-70	-76	10
2014-12-03 10:23:48.082	20031	20551	-67	-97	11	3.92	75.69	3.645
2014-12-03 11:53:46.207	20031	20551	-66	-79	11	3.88	75.68	3.645
2014-12-03 12:03:53.398	20031	20551	-65	-79	11
2014-12-03 12:13:51.37	20031	20551	-65	-76	11
2014-12-03 12:38:52.643	20031	20551	-68	-82	11	3.56	75.76	3.645
2014-12-03 13:08:49.79	20031	20551	-68	-97	13	3.68	75.79	3.645
2014-12-03 13:23:48.682	20031	20551	-68	-97	13	3.81	75.86	3.645
2014-12-03 13:23:52.51	20031	20551	-68	-97	13	3.81	75.86	3.645
2014-12-03 13:38:48.735	20031	20551	-66	-76	13	3.96	75.95	3.645
2014-12-03 14:23:49.054	20031	20551	-65	-76	11	3.82	75.77	3.645
2014-12-03 14:53:47.351	20031	20551	-66	-79	13
2014-12-03 15:03:58.517	20031	20551	-69	-79	14
2014-12-03 15:53:52.202	20031	20551	-65	-76	14	3.78	75.66	3.645
2014-12-03 16:38:48.498	20031	20551	-68	-97	11	3.38	75.53	3.645
2014-12-03 16:53:48.518	20031	20551	-67	-97	10	3.15	75.48	3.645
2014-12-03 17:03:57.462	20031	20551	-68	-97	10
2014-12-03 17:38:51.211	20031	20551	-66	-76	10	2.28	75.34	3.645
2014-12-03 18:03:49.767	20031	20551	-66	-97	10
2014-12-03 18:08:47.079	20031	20551	-66	-76	10	1.7	75.32	3.645
2014-12-03 18:13:47.906	20031	20551	-66	-97	10
2014-12-03 18:38:46.502	20031	20551	-66	-76	10	1.26	75.3	3.645
2014-12-03 18:53:49.534	20031	20551	-67	-97	10	1.1	75.37	3.645
2014-12-03 19:53:50.018	20031	20551	-67	-79	10	0.57	75.33	3.645
2014-12-03 20:33:56.254	20031	20551	-66	-97	10
2014-12-03 20:38:49.366	20031	20551	-66	-97	10	0.25	75.36	3.645
2014-12-03 20:53:50.399	20031	20551	-67	-97	10
2014-12-03 20:53:50.418	20031	20551	-67	-97	10	0.14	75.33	3.645
2014-12-03 21:08:57.55	20031	20551	-66	-97	11	0.0	75.4	3.645
2014-12-03 21:24:00.451	20031	20551	-66	-97	11	-0.13	75.32	3.645
2014-12-03 21:33:45.719	20031	20551	-67	-79	10
2014-12-03 21:53:47.826	20031	20551	-69	-73	10	-0.32	75.38	3.645
2014-12-03 23:03:55.198	20031	20551	-67	-76	10
2014-12-03 23:23:50.358	20031	20551	-67	-79	10	-0.68	75.35	3.645
2014-12-03 23:53:53.69	20031	20551	-68	-76	10	-0.84	75.36	3.645
2014-12-04 00:23:48.467	20031	20551	-67	-79	10	-1.1	75.31	3.645
2014-12-04 00:33:49.734	20031	20551	-67	-79	11
2014-12-04 01:53:53.574	20031	20551	-68	-97	10	-1.67	75.23	3.633
2014-12-04 02:03:48.082	20031	20551	-69	-79	10
2014-12-04 02:13:48.574	20031	20551	-68	-97	10
2014-12-04 02:33:47.535	20031	20551	-68	-79	10
2014-12-04 02:38:55.475	20031	20551	-68	-97	10	-1.86	75.26	3.645
2014-12-04 04:38:50.894	20031	20551	-71	-79	11	-2.99	75.12	3.633
2014-12-04 05:08:53.138	20031	20551	-70	-97	11	-3.14	75.11	3.633
2014-12-04 05:23:50.987	20031	20551	-70	-97	11	-3.17	75.2	3.633
2014-12-04 05:33:48.807	20031	20551	-70	-79	11
2014-12-04 05:38:50.447	20031	20551	-70	-97	11	-3.0	75.36	3.633
2014-12-04 06:03:50.634	20031	20551	-70	-76	11
2014-12-04 06:33:57.063	20031	20551	-70	-82	11
2014-12-04 06:53:47.114	20031	20551	-70	-97	12
2014-12-04 07:03:49.011	20031	20551	-69	-97	12
2014-12-04 07:08:50.29	20031	20551	-70	-97	12	-2.74	75.39	3.633
2014-12-04 07:33:51.979	20031	20551	-70	-97	11
2014-12-04 07:33:51.994	20031	20551	-70	-82	11
2014-12-04 07:38:47.114	20031	20551	-70	-97	11	-2.54	75.34	3.633
2014-12-04 08:13:49.614	20031	20551	-70	-82	11
2014-12-04 08:23:53.175	20031	20551	-69	-97	11	-2.0	75.65	3.633
2014-12-04 08:53:50.459	20031	20551	-68	-97	11
2014-12-04 09:33:48.918	20031	20551	-69	-97	11
2014-12-04 09:33:48.938	20031	20551	-69	-76	11
2014-12-04 10:08:48.023	20031	20551	-67	-79	11	0.17	76.04	3.633
2014-12-04 10:13:48.578	20031	20551	-69	-97	11
2014-12-04 10:23:54.466	20031	20551	-67	-97	14	0.54	76.15	3.633
2014-12-04 10:53:53.05	20031	20551	-69	-79	14
2014-12-04 10:53:53.07	20031	20551	-68	-97	14	0.93	76.08	3.633
2014-12-04 11:23:54.827	20031	20551	-68	-79	15	2.33	76.58	3.633
2014-12-04 11:33:49.806	20031	20551	-67	-97	15
2014-12-04 11:38:52.018	20031	20551	-66	-97	15	3.25	76.41	3.633
2014-12-04 12:13:46.198	20031	20551	-66	-79	14
2014-12-04 13:33:56.814	20031	20551	-67	-76	11
2014-12-04 14:53:58.891	20031	20551	-67	-79	10	3.71	75.5	3.633
2014-12-04 15:33:48.622	20031	20551	-67	-76	10
2014-12-04 16:53:45.838	20031	20551	-68	-76	11
2014-12-04 17:23:49.942	20031	20551	-68	-79	11	0.38	74.89	3.633
2014-12-04 18:33:51.758	20031	20551	-68	-79	11
2014-12-04 21:08:48.371	20031	20551	-70	-79	11	-2.6	75.3	3.633
2014-12-04 21:33:51.463	20031	20551	-71	-97	12
2014-12-04 21:33:51.607	20031	20551	-71	-97	12
2014-12-04 23:38:49.479	20031	20551	-69	-97	11	-0.96	75.58	3.633
2014-12-05 01:08:46.232	20031	20551	-68	-79	10	-1.0	75.43	3.633
2014-12-05 02:04:09.071	20031	20551	-68	-97	10
2014-12-05 03:33:47.327	20031	20551	-67	-97	10
2014-12-05 04:38:47.995	20031	20551	-68	-97	10	0.0	75.59	3.633
2014-12-05 07:33:52.116	20031	20551	-68	-97	10
2014-12-05 07:33:56.132	20031	20551	-68	-76	10
2014-12-05 07:38:52.215	20031	20551	-67	-97	10	0.78	75.69	3.633
2014-12-05 08:03:49.559	20031	20551	-67	-76	10
2014-12-05 12:13:47.894	20031	20551	-67	-76	10
2014-12-05 12:38:48.091	20031	20551	-67	-76	10	4.43	76.02	3.633
2014-12-05 12:53:50.57	20031	20551	-66	-76	10
2014-12-05 12:53:50.598	20031	20551	-66	-97	10	4.46	76.0	3.621
2014-12-05 13:03:55.059	20031	20551	-66	-97	10
2014-12-05 13:23:52.938	20031	20551	-66	-76	10	4.5	75.96	3.633
2014-12-05 13:33:55.822	20031	20551	-67	-97	11
2014-12-05 13:53:50.506	20031	20551	-66	-97	11	4.58	75.98	3.633
2014-12-05 14:03:48.69	20031	20551	-66	-76	10
2014-12-05 19:23:47.554	20031	20551	-68	-79	10	5.29	76.06	3.633
2014-12-05 23:53:48.918	20031	20551	-69	-79	10	5.61	76.1	3.633
2014-12-06 00:13:49.862	20031	20551	-68	-97	10
2014-12-06 02:13:49.014	20031	20551	-68	-76	10
2014-12-06 02:53:53.775	20031	20551	-68	-76	11
2014-12-06 03:08:50.079	20031	20551	-68	-76	10	5.68	76.14	3.633
2014-12-06 03:38:52.15	20031	20551	-68	-76	10	5.76	76.16	3.633
2014-12-06 03:53:49.118	20031	20551	-69	-97	10	5.79	76.16	3.633
2014-12-06 04:03:47.798	20031	20551	-68	-97	10
2014-12-06 04:33:47.759	20031	20551	-68	-97	14
2014-12-06 04:38:51.002	20031	20551	-68	-76	13	5.79	76.14	3.633
2014-12-06 05:03:55.799	20031	20551	-69	-76	12
2014-12-06 05:08:48.927	20031	20551	-69	-97	12	5.82	76.14	3.633
2014-12-06 06:53:51.678	20031	20551	-69	-97	14
2014-12-06 07:38:50.767	20031	20551	-68	-79	13	5.57	76.04	3.633
2014-12-06 08:03:50.482	20031	20551	-69	-79	13
2014-12-06 08:08:49.851	20031	20551	-69	-97	13	5.51	76.05	3.633
2014-12-06 09:08:48.702	20031	20551	-70	-79	12	5.32	76.04	3.633
2014-12-06 09:34:00.479	20031	20551	-69	-76	12
2014-12-06 09:38:58.646	20031	20551	-68	-97	12	5.33	76.01	3.633
2014-12-06 09:53:50.146	20031	20551	-67	-97	12	5.29	76.08	3.633
2014-12-06 10:03:49.33	20031	20551	-69	-97	12
2014-12-06 10:08:44.482	20031	20551	-69	-79	11	5.32	76.09	3.633
2014-12-06 10:13:52.046	20031	20551	-70	-97	11
2014-12-06 10:53:49.495	20031	20551	-70	-97	10
2014-12-06 10:53:49.514	20031	20551	-70	-97	10	5.51	76.18	3.633
2014-12-06 20:08:53.89	20031	20551	-73	-76	10	1.67	75.46	3.633
2014-12-06 20:38:54.986	20031	20551	-71	-82	10	1.43	75.68	3.633
2014-12-06 22:03:49.63	20031	20551	-66	-97	10
2014-12-06 22:08:48.734	20031	20551	-67	-76	10	2.18	75.94	3.621
2014-12-06 22:13:50.299	20031	20551	-69	-76	10
2014-12-06 22:38:43.719	20031	20551	-67	-76	10	2.21	75.92	3.621
2014-12-06 22:53:52.718	20031	20551	-66	-97	10	2.24	75.87	3.621
2014-12-06 23:08:46.631	20031	20551	-67	-97	10	2.17	75.84	3.621
2014-12-06 23:33:48.11	20031	20551	-66	-79	10
2014-12-06 23:38:49.515	20031	20551	-67	-97	11	2.03	75.73	3.621
2014-12-07 01:23:50.706	20031	20551	-69	-76	10	0.93	75.55	3.621
2014-12-07 02:08:48.626	20031	20551	-68	-76	10	0.4	75.44	3.621
2014-12-07 09:38:54.626	20031	20551	-71	-82	10	0.08	77.06	3.621
2014-12-07 10:03:44.614	20031	20551	-76	-97	11
2014-12-07 10:08:46.294	20031	20551	-76	-97	11	3.5	77.53	3.621
2014-12-07 10:53:47.554	20031	20551	-84	-94	10
2014-12-07 11:08:51.387	20031	20551	-79	-97	10	8.33	76.65	3.621
2014-12-07 12:23:53.759	20031	20551	-78	-85	10	11.36	75.42	3.621
2014-12-07 16:23:47.13	20031	20551	-67	-79	10	5.97	74.75	3.633
2014-12-07 16:33:49.51	20031	20551	-67	-97	10
2014-12-07 16:53:43.202	20031	20551	-67	-76	10
2014-12-07 17:03:45.206	20031	20551	-67	-97	10
2014-12-07 18:03:43.131	20031	20551	-67	-76	10
2014-12-08 01:33:45.575	20031	20551	-67	-76	10
2014-12-08 01:53:49.526	20031	20551	-69	-97	10	-1.59	75.2	3.621
2014-12-08 09:08:47.362	20031	20551	-68	-79	10	-0.39	76.09	3.61
2014-12-08 09:23:44.37	20031	20551	-68	-97	10	0.1	76.17	3.61
2014-12-08 10:08:46.302	20031	20551	-67	-76	10	1.56	76.41	3.61
2014-12-08 10:23:43.434	20031	20551	-67	-79	10	2.64	76.91	3.61
2014-12-08 10:33:44.547	20031	20551	-68	-97	10
2014-12-08 15:03:45.082	20031	20551	-66	-76	10
2014-12-08 15:08:44.954	20031	20551	-67	-76	10	5.46	75.62	3.621
2014-12-08 15:23:43.902	20031	20551	-67	-97	10	5.25	75.6	3.621
2014-12-08 15:53:46.986	20031	20551	-68	-76	10	4.75	75.52	3.61
2014-12-08 16:08:51.918	20031	20551	-66	-97	10	4.46	75.48	3.621
2014-12-08 19:33:43.255	20031	20551	-66	-79	10
2014-12-08 21:33:43.735	20031	20551	-68	-79	10
2014-12-08 21:33:43.751	20031	20551	-68	-97	10
2014-12-08 22:53:49.739	20031	20551	-67	-76	10
2014-12-08 22:53:49.798	20031	20551	-67	-97	10	1.33	75.59	3.61
2014-12-08 23:38:44.467	20031	20551	-68	-79	10	0.92	75.5	3.61
2014-12-09 01:23:45.52	20031	20551	-68	-76	10	0.56	75.57	3.61
2014-12-09 02:38:46.774	20031	20551	-68	-79	10	0.39	75.73	3.61
2014-12-09 03:53:47.374	20031	20551	-68	-76	10	0.46	75.88	3.61
2014-12-09 04:03:46.199	20031	20551	-68	-97	10
2014-12-09 04:38:46.359	20031	20551	-68	-76	10	0.67	75.98	3.61
2014-12-09 05:33:43.815	20031	20551	-68	-97	10
2014-12-09 06:33:42.735	20031	20551	-68	-97	10
2014-12-09 07:03:43.119	20031	20551	-68	-97	10
2014-12-09 07:08:50.358	20031	20551	-68	-97	10	-0.66	75.4	3.61
2014-12-09 07:23:43.083	20031	20551	-68	-79	10	-0.73	75.48	3.61
2014-12-09 07:53:46.371	20031	20551	-67	-76	10	-0.92	75.69	3.61
2014-12-09 08:03:42.331	20031	20551	-68	-97	10
2014-12-09 09:33:46.319	20031	20551	-69	-76	10
2014-12-09 09:38:42.379	20031	20551	-68	-97	10	2.25	76.54	3.598
2014-12-09 09:53:43.63	20031	20551	-68	-97	10	2.29	76.47	3.598
2014-12-09 10:38:49.309	20031	20551	-70	-79	10	3.45	76.79	3.61
2014-12-09 11:53:42.787	20031	20551	-69	-79	10	7.24	76.59	3.61
2014-12-09 12:03:41.947	20031	20551	-68	-79	10
2014-12-09 12:08:49.734	20031	20551	-69	-82	10	7.64	76.55	3.61
2014-12-09 12:08:51.526	20031	20551	-69	-82	10	7.64	76.55	3.61
2014-12-09 12:08:51.678	20031	20551	-69	-82	10	7.64	76.55	3.61
2014-12-09 12:13:44.054	20031	20551	-68	-97	10
2014-12-09 13:38:44.331	20031	20551	-71	-97	10	8.72	76.2	3.61
2014-12-09 13:53:44.33	20031	20551	-71	-97	10	8.56	76.24	3.61
2014-12-09 14:08:46.254	20031	20551	-72	-97	10	8.63	76.31	3.61
2014-12-09 14:23:49.587	20031	20551	-71	-97	10	8.53	76.21	3.61
2014-12-09 15:08:52.979	20031	20551	-72	-82	10	8.86	77.01	3.61
2014-12-09 15:38:54.35	20031	20551	-72	-85	10	12.36	76.71	3.61
2014-12-09 16:03:51.963	20031	20551	-71	-79	10
2014-12-09 16:08:48.219	20031	20551	-70	-97	10	8.38	75.75	3.61
2014-12-09 16:23:44.243	20031	20551	-69	-82	10	7.7	75.89	3.61
2014-12-09 16:53:41.954	20031	20551	-73	-82	10
2014-12-09 17:53:45.583	20031	20551	-68	-79	10	6.1	75.9	3.61
2014-12-09 18:03:49.702	20031	20551	-70	-97	10
2014-12-09 18:53:45.771	20031	20551	-71	-79	14	5.49	75.92	3.61
2014-12-09 19:08:43.026	20031	20551	-70	-82	10	5.36	75.94	3.61
2014-12-09 19:23:49.799	20031	20551	-69	-97	11	5.28	75.98	3.61
2014-12-09 19:33:42.574	20031	20551	-71	-97	14
2014-12-09 20:53:45.174	20031	20551	-70	-97	10	4.51	75.94	3.61
2014-12-09 20:53:45.443	20031	20551	-70	-79	10
2014-12-09 21:38:54.735	20031	20551	-69	-79	10	4.28	75.96	3.61
2014-12-09 23:33:49.487	20031	20551	-71	-82	10
2014-12-09 23:53:44.291	20031	20551	-71	-97	10	3.75	75.97	3.61
2014-12-10 00:08:45.491	20031	20551	-70	-79	10	3.7	75.99	3.61
2014-12-10 00:33:49.351	20031	20551	-69	-79	11
2014-12-10 00:53:47.455	20031	20551	-70	-97	11
2014-12-10 01:03:44.311	20031	20551	-69	-97	11
2014-12-10 01:33:42.291	20031	20551	-70	-79	10
2014-12-10 01:38:47.53	20031	20551	-68	-97	10	3.46	75.99	3.61
2014-12-10 02:13:41.571	20031	20551	-69	-79	10
2014-12-10 03:23:42.867	20031	20551	-72	-82	10	3.25	75.97	3.61
2014-12-10 04:53:43.038	20031	20551	-69	-97	11
2014-12-10 07:08:42.074	20031	20551	-68	-97	12	2.24	75.87	3.61
2014-12-10 08:03:45.747	20031	20551	-72	-79	11
2014-12-10 08:08:42.527	20031	20551	-68	-97	11	1.96	75.89	3.61
2014-12-10 08:33:41.695	20031	20551	-71	-97	11
2014-12-10 09:53:41.515	20031	20551	-70	-73	10	1.67	75.9	3.598
2014-12-10 10:23:43.415	20031	20551	-69	-76	10	1.56	75.83	3.598
2014-12-10 10:53:43.806	20031	20551	-69	-97	10
2014-12-10 10:53:44.187	20031	20551	-69	-97	10
2014-12-10 11:08:49.406	20031	20551	-69	-76	10	1.38	75.79	3.598
2014-12-10 12:38:53.594	20031	20551	-72	-79	10	0.9	75.74	3.598
2014-12-10 13:08:46.482	20031	20551	-75	-79	10	0.82	75.67	3.598
2014-12-10 13:53:46.363	20031	20551	-72	-82	10	0.5	75.63	3.598
2014-12-10 15:38:46.879	20031	20551	-69	-79	10	0.21	75.61	3.598
2014-12-10 15:38:47.034	20031	20551	-69	-79	10	0.21	75.61	3.598
2014-12-10 15:53:47.982	20031	20551	-68	-97	10	0.11	75.59	3.598
2014-12-10 16:33:42.931	20031	20551	-71	-79	10
2014-12-10 17:38:42.272	20031	20551	-72	-79	10	-0.17	75.65	3.598
2014-12-10 18:03:43.868	20031	20551	-72	-82	10
2014-12-10 19:33:47.682	20031	20551	-69	-79	10
2014-12-10 19:33:48.486	20031	20551	-69	-79	10
2014-12-10 19:33:50.47	20031	20551	-70	-97	10
2014-12-10 20:03:41.35	20031	20551	-70	-97	10
2014-12-10 20:08:55.623	20031	20551	-68	-91	10	-0.21	75.69	3.598
2014-12-10 20:13:50.178	20031	20551	-71	-97	10
2014-12-10 22:08:46.527	20031	20551	-71	-79	10	-0.5	75.61	3.598
2014-12-10 22:23:51.895	20031	20551	-70	-76	10	-0.52	75.63	3.587
2014-12-10 23:03:48.023	20031	20551	-67	-97	10
2014-12-10 23:03:48.31	20031	20551	-67	-97	10
2014-12-10 23:33:43.314	20031	20551	-70	-82	10
2014-12-10 23:38:46.586	20031	20551	-71	-79	10	-0.67	75.59	3.598
2014-12-11 00:08:42.423	20031	20551	-70	-79	10	-0.78	75.57	3.587
2014-12-11 00:13:43.031	20031	20551	-72	-97	10
2014-12-11 00:38:43.486	20031	20551	-78	-79	10	-0.85	75.56	3.587
2014-12-11 00:53:58.482	20031	20551	-70	-97	10	-0.92	75.54	3.587
2014-12-11 01:33:47.899	20031	20551	-69	-79	10
2014-12-11 03:33:44.203	20031	20551	-72	-79	10
2014-12-11 03:33:44.219	20031	20551	-72	-97	10
2014-12-11 03:38:45.399	20031	20551	-68	-97	10	-1.46	75.52	3.587
2014-12-11 04:13:43.826	20031	20551	-70	-97	10
2014-12-11 04:53:52.543	20031	20551	-70	-79	10
2014-12-11 05:03:44.461	20031	20551	-71	-97	10
2014-12-11 05:33:42.139	20031	20551	-70	-82	10
2014-12-11 06:08:54.958	20031	20551	-71	-97	10	-1.86	75.48	3.587
2014-12-11 07:03:46.999	20031	20551	-70	-82	10
2014-12-11 10:13:41.271	20031	20551	-72	-82	10
2014-12-11 10:53:52.298	20031	20551	-72	-82	10	-2.0	75.5	3.587
2014-12-11 11:03:41.035	20031	20551	-71	-97	10
2014-12-11 11:33:44.778	20031	20551	-74	-82	10
2014-12-11 12:03:47.086	20031	20551	-74	-97	10
2014-12-11 12:13:47.802	20031	20551	-73	-97	11
2014-12-11 12:23:47.89	20031	20551	-71	-82	10	-1.28	75.73	3.575
2014-12-11 14:08:48.17	20031	20551	-69	-82	10	-0.52	75.82	3.575
2014-12-11 15:38:48.139	20031	20551	-70	-97	11	0.38	75.87	3.575
2014-12-11 16:13:45.994	20031	20551	-70	-82	11
2014-12-11 17:03:48.102	20031	20551	-70	-82	11
2014-12-11 17:53:50.887	20031	20551	-71	-82	11	0.14	75.75	3.575
2014-12-11 19:03:41.659	20031	20551	-71	-79	11
2014-12-11 19:33:44.855	20031	20551	-69	-79	10
2014-12-11 19:38:44.375	20031	20551	-70	-82	10	0.38	75.82	3.575
2014-12-11 20:08:49.515	20031	20551	-68	-79	10	0.33	75.71	3.575
2014-12-11 20:13:51.166	20031	20551	-74	-82	10
2014-12-11 22:03:47.847	20031	20551	-67	-76	10
2014-12-11 22:13:43.823	20031	20551	-74	-97	10
2014-12-11 22:23:43.959	20031	20551	-69	-79	10	0.43	75.86	3.575
2014-12-11 22:53:41.39	20031	20551	-68	-97	11
2014-12-12 00:53:40.25	20031	20551	-68	-82	10
2014-12-12 02:08:49.028	20031	20551	-71	-82	10	0.0	75.74	3.575
2014-12-12 04:23:46.126	20031	20551	-68	-82	10	-0.31	75.72	3.575
2014-12-12 04:38:51.998	20031	20551	-73	-79	10	-0.36	75.68	3.575
2014-12-12 04:53:45.631	20031	20551	-68	-97	10
2014-12-12 05:03:44.214	20031	20551	-70	-97	10
2014-12-12 05:53:45.507	20031	20551	-69	-76	10	-0.78	75.57	3.575
2014-12-12 06:23:51.166	20031	20551	-70	-79	13	-0.88	75.62	3.575
2014-12-12 07:23:42.819	20031	20551	-70	-76	14	-0.98	75.67	3.575
2014-12-12 08:08:41.23	20031	20551	-69	-79	13	-0.92	75.73	3.575
2014-12-12 08:33:42.546	20031	20551	-71	-79	13
2014-12-12 08:38:44.151	20031	20551	-68	-97	13	-0.71	75.87	3.575
2014-12-12 09:03:43.899	20031	20551	-71	-79	13
2014-12-12 09:53:41.098	20031	20551	-71	-79	10	0.14	76.06	3.564
2014-12-12 10:08:42.374	20031	20551	-70	-97	10	0.25	76.01	3.575
2014-12-12 11:38:40.715	20031	20551	-68	-76	10	1.38	76.03	3.575
2014-12-12 11:53:49.403	20031	20551	-68	-82	10	1.35	76.03	3.575
2014-12-12 12:03:47.043	20031	20551	-67	-97	10
2014-12-12 12:38:41.963	20031	20551	-68	-76	10	1.64	75.92	3.575
2014-12-12 12:53:40.459	20031	20551	-67	-76	10
2014-12-12 13:03:42.614	20031	20551	-71	-97	10
2014-12-12 13:33:39.842	20031	20551	-70	-79	10
2014-12-12 13:33:39.915	20031	20551	-71	-97	10
2014-12-12 13:38:40.476	20031	20551	-70	-97	10	1.7	76.03	3.575
2014-12-12 13:53:43.187	20031	20551	-70	-82	10	1.7	75.95	3.575
2014-12-12 14:03:42.091	20031	20551	-69	-79	10
2014-12-12 14:08:41.639	20031	20551	-66	-97	10	1.67	75.9	3.575
2014-12-12 14:13:43.77	20031	20551	-68	-97	10
2014-12-12 14:23:42.643	20031	20551	-71	-97	10	1.67	75.85	3.575
2014-12-12 14:33:40.582	20031	20551	-67	-97	10
2014-12-12 14:38:42.102	20031	20551	-72	-97	10	1.61	75.89	3.564
2014-12-12 14:53:44.426	20031	20551	-68	-97	10
2014-12-12 14:53:44.443	20031	20551	-68	-97	10	1.6	75.84	3.575
2014-12-12 15:03:42.591	20031	20551	-67	-97	10
2014-12-12 15:08:44.347	20031	20551	-69	-76	10	1.56	75.88	3.575
2014-12-12 15:23:44.339	20031	20551	-68	-97	10	1.57	75.83	3.575
2014-12-12 15:33:45.359	20031	20551	-68	-97	10
2014-12-12 15:33:45.371	20031	20551	-68	-97	10
2014-12-12 15:53:46.471	20031	20551	-68	-76	10	1.35	75.71	3.575
2014-12-12 16:23:40.675	20031	20551	-69	-76	10	0.85	75.53	3.564
2014-12-12 16:38:43.075	20031	20551	-69	-79	10	0.57	75.52	3.575
2014-12-12 16:53:40.507	20031	20551	-70	-97	10
2014-12-12 16:53:43.582	20031	20551	-70	-97	10	0.38	75.53	3.575
2014-12-12 17:03:45.055	20031	20551	-68	-79	10
2014-12-12 17:08:43.411	20031	20551	-70	-97	10	0.24	75.52	3.575
2014-12-12 17:23:41.45	20031	20551	-69	-97	10	0.14	75.55	3.564
2014-12-12 17:33:39.814	20031	20551	-69	-97	10
2014-12-12 17:33:39.834	20031	20551	-69	-97	10
2014-12-12 17:38:46.635	20031	20551	-70	-79	10	0.07	75.61	3.575
2014-12-12 17:53:47.706	20031	20551	-69	-97	10	0.01	75.64	3.564
2014-12-12 18:08:42.686	20031	20551	-68	-82	10	0.0	75.67	3.564
2014-12-12 18:33:43.539	20031	20551	-70	-79	10
2014-12-12 18:38:40.931	20031	20551	-69	-97	10	-0.09	75.67	3.564
2014-12-12 18:53:41.315	20031	20551	-68	-97	11
2014-12-12 20:13:39.447	20031	20551	-68	-76	10
2014-12-12 20:23:42.435	20031	20551	-69	-76	10	-0.39	75.61	3.564
2014-12-12 20:33:41.387	20031	20551	-69	-79	10
2014-12-12 20:38:43	20031	20551	-69	-76	10	-0.61	75.58	3.564
2014-12-12 20:53:41.966	20031	20551	-70	-97	10
2014-12-12 20:53:41.977	20031	20551	-69	-97	10	-0.66	75.69	3.564
2014-12-12 21:03:42.955	20031	20551	-69	-97	10
2014-12-12 23:53:40.879	20031	20551	-68	-79	10	-1.16	75.63	3.564
2014-12-13 00:08:42.359	20031	20551	-69	-79	10	-1.17	75.63	3.564
2014-12-13 00:13:41.107	20031	20551	-68	-97	10
2014-12-13 00:23:44.806	20031	20551	-68	-97	10	-1.18	75.65	3.564
2014-12-13 00:33:40.251	20031	20551	-69	-76	10
2014-12-13 00:38:41.47	20031	20551	-68	-97	10	-1.2	75.65	3.564
2014-12-13 00:53:47.571	20031	20551	-68	-97	10	-1.2	75.67	3.564
2014-12-13 01:03:46.735	20031	20551	-69	-97	10
2014-12-13 01:23:53.927	20031	20551	-69	-79	10	-1.17	75.68	3.564
2014-12-13 02:08:49.239	20031	20551	-70	-79	14	-1.13	75.71	3.564
2014-12-13 07:03:50.655	20031	20551	-68	-76	10
2014-12-13 07:33:43.607	20031	20551	-69	-76	10
2014-12-13 08:33:55.683	20031	20551	-67	-76	10
2014-12-13 09:33:45.542	20031	20551	-69	-79	10
2014-12-13 09:38:49.762	20031	20551	-69	-76	10	-1.35	75.76	3.553
2014-12-13 10:23:45.944	20031	20551	-69	-79	10	-1.16	75.87	3.553
2014-12-13 11:03:48.563	20031	20551	-68	-97	10
2014-12-13 11:08:50.843	20031	20551	-68	-97	10	-1.06	75.78	3.553
2014-12-13 11:23:48.866	20031	20551	-67	-76	10	-1.0	75.86	3.553
2014-12-13 12:13:45.403	20031	20551	-68	-79	10
2014-12-13 13:23:43.546	20031	20551	-68	-82	10	-0.28	75.94	3.553
2014-12-13 14:08:42.042	20031	20551	-68	-79	10	0.24	75.96	3.542
2014-12-13 14:13:42.575	20031	20551	-68	-97	10
2014-12-13 14:33:39.542	20031	20551	-68	-76	11
2014-12-13 14:38:45.451	20031	20551	-68	-97	11	0.38	75.94	3.553
2014-12-13 14:53:43.079	20031	20551	-69	-97	10
2014-12-13 15:08:41.187	20031	20551	-70	-82	10	0.39	75.92	3.553
2014-12-13 15:33:40.774	20031	20551	-71	-79	10
2014-12-13 15:38:41.958	20031	20551	-70	-97	10	0.35	75.86	3.553
2014-12-13 15:53:41.747	20031	20551	-69	-76	10	0.42	75.93	3.553
2014-12-13 16:03:43.671	20031	20551	-69	-97	10
2014-12-13 16:08:49.035	20031	20551	-68	-97	10	0.47	75.94	3.553
2014-12-13 18:23:40.411	20031	20551	-68	-79	10	0.71	75.96	3.553
2014-12-13 19:23:40.902	20031	20551	-68	-79	10	0.89	76.03	3.542
2014-12-13 19:33:48.422	20031	20551	-68	-82	10
2014-12-13 19:53:44.407	20031	20551	-68	-79	10	0.99	76.05	3.553
2014-12-13 20:08:41.695	20031	20551	-68	-82	10	1.03	76.06	3.553
2014-12-13 20:13:39.758	20031	20551	-68	-97	10
2014-12-13 20:23:42.718	20031	20551	-69	-97	10	1.11	76.1	3.553
2014-12-13 20:33:41.782	20031	20551	-68	-97	10
2014-12-13 20:38:41.743	20031	20551	-68	-97	11	1.21	76.1	3.553
2014-12-13 20:53:40.367	20031	20551	-68	-76	11
2014-12-13 21:08:40.239	20031	20551	-70	-97	11	1.38	76.13	3.553
2014-12-13 21:33:39.454	20031	20551	-69	-79	10
2014-12-13 21:38:44.275	20031	20551	-70	-97	10	1.51	76.16	3.553
2014-12-13 22:13:39.422	20031	20551	-70	-97	11
2014-12-13 22:23:42.079	20031	20551	-69	-79	10	1.78	76.17	3.542
2014-12-13 22:33:39.811	20031	20551	-69	-97	10
2014-12-13 22:38:39.694	20031	20551	-68	-97	10	1.89	76.19	3.553
2014-12-14 00:03:41.599	20031	20551	-67	-79	10
2014-12-14 00:13:44.106	20031	20551	-67	-97	10
2014-12-14 00:23:40.819	20031	20551	-68	-97	11	2.64	76.28	3.542
2014-12-14 00:33:46.571	20031	20551	-67	-79	10
2014-12-14 01:08:42.891	20031	20551	-70	-97	11	2.96	76.32	3.553
2014-12-14 01:23:40.03	20031	20551	-68	-97	10	3.03	76.31	3.542
2014-12-14 01:33:46.303	20031	20551	-68	-79	10
2014-12-14 01:33:48.039	20031	20551	-68	-79	10
2014-12-14 01:33:48.054	20031	20551	-68	-97	10
2014-12-14 01:38:45.707	20031	20551	-69	-97	10	3.14	76.34	3.553
2014-12-14 01:38:45.822	20031	20551	-69	-97	10	3.14	76.34	3.553
2014-12-14 01:53:55.986	20031	20551	-70	-76	10	3.21	76.33	3.553
2014-12-14 02:03:43.963	20031	20551	-68	-97	10
2014-12-14 03:03:39.683	20031	20551	-68	-97	10
2014-12-14 03:33:44.914	20031	20551	-68	-79	10
2014-12-14 04:38:48.891	20031	20551	-68	-79	10	3.71	76.34	3.542
2014-12-14 06:03:52.795	20031	20551	-68	-79	10
2014-12-14 06:23:39.911	20031	20551	-68	-76	10	4.07	76.41	3.553
2014-12-14 06:33:40.455	20031	20551	-67	-97	10
2014-12-14 06:53:41.463	20031	20551	-67	-79	10
2014-12-14 06:53:41.483	20031	20551	-67	-97	10	4.18	76.39	3.553
2014-12-14 07:03:40.471	20031	20551	-67	-97	10
2014-12-14 07:23:42.303	20031	20551	-68	-76	10	4.29	76.41	3.553
2014-12-14 07:23:43.351	20031	20551	-68	-76	10	4.29	76.41	3.553
2014-12-14 07:38:46.515	20031	20551	-69	-76	10	4.35	76.45	3.553
2014-12-14 08:03:54.347	20031	20551	-68	-97	10
2014-12-14 08:08:46.49	20031	20551	-68	-76	10	4.42	76.44	3.553
2014-12-14 08:13:42.079	20031	20551	-66	-97	10
2014-12-14 08:23:54.195	20031	20551	-68	-97	10	4.47	76.47	3.553
2014-12-14 09:03:44.323	20031	20551	-67	-97	10
2014-12-14 09:08:43.846	20031	20551	-68	-76	10	4.76	76.51	3.553
2014-12-14 09:23:46.298	20031	20551	-66	-97	10	4.88	76.58	3.553
2014-12-14 09:53:44.95	20031	20551	-66	-97	10	5.07	76.6	3.553
2014-12-14 10:33:47.487	20031	20551	-66	-76	10
2014-12-14 10:38:43.304	20031	20551	-67	-97	11	5.39	76.62	3.553
2014-12-14 10:53:44.434	20031	20551	-66	-76	10
2014-12-14 10:53:44.454	20031	20551	-66	-97	10	5.5	76.64	3.553
2014-12-14 11:03:44.478	20031	20551	-66	-97	10
2014-12-14 11:08:41.786	20031	20551	-68	-97	10	5.68	76.68	3.553
2014-12-14 11:23:47.019	20031	20551	-68	-97	10	5.78	76.65	3.553
2014-12-14 11:33:56.658	20031	20551	-67	-97	10
2014-12-14 11:34:01.394	20031	20551	-68	-97	10
2014-12-14 11:38:40.247	20031	20551	-67	-97	10	5.86	76.67	3.553
2014-12-14 11:53:57.798	20031	20551	-66	-97	10	6.08	76.74	3.553
2014-12-14 13:23:41.058	20031	20551	-67	-79	13	6.93	76.8	3.553
2014-12-14 13:38:41.107	20031	20551	-66	-76	13	7.01	76.77	3.553
2014-12-14 14:03:40.035	20031	20551	-66	-79	13
2014-12-14 14:13:43.675	20031	20551	-67	-97	13
2014-12-14 14:53:49.967	20031	20551	-67	-97	10	6.93	76.57	3.553
2014-12-14 15:03:39.183	20031	20551	-67	-97	10
2014-12-14 15:33:39.815	20031	20551	-67	-97	10
2014-12-14 15:33:39.835	20031	20551	-67	-76	10
2014-12-14 15:53:47.739	20031	20551	-68	-76	10	6.93	76.57	3.553
2014-12-14 16:23:38.978	20031	20551	-68	-79	10	6.81	76.55	3.553
2014-12-14 16:38:39.715	20031	20551	-67	-79	10	6.78	76.54	3.553
2014-12-14 17:23:44.531	20031	20551	-68	-97	10	6.64	76.51	3.553
2014-12-14 17:38:42.45	20031	20551	-68	-97	10	6.53	76.51	3.553
2014-12-14 17:53:42.542	20031	20551	-67	-97	10	6.5	76.54	3.553
2014-12-14 18:03:39.659	20031	20551	-67	-97	10
2014-12-14 18:08:39.247	20031	20551	-67	-76	10	6.46	76.55	3.553
2014-12-14 18:13:38.286	20031	20551	-68	-97	10
2014-12-14 18:23:39.595	20031	20551	-68	-97	10	6.4	76.56	3.553
2014-12-14 18:38:38.603	20031	20551	-68	-76	10	6.38	76.56	3.553
2014-12-14 18:53:40.422	20031	20551	-67	-97	10
2014-12-14 18:53:40.435	20031	20551	-67	-97	10	6.39	76.58	3.553
2014-12-14 19:03:42.887	20031	20551	-68	-97	11
2014-12-14 19:23:38.919	20031	20551	-68	-79	11	6.42	76.64	3.553
2014-12-14 19:33:38.518	20031	20551	-68	-97	11
2014-12-14 19:33:38.558	20031	20551	-68	-97	11
2014-12-14 19:38:40.518	20031	20551	-68	-97	10	6.46	76.65	3.553
2014-12-14 19:53:38.67	20031	20551	-68	-97	10	6.51	76.66	3.553
2014-12-14 20:03:40.871	20031	20551	-68	-97	10
2014-12-14 20:08:46.107	20031	20551	-69	-97	10	6.5	76.64	3.553
2014-12-14 20:08:50.523	20031	20551	-69	-97	10	6.5	76.64	3.553
2014-12-14 20:33:48.466	20031	20551	-68	-79	10
2014-12-14 23:33:47.371	20031	20551	-68	-76	10
2014-12-14 23:33:48.651	20031	20551	-68	-97	14
2014-12-15 00:38:45.446	20031	20551	-67	-79	10	5.92	76.56	3.542
2014-12-15 00:53:39.294	20031	20551	-67	-97	10
2014-12-15 01:03:50.302	20031	20551	-68	-97	11
2014-12-15 01:33:39.395	20031	20551	-67	-97	10
2014-12-15 02:03:52.267	20031	20551	-66	-79	10
2014-12-15 02:53:43.775	20031	20551	-67	-76	10
2014-12-15 03:03:39.09	20031	20551	-67	-97	10
2014-12-15 03:38:46.386	20031	20551	-67	-76	10	5.82	76.61	3.542
2014-12-15 04:38:38.899	20031	20551	-68	-79	10	5.82	76.61	3.542
2014-12-15 05:23:51.338	20031	20551	-66	-76	10	5.78	76.58	3.542
2014-12-15 07:03:41.839	20031	20551	-67	-79	10
2014-12-15 07:23:47.126	20031	20551	-66	-76	10	5.78	76.63	3.542
2014-12-15 07:33:51.902	20031	20551	-66	-97	10
2014-12-15 07:53:46.344	20031	20551	-66	-79	10	5.78	76.63	3.542
2014-12-15 08:03:51.99	20031	20551	-67	-97	10
2014-12-15 08:13:45.178	20031	20551	-67	-97	10
2014-12-15 09:23:44.287	20031	20551	-66	-76	10	6.42	76.69	3.531
2014-12-15 09:33:39.291	20031	20551	-67	-76	10
2014-12-15 11:23:46.199	20031	20551	-67	-76	10	7.78	77.11	3.531
2014-12-15 13:08:50.047	20031	20551	-67	-73	10	9.32	76.93	3.542
2014-12-15 15:33:38.771	20031	20551	-67	-76	10
2014-12-15 15:38:37.315	20031	20551	-68	-97	10	9.79	76.5	3.542
2014-12-15 16:33:44.103	20031	20551	-67	-76	10
2014-12-15 16:38:40.35	20031	20551	-66	-97	10	8.74	76.48	3.542
2014-12-15 16:53:43.263	20031	20551	-66	-97	10	8.52	76.49	3.553
2014-12-15 16:53:43.283	20031	20551	-67	-97	10
2014-12-15 17:23:39.198	20031	20551	-67	-79	10	8.13	76.53	3.542
2014-12-15 17:33:38.335	20031	20551	-67	-76	10
2014-12-15 17:38:39.282	20031	20551	-69	-97	10	7.97	76.5	3.542
2014-12-15 18:13:47.971	20031	20551	-67	-76	10
2014-12-15 18:23:47.355	20031	20551	-66	-97	10	7.42	76.43	3.542
2014-12-15 18:33:40.782	20031	20551	-67	-97	10
2014-12-15 18:53:41.914	20031	20551	-66	-79	10
2014-12-15 18:53:41.934	20031	20551	-67	-97	10	6.39	76.16	3.542
2014-12-15 19:03:40.638	20031	20551	-66	-97	10
2014-12-15 19:08:44.179	20031	20551	-66	-97	10	5.95	76.19	3.542
2014-12-15 19:23:48.083	20031	20551	-67	-79	10	5.53	76.18	3.542
2014-12-15 19:33:41.395	20031	20551	-67	-97	14
2014-12-16 00:13:39.631	20031	20551	-67	-76	10
2014-12-16 00:33:43.523	20031	20551	-67	-76	10
2014-12-16 00:38:38.295	20031	20551	-68	-79	10	2.42	76.3	3.52
2014-12-16 01:33:38.283	20031	20551	-67	-76	10
2014-12-16 01:33:38.299	20031	20551	-67	-97	10
2014-12-16 01:38:42.882	20031	20551	-67	-97	10	2.25	76.37	3.52
2014-12-16 01:53:39.042	20031	20551	-67	-97	10	2.21	76.36	3.52
2014-12-16 02:03:46.483	20031	20551	-67	-79	10
2014-12-16 02:08:43.959	20031	20551	-67	-97	10	2.1	76.38	3.52
2014-12-16 02:13:41.251	20031	20551	-67	-97	10
2014-12-16 03:03:36.742	20031	20551	-67	-76	10
2014-12-16 03:33:44.87	20031	20551	-67	-76	10
2014-12-16 03:38:46.895	20031	20551	-67	-97	10	3.25	76.78	3.52
2014-12-16 04:03:42.723	20031	20551	-67	-79	10
2014-12-16 06:13:40.762	20031	20551	-67	-76	10
2014-12-16 06:23:37.291	20031	20551	-67	-76	11	4.65	76.64	3.52
2014-12-16 06:33:48.259	20031	20551	-66	-76	11
2014-12-16 07:53:42.743	20031	20551	-67	-76	11	5.1	76.68	3.509
2014-12-16 08:08:49.031	20031	20551	-67	-79	11	5.36	76.93	3.509
2014-12-16 09:08:41.703	20031	20551	-66	-76	11	6.39	76.96	3.434
2014-12-16 09:23:39.686	20031	20551	-66	-76	11	6.71	77.03	3.465
2014-12-16 09:38:39.671	20031	20551	-65	-76	10	7.07	77.15	3.465
2014-12-16 10:23:39.655	20031	20551	-66	-79	10	7.82	77.06	3.444
2014-12-16 10:33:48.846	20031	20551	-65	-76	10
2014-12-16 10:38:48.106	20031	20551	-66	-97	10	8.18	77.24	3.476
2014-12-16 10:53:43.315	20031	20551	-66	-97	10
2014-12-16 10:53:43.33	20031	20551	-66	-97	10	8.47	77.1	3.476
2014-12-16 11:33:41.838	20031	20551	-66	-76	10
2014-12-16 12:03:38.259	20031	20551	-66	-79	10
2014-12-16 12:08:48.715	20031	20551	-65	-97	10	9.65	77.13	3.487
2014-12-16 12:13:36.631	20031	20551	-67	-97	10
2014-12-16 13:33:46.164	20031	20551	-67	-76	10
2014-12-16 14:23:37.487	20031	20551	-66	-97	10	11.43	76.92	3.498
2014-12-16 16:53:40.452	20031	20551	-66	-76	10	10.18	76.81	3.487
2014-12-16 17:23:46.431	20031	20551	-66	-76	10	9.95	76.86	3.498
2014-12-16 17:33:38.454	20031	20551	-67	-79	10
2014-12-16 17:33:45.547	20031	20551	-67	-97	10
2014-12-16 21:53:39.202	20031	20551	-68	-76	10	6.32	76.65	3.487
2014-12-16 23:08:41.211	20031	20551	-66	-79	10	5.88	76.63	3.352
2014-12-17 01:08:43.191	20031	20551	-66	-76	10	5.51	76.67	3.465
2014-12-17 02:38:47.175	20031	20551	-67	-79	10	5.15	76.57	3.403
2014-12-17 02:53:41.075	20031	20551	-68	-97	10
2014-12-17 09:03:39.906	20031	20551	-64	-76	10
2014-12-17 09:33:51.218	20031	20551	-66	-76	10
2014-12-17 15:53:43.05	20031	20551	-66	-79	10	1.1	75.39	2.427
2014-12-17 16:13:40.071	20031	20551	-68	-73	10
2014-12-17 16:23:42.163	20031	20551	-67	-97	10	0.89	75.32	2.422
2014-12-17 16:53:48.134	20031	20551	-68	-82	10
2014-12-17 17:23:37.028	20031	20551	-67	-97	10	0.57	75.33	2.427
2014-12-17 17:33:40.075	20031	20551	-67	-76	10
2014-12-17 17:33:40.089	20031	20551	-67	-97	10
2014-12-17 17:38:46.147	20031	20551	-69	-97	10	0.53	75.32	2.432
2014-12-17 18:03:39.963	20031	20551	-68	-97	10
2014-12-17 18:23:47.131	20031	20551	-68	-79	10	0.39	75.31	2.432
2014-12-17 23:33:35.183	20031	20551	-67	-79	10
2014-12-17 23:38:40.146	20031	20551	-73	-97	10	-1.17	75.15	2.422
2014-12-18 03:33:38.399	20031	20551	-71	-76	10
2014-12-18 03:38:39.827	20031	20551	-69	-82	10	-1.89	75.09	2.422
2014-12-18 05:38:35.983	20031	20551	-70	-85	10	-2.0	75.12	2.417
2014-12-18 06:03:35.779	20031	20551	-69	-97	10
2014-12-18 06:08:37.419	20031	20551	-67	-76	10	-2.0	75.14	2.417
2014-12-18 06:33:36.07	20031	20551	-70	-97	10
2014-12-18 07:08:37.927	20031	20551	-69	-79	10	-2.02	75.14	2.417
2014-12-18 07:33:37.05	20031	20551	-68	-79	10
2014-12-18 08:03:37.086	20031	20551	-68	-97	10
2014-12-18 08:13:35.922	20031	20551	-68	-79	10
2014-12-18 08:23:37.339	20031	20551	-67	-97	10	-1.92	75.21	2.411
2014-12-18 08:53:40.39	20031	20551	-68	-79	10	-1.99	75.24	2.411
2014-12-18 09:23:38.39	20031	20551	-67	-97	10	-1.61	75.29	2.411
2014-12-18 10:03:39.458	20031	20551	-68	-76	11
2014-12-18 12:13:39.995	20031	20551	-68	-79	10
2014-12-18 12:23:37.394	20031	20551	-71	-79	10	-0.64	75.26	2.411
2014-12-18 12:53:41.487	20031	20551	-69	-79	10
2014-12-18 12:53:41.503	20031	20551	-69	-97	10	-0.66	75.35	2.406
2014-12-18 13:23:36.354	20031	20551	-68	-79	10	-0.25	75.42	2.411
2014-12-18 13:33:37.847	20031	20551	-68	-79	10
2014-12-18 16:03:36.031	20031	20551	-69	-79	10
2014-12-18 16:03:37.347	20031	20551	-69	-79	10
2014-12-18 16:03:37.694	20031	20551	-69	-79	10
2014-12-18 16:33:35.268	20031	20551	-68	-76	10
2014-12-18 16:53:39.983	20031	20551	-69	-97	10
2014-12-18 17:08:37.378	20031	20551	-68	-79	10	-1.46	75.04	2.411
2014-12-18 17:33:35.651	20031	20551	-68	-79	10
2014-12-18 17:38:37.271	20031	20551	-68	-97	10	-1.56	75.07	2.411
2014-12-18 17:53:44.119	20031	20551	-68	-97	10	-1.6	75.08	2.411
2014-12-18 18:53:37.975	20031	20551	-69	-76	10
2014-12-18 19:08:36.855	20031	20551	-69	-79	10	-1.67	75.16	2.411
2014-12-18 19:23:40.026	20031	20551	-68	-97	10	-1.67	75.16	2.411
2014-12-18 19:53:34.963	20031	20551	-68	-79	10	-1.71	75.13	2.411
2014-12-18 20:03:42.778	20031	20551	-68	-76	10
2014-12-18 20:13:44.29	20031	20551	-68	-82	14
2014-12-18 21:53:35.21	20031	20551	-68	-79	12	-1.85	75.15	2.411
2014-12-18 22:03:35.318	20031	20551	-69	-97	12
2014-12-18 22:38:35.47	20031	20551	-69	-76	12	-1.92	75.09	2.411
2014-12-18 23:03:39.79	20031	20551	-69	-79	12
2014-12-18 23:33:40.026	20031	20551	-68	-79	10
2014-12-19 00:13:39.15	20031	20551	-68	-76	10
2014-12-19 00:53:36.559	20031	20551	-68	-79	10
2014-12-19 00:53:36.579	20031	20551	-68	-97	10	-2.25	75.11	2.406
2014-12-19 01:33:34.758	20031	20551	-69	-82	10
2014-12-19 01:33:34.778	20031	20551	-69	-97	10
2014-12-19 07:03:39.915	20031	20551	-70	-79	10
2014-12-19 07:33:37.938	20031	20551	-68	-79	10
2014-12-19 08:53:36.474	20031	20551	-68	-79	10	-1.96	75.25	2.406
2014-12-19 09:03:47.883	20031	20551	-68	-97	10
2014-12-19 09:23:39.455	20031	20551	-67	-76	13	-1.52	75.41	2.406
2014-12-19 09:33:35.603	20031	20551	-68	-97	13
2014-12-19 09:33:35.613	20031	20551	-68	-97	13
2014-12-19 09:53:42.699	20031	20551	-67	-76	10	-1.24	75.42	2.406
2014-12-19 14:38:41.199	20031	20551	-68	-97	10	0.58	75.64	2.406
2014-12-19 15:53:35.835	20031	20551	-68	-76	10	0.2	75.27	2.406
2014-12-19 18:03:38.574	20031	20551	-68	-79	10
2014-12-19 19:03:37.686	20031	20551	-68	-79	10
2014-12-19 19:08:38.59	20031	20551	-68	-97	10	-0.75	75.26	2.406
2014-12-19 20:03:39.93	20031	20551	-68	-97	10
2014-12-19 20:08:48.186	20031	20551	-69	-97	10	-0.89	75.28	2.406
2014-12-19 20:38:43.09	20031	20551	-69	-79	10	-0.92	75.27	2.406
2014-12-19 20:53:36.935	20031	20551	-68	-76	10	-1.02	75.28	2.406
2014-12-20 00:38:43.679	20031	20551	-68	-76	10	-1.7	75.18	2.401
2014-12-20 02:38:36.538	20031	20551	-69	-79	10	-2.03	75.16	2.401
2014-12-20 02:53:38.031	20031	20551	-69	-97	10
2014-12-20 02:53:38.049	20031	20551	-69	-97	10	-2.35	75.04	2.401
2014-12-20 04:08:45.118	20031	20551	-70	-79	10	-2.88	74.81	2.401
2014-12-20 04:13:36.411	20031	20551	-70	-97	10
2014-12-20 05:38:36.018	20031	20551	-70	-82	10	-3.07	75.2	2.401
2014-12-20 06:23:39.195	20031	20551	-69	-79	10	-3.03	75.16	2.396
2014-12-20 06:53:36.13	20031	20551	-69	-76	10
2014-12-20 07:03:35.987	20031	20551	-70	-97	10
2014-12-20 07:33:36.554	20031	20551	-70	-79	10
2014-12-20 07:38:35.767	20031	20551	-70	-97	10	-3.14	75.11	2.401
2014-12-20 08:08:38.299	20031	20551	-70	-79	10	-3.25	75.04	2.401
2014-12-20 08:33:40.479	20031	20551	-69	-82	10
2014-12-20 08:38:36.587	20031	20551	-69	-97	10	-3.14	75.35	2.401
2014-12-20 09:53:41.491	20031	20551	-69	-76	10	-1.46	76.0	2.401
2014-12-20 16:33:41.467	20031	20551	-67	-97	10
2014-12-20 16:53:40.318	20031	20551	-69	-79	10
2014-12-20 16:53:41.355	20031	20551	-68	-97	10	0.89	74.41	2.411
2014-12-20 17:53:36.234	20031	20551	-71	-82	10	-1.0	74.46	2.406
2014-12-20 18:53:35.131	20031	20551	-72	-79	10
2014-12-20 19:03:39.147	20031	20551	-71	-97	10
2014-12-20 19:08:38.271	20031	20551	-71	-97	10	-2.35	74.87	2.406
2014-12-20 23:33:36.914	20031	20551	-69	-76	10
2014-12-21 00:08:40.358	20031	20551	-69	-79	10	-2.93	74.94	2.401
2014-12-21 01:03:37.874	20031	20551	-69	-79	10
2014-12-21 01:08:38.095	20031	20551	-69	-97	10	-2.66	75.14	2.391
2014-12-21 01:53:37.826	20031	20551	-69	-79	10	-3.13	74.78	2.396
2014-12-21 02:03:36.163	20031	20551	-68	-97	10
2014-12-21 02:53:37.235	20031	20551	-69	-76	10
2014-12-21 04:13:42.175	20031	20551	-69	-79	10
2014-12-21 04:23:36.791	20031	20551	-69	-97	10	-2.93	75.25	2.396
2014-12-21 04:33:37.11	20031	20551	-68	-97	10
2014-12-21 04:53:37.857	20031	20551	-68	-79	10
2014-12-21 05:08:39.338	20031	20551	-68	-97	10	-2.88	75.19	2.396
2014-12-21 05:33:40.295	20031	20551	-68	-97	10
2014-12-21 06:08:39.175	20031	20551	-69	-76	10	-2.7	75.21	2.396
2014-12-21 06:53:38.163	20031	20551	-69	-79	10
2014-12-21 06:53:42.239	20031	20551	-68	-97	10	-2.68	75.16	2.396
2014-12-21 07:08:43.183	20031	20551	-68	-97	10	-2.64	75.17	2.396
2014-12-21 07:38:36.099	20031	20551	-69	-76	10	-2.52	75.25	2.396
2014-12-21 08:08:40.091	20031	20551	-68	-79	10	-2.39	75.32	2.396
2014-12-21 08:53:38.154	20031	20551	-69	-79	10
2014-12-21 08:53:38.775	20031	20551	-69	-97	10	-1.98	75.58	2.396
2014-12-21 09:03:42.019	20031	20551	-68	-97	10
2014-12-21 10:53:37.954	20031	20551	-71	-76	10
2014-12-21 11:08:39.915	20031	20551	-70	-97	10	2.07	76.84	2.406
2014-12-21 19:08:38.423	20031	20551	-71	-79	10	-2.32	74.93	2.401
2014-12-21 19:23:44.53	20031	20551	-71	-97	10	-2.52	74.98	2.396
2014-12-21 19:33:39.506	20031	20551	-70	-97	10
2014-12-21 23:38:39.315	20031	20551	-68	-79	10	-4.34	75.05	2.391
2014-12-22 05:38:38.33	20031	20551	-70	-79	10	-6.09	74.91	2.386
2014-12-22 05:53:41.467	20031	20551	-70	-97	10	-6.07	74.93	2.381
2014-12-22 11:03:36.986	20031	20551	-68	-76	10
2014-12-22 11:23:45.328	20031	20551	-67	-76	10	2.57	76.29	2.371
2014-12-22 11:38:38.932	20031	20551	-67	-79	10	3.14	76.44	2.401
2014-12-22 12:03:36.406	20031	20551	-67	-76	10
2014-12-22 13:33:41.875	20031	20551	-76	-79	10
2014-12-22 14:13:41.634	20031	20551	-68	-82	10
2014-12-22 14:53:41.591	20031	20551	-69	-82	10	9.97	76.06	2.417
2014-12-22 15:08:46.559	20031	20551	-70	-97	10	10.6	76.92	2.417
2014-12-22 15:33:39.595	20031	20551	-68	-79	10
2014-12-22 15:38:48.603	20031	20551	-68	-97	10	13.06	76.67	2.422
2014-12-22 16:53:37.323	20031	20551	-68	-79	10	6.2	75.32	2.417
2014-12-22 18:08:39.231	20031	20551	-68	-76	10	4.32	75.58	2.417
2014-12-22 18:53:37.175	20031	20551	-67	-76	10
2014-12-22 19:03:39.322	20031	20551	-68	-97	10
2014-12-22 19:33:37.2	20031	20551	-67	-76	10
2014-12-22 19:33:38.235	20031	20551	-67	-97	10
2014-12-22 19:38:37.095	20031	20551	-67	-97	10	3.6	75.87	2.411
2014-12-22 21:23:38.99	20031	20551	-68	-76	10	2.75	75.74	2.411
2014-12-22 23:08:36.883	20031	20551	-67	-97	10	2.5	75.98	2.411
2014-12-22 23:33:47.006	20031	20551	-66	-76	10
2014-12-22 23:38:37.807	20031	20551	-67	-97	11	2.82	75.95	2.406
2014-12-23 00:03:38.395	20031	20551	-67	-76	11
2014-12-23 00:08:38.823	20031	20551	-67	-97	11	3.0	76.01	2.411
2014-12-23 00:13:36.875	20031	20551	-66	-97	11
2014-12-23 00:33:36.862	20031	20551	-67	-79	11
2014-12-23 00:38:42.875	20031	20551	-68	-97	10	3.04	75.95	2.406
2014-12-23 04:53:37.51	20031	20551	-67	-76	10
2014-12-23 05:08:39.358	20031	20551	-67	-97	10	3.5	76.12	2.411
2014-12-23 05:23:43.443	20031	20551	-67	-97	10	3.6	76.14	2.406
2014-12-23 07:08:40.942	20031	20551	-65	-76	10	4.35	76.23	2.406
2014-12-23 08:08:38.407	20031	20551	-66	-76	10	4.78	76.22	2.411
2014-12-23 08:33:43.035	20031	20551	-65	-76	10
2014-12-23 08:38:41.93	20031	20551	-65	-97	10	5.0	76.24	2.411
2014-12-23 09:33:41.091	20031	20551	-65	-76	10
2014-12-23 10:33:38.922	20031	20551	-65	-76	10
2014-12-23 10:53:35.343	20031	20551	-65	-76	10	7.32	76.78	2.411
2014-12-23 11:23:43.359	20031	20551	-66	-76	10	8.57	76.72	2.411
2014-12-23 11:33:48.971	20031	20551	-66	-97	10
2014-12-23 11:38:39.498	20031	20551	-66	-97	10	8.78	76.67	2.417
2014-12-23 12:33:43.902	20031	20551	-66	-97	10
2014-12-23 12:53:40.175	20031	20551	-65	-97	10
2014-12-23 12:53:40.191	20031	20551	-65	-97	10	11.22	76.77	2.417
2014-12-23 16:03:41.575	20031	20551	-66	-76	10
2014-12-23 17:03:34.275	20031	20551	-66	-76	10
2014-12-23 17:33:37.435	20031	20551	-66	-76	10
2014-12-23 17:53:39.262	20031	20551	-66	-76	10	10.43	76.33	2.427
2014-12-23 18:33:36.615	20031	20551	-66	-76	10
2014-12-23 19:08:38.203	20031	20551	-66	-76	10	9.54	76.32	2.427
2014-12-23 20:03:41.971	20031	20551	-66	-76	10
2014-12-23 20:08:37.586	20031	20551	-66	-97	10	8.79	76.29	2.427
2014-12-23 22:23:40.19	20031	20551	-66	-76	10	7.46	76.29	2.427
2014-12-24 00:08:37.523	20031	20551	-66	-76	10	7.24	76.47	2.422
2014-12-24 00:33:42.578	20031	20551	-66	-76	10
2014-12-24 00:38:40.523	20031	20551	-66	-97	10	7.39	76.5	2.422
2014-12-24 02:03:40.907	20031	20551	-66	-76	10
2014-12-24 02:23:37.924	20031	20551	-67	-97	10	7.61	76.57	2.422
2014-12-24 03:03:49.554	20031	20551	-66	-76	10
2014-12-24 03:08:48.255	20031	20551	-66	-97	10	7.86	76.57	2.422
2014-12-24 03:33:37.71	20031	20551	-65	-97	10
2014-12-24 04:23:49.216	20031	20551	-65	-73	10	8.21	76.62	2.422
2014-12-24 04:38:39.014	20031	20551	-65	-97	10	8.29	76.64	2.422
2014-12-24 04:53:36.015	20031	20551	-64	-97	10
2014-12-24 04:53:36.027	20031	20551	-65	-97	10	8.33	76.65	2.422
2014-12-24 08:13:40.383	20031	20551	-65	-73	10
2014-12-24 08:53:39.207	20031	20551	-65	-76	10
2014-12-24 08:53:39.228	20031	20551	-65	-97	10	9.68	76.88	2.422
2014-12-24 09:03:36.607	20031	20551	-65	-97	10
2014-12-24 09:23:44.826	20031	20551	-65	-97	10	10.2	76.89	2.422
2014-12-24 09:33:40.539	20031	20551	-65	-97	10
2014-12-24 09:33:41.251	20031	20551	-65	-97	10
2014-12-24 09:38:39.851	20031	20551	-65	-76	10	10.4	76.96	2.411
2014-12-24 10:13:40.207	20031	20551	-65	-76	10
2014-12-24 11:08:39.591	20031	20551	-65	-97	14	12.57	77.09	2.427
2014-12-24 12:23:37.663	20031	20551	-65	-76	11	13.81	76.91	2.427
2014-12-24 16:33:42.171	20031	20551	-65	-97	11
2014-12-24 21:33:39.271	20031	20551	-66	-82	10
2014-12-24 21:38:36.188	20031	20551	-65	-97	10	9.56	76.3	2.411
2014-12-24 21:53:41.643	20031	20551	-68	-76	10	9.11	76.33	2.427
2014-12-24 22:08:42.678	20031	20551	-67	-73	10	8.82	76.3	2.427
2014-12-24 22:33:35.766	20031	20551	-65	-76	10
2014-12-24 22:53:38.59	20031	20551	-65	-79	10	7.9	76.38	2.427
2014-12-24 23:08:36.623	20031	20551	-70	-97	10	7.6	76.22	2.427
2014-12-24 23:53:34.591	20031	20551	-66	-76	10	6.54	76.2	2.422
2014-12-25 00:08:36.243	20031	20551	-66	-97	10	6.26	76.24	2.422
2014-12-25 01:08:49.37	20031	20551	-67	-79	10	5.13	76.14	2.322
2014-12-25 02:13:46.594	20031	20551	-66	-79	10
2014-12-25 02:33:45.126	20031	20551	-70	-97	10
2014-12-25 05:23:46.634	20031	20551	-64	-76	10	4.2	76.29	2.411
2014-12-25 07:23:47.02	20031	20551	-67	-97	10	3.71	76.14	2.317
2014-12-25 07:38:44.858	20031	20551	-66	-76	10	3.88	76.03	2.411
2014-12-25 10:23:34.634	20031	20551	-65	-79	10	3.74	76.39	2.411
2014-12-25 11:03:35.155	20031	20551	-67	-76	10
2014-12-25 11:23:36.747	20031	20551	-65	-97	10	4.33	76.64	2.411
2014-12-25 11:33:43.439	20031	20551	-67	-97	10
2014-12-25 12:08:38.347	20031	20551	-70	-82	10	4.93	76.6	2.417
2014-12-25 17:23:33.387	20031	20551	-66	-79	10	3.86	76.12	2.411
2014-12-25 18:13:33.059	20031	20551	-67	-97	11
2014-12-25 18:23:33.946	20031	20551	-67	-97	11	3.6	76.09	2.411
2014-12-25 18:33:34.267	20031	20551	-66	-97	11
2014-12-25 18:53:36.531	20031	20551	-67	-97	11	3.35	76.04	2.411
2014-12-25 19:03:36.802	20031	20551	-67	-97	11
2014-12-25 19:08:37.435	20031	20551	-66	-97	11	3.45	76.13	2.411
2014-12-25 22:23:39.17	20031	20551	-68	-79	10	3.33	76.21	2.411
2014-12-25 23:03:36.819	20031	20551	-67	-76	10
2014-12-26 00:33:40.723	20031	20551	-67	-76	10
2014-12-26 00:38:34.951	20031	20551	-68	-97	11	3.07	76.13	2.411
2014-12-26 00:53:36.715	20031	20551	-68	-97	12
2014-12-26 00:53:36.731	20031	20551	-68	-97	12	2.93	76.1	2.406
2014-12-26 04:38:45.734	20031	20551	-68	-76	10	1.97	75.79	2.406
2014-12-26 04:53:44.819	20031	20551	-68	-97	10
2014-12-26 09:08:36.327	20031	20551	-69	-79	10	2.58	76.54	2.406
2014-12-26 10:23:42.231	20031	20551	-67	-79	10	6.89	77.59	2.411
2014-12-26 10:33:40.29	20031	20551	-67	-97	10
2014-12-26 10:38:42.286	20031	20551	-68	-76	10	7.32	77.65	2.406
2014-12-26 11:38:41.506	20031	20551	-70	-79	10	11.77	76.28	2.422
2014-12-26 12:08:33.746	20031	20551	-68	-85	10	11.14	76.79	2.417
2014-12-26 12:53:34.922	20031	20551	-68	-97	10
2014-12-26 12:53:34.942	20031	20551	-68	-97	10	13.97	75.99	2.422
2014-12-26 13:08:35.918	20031	20551	-67	-79	10	14.56	75.51	2.346
2014-12-26 13:38:35.827	20031	20551	-68	-76	10	13.52	75.82	2.427
2014-12-26 13:53:37.803	20031	20551	-68	-97	10	13.78	75.92	2.427
2014-12-26 14:03:36.419	20031	20551	-67	-79	10
2014-12-26 14:08:33.787	20031	20551	-72	-97	10	13.11	75.71	2.427
2014-12-26 14:23:35.098	20031	20551	-68	-97	10	12.96	75.91	2.427
2014-12-26 14:33:42.186	20031	20551	-69	-97	10
2014-12-26 14:38:36.762	20031	20551	-66	-79	14	13.15	76.0	2.417
2014-12-26 14:53:34.678	20031	20551	-68	-97	14
2014-12-26 15:08:38.055	20031	20551	-67	-82	14	12.14	76.81	2.427
2014-12-26 18:23:33.282	20031	20551	-68	-79	10	6.46	75.9	2.417
2014-12-26 18:53:37.331	20031	20551	-69	-76	10
2014-12-26 19:03:37.415	20031	20551	-68	-79	10
2014-12-26 19:23:37.311	20031	20551	-68	-97	10	4.64	75.7	2.411
2014-12-26 23:33:37.983	20031	20551	-68	-76	10
2014-12-26 23:33:37.995	20031	20551	-68	-97	10
2014-12-27 00:08:34.882	20031	20551	-68	-97	10	2.29	75.96	2.411
2014-12-27 00:33:34.855	20031	20551	-68	-79	10
2014-12-27 01:03:37.966	20031	20551	-68	-79	10
2014-12-27 03:23:32.543	20031	20551	-68	-79	10	1.82	76.1	2.406
2014-12-27 04:53:33.511	20031	20551	-69	-97	14
2014-12-27 07:08:41.399	20031	20551	-68	-79	10	3.45	76.38	2.406
2014-12-27 10:08:36.203	20031	20551	-69	-79	10	5.97	76.77	2.406
2014-12-27 11:33:35.274	20031	20551	-68	-79	10
2014-12-27 13:23:33.75	20031	20551	-67	-79	10	16.36	76.89	2.427
2014-12-27 13:33:32.487	20031	20551	-70	-97	10
2014-12-27 13:33:32.506	20031	20551	-70	-97	10
2014-12-27 14:13:39.003	20031	20551	-66	-79	10
2014-12-27 15:53:37.526	20031	20551	-68	-79	10	17.63	76.53	2.432
2014-12-27 16:08:34.362	20031	20551	-67	-97	10	15.68	76.41	2.432
2014-12-27 16:13:36.455	20031	20551	-67	-97	10
2014-12-27 16:23:33.355	20031	20551	-69	-82	10	14.74	76.51	2.432
2014-12-27 16:38:41.45	20031	20551	-67	-97	10	14.15	76.49	2.432
2014-12-27 16:53:35.499	20031	20551	-67	-76	10
2014-12-27 17:33:35.294	20031	20551	-67	-79	10
2014-12-27 18:53:31.071	20031	20551	-68	-97	10
2014-12-27 20:08:34.974	20031	20551	-67	-79	10	11.75	76.79	2.427
2014-12-28 00:38:36.007	20031	20551	-67	-79	10	7.51	76.35	2.422
2014-12-28 00:53:39.083	20031	20551	-66	-79	10	7.24	76.37	2.417
2014-12-28 01:03:42.552	20031	20551	-66	-97	10
2014-12-28 01:33:39.467	20031	20551	-66	-76	10
2014-12-28 01:38:35.586	20031	20551	-67	-97	10	7.07	76.48	2.417
2014-12-28 01:53:40.262	20031	20551	-66	-76	10	7.03	76.55	2.417
2014-12-28 02:03:38.427	20031	20551	-67	-79	10
2014-12-28 02:13:33.491	20031	20551	-68	-97	11
2014-12-28 03:08:35.971	20031	20551	-66	-76	10	7.36	76.69	2.417
2014-12-28 04:13:33.874	20031	20551	-67	-97	10
2014-12-28 04:23:37.216	20031	20551	-66	-97	10	7.65	76.75	2.417
2014-12-28 04:33:49.351	20031	20551	-67	-97	10
2014-12-28 04:53:38.53	20031	20551	-67	-97	10
2014-12-28 06:03:42.171	20031	20551	-68	-76	10
2014-12-28 06:23:40.846	20031	20551	-68	-76	10	7.63	76.67	2.417
2014-12-28 06:53:31.455	20031	20551	-69	-76	10
2014-12-28 06:53:34.543	20031	20551	-69	-97	10	6.2	76.07	2.401
2014-12-28 07:08:32.779	20031	20551	-67	-79	11	5.79	76.04	2.417
2014-12-28 07:33:36.334	20031	20551	-69	-97	10
2014-12-28 07:33:49.507	20031	20551	-69	-76	10
2014-12-28 13:23:32.742	20031	20551	-67	-76	10	3.15	76.12	2.406
2014-12-28 14:13:34.527	20031	20551	-66	-76	10
2014-12-28 14:33:38.75	20031	20551	-65	-97	10
2014-12-28 14:38:31.919	20031	20551	-66	-73	10	3.89	76.47	2.406
2014-12-28 15:38:34.038	20031	20551	-65	-76	10	3.89	76.28	2.406
2014-12-28 17:08:31.899	20031	20551	-65	-97	10	3.03	76.04	2.406
2014-12-28 19:23:33.927	20031	20551	-65	-76	10	2.26	76.13	2.401
2014-12-28 19:33:32.118	20031	20551	-66	-97	10
2014-12-28 19:53:33.915	20031	20551	-66	-76	10	2.24	76.12	2.406
2014-12-28 20:23:34.975	20031	20551	-65	-76	10	2.14	76.1	2.401
2014-12-28 20:53:48.023	20031	20551	-66	-97	10	1.88	76.04	2.401
2014-12-28 21:03:34.414	20031	20551	-66	-76	10
2014-12-29 00:53:33.206	20031	20551	-66	-76	10	-0.36	76.04	2.396
2014-12-29 01:23:42.103	20031	20551	-66	-76	10	0.0	76.08	2.396
2014-12-29 04:08:39.026	20031	20551	-67	-97	10	0.07	75.95	2.396
2014-12-29 04:13:38.035	20031	20551	-68	-97	10
2014-12-29 06:53:36.69	20031	20551	-67	-79	10	-2.7	75.45	2.391
2014-12-29 07:08:31.351	20031	20551	-68	-76	10	-2.7	75.47	2.391
2014-12-29 07:33:36.562	20031	20551	-68	-76	10
2014-12-29 07:38:33.175	20031	20551	-68	-97	10	-3.11	75.45	2.391
2014-12-29 08:23:33.611	20031	20551	-69	-97	10	-3.27	75.73	2.386
2014-12-29 08:33:37.983	20031	20551	-69	-97	11
2014-12-29 08:38:31.226	20031	20551	-69	-97	11	-3.11	75.88	2.391
2014-12-29 12:08:32.182	20031	20551	-67	-79	10	7.46	77.04	2.406
2014-12-29 12:53:45.974	20031	20551	-66	-97	10	6.79	75.7	2.406
2014-12-29 13:23:43.071	20031	20551	-67	-79	10	6.78	75.82	2.406
2014-12-29 14:08:33.678	20031	20551	-68	-79	10	5.24	75.5	2.406
2014-12-29 14:13:33.25	20031	20551	-68	-97	10
2014-12-29 14:23:36.818	20031	20551	-67	-79	10	4.65	75.45	2.401
2014-12-29 16:13:31.13	20031	20551	-67	-76	10
2014-12-29 16:23:33.135	20031	20551	-68	-97	10	2.21	75.33	2.401
2014-12-29 17:33:36.587	20031	20551	-68	-76	10
2014-12-29 18:38:31.882	20031	20551	-68	-79	10	-0.04	75.36	2.396
2014-12-29 20:03:36.988	20031	20551	-67	-79	10
2014-12-29 20:08:32.15	20031	20551	-67	-79	10	-0.71	75.53	2.396
2014-12-29 20:53:35.315	20031	20551	-69	-79	10	-1.39	75.44	2.391
2014-12-29 21:03:33.206	20031	20551	-68	-79	10
2014-12-29 21:08:43.498	20031	20551	-67	-79	10	-1.5	75.46	2.366
2014-12-29 21:23:35.047	20031	20551	-68	-97	10	-1.35	75.45	2.391
2014-12-29 21:33:32.69	20031	20551	-68	-76	10
2014-12-29 21:33:34.463	20031	20551	-68	-97	10
2014-12-29 22:08:55.319	20031	20551	-68	-79	10	-2.38	75.18	2.386
2014-12-30 05:33:41.69	20031	20551	-70	-79	10
2014-12-30 07:08:35.842	20031	20551	-70	-82	12	-5.61	75.2	2.381
2014-12-30 08:53:33.459	20031	20551	-70	-79	11
2014-12-30 09:23:41.574	20031	20551	-70	-82	11	-4.35	75.94	2.376
2014-12-30 09:53:38.243	20031	20551	-70	-76	10	-3.09	77.02	2.381
2014-12-30 10:08:34.206	20031	20551	-69	-97	10	-0.85	78.13	2.386
2014-12-30 13:33:34.726	20031	20551	-68	-76	10
2014-12-30 13:53:40.83	20031	20551	-68	-97	10	6.7	74.72	2.401
2014-12-30 14:13:31.43	20031	20551	-66	-79	10
2014-12-30 14:23:41.534	20031	20551	-68	-97	10	5.25	75.17	2.401
2014-12-30 15:23:40.266	20031	20551	-67	-76	10	4.18	75.37	2.401
2014-12-30 16:08:33.195	20031	20551	-66	-76	10	3.86	74.61	2.401
2014-12-30 16:13:32.231	20031	20551	-66	-97	10
2014-12-30 17:03:30.135	20031	20551	-68	-76	10
2014-12-30 17:08:36.242	20031	20551	-70	-97	10	-0.1	74.74	2.396
2014-12-30 17:23:37.171	20031	20551	-68	-97	10	-0.57	74.76	2.391
2014-12-30 17:33:36.259	20031	20551	-68	-79	10
2014-12-30 18:23:34.091	20031	20551	-69	-79	10	-2.03	74.79	2.386
2014-12-30 19:08:51.526	20031	20551	-70	-79	11	-2.53	75.05	2.376
2014-12-30 19:23:37.918	20031	20551	-71	-97	10	-2.75	74.93	2.381
2014-12-30 20:03:39.882	20031	20551	-71	-82	10
2014-12-30 20:08:33.667	20031	20551	-68	-97	11	-3.39	75.11	2.386
2014-12-30 20:13:34.711	20031	20551	-70	-97	11
2014-12-30 20:23:35.707	20031	20551	-71	-97	11	-3.34	75.36	2.386
2014-12-30 20:53:42.803	20031	20551	-68	-79	10	-3.7	75.16	2.381
2014-12-30 22:38:35.443	20031	20551	-71	-79	10	-4.68	74.83	2.381
2014-12-30 22:53:38.81	20031	20551	-72	-79	10
2014-12-30 22:53:38.83	20031	20551	-72	-97	10	-5.16	74.75	2.371
2014-12-30 23:03:34.847	20031	20551	-76	-97	10
2014-12-30 23:08:31.491	20031	20551	-72	-79	10	-5.32	74.57	2.381
2014-12-30 23:33:34.851	20031	20551	-69	-79	10
2014-12-31 00:03:31.682	20031	20551	-69	-79	10
2014-12-31 02:08:40.987	20031	20551	-70	-79	10	-6.43	75.07	2.376
2014-12-31 02:23:31.866	20031	20551	-70	-97	10	-6.42	75.0	2.376
2014-12-31 03:03:35.051	20031	20551	-71	-82	10
2014-12-31 03:08:34.023	20031	20551	-71	-97	10	-6.98	74.76	2.371
2014-12-31 03:23:36.726	20031	20551	-70	-97	10	-6.95	74.91	2.371
2014-12-31 03:33:32.551	20031	20551	-70	-97	10
2014-12-31 05:08:39.123	20031	20551	-70	-82	10	-6.93	74.94	2.371
2014-12-31 05:33:33.079	20031	20551	-72	-82	10
2014-12-31 05:38:32.143	20031	20551	-72	-97	10	-6.75	75.05	2.371
2014-12-31 05:53:35.798	20031	20551	-70	-79	10	-6.64	75.16	2.371
2014-12-31 06:23:38.182	20031	20551	-72	-79	10	-6.66	75.0	2.371
2014-12-31 06:33:37.058	20031	20551	-73	-97	10
2014-12-31 06:38:38.147	20031	20551	-72	-97	10	-6.71	74.98	2.371
2014-12-31 06:53:31.734	20031	20551	-72	-79	10
2014-12-31 06:53:31.762	20031	20551	-72	-97	10	-6.98	74.95	2.371
2014-12-31 07:23:39.302	20031	20551	-73	-82	10	-6.96	74.81	2.371
2014-12-31 07:33:42.094	20031	20551	-73	-97	10
2014-12-31 15:33:34.771	20031	20551	-79	-82	10
2014-12-31 17:23:35.19	20031	20551	-70	-82	10	-4.07	74.38	2.381
2014-12-31 17:33:33.983	20031	20551	-70	-97	10
2014-12-31 18:13:31.754	20031	20551	-72	-82	10
2014-12-31 18:23:33.287	20031	20551	-71	-97	10	-5.03	74.63	2.371
2014-12-31 20:53:31.978	20031	20551	-70	-85	10
2014-12-31 22:23:33.763	20031	20551	-72	-97	10	-6.38	74.94	2.366
2014-12-31 22:53:43.538	20031	20551	-70	-79	10
2015-01-01 01:08:35.919	20031	20551	-76	-82	10	-6.68	74.87	2.366
2015-01-01 01:33:36.107	20031	20551	-72	-79	10
2015-01-01 02:03:33.923	20031	20551	-72	-82	10
2015-01-01 02:08:41.002	20031	20551	-75	-97	10	-6.71	74.91	2.366
2015-01-01 02:33:37.963	20031	20551	-72	-82	10
2015-01-01 04:53:35.099	20031	20551	-75	-82	11
2015-01-01 04:53:35.122	20031	20551	-75	-97	11	-6.89	74.9	2.366
2015-01-01 05:08:45.222	20031	20551	-89	-97	11	-6.67	74.95	2.366
2015-01-01 07:03:36.391	20031	20551	-73	-82	11
2015-01-01 07:08:40.287	20031	20551	-75	-97	11	-7.18	74.83	2.361
2015-01-01 07:33:36.319	20031	20551	-78	-85	11
2015-01-01 08:38:33.939	20031	20551	-76	-88	11	-6.82	75.2	2.361
2015-01-01 08:53:36.39	20031	20551	-79	-97	11
2015-01-01 10:53:47.496	20031	20551	-77	-82	10	0.1	77.25	2.371
2015-01-01 11:03:36.163	20031	20551	-77	-97	10
2015-01-01 13:33:34.422	20031	20551	-80	-85	10
2015-01-01 13:53:41.771	20031	20551	-71	-85	10	5.1	75.49	2.391
2015-01-01 14:03:37.894	20031	20551	-78	-82	10
2015-01-01 15:33:32.978	20031	20551	-69	-97	10
2015-01-01 17:03:39.238	20031	20551	-68	-79	10
2015-01-01 22:38:35.815	20031	20551	-68	-76	10	-0.56	75.83	2.381
2015-01-02 00:53:35.014	20031	20551	-71	-76	10
2015-01-02 01:23:31.93	20031	20551	-69	-79	10	-0.93	75.87	2.381
2015-01-02 01:33:31.878	20031	20551	-70	-97	10
2015-01-02 02:38:37.483	20031	20551	-69	-79	10	-1.43	75.69	2.381
2015-01-02 05:23:33.758	20031	20551	-71	-79	10	-2.36	75.57	2.376
2015-01-02 05:33:32.906	20031	20551	-70	-97	10
2015-01-02 05:38:39.867	20031	20551	-69	-97	10	-2.38	75.66	2.376
2015-01-02 07:38:32.275	20031	20551	-66	-76	10	-2.61	75.61	2.376
2015-01-02 07:53:31.639	20031	20551	-68	-97	10	-2.7	75.64	2.376
2015-01-02 08:38:31.615	20031	20551	-69	-79	10	-2.35	76.05	2.376
2015-01-02 09:03:32.018	20031	20551	-70	-79	10
2015-01-02 12:33:33.003	20031	20551	-75	-79	10
2015-01-02 12:38:33.302	20031	20551	-72	-97	10	8.82	76.27	2.396
2015-01-02 12:53:41.382	20031	20551	-73	-82	10
2015-01-02 12:53:48.486	20031	20551	-74	-97	10	9.07	75.49	2.396
2015-01-02 18:38:31.839	20031	20551	-71	-97	10	-1.28	75.17	2.386
2015-01-02 19:38:32.73	20031	20551	-71	-82	10	-2.17	75.34	2.386
2015-01-02 19:53:32.611	20031	20551	-70	-82	10	-2.29	75.39	2.381
2015-01-02 20:23:33.127	20031	20551	-71	-82	10	-2.52	75.49	2.381
2015-01-02 20:33:35.203	20031	20551	-71	-79	10
2015-01-03 04:03:34.051	20031	20551	-68	-76	10
2015-01-03 05:08:33.419	20031	20551	-68	-79	10	-2.71	76.06	2.376
2015-01-03 07:38:32.29	20031	20551	-69	-76	10	-0.78	76.12	2.376
2015-01-03 08:08:33.238	20031	20551	-70	-79	10	-0.5	76.13	2.381
2015-01-03 11:53:42.679	20031	20551	-68	-79	10	2.43	76.55	2.381
2015-01-03 12:53:37.01	20031	20551	-67	-79	10
2015-01-03 12:53:37.027	20031	20551	-68	-97	10	2.6	76.42	2.294
2015-01-03 13:38:36.002	20031	20551	-68	-76	10	3.57	76.53	2.386
2015-01-03 19:03:36.955	20031	20551	-68	-79	10
2015-01-03 19:08:32.806	20031	20551	-69	-97	10	5.1	76.56	2.391
2015-01-03 20:33:40.987	20031	20551	-68	-79	10
2015-01-03 20:38:36.931	20031	20551	-69	-76	10	7.61	77.24	2.391
2015-01-03 21:03:36.999	20031	20551	-69	-97	11
2015-01-03 21:23:35.827	20031	20551	-68	-76	11	7.61	76.99	2.391
2015-01-03 21:33:40.847	20031	20551	-68	-97	11
2015-01-03 21:53:37.206	20031	20551	-68	-76	11	7.79	77.06	2.396
2015-01-03 22:33:44.611	20031	20551	-67	-79	11
2015-01-03 23:03:45.435	20031	20551	-68	-76	10
2015-01-04 00:03:35.616	20031	20551	-68	-76	10
2015-01-04 02:33:34.723	20031	20551	-68	-97	10
2015-01-04 06:53:45.539	20031	20551	-66	-79	10
2015-01-04 09:38:35.888	20031	20551	-70	-82	10	14.79	77.71	2.411
2015-01-04 10:53:42.135	20031	20551	-70	-76	10
2015-01-04 10:53:42.166	20031	20551	-70	-97	10	14.72	77.41	2.411
2015-01-04 11:03:33.894	20031	20551	-70	-97	10
2015-01-04 15:38:35.706	20031	20551	-66	-82	10	11.28	76.86	2.411
2015-01-04 18:33:34.506	20031	20551	-68	-76	10
2015-01-04 19:03:32.823	20031	20551	-68	-97	10
2015-01-04 20:23:46.411	20031	20551	-67	-76	10	4.0	76.5	2.401
2015-01-04 20:53:34.195	20031	20551	-71	-79	10
2015-01-04 20:53:39.871	20031	20551	-72	-97	10	2.63	76.1	2.396
2015-01-04 21:03:31.806	20031	20551	-72	-76	10
2015-01-04 21:08:37.807	20031	20551	-69	-97	10	2.46	76.22	2.401
2015-01-04 22:23:33.414	20031	20551	-68	-79	10	2.0	76.44	2.396
2015-01-04 22:38:30.782	20031	20551	-67	-79	10	1.96	76.42	2.396
2015-01-04 22:53:29.931	20031	20551	-67	-97	10
2015-01-04 23:53:38.778	20031	20551	-69	-97	10	1.01	76.22	2.391
2015-01-05 00:03:34.022	20031	20551	-65	-97	10
2015-01-05 00:08:33.435	20031	20551	-65	-97	10	0.79	76.15	2.396
2015-01-05 00:13:30.374	20031	20551	-66	-82	11
2015-01-05 00:23:35.683	20031	20551	-66	-97	11	0.6	76.13	2.391
2015-01-05 00:38:31.667	20031	20551	-69	-97	11	0.32	76.02	2.391
2015-01-05 01:08:37.835	20031	20551	-65	-97	14	-0.1	76.03	2.391
2015-01-05 01:38:38.839	20031	20551	-66	-76	10	-0.35	76.07	2.391
2015-01-05 01:53:37.659	20031	20551	-66	-76	10	-0.43	76.08	2.386
2015-01-05 02:08:37.363	20031	20551	-69	-82	10	-0.6	76.04	2.391
2015-01-05 02:13:31.546	20031	20551	-67	-97	10
2015-01-05 04:03:35.53	20031	20551	-70	-97	10
2015-01-05 04:13:42.103	20031	20551	-67	-82	10
2015-01-05 05:23:37.971	20031	20551	-69	-82	10	-2.96	75.65	2.386
2015-01-05 06:13:35.995	20031	20551	-71	-79	13
2015-01-05 06:53:32.23	20031	20551	-68	-79	11
2015-01-05 06:53:34.431	20031	20551	-68	-97	11	-4.7	75.21	2.376
2015-01-05 06:53:34.522	20031	20551	-68	-97	11	-4.7	75.21	2.376
2015-01-05 07:03:35.019	20031	20551	-66	-97	11
2015-01-05 07:08:30.478	20031	20551	-71	-97	11	-4.7	75.28	2.381
2015-01-05 07:23:33.082	20031	20551	-68	-79	11	-5.29	74.94	2.376
2015-01-05 08:53:30.562	20031	20551	-68	-82	11
2015-01-05 09:03:34.551	20031	20551	-68	-97	11
2015-01-05 09:08:31.655	20031	20551	-69	-97	14	-5.8	76.54	2.376
2015-01-05 09:53:30.467	20031	20551	-74	-79	13	-5.59	75.7	2.376
2015-01-05 10:03:33.879	20031	20551	-71	-97	13
2015-01-05 10:08:32.991	20031	20551	-70	-97	13	-5.67	75.61	2.376
2015-01-05 10:23:32.558	20031	20551	-68	-82	12	-4.11	77.8	2.376
2015-01-05 10:33:32.81	20031	20551	-71	-97	12
2015-01-05 10:38:29.915	20031	20551	-69	-97	12	-4.0	75.97	2.381
2015-01-05 10:53:36.295	20031	20551	-69	-82	12
2015-01-05 11:08:30.583	20031	20551	-76	-97	19	-4.89	75.62	2.376
2015-01-05 11:53:32.454	20031	20551	-68	-79	18	-5.02	75.66	2.376
2015-01-05 12:08:31.847	20031	20551	-72	-97	18	-5.28	75.18	2.376
2015-01-05 13:03:31.399	20031	20551	-70	-79	16
2015-01-05 13:33:29.95	20031	20551	-71	-79	16
2015-01-05 18:53:32.292	20031	20551	-72	-82	10
2015-01-06 00:03:32.952	20031	20551	-77	-82	10
2015-01-06 00:08:34.062	20031	20551	-77	-85	10	-10.84	74.69	2.356
2015-01-06 00:23:38.607	20031	20551	-77	-85	10	-10.74	74.81	2.351
2015-01-06 01:33:30.811	20031	20551	-77	-85	10
2015-01-06 02:03:36.827	20031	20551	-81	-88	10
2015-01-06 02:08:33.947	20031	20551	-77	-97	11	-9.78	75.04	2.356
2015-01-06 02:13:32.798	20031	20551	-78	-97	11
2015-01-06 02:33:34.89	20031	20551	-79	-88	11
2015-01-06 02:38:31.007	20031	20551	-78	-97	11	-9.74	74.91	2.356
2015-01-06 03:03:34.474	20031	20551	-77	-85	11
2015-01-06 04:03:34.491	20031	20551	-77	-82	10
2015-01-06 05:23:38.658	20031	20551	-76	-82	10	-10.11	74.78	2.351
2015-01-06 06:13:36.682	20031	20551	-76	-82	10
2015-01-06 06:23:34.126	20031	20551	-75	-97	10	-10.02	74.83	2.351
2015-01-06 09:38:36.278	20031	20551	-74	-97	11	-8.3	75.48	2.356
2015-01-06 11:08:33.651	20031	20551	-72	-97	10	-6.11	76.12	2.361
2015-01-06 11:33:43.283	20031	20551	-74	-82	10
2015-01-06 11:53:36.646	20031	20551	-72	-82	10	-5.16	76.05	2.361
2015-01-06 12:13:32.858	20031	20551	-70	-82	10
2015-01-06 12:33:31.787	20031	20551	-74	-97	10
2015-01-06 13:03:32.474	20031	20551	-72	-82	10
2015-01-06 13:33:31.718	20031	20551	-74	-82	10
2015-01-06 13:38:31.898	20031	20551	-73	-97	10	-3.2	77.21	2.366
2015-01-06 14:38:32.914	20031	20551	-75	-79	10	-4.14	75.4	2.366
2015-01-06 14:53:31.442	20031	20551	-71	-82	10
2015-01-06 14:53:31.462	20031	20551	-71	-97	10	-4.6	75.42	2.366
2015-01-06 15:03:36.443	20031	20551	-70	-97	10
2015-01-06 15:23:32.415	20031	20551	-70	-82	10	-4.56	75.24	2.366
2015-01-06 15:33:38.375	20031	20551	-71	-97	10
2015-01-06 15:33:38.39	20031	20551	-71	-97	10
2015-01-06 15:38:39.499	20031	20551	-74	-97	10	-4.89	75.12	2.366
2015-01-06 16:03:39.763	20031	20551	-72	-85	10
2015-01-06 16:23:36.042	20031	20551	-76	-79	18	-5.55	74.98	2.366
2015-01-06 16:33:32.683	20031	20551	-74	-97	18
2015-01-06 16:38:32.858	20031	20551	-72	-97	18	-6.1	74.79	2.361
2015-01-06 17:03:32.342	20031	20551	-73	-82	17
2015-01-06 17:08:32.754	20031	20551	-74	-82	14	-6.75	74.76	2.361
2015-01-06 17:33:33.739	20031	20551	-73	-82	13
2015-01-06 17:33:33.751	20031	20551	-73	-97	14
2015-01-06 18:13:33.862	20031	20551	-75	-82	14
2015-01-06 18:23:33.423	20031	20551	-74	-97	14	-7.38	74.93	2.356
2015-01-06 18:53:33.451	20031	20551	-73	-82	12
2015-01-06 18:53:33.484	20031	20551	-73	-97	12	-7.8	74.87	2.356
2015-01-06 19:38:43.198	20031	20551	-72	-82	10	-8.07	74.71	2.356
2015-01-06 19:53:35.366	20031	20551	-75	-97	10	-8.24	74.72	2.356
2015-01-06 20:08:33.831	20031	20551	-76	-82	10	-8.46	74.68	2.356
2015-01-06 20:13:34.69	20031	20551	-76	-97	10
2015-01-06 20:53:33.414	20031	20551	-75	-97	10
2015-01-06 21:08:41.707	20031	20551	-76	-82	10	-8.88	74.75	2.356
2015-01-06 21:23:33.411	20031	20551	-73	-97	11	-8.98	74.73	2.351
2015-01-06 22:33:36.783	20031	20551	-76	-85	10
2015-01-06 22:38:37.975	20031	20551	-74	-97	14	-9.16	74.85	2.351
2015-01-06 23:33:34.752	20031	20551	-76	-85	13
2015-01-07 00:08:34.131	20031	20551	-76	-97	13	-9.48	74.76	2.351
2015-01-07 00:33:32.775	20031	20551	-74	-82	12
2015-01-07 00:38:35.055	20031	20551	-72	-97	12	-9.53	74.82	2.351
2015-01-07 01:23:35.986	20031	20551	-77	-85	11	-9.63	74.79	2.351
2015-01-07 01:33:34.818	20031	20551	-78	-88	11
2015-01-07 01:33:34.838	20031	20551	-78	-97	11
2015-01-07 01:38:32.987	20031	20551	-75	-97	11	-9.71	74.75	2.351
2015-01-07 01:53:34.462	20031	20551	-78	-97	11	-9.82	74.73	2.351
2015-01-07 02:03:37.871	20031	20551	-75	-97	10
2015-01-07 02:08:32.986	20031	20551	-78	-97	10	-9.94	74.66	2.351
2015-01-07 02:23:37.511	20031	20551	-79	-97	10	-10.1	74.62	2.351
2015-01-07 02:33:32.878	20031	20551	-82	-82	10
2015-01-07 02:38:38.058	20031	20551	-74	-97	11	-10.19	74.63	2.351
2015-01-07 02:53:31.707	20031	20551	-78	-97	11
2015-01-07 03:03:32.655	20031	20551	-77	-85	11
2015-01-07 03:08:36.822	20031	20551	-79	-97	11	-10.3	74.65	2.346
2015-01-07 03:23:32.718	20031	20551	-75	-97	11	-10.38	74.63	2.346
2015-01-07 03:33:34.118	20031	20551	-81	-85	10
2015-01-07 03:33:34.138	20031	20551	-80	-97	10
2015-01-07 03:38:36.371	20031	20551	-78	-97	10	-10.54	74.6	2.336
2015-01-07 03:53:37.783	20031	20551	-74	-97	11	-10.56	74.59	2.346
2015-01-07 04:03:35.139	20031	20551	-79	-85	11
2015-01-07 04:08:34.211	20031	20551	-82	-97	11	-10.64	74.55	2.341
2015-01-07 04:13:32.122	20031	20551	-78	-97	12
2015-01-07 04:38:33.322	20031	20551	-81	-97	12	-10.92	74.42	2.346
2015-01-07 04:53:32.762	20031	20551	-81	-88	11
2015-01-07 05:33:35.171	20031	20551	-77	-85	11
2015-01-07 05:33:35.187	20031	20551	-77	-97	11
2015-01-07 05:53:36.787	20031	20551	-82	-97	11	-11.36	74.42	2.341
2015-01-07 06:03:33.219	20031	20551	-80	-88	11
2015-01-07 06:13:34.111	20031	20551	-76	-97	11
2015-01-07 06:33:32.135	20031	20551	-80	-88	10
2015-01-07 06:38:32.303	20031	20551	-79	-97	10	-11.54	74.38	2.346
2015-01-07 06:53:33.831	20031	20551	-81	-97	10
2015-01-07 06:53:33.871	20031	20551	-81	-97	10	-11.78	74.39	2.341
2015-01-07 07:03:35.843	20031	20551	-76	-85	10
2015-01-07 07:08:35.999	20031	20551	-74	-97	10	-11.68	74.35	2.346
2015-01-07 07:23:34.867	20031	20551	-76	-91	10	-11.8	74.32	2.341
2015-01-07 07:33:35.539	20031	20551	-78	-97	10
2015-01-07 07:33:35.554	20031	20551	-77	-97	10
2015-01-07 07:38:33.691	20031	20551	-77	-97	10	-11.88	74.3	2.346
2015-01-07 07:53:32.903	20031	20551	-75	-97	10	-12.0	74.28	2.341
2015-01-07 08:03:34.267	20031	20551	-82	-85	10
2015-01-07 08:08:35.515	20031	20551	-82	-97	10	-12.01	74.39	2.341
2015-01-07 08:33:35.151	20031	20551	-80	-97	10
2015-01-07 08:38:36.011	20031	20551	-76	-97	10	-11.8	74.78	2.341
2015-01-07 08:53:36.963	20031	20551	-71	-97	14	-11.62	74.96	2.341
2015-01-07 08:53:36.978	20031	20551	-71	-97	10
2015-01-07 09:03:33.875	20031	20551	-80	-97	14
2015-01-07 09:23:39.951	20031	20551	-80	-97	15	-10.78	75.28	2.341
2015-01-07 10:13:36.299	20031	20551	-76	-85	15
2015-01-07 10:53:32.894	20031	20551	-76	-85	14
2015-01-07 10:53:32.91	20031	20551	-76	-97	14	-9.14	75.41	2.346
2015-01-07 11:23:37.106	20031	20551	-82	-97	14	-7.56	76.17	2.351
2015-01-07 11:33:33.266	20031	20551	-77	-85	14
2015-01-07 11:33:33.282	20031	20551	-77	-97	13
2015-01-07 12:13:40.327	20031	20551	-78	-82	13
2015-01-07 12:23:35.598	20031	20551	-78	-97	13	-7.96	74.81	2.351
2015-01-07 12:53:36.986	20031	20551	-80	-88	12
2015-01-07 12:53:37.014	20031	20551	-80	-97	12	-8.64	74.36	2.351
2015-01-07 13:03:33.911	20031	20551	-76	-97	12
2015-01-07 16:13:34.259	20031	20551	-80	-94	10
2015-01-07 16:33:36.387	20031	20551	-76	-91	10
2015-01-07 16:38:33.495	20031	20551	-75	-97	10	-11.32	73.52	2.346
2015-01-07 16:53:34.995	20031	20551	-81	-97	10
2015-01-07 17:08:36.135	20031	20551	-78	-85	10	-12.56	73.4	2.341
2015-01-07 18:53:33.674	20031	20551	-83	-82	10
2015-01-07 18:53:36.162	20031	20551	-82	-97	10	-14.7	73.32	2.332
2015-01-07 19:33:34.482	20031	20551	-80	-91	10
2015-01-07 19:38:40.755	20031	20551	-88	-97	10	-15.14	73.39	2.332
2015-01-07 21:33:36.774	20031	20551	-84	-97	16
2015-01-08 02:53:43.747	20031	20551	-89	-94	18	-17.61	73.19	2.317
2015-01-08 08:08:52.926	20031	20551	-86	-91	11	-18.39	73.18	2.312
2015-01-08 11:23:38.604	20031	20551	-81	-85	12	-7.92	76.0	2.336
2015-01-08 12:13:42.042	20031	20551	-86	-94	12
2015-01-08 12:53:41.018	20031	20551	-41	-94	12	-5.29	75.86	2.351
2015-01-08 15:03:36.47	20031	20551	-88	-88	26
2015-01-08 20:53:41.938	20031	20551	-88	-91	17
2015-01-08 21:03:42.026	20031	20551	-85	-97	17
2015-01-08 22:13:40.506	20031	20551	-86	-88	13
2015-01-08 23:08:41.543	20031	20551	-88	-88	12	-10.66	74.64	2.336
2015-01-09 00:13:44.315	20031	20551	-87	-94	12
2015-01-09 01:53:39.456	20031	20551	-80	-88	13	-7.48	75.5	2.341
2015-01-09 02:23:41.354	20031	20551	-80	-88	13	-7.28	75.47	2.341
2015-01-09 06:13:38.399	20031	20551	-76	-85	10
2015-01-09 06:53:37.939	20031	20551	-76	-88	10
2015-01-09 06:53:49.07	20031	20551	-78	-97	10	-7.39	75.21	2.341
2015-01-09 07:33:41.819	20031	20551	-80	-85	10
2015-01-09 07:38:43.935	20031	20551	-80	-97	10	-7.2	75.23	2.341
2015-01-09 08:08:38.847	20031	20551	-78	-85	10	-7.02	75.36	2.346
2015-01-09 08:33:42.89	20031	20551	-74	-97	10
2015-01-09 09:38:52.163	20031	20551	-74	-85	10	-5.89	75.79	2.346
2015-01-09 12:54:00.682	20031	20551	-78	-91	10	3.14	75.87	2.366
2015-01-09 13:03:55.583	20031	20551	-82	-91	11
2015-01-09 13:33:43.147	20031	20551	-77	-97	12
2015-01-09 13:38:47.451	20031	20551	-83	-97	12	-1.96	74.91	2.366
2015-01-09 14:03:44.686	20031	20551	-82	-85	10
2015-01-09 14:08:51.819	20031	20551	-76	-94	10	-2.13	76.43	2.361
2015-01-09 14:53:40.686	20031	20551	-76	-82	10	-1.67	75.69	2.356
2015-01-09 19:53:41.074	20031	20551	-84	-88	10	-11.06	74.14	2.341
2015-01-09 20:53:56.342	20031	20551	-85	-97	10	-11.9	74.14	2.336
2015-01-09 21:03:40.558	20031	20551	-82	-91	10
2015-01-09 21:53:43.866	20031	20551	-77	-82	10	-12.74	73.84	2.327
2015-01-09 22:08:56.422	20031	20551	-87	-97	10	-13.06	73.75	2.332
2015-01-09 22:13:40.371	20031	20551	-84	-97	10
2015-01-09 23:03:43.394	20031	20551	-81	-88	10
2015-01-09 23:08:40.467	20031	20551	-87	-88	11	-13.91	73.63	2.327
2015-01-09 23:23:47.518	20031	20551	-78	-85	11	-14.16	73.62	2.327
2015-01-09 23:38:41.298	20031	20551	-85	-88	13	-14.38	73.62	2.327
2015-01-10 00:53:40.042	20031	20551	-82	-85	14	-15.66	73.3	2.317
2015-01-10 01:03:43.27	20031	20551	-80	-91	12
2015-01-10 01:08:54.479	20031	20551	-85	-97	12	-15.85	73.28	2.322
2015-01-10 01:23:39.398	20031	20551	-87	-94	11	-16.04	73.26	2.322
2015-01-10 02:23:44.598	20031	20551	-88	-85	10	-16.58	73.26	2.317
2015-01-10 02:53:41.638	20031	20551	-87	-97	14	-16.9	73.21	2.312
2015-01-10 03:03:49.55	20031	20551	-90	-94	13
2015-01-10 05:33:40.928	20031	20551	-90	-88	20
2015-01-10 05:53:42.402	20031	20551	-80	-91	19	-18.26	73.07	2.308
2015-01-10 06:38:45.534	20031	20551	-83	-88	19	-18.5	73.11	2.308
2015-01-10 07:33:45.019	20031	20551	-86	-91	17
2015-01-10 08:03:44.503	20031	20551	-85	-91	17
2015-01-10 08:13:48.563	20031	20551	-83	-91	17
2015-01-10 11:33:49.431	20031	20551	-85	-97	13
2015-01-10 12:03:44.79	20031	20551	-79	-97	12
2015-01-10 12:08:44.01	20031	20551	-76	-97	12	-5.5	76.18	2.346
2015-01-10 18:38:55.699	20031	20551	-79	-85	10	-10.58	74.03	2.336
2015-01-11 00:38:45.327	20031	20551	-81	-88	14	-13.27	74.05	2.327
2015-01-11 01:33:42.863	20031	20551	-81	-85	10
2015-01-11 02:03:52.016	20031	20551	-79	-88	10
2015-01-11 02:13:43.232	20031	20551	-79	-85	10
2015-01-11 02:33:47.271	20031	20551	-79	-97	10
2015-01-11 02:53:43.167	20031	20551	-78	-97	14
2015-01-11 02:53:43.186	20031	20551	-78	-97	14	-11.56	74.92	2.327
2015-01-11 03:23:44.154	20031	20551	-79	-85	14	-10.92	75.0	2.327
2015-01-11 03:33:42.243	20031	20551	-79	-97	14
2015-01-11 04:08:46.047	20031	20551	-78	-85	14	-9.94	75.26	2.327
2015-01-11 08:13:44.238	20031	20551	-79	-85	10
2015-01-11 08:33:47.178	20031	20551	-76	-97	10
2015-01-11 09:08:42.043	20031	20551	-76	-85	10	-5.25	76.12	2.341
2015-01-11 09:33:42.69	20031	20551	-74	-82	10
2015-01-11 09:38:43.054	20031	20551	-74	-97	10	-4.28	76.29	2.346
2015-01-11 09:53:45.074	20031	20551	-72	-97	10	-3.75	76.31	2.341
2015-01-11 10:03:44.647	20031	20551	-72	-97	10
2015-01-11 10:13:45.15	20031	20551	-71	-79	10
2015-01-11 11:23:43.978	20031	20551	-70	-79	10	-0.85	76.54	2.351
2015-01-11 11:33:46.439	20031	20551	-68	-97	10
2015-01-11 11:38:44.646	20031	20551	-69	-79	10	-0.38	76.69	2.351
2015-01-11 11:53:55.275	20031	20551	-70	-97	10	0.0	76.63	2.351
2015-01-11 17:08:46.614	20031	20551	-68	-97	10	2.86	76.33	2.366
2015-01-11 18:38:49.982	20031	20551	-67	-97	10	1.96	76.13	2.366
2015-01-11 19:33:45.158	20031	20551	-68	-76	10
2015-01-11 19:53:47.943	20031	20551	-68	-79	10	2.22	76.39	2.366
2015-01-11 20:03:45.126	20031	20551	-68	-97	10
2015-01-11 20:23:43.863	20031	20551	-68	-76	10	2.35	76.41	2.366
2015-01-11 21:23:51.891	20031	20551	-68	-79	10	2.78	76.5	2.366
2015-01-11 21:53:42.855	20031	20551	-65	-76	10	2.79	76.46	2.371
2015-01-11 22:13:56.335	20031	20551	-68	-76	11
2015-01-11 23:33:48.922	20031	20551	-67	-76	10
2015-01-11 23:38:45.87	20031	20551	-67	-76	10	0.57	75.96	2.366
2015-01-12 00:03:45.507	20031	20551	-66	-79	10
2015-01-12 00:08:43.842	20031	20551	-67	-97	10	0.33	76.05	2.366
2015-01-12 00:13:46.902	20031	20551	-66	-97	10
2015-01-12 00:23:44.826	20031	20551	-66	-97	10	0.24	76.05	2.366
2015-01-12 01:08:45.111	20031	20551	-64	-76	10	0.28	76.21	2.366
2015-01-12 02:08:43.058	20031	20551	-66	-76	10	0.42	76.31	2.366
2015-01-12 02:23:46.011	20031	20551	-67	-76	10	0.43	76.32	2.361
2015-01-12 02:38:50.774	20031	20551	-68	-76	10	0.47	76.32	2.361
2015-01-12 08:38:52.062	20031	20551	-65	-76	10	1.28	76.52	2.366
2015-01-12 22:33:48.655	20031	20551	-72	-82	10
2015-01-13 02:33:44.911	20031	20551	-76	-97	10
2015-01-13 08:38:41.851	20031	20551	-78	-88	10	-11.13	74.93	2.303
2015-01-13 09:23:43.37	20031	20551	-79	-85	10	-9.96	75.92	2.332
2015-01-13 09:33:50.923	20031	20551	-80	-85	11
2015-01-13 10:53:45.967	20031	20551	-79	-85	10	-2.14	77.94	2.351
2015-01-14 02:33:45.01	20031	20551	-73	-82	11
2015-01-14 03:23:45.651	20031	20551	-74	-97	11	-10.74	74.78	2.332
2015-01-14 03:33:45.059	20031	20551	-74	-82	11
2015-01-14 03:38:45.059	20031	20551	-74	-97	11	-10.74	74.9	2.332
2015-01-14 08:08:43.363	20031	20551	-74	-82	10	-12.02	75.35	2.327
2015-01-14 08:13:48.435	20031	20551	-74	-82	10
2015-01-14 08:23:43.379	20031	20551	-74	-97	10	-11.48	75.51	2.322
2015-01-14 08:38:50.478	20031	20551	-73	-97	10	-11.0	75.6	2.327
2015-01-14 20:38:46.938	20031	20551	-79	-85	10	-5.31	75.38	2.346
2015-01-14 20:53:43.027	20031	20551	-78	-97	10
2015-01-14 21:03:46.982	20031	20551	-78	-97	14
2015-01-14 21:08:47.322	20031	20551	-78	-97	14	-5.53	75.38	2.346
2015-01-14 21:23:44.998	20031	20551	-79	-91	13	-5.6	75.39	2.341
2015-01-14 21:33:45.023	20031	20551	-78	-97	13
2015-01-14 21:38:54.172	20031	20551	-76	-85	13	-5.67	75.38	2.341
2015-01-14 22:03:47.679	20031	20551	-76	-85	13
2015-01-14 22:08:46.826	20031	20551	-76	-97	13	-6.03	75.15	2.346
2015-01-14 23:08:45.14	20031	20551	-76	-82	11	-7.24	74.99	2.341
2015-01-14 23:23:48.119	20031	20551	-75	-97	11	-7.38	75.12	2.336
2015-01-14 23:53:46.11	20031	20551	-77	-85	10	-7.2	75.42	2.336
2015-01-15 04:53:43.607	20031	20551	-73	-82	10
2015-01-15 05:08:45.524	20031	20551	-74	-82	10	-7.96	74.97	2.336
2015-01-15 12:03:48.511	20031	20551	-78	-88	10
2015-01-16 10:38:48.222	20031	20551	-76	-88	10	0.17	76.52	2.351
2015-01-16 10:53:51.23	20031	20551	-76	-97	10	-0.18	76.23	2.351
2015-01-16 11:03:49.235	20031	20551	-77	-97	10
2015-01-16 11:53:50.25	20031	20551	-76	-82	10	1.08	76.72	2.351
2015-01-16 12:03:48.002	20031	20551	-76	-97	10
2015-01-16 12:53:49.236	20031	20551	-70	-82	10	2.0	76.19	2.356
2015-01-16 13:38:49.114	20031	20551	-70	-79	10	2.15	76.44	2.361
2015-01-16 18:38:49.975	20031	20551	-74	-82	10	-2.11	75.72	2.356
2015-01-16 22:33:50.616	20031	20551	-79	-85	10
2015-01-17 07:38:44.634	20031	20551	-75	-97	10	-10.42	75.18	2.327
2015-01-17 08:13:44.707	20031	20551	-75	-82	10
2015-01-17 08:23:45.667	20031	20551	-74	-97	10	-10.0	75.57	2.322
2015-01-17 08:53:44.711	20031	20551	-71	-82	10
2015-01-17 09:03:50.802	20031	20551	-72	-82	10
2015-01-17 09:08:44.65	20031	20551	-72	-97	10	-8.02	76.76	2.327
2015-01-17 09:23:50.366	20031	20551	-72	-97	10	-7.0	76.99	2.327
2015-01-17 10:08:56.786	20031	20551	-72	-79	10	-2.74	77.92	2.336
2015-01-17 17:33:49.211	20031	20551	-70	-82	10
2015-01-17 17:38:46.934	20031	20551	-70	-97	10	7.29	76.15	2.376
2015-01-17 19:03:58.287	20031	20551	-69	-79	10
2015-01-18 11:03:43.639	20031	20551	-72	-76	10
2015-01-18 11:33:51.131	20031	20551	-72	-79	10
2015-01-18 17:08:44.659	20031	20551	-74	-82	10	3.28	76.46	2.366
2015-01-18 17:23:44.682	20031	20551	-74	-97	10	3.0	76.38	2.366
2015-01-18 17:33:46.183	20031	20551	-70	-97	10
2015-01-18 17:33:46.207	20031	20551	-70	-97	10
2015-01-18 18:03:50.523	20031	20551	-75	-82	10
2015-01-18 18:03:52.091	20031	20551	-75	-82	10
2015-01-18 18:03:53.322	20031	20551	-75	-82	10
2015-01-18 18:03:54.304	20031	20551	-75	-82	10
2015-01-18 18:08:46.559	20031	20551	-72	-97	10	2.51	76.47	2.366
2015-01-18 18:13:49.483	20031	20551	-75	-97	10
2015-01-18 19:23:45.398	20031	20551	-72	-82	10	2.03	76.47	2.361
2015-01-18 19:33:45.127	20031	20551	-70	-82	10
2015-01-19 00:38:47.435	20031	20551	-70	-79	10	1.11	76.51	2.361
2015-01-19 00:53:47.695	20031	20551	-70	-97	10	0.89	76.49	2.361
2015-01-19 12:53:47.719	20031	20551	-72	-79	10	2.25	77.05	2.356
2015-01-19 13:53:45.599	20031	20551	-74	-85	10	3.39	76.9	2.356
2015-01-19 14:23:50.594	20031	20551	-72	-82	10	3.38	76.63	2.361
2015-01-19 15:03:46.618	20031	20551	-73	-82	10
2015-01-19 15:23:45.459	20031	20551	-73	-97	10	3.57	76.67	2.361
2015-01-19 15:33:47.726	20031	20551	-69	-97	14
2015-01-19 16:23:49.43	20031	20551	-76	-82	14	3.0	76.4	2.361
2015-01-19 17:23:46.358	20031	20551	-75	-82	13	2.39	76.32	2.356
2015-01-19 18:03:46.687	20031	20551	-76	-82	10
2015-01-19 18:13:48.459	20031	20551	-76	-85	10
2015-01-19 18:23:43.199	20031	20551	-76	-82	10	1.47	76.22	2.361
2015-01-19 18:33:48.066	20031	20551	-76	-85	10
2015-01-19 18:38:45.215	20031	20551	-76	-97	10	1.29	76.23	2.361
2015-01-19 18:53:45.038	20031	20551	-76	-97	10
2015-01-19 18:53:45.15	20031	20551	-76	-97	10	1.01	76.25	2.351
2015-01-19 19:33:51.083	20031	20551	-76	-85	10
2015-01-19 20:03:48.463	20031	20551	-76	-85	10
2015-01-19 20:23:44.07	20031	20551	-76	-85	14	0.04	76.06	2.356
2015-01-19 20:53:47.206	20031	20551	-76	-85	13
2015-01-19 21:08:56.767	20031	20551	-77	-97	13	-0.39	76.21	2.356
2015-01-19 21:23:51.775	20031	20551	-76	-97	14	-0.48	76.16	2.351
2015-01-19 21:34:04.987	20031	20551	-76	-85	14
2015-01-19 23:03:46.759	20031	20551	-75	-85	10
2015-01-19 23:23:46.958	20031	20551	-74	-97	10	-2.24	76.1	2.351
2015-01-19 23:38:47.998	20031	20551	-74	-97	10	-2.17	76.2	2.351
2015-01-20 00:08:53.823	20031	20551	-74	-82	10	-2.6	75.99	2.351
2015-01-20 01:38:45.834	20031	20551	-74	-85	10	-2.0	76.36	2.351
2015-01-20 02:33:51.035	20031	20551	-75	-82	10
2015-01-20 02:53:47.811	20031	20551	-75	-97	11
2015-01-20 02:53:47.826	20031	20551	-75	-97	11	-2.0	76.24	2.341
2015-01-20 04:23:45.602	20031	20551	-75	-97	10	-1.7	76.19	2.346
2015-01-20 04:33:46.819	20031	20551	-75	-97	10
2015-01-20 04:53:45.706	20031	20551	-75	-82	10
2015-01-20 04:53:50.867	20031	20551	-75	-97	10	-1.96	76.18	2.341
2015-01-20 05:03:51.655	20031	20551	-75	-85	10
2015-01-20 05:38:46.71	20031	20551	-75	-82	10	-1.78	76.22	2.346
2015-01-20 06:03:46.531	20031	20551	-75	-85	10
2015-01-20 06:08:48.659	20031	20551	-74	-97	10	-1.85	76.15	2.346
2015-01-20 06:33:49.179	20031	20551	-74	-82	10
2015-01-20 07:03:48.506	20031	20551	-74	-82	10
2015-01-20 08:13:52.67	20031	20551	-74	-82	10
2015-01-20 12:03:52.35	20031	20551	-74	-82	10
2015-01-20 12:08:48.367	20031	20551	-74	-97	10	1.39	76.28	2.351
2015-01-20 12:53:43.787	20031	20551	-74	-82	11
2015-01-20 13:03:43.894	20031	20551	-75	-97	11
2015-01-20 13:08:47.743	20031	20551	-75	-97	11	0.81	76.52	2.351
2015-01-20 13:33:48.535	20031	20551	-74	-85	10
2015-01-20 14:23:43.607	20031	20551	-80	-88	11	2.74	77.42	2.351
2015-01-20 14:33:49.615	20031	20551	-79	-97	11
2015-01-20 14:53:53.215	20031	20551	-81	-88	10
2015-01-20 14:53:53.268	20031	20551	-81	-97	14	2.38	76.56	2.351
2015-01-20 15:08:48.342	20031	20551	-80	-88	14	2.04	76.71	2.356
2015-01-20 15:33:55.362	20031	20551	-78	-85	13
2015-01-20 15:53:50.003	20031	20551	-78	-97	13	1.6	76.93	2.351
2015-01-20 22:23:49.03	20031	20551	-81	-88	10	-0.24	76.22	2.346
2015-01-20 22:33:54.163	20031	20551	-80	-88	10
2015-01-20 22:38:48.031	20031	20551	-80	-97	14	-0.25	76.21	2.351
2015-01-20 22:53:46.058	20031	20551	-80	-85	15	-0.52	76.2	2.346
2015-01-20 23:03:44.126	20031	20551	-80	-97	18
2015-01-20 23:08:50.275	20031	20551	-80	-91	17	-0.38	76.23	2.351
2015-01-20 23:38:50.007	20031	20551	-80	-97	17	-0.43	76.29	2.346
2015-01-21 00:23:44.371	20031	20551	-79	-88	14	-0.52	76.3	2.346
2015-01-21 00:38:47.243	20031	20551	-78	-82	13	-0.52	76.3	2.346
2015-01-21 02:08:49.379	20031	20551	-78	-85	10	-0.6	76.33	2.346
2015-01-21 02:33:47.702	20031	20551	-77	-85	10
2015-01-21 02:53:47.358	20031	20551	-77	-97	10	-0.82	76.28	2.346
2015-01-21 03:33:53.855	20031	20551	-79	-85	10
2015-01-21 04:03:52.847	20031	20551	-78	-97	10
2015-01-21 05:03:45.662	20031	20551	-78	-85	10
2015-01-21 05:08:46.371	20031	20551	-78	-91	10	-0.96	76.3	2.346
2015-01-21 06:53:49.259	20031	20551	-78	-85	10
2015-01-21 08:23:51.699	20031	20551	-75	-97	11	-0.67	76.51	2.346
2015-01-21 08:38:50.726	20031	20551	-75	-85	11	-0.46	76.58	2.346
2015-01-21 08:53:51.426	20031	20551	-75	-97	11
2015-01-21 09:23:47.834	20031	20551	-76	-82	14	0.22	76.61	2.346
2015-01-21 09:38:56.718	20031	20551	-76	-82	13	0.26	76.71	2.346
2015-01-21 11:23:51.426	20031	20551	-81	-88	11	1.14	76.8	2.346
2015-01-21 11:33:48.867	20031	20551	-80	-97	11
2015-01-21 11:33:52.95	20031	20551	-80	-97	11
2015-01-21 12:38:46.29	20031	20551	-79	-88	10	1.51	77.03	2.252
2015-01-21 12:53:47.354	20031	20551	-80	-88	10	2.0	77.09	2.346
2015-01-21 13:03:55.058	20031	20551	-80	-97	10
2015-01-21 13:23:45.303	20031	20551	-78	-85	10	2.07	77.01	2.351
2015-01-21 14:03:55.715	20031	20551	-75	-82	10
2015-01-21 16:13:44.562	20031	20551	-69	-82	10
2015-01-21 17:38:47.278	20031	20551	-70	-79	10	1.1	76.65	2.346
2015-01-21 22:38:49.039	20031	20551	-70	-79	10	0.57	76.66	2.346
2015-01-21 22:53:50.351	20031	20551	-71	-79	10
2015-01-22 03:53:54.598	20031	20551	-72	-79	10	0.2	76.46	2.346
2015-01-22 06:53:48.902	20031	20551	-70	-82	10
2015-01-22 07:23:47.697	20031	20551	-70	-97	10	-0.48	76.26	2.341
2015-01-22 07:33:48.102	20031	20551	-70	-79	10
2015-01-22 08:33:44.966	20031	20551	-72	-79	10
2015-01-22 08:38:45.171	20031	20551	-72	-79	10	-0.67	76.36	2.341
2015-01-22 08:53:44.867	20031	20551	-71	-82	10
2015-01-22 08:53:44.883	20031	20551	-70	-97	10	-0.85	76.3	2.341
2015-01-22 09:23:44.723	20031	20551	-74	-82	10	-0.6	76.45	2.341
2015-01-22 09:53:44.183	20031	20551	-76	-82	10	-0.32	76.66	2.341
2015-01-22 10:23:48.311	20031	20551	-71	-79	10	0.03	76.68	2.341
2015-01-22 10:33:50.17	20031	20551	-74	-97	10
2015-01-22 12:03:50.443	20031	20551	-72	-82	10
2015-01-22 12:08:45.403	20031	20551	-70	-82	10	1.7	76.59	2.346
2015-01-22 12:13:44.518	20031	20551	-70	-79	10
2015-01-22 18:38:46.003	20031	20551	-75	-85	10	-1.1	76.12	2.341
2015-01-22 18:53:42.983	20031	20551	-74	-82	10
2015-01-22 18:53:49.111	20031	20551	-74	-97	10	-1.34	76.08	2.332
2015-01-23 08:53:44.179	20031	20551	-70	-82	10	-2.0	76.36	2.332
2015-01-23 09:38:44.598	20031	20551	-69	-82	10	-1.03	76.69	2.336
2015-01-23 12:53:49.511	20031	20551	-74	-97	10	4.38	76.48	2.341
2015-01-23 13:03:47.502	20031	20551	-75	-97	10
2015-01-23 16:53:44.314	20031	20551	-75	-85	10
2015-01-23 17:33:46.854	20031	20551	-74	-85	10
2015-01-23 18:23:48.71	20031	20551	-75	-85	10	0.67	75.93	2.346
2015-01-24 00:03:45.047	20031	20551	-72	-82	10
2015-01-24 00:08:50.326	20031	20551	-72	-97	10	-0.64	76.2	2.341
2015-01-24 00:23:48.415	20031	20551	-72	-97	10	-0.67	76.19	2.336
2015-01-24 01:33:54.43	20031	20551	-72	-97	10
2015-01-24 04:33:43.615	20031	20551	-73	-97	10
2015-01-24 04:53:52.207	20031	20551	-72	-82	10	-1.06	76.18	2.327
2015-01-24 06:33:43.967	20031	20551	-74	-82	10
2015-01-24 06:38:43.716	20031	20551	-75	-97	10	-1.38	76.11	2.336
2015-01-24 07:08:48.363	20031	20551	-72	-97	10	-1.64	76.03	2.336
2015-01-24 07:23:42.903	20031	20551	-73	-97	11	-1.79	76.02	2.332
2015-01-24 07:33:45.215	20031	20551	-72	-82	10
2015-01-24 07:38:43.242	20031	20551	-70	-97	10	-1.92	75.97	2.336
2015-01-24 08:13:45.806	20031	20551	-72	-97	10
2015-01-24 08:23:45.151	20031	20551	-72	-97	10	-1.96	76.23	2.332
2015-01-24 08:33:44.047	20031	20551	-72	-82	10
2015-01-24 09:33:48.099	20031	20551	-73	-97	10
2015-01-24 09:33:48.115	20031	20551	-74	-97	10
2015-01-24 09:38:50.211	20031	20551	-73	-97	10	-1.38	76.54	2.336
2015-01-24 09:53:50.186	20031	20551	-71	-97	10	-1.21	76.51	2.332
2015-01-24 10:03:44.302	20031	20551	-71	-97	10
2015-01-24 10:08:43.383	20031	20551	-72	-97	10	-1.09	76.7	2.336
2015-01-24 10:23:43.738	20031	20551	-72	-82	10	-0.71	76.66	2.332
2015-01-24 10:33:44.662	20031	20551	-72	-97	10
2015-01-24 10:38:43.206	20031	20551	-72	-97	10	-0.6	76.59	2.336
2015-01-24 10:53:46.11	20031	20551	-70	-97	10
2015-01-24 10:53:46.131	20031	20551	-71	-97	10	-0.74	76.52	2.336
2015-01-24 11:03:48.223	20031	20551	-70	-82	10
2015-01-24 11:08:51.178	20031	20551	-72	-97	11	-0.5	76.64	2.336
2015-01-24 11:23:45.075	20031	20551	-70	-97	11	-0.41	76.61	2.332
2015-01-24 11:33:45.699	20031	20551	-70	-97	11
2015-01-24 11:33:46.739	20031	20551	-70	-97	14
2015-01-24 12:53:48.111	20031	20551	-70	-79	10	-0.16	76.52	2.336
2015-01-24 13:08:47.162	20031	20551	-67	-79	10	0.35	76.8	2.336
2015-01-24 13:33:43.98	20031	20551	-68	-97	10
2015-01-24 13:38:43.059	20031	20551	-70	-76	10	0.2	76.36	2.336
