result_time	node_id	parent_id	stats_frssi	stats_brssi	etx	temperature	humidity	voltage
2014-12-01 01:15:43.402	20301	20711	-76	-76	10
2014-12-01 02:20:46.078	20301	20711	-73	-97	10	15.29	21.9	2.514
2014-12-01 02:20:47.399	20301	20711	-73	-97	10	15.29	21.9	2.514
2014-12-01 05:05:44.698	20301	20711	-76	-76	10	12.07	21.44	2.514
2014-12-02 13:55:42.175	20301	20711	-73	-76	10
2014-12-02 14:15:47.731	20301	20711	-76	-76	10
2014-12-02 14:20:42.318	20301	20711	-73	-76	14	1.35	19.95	2.503
2014-12-02 19:05:48.038	20301	20711	-76	-76	12	2.2	20.18	2.503
2014-12-02 21:05:45.258	20301	20711	-76	-97	10	3.11	20.27	2.503
2014-12-02 22:50:47.554	20301	20711	-76	-76	10	3.96	20.43	2.503
2014-12-02 23:15:53.859	20301	20711	-76	-76	15
2014-12-02 23:15:53.875	20301	20711	-76	-97	15
2014-12-03 04:15:49.291	20301	20711	-82	-79	10
2014-12-03 05:45:49.859	20301	20711	-73	-82	10
2014-12-03 07:20:42.222	20301	20711	-76	-76	10	2.74	20.39	2.503
2014-12-03 09:45:55.194	20301	20711	-73	-79	10
2014-12-03 09:50:41.9	20301	20711	-76	-97	10	2.79	20.39	2.503
2014-12-03 10:35:55.758	20301	20711	-73	-73	10	2.43	20.37	2.497
2014-12-03 10:45:46.478	20301	20711	-76	-76	10
2014-12-03 11:15:47.022	20301	20711	-76	-76	10
2014-12-03 12:35:45.83	20301	20711	-76	-76	10
2014-12-03 12:50:56.962	20301	20711	-79	-97	10	2.24	20.36	2.503
2014-12-03 13:15:42.439	20301	20711	-73	-97	10
2014-12-03 13:35:49.894	20301	20711	-73	-73	10	2.5	20.41	2.503
2014-12-03 17:15:49.515	20301	20711	-73	-76	10
2014-12-03 17:20:45.562	20301	20711	-73	-97	10	1.35	20.16	2.503
2014-12-03 20:15:42.306	20301	20711	-73	-76	10
2014-12-03 20:20:52.507	20301	20711	-73	-97	10	-0.78	19.75	2.503
2014-12-03 22:50:46.871	20301	20711	-73	-76	10	-1.59	19.66	2.497
2014-12-03 23:05:45.287	20301	20711	-73	-73	10	-1.64	19.69	2.497
2014-12-03 23:15:49.307	20301	20711	-73	-73	10
2014-12-03 23:50:44.503	20301	20711	-73	-97	10	-1.79	19.68	2.497
2014-12-04 00:35:44.931	20301	20711	-73	-76	10
2014-12-04 01:05:39.183	20301	20711	-73	-73	10	-2.39	19.54	2.497
2014-12-04 03:05:47.883	20301	20711	-73	-76	10	-2.96	19.47	2.497
2014-12-04 03:35:42.713	20301	20711	-73	-73	10	-3.25	19.45	2.497
2014-12-04 03:50:41.582	20301	20711	-73	-97	10	-3.53	19.44	2.497
2014-12-04 04:05:46.166	20301	20711	-73	-73	10	-3.71	19.43	2.497
2014-12-04 04:15:46.655	20301	20711	-73	-97	11
2014-12-04 05:15:55.238	20301	20711	-73	-73	10
2014-12-04 09:15:46.07	20301	20711	-73	-73	10
2014-12-04 09:15:46.086	20301	20711	-73	-97	10
2014-12-04 12:05:42.055	20301	20711	-73	-76	10	2.39	20.44	2.497
2014-12-04 12:15:45.275	20301	20711	-73	-97	11
2014-12-04 12:50:42.177	20301	20711	-73	-76	14	2.78	20.35	2.497
2014-12-04 14:05:39.079	20301	20711	-76	-76	10	2.65	20.31	2.497
2014-12-04 15:05:40.891	20301	20711	-73	-97	10	1.99	20.27	2.497
2014-12-04 16:20:42.198	20301	20711	-73	-76	10	1.0	20.14	2.497
2014-12-04 16:35:41.379	20301	20711	-73	-76	10
2014-12-04 16:35:41.432	20301	20711	-73	-97	10	0.71	20.05	2.492
2014-12-04 16:45:46.45	20301	20711	-73	-73	10
2014-12-04 16:50:40.615	20301	20711	-73	-97	14	0.03	19.94	2.497
2014-12-04 17:05:40.043	20301	20711	-73	-97	14	-0.64	19.83	2.497
2014-12-04 17:35:38.734	20301	20711	-73	-73	13	-1.61	19.63	2.497
2014-12-04 17:45:40.667	20301	20711	-73	-97	13
2014-12-04 17:50:46.814	20301	20711	-73	-97	13	-1.96	19.6	2.497
2014-12-04 17:50:47.586	20301	20711	-73	-97	13	-1.96	19.6	2.497
2014-12-04 21:50:45.186	20301	20711	-73	-97	12	-2.75	19.59	2.497
2014-12-04 23:20:42.45	20301	20711	-73	-73	19	-1.92	19.71	2.497
2014-12-05 01:55:47.056	20301	20711	-73	-73	10
2014-12-05 03:35:39.666	20301	20711	-73	-76	10	-1.52	19.84	2.497
2014-12-05 09:05:40.158	20301	20711	-73	-76	10	1.21	20.15	2.497
2014-12-05 09:15:39.01	20301	20711	-73	-97	10
2014-12-05 12:35:43.054	20301	20711	-76	-76	10	3.25	20.35	2.492
2014-12-05 12:45:47.983	20301	20711	-76	-97	10
2014-12-05 14:35:40.806	20301	20711	-76	-76	10
2014-12-05 14:45:37.603	20301	20711	-76	-76	10
2014-12-05 15:05:50.99	20301	20711	-76	-97	10	3.65	20.48	2.497
2014-12-05 15:15:43.795	20301	20711	-76	-79	10
2014-12-05 16:05:39.762	20301	20711	-76	-97	10	3.93	20.53	2.497
2014-12-05 17:50:40.206	20301	20711	-76	-76	11	3.93	20.6	2.497
2014-12-06 02:45:48.046	20301	20711	-73	-76	10
2014-12-06 02:50:41.086	20301	20711	-76	-97	10	4.39	20.7	2.497
2014-12-06 03:05:43.066	20301	20711	-76	-76	10	4.47	20.71	2.497
2014-12-06 05:35:50.99	20301	20711	-76	-76	10	4.61	20.72	2.497
2014-12-06 13:45:44.266	20301	20711	-76	-97	11
2014-12-06 13:50:45.918	20301	20711	-79	-97	11	4.35	20.7	2.497
2014-12-07 02:05:38.59	20301	20711	-70	-73	10	-0.85	20.02	2.497
2014-12-07 03:20:37.331	20301	20711	-73	-97	10	-1.96	19.81	2.497
2014-12-07 03:35:40.207	20301	20711	-73	-73	10	-2.0	19.77	2.497
2014-12-07 04:35:36.772	20301	20711	-70	-73	13
2014-12-07 07:50:37.423	20301	20711	-73	-73	11	-4.48	19.45	2.497
2014-12-07 08:15:37.471	20301	20711	-70	-73	11
2014-12-07 09:05:39.062	20301	20711	-70	-97	10	-2.5	20.12	2.497
2014-12-07 09:20:41.619	20301	20711	-73	-73	11	-1.93	20.3	2.497
2014-12-07 09:55:46.082	20301	20711	-76	-76	11
2014-12-07 21:35:36.587	20301	20711	-73	-73	29	-1.46	19.91	2.497
2014-12-07 21:50:39.751	20301	20711	-73	-97	31	-1.34	19.89	2.497
2014-12-07 22:05:37.751	20301	20711	-73	-73	29	-1.28	19.92	2.497
2014-12-07 22:20:37.806	20301	20711	-73	-97	29	-1.32	19.92	2.497
2014-12-07 22:50:42.77	20301	20711	-73	-73	27	-1.16	19.93	2.497
2014-12-08 02:05:36.615	20301	20711	-70	-73	27	-2.61	19.77	2.497
2014-12-08 02:20:44.583	20301	20711	-70	-97	27	-2.6	19.77	2.497
2014-12-08 03:05:36.378	20301	20711	-70	-73	23	-2.45	19.78	2.497
2014-12-08 11:35:39.822	20301	20711	-73	-97	16	3.75	20.66	2.492
2014-12-08 11:55:37.239	20301	20711	-76	-97	19
2014-12-08 12:05:38.015	20301	20711	-73	-97	19	3.86	20.74	2.492
2014-12-08 12:45:33.895	20301	20711	-76	-76	19
2014-12-08 13:05:35.878	20301	20711	-73	-97	17	5.32	20.9	2.492
2014-12-08 13:15:37.254	20301	20711	-73	-97	17
2014-12-08 13:45:45.354	20301	20711	-76	-76	16
2014-12-08 13:55:36.982	20301	20711	-73	-97	19
2014-12-08 14:05:34.855	20301	20711	-73	-76	22	4.43	20.88	2.492
2014-12-08 14:15:41.274	20301	20711	-73	-97	22
2014-12-08 14:20:41.815	20301	20711	-76	-97	22	4.47	20.85	2.492
2014-12-08 14:35:38.87	20301	20711	-73	-76	19
2014-12-08 14:35:38.886	20301	20711	-73	-97	19	4.43	20.85	2.492
2014-12-08 15:05:41.27	20301	20711	-73	-97	18	3.85	20.81	2.497
2014-12-08 15:15:36.107	20301	20711	-76	-97	18
2014-12-08 15:20:37.667	20301	20711	-73	-97	17	3.68	20.73	2.497
2014-12-08 15:35:38.162	20301	20711	-73	-97	17	3.38	20.71	2.492
2014-12-08 16:35:44.195	20301	20711	-73	-97	12	2.25	20.57	2.492
2014-12-08 16:45:35.463	20301	20711	-73	-97	12
2014-12-08 16:50:37.706	20301	20711	-73	-97	11	2.03	20.48	2.492
2014-12-08 17:05:39.503	20301	20711	-73	-97	14	1.82	20.47	2.497
2014-12-08 17:15:53.374	20301	20711	-73	-97	22
2014-12-09 12:20:38.207	20301	20711	-73	-76	10	6.96	21.15	2.492
2014-12-09 12:20:41.587	20301	20711	-73	-76	10	6.96	21.15	2.492
2014-12-09 12:20:42.498	20301	20711	-73	-76	10	6.96	21.15	2.492
2014-12-09 12:35:35.147	20301	20711	-73	-76	10	6.93	21.22	2.492
2014-12-09 12:50:41.747	20301	20711	-73	-97	10	7.39	21.21	2.492
2014-12-09 13:20:37.251	20301	20711	-73	-97	12	7.47	21.32	2.492
2014-12-09 15:15:36.883	20301	20711	-76	-82	15
2014-12-09 16:20:41.255	20301	20711	-73	-76	10	5.56	21.06	2.497
2014-12-09 16:35:47.13	20301	20711	-73	-76	10
2014-12-09 16:45:38.671	20301	20711	-73	-76	13
2014-12-09 17:45:35.778	20301	20711	-73	-76	16
2014-12-09 19:55:36.346	20301	20711	-73	-97	14
2014-12-09 20:15:40.671	20301	20711	-73	-97	14
2014-12-09 20:20:38.711	20301	20711	-76	-97	14	3.33	20.78	2.497
2014-12-09 21:20:36.502	20301	20711	-73	-73	10	2.96	20.72	2.497
2014-12-09 22:05:36.622	20301	20711	-73	-76	10	2.75	20.67	2.497
2014-12-10 01:05:35.447	20301	20711	-73	-76	10	2.21	20.63	2.497
2014-12-10 03:45:43.767	20301	20711	-73	-97	10
2014-12-10 05:15:36.534	20301	20711	-73	-73	14
2014-12-10 05:15:36.554	20301	20711	-73	-97	15
2014-12-10 05:20:33.303	20301	20711	-73	-97	15	1.35	20.47	2.497
2014-12-10 05:45:36.627	20301	20711	-76	-76	14
2014-12-10 06:35:33.279	20301	20711	-73	-76	14
2014-12-10 07:05:37.111	20301	20711	-73	-73	13	0.97	20.42	2.497
2014-12-10 07:15:34.991	20301	20711	-73	-97	13
2014-12-10 07:35:38.154	20301	20711	-73	-76	11	0.78	20.4	2.497
2014-12-10 07:45:34.958	20301	20711	-73	-73	10
2014-12-10 07:50:39.659	20301	20711	-73	-97	11	0.74	20.33	2.497
2014-12-10 09:35:49.03	20301	20711	-73	-76	10	0.46	20.45	2.497
2014-12-10 09:45:39.035	20301	20711	-73	-97	11
2014-12-10 10:35:34.231	20301	20711	-73	-73	10
2014-12-10 12:05:44.647	20301	20711	-70	-76	10	-0.43	20.32	2.497
2014-12-10 12:50:43.026	20301	20711	-73	-76	14	-0.57	20.32	2.497
2014-12-10 12:50:43.962	20301	20711	-73	-76	14	-0.57	20.32	2.497
2014-12-10 13:15:36.707	20301	20711	-73	-73	14
2014-12-10 13:15:39.715	20301	20711	-73	-97	17
2014-12-10 18:45:38.647	20301	20711	-70	-73	20
2014-12-10 19:15:40.406	20301	20711	-70	-73	13
2014-12-10 19:15:40.546	20301	20711	-70	-97	14
2014-12-11 01:55:37.467	20301	20711	-73	-70	10
2014-12-11 02:15:38.782	20301	20711	-73	-97	17
2014-12-11 04:15:43.355	20301	20711	-70	-73	10
2014-12-11 04:50:38.271	20301	20711	-70	-70	10	-3.02	19.95	2.492
2014-12-11 06:35:36.187	20301	20711	-70	-97	14
2014-12-11 06:35:36.203	20301	20711	-73	-97	14	-3.2	19.91	2.486
2014-12-11 06:50:35.471	20301	20711	-70	-76	10	-3.2	19.87	2.492
2014-12-11 08:35:38.014	20301	20711	-70	-76	10	-3.45	19.89	2.486
2014-12-11 10:05:31.79	20301	20711	-73	-73	10	-3.56	19.92	2.492
2014-12-11 10:15:40.598	20301	20711	-70	-97	10
2014-12-11 10:20:34.998	20301	20711	-70	-73	10	-3.46	19.86	2.492
2014-12-11 10:35:35.623	20301	20711	-70	-97	10	-3.38	19.93	2.486
2014-12-11 11:20:37.986	20301	20711	-73	-73	10	-3.18	19.94	2.492
2014-12-11 11:35:35.051	20301	20711	-73	-97	10	-3.07	19.95	2.492
2014-12-11 12:20:36.674	20301	20711	-73	-73	10	-2.74	20.04	2.492
2014-12-11 12:45:51.778	20301	20711	-73	-76	10
2014-12-11 12:50:33.758	20301	20711	-73	-97	11	-2.56	20.05	2.492
2014-12-11 15:35:37.002	20301	20711	-73	-73	10	-0.82	20.27	2.492
2014-12-11 17:15:34.447	20301	20711	-70	-76	10
2014-12-11 17:35:34.619	20301	20711	-73	-97	10	-0.92	20.16	2.492
2014-12-11 17:45:36.215	20301	20711	-73	-76	10
2014-12-11 17:55:34.091	20301	20711	-76	-97	10
2014-12-11 18:05:37.919	20301	20711	-73	-76	10	-0.75	20.17	2.492
2014-12-11 18:45:43.562	20301	20711	-70	-73	10
2014-12-11 19:35:38.171	20301	20711	-73	-73	13	-0.64	20.21	2.492
2014-12-11 19:50:32.278	20301	20711	-73	-76	10	-0.64	20.17	2.492
2014-12-11 21:05:40.595	20301	20711	-70	-73	10	-0.74	20.24	2.492
2014-12-12 01:35:38.207	20301	20711	-70	-73	10	-1.16	20.17	2.492
2014-12-12 01:50:41.783	20301	20711	-70	-73	10	-1.17	20.14	2.492
2014-12-12 03:50:31.714	20301	20711	-70	-73	10	-1.48	20.19	2.492
2014-12-12 04:15:41.551	20301	20711	-70	-73	10
2014-12-12 05:45:36.615	20301	20711	-70	-73	10
2014-12-12 06:50:39.062	20301	20711	-70	-73	10	-2.25	20.07	2.492
2014-12-12 07:05:38.086	20301	20711	-70	-73	10	-2.27	20.07	2.492
2014-12-12 07:20:31.731	20301	20711	-70	-97	10	-2.25	20.07	2.492
2014-12-12 11:05:42.823	20301	20711	-70	-73	10	-0.25	20.41	2.486
2014-12-12 13:05:39.771	20301	20711	-73	-76	10	0.07	20.43	2.492
2014-12-12 16:45:35.427	20301	20711	-73	-97	10
2014-12-12 16:50:39.11	20301	20711	-73	-97	10	-1.16	20.21	2.492
2014-12-12 17:15:31.231	20301	20711	-79	-79	10
2014-12-12 17:15:31.25	20301	20711	-79	-97	10
2014-12-12 21:05:35.231	20301	20711	-82	-82	10	-1.88	20.06	2.492
2014-12-12 21:15:34.871	20301	20711	-82	-82	10
2014-12-12 21:20:35.263	20301	20711	-82	-97	10	-1.85	20.1	2.492
2014-12-12 21:35:32.446	20301	20711	-82	-97	14	-1.88	20.09	2.492
2014-12-12 21:45:34.391	20301	20711	-82	-82	15
2014-12-12 21:50:36.247	20301	20711	-82	-97	15	-1.92	20.09	2.492
2014-12-12 22:05:31.194	20301	20711	-82	-79	16	-2.0	20.09	2.492
2014-12-12 23:15:31.498	20301	20711	-82	-85	15
2014-12-13 00:35:33.563	20301	20711	-82	-79	11
2014-12-13 05:15:35.302	20301	20711	-82	-82	10
2014-12-13 06:05:34.754	20301	20711	-82	-82	10	-2.57	20.02	2.486
2014-12-13 06:15:36.683	20301	20711	-82	-97	10
2014-12-13 07:20:35.443	20301	20711	-82	-82	10	-2.7	20.01	2.486
2014-12-13 08:35:35.73	20301	20711	-82	-82	13	-2.78	20.04	2.486
2014-12-13 13:35:32.567	20301	20711	-82	-82	17	-1.16	20.21	2.486
2014-12-13 13:45:32.415	20301	20711	-82	-97	17
2014-12-13 16:35:39.427	20301	20711	-82	-82	12
2014-12-13 16:35:39.439	20301	20711	-82	-97	13	-0.7	20.31	2.486
2014-12-13 17:35:32.507	20301	20711	-82	-82	13	-0.59	20.31	2.486
2014-12-13 17:55:31.163	20301	20711	-82	-82	13
2014-12-13 18:35:36.067	20301	20711	-82	-97	15	-0.42	20.33	2.486
2014-12-13 22:45:31.595	20301	20711	-82	-82	12
2014-12-14 00:35:37.955	20301	20711	-82	-82	10
2014-12-14 00:35:38.015	20301	20711	-82	-97	10	1.64	20.63	2.486
2014-12-14 00:45:34.191	20301	20711	-82	-97	10
2014-12-14 04:20:39.671	20301	20711	-85	-82	10	2.49	20.79	2.492
2014-12-14 04:50:34.675	20301	20711	-82	-85	10	2.61	20.8	2.492
2014-12-14 05:05:38.126	20301	20711	-85	-97	10	2.65	20.8	2.492
2014-12-14 05:15:40.007	20301	20711	-82	-82	10
2014-12-14 06:35:41.103	20301	20711	-82	-85	10
2014-12-14 07:45:38.626	20301	20711	-82	-85	10
2014-12-14 07:50:39.074	20301	20711	-85	-97	14	3.24	20.87	2.492
2014-12-14 08:35:33.045	20301	20711	-82	-88	10
2014-12-14 08:35:33.059	20301	20711	-82	-97	10	3.43	20.92	2.486
2014-12-14 08:45:32.899	20301	20711	-82	-85	10
2014-12-14 12:15:35.303	20301	20711	-82	-97	10
2014-12-14 13:05:35.17	20301	20711	-82	-85	10	5.63	21.27	2.492
2014-12-14 13:15:29.955	20301	20711	-85	-82	14
2014-12-14 13:35:32.195	20301	20711	-82	-85	13	5.79	21.28	2.492
2014-12-14 20:50:35.179	20301	20711	-82	-85	10	5.28	21.22	2.492
2014-12-14 21:05:40.523	20301	20711	-82	-97	10	5.21	21.18	2.492
2014-12-14 21:50:35.067	20301	20711	-82	-82	10	5.07	21.17	2.492
2014-12-14 21:55:33.447	20301	20711	-82	-97	11
2014-12-14 22:50:35.059	20301	20711	-82	-85	10	4.93	21.16	2.492
2014-12-14 23:55:33.746	20301	20711	-82	-82	10
2014-12-15 00:15:31.611	20301	20711	-82	-97	14
2014-12-15 00:20:34.206	20301	20711	-82	-97	14	4.68	21.14	2.492
2014-12-15 01:15:34.174	20301	20711	-82	-85	10
2014-12-15 01:20:37.178	20301	20711	-82	-97	10	4.61	21.14	2.492
2014-12-15 04:35:34.991	20301	20711	-82	-82	10	4.61	21.14	2.492
2014-12-15 04:50:32.094	20301	20711	-82	-82	10	4.61	21.14	2.492
2014-12-15 05:05:33.964	20301	20711	-82	-82	10	4.6	21.14	2.492
2014-12-15 05:35:33.406	20301	20711	-82	-97	10	4.57	21.14	2.492
2014-12-15 05:45:36.519	20301	20711	-82	-82	10
2014-12-15 05:50:31.987	20301	20711	-82	-97	10	4.58	21.14	2.492
2014-12-15 05:55:31.422	20301	20711	-82	-97	10
2014-12-15 06:05:33.119	20301	20711	-82	-97	10	4.57	21.14	2.492
2014-12-15 08:20:37.136	20301	20711	-82	-82	10	4.7	21.14	2.492
2014-12-15 08:45:38.491	20301	20711	-82	-82	10
2014-12-15 08:50:45.131	20301	20711	-82	-97	10	5.0	21.16	2.492
2014-12-15 10:35:33.579	20301	20711	-82	-82	10
2014-12-15 12:05:37.139	20301	20711	-82	-82	14	7.03	21.58	2.492
2014-12-15 13:50:40.152	20301	20711	-82	-82	16	8.47	21.81	2.492
2014-12-15 15:15:40.131	20301	20711	-85	-85	12
2014-12-16 01:20:29.835	20301	20711	-82	-82	10	1.32	20.79	2.497
2014-12-16 04:50:31.895	20301	20711	-82	-82	10	3.31	21.05	2.497
2014-12-16 05:05:30.878	20301	20711	-82	-97	10	3.39	21.06	2.497
2014-12-16 10:15:32.967	20301	20711	-79	-76	10
2014-12-16 15:35:31.01	20301	20711	-79	-82	10	9.83	21.97	2.492
2014-12-16 15:50:40.319	20301	20711	-79	-97	10	9.65	21.89	2.492
2014-12-16 15:55:31.622	20301	20711	-79	-82	21
2014-12-16 21:35:31.77	20301	20711	-85	-85	12	5.07	21.24	2.497
2014-12-16 21:45:35.443	20301	20711	-88	-97	13
2014-12-16 21:50:28.019	20301	20711	-82	-82	11	4.96	21.23	2.497
2014-12-17 03:50:33.826	20301	20711	-73	-79	12	3.56	21.14	2.497
2014-12-17 07:55:36.41	20301	20711	-76	-76	10
2014-12-17 08:45:35.279	20301	20711	-73	-76	10
2014-12-17 09:15:29.503	20301	20711	-73	-76	16
2014-12-17 10:45:27.778	20301	20711	-73	-76	10
2014-12-17 11:15:27.194	20301	20711	-73	-76	10
2014-12-17 11:15:27.206	20301	20711	-73	-97	10
2014-12-17 11:20:39.959	20301	20711	-76	-97	10	1.7	20.95	2.492
2014-12-17 15:50:27.791	20301	20711	-73	-73	10	-0.07	20.7	2.486
2014-12-17 15:55:40.247	20301	20711	-73	-97	10
2014-12-18 02:35:28.215	20301	20711	-73	-73	10	-2.79	20.31	2.481
2014-12-18 03:05:32.69	20301	20711	-73	-73	10	-2.79	20.31	2.486
2014-12-18 08:35:47.882	20301	20711	-70	-73	10	-2.79	20.31	2.481
2014-12-18 11:55:29.31	20301	20711	-70	-97	10
2014-12-18 12:15:34.482	20301	20711	-73	-97	10
2014-12-18 12:20:30.498	20301	20711	-73	-97	10	-1.79	20.58	2.486
2014-12-18 17:05:25.187	20301	20711	-70	-73	10	-2.52	20.33	2.486
2014-12-18 17:50:26.742	20301	20711	-73	-73	10	-2.66	20.32	2.486
2014-12-18 23:05:28.922	20301	20711	-70	-73	10	-2.96	20.3	2.486
2014-12-18 23:15:36.93	20301	20711	-70	-97	10
2014-12-18 23:15:43.023	20301	20711	-70	-97	10
2014-12-19 05:35:26.086	20301	20711	-70	-97	29	-3.13	20.26	2.481
2014-12-19 10:35:28.47	20301	20711	-70	-73	11
2014-12-19 11:15:27.894	20301	20711	-73	-73	11
2014-12-19 11:15:32.107	20301	20711	-70	-97	12
2014-12-19 11:55:35.047	20301	20711	-73	-97	10
2014-12-19 12:35:31.315	20301	20711	-73	-73	10
2014-12-19 13:55:27.954	20301	20711	-73	-73	10
2014-12-19 14:20:35.754	20301	20711	-73	-73	10	-0.57	20.73	2.481
2014-12-19 14:35:25.679	20301	20711	-73	-97	10	-0.53	20.8	2.481
2014-12-19 15:35:27.731	20301	20711	-73	-73	10	-0.79	20.72	2.481
2014-12-19 19:05:31.266	20301	20711	-73	-73	10	-1.75	20.52	2.481
2014-12-19 20:20:29.189	20301	20711	-73	-73	10	-1.84	20.51	2.481
2014-12-19 22:20:38.903	20301	20711	-70	-73	10	-2.1	20.5	2.481
2014-12-19 22:45:28.959	20301	20711	-70	-73	10
2014-12-19 23:45:27.914	20301	20711	-70	-73	13
2014-12-20 00:20:28.478	20301	20711	-70	-73	13	-2.6	20.39	2.481
2014-12-20 00:45:25.823	20301	20711	-70	-73	13
2014-12-20 01:15:25.755	20301	20711	-70	-97	13
2014-12-20 01:20:29.935	20301	20711	-70	-73	13	-2.79	20.31	2.481
2014-12-20 01:35:30.883	20301	20711	-70	-97	13	-2.82	20.31	2.481
2014-12-20 01:55:26.706	20301	20711	-73	-73	15
2014-12-20 03:15:27.371	20301	20711	-70	-73	11
2014-12-20 03:20:27.23	20301	20711	-70	-97	11	-3.24	20.25	2.481
2014-12-20 03:35:28.659	20301	20711	-70	-97	11	-3.34	20.21	2.481
2014-12-20 03:45:25.943	20301	20711	-73	-97	14
2014-12-20 05:15:27.839	20301	20711	-70	-73	13
2014-12-20 05:55:26.411	20301	20711	-70	-73	12
2014-12-20 10:15:29.307	20301	20711	-73	-73	19
2014-12-20 13:55:24.063	20301	20711	-76	-76	17
2014-12-20 14:15:33.043	20301	20711	-79	-97	17
2014-12-20 14:20:27.714	20301	20711	-79	-79	17	2.61	20.87	2.481
2014-12-20 18:35:33.798	20301	20711	-73	-73	10
2014-12-20 22:20:25.206	20301	20711	-70	-73	12	-3.1	20.29	2.481
2014-12-21 02:45:27.407	20301	20711	-73	-73	10
2014-12-21 02:50:30.011	20301	20711	-73	-97	10	-4.43	19.97	2.481
2014-12-21 03:05:29.723	20301	20711	-73	-97	10	-4.21	20.08	2.481
2014-12-21 04:35:27.378	20301	20711	-73	-73	10
2014-12-21 06:05:29.247	20301	20711	-73	-73	10	-3.39	20.27	2.481
2014-12-21 09:50:30.494	20301	20711	-73	-73	10	-0.96	20.71	2.481
2014-12-21 13:50:34.548	20301	20711	-73	-73	10	1.71	21.02	2.481
2014-12-21 13:55:24.119	20301	20711	-73	-97	10
2014-12-21 18:20:31.314	20301	20711	-73	-73	10	-3.35	20.28	2.481
2014-12-21 18:35:24.659	20301	20711	-70	-97	10	-3.42	20.2	2.481
2014-12-21 23:45:23.634	20301	20711	-70	-73	19
2014-12-21 23:50:22.175	20301	20711	-73	-97	19	-5.14	20.02	2.481
2014-12-22 00:15:25.288	20301	20711	-73	-97	19
2014-12-22 00:20:22.998	20301	20711	-73	-97	19	-5.25	19.98	2.481
2014-12-22 00:35:24.187	20301	20711	-73	-97	17	-5.35	19.98	2.475
2014-12-22 01:05:26.314	20301	20711	-73	-73	17	-5.53	19.93	2.481
2014-12-22 01:15:25.227	20301	20711	-73	-97	17
2014-12-22 01:35:29.307	20301	20711	-70	-73	16	-5.68	19.92	2.481
2014-12-22 01:50:27.138	20301	20711	-73	-73	15	-5.74	19.92	2.481
2014-12-22 02:05:27.971	20301	20711	-73	-97	16	-5.86	19.91	2.481
2014-12-22 02:15:26.555	20301	20711	-73	-97	19
2014-12-22 02:35:23.855	20301	20711	-73	-73	19
2014-12-22 02:35:23.87	20301	20711	-73	-97	19	-5.98	19.83	2.475
2014-12-22 02:45:27.467	20301	20711	-73	-73	19
2014-12-22 05:15:23.919	20301	20711	-73	-73	11
2014-12-22 05:50:34.158	20301	20711	-70	-73	10	-6.64	19.76	2.481
2014-12-22 07:05:25.519	20301	20711	-70	-97	10	-6.68	19.79	2.481
2014-12-22 07:50:24.926	20301	20711	-70	-73	11	-6.42	19.77	2.481
2014-12-22 08:35:26.958	20301	20711	-70	-97	10	-5.18	20.09	2.475
2014-12-22 09:20:23.114	20301	20711	-70	-97	11	-3.35	20.35	2.481
2014-12-22 12:15:27.854	20301	20711	-73	-76	10
2014-12-22 12:20:29.602	20301	20711	-73	-76	10	4.43	21.27	2.481
2014-12-22 13:50:25.431	20301	20711	-76	-82	15	8.82	21.48	2.481
2014-12-22 14:20:35.135	20301	20711	-79	-97	15	8.7	21.4	2.481
2014-12-22 16:05:24.067	20301	20711	-73	-82	27	6.75	21.77	2.481
2014-12-22 16:15:22.574	20301	20711	-73	-97	27
2014-12-22 16:20:22.486	20301	20711	-73	-76	27	5.89	21.64	2.481
2014-12-22 18:05:24.943	20301	20711	-73	-73	13	2.64	21.15	2.486
2014-12-22 20:05:26.798	20301	20711	-76	-76	10	2.35	21.2	2.486
2014-12-22 20:15:25.806	20301	20711	-73	-76	10
2014-12-22 21:20:33.959	20301	20711	-73	-73	13	1.75	21.09	2.486
2014-12-22 23:45:23.918	20301	20711	-73	-76	14
2014-12-22 23:50:24.407	20301	20711	-73	-97	14	2.28	21.16	2.481
2014-12-23 00:20:23.831	20301	20711	-73	-76	14	2.35	21.2	2.486
2014-12-23 00:45:24.927	20301	20711	-73	-73	14
2014-12-23 01:35:22.867	20301	20711	-73	-73	14	2.46	21.14	2.486
2014-12-23 01:55:23.114	20301	20711	-76	-76	14
2014-12-23 02:45:26.403	20301	20711	-76	-76	22
2014-12-23 07:50:25.859	20301	20711	-76	-76	10	4.0	21.41	2.481
2014-12-23 09:05:29.028	20301	20711	-73	-76	10	4.6	21.49	2.486
2014-12-23 11:50:38.942	20301	20711	-73	-76	10	8.07	22.07	2.486
2014-12-23 12:35:31.971	20301	20711	-76	-76	10
2014-12-23 12:35:31.985	20301	20711	-76	-97	10	9.25	22.29	2.481
2014-12-23 12:45:24.295	20301	20711	-76	-76	10
2014-12-23 12:50:34.491	20301	20711	-76	-97	10	10.11	22.34	2.486
2014-12-23 13:05:28.517	20301	20711	-73	-76	13	10.36	22.47	2.486
2014-12-23 13:45:25.366	20301	20711	-73	-76	20
2014-12-23 15:45:27.228	20301	20711	-73	-97	22
2014-12-23 15:55:21.898	20301	20711	-73	-97	19
2014-12-23 16:45:22.827	20301	20711	-76	-76	18
2014-12-23 17:45:27.347	20301	20711	-73	-76	11
2014-12-23 20:05:21.018	20301	20711	-73	-76	10	7.7	22.11	2.486
2014-12-23 20:15:31.814	20301	20711	-73	-97	10
2014-12-23 21:15:26.963	20301	20711	-76	-76	10
2014-12-23 21:45:26.867	20301	20711	-76	-97	11
2014-12-23 22:05:24.363	20301	20711	-76	-76	10	6.65	21.9	2.486
2014-12-23 22:15:21.823	20301	20711	-73	-97	10
2014-12-24 06:15:27.451	20301	20711	-76	-76	15
2014-12-24 16:15:23.051	20301	20711	-82	-82	10
2014-12-24 17:55:19.678	20301	20711	-82	-82	10
2014-12-24 18:05:22.211	20301	20711	-82	-97	10	10.27	22.57	2.492
2014-12-24 18:45:22.486	20301	20711	-79	-82	10
2014-12-24 19:50:25.106	20301	20711	-82	-97	10	10.52	22.58	2.492
2014-12-24 19:55:24.467	20301	20711	-82	-97	11
2014-12-24 20:05:25.074	20301	20711	-82	-97	11	10.89	22.64	2.492
2014-12-25 02:35:23.214	20301	20711	-79	-82	10
2014-12-25 02:50:26.987	20301	20711	-82	-82	10	3.86	21.61	2.492
2014-12-25 10:35:24.291	20301	20711	-79	-82	10
2014-12-25 12:20:28.583	20301	20711	-79	-79	11	3.79	21.71	2.486
2014-12-25 13:15:28.675	20301	20711	-82	-79	13
2014-12-25 14:35:26.851	20301	20711	-82	-97	10
2014-12-25 21:35:24.911	20301	20711	-79	-79	16	2.35	21.44	2.486
2014-12-26 01:35:21.315	20301	20711	-76	-79	11	2.03	21.39	2.486
2014-12-26 02:05:23.59	20301	20711	-79	-79	10	1.89	21.38	2.486
2014-12-26 10:35:16.994	20301	20711	-82	-82	10	6.01	23.19	2.481
2014-12-26 11:15:18.367	20301	20711	-82	-82	10
2014-12-26 11:15:18.379	20301	20711	-82	-97	10
2014-12-26 15:50:20.286	20301	20711	-82	-82	10	9.89	22.4	2.486
2014-12-26 17:50:19.027	20301	20711	-79	-97	10	5.74	21.98	2.486
2014-12-26 18:35:21.531	20301	20711	-79	-79	10
2014-12-26 18:35:21.547	20301	20711	-79	-97	10	5.01	21.93	2.486
2014-12-26 18:45:22.67	20301	20711	-79	-97	10
2014-12-26 19:15:19.342	20301	20711	-79	-79	10
2014-12-26 19:35:17.498	20301	20711	-79	-97	18	3.57	21.77	2.486
2014-12-26 21:35:19.502	20301	20711	-79	-79	11	2.78	21.68	2.481
2014-12-26 21:45:24.255	20301	20711	-79	-79	10
2014-12-26 21:55:22.035	20301	20711	-79	-79	11
2014-12-26 22:05:32.407	20301	20711	-79	-79	13	2.88	21.72	2.486
2014-12-26 22:15:21.218	20301	20711	-79	-97	14
2014-12-26 22:35:21.114	20301	20711	-79	-79	14
2014-12-27 00:20:21.53	20301	20711	-79	-79	16	1.82	21.44	2.486
2014-12-27 02:35:16.806	20301	20711	-79	-79	15
2014-12-27 04:35:22.498	20301	20711	-79	-79	10
2014-12-27 04:35:40.695	20301	20711	-79	-97	10	1.35	21.38	2.481
2014-12-27 08:20:22.954	20301	20711	-79	-79	10	2.32	21.48	2.486
2014-12-27 09:15:23.386	20301	20711	-79	-79	10
2014-12-27 10:05:20.858	20301	20711	-79	-79	10	5.46	22.0	2.486
2014-12-27 10:20:17.774	20301	20711	-79	-79	16	5.6	22.04	2.486
2014-12-27 10:35:16.323	20301	20711	-82	-82	16	7.0	22.56	2.481
2014-12-27 11:05:19.203	20301	20711	-79	-79	16	7.97	22.48	2.486
2014-12-27 11:15:16.011	20301	20711	-79	-97	16
2014-12-27 15:15:19.623	20301	20711	-82	-82	10
2014-12-27 15:15:19.654	20301	20711	-82	-97	10
2014-12-27 15:45:15.599	20301	20711	-82	-82	10
2014-12-27 16:35:20.467	20301	20711	-97	-82	10	12.52	23.0	2.486
2014-12-27 17:55:19.362	20301	20711	-82	-97	13
2014-12-27 18:35:18.259	20301	20711	-79	-97	20
2014-12-27 18:45:23.227	20301	20711	-79	-82	21
2014-12-27 19:15:23.434	20301	20711	-79	-82	23
2014-12-27 22:05:15.582	20301	20711	-79	-82	25	10.78	22.85	2.486
2014-12-27 22:15:16.363	20301	20711	-79	-97	25
2014-12-28 01:55:30.394	20301	20711	-79	-79	13
2014-12-28 02:20:24.698	20301	20711	-82	-82	10	6.29	22.02	2.492
2014-12-28 09:50:17.518	20301	20711	-79	-82	10	2.57	21.63	2.486
2014-12-28 11:20:27.414	20301	20711	-79	-79	10	2.56	21.7	2.486
2014-12-28 11:55:21.542	20301	20711	-79	-82	10
2014-12-28 12:05:29.883	20301	20711	-79	-79	10	2.25	21.61	2.486
2014-12-28 13:55:19.331	20301	20711	-79	-97	12
2014-12-28 15:20:22.002	20301	20711	-79	-82	10	2.82	21.72	2.486
2014-12-28 15:35:16.731	20301	20711	-79	-79	16	2.82	21.72	2.486
2014-12-28 17:15:17.739	20301	20711	-79	-82	12
2014-12-28 18:15:15.511	20301	20711	-79	-79	19
2014-12-29 03:35:14.998	20301	20711	-79	-97	10	-0.59	21.15	2.481
2014-12-29 05:15:14.406	20301	20711	-79	-79	10
2014-12-29 12:45:12.571	20301	20711	-79	-82	10
2014-12-29 13:15:15.139	20301	20711	-79	-82	10
2014-12-29 13:20:16.766	20301	20711	-82	-97	10	4.46	22.11	2.481
2014-12-29 17:50:34.278	20301	20711	-79	-79	10	-0.7	21.21	2.481
2014-12-29 18:45:26.527	20301	20711	-79	-79	13
2014-12-30 07:05:14.091	20301	20711	-73	-76	10	-5.96	20.31	2.475
2014-12-30 07:35:15.226	20301	20711	-73	-97	11	-6.35	20.29	2.475
2014-12-30 08:15:16.099	20301	20711	-73	-76	11
2014-12-30 08:15:18.459	20301	20711	-73	-76	11
2014-12-30 09:35:21.167	20301	20711	-73	-76	10	-4.77	20.8	2.475
2014-12-30 15:55:16.263	20301	20711	-82	-85	13
2014-12-30 16:45:13.075	20301	20711	-79	-82	12
2014-12-30 16:50:13.847	20301	20711	-79	-97	12	-1.75	21.07	2.475
2014-12-30 17:15:12.298	20301	20711	-79	-82	13
2014-12-30 17:20:17.862	20301	20711	-79	-97	13	-2.46	20.89	2.475
2014-12-30 17:35:17.303	20301	20711	-79	-97	15	-2.67	20.87	2.475
2014-12-30 18:35:22.283	20301	20711	-82	-82	20
2014-12-30 18:45:12.327	20301	20711	-82	-97	20
2014-12-30 18:50:23.47	20301	20711	-82	-97	20	-3.53	20.71	2.475
2014-12-30 19:35:21.631	20301	20711	-79	-82	17	-4.18	20.64	2.475
2014-12-31 00:35:16.324	20301	20711	-76	-76	10	-7.34	20.16	2.47
2014-12-31 00:45:13.919	20301	20711	-73	-76	10
2014-12-31 00:50:11.51	20301	20711	-73	-97	10	-7.28	20.23	2.475
2014-12-31 01:05:17.495	20301	20711	-73	-76	10	-7.43	20.22	2.475
2014-12-31 01:15:22.038	20301	20711	-73	-76	10
2014-12-31 04:20:14.776	20301	20711	-73	-97	12	-7.53	20.14	2.47
2014-12-31 04:35:13.738	20301	20711	-76	-97	12	-7.46	20.18	2.47
2014-12-31 05:15:25.322	20301	20711	-73	-76	11
2014-12-31 05:55:13.814	20301	20711	-76	-97	10
2014-12-31 06:05:16.042	20301	20711	-73	-76	10	-7.06	20.24	2.47
2014-12-31 06:15:16.151	20301	20711	-73	-97	10
2014-12-31 07:15:18.111	20301	20711	-76	-97	10
2014-12-31 07:15:18.127	20301	20711	-76	-97	11
2014-12-31 07:55:19.287	20301	20711	-73	-97	11
2014-12-31 08:35:13.299	20301	20711	-76	-76	10
2014-12-31 08:35:14.087	20301	20711	-76	-97	10	-8.15	20.17	2.464
2014-12-31 10:05:21.158	20301	20711	-79	-76	10	-7.02	20.52	2.47
2014-12-31 11:15:14.143	20301	20711	-79	-79	17
2014-12-31 11:20:15.387	20301	20711	-79	-82	17	-3.0	21.74	2.47
2014-12-31 17:15:19.187	20301	20711	-73	-76	10
2014-12-31 21:55:16.947	20301	20711	-73	-97	10
2014-12-31 23:45:17.191	20301	20711	-73	-76	10
2015-01-01 00:35:26.363	20301	20711	-76	-76	10	-7.14	20.17	2.464
2015-01-01 00:45:29.319	20301	20711	-76	-97	10
2015-01-01 07:20:16.966	20301	20711	-76	-97	10	-7.72	20.13	2.464
2015-01-01 09:35:12.671	20301	20711	-76	-97	10	-5.78	20.74	2.464
2015-01-01 11:50:19.963	20301	20711	-82	-82	10	0.33	21.69	2.464
2015-01-01 15:45:11.626	20301	20711	-88	-97	10
2015-01-01 15:50:20.251	20301	20711	-82	-97	10	1.35	21.48	2.47
2015-01-01 17:05:14.111	20301	20711	-79	-82	10	-0.17	21.24	2.47
2015-01-01 17:55:11.287	20301	20711	-82	-82	10
2015-01-01 18:15:17.947	20301	20711	-82	-85	10
2015-01-01 18:20:11.931	20301	20711	-82	-97	10	-0.89	21.13	2.47
2015-01-01 18:35:14.842	20301	20711	-82	-97	10	-1.02	21.12	2.464
2015-01-01 19:15:15.41	20301	20711	-82	-97	10
2015-01-01 20:05:19.006	20301	20711	-79	-82	10	-1.75	21.07	2.47
2015-01-01 20:35:12.935	20301	20711	-79	-97	10
2015-01-01 20:45:18.35	20301	20711	-79	-97	10
2015-01-01 20:50:16.871	20301	20711	-82	-79	10	-1.71	21.07	2.47
2015-01-01 21:05:18.424	20301	20711	-82	-97	10	-1.63	21.08	2.47
2015-01-01 21:15:19.951	20301	20711	-79	-97	11
2015-01-01 21:20:15.915	20301	20711	-79	-82	11	-1.46	21.09	2.47
2015-01-01 21:50:14.883	20301	20711	-82	-82	10	-1.42	21.16	2.47
2015-01-01 22:05:19.007	20301	20711	-79	-97	10	-1.21	21.1	2.47
2015-01-01 22:15:14.363	20301	20711	-82	-82	14
2015-01-01 22:20:14.799	20301	20711	-79	-97	14	-1.24	21.17	2.47
2015-01-01 22:35:21.327	20301	20711	-79	-97	14	-1.14	21.11	2.464
2015-01-02 00:15:17.218	20301	20711	-82	-82	13
2015-01-02 01:50:20.663	20301	20711	-82	-97	15	-1.75	21.14	2.47
2015-01-02 02:35:16.427	20301	20711	-79	-82	16	-2.1	20.98	2.464
2015-01-02 02:50:12.542	20301	20711	-79	-79	15	-2.24	21.04	2.47
2015-01-02 03:15:12.922	20301	20711	-76	-76	15
2015-01-02 03:50:19.614	20301	20711	-76	-97	14	-2.42	20.99	2.47
2015-01-02 04:05:15.559	20301	20711	-73	-76	17	-2.52	20.95	2.47
2015-01-02 05:15:15.278	20301	20711	-73	-76	10
2015-01-02 05:20:22.526	20301	20711	-76	-76	10	-3.07	20.91	2.464
2015-01-02 05:45:11.938	20301	20711	-76	-76	14
2015-01-02 05:50:14.386	20301	20711	-73	-97	14	-3.07	20.85	2.47
2015-01-02 07:15:10.806	20301	20711	-73	-76	13
2015-01-02 08:20:11.267	20301	20711	-76	-76	12	-3.32	20.9	2.47
2015-01-02 08:35:15.662	20301	20711	-76	-97	12
2015-01-02 08:35:15.679	20301	20711	-76	-97	13	-3.07	20.91	2.464
2015-01-02 08:45:16.871	20301	20711	-76	-76	13
2015-01-02 13:45:14.594	20301	20711	-82	-88	10
2015-01-02 15:55:13.063	20301	20711	-82	-82	10
2015-01-02 19:35:13.342	20301	20711	-79	-79	10	-3.5	20.95	2.47
2015-01-02 19:50:13.866	20301	20711	-79	-79	10	-3.57	20.95	2.47
2015-01-02 19:55:18.718	20301	20711	-79	-97	11
2015-01-02 20:35:19.255	20301	20711	-79	-79	10
2015-01-02 21:15:15.95	20301	20711	-79	-79	10
2015-01-02 21:20:12.99	20301	20711	-79	-82	10	-3.61	20.95	2.47
2015-01-02 21:50:14.827	20301	20711	-79	-79	10	-3.75	20.97	2.47
2015-01-02 22:15:10.142	20301	20711	-79	-82	10
2015-01-02 22:50:17.726	20301	20711	-82	-82	10	-4.1	20.85	2.47
2015-01-02 23:20:28.61	20301	20711	-79	-82	10	-4.14	20.81	2.47
2015-01-03 00:35:12.123	20301	20711	-79	-79	10
2015-01-03 00:50:13.087	20301	20711	-79	-82	10	-4.45	20.82	2.47
2015-01-03 01:15:14.122	20301	20711	-79	-82	10
2015-01-03 01:15:14.139	20301	20711	-79	-97	10
2015-01-03 01:20:20.21	20301	20711	-79	-97	10	-4.84	20.73	2.47
2015-01-03 01:35:16.555	20301	20711	-79	-97	10	-4.82	20.7	2.47
2015-01-03 04:15:10.158	20301	20711	-79	-97	14
2015-01-03 16:45:21.067	20301	20711	-82	-85	10
2015-01-03 21:15:19.323	20301	20711	-82	-82	10
2015-01-03 21:20:12.552	20301	20711	-82	-82	10	7.14	22.6	2.47
2015-01-04 04:15:12.675	20301	20711	-82	-88	10
2015-01-04 05:50:22.282	20301	20711	-82	-82	10	11.89	23.31	2.47
2015-01-04 05:55:11.502	20301	20711	-82	-85	10
2015-01-04 06:15:21.61	20301	20711	-82	-82	10
2015-01-04 06:50:16.09	20301	20711	-82	-85	10	12.02	23.32	2.475
2015-01-04 08:15:13.911	20301	20711	-82	-85	10
2015-01-04 12:35:16.527	20301	20711	-88	-85	12
2015-01-04 12:35:16.543	20301	20711	-88	-97	13	11.43	23.25	2.475
2015-01-04 12:45:16.398	20301	20711	-88	-97	13
2015-01-04 13:45:21.93	20301	20711	-82	-85	10
2015-01-04 13:45:22.77	20301	20711	-82	-85	10
2015-01-04 13:50:08.978	20301	20711	-85	-82	10	10.43	23.21	2.475
2015-01-04 13:50:09.57	20301	20711	-85	-82	10	10.43	23.21	2.475
2015-01-04 13:55:10.046	20301	20711	-82	-97	10
2015-01-04 14:35:12.666	20301	20711	-82	-97	22
2015-01-04 17:35:15.614	20301	20711	-82	-82	16	5.82	22.62	2.481
2015-01-04 17:45:21.642	20301	20711	-82	-85	15
2015-01-04 17:55:12.531	20301	20711	-82	-97	18
2015-01-04 18:20:10.588	20301	20711	-82	-82	18	4.56	22.39	2.481
2015-01-04 18:20:13.502	20301	20711	-82	-82	18	4.56	22.39	2.481
2015-01-04 18:20:13.871	20301	20711	-82	-82	18	4.56	22.39	2.481
2015-01-04 20:45:26.303	20301	20711	-91	-85	10
2015-01-05 03:15:09.891	20301	20711	-76	-76	10
2015-01-05 04:15:17.751	20301	20711	-76	-76	10
2015-01-05 07:35:24.419	20301	20711	-73	-97	10	-7.0	20.69	2.475
2015-01-05 07:55:12.483	20301	20711	-76	-76	11
2015-01-05 13:50:09.907	20301	20711	-79	-79	10	-6.21	20.54	2.47
2015-01-05 16:45:10.683	20301	20711	-76	-76	10
2015-01-05 18:45:16.878	20301	20711	-76	-79	10
2015-01-05 19:20:18.943	20301	20711	-76	-79	14	-10.34	20.03	2.47
2015-01-06 04:05:10.499	20301	20711	-76	-76	10	-10.64	19.95	2.464
2015-01-06 04:35:12.242	20301	20711	-76	-97	18
2015-01-06 06:35:13.295	20301	20711	-76	-76	10
2015-01-06 06:50:08.326	20301	20711	-76	-79	10	-10.42	20.03	2.464
2015-01-06 08:20:16.455	20301	20711	-76	-79	10	-9.94	20.06	2.464
2015-01-06 08:35:18.13	20301	20711	-76	-97	12	-9.66	20.08	2.459
2015-01-06 13:50:09.575	20301	20711	-76	-76	10	-3.39	20.34	2.464
2015-01-06 13:55:11.995	20301	20711	-79	-97	10
2015-01-06 16:50:14.915	20301	20711	-76	-97	10	-7.78	20.47	2.459
2015-01-06 17:20:14.994	20301	20711	-76	-97	10	-8.22	20.37	2.464
2015-01-06 19:05:21.578	20301	20711	-76	-76	10	-8.58	20.28	2.459
2015-01-06 23:05:10.379	20301	20711	-76	-79	10	-9.9	20.06	2.459
2015-01-07 02:50:14.735	20301	20711	-76	-79	10	-11.02	19.99	2.459
2015-01-07 03:15:11.088	20301	20711	-76	-76	10
2015-01-07 03:20:10.201	20301	20711	-76	-97	10	-11.16	19.98	2.459
2015-01-07 03:50:14.175	20301	20711	-79	-97	10	-11.33	19.97	2.459
2015-01-07 04:35:15.215	20301	20711	-76	-76	13
2015-01-07 07:55:09.987	20301	20711	-76	-76	14
2015-01-07 09:50:09.605	20301	20711	-76	-97	15	-11.06	19.99	2.459
2015-01-07 13:15:14.034	20301	20711	-73	-76	12
2015-01-07 16:35:12.355	20301	20711	-73	-79	10
2015-01-07 16:50:16.291	20301	20711	-73	-97	10	-13.5	19.63	2.459
2015-01-07 18:45:09.703	20301	20711	-73	-76	10
2015-01-07 22:05:13.698	20301	20711	-73	-76	10	-16.36	19.04	2.454
2015-01-08 00:45:17.899	20301	20711	-73	-97	10
2015-01-08 09:15:13.795	20301	20711	-76	-76	18
2015-01-08 21:15:13.195	20301	20711	-73	-76	10
2015-01-08 21:15:17.363	20301	20711	-73	-97	10
2015-01-08 22:35:19.336	20301	20711	-73	-76	10
2015-01-08 23:50:16.075	20301	20711	-73	-73	10	-10.82	19.93	2.448
2015-01-09 00:35:14.495	20301	20711	-73	-76	10	-9.94	20.02	2.443
2015-01-09 00:50:17.682	20301	20711	-73	-76	10	-8.46	20.02	2.448
2015-01-09 01:05:19.03	20301	20711	-76	-76	10	-7.76	20.2	2.448
2015-01-09 01:50:21.379	20301	20711	-76	-73	10	-7.56	20.42	2.448
2015-01-09 02:35:18.715	20301	20711	-73	-76	10
2015-01-09 02:45:22.563	20301	20711	-73	-97	14
2015-01-09 04:50:20.895	20301	20711	-76	-76	12	-8.44	20.36	2.448
2015-01-09 05:05:18.751	20301	20711	-76	-97	12	-8.4	20.36	2.448
2015-01-09 05:50:19.426	20301	20711	-73	-76	10	-8.19	20.37	2.448
2015-01-09 07:15:22.85	20301	20711	-76	-76	10
2015-01-09 10:05:12.162	20301	20711	-73	-76	10	-6.24	20.64	2.448
2015-01-09 15:05:15.906	20301	20711	-79	-76	10	-3.32	20.35	2.448
2015-01-09 21:20:23.126	20301	20711	-73	-76	10	-12.98	19.69	2.448
2015-01-09 22:15:23.555	20301	20711	-76	-76	26
2015-01-09 22:50:17.05	20301	20711	-73	-76	19	-14.42	19.43	2.448
2015-01-10 09:05:20.706	20301	20711	-73	-76	17	-17.04	19.23	2.443
2015-01-10 09:15:14.915	20301	20711	-73	-76	20
2015-01-10 09:15:14.946	20301	20711	-73	-97	20
2015-01-10 09:45:19.702	20301	20711	-73	-97	20
2015-01-10 09:50:20.534	20301	20711	-73	-97	19	-14.86	19.54	2.443
2015-01-10 10:05:22.163	20301	20711	-76	-97	19	-14.12	19.49	2.443
2015-01-10 13:15:17.315	20301	20711	-76	-97	18
2015-01-10 13:20:13.954	20301	20711	-73	-97	17	-3.07	19.74	2.443
2015-01-10 13:55:18.283	20301	20711	-76	-97	13
2015-01-10 16:15:21.551	20301	20711	-76	-76	15
2015-01-10 16:35:15.246	20301	20711	-73	-76	17
2015-01-10 17:50:19.23	20301	20711	-73	-76	17	-10.92	19.86	2.448
2015-01-10 18:05:21.81	20301	20711	-76	-76	16	-11.2	19.88	2.448
2015-01-10 18:20:15.574	20301	20711	-73	-97	15	-11.5	19.86	2.448
2015-01-11 00:45:22.971	20301	20711	-73	-73	10
2015-01-11 02:05:20.067	20301	20711	-73	-76	10	-12.74	19.68	2.443
2015-01-11 02:20:20.25	20301	20711	-73	-73	11	-12.41	19.76	2.443
2015-01-11 02:45:24.159	20301	20711	-73	-73	12
2015-01-11 05:15:15.606	20301	20711	-73	-76	10
2015-01-11 05:15:15.623	20301	20711	-73	-97	10
2015-01-11 05:20:17.866	20301	20711	-76	-97	10	-9.18	20.24	2.443
2015-01-11 05:35:17.946	20301	20711	-73	-97	10	-9.06	20.25	2.443
2015-01-11 05:55:20.49	20301	20711	-76	-76	10
2015-01-11 07:15:15.71	20301	20711	-73	-73	10
2015-01-11 07:15:15.727	20301	20711	-73	-97	11
2015-01-11 07:45:13.715	20301	20711	-76	-97	11
2015-01-11 09:05:14.971	20301	20711	-73	-76	10	-5.29	20.63	2.443
2015-01-11 09:15:16.065	20301	20711	-76	-97	10
2015-01-11 09:45:19.954	20301	20711	-73	-76	10
2015-01-11 10:05:15.579	20301	20711	-76	-97	10	-2.96	20.85	2.443
2015-01-11 10:15:15.902	20301	20711	-76	-97	10
2015-01-11 10:20:17.095	20301	20711	-76	-97	10	-2.31	20.93	2.443
2015-01-11 11:15:17.526	20301	20711	-76	-76	10
2015-01-11 11:45:16.738	20301	20711	-79	-79	10
2015-01-11 12:35:15.019	20301	20711	-76	-79	10	2.14	21.26	2.443
2015-01-11 13:05:25.119	20301	20711	-82	-82	10	2.85	21.44	2.448
2015-01-11 14:20:15.968	20301	20711	-82	-82	10	3.2	21.95	2.448
2015-01-11 18:15:16.559	20301	20711	-79	-82	10
2015-01-11 18:35:20.863	20301	20711	-82	-97	10
2015-01-11 20:05:16.781	20301	20711	-82	-82	10	1.25	21.96	2.454
2015-01-11 22:05:14.699	20301	20711	-82	-85	10	1.82	22.07	2.454
2015-01-12 08:20:16.438	20301	20711	-82	-82	14	0.46	21.8	2.454
2015-01-12 09:15:19.222	20301	20711	-82	-85	14
2015-01-12 09:15:19.235	20301	20711	-82	-97	14
2015-01-12 09:45:19.274	20301	20711	-82	-97	14
2015-01-12 11:55:21.766	20301	20711	-85	-85	28
2015-01-12 14:05:17.998	20301	20711	-82	-82	31	1.15	21.95	2.454
2015-01-12 14:45:14.907	20301	20711	-82	-85	28
2015-01-12 14:50:17.811	20301	20711	-82	-97	28	0.78	21.93	2.454
2015-01-12 15:05:15.046	20301	20711	-82	-85	28	0.78	21.93	2.454
2015-01-12 15:15:28.259	20301	20711	-82	-97	26
2015-01-12 15:20:19.426	20301	20711	-82	-97	26	0.6	21.92	2.454
2015-01-12 19:35:17.203	20301	20711	-82	-88	10	-1.67	21.63	2.454
2015-01-12 20:20:21.798	20301	20711	-88	-85	10	-2.04	21.57	2.454
2015-01-13 00:20:18.183	20301	20711	-82	-88	10	-3.32	21.31	2.454
2015-01-13 01:05:19.219	20301	20711	-82	-85	10	-3.96	21.23	2.454
2015-01-13 04:15:12.534	20301	20711	-79	-79	10
2015-01-13 04:20:16.031	20301	20711	-79	-97	10	-8.52	20.49	2.454
2015-01-13 05:45:24.69	20301	20711	-79	-97	14
2015-01-13 06:35:18.39	20301	20711	-76	-79	14
2015-01-13 07:55:20.714	20301	20711	-79	-79	10
2015-01-13 11:15:20.887	20301	20711	-82	-97	11
2015-01-13 12:20:14.923	20301	20711	-79	-79	10	1.79	21.82	2.448
2015-01-13 13:05:51.642	20301	20711	-82	-76	10	1.72	21.65	2.448
2015-01-13 17:05:14.862	20301	20711	-76	-76	10	-5.7	20.67	2.448
2015-01-13 18:35:24.928	20301	20711	-76	-76	10	-8.48	20.15	2.448
2015-01-13 18:50:26.71	20301	20711	-73	-97	10	-8.8	20.13	2.448
2015-01-13 22:05:25.987	20301	20711	-76	-76	13	-9.5	20.09	2.448
2015-01-14 06:50:30.762	20301	20711	-73	-97	10	-13.2	19.51	2.448
2015-01-14 07:45:16.238	20301	20711	-76	-76	10
2015-01-14 10:45:18.607	20301	20711	-76	-76	10
2015-01-14 11:05:17.399	20301	20711	-76	-97	10	-5.48	20.69	2.443
2015-01-14 12:50:18.427	20301	20711	-76	-76	10	-3.39	21.03	2.443
2015-01-14 13:15:18.379	20301	20711	-76	-97	10
2015-01-14 16:20:18.579	20301	20711	-76	-79	13	-3.92	21.13	2.448
2015-01-15 06:05:21.398	20301	20711	-76	-76	10	-8.92	20.26	2.443
2015-01-15 06:15:13.899	20301	20711	-79	-97	10
2015-01-15 12:20:16.038	20301	20711	-82	-79	10	-0.39	21.64	2.443
2015-01-15 13:05:15.299	20301	20711	-94	-97	10	3.43	21.76	2.443
2015-01-15 14:45:25.487	20301	20711	-82	-94	10
2015-01-15 16:05:15.522	20301	20711	-79	-97	10	-0.24	21.58	2.443
2015-01-15 16:15:17.246	20301	20711	-82	-82	10
2015-01-15 16:50:14.718	20301	20711	-85	-97	10	-1.71	21.42	2.443
2015-01-15 19:05:15.827	20301	20711	-85	-97	10	-3.85	21.14	2.448
2015-01-15 19:15:13.932	20301	20711	-82	-97	10
2015-01-15 19:15:13.95	20301	20711	-85	-97	10
2015-01-15 19:35:16.587	20301	20711	-85	-97	14	-3.89	21.13	2.443
2015-01-15 19:45:12.799	20301	20711	-85	-97	14
2015-01-15 19:50:14.571	20301	20711	-85	-97	14	-3.99	21.13	2.443
2015-01-15 19:55:12.886	20301	20711	-82	-85	14
2015-01-15 20:05:15.498	20301	20711	-82	-97	14	-3.95	21.13	2.443
2015-01-15 21:05:14.091	20301	20711	-82	-97	11	-3.64	21.15	2.443
2015-01-15 21:50:15.442	20301	20711	-82	-85	10	-3.07	21.33	2.443
2015-01-15 21:55:19.839	20301	20711	-82	-97	10
2015-01-16 01:45:18.075	20301	20711	-85	-97	10
2015-01-16 03:35:17.887	20301	20711	-76	-79	10	-3.48	21.2	2.443
2015-01-16 04:05:19.003	20301	20711	-79	-79	10	-3.7	21.15	2.443
2015-01-16 04:20:24.066	20301	20711	-79	-97	10	-3.77	21.14	2.448
2015-01-16 04:50:23.978	20301	20711	-79	-79	10	-3.61	21.22	2.443
2015-01-16 05:05:19.002	20301	20711	-76	-79	11	-3.53	21.23	2.443
2015-01-16 05:35:27.07	20301	20711	-76	-79	11	-3.38	21.31	2.443
2015-01-16 06:05:13.951	20301	20711	-79	-79	10	-3.28	21.31	2.443
2015-01-16 06:35:19.023	20301	20711	-79	-79	10
2015-01-16 07:45:19.014	20301	20711	-76	-79	10
2015-01-16 09:55:20.623	20301	20711	-76	-79	11
2015-01-16 10:05:20.918	20301	20711	-79	-97	11	-0.85	21.68	2.443
2015-01-16 10:20:19.814	20301	20711	-76	-79	10	-0.41	21.78	2.443
2015-01-16 10:35:18.863	20301	20711	-79	-97	10
2015-01-16 12:15:25.262	20301	20711	-82	-82	10
2015-01-16 13:55:14.098	20301	20711	-88	-88	12
2015-01-16 15:05:20.147	20301	20711	-85	-85	12	0.61	21.85	2.443
2015-01-16 15:50:18.587	20301	20711	-82	-97	12	0.11	21.95	2.443
2015-01-16 17:05:15.05	20301	20711	-85	-97	15	-2.16	21.49	2.443
2015-01-16 17:15:15.943	20301	20711	-82	-97	14
2015-01-16 17:55:17.839	20301	20711	-82	-82	14
2015-01-16 18:15:18.003	20301	20711	-82	-97	15
2015-01-16 18:20:12.494	20301	20711	-82	-97	16	-3.17	21.39	2.448
2015-01-16 20:15:13.37	20301	20711	-82	-85	11
2015-01-16 20:20:14.49	20301	20711	-82	-97	11	-4.88	21.14	2.443
2015-01-16 21:05:19.548	20301	20711	-82	-82	10	-5.41	21.03	2.448
2015-01-16 21:15:12.475	20301	20711	-79	-97	10
2015-01-16 22:05:16.866	20301	20711	-76	-79	17	-5.82	20.97	2.443
2015-01-16 22:15:12.383	20301	20711	-79	-97	17
2015-01-16 22:20:14.786	20301	20711	-79	-97	17	-5.96	20.93	2.443
2015-01-16 23:15:14.382	20301	20711	-79	-82	13
2015-01-16 23:20:18.059	20301	20711	-79	-97	12	-6.61	20.82	2.443
2015-01-16 23:35:19.971	20301	20711	-76	-82	11	-6.84	20.8	2.443
2015-01-16 23:45:13.307	20301	20711	-76	-97	11
2015-01-17 00:15:17.419	20301	20711	-76	-97	11
2015-01-17 04:45:15.67	20301	20711	-76	-76	10
2015-01-17 07:35:21.298	20301	20711	-76	-76	10	-10.64	20.01	2.443
2015-01-17 08:35:13.174	20301	20711	-76	-76	10
2015-01-17 08:45:14.718	20301	20711	-76	-76	10
2015-01-17 08:50:17.294	20301	20711	-73	-97	10	-9.1	20.35	2.443
2015-01-17 09:20:19.366	20301	20711	-76	-76	10	-6.64	21.5	2.443
2015-01-17 12:05:16.374	20301	20711	-88	-85	10	4.89	22.55	2.443
2015-01-17 14:05:19.111	20301	20711	-88	-94	10	8.81	23.03	2.443
2015-01-17 14:15:20.446	20301	20711	-88	-91	10
2015-01-17 15:50:19.687	20301	20711	-94	-88	10	9.64	23.16	2.448
2015-01-17 16:35:12.883	20301	20711	-88	-88	17
2015-01-17 16:35:12.895	20301	20711	-88	-97	16	8.52	23.29	2.443
2015-01-17 18:35:13.29	20301	20711	-82	-97	17
2015-01-17 18:45:14.922	20301	20711	-88	-97	17
2015-01-17 19:15:12.866	20301	20711	-88	-94	16
2015-01-17 19:35:13.615	20301	20711	-85	-97	16	4.14	22.64	2.448
2015-01-17 19:50:18.282	20301	20711	-88	-88	16	4.07	22.64	2.448
2015-01-17 19:55:16.648	20301	20711	-85	-97	16
2015-01-17 20:05:12.739	20301	20711	-85	-97	16	3.85	22.59	2.448
2015-01-17 20:15:20.258	20301	20711	-85	-97	15
2015-01-17 20:20:19.323	20301	20711	-85	-97	15	3.51	22.53	2.448
2015-01-17 20:35:12.834	20301	20711	-85	-97	19
2015-01-17 22:05:20.059	20301	20711	-85	-85	14	2.71	22.34	2.448
2015-01-17 22:15:12.462	20301	20711	-85	-97	14
2015-01-18 00:05:12.906	20301	20711	-82	-88	13	3.28	22.41	2.448
2015-01-18 00:35:18.451	20301	20711	-85	-88	13	3.68	22.4	2.448
2015-01-18 00:45:19.251	20301	20711	-85	-97	13
2015-01-18 01:35:14.726	20301	20711	-88	-88	12	3.82	22.48	2.448
2015-01-18 02:20:16.794	20301	20711	-85	-91	12	3.75	22.55	2.448
2015-01-18 02:35:15.97	20301	20711	-85	-88	11
2015-01-18 02:50:16.734	20301	20711	-88	-97	12	3.56	22.53	2.448
2015-01-18 04:20:12.562	20301	20711	-85	-85	12	3.01	22.43	2.448
2015-01-18 05:45:19.464	20301	20711	-85	-91	10
2015-01-18 05:50:16.462	20301	20711	-88	-94	10	3.6	22.53	2.448
2015-01-18 06:05:14.19	20301	20711	-88	-91	10	3.53	22.53	2.454
2015-01-18 06:15:11.867	20301	20711	-85	-97	10
2015-01-18 06:20:17.434	20301	20711	-85	-97	10	3.6	22.54	2.448
2015-01-18 06:45:14.726	20301	20711	-88	-91	11
2015-01-18 06:50:19.399	20301	20711	-88	-97	11	3.74	22.47	2.448
2015-01-18 07:15:12.575	20301	20711	-88	-85	11
2015-01-18 07:50:18.322	20301	20711	-85	-85	10	4.38	22.66	2.448
2015-01-18 13:15:13.406	20301	20711	-88	-88	24
2015-01-18 13:15:13.419	20301	20711	-85	-97	44
2015-01-18 19:50:18.624	20301	20711	-85	-85	12	1.18	22.16	2.448
2015-01-18 20:15:14.728	20301	20711	-85	-85	11
2015-01-18 20:35:11.911	20301	20711	-85	-88	13
2015-01-18 21:35:16.667	20301	20711	-85	-85	13	0.74	22.06	2.448
2015-01-19 02:20:21.226	20301	20711	-88	-97	10	-0.2	21.86	2.448
2015-01-19 03:15:13.283	20301	20711	-82	-88	10
2015-01-19 04:50:13.83	20301	20711	-88	-88	10	-0.75	21.82	2.448
2015-01-19 05:05:13.534	20301	20711	-85	-97	10	-0.71	21.83	2.448
2015-01-19 05:20:11.726	20301	20711	-85	-97	11	-0.7	21.79	2.448
2015-01-19 05:35:17.203	20301	20711	-82	-85	10	-0.67	21.83	2.448
2015-01-19 06:05:15.907	20301	20711	-85	-94	10	-0.78	21.82	2.448
2015-01-19 06:50:17.798	20301	20711	-82	-97	10	-0.89	21.82	2.448
2015-01-19 14:15:10.546	20301	20711	-88	-88	11
2015-01-19 14:20:14.334	20301	20711	-85	-97	11	2.33	22.52	2.448
2015-01-19 14:35:10.994	20301	20711	-88	-91	17	2.32	22.48	2.443
2015-01-19 14:45:12.483	20301	20711	-85	-97	17
2015-01-19 15:20:13.078	20301	20711	-85	-88	17	2.5	22.49	2.448
2015-01-19 15:45:15.407	20301	20711	-85	-97	17
2015-01-19 16:20:11.994	20301	20711	-85	-88	16	1.97	22.35	2.448
2015-01-19 17:15:16.319	20301	20711	-85	-97	16
2015-01-19 17:55:12.154	20301	20711	-85	-97	15
2015-01-19 19:05:14.935	20301	20711	-88	-88	10	0.2	22.03	2.448
2015-01-19 19:15:10.127	20301	20711	-85	-88	10
2015-01-19 19:15:13.182	20301	20711	-85	-97	10
2015-01-19 20:35:13.347	20301	20711	-85	-88	10
2015-01-19 20:35:14.118	20301	20711	-85	-88	10
2015-01-19 20:35:15.275	20301	20711	-85	-88	10
2015-01-19 20:35:16.159	20301	20711	-85	-88	10
2015-01-19 20:35:17.423	20301	20711	-85	-88	10
2015-01-19 20:45:15.126	20301	20711	-85	-97	10
2015-01-19 20:50:18.003	20301	20711	-85	-97	10	-1.1	21.73	2.448
2015-01-19 22:15:10.999	20301	20711	-85	-85	10
2015-01-19 22:35:16.679	20301	20711	-82	-85	10
2015-01-20 00:35:11.815	20301	20711	-82	-97	10	-3.03	21.4	2.443
2015-01-20 00:35:11.846	20301	20711	-82	-85	10
2015-01-20 00:45:12.838	20301	20711	-82	-85	10
2015-01-20 00:50:13.47	20301	20711	-85	-97	10	-2.98	21.47	2.448
2015-01-20 03:20:16.659	20301	20711	-82	-85	26	-2.2	21.62	2.443
2015-01-20 09:05:18.398	20301	20711	-82	-85	37	-1.11	21.8	2.443
2015-01-20 12:35:09.82	20301	20711	-85	-97	32
2015-01-20 12:35:09.831	20301	20711	-85	-97	32	0.03	22.05	2.443
2015-01-20 12:50:10.766	20301	20711	-85	-88	30	-0.14	22.0	2.443
2015-01-20 20:15:16.914	20301	20711	-82	-85	10
2015-01-20 20:20:11.974	20301	20711	-85	-85	10	-0.82	21.85	2.443
2015-01-20 20:35:09.902	20301	20711	-85	-85	10
2015-01-20 20:50:15.959	20301	20711	-85	-85	10	-0.88	21.85	2.443
2015-01-20 21:05:16.922	20301	20711	-82	-97	10	-0.91	21.85	2.443
2015-01-20 21:15:16.922	20301	20711	-85	-85	11
2015-01-20 21:20:11.602	20301	20711	-85	-85	10	-0.92	21.81	2.443
2015-01-20 21:35:15.946	20301	20711	-85	-85	10	-0.96	21.81	2.443
2015-01-20 22:15:16.187	20301	20711	-85	-85	14
2015-01-20 23:15:15.274	20301	20711	-82	-85	13
2015-01-20 23:45:10.882	20301	20711	-82	-97	13
2015-01-21 00:15:14.335	20301	20711	-82	-97	12
2015-01-21 00:20:16.702	20301	20711	-85	-85	11	-1.23	21.79	2.443
2015-01-21 01:05:11.067	20301	20711	-85	-85	10	-1.28	21.82	2.443
2015-01-21 05:45:13.331	20301	20711	-82	-85	18
2015-01-21 05:50:15.97	20301	20711	-82	-88	21	-1.66	21.76	2.443
2015-01-21 05:55:10.243	20301	20711	-85	-97	21
2015-01-21 07:45:11.455	20301	20711	-82	-85	10
2015-01-21 08:35:09.411	20301	20711	-82	-85	10
2015-01-21 09:35:15.491	20301	20711	-82	-85	10	-0.31	21.85	2.443
2015-01-21 10:15:15.403	20301	20711	-82	-82	11
2015-01-21 10:20:18.505	20301	20711	-82	-97	12	0.21	21.82	2.443
2015-01-21 10:45:17.407	20301	20711	-82	-82	12
2015-01-21 10:50:18.047	20301	20711	-82	-97	13	0.9	21.76	2.443
2015-01-21 11:15:09.871	20301	20711	-82	-85	10
2015-01-21 13:50:13.162	20301	20711	-85	-88	10	1.5	22.01	2.438
2015-01-21 13:55:12.166	20301	20711	-85	-97	10
2015-01-21 14:05:16.186	20301	20711	-82	-97	10	1.35	21.97	2.443
2015-01-21 14:15:13.827	20301	20711	-82	-85	10
2015-01-21 14:20:11.138	20301	20711	-82	-97	14	1.28	21.96	2.443
2015-01-21 14:35:14.167	20301	20711	-82	-97	14	1.07	22.02	2.438
2015-01-21 14:50:14.15	20301	20711	-82	-85	14	0.89	22.0	2.443
2015-01-21 15:05:15.227	20301	20711	-82	-97	14	0.88	22.0	2.443
2015-01-21 15:15:11.774	20301	20711	-82	-88	22
2015-01-21 15:15:11.79	20301	20711	-82	-97	24
2015-01-21 16:15:27.766	20301	20711	-85	-82	17
2015-01-21 16:45:08.2	20301	20711	-82	-97	17
2015-01-21 16:45:10.108	20301	20711	-82	-97	17
2015-01-21 16:45:11.123	20301	20711	-82	-97	17
2015-01-21 16:45:12.047	20301	20711	-82	-97	17
2015-01-21 16:45:13.307	20301	20711	-82	-97	17
2015-01-21 16:45:14.059	20301	20711	-82	-97	17
2015-01-21 16:50:10.995	20301	20711	-82	-97	17	0.53	22.05	2.443
2015-01-21 17:05:12.19	20301	20711	-82	-85	16	0.47	22.05	2.443
2015-01-21 17:15:10.062	20301	20711	-85	-97	16
2015-01-21 17:15:10.551	20301	20711	-82	-97	16
2015-01-21 17:20:16.171	20301	20711	-82	-97	22	0.45	22.04	2.443
2015-01-21 17:35:15.139	20301	20711	-82	-82	17	0.42	22.04	2.443
2015-01-21 19:45:19.047	20301	20711	-82	-85	19
2015-01-21 22:20:23.991	20301	20711	-85	-82	10	-0.11	21.94	2.438
2015-01-22 00:50:10.659	20301	20711	-82	-88	10	-0.07	22.08	2.438
2015-01-22 01:20:14.377	20301	20711	-85	-88	10	-0.14	22.04	2.438
2015-01-22 01:45:12.026	20301	20711	-85	-88	15
2015-01-22 01:50:13.682	20301	20711	-85	-97	15	-0.24	22.0	2.438
2015-01-22 02:50:09.747	20301	20711	-85	-88	14	-0.36	21.92	2.438
2015-01-22 03:05:16.691	20301	20711	-85	-97	14	-0.38	21.99	2.438
2015-01-22 04:15:08.654	20301	20711	-85	-88	13
2015-01-22 04:35:07.798	20301	20711	-88	-91	13
2015-01-22 05:05:13.75	20301	20711	-88	-97	13	-0.84	21.96	2.438
2015-01-22 05:15:16.366	20301	20711	-88	-91	12
2015-01-22 05:50:14.835	20301	20711	-88	-91	13	-1.0	21.95	2.438
2015-01-22 05:55:15.903	20301	20711	-85	-97	13
2015-01-22 06:05:09.238	20301	20711	-91	-97	19	-1.03	21.94	2.438
2015-01-22 06:15:07.839	20301	20711	-91	-88	19
2015-01-22 06:35:11.811	20301	20711	-88	-97	19	-1.06	21.94	2.438
2015-01-22 07:15:08.31	20301	20711	-91	-88	18
2015-01-22 07:20:13.555	20301	20711	-88	-97	18	-1.32	21.96	2.443
2015-01-22 08:05:10.327	20301	20711	-85	-97	38	-1.52	21.88	2.438
2015-01-22 08:15:11.564	20301	20711	-85	-97	38
2015-01-22 11:45:09.307	20301	20711	-91	-94	18
2015-01-22 11:55:09.627	20301	20711	-91	-91	19
2015-01-22 12:50:10.974	20301	20711	-94	-97	19	0.86	22.0	2.438
2015-01-22 13:15:10.09	20301	20711	-94	-91	19
2015-01-22 14:15:10.622	20301	20711	-94	-94	18
2015-01-22 14:35:11.682	20301	20711	-88	-97	18
2015-01-22 14:35:11.754	20301	20711	-88	-97	18	-0.03	22.15	2.438
2015-01-22 14:45:11.694	20301	20711	-91	-97	18
2015-01-22 15:05:08.646	20301	20711	-91	-88	16	-0.57	22.04	2.438
2015-01-22 15:15:12.754	20301	20711	-85	-91	15
2015-01-22 15:15:12.77	20301	20711	-85	-97	18
2015-01-22 15:35:13.114	20301	20711	-85	-94	18	-0.86	22.02	2.438
2015-01-22 16:35:10.147	20301	20711	-88	-97	20
2015-01-22 16:35:10.159	20301	20711	-88	-97	20	-1.28	21.96	2.438
2015-01-22 21:50:08.395	20301	20711	-85	-88	14	-2.35	21.65	2.438
2015-01-22 22:15:17.47	20301	20711	-85	-88	13
2015-01-22 23:05:12.718	20301	20711	-85	-85	25	-2.42	21.68	2.438
2015-01-22 23:15:10.751	20301	20711	-85	-88	25
2015-01-22 23:45:09.806	20301	20711	-85	-85	25
2015-01-22 23:50:08.307	20301	20711	-85	-97	25	-2.46	21.71	2.438
2015-01-23 00:05:09.311	20301	20711	-85	-97	24	-2.5	21.71	2.438
2015-01-23 00:20:11.3	20301	20711	-85	-85	24	-2.53	21.7	2.438
2015-01-23 00:35:12.272	20301	20711	-85	-97	24
2015-01-23 01:50:10.451	20301	20711	-85	-85	22	-2.71	21.62	2.438
2015-01-23 02:05:12.662	20301	20711	-85	-88	24	-2.73	21.62	2.438
2015-01-23 02:15:12.183	20301	20711	-85	-97	26
2015-01-23 02:45:09.223	20301	20711	-82	-85	24
2015-01-23 03:15:11.874	20301	20711	-85	-85	23
2015-01-23 03:45:12.338	20301	20711	-85	-97	23
2015-01-23 04:15:12.255	20301	20711	-82	-85	20
2015-01-23 04:20:10.439	20301	20711	-85	-97	20	-2.85	21.61	2.438
2015-01-23 04:35:11.794	20301	20711	-82	-97	19
2015-01-23 04:35:11.871	20301	20711	-82	-97	22	-2.93	21.61	2.432
2015-01-23 04:50:11.407	20301	20711	-82	-85	22	-3.02	21.6	2.438
2015-01-23 05:15:10.64	20301	20711	-85	-85	22
2015-01-23 11:05:10.847	20301	20711	-85	-82	10	1.25	22.2	2.438
2015-01-23 11:15:11.767	20301	20711	-88	-97	10
2015-01-23 11:45:09.202	20301	20711	-85	-88	10
2015-01-23 12:50:08.603	20301	20711	-82	-91	15	3.57	22.32	2.438
2015-01-23 13:05:09.307	20301	20711	-85	-97	15	3.6	22.26	2.432
2015-01-23 13:15:08.052	20301	20711	-85	-97	15
2015-01-23 13:45:11.531	20301	20711	-88	-97	17
2015-01-23 14:15:11.495	20301	20711	-85	-88	20
2015-01-23 14:35:06.743	20301	20711	-88	-97	22
2015-01-23 15:05:06.711	20301	20711	-85	-88	21	3.53	22.39	2.438
2015-01-23 15:15:07.351	20301	20711	-85	-97	21
2015-01-23 16:05:14.711	20301	20711	-85	-85	19	1.76	22.34	2.438
2015-01-23 16:20:08.294	20301	20711	-88	-97	19	1.43	22.25	2.438
2015-01-23 17:20:11.583	20301	20711	-88	-85	19	0.46	22.11	2.438
2015-01-23 17:45:08.51	20301	20711	-88	-88	18
2015-01-23 17:55:11.199	20301	20711	-85	-97	18
2015-01-23 18:05:10.614	20301	20711	-88	-88	17	-0.28	21.99	2.438
2015-01-23 18:15:13.211	20301	20711	-85	-97	17
2015-01-23 18:35:08.486	20301	20711	-85	-97	20	-0.61	21.9	2.432
2015-01-23 19:20:08.143	20301	20711	-85	-97	24	-0.88	21.89	2.438
2015-01-23 19:55:11.09	20301	20711	-85	-97	25
2015-01-23 20:05:09.131	20301	20711	-88	-88	25	-0.82	21.92	2.438
2015-01-23 20:20:08.087	20301	20711	-85	-97	25	-0.89	21.95	2.438
2015-01-23 20:35:09.883	20301	20711	-85	-88	21
2015-01-23 20:35:09.899	20301	20711	-85	-97	21	-0.92	21.95	2.432
2015-01-23 20:45:11.031	20301	20711	-85	-97	21
2015-01-23 20:50:11.367	20301	20711	-85	-97	20	-0.89	21.92	2.438
2015-01-23 21:05:14.39	20301	20711	-85	-97	20	-0.89	21.95	2.438
2015-01-23 21:15:22.134	20301	20711	-88	-97	25
2015-01-23 21:20:18.418	20301	20711	-88	-97	24	-0.96	21.95	2.438
2015-01-23 21:45:07.347	20301	20711	-88	-97	28
2015-01-23 22:35:15.146	20301	20711	-85	-88	24
2015-01-24 00:20:09.882	20301	20711	-85	-85	21	-1.43	21.92	2.438
2015-01-24 00:35:09.311	20301	20711	-88	-85	21
2015-01-24 00:35:09.327	20301	20711	-85	-97	20	-1.46	21.91	2.432
2015-01-24 01:50:11.142	20301	20711	-85	-85	19	-1.46	21.91	2.438
2015-01-24 02:05:11.079	20301	20711	-82	-85	22	-1.45	21.92	2.438
2015-01-24 02:15:10.919	20301	20711	-85	-97	22
2015-01-24 02:35:06.987	20301	20711	-82	-85	22	-1.49	21.91	2.432
2015-01-24 03:15:10.754	20301	20711	-82	-85	22
2015-01-24 05:20:10.078	20301	20711	-85	-97	20	-1.78	21.82	2.438
2015-01-24 06:05:17.421	20301	20711	-82	-97	18	-1.99	21.81	2.438
2015-01-24 06:15:08.51	20301	20711	-82	-85	16
2015-01-24 09:55:12.083	20301	20711	-94	-94	10
2015-01-24 10:50:12.015	20301	20711	-88	-91	13	-1.17	21.8	2.438
2015-01-24 13:15:11.655	20301	20711	-88	-91	15
2015-01-24 13:20:11.151	20301	20711	-91	-97	15	0.01	21.74	2.438
2015-01-24 13:50:07.95	20301	20711	-85	-91	17	-0.34	21.78	2.438
2015-01-24 13:55:09.623	20301	20711	-88	-97	17
