result_time	node_id	parent_id	stats_frssi	stats_brssi	etx	temperature	humidity	voltage
2014-12-01 00:50:47.247	20301	20031	-70	-70	10	15.33	21.91	2.514
2014-12-01 03:05:48.863	20301	20031	-70	-97	10	13.67	21.58	2.514
2014-12-01 04:50:42.162	20301	20031	-67	-97	10	12.11	21.48	2.514
2014-12-01 06:50:44.358	20301	20031	-70	-67	10	8.93	21.14	2.514
2014-12-01 13:05:42.254	20301	20031	-67	-97	14	2.65	20.31	2.514
2014-12-01 23:15:59.618	20301	20031	-70	-97	10
2014-12-01 23:16:12.678	20301	20031	-70	-97	10
2014-12-02 00:45:51.503	20301	20031	-70	-67	10
2014-12-02 00:50:50.563	20301	20031	-70	-97	10	-3.34	19.45	2.508
2014-12-02 03:15:44.17	20301	20031	-70	-97	10
2014-12-02 11:50:44.915	20301	20031	-70	-67	10	-0.25	19.75	2.503
2014-12-02 15:05:47.324	20301	20031	-70	-67	10	1.53	20.03	2.503
2014-12-02 15:15:56.191	20301	20031	-70	-97	10
2014-12-02 16:35:52.099	20301	20031	-70	-97	10
2014-12-02 21:45:58.61	20301	20031	-70	-97	10
2014-12-03 01:35:45.503	20301	20031	-70	-70	10	4.92	20.6	2.503
2014-12-03 09:55:45.506	20301	20031	-67	-64	10
2014-12-03 17:05:44.587	20301	20031	-70	-97	10	1.6	20.18	2.503
2014-12-03 17:45:41.97	20301	20031	-70	-97	10
2014-12-03 17:55:40.263	20301	20031	-70	-67	10
2014-12-03 18:05:48.303	20301	20031	-70	-97	10	0.51	19.93	2.503
2014-12-03 18:05:48.466	20301	20031	-70	-97	10	0.51	19.93	2.503
2014-12-03 18:05:51.25	20301	20031	-70	-97	10	0.51	19.93	2.503
2014-12-03 21:05:45.406	20301	20031	-70	-67	10	-1.1	19.73	2.497
2014-12-04 01:15:42.771	20301	20031	-67	-67	10
2014-12-04 01:35:41.859	20301	20031	-70	-97	10	-2.57	19.57	2.497
2014-12-04 07:35:42.108	20301	20031	-70	-67	10	-3.42	19.51	2.497
2014-12-04 08:35:45.083	20301	20031	-70	-97	10
2014-12-04 08:35:45.098	20301	20031	-70	-97	10	-2.54	19.57	2.497
2014-12-04 13:50:52.575	20301	20031	-70	-97	10	2.64	20.31	2.497
2014-12-04 14:20:45.771	20301	20031	-70	-67	10	2.57	20.31	2.497
2014-12-04 14:50:41.767	20301	20031	-70	-67	10	2.15	20.35	2.497
2014-12-04 16:05:46.762	20301	20031	-70	-67	10	1.15	20.15	2.497
2014-12-05 04:15:39.078	20301	20031	-70	-67	10
2014-12-05 04:35:43.559	20301	20031	-67	-97	10
2014-12-05 09:50:40.455	20301	20031	-67	-97	10	1.79	20.19	2.497
2014-12-05 15:20:40.926	20301	20031	-70	-70	10	3.78	20.49	2.497
2014-12-05 15:35:38.678	20301	20031	-70	-97	10	3.82	20.53	2.497
2014-12-05 17:15:46.666	20301	20031	-70	-67	24
2014-12-05 17:15:46.683	20301	20031	-70	-97	70
2014-12-08 18:20:37.465	20301	20031	-67	-67	10	1.35	20.37	2.497
2014-12-08 21:55:39.602	20301	20031	-70	-97	24
2014-12-09 05:50:36.806	20301	20031	-67	-67	17	-0.79	20.09	2.492
2014-12-09 06:45:35.662	20301	20031	-67	-67	16
2014-12-09 06:50:40.463	20301	20031	-70	-97	16	-1.6	19.9	2.492
2014-12-09 08:15:36.266	20301	20031	-70	-67	14
2014-12-09 11:35:35.938	20301	20031	-70	-67	10	5.24	21.07	2.492
2014-12-09 13:15:52.782	20301	20031	-70	-67	10
2014-12-09 18:05:38.891	20301	20031	-67	-97	10	4.33	20.91	2.497
2014-12-09 21:05:39.067	20301	20031	-67	-67	10	3.03	20.72	2.497
2014-12-09 21:15:36.094	20301	20031	-70	-67	10
2014-12-09 22:20:35.258	20301	20031	-67	-67	13	2.72	20.67	2.497
2014-12-09 23:45:40.463	20301	20031	-70	-97	14
2014-12-09 23:55:40.479	20301	20031	-70	-97	14
2014-12-10 03:05:36.002	20301	20031	-67	-97	10	2.0	20.58	2.497
2014-12-10 03:15:38.526	20301	20031	-67	-97	10
2014-12-10 03:50:39.822	20301	20031	-67	-67	10	1.85	20.54	2.497
2014-12-10 06:05:48.955	20301	20031	-67	-97	16	1.25	20.43	2.497
2014-12-10 10:50:33.295	20301	20031	-67	-64	13	-0.02	20.35	2.497
2014-12-10 12:20:41.175	20301	20031	-67	-64	10	-0.53	20.32	2.492
2014-12-10 14:15:36.207	20301	20031	-67	-67	10
2014-12-10 14:20:36.202	20301	20031	-67	-97	11	-1.14	20.21	2.492
2014-12-10 15:15:42.943	20301	20031	-67	-67	10
2014-12-10 16:35:37.159	20301	20031	-67	-97	13
2014-12-10 19:35:34.514	20301	20031	-67	-97	10	-1.42	20.12	2.492
2014-12-10 19:45:43.595	20301	20031	-67	-97	10
2014-12-10 23:15:41.475	20301	20031	-67	-67	10
2014-12-11 02:20:40.867	20301	20031	-70	-97	10	-2.59	19.98	2.492
2014-12-11 03:05:44.475	20301	20031	-70	-67	10	-2.75	19.97	2.492
2014-12-11 04:20:35.198	20301	20031	-70	-64	10	-2.93	19.96	2.492
2014-12-11 07:35:34.762	20301	20031	-70	-67	10	-3.28	19.9	2.492
2014-12-11 09:05:49.295	20301	20031	-70	-67	10	-3.48	19.85	2.492
2014-12-11 10:50:41.567	20301	20031	-70	-67	10	-3.43	19.93	2.492
2014-12-11 13:05:55.763	20301	20031	-67	-67	10	-2.45	20.06	2.492
2014-12-11 17:20:40.786	20301	20031	-67	-67	10	-1.02	20.15	2.492
2014-12-11 21:35:33.831	20301	20031	-67	-67	10	-0.66	20.24	2.492
2014-12-11 21:35:34.171	20301	20031	-67	-67	10	-0.66	20.24	2.492
2014-12-11 21:50:33.091	20301	20031	-67	-64	10	-0.66	20.24	2.492
2014-12-12 03:20:44.298	20301	20031	-67	-67	10	-1.38	20.2	2.492
2014-12-12 04:50:41.611	20301	20031	-67	-67	10	-1.74	20.14	2.492
2014-12-12 09:35:33.35	20301	20031	-67	-67	10	-1.35	20.2	2.492
2014-12-12 09:45:40.259	20301	20031	-67	-64	10
2014-12-12 11:55:33.458	20301	20031	-67	-67	10
2014-12-12 12:05:37.716	20301	20031	-67	-97	10	0.17	20.43	2.486
2014-12-12 14:50:33.614	20301	20031	-67	-67	10	0.14	20.43	2.492
2014-12-12 15:05:32.699	20301	20031	-70	-97	10	-0.03	20.49	2.492
2014-12-12 15:15:36.367	20301	20031	-70	-67	10
2014-12-12 17:05:38.21	20301	20031	-70	-70	10	-1.28	20.2	2.492
2014-12-12 17:20:35.55	20301	20031	-73	-70	14	-1.39	20.19	2.492
2014-12-12 19:55:36.87	20301	20031	-76	-97	12
2014-12-13 00:35:33.443	20301	20031	-76	-73	10	-2.48	20.02	2.486
2014-12-13 01:50:36.442	20301	20031	-76	-73	10	-2.39	20.06	2.486
2014-12-13 08:50:34.267	20301	20031	-76	-73	10	-2.78	20.04	2.486
2014-12-13 09:15:32.574	20301	20031	-76	-73	10
2014-12-13 09:20:37.71	20301	20031	-73	-97	10	-2.66	20.04	2.486
2014-12-13 13:50:35.488	20301	20031	-76	-73	13	-1.06	20.28	2.486
2014-12-13 16:45:32.298	20301	20031	-76	-73	10
2014-12-13 18:50:31.783	20301	20031	-76	-73	10	-0.38	20.33	2.486
2014-12-13 21:50:32.322	20301	20031	-76	-73	10	0.49	20.45	2.486
2014-12-13 22:15:32.17	20301	20031	-76	-97	10
2014-12-14 00:20:38.291	20301	20031	-76	-97	10	1.56	20.59	2.486
2014-12-14 01:20:42.715	20301	20031	-76	-76	10	1.93	20.69	2.486
2014-12-14 01:35:38.679	20301	20031	-76	-76	10	2.07	20.69	2.486
2014-12-14 03:05:39.903	20301	20031	-76	-73	10	2.35	20.75	2.492
2014-12-14 14:45:33.851	20301	20031	-76	-73	10
2014-12-14 16:50:38.643	20301	20031	-76	-73	10	5.47	21.26	2.492
2014-12-14 17:15:43.314	20301	20031	-73	-73	10
2014-12-14 18:50:33.43	20301	20031	-76	-73	10	5.08	21.17	2.492
2014-12-14 19:05:31.41	20301	20031	-76	-97	10	5.1	21.17	2.492
2014-12-14 19:45:33.726	20301	20031	-76	-76	10
2014-12-14 19:55:32.395	20301	20031	-76	-97	10
2014-12-14 20:05:29.53	20301	20031	-76	-97	11	5.32	21.22	2.492
2014-12-14 20:05:30.263	20301	20031	-76	-97	11	5.32	21.22	2.492
2014-12-14 21:35:51.771	20301	20031	-76	-76	10	5.11	21.17	2.492
2014-12-14 23:15:35.927	20301	20031	-76	-76	10
2014-12-15 02:45:38.575	20301	20031	-76	-73	11
2014-12-15 03:20:38.35	20301	20031	-76	-76	10	4.61	21.14	2.492
2014-12-15 06:15:36.039	20301	20031	-76	-97	10
2014-12-15 06:20:33.006	20301	20031	-76	-97	13	4.58	21.14	2.492
2014-12-15 14:35:36.091	20301	20031	-76	-73	10	8.81	21.83	2.492
2014-12-15 15:05:31.49	20301	20031	-76	-97	10	8.64	21.82	2.492
2014-12-15 16:35:28.306	20301	20031	-76	-73	10	7.07	21.58	2.492
2014-12-15 16:50:35.247	20301	20031	-76	-97	10	6.86	21.56	2.497
2014-12-15 18:35:31.139	20301	20031	-76	-73	10	5.39	21.4	2.492
2014-12-15 20:50:32.178	20301	20031	-76	-76	10	2.79	20.95	2.497
2014-12-16 00:15:32.919	20301	20031	-76	-76	10
2014-12-16 00:20:30.006	20301	20031	-76	-97	11	1.35	20.79	2.497
2014-12-16 01:05:30.323	20301	20031	-76	-76	10	1.32	20.78	2.497
2014-12-16 03:15:31.526	20301	20031	-76	-73	10
2014-12-16 03:20:28.991	20301	20031	-76	-97	10	1.89	20.82	2.497
2014-12-16 16:15:28.61	20301	20031	-73	-73	10
2014-12-16 16:20:31.19	20301	20031	-73	-97	10	9.25	21.86	2.492
2014-12-16 16:35:37.823	20301	20031	-73	-73	10	9.1	21.78	2.492
2014-12-16 16:45:32.59	20301	20031	-73	-73	10
2014-12-16 16:50:42.254	20301	20031	-76	-73	10	8.86	21.84	2.492
2014-12-16 17:50:33.111	20301	20031	-76	-76	10	7.96	21.57	2.492
2014-12-16 17:55:31.507	20301	20031	-79	-97	11
2014-12-16 19:35:45.729	20301	20031	-82	-79	11	6.18	21.38	2.492
2014-12-17 05:35:34.855	20301	20031	-70	-67	10	2.57	21.01	2.492
2014-12-17 05:50:42.998	20301	20031	-70	-97	10	2.42	20.93	2.497
2014-12-17 08:35:29.19	20301	20031	-67	-97	11	1.38	20.79	2.492
2014-12-17 08:35:29.206	20301	20031	-67	-67	10
2014-12-17 09:05:33.071	20301	20031	-67	-67	11	1.61	20.87	2.492
2014-12-17 16:05:28.895	20301	20031	-70	-67	10	-0.16	20.69	2.486
2014-12-17 17:15:29.311	20301	20031	-67	-67	10
2014-12-17 17:55:27.215	20301	20031	-70	-67	10
2014-12-17 18:35:28.483	20301	20031	-70	-67	10
2014-12-17 18:35:28.496	20301	20031	-67	-97	10	-0.75	20.65	2.481
2014-12-17 20:05:33.906	20301	20031	-67	-67	10	-1.28	20.55	2.486
2014-12-17 20:20:31.846	20301	20031	-70	-67	10	-1.25	20.55	2.486
2014-12-17 20:35:35.411	20301	20031	-70	-67	10	-1.25	20.55	2.481
2014-12-17 23:45:27.966	20301	20031	-67	-64	10
2014-12-18 08:35:27.666	20301	20031	-67	-64	10
2014-12-18 09:05:29.327	20301	20031	-67	-97	10	-2.61	20.39	2.486
2014-12-18 09:20:29.071	20301	20031	-67	-64	19	-2.54	20.4	2.486
2014-12-18 09:35:29.655	20301	20031	-67	-97	23	-2.46	20.4	2.486
2014-12-18 12:50:34.398	20301	20031	-67	-64	17	-1.57	20.6	2.486
2014-12-19 09:50:24.739	20301	20031	-67	-64	18	-2.07	20.43	2.481
2014-12-19 11:20:25.582	20301	20031	-67	-97	17	-1.43	20.61	2.481
2014-12-19 11:35:27.099	20301	20031	-67	-97	17	-1.27	20.62	2.481
2014-12-19 11:45:29.051	20301	20031	-67	-64	17
2014-12-19 11:50:28.611	20301	20031	-67	-97	16	-1.24	20.62	2.481
2014-12-19 12:15:33.183	20301	20031	-67	-97	16
2014-12-19 12:20:27.658	20301	20031	-64	-97	19	-1.32	20.61	2.481
2014-12-19 12:35:31.334	20301	20031	-67	-97	19	-1.14	20.63	2.481
2014-12-19 12:50:24.656	20301	20031	-67	-97	18	-1.16	20.62	2.481
2014-12-19 13:15:27.102	20301	20031	-67	-64	17
2014-12-19 13:15:27.118	20301	20031	-67	-97	17
2014-12-19 13:45:31.646	20301	20031	-67	-64	12
2014-12-19 14:05:28.118	20301	20031	-67	-64	11	-0.66	20.66	2.481
2014-12-19 14:15:26.115	20301	20031	-67	-97	11
2014-12-19 15:45:32.419	20301	20031	-67	-64	10
2014-12-19 15:50:31.527	20301	20031	-67	-97	14	-0.93	20.64	2.481
2014-12-19 18:35:27.211	20301	20031	-64	-64	15
2014-12-19 19:15:25.478	20301	20031	-67	-64	16
2014-12-19 19:35:23.983	20301	20031	-64	-97	16	-1.82	20.51	2.481
2014-12-19 19:45:27.067	20301	20031	-67	-97	16
2014-12-19 21:50:28.791	20301	20031	-67	-64	15	-2.0	20.5	2.481
2014-12-20 09:55:34.65	20301	20031	-67	-64	20
2014-12-20 16:20:27.382	20301	20031	-67	-67	14	-0.09	20.69	2.481
2014-12-20 16:35:28.579	20301	20031	-70	-67	11	-0.7	20.65	2.481
2014-12-20 17:35:31.787	20301	20031	-67	-67	10	-2.42	20.34	2.481
2014-12-20 19:35:30.715	20301	20031	-67	-64	12	-3.2	20.22	2.481
2014-12-20 19:55:25.35	20301	20031	-67	-97	12
2014-12-20 21:15:27.567	20301	20031	-67	-97	14
2014-12-20 21:50:27.65	20301	20031	-67	-97	15	-3.1	20.22	2.481
2014-12-21 01:15:28.366	20301	20031	-67	-97	11
2014-12-21 02:15:24.279	20301	20031	-67	-64	11
2014-12-21 02:20:23.501	20301	20031	-67	-97	11	-4.49	20.0	2.481
2014-12-21 03:45:24.235	20301	20031	-67	-67	10
2014-12-21 04:15:27.283	20301	20031	-67	-97	10
2014-12-21 09:20:23.435	20301	20031	-70	-64	10	-1.75	20.55	2.481
2014-12-21 11:50:28.146	20301	20031	-67	-97	10	1.1	21.05	2.481
2014-12-21 20:35:24.738	20301	20031	-67	-97	11
2014-12-21 21:15:24.483	20301	20031	-67	-97	17
2014-12-21 21:20:31.199	20301	20031	-67	-97	16	-4.5	20.07	2.481
2014-12-21 21:45:22.374	20301	20031	-67	-97	23
2014-12-21 21:50:23.926	20301	20031	-67	-97	23	-4.66	20.02	2.481
2014-12-21 22:35:26.447	20301	20031	-67	-67	23	-4.85	20.04	2.475
2014-12-21 23:05:22.502	20301	20031	-67	-64	21	-5.0	20.0	2.481
2014-12-21 23:15:23.347	20301	20031	-67	-97	20
2014-12-21 23:15:23.359	20301	20031	-67	-97	20
2014-12-22 01:20:25.986	20301	20031	-67	-97	19	-5.6	19.93	2.481
2014-12-22 01:45:24.386	20301	20031	-67	-67	17
2014-12-22 01:55:24.99	20301	20031	-67	-97	17
2014-12-22 02:50:26.214	20301	20031	-67	-67	17	-5.98	19.83	2.481
2014-12-22 03:05:25.579	20301	20031	-67	-67	17	-5.98	19.83	2.481
2014-12-22 03:15:27.947	20301	20031	-67	-97	16
2014-12-22 03:55:23.914	20301	20031	-67	-64	15
2014-12-22 04:15:22.214	20301	20031	-67	-97	15
2014-12-22 05:15:25.987	20301	20031	-67	-64	14
2014-12-22 06:50:31.231	20301	20031	-64	-97	10	-6.66	19.76	2.481
2014-12-22 08:35:26.946	20301	20031	-67	-64	16
2014-12-22 09:50:26.034	20301	20031	-67	-64	13	-1.79	20.58	2.481
2014-12-22 10:05:31.314	20301	20031	-67	-97	12	-1.1	20.7	2.481
2014-12-22 10:15:28.494	20301	20031	-67	-97	12
2014-12-22 11:05:26.083	20301	20031	-67	-67	11	2.21	21.19	2.481
2014-12-22 17:35:36.598	20301	20031	-67	-67	10	2.72	21.22	2.486
2014-12-22 19:35:29.394	20301	20031	-67	-67	10	2.39	21.13	2.486
2014-12-22 22:05:27.735	20301	20031	-67	-67	10	1.6	21.08	2.486
2014-12-22 23:20:33.691	20301	20031	-67	-67	10	1.96	21.1	2.481
2014-12-23 04:05:28.539	20301	20031	-67	-67	10	2.24	21.16	2.486
2014-12-23 05:55:27.083	20301	20031	-67	-67	10
2014-12-23 07:05:31.223	20301	20031	-67	-67	10	3.67	21.36	2.486
2014-12-23 08:20:24.615	20301	20031	-67	-67	10	4.15	21.46	2.486
2014-12-23 11:15:26.766	20301	20031	-67	-67	10
2014-12-23 11:15:26.79	20301	20031	-67	-97	10
2014-12-23 11:45:25.519	20301	20031	-67	-67	10
2014-12-23 12:20:30.142	20301	20031	-70	-67	10	9.03	22.1	2.486
2014-12-23 14:15:33.394	20301	20031	-70	-67	10
2014-12-23 14:20:35.794	20301	20031	-70	-97	10	11.57	22.51	2.486
2014-12-23 14:35:25.25	20301	20031	-70	-67	10
2014-12-23 14:45:31.331	20301	20031	-70	-97	11
2014-12-23 18:50:27.872	20301	20031	-70	-67	10	8.38	22.23	2.486
2014-12-23 23:20:25.27	20301	20031	-67	-67	12	6.11	21.87	2.486
2014-12-23 23:55:21.05	20301	20031	-67	-67	12
2014-12-24 00:15:26.682	20301	20031	-67	-67	10
2014-12-24 00:20:34.31	20301	20031	-67	-97	10	6.45	21.89	2.492
2014-12-24 02:50:27.338	20301	20031	-70	-67	10	7.03	21.93	2.486
2014-12-24 03:20:28.235	20301	20031	-70	-67	10	7.2	22.01	2.486
2014-12-24 03:35:25.082	20301	20031	-70	-97	10	7.22	22.01	2.486
2014-12-24 04:35:25.103	20301	20031	-67	-67	10	7.65	22.04	2.486
2014-12-24 04:50:36.055	20301	20031	-67	-67	10	7.9	22.06	2.492
2014-12-24 05:05:28.179	20301	20031	-67	-97	11	8.07	22.07	2.486
2014-12-24 05:15:27.087	20301	20031	-70	-97	11
2014-12-24 05:15:27.106	20301	20031	-67	-67	11
2014-12-24 05:45:26.059	20301	20031	-67	-97	11
2014-12-24 05:55:39.159	20301	20031	-67	-67	12
2014-12-24 06:05:27.627	20301	20031	-67	-97	12	8.15	22.14	2.486
2014-12-24 06:35:31.659	20301	20031	-70	-67	12	7.86	22.16	2.486
2014-12-24 06:45:22.946	20301	20031	-70	-97	12
2014-12-24 06:50:29.858	20301	20031	-70	-67	11	7.56	22.1	2.492
2014-12-24 07:15:33.415	20301	20031	-70	-97	12
2014-12-24 21:20:20.45	20301	20031	-76	-73	10	9.28	22.15	2.492
2014-12-24 21:35:26.406	20301	20031	-73	-73	10	8.68	22.04	2.492
2014-12-24 21:45:34.103	20301	20031	-73	-97	10
2014-12-24 23:50:35.447	20301	20031	-76	-76	10	5.2	21.74	2.492
2014-12-25 01:05:21.215	20301	20031	-76	-97	10	4.25	21.67	2.492
2014-12-25 01:15:36.331	20301	20031	-73	-97	10
2014-12-25 01:20:35.707	20301	20031	-76	-73	10	4.15	21.67	2.492
2014-12-25 01:55:25.331	20301	20031	-79	-73	10
2014-12-25 02:05:35.21	20301	20031	-76	-73	10	3.85	21.61	2.492
2014-12-25 02:15:34.242	20301	20031	-73	-97	21
2014-12-25 03:35:23.975	20301	20031	-73	-73	12	3.42	21.55	2.492
2014-12-25 07:20:35.042	20301	20031	-73	-73	10	3.32	21.54	2.492
2014-12-25 09:20:25.186	20301	20031	-73	-73	10	2.79	21.3	2.492
2014-12-25 11:50:20.351	20301	20031	-73	-70	14	3.78	21.75	2.486
2014-12-25 11:55:23.442	20301	20031	-73	-97	14
2014-12-25 12:35:17.739	20301	20031	-70	-73	10
2014-12-25 13:20:28.167	20301	20031	-73	-70	10	3.07	21.56	2.486
2014-12-25 13:55:28.394	20301	20031	-73	-70	10
2014-12-25 14:05:32.103	20301	20031	-73	-73	10	3.24	21.54	2.486
2014-12-25 17:15:27.276	20301	20031	-73	-97	12
2014-12-25 17:15:27.99	20301	20031	-73	-70	12
2014-12-25 17:20:23.422	20301	20031	-73	-97	12	2.85	21.51	2.486
2014-12-25 18:15:18.503	20301	20031	-73	-70	12
2014-12-25 18:20:20.03	20301	20031	-73	-97	13	2.63	21.5	2.486
2014-12-25 20:15:26.119	20301	20031	-73	-97	11
2014-12-25 20:35:23.299	20301	20031	-73	-70	11
2014-12-25 20:35:23.312	20301	20031	-73	-97	11	2.38	21.45	2.486
2014-12-25 21:20:27.01	20301	20031	-73	-70	10	2.35	21.41	2.486
2014-12-25 21:45:20.374	20301	20031	-73	-70	10
2014-12-25 22:50:34.986	20301	20031	-73	-73	10	2.46	21.49	2.486
2014-12-25 23:15:28.83	20301	20031	-73	-70	10
2014-12-25 23:20:27.722	20301	20031	-73	-97	10	2.38	21.48	2.486
2014-12-25 23:35:21.37	20301	20031	-73	-97	10	2.32	21.48	2.486
2014-12-25 23:55:25.13	20301	20031	-73	-70	10
2014-12-26 01:05:22.535	20301	20031	-73	-70	10	2.17	21.43	2.486
2014-12-26 01:15:19.311	20301	20031	-73	-97	10
2014-12-26 01:45:18.398	20301	20031	-73	-73	10
2014-12-26 02:15:21.339	20301	20031	-73	-70	10
2014-12-26 02:20:16.459	20301	20031	-73	-97	11	1.85	21.38	2.486
2014-12-26 03:15:23.147	20301	20031	-73	-97	10
2014-12-26 03:35:20.522	20301	20031	-70	-70	10	1.85	21.38	2.486
2014-12-26 04:05:22.474	20301	20031	-73	-70	13	1.79	21.37	2.486
2014-12-26 04:15:18.746	20301	20031	-73	-97	14
2014-12-26 04:50:21.335	20301	20031	-73	-97	14	0.9	21.24	2.486
2014-12-26 08:35:19.882	20301	20031	-70	-70	10	1.14	21.26	2.481
2014-12-26 10:35:16.967	20301	20031	-73	-73	10
2014-12-26 12:35:21.419	20301	20031	-76	-73	10	11.02	23.04	2.481
2014-12-26 13:45:25.041	20301	20031	-73	-73	10
2014-12-26 13:50:22.006	20301	20031	-76	-97	14	10.6	22.45	2.486
2014-12-26 14:15:19.555	20301	20031	-73	-73	15
2014-12-26 21:20:21.698	20301	20031	-70	-70	10	3.04	21.66	2.486
2014-12-26 21:20:23.014	20301	20031	-70	-70	10	3.04	21.66	2.486
2014-12-26 21:50:15.695	20301	20031	-73	-70	10	3.21	21.61	2.486
2014-12-26 22:45:16.919	20301	20031	-73	-73	10
2014-12-26 22:50:17.635	20301	20031	-73	-97	10	2.11	21.53	2.486
2014-12-26 23:15:17.423	20301	20031	-73	-73	10
2014-12-26 23:20:21.614	20301	20031	-73	-97	10	1.79	21.51	2.486
2014-12-26 23:55:30.09	20301	20031	-73	-70	10
2014-12-27 00:05:16.53	20301	20031	-70	-97	11	1.86	21.45	2.486
2014-12-27 01:35:20.99	20301	20031	-70	-70	13	1.96	21.59	2.486
2014-12-27 01:50:19.45	20301	20031	-73	-70	16	1.81	21.55	2.486
2014-12-27 02:05:28.454	20301	20031	-73	-97	16	1.42	21.49	2.486
2014-12-27 05:55:14.387	20301	20031	-73	-70	10
2014-12-27 06:15:16.503	20301	20031	-70	-70	10
2014-12-27 06:35:19.127	20301	20031	-73	-70	10
2014-12-27 16:35:20.454	20301	20031	-73	-73	13
2014-12-27 17:45:25.038	20301	20031	-73	-97	11
2014-12-27 18:05:36.102	20301	20031	-73	-73	10	10.68	22.81	2.486
2014-12-27 18:15:16.495	20301	20031	-73	-97	10
2014-12-27 18:35:26.355	20301	20031	-73	-70	10	10.2	22.84	2.486
2014-12-27 18:50:15.707	20301	20031	-73	-97	10	10.13	22.77	2.486
2014-12-27 19:35:25.454	20301	20031	-73	-73	10	10.86	22.82	2.486
2014-12-27 19:50:21.451	20301	20031	-73	-97	14	10.82	22.89	2.486
2014-12-27 20:35:31.166	20301	20031	-73	-73	18	10.58	22.84	2.486
2014-12-27 20:50:20.534	20301	20031	-76	-97	18	10.56	22.8	2.486
2014-12-27 23:35:28.203	20301	20031	-73	-70	10	8.08	22.21	2.486
2014-12-28 01:45:28.627	20301	20031	-73	-70	13
2014-12-28 04:35:26.355	20301	20031	-73	-70	10
2014-12-28 04:35:26.506	20301	20031	-73	-97	10	6.86	22.2	2.486
2014-12-28 05:15:24.023	20301	20031	-73	-97	10
2014-12-28 08:20:21.662	20301	20031	-73	-70	10	3.0	21.59	2.486
2014-12-28 09:05:17.974	20301	20031	-73	-73	10	2.7	21.61	2.486
2014-12-28 10:05:17.851	20301	20031	-73	-73	10	2.61	21.64	2.486
2014-12-28 10:15:23.915	20301	20031	-73	-97	10
2014-12-28 10:20:24.198	20301	20031	-73	-97	10	2.56	21.7	2.486
2014-12-28 13:50:18.307	20301	20031	-73	-73	15	1.79	21.51	2.486
2014-12-28 17:05:15.063	20301	20031	-76	-97	10	1.96	21.52	2.486
2014-12-28 18:05:15.527	20301	20031	-73	-97	10	1.47	21.42	2.486
2014-12-28 22:35:12.838	20301	20031	-73	-73	10
2014-12-28 22:35:12.854	20301	20031	-73	-97	10	-0.36	21.09	2.481
2014-12-28 22:45:17.318	20301	20031	-73	-73	10
2014-12-28 22:50:19.671	20301	20031	-73	-97	10	-0.57	21.08	2.481
2014-12-29 00:35:15.598	20301	20031	-73	-70	17	-1.21	20.97	2.481
2014-12-29 00:45:17.97	20301	20031	-73	-97	17
2014-12-29 02:05:16.615	20301	20031	-73	-70	10	-0.53	21.15	2.481
2014-12-29 02:20:18.019	20301	20031	-73	-97	11	-0.53	21.15	2.481
2014-12-29 02:35:17.094	20301	20031	-73	-70	10
2014-12-29 02:35:17.11	20301	20031	-73	-97	10	-0.5	21.15	2.481
2014-12-29 03:50:13.643	20301	20031	-73	-70	10	-0.66	21.14	2.481
2014-12-29 04:35:18.143	20301	20031	-73	-97	10
2014-12-29 04:50:17.707	20301	20031	-73	-70	11	-1.03	21.08	2.481
2014-12-29 05:35:18.59	20301	20031	-73	-70	13	-1.56	20.94	2.481
2014-12-29 06:20:16.691	20301	20031	-73	-70	13	-2.71	20.8	2.481
2014-12-29 08:20:17.255	20301	20031	-73	-70	10	-4.14	20.5	2.481
2014-12-29 09:05:22.395	20301	20031	-73	-70	10	-3.2	21.04	2.481
2014-12-29 09:20:20.795	20301	20031	-73	-70	10	-2.29	21.45	2.481
2014-12-29 09:35:15.127	20301	20031	-73	-73	10	-1.42	21.61	2.481
2014-12-29 10:50:20.53	20301	20031	-73	-97	10	2.79	22.96	2.481
2014-12-29 11:35:24.079	20301	20031	-73	-73	13	4.61	22.6	2.481
2014-12-29 13:55:18.399	20301	20031	-73	-70	10
2014-12-29 14:05:22.694	20301	20031	-73	-70	10	2.74	21.99	2.481
2014-12-29 15:20:17.746	20301	20031	-73	-70	10	1.35	21.69	2.481
2014-12-29 18:05:22.702	20301	20031	-73	-97	10	-0.92	21.19	2.475
2014-12-29 19:15:17.959	20301	20031	-73	-73	10
2014-12-29 19:15:18.055	20301	20031	-73	-97	10
2014-12-29 20:20:14.25	20301	20031	-73	-73	10	-1.89	20.99	2.481
2014-12-29 23:15:16.567	20301	20031	-73	-70	10
2014-12-29 23:35:17.714	20301	20031	-73	-97	10	-4.46	20.62	2.475
2014-12-30 00:05:21.835	20301	20031	-73	-70	13	-4.88	20.52	2.475
2014-12-30 05:55:18.51	20301	20031	-67	-64	17
2014-12-30 06:45:17.506	20301	20031	-67	-67	26
2014-12-30 11:45:10.722	20301	20031	-76	-73	22
2014-12-30 18:35:22.294	20301	20031	-73	-70	10	-3.53	20.68	2.47
2014-12-30 19:05:16.618	20301	20031	-73	-73	10	-3.68	20.74	2.475
2014-12-30 19:15:17.042	20301	20031	-73	-97	10
2014-12-30 20:20:18.375	20301	20031	-73	-73	10	-4.43	20.58	2.475
2014-12-30 20:35:20.826	20301	20031	-73	-97	10	-4.38	20.66	2.47
2014-12-30 20:50:17.402	20301	20031	-73	-97	10	-4.43	20.69	2.475
2014-12-30 21:15:16.034	20301	20031	-73	-70	10
2014-12-30 21:20:18.887	20301	20031	-76	-97	10	-4.42	20.69	2.475
2014-12-30 22:15:15.01	20301	20031	-73	-73	10
2014-12-30 22:50:18.486	20301	20031	-67	-64	10	-6.03	20.51	2.475
2014-12-31 01:50:19.658	20301	20031	-67	-67	12	-7.21	20.23	2.47
2014-12-31 03:45:15.135	20301	20031	-67	-97	11
2014-12-31 06:20:25.978	20301	20031	-67	-97	10	-7.14	20.24	2.47
2014-12-31 07:50:17.758	20301	20031	-67	-67	10	-7.96	20.12	2.47
2014-12-31 10:35:22.207	20301	20031	-67	-67	10	-5.36	21.72	2.464
2014-12-31 21:20:17.443	20301	20031	-67	-97	11	-7.07	20.24	2.47
2014-12-31 22:35:14.159	20301	20031	-67	-67	10	-6.84	20.26	2.464
2014-12-31 22:45:27.083	20301	20031	-67	-97	10
2014-12-31 23:15:13.858	20301	20031	-70	-67	10
2014-12-31 23:20:22.418	20301	20031	-67	-97	10	-6.93	20.25	2.47
2015-01-01 00:35:47.634	20301	20031	-67	-97	10
2015-01-01 03:05:27.023	20301	20031	-67	-67	10	-7.18	20.24	2.47
2015-01-01 03:15:15.155	20301	20031	-67	-67	10
2015-01-01 03:15:19.606	20301	20031	-67	-97	10
2015-01-01 03:20:22.819	20301	20031	-67	-67	10	-7.11	20.21	2.464
2015-01-01 06:05:17.187	20301	20031	-67	-67	10	-7.43	20.15	2.464
2015-01-01 06:45:13.23	20301	20031	-67	-67	10
2015-01-01 08:35:13.218	20301	20031	-70	-67	10
2015-01-01 12:20:22.246	20301	20031	-76	-73	10	1.7	21.85	2.464
2015-01-01 12:35:21.327	20301	20031	-76	-82	10	1.74	21.58	2.464
2015-01-01 16:50:17.39	20301	20031	-73	-73	10	0.11	21.33	2.47
2015-01-01 18:35:14.862	20301	20031	-76	-97	11
2015-01-01 18:45:14.935	20301	20031	-73	-73	10
2015-01-01 18:45:18.839	20301	20031	-73	-73	10
2015-01-01 18:45:19.21	20301	20031	-73	-73	10
2015-01-01 18:45:20.235	20301	20031	-73	-73	10
2015-01-01 19:35:14.839	20301	20031	-76	-73	11	-1.53	21.08	2.47
2015-01-01 19:50:16.207	20301	20031	-76	-97	11	-1.67	21.07	2.47
2015-01-01 20:35:12.911	20301	20031	-73	-97	11	-1.71	21.04	2.464
2015-01-01 21:15:14.859	20301	20031	-76	-97	19
2015-01-01 21:45:14.331	20301	20031	-76	-73	20
2015-01-01 21:55:23.387	20301	20031	-76	-97	20
2015-01-02 03:15:12.942	20301	20031	-70	-70	16
2015-01-02 03:20:14.622	20301	20031	-70	-97	16	-2.32	20.96	2.47
2015-01-02 06:20:14.395	20301	20031	-70	-70	14	-2.84	20.93	2.464
2015-01-02 07:35:14.002	20301	20031	-70	-97	13	-3.32	20.83	2.464
2015-01-02 11:55:17.434	20301	20031	-76	-97	10
2015-01-02 16:35:14.623	20301	20031	-76	-73	10
2015-01-02 16:35:14.642	20301	20031	-73	-97	10	1.35	21.62	2.464
2015-01-02 18:35:16.175	20301	20031	-73	-73	10
2015-01-02 18:35:16.198	20301	20031	-73	-97	11	-2.93	21.03	2.464
2015-01-02 20:35:19.243	20301	20031	-73	-73	10	-3.66	20.91	2.464
2015-01-02 21:15:15.967	20301	20031	-73	-73	10
2015-01-02 22:35:12.602	20301	20031	-73	-70	16
2015-01-02 22:45:13.15	20301	20031	-73	-97	16
2015-01-02 23:05:24.559	20301	20031	-73	-73	16	-4.07	20.81	2.47
2015-01-02 23:15:13.142	20301	20031	-73	-97	16
2015-01-02 23:45:13.675	20301	20031	-73	-97	16
2015-01-02 23:50:14.379	20301	20031	-73	-97	16	-4.1	20.85	2.47
2015-01-03 00:05:16.103	20301	20031	-76	-97	16	-4.18	20.84	2.47
2015-01-03 05:50:14.711	20301	20031	-73	-70	14	-2.36	21.1	2.47
2015-01-03 05:55:19.987	20301	20031	-73	-73	14
2015-01-03 06:35:10.499	20301	20031	-73	-73	15	-1.75	21.17	2.464
2015-01-03 07:05:19.878	20301	20031	-73	-97	14	-1.61	21.15	2.464
2015-01-03 07:15:13.41	20301	20031	-73	-97	14
2015-01-03 13:50:19.706	20301	20031	-73	-97	10	2.89	21.86	2.464
2015-01-03 13:55:12.986	20301	20031	-73	-97	11
2015-01-03 14:50:22.698	20301	20031	-76	-73	11	3.33	21.89	2.464
2015-01-03 15:15:13.983	20301	20031	-76	-73	10
2015-01-03 15:15:14.058	20301	20031	-73	-97	10
2015-01-03 15:20:13.646	20301	20031	-73	-97	10	3.71	21.92	2.464
2015-01-03 15:35:10.134	20301	20031	-73	-73	11	3.93	21.97	2.464
2015-01-03 15:45:13.05	20301	20031	-73	-97	11
2015-01-03 15:50:14.603	20301	20031	-73	-97	11	4.07	22.01	2.464
2015-01-03 15:55:15.991	20301	20031	-73	-97	14
2015-01-03 16:15:14.03	20301	20031	-73	-97	14
2015-01-03 16:20:11.57	20301	20031	-73	-97	15	4.2	22.02	2.464
2015-01-03 16:35:14.167	20301	20031	-73	-97	15
2015-01-03 16:35:29.339	20301	20031	-73	-97	15	4.25	22.09	2.464
2015-01-03 17:05:11.675	20301	20031	-73	-70	15	4.25	22.09	2.464
2015-01-03 18:05:12.563	20301	20031	-73	-73	11	4.24	22.13	2.47
2015-01-03 19:20:21.71	20301	20031	-73	-73	10	4.5	22.11	2.47
2015-01-04 01:15:12.478	20301	20031	-73	-73	10
2015-01-04 01:15:12.546	20301	20031	-73	-97	10
2015-01-04 01:35:17.939	20301	20031	-73	-73	10	10.1	23.08	2.47
2015-01-04 01:50:13.319	20301	20031	-76	-97	10	10.21	23.06	2.47
2015-01-04 01:50:16.95	20301	20031	-76	-97	10	10.21	23.06	2.47
2015-01-04 01:50:17.183	20301	20031	-76	-97	10	10.21	23.06	2.47
2015-01-04 02:20:14.338	20301	20031	-76	-97	10	10.58	23.08	2.47
2015-01-04 03:15:18.71	20301	20031	-76	-73	10
2015-01-04 03:15:18.723	20301	20031	-76	-97	10
2015-01-04 04:05:11.475	20301	20031	-76	-73	10	11.52	23.11	2.47
2015-01-04 04:20:15.284	20301	20031	-76	-73	10	11.65	23.16	2.47
2015-01-04 04:35:09.526	20301	20031	-76	-73	10
2015-01-04 04:45:11.294	20301	20031	-73	-73	10
2015-01-04 05:05:09.666	20301	20031	-76	-76	11	11.96	23.25	2.47
2015-01-04 05:15:13.554	20301	20031	-76	-97	11
2015-01-04 05:15:13.571	20301	20031	-76	-97	12
2015-01-04 06:20:14.15	20301	20031	-76	-73	31	11.97	23.32	2.475
2015-01-04 07:35:12.298	20301	20031	-76	-73	31	11.86	23.24	2.475
2015-01-04 17:15:14.411	20301	20031	-73	-73	19
2015-01-04 19:15:18.327	20301	20031	-76	-76	15
2015-01-04 19:35:31.855	20301	20031	-73	-76	14	3.1	22.08	2.481
2015-01-04 21:35:17.127	20301	20031	-76	-70	10	0.82	21.69	2.475
2015-01-04 22:05:10.954	20301	20031	-73	-97	10	0.71	21.72	2.475
2015-01-04 22:20:23.242	20301	20031	-73	-97	10	0.71	21.79	2.475
2015-01-04 23:20:12.65	20301	20031	-76	-73	10	0.36	21.76	2.475
2015-01-05 00:45:07.447	20301	20031	-73	-73	10
2015-01-05 01:05:15.178	20301	20031	-73	-73	10	-1.41	21.51	2.475
2015-01-05 01:05:20.507	20301	20031	-73	-73	10	-1.41	21.51	2.475
2015-01-05 03:15:12.879	20301	20031	-70	-67	10
2015-01-05 04:20:12.283	20301	20031	-70	-67	10	-3.53	21.23	2.475
2015-01-05 04:50:08.502	20301	20031	-70	-67	10	-3.88	21.14	2.475
2015-01-05 05:50:11.123	20301	20031	-70	-67	10	-4.71	21.05	2.475
2015-01-05 06:45:13.939	20301	20031	-70	-97	14
2015-01-05 11:15:16.867	20301	20031	-70	-67	10
2015-01-05 16:05:08.599	20301	20031	-70	-67	11	-7.98	20.46	2.47
2015-01-05 16:35:06.638	20301	20031	-67	-67	11
2015-01-05 17:05:13.33	20301	20031	-70	-97	10	-9.44	20.16	2.47
2015-01-05 17:20:10.73	20301	20031	-67	-67	10	-9.69	20.07	2.47
2015-01-05 17:35:10.712	20301	20031	-70	-97	11	-9.86	20.06	2.47
2015-01-05 17:45:09.683	20301	20031	-70	-97	11
2015-01-05 17:50:16.795	20301	20031	-70	-97	11	-10.0	20.05	2.47
2015-01-05 18:05:14.742	20301	20031	-67	-97	11	-10.06	20.05	2.47
2015-01-05 19:05:12.39	20301	20031	-70	-67	11	-10.34	19.96	2.47
2015-01-05 19:15:09.715	20301	20031	-70	-67	11
2015-01-06 07:20:12.138	20301	20031	-67	-67	10	-10.4	20.03	2.464
2015-01-06 07:50:08.788	20301	20031	-67	-67	10	-10.3	20.03	2.464
2015-01-06 07:55:12.594	20301	20031	-67	-97	10
2015-01-06 09:35:24.179	20301	20031	-70	-67	11	-8.56	20.15	2.464
2015-01-06 19:15:11.794	20301	20031	-67	-67	10
2015-01-06 19:15:11.814	20301	20031	-67	-97	38
2015-01-07 13:55:17.951	20301	20031	-70	-70	14
2015-01-07 19:15:14.839	20301	20031	-70	-70	10
2015-01-07 19:15:21.443	20301	20031	-70	-97	11
2015-01-07 20:35:11.046	20301	20031	-70	-97	10	-16.0	19.1	2.454
2015-01-07 20:35:18.138	20301	20031	-70	-67	10
2015-01-07 21:15:14.562	20301	20031	-70	-70	10
2015-01-07 21:20:17.927	20301	20031	-70	-97	10	-16.14	19.12	2.454
2015-01-07 21:45:13.627	20301	20031	-70	-67	14
2015-01-08 01:15:11.028	20301	20031	-70	-67	16
2015-01-08 01:55:11.647	20301	20031	-70	-70	15
2015-01-08 02:15:22.103	20301	20031	-70	-70	15
2015-01-08 04:05:12.147	20301	20031	-70	-67	11	-18.33	18.75	2.454
2015-01-08 04:15:17.315	20301	20031	-70	-97	11
2015-01-08 08:15:13.567	20301	20031	-70	-97	10
2015-01-08 09:35:14.843	20301	20031	-70	-67	10	-16.84	19.15	2.448
2015-01-08 10:15:11.894	20301	20031	-70	-67	10
2015-01-08 10:35:13.95	20301	20031	-70	-67	10	-13.18	19.78	2.443
2015-01-08 10:45:13.946	20301	20031	-70	-97	10
2015-01-08 10:50:21.318	20301	20031	-70	-97	10	-11.97	19.93	2.448
2015-01-08 12:20:17.242	20301	20031	-70	-70	10	-7.55	19.63	2.448
2015-01-08 17:15:13.303	20301	20031	-70	-67	10
2015-01-08 17:20:20.85	20301	20031	-70	-67	10	-12.66	19.61	2.448
2015-01-08 17:45:20.399	20301	20031	-70	-67	10
2015-01-08 17:50:13.986	20301	20031	-70	-97	11	-12.86	19.57	2.448
2015-01-08 18:05:16.367	20301	20031	-70	-97	12	-12.86	19.6	2.448
2015-01-08 18:45:12.374	20301	20031	-67	-67	11
2015-01-08 18:50:21.466	20301	20031	-70	-97	11	-12.72	19.61	2.448
2015-01-08 19:05:14.407	20301	20031	-70	-97	11	-12.68	19.61	2.448
2015-01-08 19:50:13.075	20301	20031	-70	-67	15	-12.36	19.7	2.448
2015-01-08 20:50:20.038	20301	20031	-70	-97	14	-11.78	19.74	2.448
2015-01-08 23:55:23.314	20301	20031	-67	-67	13
2015-01-09 01:15:18.662	20301	20031	-70	-70	12
2015-01-09 01:20:21.366	20301	20031	-70	-97	12	-7.57	20.35	2.448
2015-01-09 02:35:18.731	20301	20031	-70	-67	10	-7.43	20.46	2.443
2015-01-09 03:15:16.714	20301	20031	-67	-97	10
2015-01-09 03:50:22.99	20301	20031	-70	-64	14	-8.19	20.37	2.448
2015-01-09 03:55:14.382	20301	20031	-67	-97	13
2015-01-09 04:15:15.727	20301	20031	-70	-67	14
2015-01-09 04:20:19.85	20301	20031	-70	-97	14	-8.4	20.36	2.448
2015-01-09 04:35:13.727	20301	20031	-67	-67	13	-8.44	20.36	2.443
2015-01-09 05:45:12.738	20301	20031	-70	-67	10
2015-01-09 06:20:16.334	20301	20031	-70	-67	10	-8.02	20.39	2.448
2015-01-09 07:15:22.835	20301	20031	-70	-67	10
2015-01-09 07:20:19.811	20301	20031	-67	-97	10	-7.71	20.44	2.448
2015-01-09 13:35:13.106	20301	20031	-70	-97	11	-4.2	20.7	2.448
2015-01-09 13:50:22.114	20301	20031	-70	-67	10	-5.16	20.71	2.448
2015-01-09 14:35:12.558	20301	20031	-70	-67	10
2015-01-09 16:05:14.314	20301	20031	-70	-97	10	-7.03	20.45	2.448
2015-01-09 16:15:21.514	20301	20031	-70	-67	10
2015-01-09 16:20:13.531	20301	20031	-67	-97	10	-7.5	20.32	2.448
2015-01-09 16:45:14.799	20301	20031	-70	-97	10
2015-01-09 16:50:15.462	20301	20031	-70	-97	10	-8.86	20.26	2.448
2015-01-09 17:15:26.034	20301	20031	-70	-67	10
2015-01-09 17:15:26.379	20301	20031	-70	-97	14
2015-01-09 17:15:27.154	20301	20031	-70	-97	14
2015-01-09 21:15:12.947	20301	20031	-70	-67	10
2015-01-09 21:35:20.114	20301	20031	-70	-67	10	-13.23	19.64	2.448
2015-01-09 21:50:16.655	20301	20031	-70	-67	10	-13.56	19.62	2.448
2015-01-09 22:45:20.411	20301	20031	-70	-67	10
2015-01-10 00:05:18.886	20301	20031	-70	-97	10	-15.6	19.29	2.448
2015-01-10 01:55:22.087	20301	20031	-70	-67	10
2015-01-10 06:20:15.147	20301	20031	-70	-67	10	-18.78	18.69	2.448
2015-01-10 07:45:21.771	20301	20031	-70	-67	10
2015-01-10 07:50:18.359	20301	20031	-70	-67	11	-18.82	18.69	2.443
2015-01-10 07:55:22.786	20301	20031	-70	-97	11
2015-01-10 11:05:17.41	20301	20031	-70	-67	11	-8.94	20.53	2.443
2015-01-10 11:45:15.182	20301	20031	-70	-97	14
2015-01-10 13:15:17.334	20301	20031	-70	-67	28
2015-01-10 14:20:15.979	20301	20031	-70	-70	34	-5.06	19.62	2.448
2015-01-10 14:35:19.679	20301	20031	-70	-97	33
2015-01-10 17:20:17.499	20301	20031	-70	-67	36	-10.28	19.97	2.448
2015-01-10 17:45:16.554	20301	20031	-67	-67	33
2015-01-10 19:50:15.531	20301	20031	-70	-67	22	-11.74	19.87	2.448
2015-01-10 19:55:14.934	20301	20031	-67	-97	21
2015-01-10 20:05:14.098	20301	20031	-70	-67	21	-12.0	19.86	2.448
2015-01-10 20:35:12.954	20301	20031	-70	-67	21
2015-01-10 20:35:12.979	20301	20031	-67	-97	21	-11.98	19.79	2.443
2015-01-10 20:50:21.414	20301	20031	-67	-97	19	-11.62	19.75	2.448
2015-01-10 21:05:17.146	20301	20031	-70	-67	18	-11.52	19.85	2.443
2015-01-10 21:15:15.646	20301	20031	-67	-97	18
2015-01-10 21:20:14.574	20301	20031	-67	-97	17	-11.68	19.88	2.448
2015-01-10 22:50:20.611	20301	20031	-70	-67	21	-13.24	19.61	2.448
2015-01-11 10:35:16.646	20301	20031	-67	-67	19
2015-01-11 10:35:16.674	20301	20031	-70	-97	19	-1.79	21.0	2.443
2015-01-11 12:35:17.818	20301	20031	-70	-70	13
2015-01-11 13:15:20.802	20301	20031	-76	-73	12
2015-01-11 13:55:15.783	20301	20031	-76	-76	12
2015-01-11 14:35:19.987	20301	20031	-76	-73	11
2015-01-11 14:35:20.003	20301	20031	-73	-97	11	3.24	21.95	2.448
2015-01-11 14:50:15.951	20301	20031	-76	-97	10	3.06	21.94	2.448
2015-01-11 15:15:17.659	20301	20031	-73	-73	10
2015-01-11 15:35:14.903	20301	20031	-76	-76	14	2.49	21.97	2.448
2015-01-11 15:55:23.719	20301	20031	-76	-97	17
2015-01-11 16:15:19.395	20301	20031	-76	-73	17
2015-01-11 16:20:21.303	20301	20031	-76	-73	17	1.89	21.93	2.454
2015-01-11 17:05:15.626	20301	20031	-73	-97	12	1.79	21.93	2.448
2015-01-11 17:45:16.566	20301	20031	-76	-97	11
2015-01-11 17:50:19.874	20301	20031	-76	-97	11	1.28	22.03	2.448
2015-01-11 17:55:19.146	20301	20031	-76	-97	11
2015-01-11 18:45:26.183	20301	20031	-76	-73	10
2015-01-12 08:15:20.279	20301	20031	-73	-73	18
2015-01-12 09:50:22.579	20301	20031	-76	-73	17	1.15	21.95	2.454
2015-01-12 10:50:13.426	20301	20031	-73	-73	11	1.78	22.0	2.454
2015-01-12 12:15:14.13	20301	20031	-76	-73	10
2015-01-12 13:20:28.863	20301	20031	-76	-97	10	1.17	21.89	2.454
2015-01-12 13:50:23.682	20301	20031	-73	-97	16	1.35	21.9	2.454
2015-01-12 18:15:15.767	20301	20031	-76	-97	16
2015-01-12 18:35:29.203	20301	20031	-76	-73	12	-1.25	21.65	2.448
2015-01-12 18:45:17.118	20301	20031	-76	-97	12
2015-01-12 19:20:20.551	20301	20031	-76	-97	10	-1.53	21.64	2.454
2015-01-12 19:55:16.094	20301	20031	-76	-97	10
2015-01-12 20:05:14.967	20301	20031	-76	-97	10	-1.93	21.61	2.454
2015-01-12 20:15:16.907	20301	20031	-76	-97	10
2015-01-12 21:15:22.915	20301	20031	-76	-73	13
2015-01-13 02:35:30.126	20301	20031	-73	-73	12	-6.28	20.84	2.448
2015-01-13 03:05:14.99	20301	20031	-70	-70	10	-7.1	20.72	2.454
2015-01-13 03:35:15.622	20301	20031	-73	-70	10	-7.78	20.61	2.454
2015-01-13 03:55:24.186	20301	20031	-73	-97	17
2015-01-13 08:45:20.802	20301	20031	-70	-67	10
2015-01-13 09:05:15.79	20301	20031	-70	-97	10	-11.02	20.33	2.448
2015-01-13 09:15:17.727	20301	20031	-70	-97	10
2015-01-13 09:15:17.75	20301	20031	-70	-97	11
2015-01-13 09:35:19.699	20301	20031	-70	-97	12	-9.9	20.74	2.448
2015-01-13 12:15:12.45	20301	20031	-73	-73	13
2015-01-13 12:35:14.075	20301	20031	-76	-97	13
2015-01-13 12:35:14.302	20301	20031	-76	-97	13	1.74	21.85	2.448
2015-01-13 12:50:13.206	20301	20031	-76	-73	13	1.2	21.89	2.448
2015-01-13 13:20:17.967	20301	20031	-76	-73	13	1.92	21.24	2.448
2015-01-13 13:35:14.867	20301	20031	-73	-97	13	1.11	21.29	2.448
2015-01-13 13:50:18.471	20301	20031	-73	-97	12	0.6	21.09	2.448
2015-01-13 14:05:16.459	20301	20031	-73	-70	12	-0.25	21.06	2.448
2015-01-13 14:45:11.494	20301	20031	-73	-73	15
2015-01-13 14:50:14.67	20301	20031	-73	-97	15	-0.46	20.67	2.448
2015-01-13 15:05:14.891	20301	20031	-73	-97	15	-0.82	20.72	2.448
2015-01-13 15:15:14.074	20301	20031	-73	-97	15
2015-01-13 15:20:12.706	20301	20031	-73	-97	15	-1.39	20.89	2.448
2015-01-13 15:35:12.12	20301	20031	-70	-97	17	-1.79	20.93	2.454
2015-01-13 15:45:15.759	20301	20031	-73	-97	17
2015-01-13 15:50:18.694	20301	20031	-73	-97	19	-2.06	20.91	2.454
2015-01-13 16:35:15.202	20301	20031	-70	-70	19
2015-01-13 17:55:13.886	20301	20031	-70	-70	17
2015-01-13 19:05:25.967	20301	20031	-70	-70	16	-9.06	20.11	2.448
2015-01-13 21:15:13.847	20301	20031	-70	-70	17
2015-01-13 21:15:13.878	20301	20031	-70	-97	17
2015-01-13 21:35:20.986	20301	20031	-70	-97	16	-9.6	20.08	2.448
2015-01-13 23:35:13.96	20301	20031	-70	-70	19	-9.65	20.11	2.448
2015-01-14 00:05:25.098	20301	20031	-70	-70	18	-9.9	20.06	2.448
2015-01-14 00:45:20.551	20301	20031	-70	-97	18
2015-01-14 01:15:15.438	20301	20031	-70	-70	19
2015-01-14 01:20:14.006	20301	20031	-70	-97	19	-9.98	20.06	2.448
2015-01-14 01:35:20.122	20301	20031	-70	-70	18	-10.02	20.05	2.448
2015-01-14 01:50:18.65	20301	20031	-70	-97	18	-10.08	20.05	2.448
2015-01-14 01:55:26.823	20301	20031	-70	-97	18
2015-01-14 02:05:20.715	20301	20031	-70	-67	16	-10.24	20.04	2.448
2015-01-14 04:15:12.718	20301	20031	-70	-67	11
2015-01-14 04:35:14.143	20301	20031	-70	-97	11
2015-01-14 05:05:14.899	20301	20031	-70	-97	12	-12.14	19.71	2.443
2015-01-14 05:15:13.067	20301	20031	-70	-97	12
2015-01-14 05:15:13.162	20301	20031	-70	-97	13
2015-01-14 05:35:14.266	20301	20031	-70	-70	13	-12.54	19.65	2.448
2015-01-14 06:15:15.066	20301	20031	-70	-67	12
2015-01-14 06:35:16.934	20301	20031	-70	-97	12
2015-01-14 06:35:18.951	20301	20031	-70	-97	12	-13.1	19.52	2.443
2015-01-14 06:45:16.183	20301	20031	-70	-97	12
2015-01-14 07:20:19.687	20301	20031	-70	-67	10	-13.08	19.52	2.443
2015-01-14 10:05:23.459	20301	20031	-70	-97	10	-7.5	20.39	2.443
2015-01-14 10:15:14.311	20301	20031	-70	-97	12
2015-01-14 16:15:19.307	20301	20031	-70	-67	14
2015-01-14 17:55:18.051	20301	20031	-70	-70	12
2015-01-14 18:20:18.435	20301	20031	-70	-70	15	-5.43	20.9	2.443
2015-01-14 18:35:24.387	20301	20031	-70	-97	15	-5.52	20.89	2.443
2015-01-14 23:45:18.05	20301	20031	-70	-97	10
2015-01-14 23:50:19.783	20301	20031	-70	-97	10	-7.92	20.46	2.443
2015-01-15 00:15:19.031	20301	20031	-70	-67	14
2015-01-15 00:20:16.339	20301	20031	-70	-97	14	-7.74	20.54	2.443
2015-01-15 00:35:19.275	20301	20031	-70	-70	14
2015-01-15 00:35:19.526	20301	20031	-70	-97	17	-7.78	20.54	2.443
2015-01-15 00:45:13.151	20301	20031	-70	-97	17
2015-01-15 00:50:16.779	20301	20031	-70	-97	17	-7.86	20.5	2.443
2015-01-15 01:05:13.059	20301	20031	-70	-67	16	-7.85	20.53	2.443
2015-01-15 01:15:18.139	20301	20031	-70	-97	16
2015-01-15 01:15:18.182	20301	20031	-70	-97	15
2015-01-15 01:20:19.314	20301	20031	-70	-97	15	-7.74	20.54	2.448
2015-01-15 01:35:15.511	20301	20031	-70	-67	15	-7.66	20.55	2.443
2015-01-15 01:45:18.332	20301	20031	-70	-97	15
2015-01-15 02:05:19.031	20301	20031	-70	-70	14	-7.62	20.58	2.443
2015-01-15 02:20:15.318	20301	20031	-70	-97	14	-7.71	20.61	2.443
2015-01-15 05:55:14.986	20301	20031	-70	-67	11
2015-01-15 07:50:16.275	20301	20031	-70	-67	10	-8.78	20.34	2.443
2015-01-15 07:55:13.678	20301	20031	-70	-67	10
2015-01-15 08:35:13.975	20301	20031	-70	-67	10
2015-01-15 09:05:15.171	20301	20031	-70	-67	10	-6.84	20.74	2.443
2015-01-15 09:45:16.606	20301	20031	-70	-70	10
2015-01-15 09:50:17.222	20301	20031	-70	-97	10	-5.03	21.2	2.443
2015-01-15 10:05:19.21	20301	20031	-70	-97	14	-4.5	21.27	2.443
2015-01-15 10:15:12.963	20301	20031	-70	-70	17
2015-01-15 10:35:14.002	20301	20031	-70	-97	17
2015-01-15 11:15:13.458	20301	20031	-73	-73	13
2015-01-15 11:20:26.519	20301	20031	-70	-97	13	-0.96	21.6	2.443
2015-01-15 11:35:14.442	20301	20031	-76	-70	14	0.28	21.76	2.443
2015-01-15 13:20:19.16	20301	20031	-79	-76	11	3.64	21.49	2.443
2015-01-15 17:15:20.055	20301	20031	-82	-82	10
2015-01-15 18:35:20.159	20301	20031	-79	-79	13	-3.63	21.15	2.443
2015-01-15 20:20:15.397	20301	20031	-82	-79	28	-3.96	21.13	2.443
2015-01-15 20:35:16.143	20301	20031	-79	-97	28
2015-01-15 20:35:16.158	20301	20031	-79	-97	27	-3.89	21.13	2.443
2015-01-15 20:50:18.863	20301	20031	-82	-79	27	-3.74	21.08	2.443
2015-01-15 23:50:13.722	20301	20031	-82	-79	24	-2.7	21.42	2.443
2015-01-16 00:15:21.642	20301	20031	-79	-97	22
2015-01-16 02:35:12.995	20301	20031	-82	-97	23
2015-01-16 02:35:13.005	20301	20031	-82	-97	23	-3.02	21.26	2.443
2015-01-16 02:45:20.071	20301	20031	-73	-97	23
2015-01-16 03:15:21.071	20301	20031	-70	-76	21
2015-01-16 03:55:15.651	20301	20031	-70	-70	37
2015-01-16 05:55:17.706	20301	20031	-73	-70	34
2015-01-16 06:15:14.959	20301	20031	-73	-97	34
2015-01-16 06:50:15.432	20301	20031	-70	-70	31	-3.2	21.32	2.443
2015-01-16 07:15:14.942	20301	20031	-70	-70	31
2015-01-16 07:35:14.018	20301	20031	-73	-70	31	-3.14	21.32	2.443
2015-01-16 07:55:14.682	20301	20031	-70	-70	28
2015-01-16 08:15:11.895	20301	20031	-70	-70	26
2015-01-16 08:20:16.93	20301	20031	-70	-97	26	-3.1	21.36	2.443
2015-01-16 08:35:11.871	20301	20031	-73	-97	25
2015-01-16 08:35:17.954	20301	20031	-73	-97	25	-3.03	21.33	2.443
2015-01-16 08:45:11.894	20301	20031	-73	-70	25
2015-01-16 08:50:17.927	20301	20031	-73	-97	25	-2.93	21.37	2.443
2015-01-16 09:05:12.899	20301	20031	-70	-97	24	-2.78	21.38	2.443
2015-01-16 09:15:11.863	20301	20031	-70	-97	24
2015-01-16 09:15:11.879	20301	20031	-70	-97	24
2015-01-16 09:20:14.651	20301	20031	-70	-97	20	-2.52	21.43	2.443
2015-01-16 09:45:12.89	20301	20031	-70	-97	19
2015-01-16 09:50:27.639	20301	20031	-70	-97	19	-1.49	21.53	2.443
2015-01-16 10:15:14.878	20301	20031	-73	-97	28
2015-01-16 10:45:16.143	20301	20031	-70	-97	28
2015-01-16 13:20:15.194	20301	20031	-79	-76	10	0.96	21.94	2.443
2015-01-16 13:45:16.215	20301	20031	-79	-79	10
2015-01-16 14:35:13.163	20301	20031	-79	-76	10
2015-01-16 14:35:13.182	20301	20031	-76	-97	10	0.46	21.94	2.443
2015-01-16 14:45:20.894	20301	20031	-76	-97	10
2015-01-16 20:35:18.546	20301	20031	-79	-76	10
2015-01-16 20:35:18.559	20301	20031	-79	-97	10	-5.09	21.12	2.443
2015-01-16 20:50:13.486	20301	20031	-79	-79	10	-5.25	21.08	2.443
2015-01-16 21:15:12.502	20301	20031	-73	-97	10
2015-01-16 21:20:15.594	20301	20031	-73	-97	10	-5.5	21.03	2.448
2015-01-16 21:35:16.51	20301	20031	-73	-97	11	-5.6	20.99	2.448
2015-01-16 21:45:12.496	20301	20031	-70	-97	11
2015-01-16 22:45:15.507	20301	20031	-73	-70	27
2015-01-16 23:50:16.139	20301	20031	-70	-67	25	-6.98	20.73	2.443
2015-01-17 00:05:15.51	20301	20031	-70	-97	25	-6.96	20.73	2.443
2015-01-17 00:20:15.516	20301	20031	-70	-67	25	-7.14	20.72	2.443
2015-01-17 00:35:14.562	20301	20031	-70	-97	25
2015-01-17 00:35:14.578	20301	20031	-70	-97	25	-7.53	20.62	2.443
2015-01-17 00:45:14.487	20301	20031	-70	-97	23
2015-01-17 00:50:12.511	20301	20031	-70	-97	23	-7.87	20.53	2.443
2015-01-17 01:05:13.466	20301	20031	-70	-67	21	-8.22	20.51	2.443
2015-01-17 01:15:12.493	20301	20031	-70	-67	19
2015-01-17 01:15:12.507	20301	20031	-70	-97	19
2015-01-17 01:20:16.831	20301	20031	-70	-97	18	-8.53	20.42	2.443
2015-01-17 01:35:16.542	20301	20031	-70	-97	21	-8.8	20.4	2.443
2015-01-17 01:45:14.507	20301	20031	-70	-97	21
2015-01-17 01:55:13.758	20301	20031	-70	-97	23
2015-01-17 02:05:14.543	20301	20031	-70	-97	22	-9.19	20.31	2.443
2015-01-17 02:15:14.515	20301	20031	-70	-97	21
2015-01-17 02:20:14.582	20301	20031	-70	-97	20	-9.38	20.23	2.443
2015-01-17 02:35:13.551	20301	20031	-70	-97	35
2015-01-17 02:35:13.57	20301	20031	-70	-97	35	-9.53	20.15	2.443
2015-01-17 02:50:14.503	20301	20031	-70	-67	32	-9.78	20.17	2.443
2015-01-17 03:05:15.594	20301	20031	-70	-97	30	-9.92	20.13	2.443
2015-01-17 03:15:13.542	20301	20031	-70	-97	32
2015-01-17 03:45:15.566	20301	20031	-70	-67	32
2015-01-17 04:15:14.562	20301	20031	-70	-97	29
2015-01-17 04:20:16.663	20301	20031	-70	-67	27	-10.19	20.11	2.443
2015-01-17 04:35:18.587	20301	20031	-67	-97	29
2015-01-17 04:35:18.603	20301	20031	-67	-97	29	-10.14	20.08	2.438
2015-01-17 05:55:13.283	20301	20031	-67	-67	34
2015-01-17 16:05:20.467	20301	20031	-79	-82	10	9.46	23.22	2.448
2015-01-17 16:15:31.738	20301	20031	-82	-97	11
2015-01-17 17:05:14.075	20301	20031	-82	-79	10	7.11	23.12	2.448
2015-01-17 17:55:16.89	20301	20031	-82	-97	10
2015-01-17 18:05:15.83	20301	20031	-82	-97	10	5.38	22.69	2.448
2015-01-17 19:05:16.279	20301	20031	-82	-79	10	4.21	22.68	2.448
2015-01-17 20:45:22.235	20301	20031	-79	-97	10
2015-01-17 21:05:13.578	20301	20031	-82	-82	10	2.7	22.33	2.448
2015-01-17 21:15:14.45	20301	20031	-82	-79	10
2015-01-17 23:55:17.235	20301	20031	-82	-82	32
2015-01-18 00:15:12.304	20301	20031	-82	-79	32
2015-01-18 01:15:12.259	20301	20031	-82	-79	29
2015-01-18 01:20:12.79	20301	20031	-82	-97	29	3.85	22.48	2.448
2015-01-18 01:50:11.755	20301	20031	-82	-79	27	3.82	22.51	2.448
2015-01-18 02:15:14.227	20301	20031	-82	-82	25
2015-01-18 02:45:16.139	20301	20031	-82	-82	24
2015-01-18 03:05:12.634	20301	20031	-82	-97	24	3.39	22.52	2.448
2015-01-18 03:20:13.65	20301	20031	-82	-79	24	3.1	22.5	2.454
2015-01-18 03:35:14.526	20301	20031	-82	-97	24	2.97	22.42	2.448
2015-01-18 03:50:12.638	20301	20031	-82	-82	20	2.96	22.42	2.448
2015-01-18 03:55:12.922	20301	20031	-82	-97	20
2015-01-18 04:15:15.918	20301	20031	-82	-97	23
2015-01-18 04:45:12.938	20301	20031	-85	-97	23
2015-01-18 04:50:11.551	20301	20031	-82	-82	23	3.28	22.48	2.448
2015-01-18 05:15:12.839	20301	20031	-82	-82	21
2015-01-18 05:35:15.979	20301	20031	-82	-97	20	3.46	22.53	2.448
2015-01-18 05:55:10.759	20301	20031	-82	-97	20
2015-01-18 07:05:17.303	20301	20031	-85	-82	16	3.97	22.56	2.448
2015-01-18 07:15:12.555	20301	20031	-85	-97	16
2015-01-18 07:20:13.371	20301	20031	-82	-97	16	4.18	22.57	2.448
2015-01-18 07:35:14.546	20301	20031	-82	-97	16	4.39	22.59	2.448
2015-01-18 07:45:12.654	20301	20031	-82	-97	19
2015-01-18 07:55:15.627	20301	20031	-82	-97	19
2015-01-18 08:15:13.93	20301	20031	-82	-82	17
2015-01-18 08:20:13.281	20301	20031	-82	-82	17	4.57	22.74	2.448
2015-01-18 08:35:15.131	20301	20031	-85	-97	17
2015-01-18 08:35:15.147	20301	20031	-85	-97	17	4.71	22.75	2.448
2015-01-18 08:45:13.462	20301	20031	-85	-97	17
2015-01-18 08:50:15.192	20301	20031	-82	-97	17	4.82	22.79	2.448
2015-01-18 09:05:15.979	20301	20031	-82	-82	16	5.4	22.76	2.448
2015-01-18 09:15:17.504	20301	20031	-82	-97	16
2015-01-18 09:45:15.519	20301	20031	-79	-79	12
2015-01-18 10:15:13.456	20301	20031	-79	-79	11
2015-01-18 10:35:24.435	20301	20031	-82	-79	11
2015-01-18 13:45:20.067	20301	20031	-79	-82	12
2015-01-18 13:45:21.779	20301	20031	-79	-82	12
2015-01-18 14:05:14.279	20301	20031	-76	-97	12	3.35	22.59	2.454
2015-01-18 14:15:15.303	20301	20031	-79	-76	12
2015-01-18 14:20:19.667	20301	20031	-82	-97	12	3.28	22.44	2.454
2015-01-18 14:35:19.135	20301	20031	-79	-79	12
2015-01-18 14:45:14.078	20301	20031	-79	-97	15
2015-01-18 15:05:12.962	20301	20031	-79	-97	15	2.89	22.42	2.454
2015-01-18 15:20:11.695	20301	20031	-82	-79	15	2.89	22.42	2.454
2015-01-18 15:45:11.935	20301	20031	-79	-76	14
2015-01-18 15:50:18.599	20301	20031	-82	-97	14	3.03	22.5	2.454
2015-01-18 16:15:15.199	20301	20031	-79	-79	14
2015-01-18 16:45:14.571	20301	20031	-79	-79	12
2015-01-18 17:20:13.206	20301	20031	-79	-79	11	1.96	22.29	2.454
2015-01-18 17:35:12.551	20301	20031	-79	-97	11	1.85	22.21	2.454
2015-01-18 18:20:13.35	20301	20031	-79	-76	11	1.43	22.18	2.448
2015-01-18 19:05:15.367	20301	20031	-79	-79	10	1.18	22.16	2.448
2015-01-18 19:35:15.227	20301	20031	-82	-79	10	1.21	22.17	2.448
2015-01-18 19:45:14.035	20301	20031	-79	-76	10
2015-01-18 20:35:11.923	20301	20031	-79	-79	10	1.07	22.09	2.448
2015-01-18 20:50:12.159	20301	20031	-79	-97	10	1.01	22.08	2.448
2015-01-18 21:05:11.298	20301	20031	-79	-79	10	0.96	22.11	2.448
2015-01-18 21:15:13.67	20301	20031	-79	-97	10
2015-01-18 21:45:13.67	20301	20031	-79	-97	10
2015-01-18 21:50:14.163	20301	20031	-79	-79	10	0.78	22.07	2.448
2015-01-18 21:55:14.523	20301	20031	-79	-97	10
2015-01-18 22:20:17.191	20301	20031	-82	-97	11	0.61	22.06	2.448
2015-01-18 22:35:13.807	20301	20031	-79	-79	10	0.54	21.98	2.448
2015-01-18 22:45:13.443	20301	20031	-79	-97	10
2015-01-18 22:50:14.09	20301	20031	-79	-97	11	0.5	21.98	2.448
2015-01-18 23:15:13.448	20301	20031	-79	-79	11
2015-01-18 23:20:14.123	20301	20031	-79	-97	11	0.46	21.98	2.448
2015-01-19 03:05:14.858	20301	20031	-79	-79	10	-0.17	21.86	2.448
2015-01-19 03:15:13.295	20301	20031	-79	-97	14
2015-01-19 03:20:11.9	20301	20031	-79	-97	14	-0.17	21.86	2.448
2015-01-19 03:35:10.89	20301	20031	-79	-76	13	-0.21	21.86	2.448
2015-01-19 03:45:12.211	20301	20031	-79	-97	13
2015-01-19 03:50:13.799	20301	20031	-79	-97	14	-0.31	21.85	2.448
2015-01-19 03:55:11.031	20301	20031	-79	-97	15
2015-01-19 04:05:10.726	20301	20031	-79	-79	18	-0.46	21.84	2.448
2015-01-19 04:20:15.802	20301	20031	-79	-76	15	-0.59	21.84	2.448
2015-01-19 04:35:09.643	20301	20031	-82	-79	14
2015-01-19 04:35:13.702	20301	20031	-79	-97	14	-0.71	21.83	2.443
2015-01-19 04:45:16.119	20301	20031	-79	-79	13
2015-01-19 05:45:16.067	20301	20031	-79	-79	13
2015-01-19 05:50:12.614	20301	20031	-79	-97	14	-0.73	21.79	2.448
2015-01-19 06:15:10.067	20301	20031	-79	-76	14
2015-01-19 06:20:13.694	20301	20031	-82	-97	14	-0.82	21.79	2.448
2015-01-19 06:35:11.958	20301	20031	-79	-97	13
2015-01-19 06:35:11.971	20301	20031	-79	-97	13	-0.82	21.79	2.443
2015-01-19 06:45:13.942	20301	20031	-79	-79	13
2015-01-19 12:15:11.659	20301	20031	-82	-79	11
2015-01-19 21:15:13.526	20301	20031	-79	-97	10
2015-01-19 21:50:23.366	20301	20031	-79	-76	10	-1.75	21.65	2.448
2015-01-20 02:20:16.486	20301	20031	-79	-97	21	-2.27	21.62	2.443
2015-01-20 03:35:11.758	20301	20031	-79	-76	19	-2.14	21.63	2.443
2015-01-20 03:45:16.306	20301	20031	-79	-97	19
2015-01-20 05:15:16.258	20301	20031	-79	-76	18
2015-01-20 05:35:22.618	20301	20031	-79	-97	18	-2.32	21.58	2.443
2015-01-20 07:35:16.447	20301	20031	-79	-76	15	-2.25	21.59	2.443
2015-01-20 07:55:13.002	20301	20031	-79	-97	15
2015-01-20 08:35:14.707	20301	20031	-79	-76	18
2015-01-20 08:45:16.05	20301	20031	-79	-97	18
2015-01-20 14:35:12.595	20301	20031	-76	-76	16
2015-01-20 17:20:18.636	20301	20031	-76	-76	10	-0.11	21.94	2.443
2015-01-20 17:35:19.054	20301	20031	-76	-97	11	-0.34	21.92	2.443
2015-01-20 18:15:16.231	20301	20031	-76	-76	11
2015-01-20 18:20:16.671	20301	20031	-76	-97	11	-0.6	21.87	2.443
2015-01-20 18:35:12.239	20301	20031	-76	-97	11
2015-01-20 18:35:12.252	20301	20031	-76	-97	12	-0.66	21.9	2.438
2015-01-20 18:50:17.623	20301	20031	-76	-97	12	-0.67	21.86	2.443
2015-01-20 19:05:19.01	20301	20031	-76	-97	13	-0.7	21.86	2.443
2015-01-20 19:45:15.922	20301	20031	-76	-76	12
2015-01-20 20:05:12.923	20301	20031	-76	-97	12	-0.82	21.89	2.443
2015-01-20 20:45:16.899	20301	20031	-76	-76	11
2015-01-20 21:45:17.586	20301	20031	-76	-97	10
2015-01-21 03:35:16.731	20301	20031	-79	-76	10	-1.56	21.77	2.443
2015-01-21 07:20:13.623	20301	20031	-79	-79	10	-1.61	21.77	2.443
2015-01-21 14:35:14.151	20301	20031	-79	-76	10
2015-01-21 15:35:15.127	20301	20031	-79	-79	10	0.85	22.0	2.443
2015-01-21 17:50:12.694	20301	20031	-79	-76	10	0.39	22.04	2.443
2015-01-21 18:15:12.022	20301	20031	-79	-76	10
2015-01-21 18:20:15.147	20301	20031	-79	-97	10	0.46	22.04	2.443
2015-01-21 18:35:14.079	20301	20031	-79	-97	11
2015-01-21 18:35:14.095	20301	20031	-79	-97	11	0.39	22.08	2.438
2015-01-21 19:05:12.99	20301	20031	-79	-76	22	0.25	22.1	2.443
2015-01-21 19:15:11.675	20301	20031	-79	-97	22
2015-01-21 19:20:12.022	20301	20031	-79	-97	22	0.17	22.06	2.443
2015-01-21 19:35:16.096	20301	20031	-79	-79	17	0.0	22.08	2.443
2015-01-21 20:05:09.966	20301	20031	-79	-97	13	-0.16	22.0	2.443
2015-01-21 20:15:15.746	20301	20031	-79	-97	13
2015-01-21 20:20:17.107	20301	20031	-79	-79	13	-0.21	22.0	2.443
2015-01-21 20:50:17.19	20301	20031	-79	-79	16	-0.28	21.99	2.443
2015-01-21 21:15:14.982	20301	20031	-79	-76	16
2015-01-21 22:05:20.103	20301	20031	-79	-76	18	-0.43	21.91	2.443
2015-01-21 22:05:21.019	20301	20031	-79	-76	18	-0.43	21.91	2.443
2015-01-22 00:35:12.831	20301	20031	-79	-97	10
2015-01-22 00:35:12.898	20301	20031	-79	-97	11	-0.07	22.08	2.438
2015-01-22 04:35:16.662	20301	20031	-82	-79	10	-0.7	21.97	2.438
2015-01-22 06:20:12.318	20301	20031	-79	-79	10	-1.04	21.94	2.438
2015-01-22 06:45:13.487	20301	20031	-79	-79	10
2015-01-22 09:20:15.795	20301	20031	-76	-97	10	-1.5	21.91	2.438
2015-01-22 17:15:09.426	20301	20031	-79	-97	10
2015-01-22 20:15:12.472	20301	20031	-79	-76	10
2015-01-22 20:20:12.803	20301	20031	-79	-97	14	-2.28	21.72	2.438
2015-01-22 20:35:17.851	20301	20031	-76	-97	15
2015-01-22 20:35:23.931	20301	20031	-76	-97	18	-2.29	21.72	2.438
2015-01-22 21:35:10.975	20301	20031	-79	-76	17	-2.34	21.65	2.438
2015-01-22 21:45:12.419	20301	20031	-76	-76	17
2015-01-22 21:55:09.855	20301	20031	-76	-97	20
2015-01-22 22:20:07.439	20301	20031	-79	-76	20	-2.38	21.65	2.438
2015-01-22 22:35:12.387	20301	20031	-79	-76	19
2015-01-22 22:35:12.403	20301	20031	-76	-97	21	-2.39	21.65	2.438
2015-01-22 22:45:11.734	20301	20031	-79	-97	21
2015-01-22 23:20:10.434	20301	20031	-79	-76	21	-2.39	21.68	2.438
2015-01-22 23:35:07.107	20301	20031	-79	-76	21	-2.42	21.71	2.438
2015-01-22 23:55:12.295	20301	20031	-76	-97	21
2015-01-23 00:15:12.282	20301	20031	-79	-76	19
2015-01-23 00:45:14.343	20301	20031	-79	-76	22
2015-01-23 02:35:09.363	20301	20031	-79	-76	22
2015-01-23 03:20:09.426	20301	20031	-79	-76	22	-2.74	21.62	2.438
2015-01-23 03:50:09.547	20301	20031	-76	-76	22	-2.78	21.62	2.438
2015-01-23 05:15:21.827	20301	20031	-79	-79	20
2015-01-23 05:35:08.802	20301	20031	-79	-76	23	-3.04	21.6	2.438
2015-01-23 06:15:09.987	20301	20031	-76	-97	20
2015-01-23 06:20:07.331	20301	20031	-79	-97	20	-2.99	21.61	2.438
2015-01-23 07:20:09.464	20301	20031	-76	-76	21	-2.85	21.61	2.438
2015-01-23 07:50:08.286	20301	20031	-76	-97	21	-2.84	21.62	2.438
2015-01-23 08:20:11.084	20301	20031	-79	-76	17	-2.64	21.63	2.438
2015-01-23 08:45:12.051	20301	20031	-79	-76	15
2015-01-23 09:15:09.367	20301	20031	-79	-76	18
2015-01-23 09:15:09.575	20301	20031	-79	-97	18
2015-01-23 10:20:08.822	20301	20031	-79	-79	17	-0.2	21.86	2.438
2015-01-23 11:20:12.086	20301	20031	-82	-76	16	2.86	22.35	2.438
2015-01-23 11:35:09.815	20301	20031	-82	-82	14	4.32	22.51	2.438
2015-01-23 11:50:08.794	20301	20031	-79	-79	12	5.07	22.39	2.438
2015-01-23 12:15:09.526	20301	20031	-79	-76	12
2015-01-23 14:45:09.611	20301	20031	-79	-97	10
2015-01-23 19:45:16.167	20301	20031	-79	-76	10
2015-01-23 21:35:13.351	20301	20031	-79	-76	13	-0.96	21.91	2.438
2015-01-23 22:15:10.944	20301	20031	-76	-76	15
2015-01-23 22:35:15.311	20301	20031	-79	-76	15	-0.99	21.95	2.432
2015-01-23 22:50:07.882	20301	20031	-79	-97	15	-1.03	21.91	2.438
2015-01-24 00:45:07.718	20301	20031	-79	-97	10
2015-01-24 00:50:07.878	20301	20031	-79	-97	10	-1.45	21.92	2.438
2015-01-24 01:05:11.166	20301	20031	-79	-97	10	-1.46	21.91	2.438
2015-01-24 01:15:07.974	20301	20031	-79	-79	10
2015-01-24 01:15:10.059	20301	20031	-79	-97	10
2015-01-24 01:20:13.235	20301	20031	-79	-97	10	-1.46	21.91	2.438
2015-01-24 04:20:11.035	20301	20031	-79	-79	10	-1.66	21.87	2.438
2015-01-24 06:20:19.339	20301	20031	-82	-97	13	-2.11	21.8	2.438
2015-01-24 10:05:11.042	20301	20031	-79	-76	18	-1.79	21.75	2.438
