result_time	node_id	parent_id	stats_frssi	stats_brssi	etx	temperature	humidity	voltage
2014-12-01 04:38:24.907	20451	20551	-38	-40	10
2014-12-01 04:43:24.706	20451	20551	-38	-39	10	13.0	46.0	3.756
2014-12-01 05:28:15.122	20451	20551	-38	-39	10	12.83	45.91	3.753
2014-12-01 05:43:18.466	20451	20551	-38	-39	10	12.81	45.91	3.756
2014-12-01 06:08:26.83	20451	20551	-38	-39	10
2014-12-01 06:13:18.746	20451	20551	-38	-39	10	11.75	46.66	3.757
2014-12-01 06:43:20.73	20451	20551	-38	-39	10	10.2	46.69	3.751
2014-12-01 07:13:21.29	20451	20551	-38	-38	10	9.02	46.54	3.752
2014-12-01 07:18:14.39	20451	20551	-38	-39	11
2014-12-01 07:18:17.122	20451	20551	-38	-39	11
2014-12-01 07:18:17.323	20451	20551	-38	-39	11
2014-12-01 07:28:26.915	20451	20551	-37	-38	10	8.79	46.17	3.752
2014-12-01 07:38:14.411	20451	20551	-38	-38	10
2014-12-01 07:58:14.346	20451	20551	-37	-38	10
2014-12-01 07:58:14.438	20451	20551	-36	-38	10	8.36	45.96	3.72
2014-12-01 08:13:19.931	20451	20551	-37	-38	10	7.83	46.14	3.751
2014-12-01 08:58:18.623	20451	20551	-37	-38	10	6.71	45.79	3.748
2014-12-01 11:08:18.918	20451	20551	-37	-37	10
2014-12-01 11:28:19.971	20451	20551	-37	-39	10	5.45	45.13	3.75
2014-12-01 11:43:18.85	20451	20551	-37	-39	10	5.28	45.21	3.718
2014-12-01 12:13:15.032	20451	20551	-37	-39	10	5.07	45.15	3.747
2014-12-01 12:43:29.01	20451	20551	-37	-38	10	4.49	45.42	3.747
2014-12-01 13:18:18.679	20451	20551	-37	-38	10
2014-12-01 13:58:17.095	20451	20551	-37	-38	14
2014-12-01 13:58:17.147	20451	20551	-37	-37	14	2.63	45.28	3.72
2014-12-01 14:08:15.915	20451	20551	-37	-39	14
2014-12-01 14:28:15.227	20451	20551	-37	-38	10	1.92	45.28	3.75
2014-12-01 16:13:15.667	20451	20551	-37	-38	10	2.17	44.48	3.745
2014-12-01 16:28:21.811	20451	20551	-37	-38	10	1.89	44.76	3.745
2014-12-01 17:13:19.518	20451	20551	-37	-37	10	1.32	44.81	3.745
2014-12-01 17:43:22.887	20451	20551	-35	-37	10	0.82	44.81	3.742
2014-12-01 17:58:15.103	20451	20551	-37	-37	10	0.79	44.68	3.714
2014-12-01 17:58:16.91	20451	20551	-37	-37	10	0.79	44.68	3.714
2014-12-01 17:58:17.151	20451	20551	-37	-37	10	0.79	44.68	3.714
2014-12-01 18:13:16.807	20451	20551	-37	-37	10	0.75	44.56	3.743
2014-12-01 18:38:19.214	20451	20551	-35	-37	10
2014-12-01 19:08:16.346	20451	20551	-37	-37	10
2014-12-01 19:13:15.282	20451	20551	-37	-37	10	0.6	44.48	3.742
2014-12-01 19:58:17.359	20451	20551	-37	-37	10
2014-12-01 20:08:20.726	20451	20551	-37	-37	10
2014-12-01 20:28:17.71	20451	20551	-35	-37	10	0.0	44.59	3.743
2014-12-01 20:38:16.671	20451	20551	-37	-37	10
2014-12-01 21:43:19.995	20451	20551	-37	-37	10	-0.84	44.54	3.741
2014-12-01 23:43:23.519	20451	20551	-36	-37	10	-2.03	44.27	3.739
2014-12-01 23:58:18.902	20451	20551	-34	-37	11
2014-12-01 23:58:18.919	20451	20551	-36	-36	11	-2.18	44.29	3.709
2014-12-02 00:08:14.098	20451	20551	-36	-37	11
2014-12-02 00:28:21.831	20451	20551	-36	-37	11	-2.52	44.34	3.741
2014-12-02 00:38:16.123	20451	20551	-36	-36	11
2014-12-02 00:38:16.146	20451	20551	-36	-36	12
2014-12-02 01:18:18.067	20451	20551	-36	-37	11
2014-12-02 01:38:25.179	20451	20551	-36	-36	11
2014-12-02 01:43:28.687	20451	20551	-36	-36	11	-2.74	44.07	3.739
2014-12-02 02:38:15.092	20451	20551	-36	-36	11
2014-12-02 04:38:23.191	20451	20551	-36	-36	10
2014-12-02 05:08:18.111	20451	20551	-36	-36	10
2014-12-02 06:28:23.762	20451	20551	-36	-36	10	-3.11	43.93	3.735
2014-12-02 07:13:16.67	20451	20551	-36	-36	10	-3.38	43.99	3.735
2014-12-02 07:18:15.943	20451	20551	-36	-36	10
2014-12-02 07:28:23.151	20451	20551	-36	-36	10	-3.32	43.93	3.735
2014-12-02 08:08:23.047	20451	20551	-37	-36	10
2014-12-02 08:28:20.134	20451	20551	-35	-37	10	-1.5	43.06	3.735
2014-12-02 08:43:18.079	20451	20551	-37	-37	10	-1.18	43.22	3.735
2014-12-02 09:08:14.963	20451	20551	-37	-37	10
2014-12-02 11:38:15.204	20451	20551	-37	-38	10
2014-12-02 11:43:16.955	20451	20551	-37	-38	10	0.75	44.1	3.735
2014-12-02 11:58:30.559	20451	20551	-37	-37	10	0.89	44.08	3.706
2014-12-02 12:13:20.534	20451	20551	-37	-36	10	1.14	44.05	3.735
2014-12-02 12:38:25.839	20451	20551	-37	-38	10
2014-12-02 12:38:28.342	20451	20551	-37	-38	10
2014-12-02 12:38:33.087	20451	20551	-37	-38	10
2014-12-02 12:38:40.699	20451	20551	-37	-37	10
2014-12-02 12:58:24.035	20451	20551	-37	-37	10	1.89	44.05	3.736
2014-12-02 13:08:46.119	20451	20551	-37	-37	10
2014-12-02 13:58:16.911	20451	20551	-37	-37	10	2.17	44.45	3.702
2014-12-02 14:38:19.478	20451	20551	-37	-37	10
2014-12-02 14:43:17.594	20451	20551	-37	-37	10	2.54	44.34	3.732
2014-12-02 16:28:30.947	20451	20551	-37	-37	11	2.68	44.67	3.732
2014-12-03 00:43:18.379	20451	20551	-38	-39	10	5.9	44.91	3.732
2014-12-03 01:58:26.755	20451	20551	-38	-38	10
2014-12-03 02:28:25.083	20451	20551	-38	-39	10	6.01	45.2	3.732
2014-12-03 02:38:21.226	20451	20551	-38	-39	10
2014-12-03 05:28:19.507	20451	20551	-38	-39	10	4.75	45.29	3.731
2014-12-03 06:38:15.119	20451	20551	-37	-38	10
2014-12-03 06:43:15.987	20451	20551	-37	-38	10	3.85	45.34	3.731
2014-12-03 07:08:21.851	20451	20551	-37	-38	10
2014-12-03 07:13:31.379	20451	20551	-37	-38	10	3.74	45.23	3.732
2014-12-03 07:28:19.074	20451	20551	-37	-40	14	3.65	45.19	3.731
2014-12-03 08:28:23.711	20451	20551	-37	-38	10	3.79	45.02	3.732
2014-12-03 08:38:21.091	20451	20551	-37	-38	10
2014-12-03 08:38:23.658	20451	20551	-37	-38	10
2014-12-03 08:43:18.05	20451	20551	-37	-38	13	3.9	44.94	3.731
2014-12-03 08:58:15.97	20451	20551	-37	-38	13	3.93	45.01	3.73
2014-12-03 09:08:19.69	20451	20551	-37	-38	12
2014-12-03 09:13:25.186	20451	20551	-35	-38	12	3.93	45.07	3.731
2014-12-03 09:38:26.106	20451	20551	-37	-38	12
2014-12-03 09:58:19.194	20451	20551	-37	-38	10
2014-12-03 09:58:19.211	20451	20551	-37	-38	11	3.75	45.23	3.702
2014-12-03 10:08:18.638	20451	20551	-37	-37	10
2014-12-03 10:13:15.44	20451	20551	-37	-38	10	3.6	45.28	3.731
2014-12-03 10:13:17.843	20451	20551	-37	-38	10	3.6	45.28	3.731
2014-12-03 10:28:19.862	20451	20551	-37	-38	10	3.5	45.26	3.731
2014-12-03 10:43:16.898	20451	20551	-37	-36	10	3.5	45.14	3.731
2014-12-03 12:13:23.034	20451	20551	-37	-38	10	3.29	45.24	3.73
2014-12-03 12:43:17.907	20451	20551	-37	-38	11	3.25	45.02	3.73
2014-12-03 13:13:22.946	20451	20551	-37	-38	10	3.36	45.03	3.731
2014-12-03 13:18:17.298	20451	20551	-37	-38	10
2014-12-03 14:08:20.715	20451	20551	-37	-37	10
2014-12-03 14:43:26.863	20451	20551	-37	-37	10	3.43	45.07	3.731
2014-12-03 14:58:18.107	20451	20551	-37	-37	10	3.46	45.07	3.73
2014-12-03 15:08:16.943	20451	20551	-37	-38	10
2014-12-03 15:43:17.754	20451	20551	-37	-39	10	3.68	44.85	3.73
2014-12-03 15:58:18.462	20451	20551	-37	-39	10	3.39	45.25	3.701
2014-12-03 15:58:18.483	20451	20551	-37	-37	10
2014-12-03 16:38:24.219	20451	20551	-37	-38	10
2014-12-03 17:08:15.183	20451	20551	-37	-38	10
2014-12-03 17:13:17.639	20451	20551	-37	-37	10	2.35	45.4	3.73
2014-12-03 17:43:24.63	20451	20551	-37	-38	10	1.67	45.38	3.73
2014-12-03 17:58:23.455	20451	20551	-37	-38	10	1.32	45.48	3.699
2014-12-03 18:13:18.587	20451	20551	-37	-37	10	1.15	45.28	3.729
2014-12-03 18:28:19.675	20451	20551	-37	-37	10	0.97	45.23	3.73
2014-12-03 20:28:18.146	20451	20551	-37	-39	10	-0.03	44.83	3.728
2014-12-03 20:58:16.843	20451	20551	-37	-38	10	-0.24	44.83	3.726
2014-12-03 21:08:19.131	20451	20551	-37	-38	10
2014-12-03 21:13:23.162	20451	20551	-37	-38	10	-0.36	44.81	3.729
2014-12-03 21:18:19.923	20451	20551	-37	-38	10
2014-12-03 21:28:25.111	20451	20551	-37	-38	10	-0.52	44.86	3.728
2014-12-03 23:38:17.291	20451	20551	-37	-38	10
2014-12-04 04:38:19.572	20451	20551	-37	-37	10
2014-12-04 04:43:23.883	20451	20551	-37	-37	10	-2.71	44.16	3.723
2014-12-04 05:28:20.515	20451	20551	-37	-37	10	-2.82	44.27	3.723
2014-12-04 05:28:20.95	20451	20551	-37	-37	10	-2.82	44.27	3.723
2014-12-04 05:28:23.891	20451	20551	-37	-37	10	-2.82	44.27	3.723
2014-12-04 06:43:17.379	20451	20551	-37	-37	10	-2.57	44.21	3.72
2014-12-04 09:58:19.239	20451	20551	-37	-38	10
2014-12-04 09:58:19.259	20451	20551	-37	-37	10	0.35	43.89	3.692
2014-12-04 10:08:19.726	20451	20551	-37	-37	10
2014-12-04 10:13:18.238	20451	20551	-37	-39	10	0.71	44.09	3.721
2014-12-04 10:38:17.698	20451	20551	-37	-37	10
2014-12-04 10:58:20.818	20451	20551	-37	-38	10	1.53	44.34	3.723
2014-12-04 11:28:21.886	20451	20551	-37	-38	10	3.31	43.66	3.724
2014-12-04 13:38:22.503	20451	20551	-37	-39	10
2014-12-04 14:58:30.639	20451	20551	-37	-39	10	3.1	45.4	3.695
2014-12-04 15:13:22.054	20451	20551	-37	-38	10	2.85	45.43	3.724
2014-12-04 15:18:19.126	20451	20551	-37	-38	10
2014-12-04 15:43:26.434	20451	20551	-37	-38	10	2.43	45.44	3.725
2014-12-04 16:58:21.838	20451	20551	-37	-38	10	0.43	45.95	3.724
2014-12-04 17:28:18.682	20451	20551	-37	-38	10	-0.66	45.84	3.724
2014-12-04 17:38:18.678	20451	20551	-37	-37	10
2014-12-05 04:28:20.899	20451	20551	-37	-37	10	-0.03	44.34	3.718
2014-12-05 04:43:21.398	20451	20551	-37	-37	11	0.03	44.38	3.72
2014-12-05 07:28:18.691	20451	20551	-37	-39	10	0.68	44.39	3.72
2014-12-05 07:38:19.538	20451	20551	-37	-37	10
2014-12-05 07:43:24.439	20451	20551	-37	-39	10	0.83	44.38	3.72
2014-12-05 13:18:19.514	20451	20551	-37	-37	10
2014-12-05 13:38:26.718	20451	20551	-37	-38	10
2014-12-05 13:58:21.258	20451	20551	-37	-38	10	4.25	45.14	3.693
2014-12-05 14:08:22.582	20451	20551	-38	-38	10
2014-12-05 14:28:21.706	20451	20551	-39	-39	10	4.29	45.18	3.723
2014-12-05 14:38:19.506	20451	20551	-39	-39	10
2014-12-05 14:38:19.522	20451	20551	-40	-41	10
2014-12-05 14:43:21.007	20451	20551	-40	-41	10	4.45	45.1	3.721
2014-12-05 17:58:21.966	20451	20551	-41	-40	10
2014-12-05 18:28:17.714	20451	20551	-41	-40	10	4.88	45.37	3.724
2014-12-05 18:38:19.29	20451	20551	-41	-40	10
2014-12-05 18:38:19.307	20451	20551	-41	-40	10
2014-12-05 19:08:21.267	20451	20551	-41	-40	10
2014-12-05 19:28:18.259	20451	20551	-41	-40	10	4.96	45.38	3.725
2014-12-05 19:43:23.71	20451	20551	-41	-40	10	5.03	45.36	3.725
2014-12-05 21:38:18.695	20451	20551	-41	-40	10
2014-12-05 23:58:27.747	20451	20551	-41	-42	10	5.32	45.52	3.698
2014-12-06 00:08:20.919	20451	20551	-41	-40	10
2014-12-06 00:13:17.498	20451	20551	-41	-41	10	5.36	45.56	3.726
2014-12-06 00:28:18.99	20451	20551	-41	-41	14	5.32	45.55	3.73
2014-12-06 00:38:22.971	20451	20551	-41	-40	11
2014-12-06 00:58:27.094	20451	20551	-41	-40	10	5.25	45.6	3.729
2014-12-06 01:38:21.927	20451	20551	-41	-40	10
2014-12-06 01:43:22.287	20451	20551	-41	-42	10	5.14	45.59	3.728
2014-12-06 01:58:16.395	20451	20551	-40	-40	10
2014-12-06 02:08:20.795	20451	20551	-41	-40	10
2014-12-06 02:13:23.699	20451	20551	-40	-40	10	5.18	45.56	3.726
2014-12-06 02:28:16.806	20451	20551	-41	-40	10	5.24	45.54	3.729
2014-12-06 02:38:20.822	20451	20551	-41	-40	10
2014-12-06 02:43:21.194	20451	20551	-41	-40	10	5.32	45.49	3.728
2014-12-06 03:08:19.762	20451	20551	-41	-40	10
2014-12-06 03:38:16.767	20451	20551	-41	-40	10
2014-12-06 03:43:20.13	20451	20551	-41	-40	10	5.53	45.55	3.73
2014-12-06 03:58:18.814	20451	20551	-41	-41	10
2014-12-06 03:58:18.834	20451	20551	-41	-41	10	5.56	45.55	3.699
2014-12-06 04:13:18.126	20451	20551	-41	-41	10	5.58	45.58	3.73
2014-12-06 04:28:18.202	20451	20551	-41	-41	10	5.57	45.61	3.73
2014-12-06 04:38:22.706	20451	20551	-41	-41	11
2014-12-06 04:43:24.082	20451	20551	-41	-41	11	5.61	45.59	3.73
2014-12-06 04:58:21.586	20451	20551	-41	-42	10	5.57	45.64	3.73
2014-12-06 05:08:17.599	20451	20551	-41	-41	10
2014-12-06 05:13:22.29	20451	20551	-41	-41	10	5.6	45.65	3.73
2014-12-06 05:18:20.479	20451	20551	-41	-42	10
2014-12-06 06:08:19.507	20451	20551	-41	-42	10
2014-12-06 06:38:21.549	20451	20551	-41	-42	10
2014-12-06 06:38:21.562	20451	20551	-41	-42	10
2014-12-06 07:13:17.871	20451	20551	-41	-42	10	5.42	45.78	3.73
2014-12-06 07:38:20.45	20451	20551	-41	-42	11
2014-12-06 07:58:24.463	20451	20551	-41	-42	10	5.28	45.7	3.701
2014-12-06 08:28:24.563	20451	20551	-41	-42	10	5.18	45.66	3.73
2014-12-06 08:38:19.422	20451	20551	-41	-42	10
2014-12-06 08:38:19.442	20451	20551	-41	-42	11
2014-12-06 09:08:19.394	20451	20551	-41	-42	11
2014-12-06 09:13:20.802	20451	20551	-41	-43	11	5.01	45.76	3.729
2014-12-06 09:43:21.73	20451	20551	-41	-42	10	4.99	45.76	3.729
2014-12-06 10:08:26.282	20451	20551	-41	-43	10
2014-12-06 10:13:18.654	20451	20551	-41	-43	10	5.1	45.86	3.73
2014-12-06 11:13:27.095	20451	20551	-41	-42	10	5.5	45.94	3.731
2014-12-06 12:38:33.23	20451	20551	-41	-42	10
2014-12-06 13:13:19.511	20451	20551	-41	-43	10	5.29	46.29	3.731
2014-12-06 15:13:24.443	20451	20551	-41	-43	10	5.25	46.74	3.731
2014-12-06 15:18:24.967	20451	20551	-42	-43	10
2014-12-06 15:38:23.879	20451	20551	-42	-43	10
2014-12-06 19:18:26.614	20451	20551	-41	-42	10
2014-12-06 19:43:19.094	20451	20551	-41	-42	10	1.1	48.78	3.728
2014-12-06 20:43:21.074	20451	20551	-41	-42	10	0.75	48.08	3.728
2014-12-06 21:28:26.314	20451	20551	-39	-41	10	1.67	47.47	3.728
2014-12-06 21:58:19.21	20451	20551	-38	-38	10
2014-12-06 21:58:21.203	20451	20551	-38	-38	10
2014-12-06 21:58:22.322	20451	20551	-38	-38	10
2014-12-06 22:13:27.051	20451	20551	-38	-38	10	1.88	47.68	3.729
2014-12-06 22:38:17.407	20451	20551	-39	-37	10
2014-12-06 23:43:25.067	20451	20551	-38	-37	10	1.51	48.75	3.729
2014-12-07 02:08:24.318	20451	20551	-37	-38	10
2014-12-07 02:38:23.342	20451	20551	-37	-38	10
2014-12-07 04:08:23.331	20451	20551	-37	-36	10
2014-12-07 04:38:29.359	20451	20551	-37	-37	10
2014-12-07 04:58:21.674	20451	20551	-37	-37	13	-1.85	48.56	3.726
2014-12-07 09:58:32.914	20451	20551	-39	-38	10
2014-12-07 09:58:40.49	20451	20551	-38	-38	10	2.25	43.69	3.695
2014-12-07 10:38:36.143	20451	20551	-39	-39	10
2014-12-07 10:43:18.65	20451	20551	-39	-39	14	5.7	46.74	3.726
2014-12-07 10:43:19.574	20451	20551	-39	-39	14	5.7	46.74	3.726
2014-12-07 11:08:23.091	20451	20551	-40	-41	13
2014-12-07 17:28:17.986	20451	20551	-38	-41	10	1.46	47.54	3.73
2014-12-07 17:58:18.499	20451	20551	-37	-39	10	0.71	46.99	3.698
2014-12-07 18:13:19.058	20451	20551	-37	-39	10	0.43	46.83	3.729
2014-12-07 18:43:18.954	20451	20551	-37	-38	10	-0.06	46.52	3.73
2014-12-08 02:08:17.531	20451	20551	-37	-38	10
2014-12-08 02:13:22.974	20451	20551	-37	-37	10	-1.57	45.6	3.725
2014-12-08 05:08:26.422	20451	20551	-37	-37	10
2014-12-08 07:28:21.898	20451	20551	-37	-39	10	-2.11	45.36	3.724
2014-12-08 08:43:19.17	20451	20551	-37	-37	10	-0.92	44.87	3.721
2014-12-08 09:13:20.146	20451	20551	-37	-38	10	0.24	44.55	3.723
2014-12-08 09:43:21.178	20451	20551	-38	-39	10	1.36	44.57	3.724
2014-12-08 09:58:23.747	20451	20551	-37	-39	10	1.67	44.85	3.692
2014-12-08 14:43:23.818	20451	20551	-39	-39	10	5.5	46.53	3.728
2014-12-08 15:43:25.784	20451	20551	-38	-39	10	4.21	46.8	3.728
2014-12-08 19:18:24.315	20451	20551	-38	-39	10
2014-12-08 19:38:24.342	20451	20551	-38	-39	10
2014-12-08 19:43:21.022	20451	20551	-38	-39	10	2.07	46.07	3.726
2014-12-08 20:58:25.318	20451	20551	-38	-39	10	2.32	46.04	3.726
2014-12-08 23:08:18.834	20451	20551	-37	-39	10
2014-12-08 23:13:21.763	20451	20551	-38	-39	10	1.1	46.1	3.725
2014-12-08 23:18:17.946	20451	20551	-38	-39	10
2014-12-08 23:38:21.182	20451	20551	-38	-39	10
2014-12-08 23:58:19.426	20451	20551	-37	-38	10
2014-12-09 00:08:20.558	20451	20551	-37	-38	10
2014-12-09 00:38:22.994	20451	20551	-38	-38	10
2014-12-09 00:58:20.427	20451	20551	-37	-38	10	0.74	45.99	3.726
2014-12-09 01:08:20.422	20451	20551	-37	-38	10
2014-12-09 01:18:17.878	20451	20551	-37	-39	10
2014-12-09 02:08:19.655	20451	20551	-37	-38	10
2014-12-09 03:43:23.554	20451	20551	-37	-38	10	0.51	45.75	3.725
2014-12-09 04:38:18.022	20451	20551	-38	-38	10
2014-12-09 04:38:18.05	20451	20551	-37	-38	10
2014-12-09 05:13:21.03	20451	20551	-37	-38	10	0.93	45.83	3.726
2014-12-09 06:13:21.274	20451	20551	-37	-38	10	-0.34	46.25	3.725
2014-12-09 06:28:21.303	20451	20551	-37	-38	10	-0.53	46.22	3.725
2014-12-09 06:38:22.059	20451	20551	-37	-38	10
2014-12-09 07:08:18.971	20451	20551	-37	-37	10
2014-12-09 07:13:21.05	20451	20551	-37	-38	10	-0.85	46.0	3.724
2014-12-09 07:18:23.886	20451	20551	-37	-37	10
2014-12-09 07:28:20.89	20451	20551	-37	-38	10	-0.96	45.93	3.724
2014-12-09 07:43:19.402	20451	20551	-37	-37	11	-1.13	45.96	3.724
2014-12-09 09:13:20.627	20451	20551	-38	-39	10	2.71	42.31	3.723
2014-12-09 09:38:23.171	20451	20551	-38	-39	10
2014-12-09 09:58:28.667	20451	20551	-38	-39	10	3.25	45.14	3.693
2014-12-09 10:43:20.971	20451	20551	-39	-41	10	4.88	45.43	3.724
2014-12-09 11:18:21.711	20451	20551	-39	-39	10
2014-12-09 11:28:24.483	20451	20551	-39	-41	10	6.92	45.97	3.725
2014-12-09 11:58:18.614	20451	20551	-39	-41	10
2014-12-09 12:08:24.371	20451	20551	-39	-41	10
2014-12-09 12:08:25.186	20451	20551	-39	-41	10
2014-12-09 12:13:20.802	20451	20551	-39	-39	10	8.25	45.79	3.728
2014-12-09 13:38:19.059	20451	20551	-39	-39	10
2014-12-09 14:08:24.015	20451	20551	-39	-41	10
2014-12-09 14:58:32.815	20451	20551	-39	-41	10	8.36	46.71	3.73
2014-12-09 15:08:31.655	20451	20551	-39	-41	10
2014-12-09 15:28:24.418	20451	20551	-39	-41	14	12.17	43.93	3.73
2014-12-09 15:43:22.47	20451	20551	-39	-41	15	11.56	45.98	3.73
2014-12-09 15:58:28.574	20451	20551	-39	-41	16	8.57	49.2	3.699
2014-12-09 16:38:21.954	20451	20551	-39	-40	12
2014-12-09 16:58:24.034	20451	20551	-38	-40	12	6.07	47.07	3.73
2014-12-09 17:58:20.375	20451	20551	-38	-40	11
2014-12-09 18:13:21.095	20451	20551	-38	-40	11	5.18	46.49	3.728
2014-12-09 18:38:20.543	20451	20551	-38	-40	11
2014-12-09 18:38:23.595	20451	20551	-38	-39	12
2014-12-09 19:13:21.018	20451	20551	-38	-40	11	4.74	46.34	3.699
2014-12-09 19:28:22.535	20451	20551	-38	-39	11	4.65	46.33	3.728
2014-12-09 20:38:22.343	20451	20551	-38	-39	10
2014-12-09 20:38:22.358	20451	20551	-38	-39	10
2014-12-09 21:38:26.44	20451	20551	-38	-39	10
2014-12-09 21:43:23.438	20451	20551	-38	-39	10	3.82	46.23	3.728
2014-12-09 23:08:25.279	20451	20551	-38	-41	10
2014-12-09 23:38:19.327	20451	20551	-38	-39	10
2014-12-10 01:13:23.675	20451	20551	-38	-39	10	3.21	46.09	3.728
2014-12-10 01:28:22.138	20451	20551	-38	-39	11	3.18	46.15	3.726
2014-12-10 01:38:23.275	20451	20551	-38	-39	11
2014-12-10 01:43:22.622	20451	20551	-38	-39	11	3.14	46.14	3.729
2014-12-10 10:58:19.67	20451	20551	-37	-38	10	1.1	45.91	3.725
2014-12-10 13:38:21.767	20451	20551	-37	-38	10
2014-12-10 13:43:23.879	20451	20551	-37	-38	10	0.17	45.98	3.721
2014-12-10 16:38:22.943	20451	20551	-37	-38	10
2014-12-10 16:43:27.803	20451	20551	-37	-39	14	-0.46	45.78	3.721
2014-12-10 17:18:20.119	20451	20551	-37	-37	13
2014-12-10 17:28:23.454	20451	20551	-37	-39	12	-0.48	45.74	3.72
2014-12-10 17:38:22.955	20451	20551	-37	-38	12
2014-12-10 17:58:25.519	20451	20551	-37	-39	12
2014-12-10 18:08:27.571	20451	20551	-37	-39	12
2014-12-10 18:28:23.394	20451	20551	-37	-38	10	-0.39	45.63	3.72
2014-12-10 19:38:27.278	20451	20551	-37	-38	11
2014-12-10 21:18:25.219	20451	20551	-37	-37	10
2014-12-10 22:13:32.918	20451	20551	-37	-37	10	-0.74	45.68	3.72
2014-12-10 22:43:30.227	20451	20551	-37	-37	10	-0.82	45.7	3.72
2014-12-10 23:08:23.57	20451	20551	-37	-37	10
2014-12-10 23:18:21.194	20451	20551	-37	-37	10
2014-12-11 01:18:20.363	20451	20551	-37	-39	10
2014-12-11 01:28:29.051	20451	20551	-37	-37	10	-1.29	45.64	3.72
2014-12-11 03:28:29.287	20451	20551	-37	-38	10	-1.68	45.59	3.717
2014-12-11 04:08:19.046	20451	20551	-37	-39	10
2014-12-11 04:58:22.219	20451	20551	-37	-37	10	-1.98	45.68	3.715
2014-12-11 05:18:23.983	20451	20551	-37	-37	10
2014-12-11 05:28:24.77	20451	20551	-37	-37	11	-2.03	45.67	3.717
2014-12-11 05:43:28.611	20451	20551	-37	-39	11	-2.09	45.66	3.717
2014-12-11 10:28:21.311	20451	20551	-37	-37	10	-2.27	45.46	3.714
2014-12-11 12:08:24.518	20451	20551	-37	-39	10
2014-12-11 14:13:23.546	20451	20551	-37	-37	10	-0.53	45.4	3.714
2014-12-11 15:58:21.298	20451	20551	-37	-38	10
2014-12-11 15:58:21.316	20451	20551	-37	-38	10	0.2	45.89	3.682
2014-12-11 17:43:21.783	20451	20551	-37	-38	10	0.03	45.66	3.714
2014-12-11 19:08:19.711	20451	20551	-35	-38	11
2014-12-11 19:13:28.847	20451	20551	-37	-37	11	0.25	45.78	3.715
2014-12-11 21:28:29.231	20451	20551	-37	-39	10	0.25	45.75	3.717
2014-12-11 22:38:21.843	20451	20551	-37	-37	10
2014-12-11 22:38:21.855	20451	20551	-37	-37	10
2014-12-11 23:13:25.53	20451	20551	-37	-37	10	0.2	45.92	3.715
2014-12-11 23:58:42.599	20451	20551	-37	-37	10	0.17	45.89	3.684
2014-12-12 00:13:23.522	20451	20551	-37	-37	10	0.21	45.8	3.715
2014-12-12 00:58:25.067	20451	20551	-37	-37	10	0.03	45.99	3.715
2014-12-12 01:08:24.684	20451	20551	-37	-37	10
2014-12-12 01:13:40.81	20451	20551	-37	-37	10	-0.16	46.09	3.715
2014-12-12 04:58:25.047	20451	20551	-37	-38	10	-0.73	45.86	3.714
2014-12-12 05:38:21.523	20451	20551	-37	-39	10
2014-12-12 05:58:24.118	20451	20551	-37	-37	10	-1.24	46.01	3.682
2014-12-12 06:38:21.803	20451	20551	-37	-39	10
2014-12-12 07:58:22.279	20451	20551	-37	-39	10
2014-12-12 07:58:22.739	20451	20551	-37	-39	10	-1.2	45.77	3.682
2014-12-12 08:28:30.094	20451	20551	-37	-38	10	-0.99	45.65	3.714
2014-12-12 08:38:22.067	20451	20551	-37	-39	10
2014-12-12 08:38:22.194	20451	20551	-37	-39	10
2014-12-12 08:43:29.082	20451	20551	-37	-37	10	-0.84	45.58	3.714
2014-12-12 08:58:32.923	20451	20551	-37	-39	10	-0.66	45.54	3.714
2014-12-12 09:58:22.642	20451	20551	-35	-38	10
2014-12-12 09:58:29.579	20451	20551	-37	-37	10	0.15	45.46	3.685
2014-12-12 11:08:26.867	20451	20551	-37	-38	10
2014-12-12 11:13:28.506	20451	20551	-37	-37	10	1.17	45.77	3.717
2014-12-12 11:18:21.619	20451	20551	-37	-38	10
2014-12-12 11:43:24.746	20451	20551	-37	-37	10	1.21	46.08	3.714
2014-12-12 12:28:22.827	20451	20551	-37	-38	10	1.36	46.16	3.715
2014-12-12 12:38:26.767	20451	20551	-37	-38	10
2014-12-12 12:58:25.639	20451	20551	-37	-38	10	1.17	46.35	3.715
2014-12-12 13:08:22.679	20451	20551	-37	-38	10
2014-12-12 13:28:21.076	20451	20551	-37	-38	10	1.17	46.26	3.715
2014-12-12 13:38:28.339	20451	20551	-37	-38	10
2014-12-12 13:43:21.691	20451	20551	-37	-38	10	1.32	46.09	3.715
2014-12-12 13:58:21.887	20451	20551	-37	-38	10
2014-12-12 13:58:21.911	20451	20551	-37	-38	10	1.39	46.1	3.686
2014-12-12 14:08:23.423	20451	20551	-37	-38	10
2014-12-12 14:13:25.567	20451	20551	-37	-38	10	1.32	46.21	3.718
2014-12-12 15:28:31.166	20451	20551	-37	-38	13	1.1	46.25	3.717
2014-12-12 17:08:22.03	20451	20551	-37	-38	10
2014-12-12 17:13:22.167	20451	20551	-37	-38	10	-0.39	46.33	3.717
2014-12-12 17:28:27.403	20451	20551	-37	-37	10	-0.46	46.23	3.715
2014-12-12 17:38:24.399	20451	20551	-37	-38	10
2014-12-12 17:43:27.419	20451	20551	-37	-37	10	-0.46	46.11	3.715
2014-12-12 17:58:22.494	20451	20551	-37	-38	10
2014-12-12 17:58:22.518	20451	20551	-37	-37	10	-0.46	46.08	3.685
2014-12-12 18:08:23.474	20451	20551	-37	-37	10
2014-12-12 18:13:22.866	20451	20551	-37	-37	10	-0.43	45.99	3.714
2014-12-12 18:28:23.066	20451	20551	-37	-39	10	-0.49	46.05	3.717
2014-12-12 18:38:22.346	20451	20551	-37	-37	10
2014-12-12 18:38:22.386	20451	20551	-37	-38	10
2014-12-12 18:43:25.771	20451	20551	-37	-38	10	-0.5	46.04	3.715
2014-12-12 19:58:24.051	20451	20551	-37	-37	14
2014-12-12 20:13:25.387	20451	20551	-37	-37	12	-0.56	45.95	3.713
2014-12-12 20:28:22.11	20451	20551	-37	-38	11	-0.82	46.12	3.715
2014-12-12 20:38:20.531	20451	20551	-37	-37	10
2014-12-12 20:43:25.131	20451	20551	-37	-39	10	-1.06	46.27	3.717
2014-12-12 23:43:22.914	20451	20551	-37	-39	11	-1.43	45.99	3.717
2014-12-12 23:58:38.143	20451	20551	-37	-37	11
2014-12-13 00:28:32.295	20451	20551	-37	-37	12	-1.46	45.89	3.717
2014-12-13 00:43:32.024	20451	20551	-37	-37	11	-1.43	45.86	3.715
2014-12-13 07:13:24.687	20451	20551	-37	-38	10	-1.6	45.72	3.714
2014-12-13 07:58:26.362	20451	20551	-37	-38	10
2014-12-13 07:58:26.382	20451	20551	-37	-38	10	-1.74	45.89	3.681
2014-12-13 09:18:29.43	20451	20551	-35	-38	10
2014-12-13 09:43:28.219	20451	20551	-37	-38	10	-1.46	45.74	3.713
2014-12-13 09:58:23.051	20451	20551	-37	-38	10
2014-12-13 09:58:23.072	20451	20551	-37	-38	10	-1.36	45.69	3.682
2014-12-13 10:08:29.459	20451	20551	-37	-38	10
2014-12-13 10:28:26.892	20451	20551	-37	-38	10	-1.16	45.69	3.712
2014-12-13 13:18:25.267	20451	20551	-37	-39	10
2014-12-13 13:43:24.839	20451	20551	-37	-37	10	0.0	45.62	3.714
2014-12-13 14:08:22.831	20451	20551	-37	-37	10
2014-12-13 14:38:28.21	20451	20551	-37	-39	10
2014-12-13 15:08:26.951	20451	20551	-37	-39	10
2014-12-13 15:13:26.075	20451	20551	-37	-38	10	0.2	46.01	3.713
2014-12-13 15:18:26.814	20451	20551	-37	-39	10
2014-12-13 15:58:27.383	20451	20551	-37	-37	10
2014-12-13 15:58:27.422	20451	20551	-37	-37	10	0.22	46.02	3.682
2014-12-13 16:08:24.763	20451	20551	-37	-37	10
2014-12-13 19:43:26.19	20451	20551	-37	-37	10	0.83	46.06	3.714
2014-12-13 20:08:23.471	20451	20551	-37	-39	11
2014-12-13 20:13:25.603	20451	20551	-37	-39	11	0.96	46.11	3.714
2014-12-13 20:28:26.535	20451	20551	-37	-38	11	1.06	46.06	3.714
2014-12-13 20:38:27.571	20451	20551	-37	-37	11
2014-12-13 20:43:25.546	20451	20551	-37	-38	10	1.15	46.04	3.715
2014-12-13 20:58:25.687	20451	20551	-37	-38	10	1.25	46.09	3.715
2014-12-13 21:08:22.839	20451	20551	-38	-38	11
2014-12-13 21:13:24.059	20451	20551	-38	-38	11	1.33	46.1	3.715
2014-12-13 22:38:22.427	20451	20551	-37	-38	10
2014-12-13 22:38:22.448	20451	20551	-37	-38	10
2014-12-13 22:43:27.354	20451	20551	-37	-38	10	1.88	46.16	3.718
2014-12-13 22:58:23.698	20451	20551	-37	-38	10	2.01	46.03	3.717
2014-12-13 23:08:29.123	20451	20551	-38	-39	10
2014-12-13 23:13:30.635	20451	20551	-37	-37	10	2.08	46.13	3.717
2014-12-13 23:58:26.706	20451	20551	-37	-37	10	2.46	46.18	3.685
2014-12-14 00:28:22.41	20451	20551	-37	-38	10	2.65	46.2	3.717
2014-12-14 00:38:27.207	20451	20551	-37	-37	10
2014-12-14 00:38:27.226	20451	20551	-37	-39	10
2014-12-14 00:43:25.235	20451	20551	-37	-39	10	2.75	46.24	3.715
2014-12-14 00:58:31.719	20451	20551	-37	-37	10	2.88	46.23	3.715
2014-12-14 01:28:23.191	20451	20551	-37	-37	10	3.06	46.25	3.717
2014-12-14 01:58:34.399	20451	20551	-38	-38	10
2014-12-14 06:43:29.146	20451	20551	-38	-38	10	4.0	46.49	3.718
2014-12-14 07:08:25.534	20451	20551	-38	-38	10
2014-12-14 07:13:24.703	20451	20551	-38	-39	10	4.07	46.56	3.718
2014-12-14 07:18:27.327	20451	20551	-38	-38	10
2014-12-14 07:28:23.347	20451	20551	-38	-38	10	4.11	46.57	3.719
2014-12-14 07:43:24.786	20451	20551	-38	-39	11	4.15	46.58	3.719
2014-12-14 08:08:29.287	20451	20551	-38	-39	10
2014-12-14 08:13:27.914	20451	20551	-38	-38	10	4.24	46.59	3.719
2014-12-14 09:08:25.151	20451	20551	-38	-39	11
2014-12-14 10:38:31.166	20451	20551	-38	-39	10
2014-12-14 11:13:28.659	20451	20551	-38	-39	10	5.53	46.6	3.721
2014-12-14 11:58:27.23	20451	20551	-38	-39	10	5.93	46.59	3.691
2014-12-14 12:28:29.135	20451	20551	-38	-39	14	6.32	46.73	3.721
2014-12-14 14:13:23.419	20451	20551	-38	-39	12	6.88	47.04	3.723
2014-12-14 15:13:34.486	20451	20551	-38	-39	10	6.46	47.21	3.721
2014-12-14 16:38:26.087	20451	20551	-38	-39	10
2014-12-14 16:43:28.039	20451	20551	-38	-39	10	6.42	46.99	3.724
2014-12-14 17:28:25.41	20451	20551	-38	-39	10	6.11	47.22	3.725
2014-12-14 17:58:27.53	20451	20551	-38	-39	10	6.03	47.18	3.695
2014-12-14 18:38:24.402	20451	20551	-38	-39	10
2014-12-14 18:38:24.422	20451	20551	-38	-39	10
2014-12-14 18:43:24.467	20451	20551	-38	-39	10	6.01	47.09	3.699
2014-12-14 19:08:22.639	20451	20551	-39	-39	11
2014-12-14 19:38:21.286	20451	20551	-38	-39	11
2014-12-14 19:58:26.238	20451	20551	-39	-39	10	6.28	46.97	3.695
2014-12-14 20:08:23.359	20451	20551	-39	-39	10
2014-12-14 20:13:22.603	20451	20551	-39	-39	10	6.31	46.97	3.724
2014-12-14 20:38:24.339	20451	20551	-39	-39	10
2014-12-14 23:18:27.806	20451	20551	-39	-39	10
2014-12-15 00:38:30.274	20451	20551	-39	-40	10
2014-12-15 00:58:31.174	20451	20551	-39	-40	10	5.58	47.06	3.726
2014-12-15 01:58:26.811	20451	20551	-39	-40	10
2014-12-15 02:58:23.646	20451	20551	-39	-41	10	5.6	47.03	3.725
2014-12-15 03:18:34.098	20451	20551	-40	-40	10
2014-12-15 04:28:28.03	20451	20551	-39	-40	10	5.6	47.0	3.726
2014-12-15 04:38:23.727	20451	20551	-39	-40	10
2014-12-15 05:38:25.65	20451	20551	-39	-40	10
2014-12-15 05:43:23.895	20451	20551	-39	-40	10	5.56	47.09	3.728
2014-12-15 05:58:23.795	20451	20551	-39	-40	10
2014-12-15 06:08:28.69	20451	20551	-39	-40	10
2014-12-15 06:28:23.807	20451	20551	-39	-40	10	5.57	47.06	3.728
2014-12-15 06:43:26.355	20451	20551	-39	-40	10	5.57	47.06	3.728
2014-12-15 06:58:23.979	20451	20551	-39	-42	10	5.57	47.06	3.728
2014-12-15 07:28:33.219	20451	20551	-39	-42	10	5.54	47.09	3.726
2014-12-15 07:38:29.666	20451	20551	-39	-40	10
2014-12-15 07:43:37.27	20451	20551	-39	-40	10	5.56	47.09	3.728
2014-12-15 07:58:38.844	20451	20551	-39	-40	10	5.57	47.06	3.695
2014-12-15 08:08:25.074	20451	20551	-39	-40	10
2014-12-15 08:38:33.127	20451	20551	-39	-40	10
2014-12-15 09:13:27.335	20451	20551	-39	-40	10	6.42	46.18	3.728
2014-12-15 09:18:25.731	20451	20551	-39	-40	10
2014-12-15 10:58:22.646	20451	20551	-39	-41	10	6.81	47.13	3.726
2014-12-15 11:13:28.047	20451	20551	-39	-41	10	7.22	46.84	3.726
2014-12-15 15:13:57.726	20451	20551	-39	-39	10	9.97	47.81	3.73
2014-12-15 16:28:38.451	20451	20551	-38	-39	11	8.14	48.04	3.696
2014-12-15 16:58:30.675	20451	20551	-38	-39	10	7.68	47.98	3.73
2014-12-15 17:08:24.261	20451	20551	-38	-39	10
2014-12-15 17:13:30.619	20451	20551	-38	-39	10	7.51	47.93	3.729
2014-12-15 18:38:25.09	20451	20551	-38	-39	16
2014-12-15 18:38:25.118	20451	20551	-38	-39	16
2014-12-15 18:43:22.59	20451	20551	-38	-39	16	6.01	48.13	3.729
2014-12-15 18:58:25.519	20451	20551	-38	-39	15	5.43	48.27	3.729
2014-12-15 19:28:23.974	20451	20551	-38	-39	14	4.78	47.91	3.728
2014-12-16 00:38:27.143	20451	20551	-38	-38	10
2014-12-16 00:43:27.215	20451	20551	-38	-38	10	2.47	46.88	3.726
2014-12-16 01:13:28.174	20451	20551	-38	-38	10	2.47	46.79	3.725
2014-12-16 01:28:22.735	20451	20551	-37	-37	10	2.36	46.9	3.725
2014-12-16 01:38:24.647	20451	20551	-37	-38	10
2014-12-16 01:43:25.707	20451	20551	-38	-37	10	2.35	46.89	3.728
2014-12-16 01:58:24.122	20451	20551	-37	-37	10
2014-12-16 01:58:24.154	20451	20551	-38	-37	10	2.2	46.94	3.695
2014-12-16 02:08:24.751	20451	20551	-37	-37	10
2014-12-16 02:13:30.088	20451	20551	-37	-37	10	2.17	46.96	3.725
2014-12-16 06:02:17.358	20451	20551	-38	-39	10	4.75	46.9	3.695
2014-12-16 06:28:32.254	20451	20551	-38	-41	10	4.67	47.07	3.723
2014-12-16 06:58:28.359	20451	20551	-38	-39	11	4.83	46.94	3.725
2014-12-16 07:43:41.79	20451	20551	-39	-40	10	5.06	46.94	3.725
2014-12-16 08:13:32.622	20451	20551	-39	-41	10	5.72	46.5	3.725
2014-12-16 08:43:25.538	20451	20551	-39	-41	10	6.13	46.76	3.726
2014-12-16 09:13:26.558	20451	20551	-39	-39	10	6.71	46.68	3.726
2014-12-16 09:18:24.24	20451	20551	-39	-41	10
2014-12-16 09:28:34.639	20451	20551	-39	-41	10	7.06	46.7	3.726
2014-12-16 10:28:34.631	20451	20551	-39	-41	10	8.24	47.0	3.728
2014-12-16 11:13:24.522	20451	20551	-39	-40	10	9.15	46.99	3.728
2014-12-16 11:28:37.727	20451	20551	-39	-40	10	9.36	47.11	3.728
2014-12-16 11:43:30.496	20451	20551	-39	-40	11	9.47	47.31	3.729
2014-12-16 12:08:26.471	20451	20551	-39	-40	12
2014-12-16 12:13:35.395	20451	20551	-39	-39	12	9.86	47.36	3.73
2014-12-16 14:13:23.434	20451	20551	-39	-40	10	11.32	48.33	3.731
2014-12-16 14:43:24.423	20451	20551	-39	-40	10	10.96	48.31	3.732
2014-12-16 19:13:35.355	20451	20551	-39	-39	10	7.2	49.54	3.73
2014-12-16 20:08:33.202	20451	20551	-38	-39	10
2014-12-16 20:13:34.29	20451	20551	-38	-39	10	6.96	48.9	3.73
2014-12-16 21:08:23.035	20451	20551	-39	-39	10
2014-12-16 21:58:30.791	20451	20551	-38	-39	10	5.79	49.59	3.698
2014-12-16 22:08:29.126	20451	20551	-38	-39	10
2014-12-16 22:13:29.191	20451	20551	-38	-39	10	5.71	49.61	3.731
2014-12-16 22:58:26.143	20451	20551	-38	-39	10	5.53	50.13	3.731
2014-12-17 01:43:32.087	20451	20551	-38	-39	10	5.14	52.14	3.729
2014-12-17 02:38:26.934	20451	20551	-39	-39	10
2014-12-17 02:43:33.054	20451	20551	-38	-39	10	4.83	52.57	3.728
2014-12-17 02:58:32.063	20451	20551	-38	-39	10	4.78	52.71	3.728
2014-12-17 06:13:33.022	20451	20551	-38	-38	10	3.28	53.52	3.729
2014-12-17 06:28:24.319	20451	20551	-38	-37	10	3.26	53.23	3.726
2014-12-17 06:43:28.915	20451	20551	-38	-37	10	3.22	52.96	3.728
2014-12-17 10:58:37.107	20451	20551	-38	-37	10	2.56	52.45	3.726
2014-12-17 11:58:26.758	20451	20551	-38	-37	10
2014-12-17 11:58:26.774	20451	20551	-38	-37	10	1.93	53.24	3.695
2014-12-17 15:43:26.031	20451	20551	-37	-38	10	1.0	52.46	3.713
2014-12-17 16:58:28.022	20451	20551	-37	-38	10	0.51	52.57	3.714
2014-12-17 17:18:31.678	20451	20551	-37	-38	10
2014-12-17 17:58:29.563	20451	20551	-37	-38	10
2014-12-17 17:58:29.579	20451	20551	-37	-38	10	0.33	52.45	3.682
2014-12-17 20:13:30.258	20451	20551	-37	-38	10	-0.24	52.2	3.712
2014-12-17 21:43:31.071	20451	20551	-37	-38	10	-0.6	52.41	3.714
2014-12-18 08:38:24.103	20451	20551	-37	-37	10
2014-12-18 08:58:30.042	20451	20551	-37	-38	10	-1.57	50.84	3.71
2014-12-18 09:08:27.255	20451	20551	-37	-38	10
2014-12-18 10:13:26.73	20451	20551	-37	-37	10	-1.07	50.73	3.713
2014-12-18 11:38:29.339	20451	20551	-37	-39	11
2014-12-18 17:43:27.267	20451	20551	-37	-38	10	-1.61	51.04	3.71
2014-12-18 19:18:24.575	20451	20551	-35	-38	10
2014-12-18 19:28:25.295	20451	20551	-37	-38	10	-1.6	50.78	3.712
2014-12-18 19:38:25.658	20451	20551	-37	-39	10
2014-12-18 19:58:43.031	20451	20551	-37	-38	11	-1.64	50.83	3.679
2014-12-18 20:08:28.051	20451	20551	-37	-37	10
2014-12-18 22:43:26.394	20451	20551	-37	-38	10	-1.85	50.86	3.71
2014-12-18 22:58:23.755	20451	20551	-37	-38	10	-1.92	50.94	3.71
2014-12-18 23:08:22.811	20451	20551	-37	-38	10
2014-12-19 00:08:34.01	20451	20551	-37	-38	10
2014-12-19 00:13:27.006	20451	20551	-37	-38	10	-1.93	50.67	3.71
2014-12-19 00:58:26.495	20451	20551	-37	-38	10	-1.92	50.64	3.71
2014-12-19 01:43:23.751	20451	20551	-37	-38	10	-2.03	50.54	3.71
2014-12-19 01:58:25.39	20451	20551	-35	-38	10
2014-12-19 01:58:25.542	20451	20551	-37	-37	10	-2.07	50.62	3.68
2014-12-19 07:18:28.091	20451	20551	-37	-37	10
2014-12-19 17:58:26.967	20451	20551	-37	-37	10	-0.7	50.58	3.677
2014-12-19 18:08:28.382	20451	20551	-37	-37	10
2014-12-19 19:13:28.031	20451	20551	-37	-39	10	-0.82	50.39	3.712
2014-12-19 20:08:31.947	20451	20551	-37	-39	10
2014-12-19 20:38:33.878	20451	20551	-37	-39	10
2014-12-19 20:38:33.894	20451	20551	-37	-39	10
2014-12-19 20:43:32.026	20451	20551	-37	-37	10	-0.91	50.26	3.71
2014-12-19 22:58:30.627	20451	20551	-37	-39	10	-1.29	50.32	3.71
2014-12-19 23:08:24.515	20451	20551	-37	-39	10
2014-12-20 00:38:32.523	20451	20551	-37	-39	10
2014-12-20 01:28:33.578	20451	20551	-37	-39	10	-1.77	50.05	3.709
2014-12-20 01:43:28.462	20451	20551	-37	-38	10	-1.81	50.07	3.71
2014-12-20 03:13:25.046	20451	20551	-37	-37	10	-2.23	50.28	3.712
2014-12-20 03:38:27.378	20451	20551	-37	-38	10
2014-12-20 07:08:24.671	20451	20551	-37	-38	10
2014-12-20 07:13:30.35	20451	20551	-37	-38	10	-2.79	49.79	3.709
2014-12-20 07:18:28.93	20451	20551	-37	-38	10
2014-12-20 07:28:25.231	20451	20551	-37	-38	10	-2.86	49.84	3.709
2014-12-20 07:38:24.235	20451	20551	-37	-38	10
2014-12-20 07:43:25.519	20451	20551	-37	-38	10	-2.88	49.84	3.709
2014-12-20 07:58:30.27	20451	20551	-37	-38	10
2014-12-20 07:58:30.287	20451	20551	-37	-38	14	-2.93	49.89	3.677
2014-12-20 08:08:27.17	20451	20551	-37	-38	14
2014-12-20 11:43:27.49	20451	20551	-38	-39	10	1.75	51.22	3.712
2014-12-20 16:13:28.259	20451	20551	-38	-39	10	2.82	52.87	3.717
2014-12-20 18:08:28.251	20451	20551	-37	-38	10
2014-12-20 18:13:26.442	20451	20551	-35	-37	10	-2.42	49.61	3.714
2014-12-20 18:28:26.39	20451	20551	-37	-37	10	-2.66	49.52	3.713
2014-12-20 18:38:25.755	20451	20551	-37	-39	10
2014-12-20 18:38:25.77	20451	20551	-37	-39	10
2014-12-20 18:43:28.399	20451	20551	-37	-37	10	-2.81	49.38	3.714
2014-12-20 19:08:25.119	20451	20551	-37	-37	10
2014-12-20 19:13:34.439	20451	20551	-37	-37	10	-2.6	48.97	3.714
2014-12-20 19:18:26.567	20451	20551	-37	-37	14
2014-12-20 19:43:27.343	20451	20551	-37	-37	14	-2.0	48.54	3.713
2014-12-20 21:13:33.307	20451	20551	-37	-39	10	-1.92	48.82	3.713
2014-12-20 21:18:34.578	20451	20551	-37	-37	10
2014-12-20 21:28:26.231	20451	20551	-37	-37	10	-1.99	48.81	3.712
2014-12-20 21:58:25.942	20451	20551	-37	-37	10	-2.1	48.83	3.68
2014-12-20 23:08:32.335	20451	20551	-37	-37	10
2014-12-20 23:13:25.243	20451	20551	-37	-37	11	-2.04	48.68	3.712
2014-12-20 23:18:30.015	20451	20551	-37	-37	11
2014-12-20 23:58:27.846	20451	20551	-37	-38	11
2014-12-20 23:58:27.87	20451	20551	-37	-39	11	-2.78	49.06	3.681
2014-12-21 00:08:27.206	20451	20551	-37	-37	11
2014-12-21 00:28:27.11	20451	20551	-37	-39	10	-2.5	48.53	3.712
2014-12-21 01:13:26.303	20451	20551	-37	-37	10	-2.28	48.62	3.712
2014-12-21 01:28:28.182	20451	20551	-37	-37	10	-2.28	48.59	3.714
2014-12-21 01:58:27.735	20451	20551	-37	-37	10
2014-12-21 02:08:29.175	20451	20551	-37	-38	11
2014-12-21 02:13:28.23	20451	20551	-37	-37	14	-3.48	49.37	3.712
2014-12-21 02:28:29.178	20451	20551	-37	-38	14	-3.78	49.3	3.71
2014-12-21 02:38:31.23	20451	20551	-37	-38	14
2014-12-21 03:38:27.195	20451	20551	-37	-38	13
2014-12-21 03:43:31.028	20451	20551	-37	-38	13	-2.71	48.39	3.71
2014-12-21 03:58:27.998	20451	20551	-37	-37	13
2014-12-21 04:28:25.919	20451	20551	-37	-39	13	-2.46	48.36	3.71
2014-12-21 06:58:28.15	20451	20551	-37	-37	11	-2.1	48.47	3.71
2014-12-21 07:13:27.01	20451	20551	-37	-37	11	-2.14	48.52	3.71
2014-12-21 17:58:28.948	20451	20551	-37	-37	11	-2.07	49.45	3.674
2014-12-21 17:58:28.982	20451	20551	-37	-37	10
2014-12-21 18:28:32.442	20451	20551	-37	-37	11	-2.42	49.17	3.71
2014-12-21 19:08:27.298	20451	20551	-37	-37	11
2014-12-21 19:13:29.306	20451	20551	-37	-37	11	-2.66	48.84	3.712
2014-12-21 20:38:32.371	20451	20551	-37	-37	10
2014-12-22 03:28:31.711	20451	20551	-37	-37	10	-4.77	48.23	3.709
2014-12-22 03:38:27.314	20451	20551	-37	-37	10
2014-12-22 03:43:27.654	20451	20551	-37	-37	10	-4.85	48.31	3.708
2014-12-22 04:13:27.659	20451	20551	-37	-38	10	-5.0	48.32	3.708
2014-12-22 04:38:33.314	20451	20551	-37	-37	10
2014-12-22 04:43:28.651	20451	20551	-37	-37	10	-5.28	48.4	3.708
2014-12-22 04:58:28.703	20451	20551	-37	-37	10	-5.35	48.39	3.707
2014-12-22 05:28:26.614	20451	20551	-37	-37	10	-5.36	48.24	3.707
2014-12-22 05:43:30.679	20451	20551	-37	-37	10	-5.29	48.13	3.707
2014-12-22 05:58:32.703	20451	20551	-37	-37	10	-5.28	48.1	3.669
2014-12-22 09:18:30.106	20451	20551	-35	-39	10
2014-12-22 09:18:30.532	20451	20551	-35	-39	10
2014-12-22 10:28:35.206	20451	20551	-38	-39	10	1.53	47.18	3.708
2014-12-22 19:43:27.495	20451	20551	-38	-39	10	3.39	48.67	3.72
2014-12-22 22:13:36.198	20451	20551	-37	-39	10	2.46	48.78	3.719
2014-12-22 23:08:27.754	20451	20551	-37	-39	10
2014-12-22 23:28:30.835	20451	20551	-37	-39	10	2.92	48.39	3.718
2014-12-23 00:08:32.738	20451	20551	-38	-39	10
2014-12-23 00:28:30.711	20451	20551	-38	-39	10	3.24	48.52	3.721
2014-12-23 00:38:37.778	20451	20551	-38	-39	10
2014-12-23 03:58:33.055	20451	20551	-37	-39	11
2014-12-23 03:58:40.147	20451	20551	-37	-39	11	3.2	48.7	3.681
2014-12-23 05:58:31.323	20451	20551	-40	-42	10
2014-12-23 05:58:39.426	20451	20551	-40	-42	10	4.11	48.46	3.681
2014-12-23 07:08:40.927	20451	20551	-41	-43	10
2014-12-23 07:18:39.115	20451	20551	-41	-42	10
2014-12-23 08:38:30.799	20451	20551	-40	-42	11
2014-12-23 08:43:34.295	20451	20551	-40	-42	11	5.24	48.64	3.718
2014-12-23 09:08:35.846	20451	20551	-40	-42	10
2014-12-23 09:13:42.942	20451	20551	-40	-42	10	5.67	48.57	3.719
2014-12-23 09:28:27.983	20451	20551	-40	-42	10	5.86	48.57	3.723
2014-12-23 09:38:32.826	20451	20551	-40	-42	10
2014-12-23 09:58:37.763	20451	20551	-40	-42	10
2014-12-23 09:58:37.779	20451	20551	-40	-41	10	6.45	48.52	3.684
2014-12-23 10:28:37.342	20451	20551	-40	-41	10	7.0	48.6	3.721
2014-12-23 10:38:31.191	20451	20551	-39	-41	10
2014-12-23 10:58:33.411	20451	20551	-39	-40	10	8.01	48.24	3.72
2014-12-23 11:58:41.431	20451	20551	-38	-40	10	9.18	48.85	3.687
2014-12-23 11:58:46.176	20451	20551	-38	-40	10
2014-12-23 12:13:31.855	20451	20551	-38	-40	10	9.57	49.0	3.724
2014-12-23 12:43:31.163	20451	20551	-40	-40	10	11.24	48.47	3.723
2014-12-23 16:28:34.883	20451	20551	-38	-39	10	11.15	50.16	3.726
2014-12-24 03:28:31.05	20451	20551	-40	-42	10	8.18	49.45	3.728
2014-12-24 03:58:31.035	20451	20551	-39	-41	10
2014-12-24 04:13:40.406	20451	20551	-39	-41	10	8.53	49.38	3.728
2014-12-24 04:38:36.082	20451	20551	-39	-41	10
2014-12-24 06:38:35.323	20451	20551	-39	-40	10
2014-12-24 08:08:38.262	20451	20551	-39	-40	10
2014-12-24 08:13:33.291	20451	20551	-39	-40	10	9.6	49.61	3.728
2014-12-24 08:43:35.279	20451	20551	-39	-41	10	9.99	49.54	3.729
2014-12-24 08:58:35.226	20451	20551	-39	-40	10	10.25	49.48	3.729
2014-12-24 09:08:33.682	20451	20551	-39	-40	10
2014-12-24 09:18:37.695	20451	20551	-39	-40	10
2014-12-24 09:28:36.75	20451	20551	-39	-41	10	10.57	49.65	3.73
2014-12-24 09:58:32.318	20451	20551	-39	-41	10
2014-12-24 10:13:40.194	20451	20551	-39	-40	10	11.79	49.29	3.728
2014-12-24 10:38:33.542	20451	20551	-39	-40	10
2014-12-24 10:38:33.555	20451	20551	-39	-39	10
2014-12-24 11:08:31.491	20451	20551	-39	-41	10
2014-12-24 11:13:32.355	20451	20551	-39	-40	10	13.08	49.61	3.73
2014-12-24 13:38:35.032	20451	20551	-39	-40	10
2014-12-24 19:58:34.927	20451	20551	-39	-40	10
2014-12-24 21:58:28.526	20451	20551	-38	-39	10	8.36	53.58	3.692
2014-12-24 22:38:38.646	20451	20551	-38	-39	10
2014-12-24 22:58:33.495	20451	20551	-39	-39	10	7.28	54.31	3.731
2014-12-24 23:08:30.434	20451	20551	-38	-39	10
2014-12-24 23:13:34.614	20451	20551	-38	-39	10	6.71	55.03	3.734
2014-12-24 23:28:31.794	20451	20551	-38	-39	11	6.36	55.88	3.732
2014-12-24 23:38:34.255	20451	20551	-38	-38	11
2014-12-24 23:58:28.118	20451	20551	-38	-38	11
2014-12-25 00:08:36.23	20451	20551	-38	-38	11
2014-12-25 10:13:29.695	20451	20551	-37	-38	10	4.0	55.7	3.724
2014-12-25 10:38:39.954	20451	20551	-37	-38	10
2014-12-25 11:08:31.303	20451	20551	-38	-38	10
2014-12-25 11:43:28.367	20451	20551	-38	-39	10	5.21	55.94	3.724
2014-12-25 12:13:30.607	20451	20551	-37	-39	10	5.14	56.68	3.724
2014-12-25 13:43:27.822	20451	20551	-37	-38	10	4.14	56.55	3.723
2014-12-25 17:18:27.158	20451	20551	-38	-38	10
2014-12-25 17:28:35.355	20451	20551	-37	-38	10	3.78	58.13	3.723
2014-12-25 17:38:29.327	20451	20551	-37	-38	10
2014-12-25 18:28:32.935	20451	20551	-37	-38	10	3.6	57.96	3.721
2014-12-25 18:38:27.699	20451	20551	-37	-38	10
2014-12-25 18:38:27.714	20451	20551	-38	-38	10
2014-12-25 19:13:30.794	20451	20551	-37	-38	10	3.47	57.74	3.721
2014-12-25 19:38:33.306	20451	20551	-37	-38	10
2014-12-25 20:28:35.434	20451	20551	-37	-38	10	3.4	57.38	3.721
2014-12-25 21:18:32.883	20451	20551	-37	-38	10
2014-12-25 21:58:35.871	20451	20551	-37	-38	10
2014-12-25 22:28:27.706	20451	20551	-37	-39	14	3.46	57.19	3.723
2014-12-25 22:58:30.25	20451	20551	-37	-40	10	3.43	57.08	3.721
2014-12-25 23:08:32.913	20451	20551	-37	-38	10
2014-12-25 23:13:32.434	20451	20551	-37	-38	10	3.39	57.13	3.723
2014-12-25 23:18:30.555	20451	20551	-38	-38	10
2014-12-25 23:58:29.486	20451	20551	-37	-38	10
2014-12-26 00:08:31.254	20451	20551	-37	-38	10
2014-12-26 00:13:28.266	20451	20551	-37	-38	10	3.25	56.93	3.721
2014-12-26 00:28:28.707	20451	20551	-37	-38	10	3.21	57.04	3.721
2014-12-26 00:43:29.887	20451	20551	-37	-38	10	3.2	57.01	3.721
2014-12-26 00:58:32.671	20451	20551	-38	-39	10	3.21	56.9	3.721
2014-12-26 01:08:28.575	20451	20551	-37	-38	10
2014-12-26 01:18:27.575	20451	20551	-37	-38	10
2014-12-26 09:38:31.207	20451	20551	-38	-39	10
2014-12-26 10:58:29.042	20451	20551	-39	-39	10	8.0	57.21	3.719
2014-12-26 11:18:28.694	20451	20551	-39	-41	10
2014-12-26 11:38:29.366	20451	20551	-39	-41	10
2014-12-26 11:58:38.278	20451	20551	-39	-39	10	9.97	56.75	3.681
2014-12-26 12:08:33.731	20451	20551	-38	-41	10
2014-12-26 12:38:28.826	20451	20551	-39	-41	10
2014-12-26 12:38:28.847	20451	20551	-39	-40	10
2014-12-26 12:58:28.934	20451	20551	-39	-40	10	12.47	54.26	3.723
2014-12-26 13:18:32.494	20451	20551	-39	-40	10
2014-12-26 13:38:30.751	20451	20551	-39	-41	10
2014-12-26 13:43:31.787	20451	20551	-39	-41	10	15.5	56.3	3.725
2014-12-26 13:58:28.323	20451	20551	-39	-41	10
2014-12-26 13:58:28.346	20451	20551	-39	-41	10	17.07	53.09	3.688
2014-12-26 14:08:33.774	20451	20551	-39	-41	10
2014-12-26 14:13:30.439	20451	20551	-39	-41	10	14.88	56.21	3.726
2014-12-26 14:58:27.615	20451	20551	-39	-41	11	15.97	55.5	3.726
2014-12-26 15:13:32.13	20451	20551	-39	-40	11	12.97	58.73	3.728
2014-12-26 15:28:31.667	20451	20551	-39	-39	11	13.89	54.53	3.728
2014-12-26 21:43:28.01	20451	20551	-37	-39	10	4.4	52.92	3.723
2014-12-26 23:38:31.714	20451	20551	-37	-38	10
2014-12-26 23:43:31.73	20451	20551	-37	-38	10	3.03	52.99	3.723
2014-12-26 23:58:39.542	20451	20551	-37	-40	10
2014-12-27 00:28:26.783	20451	20551	-37	-38	10	3.28	52.58	3.723
2014-12-27 00:58:42.994	20451	20551	-37	-39	10	3.58	52.3	3.723
2014-12-27 01:08:35.706	20451	20551	-37	-38	11
2014-12-27 01:13:30.49	20451	20551	-37	-38	12	3.24	52.84	3.723
2014-12-27 01:38:34.682	20451	20551	-37	-38	12
2014-12-27 03:13:29.071	20451	20551	-37	-38	10	2.82	52.22	3.723
2014-12-27 03:18:30.263	20451	20551	-37	-38	10
2014-12-27 03:58:32.122	20451	20551	-37	-38	10	2.45	52.64	3.686
2014-12-27 04:08:28.455	20451	20551	-37	-38	10
2014-12-27 04:28:27.535	20451	20551	-37	-38	10	2.75	51.98	3.723
2014-12-27 04:43:27.735	20451	20551	-37	-38	10	2.74	51.92	3.723
2014-12-27 10:08:36.178	20451	20551	-38	-39	10
2014-12-27 13:13:29.936	20451	20551	-39	-40	10	17.57	52.42	3.728
2014-12-27 15:13:32.511	20451	20551	-39	-41	11	16.65	55.26	3.732
2014-12-27 15:18:30.131	20451	20551	-39	-40	11
2014-12-27 15:28:33.695	20451	20551	-39	-40	11	16.65	53.83	3.731
2014-12-27 15:38:29.411	20451	20551	-39	-39	11
2014-12-27 15:58:32.039	20451	20551	-39	-40	10	16.47	53.83	3.697
2014-12-27 16:13:36.443	20451	20551	-39	-39	10	15.61	54.26	3.732
2014-12-27 16:38:32.31	20451	20551	-39	-41	10
2014-12-27 16:38:32.327	20451	20551	-38	-41	10
2014-12-27 16:58:28.802	20451	20551	-39	-41	10	13.36	53.6	3.735
2014-12-27 17:38:30.722	20451	20551	-39	-40	10
2014-12-27 18:38:33.094	20451	20551	-38	-40	10
2014-12-27 18:38:33.114	20451	20551	-38	-40	10
2014-12-28 00:38:31.94	20451	20551	-39	-40	10
2014-12-28 01:13:56.995	20451	20551	-39	-40	10	6.86	52.44	3.729
2014-12-28 01:43:34.086	20451	20551	-39	-40	10	6.86	52.32	3.729
2014-12-28 01:58:29.286	20451	20551	-39	-40	10
2014-12-28 03:08:26.851	20451	20551	-39	-41	10
2014-12-28 03:18:32.614	20451	20551	-39	-41	10
2014-12-28 03:28:30.923	20451	20551	-39	-41	10	7.57	52.21	3.729
2014-12-28 03:38:32.81	20451	20551	-39	-41	10
2014-12-28 04:38:30.334	20451	20551	-41	-41	10
2014-12-28 04:43:40.894	20451	20551	-40	-42	10	7.85	52.34	3.728
2014-12-28 05:38:40.33	20451	20551	-41	-42	10
2014-12-28 05:43:30.767	20451	20551	-40	-42	11	7.79	52.46	3.729
2014-12-28 07:13:31.651	20451	20551	-41	-42	10	5.18	54.83	3.728
2014-12-28 07:18:37.063	20451	20551	-41	-42	10
2014-12-28 09:38:31.494	20451	20551	-41	-41	10
2014-12-28 09:43:38.647	20451	20551	-40	-41	10	3.75	56.24	3.726
2014-12-28 12:58:36.878	20451	20551	-39	-40	10	3.39	57.27	3.725
2014-12-28 13:13:32.679	20451	20551	-39	-42	10	3.25	57.59	3.723
2014-12-28 13:18:38.519	20451	20551	-39	-40	10
2014-12-28 13:43:43.368	20451	20551	-39	-40	10	2.96	58.08	3.724
2014-12-28 14:13:34.515	20451	20551	-39	-39	10	3.39	58.06	3.724
2014-12-28 15:38:29.975	20451	20551	-38	-38	10
2014-12-28 15:58:31.567	20451	20551	-38	-38	10	3.64	59.18	3.686
2014-12-28 18:08:28.851	20451	20551	-38	-38	10
2014-12-28 18:43:29.85	20451	20551	-38	-38	10	2.15	59.89	3.723
2014-12-28 20:08:39.891	20451	20551	-37	-39	10
2014-12-28 20:38:31.827	20451	20551	-37	-37	14
2014-12-28 20:43:29.755	20451	20551	-37	-37	14	2.13	59.02	3.723
2014-12-28 22:08:31.747	20451	20551	-37	-37	10
2014-12-29 06:58:29.455	20451	20551	-37	-37	10	-2.7	58.63	3.715
2014-12-29 08:28:27.686	20451	20551	-37	-37	10	-2.96	57.37	3.715
2014-12-29 08:43:31.291	20451	20551	-37	-37	10	-2.66	56.88	3.714
2014-12-29 13:58:30.347	20451	20551	-38	-40	10
2014-12-29 14:08:33.658	20451	20551	-38	-39	10
2014-12-29 15:13:31.97	20451	20551	-38	-39	10	2.85	57.21	3.717
2014-12-29 16:13:31.118	20451	20551	-37	-39	10	1.97	56.56	3.717
2014-12-29 16:28:34.135	20451	20551	-37	-38	10	1.5	56.8	3.714
2014-12-29 16:38:30.655	20451	20551	-37	-38	10
2014-12-29 18:38:34.018	20451	20551	-37	-37	10
2014-12-29 22:08:48.224	20451	20551	-37	-38	10
2014-12-30 05:28:30.434	20451	20551	-37	-37	10	-4.53	54.06	3.706
2014-12-30 05:38:31.37	20451	20551	-35	-38	10
2014-12-30 09:08:34.574	20451	20551	-37	-38	11
2014-12-30 13:58:28.922	20451	20551	-39	-40	11
2014-12-30 15:58:34.903	20451	20551	-38	-39	11	4.71	54.26	3.668
2014-12-30 17:13:34.251	20451	20551	-37	-39	10	-1.28	54.9	3.707
2014-12-30 17:18:36.828	20451	20551	-37	-39	10
2014-12-30 17:28:30.131	20451	20551	-37	-38	11	-1.6	54.31	3.708
2014-12-30 17:38:30.111	20451	20551	-37	-39	11
2014-12-30 17:58:37.719	20451	20551	-37	-38	11
2014-12-30 17:58:37.739	20451	20551	-37	-38	11	-2.14	53.71	3.664
2014-12-31 01:18:33.487	20451	20551	-37	-37	10
2014-12-31 01:28:33.926	20451	20551	-37	-37	10	-6.3	52.52	3.708
2014-12-31 01:38:29.847	20451	20551	-37	-37	11
2014-12-31 03:18:33.594	20451	20551	-36	-37	10
2014-12-31 03:38:33.011	20451	20551	-37	-37	10
2014-12-31 06:38:29.019	20451	20551	-37	-38	10
2014-12-31 06:38:29.038	20451	20551	-37	-37	10
2014-12-31 17:18:33.547	20451	20551	-37	-38	10
2014-12-31 17:58:31.326	20451	20551	-37	-38	10
2014-12-31 18:38:31.222	20451	20551	-37	-37	10
2014-12-31 18:43:48.303	20451	20551	-37	-38	11	-5.21	52.11	3.699
2014-12-31 21:08:36.707	20451	20551	-36	-37	10
2014-12-31 21:13:34.694	20451	20551	-36	-37	10	-6.03	51.88	3.698
2014-12-31 21:38:30.147	20451	20551	-36	-36	10
2014-12-31 21:43:30.694	20451	20551	-37	-37	10	-6.07	51.76	3.696
2014-12-31 21:58:33.722	20451	20551	-44	-37	10	-6.03	51.76	3.659
2014-12-31 21:58:33.974	20451	20551	-37	-37	10
2015-01-01 01:38:36.947	20451	20551	-36	-37	10
2015-01-01 01:58:33.914	20451	20551	-36	-37	10
2015-01-01 04:08:33.09	20451	20551	-37	-37	10
2015-01-01 04:38:32.055	20451	20551	-36	-37	10
2015-01-01 04:38:32.078	20451	20551	-36	-37	10
2015-01-01 04:58:38.195	20451	20551	-36	-37	10	-6.17	51.86	3.695
2015-01-01 06:28:36.339	20451	20551	-36	-37	10	-6.56	51.97	3.695
2015-01-01 06:38:40.314	20451	20551	-36	-37	11
2015-01-01 06:38:40.33	20451	20551	-36	-37	10
2015-01-01 06:58:33.931	20451	20551	-36	-37	10	-6.68	52.01	3.693
2015-01-01 07:08:43.214	20451	20551	-36	-37	10
2015-01-01 07:18:33.283	20451	20551	-36	-37	10
2015-01-01 07:38:31.327	20451	20551	-36	-37	10
2015-01-01 07:58:32.194	20451	20551	-36	-37	10	-6.71	51.92	3.656
2015-01-01 09:18:35.018	20451	20551	-36	-37	10
2015-01-01 09:18:36.016	20451	20551	-36	-37	10
2015-01-01 13:28:35.321	20451	20551	-38	-39	10	8.01	50.83	3.698
2015-01-01 13:38:45.466	20451	20551	-37	-39	10
2015-01-01 14:13:31.678	20451	20551	-37	-39	10	5.61	54.39	3.701
2015-01-01 14:28:38.779	20451	20551	-37	-39	10	7.03	52.41	3.701
2015-01-01 14:38:34.571	20451	20551	-37	-40	10
2015-01-01 16:58:33.539	20451	20551	-37	-38	10	1.07	53.46	3.702
2015-01-01 19:38:35.238	20451	20551	-37	-38	10
2015-01-01 19:58:31.822	20451	20551	-37	-38	10	-0.78	52.58	3.666
2015-01-01 20:13:39.519	20451	20551	-37	-38	10	-0.73	52.36	3.704
2015-01-01 21:28:41.295	20451	20551	-37	-38	10	-0.41	52.32	3.701
2015-01-01 22:38:38.255	20451	20551	-37	-38	10
2015-01-01 22:58:35.306	20451	20551	-35	-38	10	-0.16	52.32	3.703
2015-01-02 02:28:32.079	20451	20551	-36	-38	10	-1.14	52.56	3.702
2015-01-02 02:38:34.894	20451	20551	-37	-38	10
2015-01-02 02:58:36.046	20451	20551	-37	-38	10	-1.32	52.48	3.701
2015-01-02 12:38:32.666	20451	20551	-38	-39	10
2015-01-02 19:43:40.583	20451	20551	-37	-38	10	-2.04	52.92	3.703
2015-01-03 05:28:35.391	20451	20551	-37	-38	10	-1.52	52.13	3.699
2015-01-03 05:58:35.539	20451	20551	-37	-39	10
2015-01-03 05:58:37.727	20451	20551	-37	-38	10	-1.0	51.97	3.664
2015-01-03 06:08:37.654	20451	20551	-37	-38	10
2015-01-03 07:38:32.319	20451	20551	-37	-37	10
2015-01-03 15:18:45.746	20451	20551	-41	-41	10
2015-01-03 15:28:40.078	20451	20551	-41	-42	10	4.81	53.13	3.703
2015-01-03 16:28:36.03	20451	20551	-41	-43	10	5.15	53.47	3.704
2015-01-03 16:43:36.987	20451	20551	-41	-43	10	5.2	53.48	3.702
2015-01-03 17:38:42.99	20451	20551	-41	-41	10
2015-01-03 17:58:42.622	20451	20551	-41	-43	10
2015-01-03 19:08:32.831	20451	20551	-41	-43	10
2015-01-03 19:13:44.002	20451	20551	-41	-43	10	5.24	53.78	3.704
2015-01-03 20:13:36.899	20451	20551	-41	-41	10	6.89	53.16	3.707
2015-01-03 20:38:36.966	20451	20551	-41	-43	10
2015-01-03 20:43:35.971	20451	20551	-41	-43	10	8.75	52.38	3.708
2015-01-03 20:58:33.902	20451	20551	-41	-41	10	8.39	53.61	3.709
2015-01-03 21:13:39.234	20451	20551	-41	-43	10	8.29	53.99	3.709
2015-01-03 22:58:42.319	20451	20551	-41	-43	10	9.43	53.97	3.71
2015-01-03 23:18:37.779	20451	20551	-41	-43	10
2015-01-04 00:08:35.061	20451	20551	-41	-43	10
2015-01-04 00:13:35.091	20451	20551	-41	-43	10	10.22	54.24	3.713
2015-01-04 01:08:36.667	20451	20551	-41	-43	10
2015-01-04 01:28:36.003	20451	20551	-41	-43	10	11.49	54.3	3.715
2015-01-04 01:43:34.911	20451	20551	-41	-42	10	11.27	54.75	3.715
2015-01-04 03:18:42.375	20451	20551	-41	-43	10
2015-01-04 06:58:35.454	20451	20551	-41	-41	10	13.08	55.19	3.721
2015-01-04 07:08:44.534	20451	20551	-41	-43	10
2015-01-04 07:38:37.322	20451	20551	-41	-43	10
2015-01-04 09:43:40.043	20451	20551	-39	-41	10	15.46	54.57	3.725
2015-01-04 10:08:39.955	20451	20551	-39	-40	10
2015-01-04 10:38:37.594	20451	20551	-39	-40	10
2015-01-04 11:13:43.843	20451	20551	-39	-40	10	14.32	55.74	3.728
2015-01-04 14:28:39.663	20451	20551	-39	-39	10	13.35	54.42	3.726
2015-01-04 18:28:39.426	20451	20551	-38	-39	10	5.33	55.52	3.724
2015-01-04 18:58:42.906	20451	20551	-37	-38	11	4.88	55.45	3.724
2015-01-04 21:08:37.791	20451	20551	-37	-38	10
2015-01-04 21:38:33.154	20451	20551	-37	-38	10
2015-01-04 22:38:43.206	20451	20551	-37	-38	10
2015-01-04 22:58:34.206	20451	20551	-37	-38	10	1.71	54.4	3.721
2015-01-04 23:13:37.606	20451	20551	-37	-38	10	1.56	54.52	3.72
2015-01-04 23:28:38.851	20451	20551	-37	-39	10	1.17	54.78	3.721
2015-01-04 23:43:35.07	20451	20551	-37	-37	10	0.89	54.82	3.72
2015-01-04 23:58:35.835	20451	20551	-37	-37	10	0.72	54.68	3.685
2015-01-05 00:28:33.918	20451	20551	-37	-38	10	0.25	54.7	3.72
2015-01-05 00:38:34.739	20451	20551	-37	-37	10
2015-01-05 00:43:35.002	20451	20551	-37	-37	10	-0.06	54.79	3.719
2015-01-05 01:08:37.89	20451	20551	-37	-39	10
2015-01-05 03:43:37.92	20451	20551	-37	-38	10	-1.91	54.66	3.718
2015-01-05 04:13:42.119	20451	20551	-37	-38	10	-2.32	54.48	3.717
2015-01-05 06:43:33.471	20451	20551	-36	-37	10	-4.34	54.49	3.714
2015-01-05 10:58:35.823	20451	20551	-37	-37	10	-5.14	55.52	3.709
2015-01-05 11:08:34.667	20451	20551	-35	-38	11
2015-01-05 12:13:35.787	20451	20551	-37	-38	10	-5.68	54.48	3.709
2015-01-05 12:38:33.954	20451	20551	-37	-37	10
2015-01-05 12:43:33.746	20451	20551	-37	-38	10	-5.1	53.58	3.708
2015-01-05 13:08:32.518	20451	20551	-37	-38	10
2015-01-05 13:13:40.77	20451	20551	-37	-38	10	-4.0	52.43	3.708
2015-01-06 01:18:41.974	20451	20551	-36	-35	10
2015-01-06 02:28:36.847	20451	20551	-36	-37	10	-8.78	52.78	3.701
2015-01-06 02:38:36.095	20451	20551	-36	-37	11
2015-01-06 09:08:35.718	20451	20551	-36	-37	10
2015-01-06 09:13:43.983	20451	20551	-36	-37	10	-7.89	52.57	3.698
2015-01-06 09:18:39.451	20451	20551	-36	-37	10
2015-01-06 09:43:43.98	20451	20551	-34	-37	10	-7.42	52.64	3.697
2015-01-06 12:13:36.927	20451	20551	-37	-37	10	-4.39	53.12	3.699
2015-01-06 12:58:37.886	20451	20551	-37	-38	11	-3.5	53.28	3.699
2015-01-06 13:08:39.794	20451	20551	-37	-38	11
2015-01-06 13:18:38.01	20451	20551	-37	-38	10
2015-01-06 13:38:37.986	20451	20551	-37	-38	10
2015-01-06 13:43:35.818	20451	20551	-37	-37	10	-2.25	51.99	3.699
2015-01-06 14:13:36.803	20451	20551	-37	-38	10	-3.53	54.41	3.699
2015-01-06 14:38:35.971	20451	20551	-37	-38	10
2015-01-06 15:13:37.783	20451	20551	-37	-38	10	-4.68	54.24	3.699
2015-01-06 15:38:35.531	20451	20551	-37	-38	10
2015-01-06 15:43:39.559	20451	20551	-36	-37	10	-5.49	54.62	3.699
2015-01-06 16:13:36.087	20451	20551	-36	-37	10	-5.55	54.08	3.698
2015-01-06 16:38:39.126	20451	20551	-36	-37	11
2015-01-06 16:38:39.142	20451	20551	-36	-37	11
2015-01-06 17:18:35.926	20451	20551	-36	-37	10
2015-01-06 17:28:36.754	20451	20551	-36	-37	10	-7.18	54.0	3.698
2015-01-06 17:43:35.7	20451	20551	-36	-37	10	-7.23	53.77	3.697
2015-01-06 17:58:35.703	20451	20551	-37	-37	11
2015-01-06 17:58:35.726	20451	20551	-36	-37	11	-7.27	53.65	3.646
2015-01-06 18:08:35.814	20451	20551	-36	-37	11
2015-01-06 19:58:35.723	20451	20551	-36	-37	10
2015-01-06 21:08:41.69	20451	20551	-36	-37	10
2015-01-06 21:13:37.743	20451	20551	-36	-37	10	-8.64	53.36	3.696
2015-01-06 21:18:35.927	20451	20551	-36	-37	10
2015-01-06 21:43:37.763	20451	20551	-36	-37	10	-8.77	53.37	3.697
2015-01-06 22:28:40.786	20451	20551	-36	-36	10	-8.69	53.18	3.696
2015-01-06 22:38:37.994	20451	20551	-36	-37	10
2015-01-06 22:38:38.01	20451	20551	-37	-37	10
2015-01-06 23:13:39.759	20451	20551	-36	-37	10	-8.78	53.26	3.696
2015-01-07 00:13:35.851	20451	20551	-36	-37	10	-9.09	53.35	3.698
2015-01-07 00:28:41.83	20451	20551	-34	-37	10	-9.12	53.32	3.696
2015-01-07 00:38:38.13	20451	20551	-36	-37	10
2015-01-07 00:43:41.822	20451	20551	-36	-37	10	-9.08	53.24	3.696
2015-01-07 00:58:36.262	20451	20551	-36	-37	10	-9.11	53.23	3.696
2015-01-07 01:13:38.79	20451	20551	-36	-37	10	-9.17	53.28	3.696
2015-01-07 01:28:36.758	20451	20551	-36	-37	10	-9.26	53.32	3.697
2015-01-07 02:43:36.051	20451	20551	-36	-37	10	-9.86	53.4	3.696
2015-01-07 02:58:41.135	20451	20551	-36	-37	10	-9.9	53.28	3.693
2015-01-07 03:13:38.063	20451	20551	-36	-37	10	-9.96	53.3	3.695
2015-01-07 03:58:38.098	20451	20551	-34	-37	10
2015-01-07 03:58:38.118	20451	20551	-36	-37	10	-10.19	53.29	3.643
2015-01-07 04:58:37.099	20451	20551	-36	-37	10	-10.78	53.4	3.695
2015-01-07 05:08:35.896	20451	20551	-36	-37	10
2015-01-07 05:18:36.303	20451	20551	-36	-37	10
2015-01-07 06:08:36.427	20451	20551	-36	-35	10
2015-01-07 06:38:36.371	20451	20551	-36	-37	10
2015-01-07 06:38:36.391	20451	20551	-34	-36	10
2015-01-07 06:43:37.115	20451	20551	-36	-36	10	-11.13	53.18	3.693
2015-01-07 06:58:38.947	20451	20551	-36	-35	10	-11.16	53.12	3.692
2015-01-07 07:08:36.018	20451	20551	-34	-36	10
2015-01-07 07:13:38.142	20451	20551	-36	-36	10	-11.32	53.24	3.695
2015-01-07 07:18:38.051	20451	20551	-33	-36	10
2015-01-07 07:28:39.174	20451	20551	-36	-35	10	-11.43	53.25	3.692
2015-01-07 07:38:41.847	20451	20551	-36	-36	11
2015-01-07 08:38:40.079	20451	20551	-36	-36	13
2015-01-07 08:38:40.375	20451	20551	-36	-36	13
2015-01-07 09:18:41.594	20451	20551	-36	-37	13
2015-01-07 10:38:36.386	20451	20551	-36	-37	12
2015-01-07 10:38:36.402	20451	20551	-36	-37	12
2015-01-07 10:43:37.295	20451	20551	-36	-37	12	-8.94	53.26	3.691
2015-01-07 11:08:36.24	20451	20551	-37	-37	11
2015-01-07 11:13:38.495	20451	20551	-37	-36	11	-7.87	52.8	3.691
2015-01-07 11:18:39.167	20451	20551	-37	-37	10
2015-01-07 11:28:38.23	20451	20551	-37	-37	10	-7.0	53.89	3.69
2015-01-07 11:38:36.355	20451	20551	-37	-38	10
2015-01-07 11:43:40.242	20451	20551	-37	-37	10	-7.52	54.62	3.691
2015-01-07 12:08:40.659	20451	20551	-37	-38	10
2015-01-07 12:13:40.346	20451	20551	-37	-37	10	-7.76	54.39	3.692
2015-01-07 12:38:40.827	20451	20551	-36	-37	10
2015-01-07 12:43:44.279	20451	20551	-36	-37	10	-8.42	54.32	3.692
2015-01-07 13:08:39.139	20451	20551	-36	-37	10
2015-01-07 13:13:38.243	20451	20551	-36	-37	10	-9.82	54.96	3.69
2015-01-07 15:28:45.33	20451	20551	-37	-38	10	-6.6	53.3	3.693
2015-01-07 15:38:37.554	20451	20551	-36	-37	14
2015-01-07 15:43:38.271	20451	20551	-36	-37	14	-9.38	56.23	3.687
2015-01-07 17:28:38.291	20451	20551	-36	-36	11	-13.42	54.02	3.691
2015-01-07 18:08:38.507	20451	20551	-35	-35	11
2015-01-07 20:43:44.591	20451	20551	-35	-35	10	-14.96	52.38	3.686
2015-01-07 20:58:44.591	20451	20551	-35	-35	11	-15.04	52.51	3.686
2015-01-07 21:08:41.474	20451	20551	-33	-35	12
2015-01-08 02:08:43.119	20451	20551	-35	-34	10
2015-01-08 02:58:42.047	20451	20551	-35	-34	10	-16.9	52.12	3.684
2015-01-08 11:08:42.732	20451	20551	-37	-37	10
2015-01-08 11:13:43.758	20451	20551	-36	-37	10	-10.36	54.1	3.68
2015-01-08 11:43:45.759	20451	20551	-37	-36	10	-9.1	55.1	3.681
2015-01-08 12:28:40.682	20451	20551	-36	-37	11	-8.86	54.19	3.681
2015-01-08 13:08:39.955	20451	20551	-34	-37	10
2015-01-08 13:28:42.106	20451	20551	-36	-37	10	-6.23	52.9	3.682
2015-01-08 14:08:43.114	20451	20551	-36	-37	10
2015-01-08 14:38:42.442	20451	20551	-36	-37	10
2015-01-08 15:08:41.622	20451	20551	-36	-37	10
2015-01-08 15:58:41.903	20451	20551	-36	-36	10
2015-01-08 15:58:41.938	20451	20551	-36	-36	10	-9.76	54.05	3.636
2015-01-08 16:28:44.499	20451	20551	-36	-36	10	-10.74	54.18	3.684
2015-01-08 16:38:44.427	20451	20551	-36	-36	10
2015-01-08 16:38:48.419	20451	20551	-36	-36	10
2015-01-08 16:43:43.459	20451	20551	-36	-36	10	-11.04	54.05	3.682
2015-01-08 17:13:42.468	20451	20551	-36	-35	10	-11.58	53.36	3.681
2015-01-08 20:28:49.034	20451	20551	-36	-36	14	-10.9	52.69	3.679
2015-01-08 20:58:46.694	20451	20551	-36	-36	14	-10.52	52.63	3.68
2015-01-08 23:08:41.57	20451	20551	-36	-36	10
2015-01-08 23:13:47.05	20451	20551	-36	-36	10	-10.0	52.79	3.681
2015-01-08 23:28:44.023	20451	20551	-36	-36	11	-9.86	52.67	3.681
2015-01-08 23:43:42.754	20451	20551	-36	-36	11	-9.69	52.61	3.679
2015-01-09 00:58:48.331	20451	20551	-36	-37	10	-6.75	50.72	3.681
2015-01-09 01:18:49.45	20451	20551	-36	-37	10
2015-01-09 01:38:45.847	20451	20551	-36	-37	10
2015-01-09 02:13:46.443	20451	20551	-36	-37	10	-6.3	52.78	3.682
2015-01-09 02:28:51.402	20451	20551	-36	-37	10	-6.32	52.98	3.684
2015-01-09 06:13:49.535	20451	20551	-36	-37	10	-6.92	52.94	3.682
2015-01-09 11:13:43.299	20451	20551	-37	-37	10	-3.93	54.07	3.684
2015-01-09 11:18:45.318	20451	20551	-37	-38	10
2015-01-09 11:28:45.658	20451	20551	-37	-37	10	-3.89	55.34	3.685
2015-01-09 11:38:46.687	20451	20551	-37	-38	10
2015-01-09 11:43:45.65	20451	20551	-38	-38	10	-1.71	53.83	3.684
2015-01-09 11:58:46.387	20451	20551	-38	-39	10
2015-01-09 11:58:47.163	20451	20551	-38	-39	10	-1.29	54.35	3.637
2015-01-09 13:38:47.466	20451	20551	-37	-38	10
2015-01-09 13:58:50.325	20451	20551	-37	-38	10	-4.64	56.76	3.636
2015-01-09 15:58:53.043	20451	20551	-37	-38	10	-5.21	56.23	3.638
2015-01-09 16:28:48.823	20451	20551	-36	-37	10	-6.74	55.46	3.686
2015-01-09 16:38:52.98	20451	20551	-36	-37	10
2015-01-09 16:43:45.887	20451	20551	-36	-35	10	-7.5	54.76	3.686
2015-01-09 17:08:51.391	20451	20551	-36	-37	10
2015-01-09 20:43:53.811	20451	20551	-36	-36	10	-11.49	52.43	3.681
2015-01-09 21:08:46.263	20451	20551	-36	-36	10
2015-01-09 21:38:45.303	20451	20551	-36	-35	10
2015-01-09 22:08:56.439	20451	20551	-36	-35	10
2015-01-09 22:13:59.634	20451	20551	-35	-35	11	-13.02	52.9	3.68
2015-01-09 22:58:47.286	20451	20551	-35	-35	10	-13.44	52.53	3.68
2015-01-09 23:08:46.551	20451	20551	-35	-35	10
2015-01-09 23:18:45.259	20451	20551	-36	-35	10
2015-01-09 23:43:50.658	20451	20551	-35	-35	10	-14.16	52.48	3.679
2015-01-09 23:58:47.254	20451	20551	-35	-35	10	-14.42	52.49	3.624
2015-01-10 00:13:52.019	20451	20551	-35	-34	11	-14.64	52.46	3.679
2015-01-10 00:28:49.514	20451	20551	-35	-34	11	-15.0	52.62	3.677
2015-01-10 00:38:46.458	20451	20551	-35	-34	10
2015-01-10 01:08:54.463	20451	20551	-35	-34	10
2015-01-10 01:18:51.471	20451	20551	-33	-34	10
2015-01-10 03:08:51.682	20451	20551	-35	-34	10
2015-01-10 03:13:55.25	20451	20551	-35	-34	10	-16.62	52.16	3.673
2015-01-10 03:38:44.842	20451	20551	-35	-34	11
2015-01-10 03:58:53.467	20451	20551	-33	-33	11	-17.06	52.1	3.607
2015-01-10 04:13:49.35	20451	20551	-35	-34	11	-17.07	51.98	3.673
2015-01-10 04:43:54.372	20451	20551	-35	-34	10	-17.08	51.82	3.674
2015-01-10 05:58:48.078	20451	20551	-35	-34	10	-17.48	51.84	3.605
2015-01-10 06:38:54.65	20451	20551	-35	-34	10
2015-01-10 06:38:54.668	20451	20551	-35	-34	10
2015-01-10 06:43:47.066	20451	20551	-35	-33	10	-17.56	51.75	3.671
2015-01-10 07:08:50.662	20451	20551	-33	-33	10
2015-01-10 07:28:49.095	20451	20551	-35	-34	10	-17.6	51.69	3.671
2015-01-10 07:58:45.427	20451	20551	-35	-33	10
2015-01-10 08:38:50.878	20451	20551	-35	-33	10
2015-01-10 10:28:55.199	20451	20551	-36	-36	10	-10.81	49.63	3.675
2015-01-10 11:38:54.259	20451	20551	-36	-37	10
2015-01-10 11:58:48.694	20451	20551	-37	-36	10
2015-01-10 12:28:49.959	20451	20551	-37	-37	10	-7.09	54.94	3.677
2015-01-10 12:38:54.411	20451	20551	-37	-39	10
2015-01-10 12:58:58.446	20451	20551	-37	-39	10	-5.96	54.72	3.677
2015-01-10 13:18:47.04	20451	20551	-37	-37	14
2015-01-10 13:43:56.67	20451	20551	-37	-38	11	-0.46	52.66	3.68
2015-01-10 13:58:53.746	20451	20551	-38	-39	10	-0.06	52.69	3.631
2015-01-10 14:28:51.746	20451	20551	-37	-39	10	-0.98	54.17	3.681
2015-01-10 15:08:54.431	20451	20551	-37	-38	10
2015-01-10 15:18:49.555	20451	20551	-37	-38	10
2015-01-10 15:28:54.698	20451	20551	-37	-39	10	-1.78	52.64	3.684
2015-01-10 15:58:50.018	20451	20551	-36	-38	10
2015-01-10 15:58:50.867	20451	20551	-36	-38	10	-2.53	52.88	3.634
2015-01-10 16:13:58.407	20451	20551	-36	-37	10	-3.53	54.07	3.682
2015-01-10 16:28:50.663	20451	20551	-36	-37	10	-5.98	56.08	3.681
2015-01-10 16:43:50.61	20451	20551	-36	-37	10	-7.57	56.11	3.682
2015-01-10 17:08:49.79	20451	20551	-36	-36	11
2015-01-10 21:13:54.699	20451	20551	-36	-36	10	-10.19	51.73	3.681
2015-01-11 00:13:53.499	20451	20551	-36	-35	10	-12.28	51.73	3.677
2015-01-11 00:43:49.98	20451	20551	-36	-35	10	-12.28	51.9	3.676
2015-01-11 01:08:48.175	20451	20551	-33	-36	10
2015-01-11 01:18:47.183	20451	20551	-35	-36	10
2015-01-11 01:28:51.095	20451	20551	-36	-36	10	-11.9	52.04	3.677
2015-01-11 01:39:01.374	20451	20551	-36	-35	10
2015-01-11 02:58:53.343	20451	20551	-36	-35	10	-10.26	51.44	3.677
2015-01-11 03:08:49.242	20451	20551	-36	-36	10
2015-01-11 03:38:47.246	20451	20551	-36	-37	10
2015-01-11 03:43:47.226	20451	20551	-36	-37	10	-9.52	51.54	3.679
2015-01-11 04:13:55.126	20451	20551	-36	-37	10	-8.74	51.4	3.68
2015-01-11 07:59:06.183	20451	20551	-36	-37	10	-6.39	52.0	3.63
2015-01-11 08:28:50.15	20451	20551	-36	-37	10	-5.66	51.7	3.68
2015-01-11 09:58:52.718	20451	20551	-37	-38	10
2015-01-11 10:13:48.002	20451	20551	-37	-39	10	-1.96	51.37	3.682
2015-01-11 10:28:54.218	20451	20551	-35	-37	10	-1.36	51.39	3.684
2015-01-11 10:38:49.035	20451	20551	-37	-37	10
2015-01-11 10:38:52.206	20451	20551	-37	-37	10
2015-01-11 11:43:53.839	20451	20551	-37	-37	10	0.46	51.98	3.686
2015-01-11 11:58:49.166	20451	20551	-37	-39	10	0.82	52.06	3.636
2015-01-11 13:19:01.099	20451	20551	-37	-38	10
2015-01-11 13:28:50.162	20451	20551	-37	-38	10	3.88	52.2	3.688
2015-01-11 13:58:50.527	20451	20551	-37	-38	10	4.15	52.83	3.641
2015-01-11 15:13:49.247	20451	20551	-38	-38	10	3.58	53.63	3.691
2015-01-11 16:58:51.823	20451	20551	-37	-38	10	2.95	53.5	3.693
2015-01-11 17:08:49.022	20451	20551	-37	-38	10
2015-01-11 17:58:57.291	20451	20551	-37	-38	10	2.17	54.29	3.646
2015-01-11 18:28:52.046	20451	20551	-37	-38	10	2.01	54.01	3.696
2015-01-11 18:38:50.002	20451	20551	-37	-38	10
2015-01-11 18:38:56.086	20451	20551	-37	-38	10
2015-01-11 18:43:48.963	20451	20551	-37	-38	10	1.82	54.04	3.696
2015-01-11 19:13:58.014	20451	20551	-37	-38	10	1.88	53.73	3.696
2015-01-11 20:13:51.619	20451	20551	-37	-38	10	2.6	53.48	3.696
2015-01-11 20:38:50.891	20451	20551	-37	-38	10
2015-01-11 20:38:51.947	20451	20551	-37	-38	10
2015-01-11 21:28:54.499	20451	20551	-37	-40	10	3.21	53.63	3.697
2015-01-11 23:28:55.99	20451	20551	-37	-38	10	0.65	53.55	3.695
2015-01-11 23:38:54.986	20451	20551	-35	-38	10
2015-01-11 23:43:50.922	20451	20551	-37	-38	11	0.28	53.9	3.695
2015-01-12 00:38:58.071	20451	20551	-44	-38	10
2015-01-12 01:58:48.706	20451	20551	-37	-38	11	0.57	53.36	3.646
2015-01-12 02:43:58.054	20451	20551	-37	-39	10	0.78	53.51	3.696
2015-01-12 08:38:51.959	20451	20551	-37	-38	10
2015-01-12 08:43:59.715	20451	20551	-37	-38	10	1.74	53.74	3.698
2015-01-12 08:58:56.071	20451	20551	-37	-38	10	1.96	53.59	3.698
2015-01-12 11:43:52.847	20451	20551	-37	-40	10	2.39	54.32	3.699
2015-01-12 12:28:52.802	20451	20551	-37	-38	11	2.14	54.35	3.699
2015-01-12 16:28:48.843	20451	20551	-38	-38	10	0.86	55.68	3.699
2015-01-12 16:38:52.138	20451	20551	-38	-38	10
2015-01-12 16:43:55.606	20451	20551	-38	-38	10	0.65	55.42	3.701
2015-01-13 09:59:03.683	20451	20551	-37	-35	10	-5.6	54.55	3.641
2015-01-13 10:09:02.103	20451	20551	-37	-38	10
2015-01-13 10:28:52.615	20451	20551	-37	-37	11	-3.57	52.09	3.695
2015-01-13 10:39:00.151	20451	20551	-38	-37	11
2015-01-13 10:58:55.075	20451	20551	-39	-38	11	-0.74	53.98	3.692
2015-01-14 02:58:52.635	20451	20551	-33	-37	10	-9.72	54.14	3.688
2015-01-14 04:38:50.083	20451	20551	-36	-37	10
2015-01-14 04:58:49.955	20451	20551	-36	-36	10	-10.76	54.21	3.687
2015-01-14 05:08:50.159	20451	20551	-36	-36	10
2015-01-14 05:38:50.931	20451	20551	-36	-36	10
2015-01-14 05:58:55.936	20451	20551	-36	-36	10	-11.52	54.14	3.635
2015-01-14 08:13:53.507	20451	20551	-36	-37	10	-10.48	52.97	3.685
2015-01-14 19:59:00.243	20451	20551	-37	-38	10
2015-01-14 20:38:53.038	20451	20551	-37	-38	10
2015-01-14 21:14:00.103	20451	20551	-37	-37	10	-5.25	54.49	3.688
2015-01-14 21:58:52.079	20451	20551	-37	-37	10
2015-01-14 21:58:52.098	20451	20551	-36	-37	10	-5.6	54.63	3.635
2015-01-14 22:14:00.075	20451	20551	-36	-38	10	-5.93	54.83	3.688
2015-01-14 22:38:54.166	20451	20551	-36	-37	10
2015-01-14 23:43:52.05	20451	20551	-36	-37	10	-6.88	54.3	3.688
2015-01-14 23:58:59.618	20451	20551	-36	-37	10	-6.64	54.14	3.634
2015-01-15 00:28:59.31	20451	20551	-36	-37	10	-6.59	54.32	3.687
2015-01-15 00:43:56.307	20451	20551	-34	-36	10	-6.7	54.38	3.688
2015-01-15 00:59:00.735	20451	20551	-36	-37	10	-6.71	54.41	3.687
2015-01-15 01:19:00.514	20451	20551	-36	-37	14
2015-01-15 01:44:02.507	20451	20551	-36	-37	13	-6.43	54.23	3.687
2015-01-15 05:38:54.59	20451	20551	-36	-37	11
2015-01-15 09:18:52.492	20451	20551	-37	-37	10
2015-01-15 09:38:57.819	20451	20551	-37	-39	10
2015-01-15 11:28:58.61	20451	20551	-38	-38	10	-0.46	57.2	3.688
2015-01-15 19:28:55.674	20451	20551	-36	-38	10	-2.74	54.53	3.693
2015-01-15 20:43:59.994	20451	20551	-35	-38	10	-2.61	54.1	3.692
2015-01-15 22:38:58.759	20451	20551	-37	-38	10
2015-01-15 22:38:58.858	20451	20551	-37	-38	10
2015-01-15 23:28:52.883	20451	20551	-37	-38	10	-1.57	54.37	3.693
2015-01-16 00:59:00.246	20451	20551	-37	-37	10	-1.5	54.38	3.693
2015-01-16 01:38:53.867	20451	20551	-37	-38	10
2015-01-16 01:43:57.895	20451	20551	-37	-38	10	-1.43	54.44	3.693
2015-01-16 10:38:56.322	20451	20551	-37	-38	10
2015-01-16 11:08:58.315	20451	20551	-37	-38	10
2015-01-16 11:58:57.979	20451	20551	-37	-38	10	1.74	54.46	3.641
2015-01-16 12:08:55.311	20451	20551	-38	-39	10
2015-01-16 12:14:01.426	20451	20551	-37	-40	10	2.68	53.79	3.695
2015-01-16 14:29:01.39	20451	20551	-37	-38	10	1.96	56.45	3.696
2015-01-17 05:08:54.687	20451	20551	-36	-37	10
2015-01-17 06:13:55.799	20451	20551	-36	-37	10	-9.3	54.15	3.69
2015-01-17 06:29:00.319	20451	20551	-36	-37	10	-9.32	54.18	3.69
2015-01-17 06:43:56.855	20451	20551	-36	-36	10	-9.33	54.15	3.69
2015-01-17 07:13:54.779	20451	20551	-36	-37	10	-9.34	54.04	3.69
2015-01-17 07:19:01.504	20451	20551	-34	-37	10
2015-01-17 07:38:57.854	20451	20551	-36	-37	10
2015-01-17 07:43:57.83	20451	20551	-36	-37	10	-9.34	54.06	3.69
2015-01-17 07:58:58.871	20451	20551	-36	-37	10
2015-01-17 07:58:58.894	20451	20551	-36	-37	10	-9.26	53.94	3.634
2015-01-17 08:09:00.839	20451	20551	-36	-37	10
2015-01-17 08:13:54.834	20451	20551	-34	-37	10	-9.03	53.8	3.69
2015-01-17 08:28:59.162	20451	20551	-36	-37	10	-8.66	53.67	3.69
2015-01-17 08:58:54.871	20451	20551	-37	-37	10	-6.36	51.06	3.69
2015-01-17 09:08:54.771	20451	20551	-37	-38	10
2015-01-17 09:13:54.766	20451	20551	-37	-38	10	-4.82	49.72	3.69
2015-01-17 09:28:58.399	20451	20551	-37	-37	10	-2.48	48.12	3.691
2015-01-17 14:08:57.446	20451	20551	-38	-41	10
2015-01-17 16:58:55.21	20451	20551	-38	-40	10	9.1	57.84	3.709
2015-01-17 17:08:55.018	20451	20551	-38	-40	10
2015-01-17 17:18:58.783	20451	20551	-37	-39	10
2015-01-17 17:28:57.234	20451	20551	-37	-41	10	7.51	57.68	3.708
2015-01-17 17:39:11.179	20451	20551	-37	-39	10
2015-01-17 17:59:02.006	20451	20551	-38	-39	10
2015-01-17 21:14:02.714	20451	20551	-37	-39	10	3.93	55.37	3.708
2015-01-18 05:08:58.075	20451	20551	-37	-39	10
2015-01-18 06:43:58.942	20451	20551	-37	-39	10	4.99	55.03	3.709
2015-01-18 07:08:57.846	20451	20551	-37	-39	10
2015-01-18 07:14:04.85	20451	20551	-37	-39	10	5.33	54.88	3.708
2015-01-18 10:58:56.675	20451	20551	-37	-38	10	4.4	56.54	3.709
2015-01-18 11:09:04.651	20451	20551	-37	-38	10
2015-01-18 11:13:59.638	20451	20551	-37	-38	10	4.29	56.17	3.71
2015-01-18 11:19:00.43	20451	20551	-37	-38	11
2015-01-18 11:59:11.999	20451	20551	-37	-39	10	6.47	54.34	3.659
2015-01-18 12:08:59.93	20451	20551	-39	-40	10
2015-01-18 12:14:07.934	20451	20551	-38	-40	10	8.85	52.84	3.71
2015-01-18 12:28:54.723	20451	20551	-37	-40	10	7.39	55.92	3.71
2015-01-18 13:18:56.982	20451	20551	-37	-39	10
2015-01-18 13:39:01.107	20451	20551	-37	-38	10
2015-01-18 13:43:57.982	20451	20551	-37	-39	10	5.14	55.81	3.709
2015-01-18 14:28:54.787	20451	20551	-37	-38	10	4.1	56.0	3.709
2015-01-18 15:19:02.511	20451	20551	-37	-38	10
2015-01-18 15:58:59.679	20451	20551	-37	-38	10	3.96	55.46	3.66
2015-01-18 16:14:00.25	20451	20551	-37	-38	10	3.7	55.62	3.709
2015-01-18 16:38:58.415	20451	20551	-37	-38	10
2015-01-18 16:39:00.014	20451	20551	-37	-38	10
2015-01-18 16:39:00.15	20451	20551	-37	-38	10
2015-01-18 16:58:57.644	20451	20551	-37	-38	10	3.24	55.49	3.709
2015-01-18 17:18:55.347	20451	20551	-37	-37	10
2015-01-18 17:38:54.115	20451	20551	-37	-38	10
2015-01-18 17:43:59.36	20451	20551	-37	-37	10	2.56	55.39	3.71
2015-01-18 17:58:54.722	20451	20551	-37	-38	11
2015-01-18 17:58:54.77	20451	20551	-37	-37	11	2.38	55.33	3.659
2015-01-18 18:13:56.743	20451	20551	-37	-37	11	2.39	55.08	3.709
2015-01-18 18:28:56.263	20451	20551	-37	-37	11	2.35	55.13	3.709
2015-01-18 18:38:57.498	20451	20551	-37	-37	10
2015-01-18 18:43:58.466	20451	20551	-37	-37	10	2.32	55.1	3.709
2015-01-18 18:58:57.295	20451	20551	-37	-37	10	2.21	55.16	3.709
2015-01-18 19:08:58.727	20451	20551	-37	-38	10
2015-01-18 19:13:57.571	20451	20551	-37	-37	11	2.13	55.15	3.709
2015-01-18 19:18:56.399	20451	20551	-37	-38	12
2015-01-18 19:38:58.127	20451	20551	-37	-39	10
2015-01-18 20:08:58.932	20451	20551	-37	-37	10
2015-01-18 20:28:56.858	20451	20551	-37	-37	10	1.96	55.27	3.708
2015-01-18 20:38:56.854	20451	20551	-37	-38	10
2015-01-18 20:58:57.526	20451	20551	-37	-37	10	1.93	55.24	3.709
2015-01-19 00:39:00.59	20451	20551	-37	-39	10
2015-01-19 00:39:00.607	20451	20551	-37	-37	10
2015-01-19 00:58:55.291	20451	20551	-35	-39	10	1.29	55.17	3.708
2015-01-19 02:08:56.522	20451	20551	-37	-37	10
2015-01-19 02:28:58.591	20451	20551	-37	-39	10	0.82	55.18	3.708
2015-01-19 04:39:04.399	20451	20551	-37	-39	10
2015-01-19 05:38:57.254	20451	20551	-37	-38	10
2015-01-19 05:59:00.894	20451	20551	-37	-38	10
2015-01-19 06:09:01.295	20451	20551	-37	-38	11
2015-01-19 06:14:05.419	20451	20551	-37	-38	11	0.15	55.17	3.707
2015-01-19 06:43:59.179	20451	20551	-37	-39	11	0.15	55.03	3.706
2015-01-19 06:58:57.743	20451	20551	-37	-38	10	0.07	55.13	3.708
2015-01-19 09:58:57.575	20451	20551	-37	-39	10
2015-01-19 10:38:59.056	20451	20551	-37	-39	10
2015-01-19 11:18:56.53	20451	20551	-37	-37	10
2015-01-19 11:58:55.454	20451	20551	-37	-37	10
2015-01-19 11:58:55.482	20451	20551	-37	-37	11	1.6	55.16	3.657
2015-01-19 12:08:54.868	20451	20551	-37	-39	11
2015-01-19 12:13:57.868	20451	20551	-37	-37	11	1.92	54.98	3.707
2015-01-19 13:13:58.707	20451	20551	-37	-38	11	3.28	54.75	3.708
2015-01-19 14:58:58.758	20451	20551	-37	-40	10	3.57	55.57	3.708
2015-01-19 15:14:02.699	20451	20551	-37	-38	10	3.65	55.53	3.707
2015-01-19 15:19:07.375	20451	20551	-37	-38	10
2015-01-19 15:28:55.719	20451	20551	-37	-38	10	3.75	55.51	3.708
2015-01-19 15:59:00.158	20451	20551	-37	-40	10
2015-01-19 15:59:00.171	20451	20551	-37	-38	10	3.35	55.94	3.658
2015-01-19 16:08:59.658	20451	20551	-37	-37	10
2015-01-19 16:14:01.694	20451	20551	-37	-40	10	3.06	56.16	3.708
2015-01-19 16:38:55.611	20451	20551	-37	-37	10
2015-01-19 16:43:56.666	20451	20551	-37	-37	10	2.75	55.97	3.708
2015-01-19 16:58:56.399	20451	20551	-37	-38	10	2.6	55.91	3.706
2015-01-19 17:43:59.467	20451	20551	-37	-37	10	2.07	55.89	3.707
2015-01-19 18:09:03.843	20451	20551	-35	-37	10
2015-01-19 18:14:03.648	20451	20551	-37	-37	10	1.57	56.01	3.707
2015-01-19 18:28:58.227	20451	20551	-37	-38	10	1.53	55.78	3.708
2015-01-19 19:13:56.362	20451	20551	-37	-37	11	1.1	55.74	3.708
2015-01-19 19:18:58.95	20451	20551	-37	-37	11
2015-01-19 19:28:55.302	20451	20551	-37	-38	13	0.88	55.85	3.706
2015-01-19 19:38:57.055	20451	20551	-37	-39	13
2015-01-19 19:43:58.143	20451	20551	-37	-39	13	0.78	55.81	3.707
2015-01-19 19:58:59.427	20451	20551	-37	-39	13
2015-01-19 20:29:02.931	20451	20551	-37	-38	12	-0.02	55.86	3.707
2015-01-19 20:38:56.474	20451	20551	-37	-38	12
2015-01-19 20:38:57.314	20451	20551	-37	-38	12
2015-01-19 20:38:59.262	20451	20551	-37	-38	12
2015-01-19 20:38:59.834	20451	20551	-37	-38	12
2015-01-19 20:39:00.962	20451	20551	-37	-38	12
2015-01-19 20:39:01.605	20451	20551	-37	-38	12
2015-01-19 20:39:02.37	20451	20551	-37	-38	12
2015-01-19 20:43:55.795	20451	20551	-37	-38	12	-0.14	55.87	3.707
2015-01-19 20:43:57.431	20451	20551	-37	-38	12	-0.14	55.87	3.707
2015-01-19 20:43:57.967	20451	20551	-37	-38	12	-0.14	55.87	3.707
2015-01-19 20:44:00.915	20451	20551	-37	-38	12	-0.14	55.87	3.707
2015-01-19 20:44:02.53	20451	20551	-37	-38	12	-0.14	55.87	3.707
2015-01-19 20:44:03.238	20451	20551	-37	-38	12	-0.14	55.87	3.707
2015-01-19 20:44:04.827	20451	20551	-37	-38	12	-0.14	55.87	3.707
2015-01-19 21:08:57.238	20451	20551	-35	-38	10
2015-01-19 21:14:01.399	20451	20551	-37	-38	10	-0.14	55.47	3.706
2015-01-19 21:18:55.843	20451	20551	-37	-38	11
2015-01-19 21:28:56.839	20451	20551	-37	-38	11	-0.28	55.5	3.707
2015-01-19 21:43:58.178	20451	20551	-37	-38	10	-0.77	55.8	3.707
2015-01-19 21:58:58.319	20451	20551	-37	-38	10
2015-01-19 21:58:59.914	20451	20551	-37	-38	11	-0.93	55.77	3.657
2015-01-19 22:13:58.85	20451	20551	-36	-37	10	-1.24	55.84	3.706
2015-01-19 22:28:59.766	20451	20551	-36	-37	10	-1.53	55.85	3.704
2015-01-19 23:18:57.771	20451	20551	-36	-38	10
2015-01-20 01:43:58.989	20451	20551	-37	-37	10	-1.24	54.87	3.703
2015-01-20 01:58:56.571	20451	20551	-37	-38	10	-1.14	54.92	3.654
2015-01-20 02:38:58.994	20451	20551	-35	-38	10
2015-01-20 03:14:05.258	20451	20551	-37	-38	10	-1.0	55.08	3.704
2015-01-20 04:44:00.951	20451	20551	-35	-38	10	-1.14	55.31	3.702
2015-01-20 05:18:57.558	20451	20551	-35	-38	10
2015-01-20 05:28:56.759	20451	20551	-35	-38	10	-1.2	55.22	3.704
2015-01-20 05:58:59.563	20451	20551	-37	-37	10	-1.28	55.26	3.652
2015-01-20 05:58:59.578	20451	20551	-37	-38	10
2015-01-20 06:08:57.771	20451	20551	-37	-38	10
2015-01-20 06:28:59.835	20451	20551	-36	-38	10	-1.48	55.38	3.704
2015-01-20 06:39:01.818	20451	20551	-36	-37	10
2015-01-20 06:58:56.611	20451	20551	-36	-38	10	-1.32	55.09	3.704
2015-01-20 07:19:01.43	20451	20551	-37	-38	10
2015-01-20 07:38:56.759	20451	20551	-37	-37	10
2015-01-20 11:59:00.023	20451	20551	-35	-37	10
2015-01-20 11:59:00.943	20451	20551	-37	-37	10	2.1	55.67	3.653
2015-01-20 12:14:01.106	20451	20551	-35	-37	10	1.56	56.3	3.703
2015-01-20 13:08:55.843	20451	20551	-37	-37	10
2015-01-20 13:13:59.77	20451	20551	-37	-37	10	1.07	55.68	3.704
2015-01-20 13:18:56.45	20451	20551	-37	-38	10
2015-01-20 13:29:00.734	20451	20551	-37	-37	10	1.38	55.47	3.703
2015-01-20 13:39:00.866	20451	20551	-37	-39	10
2015-01-20 13:43:55.694	20451	20551	-38	-39	10	1.92	55.06	3.703
2015-01-20 13:58:55.714	20451	20551	-38	-39	10
2015-01-20 13:58:55.742	20451	20551	-38	-39	10	1.85	55.49	3.654
2015-01-20 14:08:57.863	20451	20551	-38	-40	10
2015-01-20 14:14:00.77	20451	20551	-38	-39	10	2.35	55.3	3.704
2015-01-20 14:38:58.518	20451	20551	-37	-39	10
2015-01-20 14:43:58.635	20451	20551	-37	-38	10	3.53	55.22	3.704
2015-01-20 17:44:05.555	20451	20551	-37	-39	10	0.64	55.96	3.704
2015-01-20 19:14:02.883	20451	20551	-37	-37	10	0.43	55.53	3.701
2015-01-20 22:58:57.187	20451	20551	-36	-38	10	-0.03	55.57	3.703
2015-01-20 23:13:58.39	20451	20551	-37	-37	10	-0.02	55.43	3.702
2015-01-20 23:19:02.899	20451	20551	-37	-37	10
2015-01-20 23:28:58.379	20451	20551	-37	-37	10	-0.04	55.51	3.702
2015-01-20 23:44:01.154	20451	20551	-37	-37	10	-0.03	55.48	3.701
2015-01-21 00:28:56.966	20451	20551	-36	-38	10	-0.1	55.5	3.701
2015-01-21 00:38:57.443	20451	20551	-37	-38	10
2015-01-21 07:29:08.291	20451	20551	-37	-38	10	-0.46	55.48	3.701
2015-01-21 11:13:58.515	20451	20551	-37	-40	10	1.5	55.78	3.701
2015-01-21 11:19:01.287	20451	20551	-37	-38	10
2015-01-21 12:08:59.543	20451	20551	-37	-39	10
2015-01-21 12:39:16.936	20451	20551	-37	-38	10
2015-01-21 12:59:01.178	20451	20551	-36	-38	10	2.6	55.34	3.699
2015-01-21 13:09:00.471	20451	20551	-36	-36	10
2015-01-21 13:58:58.395	20451	20551	-37	-39	10
2015-01-21 18:43:59.887	20451	20551	-39	-41	10	1.46	56.83	3.699
2015-01-21 20:39:04.455	20451	20551	-38	-39	10
2015-01-21 20:39:05.395	20451	20551	-38	-38	10
2015-01-21 20:44:04.411	20451	20551	-38	-38	11	0.89	56.6	3.701
2015-01-21 22:39:05.239	20451	20551	-38	-38	10
2015-01-21 22:59:00.326	20451	20551	-38	-38	10	1.32	56.55	3.699
2015-01-21 23:59:04.866	20451	20551	-38	-38	10
2015-01-22 00:44:07.731	20451	20551	-38	-39	10	0.96	56.97	3.701
2015-01-22 01:44:04.331	20451	20551	-38	-39	10	0.81	56.86	3.698
2015-01-22 01:58:58.863	20451	20551	-38	-39	10
2015-01-22 01:58:59.018	20451	20551	-38	-39	10	0.78	56.89	3.649
2015-01-22 07:18:58.523	20451	20551	-37	-39	11
2015-01-22 08:38:57.343	20451	20551	-37	-37	10
2015-01-22 08:38:57.362	20451	20551	-37	-37	10
2015-01-22 08:59:01.063	20451	20551	-37	-37	10	-0.42	56.9	3.697
2015-01-22 17:59:01.074	20451	20551	-37	-37	10
2015-01-22 17:59:01.091	20451	20551	-37	-37	10	-1.0	57.14	3.646
2015-01-22 18:39:00.23	20451	20551	-37	-37	10
2015-01-22 18:44:04.259	20451	20551	-37	-37	10	-1.07	56.91	3.698
2015-01-22 22:59:01.051	20451	20551	-37	-38	10	-1.29	56.68	3.696
2015-01-23 02:14:10.459	20451	20551	-37	-38	10	-1.6	56.6	3.696
2015-01-23 02:39:11.291	20451	20551	-37	-38	10
2015-01-23 07:19:08.666	20451	20551	-37	-38	11
2015-01-23 07:29:04.795	20451	20551	-37	-38	11	-1.74	56.47	3.697
2015-01-23 07:44:06.702	20451	20551	-37	-38	12	-1.71	56.5	3.693
2015-01-23 08:13:58.559	20451	20551	-37	-38	10	-1.6	56.38	3.693
2015-01-23 08:59:02.826	20451	20551	-37	-39	10	-1.25	56.34	3.695
2015-01-23 09:44:02.906	20451	20551	-37	-37	10	-0.42	56.08	3.693
2015-01-23 10:09:01.935	20451	20551	-37	-37	10
2015-01-23 10:39:15.311	20451	20551	-39	-38	10
2015-01-23 11:58:58.983	20451	20551	-38	-40	10	6.2	58.14	3.648
2015-01-23 12:28:59.343	20451	20551	-38	-40	10	4.57	59.36	3.698
2015-01-23 12:39:03.035	20451	20551	-38	-39	10
2015-01-23 12:44:00.955	20451	20551	-38	-39	10	4.21	58.65	3.697
2015-01-23 17:13:58.863	20451	20551	-37	-38	10	1.51	57.46	3.698
2015-01-23 22:09:01.679	20451	20551	-37	-38	10
2015-01-23 22:43:58.519	20451	20551	-37	-38	10	0.04	56.52	3.697
2015-01-23 23:14:05.627	20451	20551	-37	-37	10	-0.2	56.51	3.698
2015-01-23 23:14:06.475	20451	20551	-37	-37	10	-0.2	56.51	3.698
2015-01-23 23:14:08.026	20451	20551	-37	-37	10	-0.2	56.51	3.698
2015-01-23 23:14:08.695	20451	20551	-37	-37	10	-0.2	56.51	3.698
2015-01-23 23:28:59.654	20451	20551	-37	-37	10	-0.28	56.55	3.698
2015-01-23 23:38:59.586	20451	20551	-37	-37	10
2015-01-23 23:44:03.655	20451	20551	-37	-37	10	-0.31	56.49	3.697
2015-01-23 23:59:02.147	20451	20551	-37	-37	10
2015-01-23 23:59:02.17	20451	20551	-37	-37	10	-0.35	56.46	3.646
2015-01-24 00:08:59.451	20451	20551	-37	-39	10
2015-01-24 00:14:04.583	20451	20551	-37	-37	10	-0.35	56.43	3.697
2015-01-24 00:28:59.539	20451	20551	-37	-37	10	-0.38	56.45	3.697
2015-01-24 00:39:00.926	20451	20551	-37	-39	10
2015-01-24 00:39:00.945	20451	20551	-37	-39	10
2015-01-24 01:38:59.614	20451	20551	-37	-38	10
2015-01-24 06:38:59.979	20451	20551	-37	-38	11
2015-01-24 06:44:00.57	20451	20551	-37	-38	11	-1.14	56.56	3.696
2015-01-24 07:14:04.427	20451	20551	-37	-38	11	-1.46	56.65	3.695
2015-01-24 07:29:01.186	20451	20551	-37	-38	11	-1.61	56.63	3.698
2015-01-24 09:13:58.471	20451	20551	-37	-38	10	-1.42	56.35	3.693
2015-01-24 09:44:01.307	20451	20551	-37	-38	10	-0.96	56.14	3.695
2015-01-24 09:59:00.31	20451	20551	-37	-38	10
2015-01-24 10:39:04.491	20451	20551	-37	-37	10
2015-01-24 11:08:58.298	20451	20551	-37	-37	14
2015-01-24 11:13:59.262	20451	20551	-37	-38	14	-0.14	56.6	3.695
2015-01-24 11:18:58.962	20451	20551	-37	-39	14
2015-01-24 13:39:02.302	20451	20551	-37	-38	10
2015-01-24 13:59:01.63	20451	20551	-37	-38	10
