result_time	node_id	parent_id	stats_frssi	stats_brssi	etx	temperature	humidity	voltage
2014-12-03 10:58:20.438	20451	11001	-94	-91	21	3.54	45.02	3.728
2014-12-04 06:58:17.883	20451	11001	-94	-86	26	-2.64	44.38	3.723
2014-12-04 07:08:17.939	20451	11001	-94	-86	24
2014-12-04 07:13:21.306	20451	11001	-91	-87	24	-2.38	44.05	3.721
2014-12-04 07:18:15.723	20451	11001	-94	-86	23
2014-12-04 07:58:16.378	20451	11001	-94	-87	32
2014-12-04 07:58:16.398	20451	11001	-94	-87	30	-2.17	44.07	3.691
2014-12-04 08:08:19.771	20451	11001	-94	-86	30
2014-12-04 08:13:17.254	20451	11001	-94	-86	29	-1.93	43.92	3.721
2014-12-04 08:28:24.875	20451	11001	-94	-86	26	-1.67	43.86	3.721
2014-12-04 08:38:15.686	20451	11001	-94	-87	26
2014-12-04 08:38:15.702	20451	11001	-94	-87	26
2014-12-04 08:43:20.239	20451	11001	-94	-86	24	-1.42	43.8	3.721
2014-12-04 08:58:18.195	20451	11001	-94	-87	23	-1.2	43.8	3.72
2014-12-04 09:08:21.923	20451	11001	-94	-87	21
2014-12-04 09:13:22.295	20451	11001	-94	-87	22	-0.88	43.74	3.721
2014-12-04 09:18:20.954	20451	11001	-94	-87	22
2014-12-04 09:28:19.042	20451	11001	-94	-88	28	-0.39	43.56	3.721
2014-12-04 09:38:16.782	20451	11001	-94	-88	26
2014-12-04 09:43:18.226	20451	11001	-91	-87	26	-0.07	43.69	3.721
2014-12-04 10:28:18.09	20451	11001	-94	-87	39	1.07	44.1	3.723
2014-12-04 10:38:17.679	20451	11001	-94	-89	39
2014-12-04 10:43:19.19	20451	11001	-94	-87	33	1.17	44.33	3.723
2014-12-04 11:08:17.727	20451	11001	-94	-87	34
2014-12-04 12:13:17.606	20451	11001	-94	-89	30	3.46	45.01	3.725
2014-12-04 12:13:18.635	20451	11001	-94	-89	30	3.46	45.01	3.725
2014-12-04 12:13:19.687	20451	11001	-94	-89	30	3.46	45.01	3.725
2014-12-04 12:38:18.282	20451	11001	-94	-89	24
2014-12-04 12:43:22.083	20451	11001	-94	-89	24	4.0	44.58	3.724
2014-12-04 13:13:21.615	20451	11001	-91	-90	48	3.65	45.19	3.725
2014-12-04 13:28:21.651	20451	11001	-94	-89	48	3.82	45.06	3.725
2014-12-04 13:43:17.886	20451	11001	-94	-89	41	3.68	45.29	3.725
2014-12-04 14:13:22.515	20451	11001	-94	-90	31	3.78	45.02	3.725
2014-12-04 18:38:15.483	20451	11001	-94	-87	17
2014-12-04 18:43:20.742	20451	11001	-94	-87	17	-1.85	44.84	3.723
2014-12-04 18:58:20.094	20451	11001	-94	-87	17	-2.1	44.87	3.721
2014-12-04 19:08:21.17	20451	11001	-94	-87	15
2014-12-04 19:58:19.716	20451	11001	-91	-87	14	-2.52	44.58	3.69
2014-12-04 19:58:20.734	20451	11001	-94	-88	14
2014-12-04 21:28:18.743	20451	11001	-94	-87	22	-2.06	43.84	3.721
2014-12-05 00:28:25.622	20451	11001	-94	-87	25	-0.79	44.37	3.721
2014-12-05 12:08:16.646	20451	11001	-94	-89	22
2014-12-05 12:13:22.634	20451	11001	-91	-89	19	3.96	44.89	3.723
2014-12-05 13:08:21.962	20451	11001	-94	-89	27
2014-12-05 13:43:24.134	20451	11001	-94	-89	26	4.29	45.02	3.723
2014-12-05 13:58:19.21	20451	11001	-94	-89	33
2014-12-05 14:13:21.07	20451	11001	-94	-90	35	4.29	45.15	3.723
2014-12-08 18:43:20.211	20451	11001	-94	-89	18	2.21	46.18	3.726
2014-12-08 18:58:19.422	20451	11001	-94	-89	18	2.07	46.25	3.728
2014-12-08 19:13:18.928	20451	11001	-94	-89	18	2.03	46.24	3.726
2014-12-08 19:28:18.674	20451	11001	-94	-89	18	2.01	46.12	3.726
2014-12-08 19:58:29.726	20451	11001	-94	-89	16	2.26	45.91	3.696
2014-12-08 19:58:32.763	20451	11001	-94	-89	16	2.26	45.91	3.696
2014-12-08 20:13:19.934	20451	11001	-94	-89	13	2.38	45.86	3.726
2014-12-08 20:28:22.414	20451	11001	-94	-88	12	2.4	45.93	3.726
2014-12-08 21:08:22.67	20451	11001	-94	-89	22
2014-12-08 21:28:18.419	20451	11001	-94	-89	21	2.1	46.19	3.728
2014-12-08 21:38:18.546	20451	11001	-94	-89	21
2014-12-08 21:43:21.114	20451	11001	-94	-89	20	1.78	46.36	3.725
2014-12-08 21:58:22.182	20451	11001	-94	-90	20
2014-12-08 21:58:22.202	20451	11001	-94	-90	20	1.53	46.36	3.695
2014-12-08 22:08:26.586	20451	11001	-94	-90	19
2014-12-08 22:13:29.187	20451	11001	-94	-90	19	1.49	46.21	3.725
2014-12-08 22:28:25.746	20451	11001	-94	-89	21	1.45	46.14	3.726
2014-12-08 22:38:22.411	20451	11001	-94	-90	23
2014-12-08 23:43:26.022	20451	11001	-94	-91	23	0.78	46.18	3.725
2014-12-08 23:58:19.475	20451	11001	-94	-90	21	0.68	46.1	3.695
2014-12-09 00:38:22.971	20451	11001	-94	-90	21
2014-12-09 01:13:18.45	20451	11001	-94	-89	21	0.64	46.01	3.725
2014-12-09 01:28:24.138	20451	11001	-94	-90	20	0.46	46.08	3.725
2014-12-09 01:38:21.887	20451	11001	-94	-90	21
2014-12-09 01:43:18.966	20451	11001	-94	-90	21	0.28	46.08	3.725
2014-12-09 02:38:23.526	20451	11001	-94	-90	21
2014-12-09 03:28:20.942	20451	11001	-94	-90	28	0.32	46.0	3.725
2014-12-09 04:43:20.771	20451	11001	-94	-90	26	0.93	45.5	3.725
2014-12-09 05:08:22.307	20451	11001	-94	-89	26
2014-12-09 05:18:26.135	20451	11001	-94	-90	25
2014-12-09 06:08:22.131	20451	11001	-94	-90	35
2014-12-09 08:38:23.067	20451	11001	-94	-89	33
2014-12-09 09:08:19.079	20451	11001	-94	-90	31
2014-12-09 09:28:18.259	20451	11001	-94	-90	31	4.17	41.92	3.724
2014-12-09 09:43:27.703	20451	11001	-94	-90	30	3.61	44.13	3.724
2014-12-09 10:58:22.899	20451	11001	-94	-90	45	6.53	44.74	3.725
2014-12-09 23:58:20.059	20451	11001	-94	-88	41
2014-12-09 23:58:20.091	20451	11001	-94	-90	41	3.39	46.23	3.695
2014-12-10 00:08:18.207	20451	11001	-94	-90	41
2014-12-10 00:28:20.371	20451	11001	-94	-87	38	3.32	46.16	3.728
2014-12-10 00:38:22.247	20451	11001	-94	-90	37
2014-12-10 00:38:22.263	20451	11001	-94	-89	37
2014-12-10 00:43:21.191	20451	11001	-94	-91	37	3.28	46.16	3.729
2014-12-10 00:58:23.227	20451	11001	-94	-89	34	3.25	46.15	3.728
2014-12-10 01:08:21.203	20451	11001	-94	-87	34
2014-12-10 06:58:20.663	20451	11001	-94	-88	28	2.03	46.03	3.726
2014-12-10 06:58:20.758	20451	11001	-94	-88	28	2.03	46.03	3.726
2014-12-10 07:18:19.67	20451	11001	-94	-90	25
2014-12-10 07:58:21.135	20451	11001	-94	-87	28
2014-12-10 08:08:19.267	20451	11001	-94	-88	27
2014-12-10 08:13:19.602	20451	11001	-94	-86	26	1.71	45.96	3.725
2014-12-10 09:28:25.138	20451	11001	-94	-86	42	1.64	45.98	3.724
2014-12-10 09:43:19.934	20451	11001	-94	-88	42	1.47	46.08	3.723
2014-12-10 09:58:20.967	20451	11001	-94	-86	39
2014-12-10 09:58:21.17	20451	11001	-94	-86	39	1.38	46.07	3.692
2014-12-10 10:08:22.595	20451	11001	-94	-87	36
2014-12-10 10:13:19.302	20451	11001	-94	-87	35	1.33	46.0	3.724
2014-12-10 10:28:18.822	20451	11001	-94	-88	29	1.15	46.1	3.725
2014-12-10 10:38:24.556	20451	11001	-94	-84	28
2014-12-10 10:38:24.859	20451	11001	-94	-87	27
2014-12-10 10:43:20.071	20451	11001	-94	-89	26	1.11	46.01	3.724
2014-12-10 19:13:26.582	20451	11001	-94	-87	30	-0.35	45.58	3.721
2014-12-10 19:28:22.163	20451	11001	-91	-86	27	-0.39	45.69	3.72
2014-12-10 19:43:22.478	20451	11001	-94	-85	26	-0.38	45.7	3.721
2014-12-10 19:58:22.843	20451	11001	-94	-86	24
2014-12-10 19:58:22.879	20451	11001	-94	-88	24	-0.41	45.69	3.69
2014-12-10 20:08:19.255	20451	11001	-91	-87	20
2014-12-10 20:13:18.835	20451	11001	-94	-86	20	-0.43	45.75	3.72
2014-12-10 20:28:21.435	20451	11001	-91	-87	19	-0.48	45.77	3.72
2014-12-10 20:38:19.312	20451	11001	-91	-84	21
2014-12-10 20:38:19.33	20451	11001	-91	-84	21
2014-12-10 20:43:22.779	20451	11001	-94	-88	23	-0.49	45.68	3.72
2014-12-10 20:58:19.571	20451	11001	-94	-90	24	-0.54	45.73	3.719
2014-12-10 21:08:23.254	20451	11001	-94	-89	24
2014-12-10 21:13:19.138	20451	11001	-94	-87	23	-0.57	45.73	3.72
2014-12-10 21:28:18.895	20451	11001	-94	-85	26	-0.57	45.64	3.72
2014-12-10 21:38:24.395	20451	11001	-94	-87	21
2014-12-10 21:43:23.795	20451	11001	-91	-88	21	-0.64	45.69	3.719
2014-12-10 21:58:19.854	20451	11001	-94	-90	24
2014-12-10 21:58:19.87	20451	11001	-94	-89	24	-0.7	45.72	3.688
2014-12-10 22:08:25.299	20451	11001	-91	-89	22
2014-12-10 22:38:24.179	20451	11001	-88	-89	25
2014-12-10 22:38:25.007	20451	11001	-91	-84	30
2014-12-10 23:58:23.85	20451	11001	-94	-89	18
2014-12-11 00:08:27.251	20451	11001	-94	-89	18
2014-12-11 00:13:24.834	20451	11001	-94	-86	17	-1.09	45.79	3.72
2014-12-11 00:28:24.638	20451	11001	-94	-86	16	-1.11	45.72	3.721
2014-12-11 00:38:22.234	20451	11001	-91	-86	16
2014-12-11 00:43:22.667	20451	11001	-94	-89	16	-1.16	45.72	3.719
2014-12-11 00:58:23.184	20451	11001	-91	-89	16	-1.2	45.71	3.719
2014-12-11 01:13:19.631	20451	11001	-94	-88	16	-1.25	45.74	3.718
2014-12-11 03:13:28.374	20451	11001	-91	-89	21	-1.67	45.59	3.718
2014-12-11 03:58:18.987	20451	11001	-94	-88	21
2014-12-11 03:58:23.671	20451	11001	-94	-89	21	-1.75	45.55	3.687
2014-12-11 04:13:23.59	20451	11001	-91	-89	20	-1.84	45.69	3.717
2014-12-11 04:38:27.151	20451	11001	-91	-87	20
2014-12-11 04:38:27.211	20451	11001	-91	-87	20
2014-12-11 07:13:25.495	20451	11001	-88	-86	12	-2.1	45.48	3.715
2014-12-11 07:38:21.611	20451	11001	-94	-90	12
2014-12-11 08:08:31.454	20451	11001	-94	-88	14
2014-12-11 11:58:28.342	20451	11001	-94	-88	18
2014-12-11 11:58:28.366	20451	11001	-94	-89	18	-1.52	45.25	3.682
2014-12-11 12:38:24.607	20451	11001	-94	-87	17
2014-12-11 13:08:28.515	20451	11001	-94	-85	11
2014-12-11 14:28:21.743	20451	11001	-94	-89	11	-0.42	45.45	3.714
2014-12-11 14:38:21.622	20451	11001	-94	-89	12
2014-12-11 14:43:20.655	20451	11001	-94	-87	12	-0.24	45.41	3.714
2014-12-11 14:58:21.727	20451	11001	-94	-86	36	0.04	45.32	3.714
2014-12-11 16:13:28.806	20451	11001	-94	-88	26	0.06	45.99	3.714
2014-12-11 16:43:23.695	20451	11001	-94	-88	23	-0.21	46.02	3.715
2014-12-11 17:08:26.014	20451	11001	-94	-88	23
2014-12-11 17:58:20.286	20451	11001	-94	-86	14
2014-12-11 18:13:24.575	20451	11001	-94	-89	13	0.21	45.68	3.714
2014-12-11 18:28:30.782	20451	11001	-91	-87	14	0.28	45.72	3.714
2014-12-11 18:58:21.942	20451	11001	-94	-88	11	0.26	45.78	3.714
2014-12-11 19:18:21.45	20451	11001	-94	-89	13
2014-12-11 19:38:26.155	20451	11001	-94	-86	11
2014-12-11 21:08:20.611	20451	11001	-94	-89	14
2014-12-11 21:18:22.906	20451	11001	-94	-89	26
2014-12-11 23:38:25.559	20451	11001	-94	-89	33
2014-12-12 05:58:24.087	20451	11001	-91	-88	19
2014-12-12 06:08:19.842	20451	11001	-91	-89	18
2014-12-12 06:13:26.171	20451	11001	-94	-87	18	-1.25	45.92	3.715
2014-12-12 07:13:33.194	20451	11001	-91	-85	21	-1.2	45.77	3.714
2014-12-12 09:28:21.342	20451	11001	-94	-89	20	-0.28	45.47	3.714
2014-12-12 10:13:20.342	20451	11001	-94	-89	22	0.25	45.65	3.713
2014-12-12 10:28:21.791	20451	11001	-91	-90	21	0.47	45.65	3.714
2014-12-12 10:38:21.482	20451	11001	-94	-86	20
2014-12-12 10:38:21.498	20451	11001	-94	-87	19
2014-12-12 10:43:26.778	20451	11001	-88	-87	39	0.92	45.31	3.715
2014-12-13 00:38:20.21	20451	11001	-94	-88	38
2014-12-13 00:58:22.854	20451	11001	-94	-89	38	-1.39	45.81	3.715
2014-12-13 10:43:26.935	20451	11001	-94	-90	47	-1.07	45.7	3.713
2014-12-13 11:08:23.519	20451	11001	-94	-89	43
2014-12-13 13:08:25.455	20451	11001	-94	-89	48
2014-12-13 19:18:23.103	20451	11001	-94	-90	46
2014-12-13 19:28:22.823	20451	11001	-94	-89	46	0.75	46.08	3.713
2014-12-13 19:38:25.146	20451	11001	-94	-89	40
2014-12-13 19:58:24.455	20451	11001	-94	-89	41	0.88	46.1	3.684
2014-12-13 20:38:23.507	20451	11001	-94	-89	38
2014-12-13 21:58:22.623	20451	11001	-94	-89	40	1.58	46.13	3.686
2014-12-13 23:18:25.303	20451	11001	-94	-89	49
2014-12-16 20:38:28.247	20451	11001	-94	-89	26
2014-12-16 21:13:28.102	20451	11001	-94	-90	26	6.15	49.76	3.73
2014-12-17 07:38:25.915	20451	11001	-94	-90	26
2014-12-17 15:18:27.694	20451	11001	-94	-87	13
2014-12-17 16:08:28.887	20451	11001	-94	-90	37
2014-12-20 19:58:29.378	20451	11001	-91	-88	10
2014-12-20 19:58:29.395	20451	11001	-94	-87	11	-1.92	48.61	3.681
2014-12-20 20:08:26.57	20451	11001	-91	-88	11
2014-12-20 20:13:27.334	20451	11001	-94	-88	11	-1.85	48.65	3.713
2014-12-20 20:28:32.355	20451	11001	-94	-87	18	-1.82	48.69	3.712
2014-12-20 20:43:27.275	20451	11001	-91	-88	30	-1.79	48.69	3.712
2014-12-20 21:58:28.239	20451	11001	-94	-88	28
2014-12-21 00:38:27.255	20451	11001	-91	-89	22
2014-12-21 00:38:27.307	20451	11001	-94	-88	22
2014-12-21 00:58:29.131	20451	11001	-94	-88	21	-2.29	48.5	3.71
2014-12-21 01:08:26.263	20451	11001	-94	-89	21
2014-12-21 01:18:29.254	20451	11001	-94	-89	21
2014-12-21 01:58:39.21	20451	11001	-94	-89	19	-3.1	49.28	3.68
2014-12-21 03:28:26.979	20451	11001	-94	-88	19	-2.81	48.32	3.712
2014-12-21 03:58:30.063	20451	11001	-94	-89	19	-2.57	48.29	3.674
2014-12-21 04:08:27.039	20451	11001	-94	-89	19
2014-12-21 04:13:30.011	20451	11001	-91	-88	19	-2.5	48.36	3.71
2014-12-21 04:38:26.367	20451	11001	-91	-89	18
2014-12-21 04:38:26.379	20451	11001	-94	-89	18
2014-12-21 05:08:33.098	20451	11001	-94	-88	16
2014-12-21 05:13:29.339	20451	11001	-94	-89	16	-2.32	48.38	3.71
2014-12-21 05:28:25.915	20451	11001	-94	-89	19	-2.32	48.5	3.71
2014-12-21 18:08:28.383	20451	11001	-94	-87	19
2014-12-21 18:13:30.502	20451	11001	-88	-87	19	-2.29	49.42	3.714
2014-12-21 18:38:26.303	20451	11001	-94	-86	18
2014-12-21 19:18:25.942	20451	11001	-94	-87	18
2014-12-21 19:38:30.271	20451	11001	-94	-87	18
2014-12-21 19:58:28.854	20451	11001	-94	-87	16
2014-12-21 19:58:28.87	20451	11001	-91	-86	16	-2.98	48.77	3.673
2014-12-22 01:18:30.463	20451	11001	-94	-87	10
2014-12-22 02:13:31.751	20451	11001	-94	-89	10	-4.78	48.43	3.708
2014-12-22 02:38:36.846	20451	11001	-94	-89	10
2014-12-22 02:43:26.715	20451	11001	-94	-89	10	-4.74	48.23	3.708
2014-12-22 03:13:28.891	20451	11001	-94	-89	10	-4.74	48.18	3.707
2014-12-22 06:08:27.95	20451	11001	-94	-89	10
2014-12-22 06:13:38.735	20451	11001	-94	-89	10	-5.25	48.14	3.707
2014-12-22 09:58:27.79	20451	11001	-94	-88	21
2014-12-22 10:38:29.206	20451	11001	-94	-89	24
2014-12-22 10:43:32.227	20451	11001	-94	-91	24	2.61	46.75	3.708
2014-12-22 10:58:30.335	20451	11001	-94	-90	20	3.89	46.79	3.708
2014-12-22 11:08:28.351	20451	11001	-94	-89	19
2014-12-22 12:28:30.755	20451	11001	-94	-90	17	6.65	47.88	3.71
2014-12-23 04:13:30.506	20451	11001	-94	-88	26	3.35	48.54	3.719
2014-12-23 04:38:36.366	20451	11001	-94	-89	23
2014-12-23 12:58:30.307	20451	11001	-94	-90	24	11.88	48.3	3.724
2014-12-23 14:38:31.886	20451	11001	-94	-89	20
2014-12-23 14:38:32.215	20451	11001	-94	-90	20
2014-12-23 14:43:33.783	20451	11001	-94	-89	20	12.36	50.07	3.726
2014-12-23 14:58:27.235	20451	11001	-94	-89	18	12.0	50.27	3.726
2014-12-23 15:08:31.243	20451	11001	-94	-90	20
2014-12-23 15:13:33.783	20451	11001	-94	-89	20	12.07	49.91	3.726
2014-12-23 15:18:30.054	20451	11001	-94	-89	20
2014-12-23 15:28:29.707	20451	11001	-94	-89	35	11.93	49.98	3.728
2014-12-23 15:58:26.547	20451	11001	-94	-89	43
2014-12-23 16:08:29.047	20451	11001	-94	-90	43
2014-12-23 16:38:33.775	20451	11001	-94	-89	43
2014-12-23 16:43:29.055	20451	11001	-94	-89	41	10.96	50.22	3.728
2014-12-23 16:58:28.71	20451	11001	-94	-88	41	10.83	50.21	3.728
2014-12-23 17:08:29.199	20451	11001	-94	-89	39
2014-12-23 17:13:31.183	20451	11001	-94	-89	39	10.72	50.13	3.728
2014-12-23 17:18:30.455	20451	11001	-94	-90	37
2014-12-24 11:38:26.386	20451	11001	-94	-90	15
2014-12-24 11:43:34.026	20451	11001	-94	-90	15	13.28	50.07	3.732
2014-12-24 11:58:28.686	20451	11001	-94	-90	16	13.54	49.95	3.692
2014-12-24 12:13:29.918	20451	11001	-94	-91	16	13.78	49.98	3.731
2014-12-24 12:28:29.047	20451	11001	-94	-89	16	13.89	50.12	3.734
2014-12-24 12:38:29.33	20451	11001	-94	-89	16
2014-12-24 12:43:29.358	20451	11001	-94	-90	16	13.63	50.52	3.732
2014-12-24 12:58:30.115	20451	11001	-94	-89	14	13.5	50.66	3.734
2014-12-24 13:08:30.038	20451	11001	-94	-89	15
2014-12-24 13:13:39.119	20451	11001	-94	-89	16	13.32	50.7	3.732
2014-12-24 13:18:27.823	20451	11001	-94	-90	16
2014-12-24 14:13:30.979	20451	11001	-94	-89	19	12.93	50.61	3.732
2014-12-24 14:28:36.975	20451	11001	-94	-89	18	12.79	50.72	3.732
2014-12-24 14:38:28.915	20451	11001	-94	-89	20
2014-12-24 14:58:30.075	20451	11001	-94	-89	22	12.79	50.5	3.732
2014-12-24 15:08:29.843	20451	11001	-94	-89	21
2014-12-24 16:28:32.023	20451	11001	-94	-90	20	14.79	51.79	3.734
2014-12-24 16:38:32.734	20451	11001	-94	-91	25
2014-12-24 16:58:32.95	20451	11001	-94	-89	26	12.9	52.08	3.732
2014-12-24 17:18:27.403	20451	11001	-94	-90	26
2014-12-24 19:28:28.574	20451	11001	-94	-90	22	11.43	50.44	3.734
2014-12-24 19:43:27.295	20451	11001	-94	-88	22	11.64	50.25	3.734
2014-12-24 20:28:28.478	20451	11001	-94	-90	20	12.53	49.88	3.734
2014-12-24 20:38:36.623	20451	11001	-94	-89	19
2014-12-24 20:58:34.991	20451	11001	-94	-89	20	10.88	51.65	3.734
2014-12-24 23:18:29.222	20451	11001	-94	-90	41
2014-12-25 01:43:33.373	20451	11001	-94	-89	46	4.88	56.35	3.729
2014-12-25 02:58:27.499	20451	11001	-94	-88	46	4.75	54.97	3.729
2014-12-25 03:08:35.344	20451	11001	-94	-90	40
2014-12-25 03:18:28.07	20451	11001	-91	-89	41
2014-12-25 03:28:28.358	20451	11001	-94	-89	44	4.33	56.96	3.729
2014-12-25 18:43:26.655	20451	11001	-94	-89	47	3.54	57.86	3.724
2014-12-25 23:28:30.819	20451	11001	-94	-90	30	3.38	57.15	3.723
2014-12-25 23:38:31.718	20451	11001	-94	-90	32
2014-12-26 11:13:32.771	20451	11001	-94	-90	42	8.03	57.33	3.718
2014-12-27 09:58:26.671	20451	11001	-94	-89	30
2014-12-27 11:38:27.71	20451	11001	-94	-91	31
2014-12-27 11:58:34.527	20451	11001	-94	-91	36
2014-12-27 11:58:34.554	20451	11001	-94	-90	36	12.93	51.41	3.686
2014-12-27 12:08:26.787	20451	11001	-94	-90	32
2014-12-27 12:13:32.863	20451	11001	-94	-89	32	12.96	52.45	3.724
2014-12-27 12:28:28.859	20451	11001	-94	-91	31	15.78	50.62	3.725
2014-12-27 12:38:40.898	20451	11001	-94	-89	30
2014-12-27 12:43:29.79	20451	11001	-94	-90	32	15.74	52.84	3.725
2014-12-27 12:58:32.91	20451	11001	-94	-89	30	16.56	52.59	3.724
2014-12-27 13:08:28.863	20451	11001	-94	-89	30
2014-12-27 13:28:27.414	20451	11001	-94	-90	29	19.5	51.27	3.728
2014-12-27 14:38:33.526	20451	11001	-94	-91	26
2014-12-27 14:38:33.542	20451	11001	-94	-89	26
2014-12-27 14:43:28.974	20451	11001	-94	-91	24	19.72	51.71	3.731
2014-12-27 14:58:27.591	20451	11001	-94	-91	22	17.78	54.91	3.732
2014-12-27 19:58:29.419	20451	11001	-94	-89	44
2014-12-27 19:58:29.435	20451	11001	-94	-90	44	12.1	52.64	3.698
2014-12-27 20:38:37.794	20451	11001	-94	-90	41
2014-12-28 16:13:28.919	20451	11001	-94	-89	10	3.47	59.6	3.724
2014-12-28 17:58:29.519	20451	11001	-94	-90	46
2014-12-28 17:58:29.539	20451	11001	-91	-89	43	2.56	59.85	3.688
2014-12-28 18:13:31.907	20451	11001	-94	-89	43	2.33	60.2	3.721
2014-12-28 20:28:30.611	20451	11001	-94	-89	39	2.2	59.0	3.72
2014-12-28 21:08:29.794	20451	11001	-94	-90	36
2014-12-28 21:18:27.498	20451	11001	-94	-89	36
2014-12-28 21:28:26.71	20451	11001	-94	-89	36	1.67	59.34	3.72
2014-12-28 21:38:36.827	20451	11001	-94	-90	36
2014-12-28 21:43:31.774	20451	11001	-94	-89	34	1.38	59.51	3.72
2014-12-28 21:58:36.863	20451	11001	-94	-89	35	1.1	59.66	3.684
2014-12-28 22:13:27.71	20451	11001	-94	-89	36	0.88	59.63	3.719
2014-12-28 22:28:32.807	20451	11001	-94	-89	33	0.67	59.59	3.72
2014-12-28 22:38:27.826	20451	11001	-94	-89	33
2014-12-28 22:38:27.846	20451	11001	-94	-89	31
2014-12-28 22:58:27.842	20451	11001	-94	-88	31	0.29	59.48	3.72
2014-12-28 23:18:26.522	20451	11001	-94	-89	31
2014-12-28 23:28:27.83	20451	11001	-94	-89	33	-0.03	59.2	3.72
2014-12-28 23:43:31.678	20451	11001	-94	-89	33	-0.27	59.3	3.719
2014-12-28 23:58:31.515	20451	11001	-94	-89	28
2014-12-28 23:58:31.531	20451	11001	-94	-89	27	-0.28	59.19	3.681
2014-12-29 00:08:33.703	20451	11001	-94	-89	27
2014-12-29 00:13:29.283	20451	11001	-94	-89	25	-0.34	58.95	3.719
2014-12-29 00:43:35.902	20451	11001	-91	-89	24	-0.03	58.17	3.719
2014-12-29 01:13:31.014	20451	11001	-94	-89	24	0.39	57.17	3.718
2014-12-29 01:18:34.414	20451	11001	-94	-90	20
2014-12-29 01:58:35.431	20451	11001	-94	-90	15	0.43	57.74	3.684
2014-12-29 03:13:28.626	20451	11001	-94	-89	21	0.47	57.86	3.717
2014-12-29 03:58:29.966	20451	11001	-94	-88	20
2014-12-29 04:13:26.902	20451	11001	-94	-89	19	0.17	58.34	3.717
2014-12-29 04:28:29.886	20451	11001	-94	-89	18	0.03	58.43	3.717
2014-12-29 04:38:27.891	20451	11001	-94	-89	23
2014-12-29 04:38:27.91	20451	11001	-94	-89	23
2014-12-29 04:58:27.25	20451	11001	-94	-88	23	-0.28	58.55	3.718
2014-12-29 05:08:29.874	20451	11001	-94	-89	32
2014-12-29 05:13:37.934	20451	11001	-94	-88	31	-0.43	58.72	3.72
2014-12-29 05:58:30.559	20451	11001	-94	-88	29
2014-12-29 08:13:31.299	20451	11001	-94	-87	23	-3.04	57.66	3.714
2014-12-29 08:58:43.191	20451	11001	-94	-86	23	-1.5	53.17	3.713
2014-12-29 13:58:30.366	20451	11001	-94	-90	33	5.25	57.99	3.681
2014-12-29 14:13:33.23	20451	11001	-94	-89	36	4.47	57.87	3.719
2014-12-29 14:38:26.607	20451	11001	-94	-89	34
2014-12-29 14:38:26.619	20451	11001	-94	-89	34
2014-12-29 15:08:27.303	20451	11001	-94	-88	30
2014-12-29 15:18:30.311	20451	11001	-94	-88	32
2014-12-29 15:18:30.571	20451	11001	-94	-88	32
2014-12-29 15:38:29.567	20451	11001	-94	-89	24
2014-12-29 15:43:33.246	20451	11001	-94	-89	24	2.28	56.95	3.717
2014-12-29 15:58:28.228	20451	11001	-94	-90	29
2014-12-29 16:08:28.487	20451	11001	-94	-90	29
2014-12-29 16:38:26.591	20451	11001	-94	-89	25
2014-12-29 16:43:28.391	20451	11001	-94	-89	21	1.24	56.62	3.715
2014-12-29 17:08:29.498	20451	11001	-94	-89	23
2014-12-29 17:13:29.111	20451	11001	-94	-89	23	0.6	56.44	3.715
2014-12-29 17:18:32.179	20451	11001	-94	-90	22
2014-12-29 17:38:27.919	20451	11001	-94	-89	46
2014-12-29 17:43:32.015	20451	11001	-94	-89	46	0.38	55.95	3.713
2014-12-29 17:58:29.643	20451	11001	-94	-89	41	0.17	55.89	3.677
2014-12-29 18:28:31.951	20451	11001	-94	-90	41	-0.25	55.99	3.717
2014-12-29 18:38:33.996	20451	11001	-94	-88	36
2014-12-29 18:43:30.971	20451	11001	-94	-89	34	-0.46	55.9	3.714
2014-12-29 21:28:28.182	20451	11001	-94	-85	43	-1.5	55.43	3.712
2014-12-29 23:43:29.839	20451	11001	-91	-88	36	-3.75	55.28	3.709
2014-12-29 23:58:32.482	20451	11001	-94	-88	33	-3.75	55.03	3.67
2014-12-30 00:28:31.331	20451	11001	-94	-87	29	-4.09	55.2	3.709
2014-12-30 00:38:28.142	20451	11001	-91	-88	29
2014-12-30 01:08:30.275	20451	11001	-91	-87	26
2014-12-30 01:13:29.51	20451	11001	-91	-87	26	-4.23	54.96	3.71
2014-12-30 01:28:32.431	20451	11001	-94	-87	25	-4.35	55.02	3.709
2014-12-30 01:43:32.831	20451	11001	-94	-86	27	-4.35	54.94	3.709
2014-12-30 02:13:33.855	20451	11001	-94	-87	23	-4.64	55.03	3.708
2014-12-30 03:58:31.875	20451	11001	-94	-87	23
2014-12-30 03:58:32.159	20451	11001	-94	-88	23	-5.57	54.78	3.662
2014-12-30 04:08:28.171	20451	11001	-94	-88	21
2014-12-30 04:13:32.854	20451	11001	-91	-88	26	-5.32	54.45	3.706
2014-12-30 04:38:34.187	20451	11001	-91	-89	29
2014-12-30 04:38:34.203	20451	11001	-94	-89	27
2014-12-30 04:43:36.907	20451	11001	-94	-88	27	-4.75	53.83	3.707
2014-12-30 04:58:31.282	20451	11001	-94	-89	32	-4.67	53.9	3.704
2014-12-30 05:08:33.255	20451	11001	-94	-88	32
2014-12-30 05:13:29.847	20451	11001	-94	-89	30	-4.63	54.05	3.706
2014-12-30 05:58:36.534	20451	11001	-94	-89	25
2014-12-30 06:43:28.378	20451	11001	-94	-89	25	-4.68	54.6	3.706
2014-12-30 07:38:33.166	20451	11001	-94	-89	25
2014-12-30 07:43:37.879	20451	11001	-94	-89	27	-5.36	54.95	3.704
2014-12-30 07:58:29.854	20451	11001	-94	-89	25
2014-12-30 07:58:29.878	20451	11001	-91	-89	25	-5.34	54.76	3.66
2014-12-30 08:28:33.53	20451	11001	-94	-88	23	-4.75	53.92	3.704
2014-12-30 09:13:29.57	20451	11001	-91	-89	23	-3.25	52.05	3.704
2014-12-30 09:58:30.142	20451	11001	-91	-88	23	-1.74	51.34	3.659
2014-12-30 10:08:28.122	20451	11001	-94	-88	23
2014-12-30 18:43:33.931	20451	11001	-94	-89	14	-2.71	53.17	3.707
2014-12-30 19:38:33.627	20451	11001	-94	-86	17
2014-12-30 19:43:33.69	20451	11001	-94	-88	16	-3.49	53.22	3.707
2014-12-30 19:58:33.246	20451	11001	-94	-86	18
2014-12-30 19:58:33.27	20451	11001	-94	-86	18	-3.61	53.06	3.664
2014-12-30 20:08:33.65	20451	11001	-94	-89	17
2014-12-30 20:13:34.694	20451	11001	-91	-86	20	-3.68	52.91	3.706
2014-12-30 20:28:34.738	20451	11001	-94	-85	22	-3.41	52.69	3.704
2014-12-30 20:38:31.615	20451	11001	-91	-89	21
2014-12-30 20:38:31.634	20451	11001	-94	-86	21
2014-12-30 20:43:30.65	20451	11001	-94	-86	20	-3.41	52.75	3.706
2014-12-30 20:58:30.787	20451	11001	-94	-86	20	-3.43	52.83	3.706
2014-12-30 21:08:31.638	20451	11001	-91	-87	22
2014-12-30 21:13:30.555	20451	11001	-91	-89	22	-3.36	52.81	3.706
2014-12-30 21:18:31.347	20451	11001	-94	-88	22
2014-12-30 21:28:37.767	20451	11001	-94	-89	22	-3.39	52.81	3.706
2014-12-30 21:43:33.663	20451	11001	-94	-90	32	-3.6	53.06	3.704
2014-12-30 21:58:28.239	20451	11001	-94	-88	30
2014-12-30 21:58:31.299	20451	11001	-94	-87	30	-3.89	53.22	3.66
2014-12-30 22:08:33.066	20451	11001	-88	-86	28
2014-12-30 22:13:31.602	20451	11001	-94	-85	27	-4.2	53.35	3.706
2014-12-30 22:38:29.338	20451	11001	-91	-85	25
2014-12-30 22:43:32.478	20451	11001	-94	-85	25	-4.75	53.41	3.704
2014-12-30 22:58:30.756	20451	11001	-91	-85	21	-5.03	53.36	3.704
2014-12-30 23:08:31.479	20451	11001	-94	-87	20
2014-12-30 23:13:32.503	20451	11001	-91	-90	20	-5.61	53.56	3.703
2014-12-30 23:18:30.379	20451	11001	-94	-88	20
2014-12-30 23:28:34.811	20451	11001	-94	-85	22	-5.96	53.4	3.703
2014-12-31 02:38:31.855	20451	11001	-94	-88	29
2014-12-31 03:08:29.943	20451	11001	-91	-88	29
2014-12-31 05:18:32.435	20451	11001	-94	-87	19
2014-12-31 05:28:28.823	20451	11001	-91	-89	21	-6.1	52.16	3.701
2014-12-31 06:08:31.079	20451	11001	-94	-88	35
2014-12-31 06:13:33.742	20451	11001	-94	-88	39	-6.03	52.34	3.702
2014-12-31 06:28:29.963	20451	11001	-94	-89	37	-6.18	52.49	3.701
2014-12-31 08:58:32.566	20451	11001	-94	-87	32	-6.7	52.58	3.699
2014-12-31 09:08:30.107	20451	11001	-94	-89	26
2014-12-31 09:38:39.491	20451	11001	-94	-88	25
2014-12-31 11:08:32.119	20451	11001	-94	-89	25
2014-12-31 11:18:37.195	20451	11001	-94	-89	25
2014-12-31 11:43:31.731	20451	11001	-94	-88	30	-1.99	54.76	3.701
2014-12-31 17:38:31.083	20451	11001	-91	-89	23
2014-12-31 17:58:31.346	20451	11001	-94	-88	23	-5.13	52.58	3.662
2014-12-31 18:08:33.251	20451	11001	-94	-89	21
2014-12-31 18:13:31.743	20451	11001	-94	-88	20	-5.2	52.43	3.698
2014-12-31 18:28:35.346	20451	11001	-94	-89	18	-5.21	52.2	3.701
2014-12-31 18:38:31.242	20451	11001	-94	-89	26
2014-12-31 18:58:33.266	20451	11001	-94	-88	21	-5.29	52.1	3.697
2014-12-31 19:08:36.275	20451	11001	-94	-88	20
2014-12-31 19:13:30.767	20451	11001	-94	-87	19	-5.36	52.03	3.699
2014-12-31 19:18:31.167	20451	11001	-94	-89	17
2014-12-31 19:58:32.915	20451	11001	-94	-88	32
2014-12-31 19:58:32.93	20451	11001	-94	-89	32	-5.56	51.98	3.662
2014-12-31 20:08:30.131	20451	11001	-94	-89	38
2014-12-31 20:13:32.823	20451	11001	-94	-88	38	-5.67	52.05	3.698
2014-12-31 20:28:30.163	20451	11001	-94	-88	32	-5.74	52.04	3.699
2014-12-31 20:38:35.139	20451	11001	-91	-87	30
2014-12-31 20:38:35.158	20451	11001	-91	-86	29
2014-12-31 20:43:29.719	20451	11001	-94	-86	29	-5.86	52.02	3.698
2014-12-31 20:58:35.023	20451	11001	-94	-87	26	-5.96	52.0	3.697
2014-12-31 21:18:33.382	20451	11001	-91	-86	35
2014-12-31 21:28:41.131	20451	11001	-94	-87	34	-6.06	51.88	3.697
2014-12-31 22:28:32.854	20451	11001	-94	-86	34	-5.89	51.73	3.697
2014-12-31 22:38:33.13	20451	11001	-94	-86	31
2014-12-31 22:38:33.146	20451	11001	-91	-88	30
2014-12-31 22:58:34.87	20451	11001	-94	-88	30	-5.89	51.84	3.697
2014-12-31 23:08:32.246	20451	11001	-94	-86	28
2014-12-31 23:13:30.87	20451	11001	-94	-85	30	-5.96	51.83	3.698
2014-12-31 23:18:31.458	20451	11001	-94	-86	26
2014-12-31 23:28:34.91	20451	11001	-94	-89	25	-6.06	51.9	3.698
2014-12-31 23:38:31.735	20451	11001	-94	-88	24
2014-12-31 23:43:31.683	20451	11001	-94	-86	23	-6.0	51.71	3.697
2014-12-31 23:58:34.59	20451	11001	-94	-87	24
2014-12-31 23:58:34.606	20451	11001	-94	-87	23	-6.06	51.7	3.66
2015-01-01 00:08:30.067	20451	11001	-91	-88	22
2015-01-01 00:13:33.795	20451	11001	-91	-85	21	-6.16	51.89	3.697
2015-01-01 00:38:36.355	20451	11001	-94	-87	38
2015-01-01 00:38:36.367	20451	11001	-91	-86	36
2015-01-01 00:43:30.767	20451	11001	-94	-88	34	-6.11	51.72	3.696
2015-01-01 00:58:31.887	20451	11001	-91	-87	32	-6.1	51.76	3.695
2015-01-01 01:58:30.775	20451	11001	-91	-87	28	-6.27	51.9	3.658
2015-01-01 02:38:31.899	20451	11001	-91	-90	26
2015-01-01 03:18:34.163	20451	11001	-94	-89	23
2015-01-01 04:43:42.25	20451	11001	-94	-88	44	-6.11	51.87	3.695
2015-01-01 07:28:36.215	20451	11001	-94	-86	33	-6.74	51.95	3.657
2015-01-01 07:58:32.714	20451	11001	-91	-88	29
2015-01-01 08:08:34.343	20451	11001	-94	-87	29
2015-01-01 09:38:35.467	20451	11001	-91	-85	17
2015-01-01 09:58:34.946	20451	11001	-94	-88	18
2015-01-01 22:43:37.535	20451	11001	-94	-89	39	-0.21	52.32	3.703
2015-01-02 19:58:34.866	20451	11001	-94	-89	27
2015-01-02 19:58:35.262	20451	11001	-94	-89	26	-2.17	52.84	3.666
2015-01-02 21:28:37.079	20451	11001	-94	-89	24	-2.2	52.55	3.703
2015-01-02 21:43:34.711	20451	11001	-94	-89	23	-2.25	52.54	3.702
2015-01-02 23:18:32.375	20451	11001	-91	-89	21
2015-01-02 23:43:35.617	20451	11001	-94	-89	20	-2.88	52.31	3.706
2015-01-02 23:58:33.947	20451	11001	-94	-89	20
2015-01-03 00:08:36.599	20451	11001	-94	-88	23
2015-01-03 00:38:39.75	20451	11001	-94	-88	21
2015-01-03 00:43:33.687	20451	11001	-94	-89	21	-3.07	52.57	3.701
2015-01-03 01:08:33.471	20451	11001	-94	-89	21
2015-01-03 01:18:35.167	20451	11001	-94	-89	21
2015-01-03 04:58:32.843	20451	11001	-94	-89	23	-1.85	52.05	3.701
2015-01-03 05:13:37.51	20451	11001	-94	-89	23	-1.67	52.08	3.701
2015-01-03 05:38:36.003	20451	11001	-94	-89	35
2015-01-03 05:43:33.683	20451	11001	-94	-88	34	-1.28	52.08	3.702
2015-01-03 06:13:35.671	20451	11001	-94	-87	34	-0.79	52.06	3.701
2015-01-03 06:58:36.886	20451	11001	-94	-89	31	-0.61	52.14	3.702
2015-01-03 07:43:37.21	20451	11001	-94	-88	30	-0.34	52.18	3.702
2015-01-03 07:58:35.864	20451	11001	-94	-87	27
2015-01-03 07:58:35.887	20451	11001	-91	-89	27	-0.21	52.23	3.666
2015-01-03 08:38:35.242	20451	11001	-94	-88	26
2015-01-04 16:08:31.907	20451	11001	-94	-90	40
2015-01-04 17:18:35.303	20451	11001	-94	-90	32
2015-01-04 17:28:32.95	20451	11001	-94	-91	33	7.03	55.72	3.725
2015-01-04 17:38:33.494	20451	11001	-94	-89	34
2015-01-04 17:38:34.258	20451	11001	-94	-89	34
2015-01-04 17:43:42.09	20451	11001	-94	-91	34	6.45	55.95	3.725
2015-01-04 17:58:32.698	20451	11001	-94	-89	44
2015-01-04 18:38:42.914	20451	11001	-94	-90	32
2015-01-05 03:38:32.164	20451	11001	-91	-86	33
2015-01-05 03:58:31.967	20451	11001	-94	-88	34
2015-01-05 03:58:34.182	20451	11001	-94	-88	31	-2.16	54.62	3.681
2015-01-05 04:08:32.423	20451	11001	-94	-85	29
2015-01-05 04:28:34.647	20451	11001	-94	-88	27	-2.56	54.47	3.718
2015-01-05 04:38:31.847	20451	11001	-94	-85	25
2015-01-05 04:38:34.892	20451	11001	-91	-87	25
2015-01-05 04:43:40.931	20451	11001	-94	-87	25	-2.7	54.45	3.717
2015-01-05 04:58:40.91	20451	11001	-94	-85	25	-2.77	54.27	3.715
2015-01-05 05:18:34.079	20451	11001	-91	-87	19
2015-01-05 05:28:33.942	20451	11001	-91	-86	21	-3.13	54.27	3.717
2015-01-05 05:38:34.598	20451	11001	-88	-88	23
2015-01-05 05:43:37.627	20451	11001	-91	-84	23	-3.5	54.45	3.715
2015-01-05 05:58:36.203	20451	11001	-94	-88	23
2015-01-05 05:58:36.246	20451	11001	-94	-87	25	-3.66	54.39	3.677
2015-01-05 06:08:31.858	20451	11001	-91	-87	45
2015-01-05 06:28:38.823	20451	11001	-94	-89	35	-4.06	54.42	3.714
2015-01-05 06:58:33.091	20451	11001	-94	-87	35	-4.74	54.62	3.714
2015-01-05 07:38:33.967	20451	11001	-94	-83	30
2015-01-05 07:43:32.983	20451	11001	-91	-87	29	-6.32	54.97	3.712
2015-01-05 09:58:37.882	20451	11001	-88	-87	16	-5.2	52.97	3.658
2015-01-05 10:08:33.01	20451	11001	-91	-85	16
2015-01-05 10:38:40.078	20451	11001	-94	-88	16
2015-01-05 10:43:34.79	20451	11001	-94	-85	16	-4.2	54.76	3.71
2015-01-05 21:28:40.807	20451	11001	-94	-85	18	-9.4	53.05	3.702
2015-01-06 01:08:36.751	20451	11001	-94	-88	12
2015-01-06 01:38:37.243	20451	11001	-91	-89	12
2015-01-06 01:43:40.85	20451	11001	-94	-88	12	-8.94	52.67	3.702
2015-01-06 04:38:37.387	20451	11001	-91	-88	12
2015-01-06 04:38:37.399	20451	11001	-94	-88	12
2015-01-06 04:58:37.395	20451	11001	-94	-89	12	-9.38	52.86	3.699
2015-01-06 05:08:38.485	20451	11001	-94	-88	12
2015-01-06 05:13:39.454	20451	11001	-91	-88	11	-9.28	52.82	3.699
2015-01-06 05:43:37.491	20451	11001	-94	-89	15	-9.33	52.89	3.699
2015-01-06 08:38:40.698	20451	11001	-94	-88	12
2015-01-06 09:28:35.158	20451	11001	-94	-88	17	-7.62	52.56	3.698
2015-01-06 09:58:41.51	20451	11001	-94	-89	17
2015-01-06 10:08:39.898	20451	11001	-94	-88	17
2015-01-06 10:38:39.875	20451	11001	-94	-88	17
2015-01-06 10:58:38.61	20451	11001	-94	-89	16	-5.98	52.97	3.697
2015-01-06 11:08:37.847	20451	11001	-91	-88	16
2015-01-06 11:13:35.07	20451	11001	-91	-88	16	-5.53	52.69	3.697
2015-01-06 12:43:38.862	20451	11001	-91	-88	15	-3.2	52.72	3.699
2015-01-06 14:58:38.979	20451	11001	-94	-89	13	-4.46	54.67	3.699
2015-01-06 16:08:37.506	20451	11001	-91	-86	13
2015-01-06 16:28:39.37	20451	11001	-94	-88	14	-5.95	54.22	3.698
2015-01-06 16:58:37.41	20451	11001	-94	-89	17	-6.8	54.34	3.697
2015-01-06 17:08:36.463	20451	11001	-94	-90	16
2015-01-06 17:13:40.146	20451	11001	-94	-88	16	-7.03	54.19	3.699
2015-01-06 19:18:36.166	20451	11001	-94	-85	15
2015-01-06 19:38:43.179	20451	11001	-94	-88	14
2015-01-08 09:08:53.938	20451	11001	-94	-89	32
2015-01-08 13:38:40.415	20451	11001	-94	-89	26
2015-01-08 13:43:42.243	20451	11001	-94	-90	26	-8.14	55.16	3.682
2015-01-08 13:58:43.755	20451	11001	-94	-87	23
2015-01-08 13:58:43.771	20451	11001	-94	-89	23	-8.28	54.73	3.635
2015-01-08 14:13:40.43	20451	11001	-94	-88	22	-7.87	54.54	3.681
2015-01-08 14:28:43.151	20451	11001	-94	-87	22	-6.25	52.84	3.681
2015-01-08 14:58:47.606	20451	11001	-91	-88	23	-8.16	55.55	3.684
2015-01-08 15:13:42.575	20451	11001	-94	-86	36	-8.56	54.79	3.682
2015-01-08 15:38:40.487	20451	11001	-94	-88	36
2015-01-08 16:08:54.378	20451	11001	-94	-86	36
2015-01-08 16:13:41.694	20451	11001	-94	-88	34	-10.38	54.37	3.684
2015-01-08 17:08:44.402	20451	11001	-94	-90	26
2015-01-08 17:28:44.363	20451	11001	-94	-89	23	-11.77	53.17	3.68
2015-01-08 17:38:41.454	20451	11001	-94	-86	27
2015-01-08 18:08:42.282	20451	11001	-94	-88	25
2015-01-08 18:28:47.463	20451	11001	-91	-88	25	-11.72	52.84	3.68
2015-01-08 18:38:48.491	20451	11001	-94	-89	25
2015-01-08 18:43:42.443	20451	11001	-94	-89	23	-11.64	52.77	3.68
2015-01-08 18:58:50.211	20451	11001	-91	-87	23	-11.58	52.81	3.682
2015-01-08 19:13:44.51	20451	11001	-94	-89	22	-11.52	52.79	3.681
2015-01-08 19:18:42.263	20451	11001	-94	-89	21
2015-01-08 19:43:42.578	20451	11001	-94	-88	20	-11.3	52.71	3.681
2015-01-08 19:58:43.255	20451	11001	-94	-88	23
2015-01-08 19:58:43.271	20451	11001	-94	-89	23	-11.15	52.68	3.631
2015-01-08 20:13:48.063	20451	11001	-94	-88	23	-11.02	52.72	3.68
2015-01-08 20:43:43.166	20451	11001	-94	-89	26	-10.72	52.63	3.68
2015-01-08 21:13:43.343	20451	11001	-91	-87	30	-10.26	52.45	3.68
2015-01-08 21:28:49.77	20451	11001	-94	-89	30	-10.14	52.58	3.68
2015-01-09 00:28:44.507	20451	11001	-94	-90	41	-9.14	52.59	3.681
2015-01-09 00:38:45.068	20451	11001	-91	-89	39
2015-01-09 01:08:41.647	20451	11001	-94	-89	36
2015-01-09 01:13:45.654	20451	11001	-94	-88	34	-6.36	51.17	3.681
2015-01-09 02:08:44.134	20451	11001	-94	-89	38
2015-01-09 04:38:52.999	20451	11001	-94	-91	37
2015-01-09 04:38:53.03	20451	11001	-91	-88	45
2015-01-09 10:08:46.299	20451	11001	-94	-89	28
2015-01-09 10:43:43.583	20451	11001	-94	-89	43	-4.53	52.55	3.685
2015-01-09 22:43:57.535	20451	11001	-94	-86	41	-13.24	52.42	3.677
2015-01-10 17:38:47.795	20451	11001	-91	-87	44
2015-01-10 19:08:49.659	20451	11001	-94	-89	41
2015-01-10 19:13:45.614	20451	11001	-94	-89	39	-10.38	52.04	3.677
2015-01-10 19:58:47.479	20451	11001	-94	-89	34
2015-01-10 19:58:47.582	20451	11001	-94	-88	34	-10.68	52.41	3.632
2015-01-10 20:13:53.503	20451	11001	-94	-88	34	-10.88	52.49	3.68
2015-01-10 21:38:54.871	20451	11001	-94	-90	31
2015-01-11 09:08:48.127	20451	11001	-94	-90	27
2015-01-11 09:18:46.791	20451	11001	-94	-89	27
2015-01-11 09:58:49.05	20451	11001	-94	-90	27	-2.56	51.43	3.632
2015-01-11 10:08:47.283	20451	11001	-94	-90	28
2015-01-11 10:58:48.386	20451	11001	-94	-90	28	-0.6	51.77	3.684
2015-01-11 12:08:48.166	20451	11001	-94	-90	48
2015-01-11 12:28:48.298	20451	11001	-94	-90	42	1.96	51.98	3.687
2015-01-11 12:38:47.279	20451	11001	-94	-90	42
2015-01-11 13:08:48.178	20451	11001	-94	-91	56
2015-01-12 20:38:57.331	20451	11001	-94	-86	22
2015-01-12 20:38:57.362	20451	11001	-94	-87	22
2015-01-12 20:43:48.543	20451	11001	-91	-86	19	-1.03	56.83	3.699
2015-01-12 20:43:49.839	20451	11001	-91	-86	19	-1.03	56.83	3.699
2015-01-12 20:58:56.011	20451	11001	-94	-84	45	-1.07	56.71	3.698
2015-01-12 20:58:56.535	20451	11001	-94	-84	45	-1.07	56.71	3.698
2015-01-12 21:28:48.654	20451	11001	-94	-88	40	-1.29	56.82	3.699
2015-01-12 21:38:47.471	20451	11001	-94	-86	34
2015-01-12 21:43:48.387	20451	11001	-94	-86	34	-1.38	56.86	3.699
2015-01-12 21:58:47.278	20451	11001	-91	-86	31
2015-01-12 21:58:50.335	20451	11001	-91	-85	31	-1.46	56.9	3.648
2015-01-12 22:08:48.071	20451	11001	-91	-87	27
2015-01-12 22:13:49.439	20451	11001	-91	-84	34	-1.52	56.81	3.698
2015-01-12 22:28:48.267	20451	11001	-94	-88	53	-1.56	56.72	3.698
2015-01-12 22:38:47.739	20451	11001	-94	-85	45
2015-01-12 22:38:47.754	20451	11001	-94	-87	45
2015-01-12 22:43:53.214	20451	11001	-94	-87	45	-1.63	56.85	3.698
2015-01-12 22:43:57.334	20451	11001	-94	-87	45	-1.63	56.85	3.698
2015-01-12 22:58:50.127	20451	11001	-94	-86	38	-1.67	56.84	3.697
2015-01-12 23:08:47.767	20451	11001	-94	-89	34
2015-01-12 23:13:47.799	20451	11001	-94	-87	34	-1.74	56.86	3.697
2015-01-12 23:18:48.039	20451	11001	-94	-89	31
2015-01-12 23:28:51.243	20451	11001	-94	-88	33	-1.78	56.77	3.698
2015-01-12 23:38:52.331	20451	11001	-94	-87	29
2015-01-12 23:43:51.236	20451	11001	-94	-85	31	-1.88	56.87	3.696
2015-01-12 23:58:47.502	20451	11001	-94	-86	28
2015-01-12 23:58:54.594	20451	11001	-91	-85	28	-2.0	56.99	3.648
2015-01-13 00:08:48.374	20451	11001	-94	-86	24
2015-01-13 00:13:49.066	20451	11001	-94	-85	23	-2.09	57.06	3.697
2015-01-13 00:28:48.026	20451	11001	-94	-83	33	-2.17	57.01	3.697
2015-01-13 00:38:47.779	20451	11001	-91	-88	28
2015-01-13 00:38:47.806	20451	11001	-91	-86	28
2015-01-13 00:43:50.242	20451	11001	-94	-87	28	-2.38	57.23	3.697
2015-01-13 00:58:51.919	20451	11001	-94	-85	30	-2.57	57.26	3.697
2015-01-13 01:08:47.555	20451	11001	-94	-86	27
2015-01-13 01:13:49.102	20451	11001	-91	-86	27	-2.89	57.54	3.697
2015-01-13 01:18:49.047	20451	11001	-94	-84	27
2015-01-13 01:28:48.675	20451	11001	-94	-86	39	-3.14	57.42	3.696
2015-01-13 01:38:48.311	20451	11001	-94	-85	31
2015-01-13 01:43:51.243	20451	11001	-94	-85	31	-3.49	57.7	3.698
2015-01-13 01:58:55.255	20451	11001	-91	-86	31
2015-01-13 01:58:55.395	20451	11001	-94	-85	29	-3.75	57.65	3.647
2015-01-13 02:08:49.183	20451	11001	-94	-87	27
2015-01-13 02:28:50.306	20451	11001	-91	-87	23	-5.07	58.38	3.696
2015-01-13 03:13:58.215	20451	11001	-94	-85	19	-6.43	58.02	3.695
2015-01-13 03:28:53.947	20451	11001	-94	-86	19	-6.75	57.83	3.696
2015-01-13 03:38:50.886	20451	11001	-91	-85	18
2015-01-13 03:43:57.35	20451	11001	-91	-85	18	-7.02	57.65	3.697
2015-01-13 03:58:49.194	20451	11001	-94	-86	24
2015-01-13 03:58:49.21	20451	11001	-94	-85	24	-7.28	57.55	3.645
2015-01-13 04:08:48.766	20451	11001	-91	-85	21
2015-01-13 04:13:49.31	20451	11001	-94	-86	21	-7.5	57.46	3.693
2015-01-13 04:28:51.183	20451	11001	-91	-86	19	-7.68	57.38	3.693
2015-01-13 04:38:51.927	20451	11001	-94	-86	17
2015-01-13 04:38:51.946	20451	11001	-94	-86	17
2015-01-13 04:58:50.858	20451	11001	-94	-86	15	-7.99	57.17	3.693
2015-01-13 05:28:55.162	20451	11001	-91	-86	19	-8.32	57.09	3.692
2015-01-13 05:43:53.359	20451	11001	-94	-86	18	-8.53	57.1	3.692
2015-01-13 07:13:49.415	20451	11001	-94	-87	21	-9.98	57.09	3.691
2015-01-13 07:38:51.89	20451	11001	-91	-88	19
2015-01-13 07:43:49.366	20451	11001	-94	-87	19	-10.4	56.97	3.69
2015-01-13 08:08:50.979	20451	11001	-94	-88	19
2015-01-13 08:13:49.454	20451	11001	-94	-88	22	-10.57	56.75	3.64
2015-01-13 17:43:53.57	20451	11001	-88	-84	28	-5.92	56.7	3.696
2015-01-13 18:58:54.967	20451	11001	-88	-83	28	-7.39	54.97	3.693
2015-01-13 19:08:54.122	20451	11001	-91	-83	25
2015-01-13 19:13:49.651	20451	11001	-91	-83	23	-7.53	54.7	3.692
2015-01-13 19:18:52.083	20451	11001	-91	-83	23
2015-01-13 19:38:52.235	20451	11001	-91	-84	23
2015-01-13 19:43:50.595	20451	11001	-91	-84	21	-7.78	54.5	3.693
2015-01-13 19:58:50.462	20451	11001	-88	-84	21
2015-01-13 20:58:53.562	20451	11001	-91	-84	15	-8.1	54.28	3.693
2015-01-13 21:13:53.691	20451	11001	-91	-85	15	-8.19	54.24	3.692
2015-01-13 21:43:50.646	20451	11001	-91	-86	13	-8.18	53.91	3.692
2015-01-13 21:58:50.85	20451	11001	-94	-86	14
2015-01-13 21:58:50.863	20451	11001	-94	-85	14	-8.08	53.78	3.638
2015-01-13 22:08:55.139	20451	11001	-94	-85	20
2015-01-13 22:13:55.702	20451	11001	-94	-86	23	-8.02	53.73	3.691
2015-01-13 22:28:54.106	20451	11001	-94	-85	23	-8.0	53.77	3.691
2015-01-13 22:38:51.159	20451	11001	-94	-85	23
2015-01-13 22:38:51.178	20451	11001	-94	-86	23
2015-01-13 23:18:50.222	20451	11001	-94	-86	11
2015-01-13 23:58:59.918	20451	11001	-91	-86	12
2015-01-14 00:28:58.65	20451	11001	-91	-86	13	-8.64	54.09	3.69
2015-01-14 02:28:55.695	20451	11001	-91	-86	16	-9.34	54.29	3.691
2015-01-14 02:43:56.819	20451	11001	-91	-85	26	-9.53	54.17	3.688
2015-01-14 08:38:50.531	20451	11001	-91	-85	24
2015-01-14 09:13:56.23	20451	11001	-91	-87	18	-8.34	52.48	3.687
2015-01-14 09:38:50.71	20451	11001	-91	-86	17
2015-01-14 09:43:54.758	20451	11001	-94	-87	16	-7.03	52.27	3.686
2015-01-14 10:08:56.678	20451	11001	-91	-87	16
2015-01-14 10:28:58.698	20451	11001	-94	-87	19	-5.48	52.62	3.687
2015-01-14 10:38:54.695	20451	11001	-94	-87	29
2015-01-14 10:43:51.719	20451	11001	-91	-87	28	-5.06	52.76	3.687
2015-01-14 11:13:54.158	20451	11001	-94	-88	24	-4.14	52.98	3.688
2015-01-14 11:18:51.67	20451	11001	-91	-87	22
2015-01-14 11:28:50.607	20451	11001	-94	-87	22	-3.81	53.15	3.688
2015-01-14 11:38:52.715	20451	11001	-94	-88	22
2015-01-14 11:58:52.386	20451	11001	-94	-88	21	-3.03	53.35	3.634
2015-01-14 12:28:51.63	20451	11001	-94	-88	20	-2.43	53.49	3.69
2015-01-14 12:38:53.79	20451	11001	-94	-89	19
2015-01-14 12:38:53.807	20451	11001	-94	-88	18
2015-01-14 12:43:51.751	20451	11001	-94	-88	18	-2.5	54.0	3.69
2015-01-14 12:58:55.632	20451	11001	-91	-88	18	-2.43	54.18	3.69
2015-01-14 13:08:51.587	20451	11001	-94	-87	17
2015-01-14 13:13:59.811	20451	11001	-94	-87	16	-2.46	54.26	3.69
2015-01-14 13:18:52.466	20451	11001	-94	-87	16
2015-01-14 13:28:51.199	20451	11001	-94	-87	16	-2.41	54.44	3.688
2015-01-14 13:38:54.33	20451	11001	-94	-86	16
2015-01-14 13:58:53.979	20451	11001	-94	-86	16	-2.38	54.59	3.637
2015-01-14 14:38:52.734	20451	11001	-94	-87	15
2015-01-14 14:43:52.099	20451	11001	-94	-87	15	-2.32	54.62	3.69
2015-01-14 14:58:54.734	20451	11001	-94	-88	19	-2.16	54.56	3.688
2015-01-14 15:08:59.691	20451	11001	-94	-87	22
2015-01-14 15:28:54.602	20451	11001	-94	-87	26	-2.24	54.64	3.69
2015-01-14 15:58:52.195	20451	11001	-91	-86	23
2015-01-14 15:58:54.506	20451	11001	-91	-87	22	-2.54	54.9	3.636
2015-01-14 16:08:52.906	20451	11001	-94	-87	24
2015-01-14 16:28:56.887	20451	11001	-94	-87	23	-3.0	55.0	3.69
2015-01-14 16:38:50.586	20451	11001	-94	-86	20
2015-01-14 16:38:50.602	20451	11001	-94	-88	20
2015-01-14 16:43:51.018	20451	11001	-94	-88	20	-3.28	55.13	3.69
2015-01-14 16:58:51.91	20451	11001	-94	-86	19	-3.56	55.11	3.69
2015-01-14 17:08:51.548	20451	11001	-94	-87	19
2015-01-14 17:13:54.067	20451	11001	-91	-87	19	-3.79	55.05	3.688
2015-01-14 17:18:54.57	20451	11001	-91	-87	18
2015-01-14 17:43:56.031	20451	11001	-91	-88	17	-4.14	54.86	3.691
2015-01-14 18:08:54.579	20451	11001	-94	-88	16
2015-01-14 18:13:54.05	20451	11001	-94	-87	16	-4.29	54.69	3.69
2015-01-14 18:28:50.846	20451	11001	-94	-87	15	-4.35	54.68	3.69
2015-01-14 18:39:03.403	20451	11001	-94	-87	17
2015-01-14 18:39:03.42	20451	11001	-94	-87	17
2015-01-14 18:43:52.259	20451	11001	-91	-87	17	-4.42	54.62	3.69
2015-01-14 18:58:52.986	20451	11001	-94	-87	18	-4.48	54.61	3.69
2015-01-14 19:08:56.586	20451	11001	-94	-88	17
2015-01-14 19:13:55.103	20451	11001	-94	-87	17	-4.52	54.6	3.688
2015-01-14 19:18:54.703	20451	11001	-94	-87	16
2015-01-14 20:44:00.102	20451	11001	-94	-86	34	-5.13	54.62	3.692
2015-01-14 20:58:54.086	20451	11001	-94	-87	35	-5.21	54.61	3.688
2015-01-14 21:18:55.779	20451	11001	-94	-88	32
2015-01-14 21:29:00.15	20451	11001	-94	-89	30	-5.32	54.53	3.688
2015-01-14 21:38:54.159	20451	11001	-94	-87	32
2015-01-14 21:43:53.138	20451	11001	-94	-87	32	-5.39	54.52	3.688
2015-01-14 22:08:51.903	20451	11001	-94	-86	31
2015-01-14 22:28:52.078	20451	11001	-94	-87	31	-6.25	54.9	3.688
2015-01-14 22:43:57.17	20451	11001	-91	-87	29	-6.52	54.86	3.687
2015-01-14 22:58:55.274	20451	11001	-91	-87	27	-6.86	55.05	3.688
2015-01-14 23:08:53.195	20451	11001	-94	-87	29
2015-01-14 23:13:52.175	20451	11001	-91	-87	29	-7.07	55.02	3.687
2015-01-14 23:18:50.978	20451	11001	-91	-87	28
2015-01-15 03:38:51.418	20451	11001	-94	-86	17
2015-01-15 03:43:54.894	20451	11001	-94	-87	17	-6.84	54.42	3.687
2015-01-15 03:58:55.126	20451	11001	-94	-88	15
2015-01-15 04:08:56.61	20451	11001	-94	-87	15
2015-01-15 04:13:59.163	20451	11001	-94	-87	16	-6.93	54.4	3.687
2015-01-15 06:08:54.611	20451	11001	-91	-88	38
2015-01-15 06:13:53.018	20451	11001	-91	-87	38	-7.57	54.14	3.685
2015-01-15 06:38:56.727	20451	11001	-94	-87	38
2015-01-15 06:58:53.686	20451	11001	-91	-87	35	-7.11	54.07	3.687
2015-01-15 07:08:52.543	20451	11001	-94	-87	30
2015-01-15 07:13:52.123	20451	11001	-94	-87	30	-7.39	54.42	3.686
2015-01-15 09:13:52.807	20451	11001	-94	-88	28	-4.93	52.07	3.686
2015-01-15 09:28:54.51	20451	11001	-91	-87	26	-4.57	52.35	3.687
2015-01-15 09:43:56.784	20451	11001	-88	-87	28	-2.82	50.64	3.687
2015-01-15 09:59:00.534	20451	11001	-94	-86	24
2015-01-15 11:43:59.619	20451	11001	-94	-89	34	1.17	54.95	3.688
2015-01-15 11:58:51.686	20451	11001	-94	-90	26
2015-01-15 12:08:53.99	20451	11001	-94	-90	38
2015-01-15 13:58:59.922	20451	11001	-91	-90	46
2015-01-16 02:39:09.807	20451	11001	-91	-89	28
2015-01-16 04:28:56.114	20451	11001	-94	-88	29	-2.75	54.19	3.693
2015-01-16 04:39:01.97	20451	11001	-94	-89	30
2015-01-16 08:43:59.211	20451	11001	-94	-90	36	-1.88	54.32	3.693
2015-01-16 11:38:55.335	20451	11001	-94	-89	33
2015-01-16 12:43:56.286	20451	11001	-94	-91	30	3.06	54.37	3.696
2015-01-16 12:58:57.994	20451	11001	-94	-89	46	1.88	56.29	3.696
2015-01-16 13:59:02.95	20451	11001	-94	-88	43	3.78	54.27	3.642
2015-01-16 15:18:55.871	20451	11001	-94	-89	40
2015-01-16 15:38:53.234	20451	11001	-94	-88	34
2015-01-16 15:43:58.439	20451	11001	-94	-89	34	1.71	55.41	3.698
2015-01-16 15:43:59.714	20451	11001	-94	-89	34	1.71	55.41	3.698
2015-01-16 15:58:55.791	20451	11001	-91	-87	48	1.15	55.87	3.641
2015-01-16 16:08:52.83	20451	11001	-94	-89	51
2015-01-16 17:08:56.127	20451	11001	-94	-88	34
2015-01-16 18:43:55.338	20451	11001	-94	-89	32	-2.35	54.96	3.697
2015-01-16 18:58:57.162	20451	11001	-94	-88	31	-2.53	54.93	3.695
2015-01-16 19:18:59.65	20451	11001	-94	-89	30
2015-01-16 19:28:58.97	20451	11001	-94	-86	30	-3.06	55.08	3.695
2015-01-16 19:44:02.235	20451	11001	-94	-88	28	-3.6	55.39	3.696
2015-01-16 19:58:53.463	20451	11001	-94	-88	26
2015-01-16 19:58:53.478	20451	11001	-91	-87	26	-3.7	55.01	3.641
2015-01-16 20:08:54.407	20451	11001	-94	-89	24
2015-01-16 21:39:00.006	20451	11001	-94	-89	22
2015-01-16 21:58:55.011	20451	11001	-94	-88	22
2015-01-16 22:08:59.479	20451	11001	-94	-88	22
2015-01-16 22:59:01.563	20451	11001	-94	-89	21	-5.02	54.64	3.695
2015-01-17 04:29:08.007	20451	11001	-94	-89	15	-8.9	54.3	3.692
2015-01-17 04:38:53.767	20451	11001	-94	-89	18
2015-01-17 05:13:55.718	20451	11001	-94	-89	15	-9.16	54.4	3.691
2015-01-17 05:59:03.467	20451	11001	-94	-89	11	-9.26	54.19	3.631
2015-01-17 06:08:54.819	20451	11001	-91	-88	11
2015-01-17 09:43:55.887	20451	11001	-94	-89	21	-0.63	48.61	3.69
2015-01-17 09:59:02.504	20451	11001	-94	-91	36
2015-01-17 11:59:00.306	20451	11001	-94	-90	45
2015-01-17 15:14:01.306	20451	11001	-94	-90	10	13.02	57.36	3.707
2015-01-17 16:38:56.539	20451	11001	-94	-90	32
2015-01-17 16:38:56.554	20451	11001	-94	-92	32
2015-01-17 16:44:03.266	20451	11001	-94	-91	32	10.07	58.05	3.709
2015-01-17 18:38:53.995	20451	11001	-94	-90	29
2015-01-17 19:13:55.055	20451	11001	-94	-90	28	5.86	55.69	3.709
2015-01-17 19:28:56.667	20451	11001	-94	-90	31	5.76	55.59	3.709
2015-01-18 05:39:01.786	20451	11001	-94	-89	46
2015-01-18 05:39:02.694	20451	11001	-94	-89	46
2015-01-18 05:39:03.026	20451	11001	-94	-89	46
2015-01-18 08:08:55.875	20451	11001	-94	-90	52
2015-01-18 09:18:58.415	20451	11001	-94	-90	52
2015-01-18 09:28:54.779	20451	11001	-94	-91	49	7.07	54.73	3.709
2015-01-18 09:43:57.702	20451	11001	-94	-91	49	6.74	55.32	3.712
2015-01-18 09:58:59.306	20451	11001	-94	-91	52
2015-01-18 15:29:02.378	20451	11001	-94	-90	15	4.0	55.43	3.709
2015-01-18 15:38:56.038	20451	11001	-94	-89	26
2015-01-18 15:38:56.879	20451	11001	-94	-89	26
2015-01-19 05:29:02.246	20451	11001	-94	-88	34	0.33	55.05	3.708
2015-01-19 23:39:00.19	20451	11001	-94	-89	10
2015-01-19 23:43:58.459	20451	11001	-94	-89	10	-1.71	54.97	3.704
2015-01-19 23:58:55.523	20451	11001	-94	-89	11
2015-01-19 23:58:55.539	20451	11001	-94	-89	11	-2.04	55.43	3.656
2015-01-20 00:08:54.855	20451	11001	-94	-89	17
2015-01-20 00:13:57.635	20451	11001	-94	-89	26	-1.98	55.13	3.704
2015-01-20 00:39:00.814	20451	11001	-94	-89	30
2015-01-20 00:39:00.828	20451	11001	-94	-89	32
2015-01-20 00:58:57.687	20451	11001	-91	-89	32	-1.66	54.95	3.701
2015-01-20 01:28:58.262	20451	11001	-94	-90	29	-1.31	54.81	3.706
2015-01-20 02:08:58.091	20451	11001	-91	-89	28
2015-01-20 04:14:03.115	20451	11001	-94	-89	24	-0.89	55.12	3.706
2015-01-20 04:29:03.875	20451	11001	-94	-89	26	-1.1	55.35	3.703
2015-01-20 04:38:58.959	20451	11001	-94	-89	28
2015-01-20 04:38:58.972	20451	11001	-94	-89	27
2015-01-20 04:58:55.835	20451	11001	-94	-89	27	-1.14	55.26	3.703
2015-01-20 05:08:54.938	20451	11001	-94	-89	27
2015-01-20 05:43:55.871	20451	11001	-94	-89	23	-1.24	55.27	3.703
2015-01-20 06:13:58.806	20451	11001	-94	-89	23	-1.38	55.31	3.703
2015-01-20 06:43:57.823	20451	11001	-94	-89	23	-1.38	55.19	3.703
2015-01-20 07:58:58.263	20451	11001	-94	-89	20
2015-01-20 08:39:00.726	20451	11001	-94	-89	23
2015-01-20 08:39:00.742	20451	11001	-94	-88	25
2015-01-20 08:43:56.682	20451	11001	-94	-89	25	-0.2	54.66	3.704
2015-01-20 09:14:04.782	20451	11001	-94	-89	23	0.24	54.7	3.703
2015-01-20 09:29:00.354	20451	11001	-94	-89	35	0.42	54.75	3.702
2015-01-20 11:38:55.55	20451	11001	-94	-91	32
2015-01-21 01:13:56.627	20451	11001	-94	-90	15	-0.14	55.5	3.698
2015-01-21 01:43:56.63	20451	11001	-94	-90	26	-0.17	55.49	3.701
2015-01-21 01:58:59.067	20451	11001	-94	-90	25	-0.16	55.44	3.651
2015-01-21 02:08:55.514	20451	11001	-94	-90	25
2015-01-21 02:13:56.567	20451	11001	-94	-89	23	-0.17	55.49	3.702
2015-01-21 02:29:02.455	20451	11001	-94	-90	21	-0.17	55.49	3.651
2015-01-21 02:38:57.47	20451	11001	-94	-89	21
2015-01-21 02:38:57.486	20451	11001	-94	-89	21
2015-01-21 02:43:56.458	20451	11001	-94	-89	20	-0.2	55.52	3.699
2015-01-21 02:59:03.554	20451	11001	-94	-90	19	-0.23	55.54	3.702
2015-01-21 03:14:02.554	20451	11001	-94	-89	24	-0.25	55.51	3.701
2015-01-21 03:18:59.16	20451	11001	-94	-90	25
2015-01-21 03:38:56.506	20451	11001	-94	-90	24
2015-01-21 03:44:03.591	20451	11001	-94	-89	24	-0.5	55.73	3.699
2015-01-21 03:59:03.147	20451	11001	-91	-89	23
2015-01-21 03:59:03.163	20451	11001	-94	-88	23	-0.56	55.66	3.651
2015-01-21 04:08:57.495	20451	11001	-94	-89	21
2015-01-21 04:13:58.539	20451	11001	-94	-89	26	-0.53	55.55	3.67
2015-01-21 04:29:04.558	20451	11001	-94	-89	24	-0.56	55.55	3.701
2015-01-21 04:39:03.842	20451	11001	-94	-89	20
2015-01-21 06:38:59.787	20451	11001	-94	-89	18
2015-01-21 07:39:03.383	20451	11001	-91	-90	13
2015-01-21 10:28:56.798	20451	11001	-94	-90	15	1.24	55.45	3.699
2015-01-22 09:28:56.835	20451	11001	-94	-89	10	-0.29	56.8	3.698
2015-01-22 09:38:57.043	20451	11001	-91	-88	13
2015-01-22 09:58:56.284	20451	11001	-94	-88	14
2015-01-22 09:58:59.338	20451	11001	-94	-87	14	0.14	56.48	3.648
2015-01-22 10:38:57.955	20451	11001	-94	-89	26
2015-01-22 10:58:58.635	20451	11001	-94	-89	27	1.15	56.44	3.697
2015-01-22 11:09:03.19	20451	11001	-94	-89	23
2015-01-22 11:13:57.882	20451	11001	-94	-89	41	1.07	56.91	3.698
2015-01-22 11:18:56.674	20451	11001	-94	-89	47
2015-01-22 11:28:57.307	20451	11001	-94	-90	43	1.35	56.84	3.698
2015-01-22 11:43:57.834	20451	11001	-94	-88	49	1.7	56.72	3.698
2015-01-22 11:58:57.359	20451	11001	-94	-90	55	2.03	56.83	3.648
2015-01-23 03:09:02.946	20451	11001	-94	-89	28
2015-01-23 04:44:00.619	20451	11001	-94	-89	37	-1.89	56.69	3.696
2015-01-23 05:28:59.115	20451	11001	-94	-89	37	-1.96	56.6	3.696
2015-01-23 06:44:01.147	20451	11001	-94	-89	26	-1.78	56.35	3.693
2015-01-23 07:09:07.863	20451	11001	-94	-89	23
2015-01-23 07:13:58.855	20451	11001	-94	-89	25	-1.74	56.44	3.695
2015-01-23 08:09:05.406	20451	11001	-94	-88	20
2015-01-23 08:29:00.287	20451	11001	-94	-89	21	-1.49	56.31	3.695
2015-01-23 08:29:00.999	20451	11001	-94	-89	21	-1.49	56.31	3.695
2015-01-23 08:29:02.399	20451	11001	-94	-89	21	-1.49	56.31	3.695
2015-01-23 08:39:02.143	20451	11001	-94	-90	21
2015-01-23 08:39:02.258	20451	11001	-94	-89	23
2015-01-23 08:43:59.371	20451	11001	-94	-88	23	-1.34	56.28	3.693
2015-01-23 09:18:57.771	20451	11001	-94	-89	15
2015-01-23 09:28:58.427	20451	11001	-94	-89	13	-0.63	56.02	3.693
2015-01-23 09:38:59.811	20451	11001	-94	-89	14
2015-01-23 09:59:06.195	20451	11001	-94	-90	16
2015-01-23 10:38:57.986	20451	11001	-94	-90	37
2015-01-23 10:44:00.594	20451	11001	-94	-90	46	4.43	52.31	3.695
2015-01-24 06:28:59.934	20451	11001	-94	-91	25	-0.96	56.45	3.696
2015-01-24 06:38:57.91	20451	11001	-94	-89	34
2015-01-24 07:08:57.831	20451	11001	-94	-89	36
2015-01-24 07:19:00.958	20451	11001	-94	-90	36
2015-01-24 07:38:59.475	20451	11001	-94	-88	33
2015-01-24 07:43:59.418	20451	11001	-94	-89	31	-1.78	56.63	3.695
2015-01-24 07:58:59.359	20451	11001	-91	-87	31
2015-01-24 07:58:59.386	20451	11001	-94	-89	29	-1.89	56.53	3.646
2015-01-24 08:08:58.751	20451	11001	-94	-89	26
2015-01-24 08:14:01.931	20451	11001	-94	-90	26	-1.82	56.45	3.695
2015-01-24 08:29:03.33	20451	11001	-94	-87	27	-1.6	56.23	3.695
2015-01-24 08:39:01.491	20451	11001	-91	-87	25
2015-01-24 08:39:01.518	20451	11001	-94	-86	25
2015-01-24 08:44:02.476	20451	11001	-91	-87	25	-1.24	55.9	3.697
2015-01-24 08:58:59.291	20451	11001	-94	-88	24	-1.32	56.19	3.693
2015-01-24 08:59:01.759	20451	11001	-94	-88	24	-1.32	56.19	3.693
2015-01-24 08:59:02.262	20451	11001	-94	-88	24	-1.32	56.19	3.693
2015-01-24 09:09:00.598	20451	11001	-94	-90	34
2015-01-24 09:19:00.675	20451	11001	-94	-85	31
2015-01-24 09:28:59.215	20451	11001	-94	-86	46	-1.2	56.18	3.693
2015-01-24 09:38:58.411	20451	11001	-94	-89	46
2015-01-24 10:08:58.57	20451	11001	-91	-86	43
2015-01-24 10:29:02.895	20451	11001	-94	-86	43	-0.16	56.03	3.695
2015-01-24 10:38:59.407	20451	11001	-91	-86	37
2015-01-24 10:43:58.386	20451	11001	-91	-84	37	-0.17	56.37	3.695
2015-01-24 10:59:02.435	20451	11001	-94	-86	34	-0.25	56.64	3.695
2015-01-24 11:29:00.158	20451	11001	-94	-90	31	-0.14	56.8	3.695
2015-01-24 11:38:58.515	20451	11001	-94	-86	29
2015-01-24 11:44:02.519	20451	11001	-91	-85	27	0.03	56.55	3.695
2015-01-24 11:59:00.618	20451	11001	-91	-85	30
2015-01-24 11:59:00.635	20451	11001	-91	-88	30	0.21	56.35	3.645
2015-01-24 12:09:01.339	20451	11001	-94	-89	30
2015-01-24 12:14:02.271	20451	11001	-94	-90	28	0.01	56.8	3.693
2015-01-24 12:28:59.852	20451	11001	-94	-88	30	-0.29	57.31	3.696
2015-01-24 12:38:58.424	20451	11001	-94	-89	25
2015-01-24 12:38:58.443	20451	11001	-91	-89	24
2015-01-24 12:44:00.382	20451	11001	-94	-88	24	0.0	56.65	3.695
2015-01-24 12:58:59.847	20451	11001	-94	-87	23	-0.07	56.87	3.693
