result_time	node_id	parent_id	stats_frssi	stats_brssi	etx	temperature	humidity	voltage
2014-12-01 00:07:24.687	20551	11001	-94	-91	33
2014-12-01 00:17:18.567	20551	11001	-94	-90	37
2014-12-01 00:22:19.146	20551	11001	-94	-90	37	16.28	64.63	3.719
2014-12-01 01:47:19.618	20551	11001	-94	-89	48
2014-12-01 01:52:21.051	20551	11001	-94	-88	48	16.11	64.91	3.721
2014-12-01 02:07:28.595	20551	11001	-94	-90	45	16.15	64.95	3.697
2014-12-01 02:37:22.57	20551	11001	-94	-90	34	16.08	65.02	3.721
2014-12-01 02:47:19.23	20551	11001	-94	-91	29
2014-12-01 02:47:19.263	20551	11001	-94	-89	29
2014-12-01 02:52:22.138	20551	11001	-94	-89	29	15.06	65.64	3.72
2014-12-01 02:52:26.26	20551	11001	-94	-89	29	15.06	65.64	3.72
2014-12-01 03:17:28.51	20551	11001	-94	-91	28
2014-12-01 03:22:19.919	20551	11001	-94	-93	42	13.33	67.54	3.697
2014-12-01 04:37:20.423	20551	11001	-94	-91	29	12.83	67.2	3.72
2014-12-01 04:52:18.96	20551	11001	-94	-92	27	12.83	67.06	3.719
2014-12-01 06:07:26.91	20551	11001	-94	-90	17	11.89	67.58	3.697
2014-12-01 06:07:26.947	20551	11001	-94	-89	18
2014-12-01 06:37:27.562	20551	11001	-91	-88	10	10.02	69.11	3.715
2014-12-01 06:47:24.507	20551	11001	-94	-91	11
2014-12-01 06:47:24.603	20551	11001	-94	-91	11
2014-12-01 06:47:28.695	20551	11001	-94	-91	11
2014-12-01 07:17:18.779	20551	11001	-94	-88	14
2014-12-01 07:22:23.483	20551	11001	-94	-89	14	8.5	69.94	3.717
2014-12-01 07:27:20.558	20551	11001	-94	-91	16
2014-12-01 07:27:21.362	20551	11001	-94	-91	16
2014-12-01 07:27:24.071	20551	11001	-94	-91	16
2014-12-01 07:27:25.582	20551	11001	-94	-91	16
2014-12-01 08:47:22.235	20551	11001	-94	-90	13
2014-12-01 08:47:22.247	20551	11001	-94	-89	13
2014-12-01 08:52:22.53	20551	11001	-94	-90	12	6.56	70.55	3.714
2014-12-01 10:47:19.959	20551	11001	-94	-88	46
2014-12-01 11:17:17.846	20551	11001	-94	-90	42
2014-12-01 11:22:18.338	20551	11001	-94	-90	42	5.33	70.39	3.71
2014-12-01 11:52:21.263	20551	11001	-94	-90	40	4.97	70.4	3.715
2014-12-01 12:07:18.358	20551	11001	-94	-89	37
2014-12-01 12:07:18.378	20551	11001	-94	-89	37	4.96	70.45	3.688
2014-12-01 12:17:17.962	20551	11001	-94	-88	34
2014-12-01 12:22:18.53	20551	11001	-94	-88	31	4.89	70.41	3.713
2014-12-01 12:47:21.966	20551	11001	-94	-90	55
2014-12-01 13:07:19.239	20551	11001	-94	-89	49	3.5	70.99	3.71
2014-12-01 13:17:22.991	20551	11001	-94	-89	45
2014-12-01 13:22:23.018	20551	11001	-94	-90	39	3.11	70.96	3.71
2014-12-01 13:27:18.975	20551	11001	-94	-90	44
2014-12-01 13:37:18.291	20551	11001	-94	-91	50	2.61	71.25	3.709
2014-12-01 13:47:24.479	20551	11001	-94	-91	41
2014-12-01 13:52:19.239	20551	11001	-94	-91	41	2.5	71.1	3.708
2014-12-01 14:07:18.195	20551	11001	-94	-91	40
2014-12-01 14:07:21.259	20551	11001	-94	-91	40	2.0	71.23	3.686
2014-12-01 14:17:18.403	20551	11001	-94	-91	61
2014-12-01 14:22:20.91	20551	11001	-94	-91	56	1.71	71.43	3.708
2014-12-01 14:37:19.962	20551	11001	-94	-91	51	1.67	71.47	3.709
2014-12-01 15:37:18.899	20551	11001	-94	-90	47	2.0	71.2	3.708
2014-12-01 15:47:18.718	20551	11001	-94	-90	30
2014-12-01 15:52:19.383	20551	11001	-94	-90	32	2.17	70.91	3.709
2014-12-01 16:07:24.051	20551	11001	-94	-88	25
2014-12-01 16:17:18.494	20551	11001	-94	-89	27
2014-12-01 16:22:20.183	20551	11001	-88	-88	25	1.71	71.12	3.709
2014-12-01 16:37:23.006	20551	11001	-94	-89	25	1.51	71.26	3.709
2014-12-01 16:47:20.727	20551	11001	-94	-89	23
2014-12-01 16:47:20.747	20551	11001	-94	-89	22
2014-12-01 16:52:27.911	20551	11001	-94	-90	21	1.35	71.31	3.708
2014-12-01 17:07:19.706	20551	11001	-91	-90	21	1.2	71.25	3.708
2014-12-01 17:17:21.643	20551	11001	-94	-90	20
2014-12-01 17:22:19.635	20551	11001	-91	-90	20	0.92	71.42	3.707
2014-12-01 17:27:18.407	20551	11001	-94	-89	19
2014-12-01 17:37:20.722	20551	11001	-94	-89	21	0.67	71.58	3.707
2014-12-01 17:47:22.647	20551	11001	-94	-89	19
2014-12-01 17:52:19.267	20551	11001	-94	-89	19	0.64	71.59	3.707
2014-12-01 18:07:19.595	20551	11001	-94	-89	20
2014-12-01 18:07:19.622	20551	11001	-94	-90	20	0.61	71.44	3.686
2014-12-01 18:17:19.347	20551	11001	-94	-88	21
2014-12-01 18:22:19.45	20551	11001	-94	-90	20	0.53	71.42	3.707
2014-12-01 18:37:20.602	20551	11001	-94	-88	20	0.43	71.53	3.707
2014-12-01 18:47:21.591	20551	11001	-94	-89	19
2014-12-01 18:47:21.604	20551	11001	-94	-89	19
2014-12-01 18:52:23.615	20551	11001	-94	-88	18	0.47	71.41	3.707
2014-12-01 19:07:18.743	20551	11001	-94	-88	17	0.42	71.42	3.706
2014-12-01 19:17:18.728	20551	11001	-94	-89	15
2014-12-01 19:22:19.051	20551	11001	-91	-88	18	0.39	71.32	3.706
2014-12-01 19:47:21.755	20551	11001	-94	-87	38
2014-12-01 19:52:20.683	20551	11001	-94	-87	39	0.15	71.37	3.684
2014-12-01 20:22:22.051	20551	11001	-91	-88	34	-0.14	71.51	3.704
2014-12-01 20:47:24.314	20551	11001	-94	-85	39
2014-12-01 21:37:25.598	20551	11001	-88	-83	37	-0.92	71.68	3.706
2014-12-01 21:47:20.778	20551	11001	-88	-82	39
2014-12-01 21:52:19.983	20551	11001	-88	-82	37	-1.03	71.76	3.706
2014-12-01 23:37:23.594	20551	11001	-91	-82	31	-2.07	71.85	3.703
2014-12-01 23:47:21.458	20551	11001	-88	-82	32
2014-12-01 23:52:20.122	20551	11001	-88	-82	31	-2.24	71.84	3.703
2014-12-02 00:07:23.514	20551	11001	-88	-82	30
2014-12-02 00:07:23.534	20551	11001	-88	-82	32	-2.39	71.86	3.679
2014-12-02 00:17:30.563	20551	11001	-88	-82	28
2014-12-02 00:22:22.15	20551	11001	-88	-82	29	-2.56	71.92	3.701
2014-12-02 00:37:20.538	20551	11001	-91	-82	28	-2.53	72.05	3.702
2014-12-02 00:47:18.407	20551	11001	-88	-82	24
2014-12-02 00:47:18.426	20551	11001	-91	-82	24
2014-12-02 00:52:21.527	20551	11001	-88	-82	22	-2.53	71.85	3.677
2014-12-02 01:07:19.523	20551	11001	-88	-82	20	-2.67	71.85	3.702
2014-12-02 01:17:26.519	20551	11001	-88	-82	19
2014-12-02 01:22:19.518	20551	11001	-88	-82	30	-2.79	71.82	3.702
2014-12-02 01:27:20.131	20551	11001	-88	-82	30
2014-12-02 01:37:19.423	20551	11001	-88	-82	26	-2.85	72.08	3.702
2014-12-02 01:47:20.379	20551	11001	-88	-82	33
2014-12-02 01:52:21.067	20551	11001	-85	-82	34	-2.66	71.75	3.702
2014-12-02 02:07:19.431	20551	11001	-85	-82	34
2014-12-02 02:07:19.451	20551	11001	-88	-82	34	-2.74	71.64	3.679
2014-12-02 02:17:19.362	20551	11001	-88	-82	30
2014-12-02 02:22:25.467	20551	11001	-88	-82	28	-2.78	71.73	3.701
2014-12-02 02:37:19.507	20551	11001	-85	-81	35	-2.77	71.71	3.699
2014-12-02 02:47:20.378	20551	11001	-85	-81	32
2014-12-02 02:52:23.39	20551	11001	-88	-81	32	-2.68	71.62	3.699
2014-12-02 03:52:25.045	20551	11001	-88	-82	28	-3.64	72.15	3.698
2014-12-02 04:17:24.771	20551	11001	-88	-82	31
2014-12-02 04:47:18.327	20551	11001	-88	-82	28
2014-12-02 04:47:18.344	20551	11001	-88	-82	28
2014-12-02 04:52:18.954	20551	11001	-88	-83	26	-3.52	71.8	3.699
2014-12-02 05:07:19.476	20551	11001	-88	-81	24	-3.48	71.93	3.697
2014-12-02 05:17:19.378	20551	11001	-91	-82	23
2014-12-02 05:22:24.53	20551	11001	-88	-82	23	-3.16	71.75	3.699
2014-12-02 05:27:26.61	20551	11001	-88	-82	23
2014-12-02 05:37:23.386	20551	11001	-91	-82	32	-2.93	71.52	3.698
2014-12-02 05:47:21.298	20551	11001	-91	-81	32
2014-12-02 05:52:20.974	20551	11001	-88	-82	31	-2.98	71.44	3.699
2014-12-02 06:22:25.122	20551	11001	-91	-81	30	-3.11	71.63	3.702
2014-12-02 06:37:20.439	20551	11001	-91	-82	29	-3.25	71.66	3.697
2014-12-02 06:47:21.338	20551	11001	-88	-82	27
2014-12-02 06:47:21.358	20551	11001	-88	-82	27
2014-12-02 06:52:21.446	20551	11001	-88	-81	27	-3.43	71.84	3.698
2014-12-02 07:07:23.491	20551	11001	-91	-81	25	-3.43	71.89	3.699
2014-12-02 07:22:21.45	20551	11001	-88	-82	23	-3.38	71.73	3.697
2014-12-02 07:27:22.538	20551	11001	-88	-82	25
2014-12-02 07:37:21.463	20551	11001	-88	-82	24	-3.14	71.7	3.698
2014-12-02 07:47:26.323	20551	11001	-88	-82	25
2014-12-02 07:52:22.971	20551	11001	-94	-82	25	-2.64	71.61	3.698
2014-12-02 08:07:24.391	20551	11001	-88	-82	24
2014-12-02 08:07:24.414	20551	11001	-88	-82	26	-2.07	71.25	3.674
2014-12-02 08:37:20.354	20551	11001	-88	-82	24	-1.24	70.74	3.697
2014-12-02 08:47:25.354	20551	11001	-88	-83	24
2014-12-02 08:47:25.372	20551	11001	-88	-82	26
2014-12-02 09:07:19.352	20551	11001	-88	-82	22	-0.98	70.79	3.698
2014-12-02 09:47:20.223	20551	11001	-91	-83	39
2014-12-02 09:52:22.874	20551	11001	-91	-84	40	-0.5	70.73	3.698
2014-12-02 10:07:20.194	20551	11001	-88	-83	36
2014-12-02 10:07:20.21	20551	11001	-88	-84	36	-0.36	70.99	3.675
2014-12-02 10:22:22.471	20551	11001	-91	-84	30	-0.14	70.96	3.697
2014-12-02 10:37:24.291	20551	11001	-91	-84	27	0.2	70.8	3.697
2014-12-02 10:47:23.51	20551	11001	-91	-85	28
2014-12-02 10:52:19.711	20551	11001	-91	-85	33	0.33	70.62	3.697
2014-12-02 11:07:20.027	20551	11001	-91	-84	31	0.39	70.61	3.698
2014-12-02 11:17:18.738	20551	11001	-91	-85	31
2014-12-02 11:22:26.823	20551	11001	-94	-85	30	0.5	70.7	3.698
2014-12-02 11:27:18.93	20551	11001	-91	-86	29
2014-12-02 11:37:21.552	20551	11001	-94	-85	31	0.67	70.66	3.699
2014-12-02 11:47:18.862	20551	11001	-91	-86	37
2014-12-02 11:47:19.518	20551	11001	-91	-86	37
2014-12-02 12:07:19.159	20551	11001	-94	-89	39
2014-12-02 12:07:19.174	20551	11001	-94	-88	39	1.0	70.65	3.675
2014-12-02 12:17:19.215	20551	11001	-94	-89	32
2014-12-02 12:22:20.88	20551	11001	-94	-89	28	1.28	70.5	3.697
2014-12-02 14:37:20.774	20551	11001	-91	-90	16	2.45	70.19	3.693
2014-12-02 14:47:19.167	20551	11001	-94	-90	19
2014-12-02 14:47:19.21	20551	11001	-94	-91	19
2014-12-02 14:52:19.735	20551	11001	-94	-91	20	2.47	70.22	3.693
2014-12-02 18:17:23.582	20551	11001	-94	-92	20
2014-12-03 06:22:20.502	20551	11001	-94	-90	49	3.79	71.02	3.697
2014-12-03 07:17:19.114	20551	11001	-94	-89	22
2014-12-03 07:22:25.459	20551	11001	-94	-91	21	3.53	70.94	3.695
2014-12-03 07:27:20.446	20551	11001	-94	-89	20
2014-12-03 08:17:25.178	20551	11001	-94	-91	19
2014-12-03 08:22:20.062	20551	11001	-94	-90	17	3.64	70.76	3.696
2014-12-03 08:37:24.007	20551	11001	-94	-90	16	3.74	70.7	3.674
2014-12-03 08:47:23.974	20551	11001	-94	-89	24
2014-12-03 08:47:24.102	20551	11001	-94	-89	26
2014-12-03 08:52:20.982	20551	11001	-94	-89	25	3.78	70.66	3.695
2014-12-03 09:17:19.102	20551	11001	-94	-90	31
2014-12-03 09:22:25.403	20551	11001	-94	-91	30	3.79	70.71	3.696
2014-12-03 09:27:23.51	20551	11001	-94	-89	31
2014-12-03 09:37:20.346	20551	11001	-94	-91	31	3.79	70.61	3.695
2014-12-03 09:52:19.487	20551	11001	-94	-89	30	3.68	70.74	3.675
2014-12-03 10:17:28.866	20551	11001	-94	-89	26
2014-12-03 11:27:24.391	20551	11001	-94	-89	24
2014-12-03 12:17:24.754	20551	11001	-91	-88	33
2014-12-03 12:47:26.791	20551	11001	-91	-89	24
2014-12-03 12:52:22.832	20551	11001	-94	-89	25	3.21	71.09	3.692
2014-12-03 13:17:19.731	20551	11001	-91	-89	26
2014-12-03 13:22:20.754	20551	11001	-94	-88	25	3.33	71.03	3.692
2014-12-03 13:27:19.83	20551	11001	-94	-87	28
2014-12-03 13:37:22.838	20551	11001	-94	-89	25	3.53	71.0	3.693
2014-12-03 13:47:26.398	20551	11001	-94	-89	24
2014-12-03 15:37:19.654	20551	11001	-94	-89	36	3.46	70.9	3.696
2014-12-03 15:52:25.243	20551	11001	-94	-88	35	3.32	70.88	3.692
2014-12-03 16:17:18.194	20551	11001	-94	-90	30
2014-12-03 16:22:20.347	20551	11001	-94	-90	26	3.07	70.93	3.693
2014-12-03 16:37:19.548	20551	11001	-94	-88	22	2.82	71.03	3.669
2014-12-03 16:47:23.486	20551	11001	-94	-89	22
2014-12-03 16:47:23.506	20551	11001	-91	-87	22
2014-12-03 16:52:19.548	20551	11001	-94	-87	21	2.63	71.07	3.671
2014-12-03 17:07:22.61	20551	11001	-94	-89	34	2.29	71.26	3.691
2014-12-03 17:27:24.607	20551	11001	-94	-86	31
2014-12-03 18:07:30.239	20551	11001	-94	-89	25
2014-12-03 18:07:30.254	20551	11001	-91	-89	25	1.03	71.8	3.67
2014-12-03 18:17:23.379	20551	11001	-94	-87	23
2014-12-03 18:22:24.183	20551	11001	-94	-88	22	0.89	71.64	3.691
2014-12-03 18:37:28.419	20551	11001	-94	-88	32	0.64	71.64	3.69
2014-12-03 19:17:18.298	20551	11001	-94	-88	28
2014-12-03 19:22:20.31	20551	11001	-91	-87	28	0.33	71.73	3.69
2014-12-03 19:27:22.594	20551	11001	-91	-85	28
2014-12-03 19:27:26.598	20551	11001	-91	-85	28
2014-12-03 20:07:19.314	20551	11001	-94	-86	24
2014-12-03 20:07:19.343	20551	11001	-94	-88	24	-0.02	71.79	3.668
2014-12-03 20:17:18.302	20551	11001	-94	-87	23
2014-12-03 20:22:19.39	20551	11001	-94	-86	22	-0.13	71.87	3.691
2014-12-03 20:37:19.355	20551	11001	-91	-87	31	-0.2	71.63	3.69
2014-12-03 20:47:18.247	20551	11001	-94	-88	25
2014-12-03 20:47:18.262	20551	11001	-91	-86	25
2014-12-03 20:52:26.443	20551	11001	-94	-86	22	-0.34	71.87	3.69
2014-12-03 21:17:20.314	20551	11001	-94	-86	26
2014-12-03 21:22:19.342	20551	11001	-94	-87	25	-0.49	71.72	3.69
2014-12-03 21:27:23.491	20551	11001	-91	-88	24
2014-12-03 22:17:25.363	20551	11001	-94	-84	23
2014-12-04 03:52:21.41	20551	11001	-91	-83	25	-2.64	72.4	3.686
2014-12-04 04:47:19.046	20551	11001	-88	-84	27
2014-12-04 04:47:19.071	20551	11001	-91	-83	27
2014-12-04 04:52:21.858	20551	11001	-91	-83	25	-2.98	72.43	3.686
2014-12-04 05:07:19.111	20551	11001	-91	-83	23	-2.98	72.4	3.685
2014-12-04 05:17:23.183	20551	11001	-91	-83	22
2014-12-04 05:22:23.581	20551	11001	-91	-83	19	-3.0	72.57	3.686
2014-12-04 05:27:25.11	20551	11001	-91	-83	17
2014-12-04 05:37:26.051	20551	11001	-88	-83	17	-2.68	72.49	3.688
2014-12-04 05:37:28.223	20551	11001	-88	-83	17	-2.68	72.49	3.688
2014-12-04 05:52:25.255	20551	11001	-91	-83	16	-2.5	72.18	3.687
2014-12-04 06:07:20.215	20551	11001	-91	-83	16
2014-12-04 06:37:25.218	20551	11001	-91	-83	15	-2.64	72.25	3.685
2014-12-04 06:47:23.083	20551	11001	-91	-83	15
2014-12-04 06:52:27.219	20551	11001	-91	-84	27	-2.75	72.35	3.687
2014-12-04 07:07:30.379	20551	11001	-91	-83	25	-2.56	72.49	3.685
2014-12-04 07:37:27.226	20551	11001	-88	-84	27	-2.35	72.14	3.686
2014-12-04 07:52:23.75	20551	11001	-91	-83	26	-2.28	72.32	3.686
2014-12-04 08:07:25.186	20551	11001	-88	-83	30	-2.06	72.22	3.664
2014-12-04 08:17:19.023	20551	11001	-88	-84	26
2014-12-04 08:22:26.19	20551	11001	-91	-84	27	-1.78	72.11	3.686
2014-12-04 08:37:19.07	20551	11001	-91	-84	32	-1.5	71.99	3.686
2014-12-04 08:47:20.083	20551	11001	-88	-84	34
2014-12-04 09:17:20.306	20551	11001	-91	-83	31
2014-12-04 09:22:19.37	20551	11001	-91	-84	29	-0.66	71.98	3.685
2014-12-04 09:37:20.111	20551	11001	-91	-84	29	-0.17	71.5	3.684
2014-12-04 09:47:23.082	20551	11001	-91	-84	25
2014-12-04 10:07:21.043	20551	11001	-88	-84	25
2014-12-04 10:07:21.059	20551	11001	-94	-85	24	0.57	71.3	3.665
2014-12-04 10:17:19.363	20551	11001	-91	-85	24
2014-12-04 10:22:21.442	20551	11001	-94	-85	22	0.96	71.28	3.687
2014-12-04 10:37:22.075	20551	11001	-91	-85	27	1.14	71.04	3.685
2014-12-04 10:47:18.939	20551	11001	-91	-85	23
2014-12-04 10:47:18.958	20551	11001	-91	-85	23
2014-12-04 10:52:20.03	20551	11001	-91	-86	21	1.28	71.32	3.686
2014-12-04 11:07:22.102	20551	11001	-94	-86	20	1.92	71.27	3.686
2014-12-04 11:17:28.05	20551	11001	-94	-88	23
2014-12-04 11:22:21.243	20551	11001	-94	-89	23	3.03	70.56	3.686
2014-12-04 11:27:21.867	20551	11001	-94	-89	22
2014-12-04 11:37:26.054	20551	11001	-94	-89	19	4.21	69.39	3.687
2014-12-04 11:52:27.602	20551	11001	-94	-89	36	3.82	69.83	3.687
2014-12-04 12:17:24.459	20551	11001	-94	-88	34
2014-12-04 13:47:25.855	20551	11001	-94	-88	46
2014-12-04 21:27:26.206	20551	11001	-91	-83	26
2014-12-04 23:47:22.455	20551	11001	-91	-83	26
2014-12-05 00:37:23.446	20551	11001	-91	-84	23	-0.98	71.92	3.687
2014-12-05 02:07:27.39	20551	11001	-88	-83	21
2014-12-05 02:07:27.41	20551	11001	-88	-83	21	-0.95	71.68	3.663
2014-12-05 02:22:25.187	20551	11001	-91	-83	35	-1.16	72.08	3.684
2014-12-05 02:37:22.142	20551	11001	-91	-83	35	-0.96	72.07	3.686
2014-12-05 08:07:26.926	20551	11001	-94	-89	23	0.97	71.43	3.666
2014-12-05 08:52:24.822	20551	11001	-94	-91	23	1.92	71.16	3.688
2014-12-05 09:07:25.847	20551	11001	-94	-89	23	2.25	70.95	3.688
2014-12-05 09:17:19.954	20551	11001	-91	-90	21
2014-12-05 09:27:20.806	20551	11001	-94	-89	21
2014-12-05 09:37:22.766	20551	11001	-94	-89	20	2.6	70.94	3.687
2014-12-05 10:22:20.179	20551	11001	-94	-90	20	3.43	70.64	3.687
2014-12-05 10:37:27.787	20551	11001	-94	-90	19	3.47	70.7	3.688
2014-12-05 10:47:25.414	20551	11001	-94	-89	19
2014-12-05 12:07:23.97	20551	11001	-94	-92	18
2014-12-05 12:17:26.778	20551	11001	-94	-91	16
2014-12-05 12:22:20.678	20551	11001	-94	-92	32	3.93	70.79	3.69
2014-12-05 12:22:21.755	20551	11001	-94	-92	32	3.93	70.79	3.69
2014-12-05 12:22:22.962	20551	11001	-94	-92	32	3.93	70.79	3.69
2014-12-05 12:22:23.983	20551	11001	-94	-92	32	3.93	70.79	3.69
2014-12-06 17:37:21.062	20551	11001	-94	-91	56	3.71	72.41	3.693
2014-12-06 23:47:21.658	20551	11001	-94	-88	44
2014-12-07 00:22:22.619	20551	11001	-94	-89	44	0.6	73.59	3.691
2014-12-07 02:22:23.61	20551	11001	-91	-88	38	-0.6	73.76	3.691
2014-12-07 02:37:21.61	20551	11001	-94	-88	36	-0.79	73.81	3.691
2014-12-07 02:47:21.598	20551	11001	-91	-85	32
2014-12-07 02:47:21.612	20551	11001	-91	-85	32
2014-12-07 03:27:26.794	20551	11001	-88	-83	32
2014-12-07 06:52:19.471	20551	11001	-91	-83	35	-2.84	74.26	3.688
2014-12-07 07:07:20.566	20551	11001	-88	-83	35	-3.0	74.18	3.687
2014-12-07 07:37:22.47	20551	11001	-88	-83	33	-3.53	74.43	3.687
2014-12-07 09:17:19.395	20551	11001	-94	-85	29
2014-12-07 09:22:30.01	20551	11001	-91	-86	29	1.31	71.35	3.687
2014-12-07 09:52:23.879	20551	11001	-94	-88	31	4.24	68.79	3.666
2014-12-07 10:07:21.407	20551	11001	-94	-89	29
2014-12-07 10:07:21.43	20551	11001	-94	-91	29	5.18	68.18	3.669
2014-12-07 10:22:23.435	20551	11001	-94	-90	25	3.64	69.8	3.691
2014-12-07 10:37:26.414	20551	11001	-94	-89	25	6.71	67.53	3.691
2014-12-07 10:47:25.382	20551	11001	-94	-90	37
2014-12-07 10:47:25.402	20551	11001	-94	-91	49
2014-12-07 11:07:19.412	20551	11001	-94	-91	46	10.15	64.95	3.692
2014-12-07 11:37:23.758	20551	11001	-94	-91	46	11.38	63.73	3.692
2014-12-07 11:37:25.578	20551	11001	-94	-91	46	11.38	63.73	3.692
2014-12-07 12:07:25.286	20551	11001	-94	-91	42
2014-12-07 12:22:19.834	20551	11001	-94	-91	41	11.82	65.24	3.693
2014-12-07 12:47:27.327	20551	11001	-94	-91	41
2014-12-07 12:52:20.159	20551	11001	-94	-92	39	13.11	63.41	3.695
2014-12-07 19:07:22.207	20551	11001	-91	-87	22	-0.03	73.87	3.693
2014-12-07 19:37:22.93	20551	11001	-94	-87	20	0.11	73.51	3.693
2014-12-07 19:47:21.914	20551	11001	-94	-87	19
2014-12-07 19:52:21.53	20551	11001	-94	-87	19	0.17	73.5	3.695
2014-12-07 20:37:26.867	20551	11001	-94	-87	20	0.0	73.14	3.693
2014-12-07 21:07:20.067	20551	11001	-94	-86	19	-0.25	73.14	3.693
2014-12-07 21:47:18.822	20551	11001	-91	-86	19
2014-12-07 21:52:20.443	20551	11001	-94	-86	19	-0.42	73.2	3.692
2014-12-07 22:07:22.03	20551	11001	-91	-87	18	-0.42	73.03	3.67
2014-12-07 22:17:23.927	20551	11001	-94	-87	17
2014-12-07 22:47:22.695	20551	11001	-91	-86	20
2014-12-07 23:07:19.786	20551	11001	-94	-88	20	-0.6	72.97	3.692
2014-12-07 23:17:23.823	20551	11001	-94	-88	20
2014-12-07 23:22:23.766	20551	11001	-94	-86	19	-0.78	73.05	3.692
2014-12-08 00:07:21.766	20551	11001	-88	-84	18
2014-12-08 00:47:19.698	20551	11001	-91	-82	18
2014-12-08 00:47:19.711	20551	11001	-91	-83	18
2014-12-08 01:22:24.706	20551	11001	-88	-82	17	-1.53	73.14	3.691
2014-12-08 01:27:23.655	20551	11001	-94	-83	16
2014-12-08 01:37:25.794	20551	11001	-88	-83	16	-1.56	72.99	3.691
2014-12-08 01:47:20.71	20551	11001	-94	-84	16
2014-12-08 01:52:20.591	20551	11001	-91	-84	16	-1.61	73.1	3.692
2014-12-08 04:07:19.606	20551	11001	-88	-85	24
2014-12-08 04:07:19.634	20551	11001	-94	-84	24	-2.11	73.29	3.669
2014-12-08 04:22:24.622	20551	11001	-91	-84	24	-2.1	73.22	3.69
2014-12-08 05:37:25.891	20551	11001	-88	-84	22	-1.98	73.1	3.691
2014-12-08 06:07:19.503	20551	11001	-94	-84	22	-2.04	72.89	3.669
2014-12-08 06:17:24.622	20551	11001	-88	-85	22
2014-12-08 06:47:23.607	20551	11001	-91	-84	22
2014-12-08 06:52:26.631	20551	11001	-91	-84	21	-2.34	73.27	3.69
2014-12-08 12:07:20.223	20551	11001	-94	-90	16
2014-12-08 12:07:20.407	20551	11001	-94	-90	16	5.1	70.94	3.67
2014-12-08 12:17:24.67	20551	11001	-94	-90	16
2014-12-08 12:17:25.89	20551	11001	-94	-90	16
2014-12-08 12:52:24.627	20551	11001	-94	-89	16	7.1	68.93	3.693
2014-12-08 13:07:21.115	20551	11001	-94	-89	16	6.68	70.02	3.695
2014-12-08 13:37:23.243	20551	11001	-94	-89	15	6.01	70.6	3.693
2014-12-08 13:47:22.279	20551	11001	-94	-89	15
2014-12-08 13:52:19.882	20551	11001	-94	-90	18	5.56	71.11	3.693
2014-12-08 14:07:20.187	20551	11001	-94	-89	18	5.24	71.46	3.671
2014-12-08 14:37:21.194	20551	11001	-94	-88	18	5.46	70.88	3.693
2014-12-08 14:47:25.243	20551	11001	-94	-90	18
2014-12-08 14:52:25.451	20551	11001	-94	-89	21	5.1	71.05	3.695
2014-12-08 20:52:27.899	20551	11001	-94	-89	14	2.14	71.59	3.692
2014-12-08 21:17:19.847	20551	11001	-94	-91	17
2014-12-08 21:27:20.839	20551	11001	-94	-89	17
2014-12-09 09:22:23.671	20551	11001	-94	-91	23	3.76	70.08	3.688
2014-12-09 09:27:24.719	20551	11001	-94	-89	23
2014-12-09 09:37:20.499	20551	11001	-94	-90	23	3.82	69.5	3.688
2014-12-09 09:47:25.326	20551	11001	-94	-89	21
2014-12-09 09:47:28.871	20551	11001	-94	-89	21
2014-12-09 09:47:29.714	20551	11001	-94	-89	21
2014-12-09 09:47:30.726	20551	11001	-94	-89	21
2014-12-09 10:07:23.359	20551	11001	-94	-90	25
2014-12-09 10:52:22.395	20551	11001	-94	-90	39	8.22	66.29	3.69
2014-12-09 17:37:24.958	20551	11001	-94	-92	36	5.33	71.81	3.693
2014-12-09 18:07:19.83	20551	11001	-94	-88	31
2014-12-09 18:07:20.748	20551	11001	-94	-90	31	5.07	71.87	3.671
2014-12-09 18:17:25.79	20551	11001	-94	-90	34
2014-12-09 18:37:23.923	20551	11001	-94	-89	38	4.89	71.75	3.693
2014-12-09 18:47:20.771	20551	11001	-94	-89	46
2014-12-09 18:47:20.787	20551	11001	-94	-89	43
2014-12-09 20:17:23.711	20551	11001	-94	-89	34
2014-12-09 20:22:26.818	20551	11001	-94	-87	34	4.1	72.08	3.691
2014-12-09 20:47:24.687	20551	11001	-94	-91	43
2014-12-09 23:07:24.576	20551	11001	-94	-90	46	3.51	72.19	3.691
2014-12-09 23:27:23.062	20551	11001	-91	-89	43
2014-12-09 23:37:23.683	20551	11001	-91	-88	43	3.43	72.03	3.691
2014-12-10 00:22:24.711	20551	11001	-94	-90	34	3.22	72.31	3.693
2014-12-10 00:52:19.454	20551	11001	-94	-90	37	3.15	72.33	3.691
2014-12-10 01:27:24.546	20551	11001	-94	-90	32
2014-12-10 09:27:24.986	20551	11001	-94	-90	46
2014-12-10 09:27:26.566	20551	11001	-94	-90	46
2014-12-10 18:37:23.591	20551	11001	-91	-84	29	-0.45	73.49	3.687
2014-12-10 18:47:21.634	20551	11001	-88	-83	31
2014-12-10 18:52:26.371	20551	11001	-88	-84	31	-0.42	73.52	3.687
2014-12-10 19:17:19.182	20551	11001	-91	-82	23
2014-12-10 19:22:21.506	20551	11001	-91	-84	22	-0.45	73.57	3.686
2014-12-10 19:27:19.567	20551	11001	-91	-82	22
2014-12-10 19:47:19.575	20551	11001	-88	-83	25
2014-12-10 19:52:23.778	20551	11001	-94	-83	25	-0.46	73.54	3.687
2014-12-10 20:07:22.635	20551	11001	-91	-82	28
2014-12-10 20:07:22.654	20551	11001	-91	-84	28	-0.5	73.6	3.664
2014-12-10 20:22:21.727	20551	11001	-88	-82	28	-0.56	73.62	3.686
2014-12-10 20:47:20.81	20551	11001	-88	-82	24
2014-12-10 20:52:21.87	20551	11001	-91	-82	24	-0.64	73.7	3.687
2014-12-10 21:27:22.319	20551	11001	-94	-83	27
2014-12-10 21:37:26.754	20551	11001	-91	-85	26	-0.71	73.68	3.686
2014-12-10 22:07:21.619	20551	11001	-94	-85	26	-0.85	73.8	3.664
2014-12-10 22:37:19.355	20551	11001	-94	-82	21	-0.91	73.81	3.686
2014-12-10 22:47:18.87	20551	11001	-91	-86	23
2014-12-10 22:52:20.176	20551	11001	-88	-85	24	-0.88	73.67	3.686
2014-12-10 23:07:23.386	20551	11001	-94	-86	22	-0.88	73.67	3.685
2014-12-10 23:17:19.528	20551	11001	-91	-84	18
2014-12-11 00:47:30.454	20551	11001	-91	-84	22
2014-12-11 01:17:23.159	20551	11001	-91	-84	19
2014-12-11 01:17:23.814	20551	11001	-91	-84	19
2014-12-11 01:17:26.71	20551	11001	-91	-84	19
2014-12-11 01:17:27.518	20551	11001	-91	-84	19
2014-12-11 01:22:21.726	20551	11001	-91	-82	19	-1.39	73.91	3.685
2014-12-11 01:27:23.355	20551	11001	-88	-84	22
2014-12-11 02:47:27.479	20551	11001	-91	-82	14
2014-12-11 02:52:38.764	20551	11001	-88	-82	14	-1.71	74.04	3.682
2014-12-11 03:22:23.546	20551	11001	-91	-82	24	-1.81	74.14	3.684
2014-12-11 03:47:19.719	20551	11001	-88	-82	20
2014-12-11 04:37:21.471	20551	11001	-88	-82	17	-1.98	74.13	3.682
2014-12-11 04:47:19.923	20551	11001	-91	-82	17
2014-12-11 04:47:19.982	20551	11001	-91	-83	16
2014-12-11 04:52:21.383	20551	11001	-88	-85	16	-2.02	74.12	3.682
2014-12-11 04:52:27.847	20551	11001	-88	-85	16	-2.02	74.12	3.682
2014-12-11 05:17:20.339	20551	11001	-91	-82	14
2014-12-11 05:22:24.391	20551	11001	-88	-82	14	-2.1	74.18	3.682
2014-12-11 05:47:26.383	20551	11001	-88	-82	14
2014-12-11 06:07:31.891	20551	11001	-91	-84	15
2014-12-11 07:17:27.391	20551	11001	-94	-83	10
2014-12-11 07:27:21.85	20551	11001	-88	-85	13
2014-12-11 08:17:29.575	20551	11001	-88	-84	12
2014-12-11 12:22:22.938	20551	11001	-91	-82	14	-1.5	73.91	3.681
2014-12-11 12:37:24.51	20551	11001	-91	-82	17	-1.42	73.98	3.68
2014-12-11 13:07:23.57	20551	11001	-91	-83	10	-1.2	73.66	3.68
2014-12-11 14:22:28.042	20551	11001	-88	-85	10	-0.52	73.23	3.68
2014-12-11 15:07:28.058	20551	11001	-91	-85	10	0.13	73.04	3.68
2014-12-11 15:17:29.818	20551	11001	-88	-84	10
2014-12-11 15:22:30.07	20551	11001	-91	-83	10	0.21	73.08	3.68
2014-12-11 15:27:24.074	20551	11001	-91	-85	14
2014-12-11 15:37:24.611	20551	11001	-91	-85	14	0.25	72.99	3.681
2014-12-11 15:47:23.379	20551	11001	-91	-84	14
2014-12-11 16:07:20.99	20551	11001	-91	-84	14
2014-12-11 16:07:21.159	20551	11001	-91	-84	13	0.0	73.11	3.659
2014-12-11 16:17:24.782	20551	11001	-94	-83	17
2014-12-11 16:22:21.438	20551	11001	-88	-84	20	-0.14	73.11	3.68
2014-12-11 18:22:24.023	20551	11001	-94	-85	13	0.24	72.72	3.681
2014-12-11 18:52:21.155	20551	11001	-94	-84	10	0.2	72.63	3.681
2014-12-11 19:07:32.159	20551	11001	-94	-85	10	0.17	72.68	3.681
2014-12-11 19:37:24.506	20551	11001	-91	-85	10	0.13	72.82	3.681
2014-12-11 19:52:27.919	20551	11001	-91	-85	10	0.1	72.56	3.681
2014-12-11 20:17:30.15	20551	11001	-94	-84	13
2014-12-11 20:17:30.994	20551	11001	-94	-84	13
2014-12-11 20:47:30.067	20551	11001	-91	-84	14
2014-12-11 20:47:37.954	20551	11001	-88	-85	10
2014-12-11 21:47:27.034	20551	11001	-94	-84	10
2014-12-11 21:52:25.658	20551	11001	-91	-84	10	0.17	72.83	3.682
2014-12-11 22:37:26.186	20551	11001	-94	-85	12	0.17	72.83	3.681
2014-12-11 22:47:26.275	20551	11001	-91	-86	13
2014-12-11 23:37:23.179	20551	11001	-91	-83	17	0.11	72.99	3.681
2014-12-12 01:22:24.426	20551	11001	-88	-84	20	-0.35	73.22	3.681
2014-12-12 04:17:25.062	20551	11001	-91	-84	20
2014-12-12 04:22:21.131	20551	11001	-94	-85	20	-0.67	73.37	3.686
2014-12-12 04:47:24.898	20551	11001	-91	-83	18
2014-12-12 06:17:21.287	20551	11001	-91	-83	16
2014-12-12 06:22:27.414	20551	11001	-91	-82	16	-1.31	73.68	3.68
2014-12-12 07:47:19.674	20551	11001	-88	-85	18
2014-12-12 09:27:24.711	20551	11001	-88	-83	17
2014-12-12 09:47:23.958	20551	11001	-88	-84	17
2014-12-12 09:52:25.966	20551	11001	-94	-84	16	0.03	73.25	3.68
2014-12-12 10:17:20.863	20551	11001	-88	-86	20
2014-12-12 10:22:20.03	20551	11001	-91	-84	29	0.32	73.16	3.68
2014-12-12 11:17:27.722	20551	11001	-94	-84	33
2014-12-12 11:27:21.991	20551	11001	-91	-84	43
2014-12-12 11:37:21.467	20551	11001	-88	-84	41	1.21	72.94	3.68
2014-12-12 11:47:28.771	20551	11001	-91	-85	39
2014-12-12 12:07:20.783	20551	11001	-91	-84	37
2014-12-12 12:07:20.806	20551	11001	-91	-85	37	1.32	73.26	3.658
2014-12-12 12:17:22.226	20551	11001	-94	-83	33
2014-12-12 12:17:22.495	20551	11001	-94	-83	33
2014-12-12 12:22:20.07	20551	11001	-88	-84	31	1.35	72.97	3.681
2014-12-12 12:37:20.952	20551	11001	-94	-86	25	1.25	73.15	3.68
2014-12-12 12:47:23.086	20551	11001	-91	-84	25
2014-12-12 12:47:23.107	20551	11001	-94	-85	25
2014-12-12 12:52:21.595	20551	11001	-91	-85	25	1.03	73.3	3.68
2014-12-12 13:07:21.979	20551	11001	-94	-86	27	1.03	73.28	3.68
2014-12-12 13:17:19.583	20551	11001	-94	-87	24
2014-12-12 13:22:20.258	20551	11001	-91	-85	24	1.0	73.49	3.679
2014-12-12 13:27:21.242	20551	11001	-91	-86	22
2014-12-12 13:37:20.599	20551	11001	-91	-85	22	1.2	73.29	3.68
2014-12-12 13:47:22.522	20551	11001	-94	-85	23
2014-12-12 13:52:22.859	20551	11001	-91	-85	22	1.24	73.19	3.68
2014-12-12 14:07:19.747	20551	11001	-91	-85	23
2014-12-12 14:07:24.818	20551	11001	-94	-86	22	1.28	73.05	3.658
2014-12-12 14:17:21.574	20551	11001	-94	-84	34
2014-12-12 14:22:20.746	20551	11001	-91	-85	32	1.15	73.18	3.68
2014-12-12 14:37:20.714	20551	11001	-91	-86	27	1.07	73.46	3.68
2014-12-12 14:47:22.502	20551	11001	-91	-85	24
2014-12-12 15:07:20.123	20551	11001	-91	-85	29	0.97	73.42	3.68
2014-12-12 16:37:20.77	20551	11001	-91	-83	36	-0.21	73.86	3.68
2014-12-12 16:47:20.335	20551	11001	-88	-83	33
2014-12-12 16:47:20.354	20551	11001	-91	-82	33
2014-12-12 16:52:21.655	20551	11001	-88	-83	30	-0.36	73.9	3.679
2014-12-12 17:07:21.794	20551	11001	-91	-83	29	-0.46	73.81	3.68
2014-12-12 17:17:20.346	20551	11001	-91	-83	25
2014-12-12 17:22:22.651	20551	11001	-91	-83	24	-0.56	73.79	3.677
2014-12-12 17:27:19.602	20551	11001	-91	-83	22
2014-12-12 17:37:22.719	20551	11001	-88	-83	21	-0.56	73.76	3.679
2014-12-12 17:47:20.451	20551	11001	-94	-84	25
2014-12-12 17:52:21.739	20551	11001	-88	-82	25	-0.53	73.62	3.677
2014-12-12 18:07:22.827	20551	11001	-88	-83	34
2014-12-12 18:07:22.85	20551	11001	-91	-83	33	-0.5	73.55	3.658
2014-12-12 18:17:19.826	20551	11001	-91	-83	26
2014-12-12 18:22:24.891	20551	11001	-91	-84	25	-0.53	73.62	3.679
2014-12-12 18:37:20.742	20551	11001	-91	-83	23	-0.56	73.57	3.679
2014-12-12 18:47:22.651	20551	11001	-88	-82	21
2014-12-12 18:47:22.686	20551	11001	-91	-84	20
2014-12-12 18:52:25.375	20551	11001	-88	-83	20	-0.6	73.66	3.679
2014-12-12 19:22:21.736	20551	11001	-91	-83	19	-0.66	73.65	3.68
2014-12-12 19:47:20.234	20551	11001	-91	-84	17
2014-12-12 19:52:20.683	20551	11001	-91	-83	17	-0.64	73.67	3.679
2014-12-12 20:07:21.798	20551	11001	-88	-84	17
2014-12-12 21:17:21.895	20551	11001	-88	-84	15
2014-12-12 22:07:24.618	20551	11001	-91	-83	15	-1.1	73.82	3.657
2014-12-12 22:37:21.526	20551	11001	-91	-83	15	-1.21	73.9	3.68
2014-12-12 22:47:20.274	20551	11001	-88	-82	15
2014-12-12 23:17:24.814	20551	11001	-94	-83	15
2014-12-12 23:47:26.251	20551	11001	-88	-84	15
2014-12-13 00:07:24.491	20551	11001	-91	-84	22	-1.53	73.98	3.656
2014-12-13 00:47:21.551	20551	11001	-88	-83	24
2014-12-13 01:22:27.903	20551	11001	-88	-84	34	-1.38	73.74	3.68
2014-12-13 01:27:39.198	20551	11001	-91	-83	32
2014-12-13 03:07:34.383	20551	11001	-91	-83	38	-1.27	73.84	3.677
2014-12-13 07:22:31.148	20551	11001	-91	-83	24	-1.74	74.03	3.677
2014-12-13 07:47:35.967	20551	11001	-91	-83	14
2014-12-13 08:07:24.871	20551	11001	-91	-82	10	-1.78	74.17	3.656
2014-12-13 08:17:50.171	20551	11001	-88	-83	11
2014-12-13 08:37:26.355	20551	11001	-91	-84	10	-1.75	74.0	3.677
2014-12-13 09:07:24.223	20551	11001	-91	-84	13	-1.66	74.22	3.676
2014-12-13 09:17:20.722	20551	11001	-91	-84	14
2014-12-13 09:37:22.795	20551	11001	-94	-84	14	-1.56	74.17	3.676
2014-12-13 09:47:22.663	20551	11001	-91	-84	15
2014-12-13 09:52:21.335	20551	11001	-88	-84	18	-1.43	74.07	3.676
2014-12-13 13:07:24.771	20551	11001	-91	-84	47	-0.57	74.11	3.677
2014-12-13 13:17:28.671	20551	11001	-91	-85	47
2014-12-13 13:22:26.722	20551	11001	-88	-83	47	-0.53	74.04	3.677
2014-12-13 13:37:24.723	20551	11001	-91	-83	43	-0.07	74.01	3.677
2014-12-13 15:07:24.203	20551	11001	-88	-84	28	0.15	73.72	3.676
2014-12-13 16:47:23.44	20551	11001	-88	-85	27
2014-12-13 16:47:23.455	20551	11001	-91	-84	27
2014-12-13 17:07:23.528	20551	11001	-91	-84	27	0.25	73.89	3.677
2014-12-13 17:27:24.138	20551	11001	-91	-83	25
2014-12-13 17:37:23.535	20551	11001	-91	-84	24	0.33	73.78	3.677
2014-12-13 17:47:25.738	20551	11001	-91	-85	22
2014-12-13 19:17:20.407	20551	11001	-94	-86	41
2014-12-13 19:22:21.919	20551	11001	-91	-86	39	0.71	73.61	3.677
2014-12-13 19:37:22.475	20551	11001	-94	-88	35	0.76	73.6	3.679
2014-12-13 19:47:21.159	20551	11001	-94	-88	33
2014-12-13 19:52:22.507	20551	11001	-91	-89	32	0.82	73.66	3.677
2014-12-13 20:07:26.835	20551	11001	-94	-90	30
2014-12-13 20:07:26.882	20551	11001	-94	-88	32	0.88	73.62	3.657
2014-12-13 20:17:21.107	20551	11001	-94	-88	26
2014-12-13 20:22:29.875	20551	11001	-94	-87	24	0.97	73.64	3.677
2014-12-13 20:37:20.867	20551	11001	-91	-87	27	1.08	73.56	3.677
2014-12-13 20:47:21.279	20551	11001	-94	-88	25
2014-12-13 20:47:21.299	20551	11001	-91	-88	25
2014-12-13 20:52:21.523	20551	11001	-94	-89	24	1.17	73.56	3.677
2014-12-13 21:07:28.187	20551	11001	-94	-89	20	1.25	73.55	3.677
2014-12-13 21:27:20.571	20551	11001	-94	-89	36
2014-12-13 21:37:21.355	20551	11001	-94	-89	32	1.43	73.46	3.677
2014-12-13 21:47:21.308	20551	11001	-94	-88	34
2014-12-13 21:52:23.635	20551	11001	-94	-88	33	1.51	73.43	3.677
2014-12-13 22:07:22.366	20551	11001	-94	-89	27
2014-12-13 22:07:22.446	20551	11001	-94	-87	29	1.6	73.47	3.658
2014-12-13 22:17:20.354	20551	11001	-94	-89	28
2014-12-13 22:22:24.515	20551	11001	-94	-89	26	1.7	73.44	3.679
2014-12-13 22:37:22.606	20551	11001	-94	-88	22	1.83	73.37	3.679
2014-12-13 22:47:20.754	20551	11001	-94	-89	26
2014-12-13 22:47:20.867	20551	11001	-94	-90	26
2014-12-13 22:52:24.686	20551	11001	-94	-89	55	1.96	73.29	3.679
2014-12-13 23:22:27.726	20551	11001	-94	-90	54	2.14	73.28	3.679
2014-12-13 23:47:21.063	20551	11001	-91	-89	49
2014-12-13 23:52:21.499	20551	11001	-94	-87	49	2.38	73.28	3.677
2014-12-14 00:07:22.491	20551	11001	-94	-91	45
2014-12-14 00:07:22.511	20551	11001	-94	-88	45	2.47	73.22	3.656
2014-12-14 00:17:20.226	20551	11001	-94	-90	39
2014-12-14 00:22:23.894	20551	11001	-94	-89	36	2.57	73.17	3.679
2014-12-14 00:37:23.871	20551	11001	-94	-89	33	2.67	73.14	3.677
2014-12-14 00:47:20.534	20551	11001	-94	-90	27
2014-12-14 00:47:20.999	20551	11001	-94	-89	27
2014-12-14 00:52:22.327	20551	11001	-94	-89	25	2.78	73.11	3.677
2014-12-14 00:52:24.634	20551	11001	-94	-89	25	2.78	73.11	3.677
2014-12-14 01:07:31.124	20551	11001	-94	-88	24	2.88	73.08	3.679
2014-12-14 01:22:23.882	20551	11001	-94	-89	34	2.96	73.02	3.677
2014-12-14 01:27:27.983	20551	11001	-94	-88	32
2014-12-14 01:27:28.795	20551	11001	-94	-88	32
2014-12-14 01:27:29.758	20551	11001	-94	-88	32
2014-12-14 02:52:24.975	20551	11001	-94	-90	26	3.28	73.24	3.68
2014-12-14 04:07:23.875	20551	11001	-94	-89	43
2014-12-14 06:07:25.767	20551	11001	-94	-90	36	3.83	73.07	3.659
2014-12-14 06:22:23.099	20551	11001	-94	-90	33	3.85	73.18	3.681
2014-12-14 06:47:28.751	20551	11001	-94	-89	33
2014-12-14 07:07:30.774	20551	11001	-94	-90	27	3.97	73.15	3.681
2014-12-14 07:47:22.65	20551	11001	-94	-90	39
2014-12-14 08:07:24.595	20551	11001	-94	-91	32
2014-12-14 08:07:24.611	20551	11001	-94	-89	30	4.15	73.14	3.659
2014-12-14 08:17:26.654	20551	11001	-94	-90	28
2014-12-14 09:07:28.579	20551	11001	-94	-89	35	4.5	73.05	3.682
2014-12-14 09:17:20.515	20551	11001	-94	-90	34
2014-12-14 10:07:24.487	20551	11001	-94	-89	35
2014-12-14 10:07:24.499	20551	11001	-94	-90	35	4.89	73.03	3.663
2014-12-14 10:47:22.472	20551	11001	-94	-88	38
2014-12-14 10:52:28.655	20551	11001	-94	-89	32	5.25	72.9	3.68
2014-12-14 11:07:27.415	20551	11001	-94	-89	30	5.43	72.81	3.682
2014-12-14 11:22:32.234	20551	11001	-94	-89	28	5.56	72.73	3.684
2014-12-14 11:27:32.428	20551	11001	-94	-90	30
2014-12-14 11:27:33.359	20551	11001	-94	-90	30
2014-12-14 11:37:25.447	20551	11001	-94	-90	37	5.6	72.76	3.684
2014-12-14 11:47:27.442	20551	11001	-94	-89	33
2014-12-14 11:52:24.118	20551	11001	-94	-90	33	5.88	72.67	3.684
2014-12-14 12:07:23.426	20551	11001	-94	-87	32
2014-12-14 12:07:23.45	20551	11001	-94	-89	30	6.01	72.72	3.662
2014-12-14 12:17:25.402	20551	11001	-94	-89	26
2014-12-14 12:22:22.422	20551	11001	-94	-89	26	6.04	72.78	3.684
2014-12-14 12:37:26.406	20551	11001	-94	-88	29	6.36	72.61	3.685
2014-12-14 12:47:24.328	20551	11001	-91	-89	28
2014-12-14 12:47:24.347	20551	11001	-94	-88	28
2014-12-14 13:07:23.246	20551	11001	-94	-90	26	6.46	72.66	3.685
2014-12-14 13:17:27.318	20551	11001	-91	-89	25
2014-12-14 13:22:23.222	20551	11001	-94	-87	27	6.58	72.66	3.686
2014-12-14 13:27:23.206	20551	11001	-94	-89	27
2014-12-14 13:37:23.286	20551	11001	-94	-89	25	6.61	72.71	3.685
2014-12-14 13:47:29.33	20551	11001	-94	-88	23
2014-12-14 13:52:20.947	20551	11001	-94	-88	21	6.72	72.66	3.686
2014-12-14 14:07:23.294	20551	11001	-94	-89	25
2014-12-14 14:17:29.275	20551	11001	-94	-89	23
2014-12-14 15:27:24.922	20551	11001	-91	-88	18
2014-12-14 16:07:23.774	20551	11001	-94	-89	20	6.26	73.05	3.664
2014-12-14 16:17:21.327	20551	11001	-94	-89	23
2014-12-14 16:22:20.959	20551	11001	-94	-89	19	6.25	73.0	3.686
2014-12-14 16:37:21.691	20551	11001	-94	-89	17	6.2	73.09	3.686
2014-12-14 16:47:23.819	20551	11001	-94	-89	13
2014-12-14 16:47:23.835	20551	11001	-94	-89	14
2014-12-14 16:52:21.947	20551	11001	-94	-89	23	6.21	72.99	3.687
2014-12-14 17:07:20.671	20551	11001	-94	-90	25	6.11	73.12	3.687
2014-12-14 17:37:21.575	20551	11001	-94	-90	32	5.93	73.17	3.686
2014-12-14 17:47:23.319	20551	11001	-91	-89	29
2014-12-14 18:07:21.303	20551	11001	-94	-89	27
2014-12-14 18:07:21.322	20551	11001	-94	-89	25	5.88	73.23	3.666
2014-12-14 18:17:21.27	20551	11001	-94	-89	26
2014-12-14 18:22:24.619	20551	11001	-94	-89	25	5.86	73.28	3.686
2014-12-14 18:37:20.706	20551	11001	-94	-90	29	5.89	73.21	3.686
2014-12-14 18:47:20.23	20551	11001	-94	-90	25
2014-12-14 18:47:20.244	20551	11001	-94	-90	25
2014-12-14 18:52:22.562	20551	11001	-94	-90	23	5.92	73.16	3.686
2014-12-14 19:07:21.946	20551	11001	-94	-89	25	6.0	73.1	3.686
2014-12-14 19:17:20.498	20551	11001	-94	-90	26
2014-12-14 19:22:20.694	20551	11001	-94	-90	24	6.07	73.04	3.69
2014-12-14 19:27:20.115	20551	11001	-94	-89	22
2014-12-14 19:37:21.53	20551	11001	-94	-90	22	6.15	72.98	3.688
2014-12-14 19:47:25.046	20551	11001	-94	-90	34
2014-12-14 19:52:20.691	20551	11001	-94	-90	36	6.24	72.82	3.69
2014-12-14 20:07:22.007	20551	11001	-94	-90	30
2014-12-14 20:07:22.026	20551	11001	-94	-90	29	6.2	72.99	3.666
2014-12-14 20:17:20.115	20551	11001	-94	-91	24
2014-12-14 21:27:22.707	20551	11001	-94	-89	30
2014-12-14 22:47:28.07	20551	11001	-94	-91	20
2014-12-14 23:07:26.315	20551	11001	-94	-92	20	5.71	73.53	3.688
2014-12-14 23:17:21.55	20551	11001	-94	-92	20
2014-12-14 23:37:30.623	20551	11001	-94	-91	20	5.65	73.47	3.686
2014-12-15 00:07:26.463	20551	11001	-94	-91	35
2014-12-15 00:22:22.466	20551	11001	-94	-91	35	5.53	73.65	3.69
2014-12-15 00:47:27.523	20551	11001	-94	-92	32
2014-12-15 00:47:27.543	20551	11001	-94	-92	33
2014-12-15 00:52:29.595	20551	11001	-94	-91	30	5.51	73.56	3.687
2014-12-15 04:37:25.138	20551	11001	-94	-91	46	5.51	73.64	3.686
2014-12-15 05:27:21.646	20551	11001	-94	-91	43
2014-12-15 06:07:30.079	20551	11001	-94	-92	46
2014-12-15 09:52:23.386	20551	11001	-94	-91	49	6.25	73.61	3.688
2014-12-15 10:22:30.39	20551	11001	-94	-92	49	6.47	73.48	3.688
2014-12-15 10:47:22.814	20551	11001	-94	-89	28
2014-12-15 10:52:24.916	20551	11001	-94	-91	28	6.58	73.81	3.69
2014-12-15 11:27:20.599	20551	11001	-94	-91	57
2014-12-15 11:37:24.731	20551	11001	-94	-91	57	7.53	73.39	3.69
2014-12-15 13:52:23.951	20551	11001	-94	-90	48	9.72	72.55	3.691
2014-12-15 14:07:20.811	20551	11001	-94	-91	43
2014-12-15 14:17:22.266	20551	11001	-94	-91	30
2014-12-15 14:22:22.05	20551	11001	-94	-90	28	10.07	72.6	3.693
2014-12-15 14:47:23.058	20551	11001	-94	-91	38
2014-12-15 14:47:24.714	20551	11001	-94	-91	38
2014-12-15 14:52:27.711	20551	11001	-94	-91	36	10.15	72.22	3.693
2014-12-15 15:22:23.418	20551	11001	-94	-91	40	9.52	72.82	3.693
2014-12-15 16:07:23.611	20551	11001	-94	-90	42	8.2	73.85	3.669
2014-12-15 16:22:23.494	20551	11001	-94	-90	42	8.0	73.79	3.693
2014-12-15 16:37:20.479	20551	11001	-94	-91	36	7.79	73.85	3.695
2014-12-15 16:47:23.099	20551	11001	-94	-90	37
2014-12-15 16:47:23.115	20551	11001	-94	-91	53
2014-12-15 16:52:22.387	20551	11001	-94	-91	53	7.6	73.83	3.693
2014-12-15 17:17:25.383	20551	11001	-94	-91	44
2014-12-15 17:47:25.862	20551	11001	-94	-91	50
2014-12-17 15:07:28.302	20551	11001	-91	-89	10	1.17	76.13	3.676
2014-12-17 15:27:25.234	20551	11001	-94	-88	13
2014-12-17 16:07:26.21	20551	11001	-94	-86	16
2014-12-17 16:17:22.911	20551	11001	-94	-90	16
2014-12-17 16:37:22.219	20551	11001	-94	-88	21	0.5	76.71	3.676
2014-12-17 16:47:20.891	20551	11001	-94	-88	20
2014-12-17 16:47:20.907	20551	11001	-94	-88	19
2014-12-17 16:52:25.251	20551	11001	-91	-89	19	0.45	76.68	3.677
2014-12-17 17:07:21.207	20551	11001	-94	-88	20	0.38	76.71	3.676
2014-12-17 17:17:19.93	20551	11001	-94	-88	19
2014-12-17 17:22:23.215	20551	11001	-94	-87	18	0.33	76.68	3.677
2014-12-17 17:27:26.307	20551	11001	-94	-87	17
2014-12-17 17:37:24.235	20551	11001	-91	-87	19	0.29	76.69	3.676
2014-12-17 17:47:25.975	20551	11001	-94	-87	22
2014-12-17 18:07:23.246	20551	11001	-94	-87	25
2014-12-17 19:07:27.294	20551	11001	-91	-86	18	-0.04	76.79	3.677
2014-12-17 20:47:25.987	20551	11001	-88	-85	11
2014-12-17 21:07:25.974	20551	11001	-85	-83	11	-0.43	76.8	3.677
2014-12-17 21:47:24.991	20551	11001	-88	-82	12
2014-12-17 22:37:26.295	20551	11001	-88	-83	11	-1.1	77.03	3.679
2014-12-17 23:27:23.343	20551	11001	-88	-82	22
2014-12-17 23:47:25.026	20551	11001	-91	-85	21
2014-12-17 23:52:22.286	20551	11001	-88	-83	21	-1.52	77.06	3.677
2014-12-18 02:22:23.326	20551	11001	-88	-83	13	-1.78	76.98	3.677
2014-12-18 02:37:21.331	20551	11001	-88	-83	13	-1.82	77.0	3.677
2014-12-18 02:47:23.05	20551	11001	-91	-84	13
2014-12-18 03:27:21.318	20551	11001	-91	-83	10
2014-12-18 03:37:25.01	20551	11001	-88	-84	10	-1.92	77.0	3.676
2014-12-18 03:47:23.319	20551	11001	-88	-83	14
2014-12-18 03:47:25.919	20551	11001	-88	-83	14
2014-12-18 04:17:26.97	20551	11001	-94	-83	13
2014-12-18 06:07:28.534	20551	11001	-94	-84	15	-1.98	76.94	3.653
2014-12-18 06:47:27.895	20551	11001	-91	-85	19
2014-12-18 07:07:21.99	20551	11001	-88	-82	17	-1.96	76.92	3.677
2014-12-18 07:17:24.53	20551	11001	-91	-83	17
2014-12-18 07:27:20.894	20551	11001	-88	-84	17
2014-12-18 07:37:20.01	20551	11001	-88	-84	17	-1.92	76.88	3.676
2014-12-18 07:47:21.463	20551	11001	-91	-84	17
2014-12-18 07:52:23.595	20551	11001	-91	-85	16	-1.93	76.9	3.677
2014-12-18 08:17:27.034	20551	11001	-91	-85	16
2014-12-18 08:37:24.47	20551	11001	-88	-84	13	-1.71	76.71	3.677
2014-12-18 08:47:26.228	20551	11001	-91	-83	17
2014-12-18 08:52:21.451	20551	11001	-88	-84	17	-1.63	76.7	3.676
2014-12-18 09:07:23.523	20551	11001	-91	-84	16	-1.52	76.66	3.675
2014-12-18 10:07:22.479	20551	11001	-91	-84	24	-1.2	76.7	3.654
2014-12-18 10:17:23.242	20551	11001	-94	-82	24
2014-12-18 10:37:21.502	20551	11001	-91	-85	24	-0.92	76.79	3.677
2014-12-18 10:47:24.283	20551	11001	-91	-84	21
2014-12-18 11:17:20.27	20551	11001	-91	-83	21
2014-12-18 11:22:23.578	20551	11001	-94	-82	21	-0.79	76.67	3.677
2014-12-18 11:27:23.803	20551	11001	-88	-85	20
2014-12-18 11:37:27.566	20551	11001	-91	-84	20	-0.79	76.81	3.677
2014-12-18 11:47:26.319	20551	11001	-91	-85	23
2014-12-18 18:07:20.866	20551	11001	-91	-85	17
2014-12-18 18:07:20.93	20551	11001	-91	-85	17	-1.75	76.94	3.654
2014-12-18 19:22:24.118	20551	11001	-88	-83	16	-1.66	76.82	3.676
2014-12-18 20:22:22.134	20551	11001	-88	-84	14	-1.71	76.76	3.675
2014-12-18 21:17:25.854	20551	11001	-91	-84	14
2014-12-18 22:22:28.798	20551	11001	-91	-84	16	-1.84	76.9	3.675
2014-12-19 00:07:31.047	20551	11001	-88	-83	21	-1.98	76.91	3.654
2014-12-19 02:07:23.815	20551	11001	-91	-83	19
2014-12-19 02:22:22.898	20551	11001	-88	-84	19	-2.17	76.94	3.674
2014-12-19 02:47:25.995	20551	11001	-91	-84	18
2014-12-19 03:07:20.399	20551	11001	-91	-83	18	-2.2	77.03	3.675
2014-12-19 03:37:26.891	20551	11001	-91	-85	18	-2.17	76.96	3.675
2014-12-19 04:07:25.911	20551	11001	-91	-84	18
2014-12-19 06:07:29.975	20551	11001	-91	-84	29	-2.07	76.94	3.656
2014-12-19 19:27:20.33	20551	11001	-91	-84	26
2014-12-19 20:52:26.171	20551	11001	-91	-84	32	-0.98	76.66	3.676
2014-12-19 21:17:26.952	20551	11001	-94	-84	36
2014-12-19 21:22:24.179	20551	11001	-94	-85	37	-1.04	76.69	3.675
2014-12-19 21:27:25.198	20551	11001	-91	-85	37
2014-12-19 21:47:22.918	20551	11001	-91	-85	31
2014-12-19 21:52:23.206	20551	11001	-91	-85	31	-1.11	76.74	3.675
2014-12-19 22:07:24.207	20551	11001	-91	-84	32
2014-12-19 22:07:24.227	20551	11001	-94	-84	32	-1.16	76.78	3.651
2014-12-19 22:22:25.206	20551	11001	-94	-85	56	-1.2	76.73	3.676
2014-12-20 12:17:29.254	20551	11001	-94	-87	25
2014-12-20 13:52:25.214	20551	11001	-94	-89	21	7.86	69.87	3.679
2014-12-20 14:37:23.484	20551	11001	-94	-89	19	5.7	74.06	3.676
2014-12-20 14:47:27.475	20551	11001	-94	-87	19
2014-12-20 15:47:29.255	20551	11001	-94	-88	28
2014-12-20 16:07:28.49	20551	11001	-91	-87	28
2014-12-20 16:07:28.514	20551	11001	-94	-88	34	2.9	76.16	3.669
2014-12-20 16:17:20.651	20551	11001	-94	-87	31
2014-12-20 16:52:23.498	20551	11001	-91	-86	21	-0.41	78.3	3.68
2014-12-20 17:17:24.199	20551	11001	-94	-84	19
2014-12-20 17:22:24.946	20551	11001	-88	-84	19	-1.53	78.3	3.679
2014-12-20 17:52:22.483	20551	11001	-91	-83	15	-2.18	78.35	3.679
2014-12-20 19:47:23.015	20551	11001	-94	-84	19
2014-12-20 19:52:23.167	20551	11001	-88	-84	19	-1.93	77.13	3.675
2014-12-20 20:07:24.883	20551	11001	-91	-84	19
2014-12-20 21:17:23.815	20551	11001	-94	-84	17
2014-12-20 21:27:32.127	20551	11001	-91	-84	16
2014-12-20 21:37:22.727	20551	11001	-91	-85	19	-2.09	76.91	3.676
2014-12-21 15:07:21.874	20551	11001	-94	-89	20	3.21	75.66	3.677
2014-12-21 17:52:24.679	20551	11001	-91	-84	18	-2.25	77.96	3.676
2014-12-21 19:17:22.274	20551	11001	-91	-84	15
2014-12-21 19:52:22.563	20551	11001	-91	-84	15	-3.03	77.5	3.676
2014-12-22 01:22:26.114	20551	11001	-91	-84	10	-4.56	77.61	3.676
2014-12-22 06:17:26.102	20551	11001	-91	-84	10
2014-12-22 06:22:24.258	20551	11001	-91	-84	11	-5.28	77.44	3.674
2014-12-22 08:07:24.939	20551	11001	-91	-85	10	-4.6	77.5	3.651
2014-12-22 08:37:29.259	20551	11001	-91	-86	10	-3.78	77.03	3.671
2014-12-22 08:52:26.782	20551	11001	-91	-86	11	-2.73	77.1	3.673
2014-12-22 09:17:28.614	20551	11001	-91	-87	11
2014-12-22 09:27:24.455	20551	11001	-94	-87	11
2014-12-22 09:47:27.21	20551	11001	-94	-89	25
2014-12-22 09:52:27.539	20551	11001	-94	-89	25	0.29	75.7	3.674
2014-12-22 10:07:26.486	20551	11001	-94	-90	23	0.76	75.1	3.653
2014-12-22 10:17:28.211	20551	11001	-91	-89	23
2014-12-22 16:07:28.386	20551	11001	-94	-91	24
2014-12-24 23:22:22.806	20551	11001	-94	-91	44	6.2	78.02	3.697
2014-12-25 09:52:25.127	20551	11001	-94	-88	32	3.68	77.84	3.693
2014-12-25 10:07:23.403	20551	11001	-94	-90	33
2014-12-25 10:07:23.614	20551	11001	-94	-89	33	3.86	77.64	3.67
2014-12-25 10:47:21.151	20551	11001	-94	-88	25
2014-12-25 10:52:20.854	20551	11001	-91	-89	25	4.1	77.86	3.693
2014-12-25 11:07:27.891	20551	11001	-91	-86	24	4.32	77.49	3.693
2014-12-25 11:22:25.666	20551	11001	-94	-91	30	4.39	77.61	3.692
2014-12-25 11:27:22.323	20551	11001	-94	-90	28
2014-12-25 11:37:25.207	20551	11001	-94	-89	27	5.14	77.28	3.692
2014-12-25 11:47:23.312	20551	11001	-94	-91	30
2014-12-25 11:52:20.855	20551	11001	-94	-89	30	5.0	77.0	3.692
2014-12-25 12:07:21.57	20551	11001	-94	-87	28
2014-12-25 12:07:21.586	20551	11001	-94	-91	26	5.07	77.29	3.67
2014-12-25 13:17:22.267	20551	11001	-94	-90	31
2014-12-25 13:22:21.518	20551	11001	-94	-89	31	3.85	77.83	3.692
2014-12-25 13:22:21.671	20551	11001	-94	-89	31	3.85	77.83	3.692
2014-12-25 14:47:25.143	20551	11001	-94	-90	30
2014-12-25 14:52:27.127	20551	11001	-94	-88	32	4.61	77.31	3.692
2014-12-25 16:47:20.519	20551	11001	-94	-90	31
2014-12-25 16:52:21.167	20551	11001	-91	-89	31	3.85	77.78	3.692
2014-12-25 17:07:26.598	20551	11001	-94	-87	28	3.75	77.81	3.693
2014-12-25 17:07:26.822	20551	11001	-94	-87	28	3.75	77.81	3.693
2014-12-25 17:27:20.631	20551	11001	-94	-90	25
2014-12-25 17:52:24.42	20551	11001	-94	-87	25	3.61	77.71	3.692
2014-12-25 17:52:31.126	20551	11001	-94	-87	25	3.61	77.71	3.692
2014-12-25 18:07:20.135	20551	11001	-94	-89	25
2014-12-25 18:07:21.174	20551	11001	-94	-89	23	3.53	77.76	3.67
2014-12-25 18:17:25.762	20551	11001	-94	-90	21
2014-12-25 18:22:22.162	20551	11001	-94	-90	26	3.51	77.71	3.691
2014-12-25 18:37:22.082	20551	11001	-94	-89	22	3.43	77.79	3.692
2014-12-25 18:47:20.818	20551	11001	-94	-91	19
2014-12-25 18:47:20.91	20551	11001	-94	-90	19
2014-12-25 18:52:22.138	20551	11001	-94	-90	19	3.38	77.77	3.69
2014-12-25 18:52:23.658	20551	11001	-94	-90	19	3.38	77.77	3.69
2014-12-25 18:52:24.579	20551	11001	-94	-90	19	3.38	77.77	3.69
2014-12-25 18:52:25.25	20551	11001	-94	-90	19	3.38	77.77	3.69
2014-12-25 19:17:22.28	20551	11001	-91	-89	21
2014-12-25 19:17:23.536	20551	11001	-91	-89	21
2014-12-25 20:17:26.754	20551	11001	-94	-89	19
2014-12-25 21:17:21.167	20551	11001	-94	-90	19
2014-12-25 21:47:22.035	20551	11001	-94	-89	18
2014-12-25 22:07:24.482	20551	11001	-94	-90	17
2014-12-25 22:07:24.499	20551	11001	-94	-89	17	3.36	77.55	3.668
2014-12-25 22:47:26.074	20551	11001	-94	-89	22
2014-12-25 22:47:26.094	20551	11001	-94	-90	22
2014-12-25 22:52:23.063	20551	11001	-94	-89	22	3.33	77.55	3.692
2014-12-25 23:07:27.251	20551	11001	-94	-88	16	3.32	77.52	3.69
2014-12-25 23:17:24.055	20551	11001	-94	-88	21
2014-12-25 23:22:23.17	20551	11001	-94	-89	23	3.32	77.47	3.693
2014-12-25 23:37:25.022	20551	11001	-91	-88	20	3.25	77.58	3.69
2014-12-26 00:17:22.986	20551	11001	-94	-90	20
2014-12-26 00:37:21.144	20551	11001	-94	-89	19	3.08	77.61	3.69
2014-12-26 00:47:24.794	20551	11001	-94	-89	18
2014-12-26 00:47:27.022	20551	11001	-94	-88	18
2014-12-26 00:52:33.731	20551	11001	-94	-88	17	3.11	77.62	3.69
2014-12-26 01:07:23.903	20551	11001	-94	-91	21	3.1	77.59	3.69
2014-12-26 01:17:24.951	20551	11001	-94	-88	21
2014-12-26 05:27:24.163	20551	11001	-91	-89	38
2014-12-26 06:07:29.687	20551	11001	-94	-90	35	1.75	78.19	3.665
2014-12-26 08:37:24.559	20551	11001	-94	-90	31	2.21	77.95	3.688
2014-12-26 08:47:23.559	20551	11001	-94	-90	31
2014-12-26 08:52:27.547	20551	11001	-94	-91	32	2.6	77.75	3.688
2014-12-26 09:07:24.547	20551	11001	-94	-90	34	3.0	77.6	3.687
2014-12-26 10:22:27.432	20551	11001	-94	-91	30	6.65	74.96	3.687
2014-12-26 11:17:20.983	20551	11001	-94	-91	28
2014-12-26 11:22:24.91	20551	11001	-94	-91	28	12.72	68.85	3.69
2014-12-26 12:07:21.947	20551	11001	-94	-91	26
2014-12-27 00:47:25.798	20551	11001	-94	-90	29
2014-12-27 01:37:27.947	20551	11001	-94	-90	31	3.25	76.73	3.69
2014-12-27 02:07:32.51	20551	11001	-94	-90	28	2.57	77.26	3.668
2014-12-27 02:47:21.506	20551	11001	-94	-90	28
2014-12-27 03:07:26.862	20551	11001	-94	-90	28	2.46	77.5	3.69
2014-12-27 05:37:22.65	20551	11001	-94	-90	24	2.89	77.31	3.688
2014-12-27 05:52:20.918	20551	11001	-94	-91	23	3.61	76.41	3.688
2014-12-27 06:47:21.227	20551	11001	-94	-90	21
2014-12-27 06:47:21.246	20551	11001	-94	-90	21
2014-12-27 08:07:22.467	20551	11001	-94	-89	19	2.64	77.95	3.665
2014-12-27 09:07:30.443	20551	11001	-94	-91	18	5.0	76.17	3.687
2014-12-28 07:07:23.042	20551	11001	-94	-91	36	5.06	77.56	3.692
2014-12-28 07:22:25.414	20551	11001	-94	-92	32	4.64	77.64	3.691
2014-12-28 13:17:27.783	20551	11001	-94	-90	49
2014-12-28 13:52:27.251	20551	11001	-91	-90	63	2.72	77.68	3.688
2014-12-28 14:07:22.179	20551	11001	-94	-89	56
2014-12-28 14:07:22.202	20551	11001	-94	-90	52	3.06	77.68	3.666
2014-12-28 14:17:18.899	20551	11001	-94	-89	52
2014-12-28 14:22:26.283	20551	11001	-94	-91	52	3.65	77.45	3.688
2014-12-28 14:37:21.166	20551	11001	-94	-90	44	3.89	76.91	3.69
2014-12-28 14:47:20.862	20551	11001	-94	-90	41
2014-12-28 14:47:20.878	20551	11001	-94	-90	41
2014-12-28 14:52:23.206	20551	11001	-94	-89	38	3.68	77.23	3.688
2014-12-28 15:07:24.111	20551	11001	-94	-89	36	3.75	77.18	3.666
2014-12-28 15:17:23.91	20551	11001	-94	-91	36
2014-12-28 16:22:25.226	20551	11001	-94	-91	31	3.14	77.58	3.688
2014-12-28 17:22:23.182	20551	11001	-94	-91	31	2.65	77.71	3.687
2014-12-28 17:47:25.914	20551	11001	-94	-90	27
2014-12-28 18:17:21.862	20551	11001	-94	-90	29
2014-12-28 18:22:27.186	20551	11001	-94	-91	26	2.14	77.79	3.687
2014-12-28 18:37:25.178	20551	11001	-94	-90	32	2.03	77.89	3.688
2014-12-28 18:47:21.862	20551	11001	-94	-90	31
2014-12-28 18:47:21.878	20551	11001	-94	-89	31
2014-12-28 18:52:24.167	20551	11001	-94	-90	29	2.01	77.86	3.686
2014-12-28 19:17:21.867	20551	11001	-94	-91	27
2014-12-28 19:22:23.17	20551	11001	-94	-90	27	2.15	77.7	3.687
2014-12-28 19:27:21.174	20551	11001	-94	-89	25
2014-12-28 19:37:23.15	20551	11001	-94	-90	24	2.17	77.68	3.686
2014-12-28 19:47:19.838	20551	11001	-91	-89	24
2014-12-28 19:52:25.211	20551	11001	-94	-89	23	2.15	77.7	3.687
2014-12-28 20:07:27.187	20551	11001	-94	-90	22
2014-12-28 20:07:27.21	20551	11001	-94	-90	27	2.13	77.65	3.665
2014-12-28 20:17:23.847	20551	11001	-94	-90	27
2014-12-28 20:22:24.219	20551	11001	-94	-90	26	2.07	77.64	3.687
2014-12-28 20:47:19.83	20551	11001	-94	-89	21
2014-12-28 20:47:19.843	20551	11001	-94	-89	21
2014-12-28 20:52:23.179	20551	11001	-94	-89	19	1.96	77.71	3.686
2014-12-29 02:52:25.028	20551	11001	-91	-87	20	0.43	78.01	3.682
2014-12-29 03:07:35.03	20551	11001	-94	-86	20	0.38	78.1	3.682
2014-12-29 03:52:28.267	20551	11001	-94	-87	21	0.15	78.17	3.682
2014-12-29 04:47:25.939	20551	11001	-91	-84	47
2014-12-29 06:17:20.895	20551	11001	-91	-84	46
2014-12-29 12:17:22.178	20551	11001	-94	-90	21
2014-12-29 12:22:21.082	20551	11001	-94	-89	21	6.6	74.5	3.685
2014-12-29 12:47:25.022	20551	11001	-97	-89	21
2014-12-29 13:37:26.294	20551	11001	-94	-90	19	5.72	75.45	3.685
2014-12-29 13:52:23.586	20551	11001	-94	-89	16	4.74	77.24	3.682
2014-12-29 14:07:21.898	20551	11001	-94	-89	17
2014-12-29 14:07:21.919	20551	11001	-94	-89	17	4.6	76.97	3.663
2014-12-29 15:22:29.146	20551	11001	-94	-88	19	2.49	77.99	3.68
2014-12-29 15:27:23.059	20551	11001	-94	-89	22
2014-12-29 15:37:30.039	20551	11001	-94	-89	22	2.18	78.14	3.682
2014-12-29 15:37:31.735	20551	11001	-94	-89	22	2.18	78.14	3.682
2014-12-29 15:47:21.871	20551	11001	-94	-89	20
2014-12-29 15:52:21.475	20551	11001	-94	-88	18	2.14	78.22	3.682
2014-12-29 16:07:21.771	20551	11001	-94	-89	23
2014-12-29 16:07:21.791	20551	11001	-94	-88	23	2.0	77.93	3.659
2014-12-29 16:17:19.794	20551	11001	-94	-89	20
2014-12-29 16:22:20.343	20551	11001	-94	-87	19	1.47	78.08	3.681
2014-12-29 16:37:19.875	20551	11001	-94	-88	15	1.14	78.34	3.681
2014-12-29 16:47:23.779	20551	11001	-94	-89	15
2014-12-29 16:47:23.795	20551	11001	-94	-87	15
2014-12-29 16:52:25.86	20551	11001	-94	-89	16	0.88	78.33	3.682
2014-12-29 17:07:21.803	20551	11001	-94	-88	14	0.53	78.44	3.681
2014-12-29 18:17:25.99	20551	11001	-91	-89	42
2014-12-29 18:22:25.279	20551	11001	-94	-89	42	-0.29	78.49	3.679
2014-12-29 18:37:21.247	20551	11001	-94	-88	40	-0.46	78.45	3.679
2014-12-29 19:37:23.283	20551	11001	-88	-84	37	-0.96	78.65	3.677
2014-12-30 05:07:20.506	20551	11001	-88	-83	42	-4.68	78.84	3.673
2014-12-30 07:52:21.727	20551	11001	-88	-84	32	-5.39	79.13	3.673
2014-12-30 09:27:22.418	20551	11001	-88	-84	28
2014-12-30 19:27:20.25	20551	11001	-88	-83	18
2014-12-30 19:47:24.574	20551	11001	-88	-82	17
2014-12-30 19:52:29.926	20551	11001	-88	-83	17	-3.68	79.14	3.673
2014-12-30 20:07:21.862	20551	11001	-88	-82	28
2014-12-30 20:22:28.914	20551	11001	-88	-85	28	-3.53	79.13	3.67
2014-12-30 20:37:21.842	20551	11001	-88	-83	28	-3.43	78.76	3.673
2014-12-30 21:07:25.922	20551	11001	-94	-82	28	-3.42	78.74	3.671
2014-12-30 21:17:22.602	20551	11001	-88	-84	27
2014-12-30 22:47:20.643	20551	11001	-91	-83	23
2014-12-30 22:47:20.658	20551	11001	-91	-84	23
2014-12-30 22:52:24.97	20551	11001	-88	-84	21	-4.98	79.14	3.67
2014-12-30 23:07:22.743	20551	11001	-91	-83	25	-5.52	79.11	3.671
2014-12-30 23:17:25.711	20551	11001	-91	-84	22
2014-12-30 23:22:23.966	20551	11001	-91	-82	22	-5.98	79.5	3.671
2014-12-30 23:27:26.091	20551	11001	-94	-84	21
2014-12-30 23:37:23.978	20551	11001	-88	-84	21	-6.31	79.44	3.671
2014-12-30 23:47:22.727	20551	11001	-88	-82	23
2014-12-31 00:22:28.13	20551	11001	-88	-83	19	-6.56	79.54	3.67
2014-12-31 00:47:25.795	20551	11001	-88	-83	19
2014-12-31 00:47:25.811	20551	11001	-88	-82	18
2014-12-31 01:47:20.799	20551	11001	-88	-82	19
2014-12-31 02:17:26.858	20551	11001	-88	-83	18
2014-12-31 02:22:21.086	20551	11001	-91	-84	21	-5.86	78.76	3.67
2014-12-31 02:37:23.126	20551	11001	-91	-83	21	-6.03	78.76	3.651
2014-12-31 02:47:25.387	20551	11001	-91	-83	20
2014-12-31 02:47:29.947	20551	11001	-91	-83	19
2014-12-31 03:07:28.247	20551	11001	-94	-82	19	-6.71	79.15	3.669
2014-12-31 03:17:24.358	20551	11001	-91	-83	17
2014-12-31 03:22:25.395	20551	11001	-91	-83	20	-6.5	79.15	3.669
2014-12-31 03:27:20.855	20551	11001	-91	-82	20
2014-12-31 03:37:25.207	20551	11001	-88	-83	19	-6.36	78.96	3.668
2014-12-31 03:47:23.935	20551	11001	-88	-84	22
2014-12-31 04:47:25.327	20551	11001	-88	-83	20
2014-12-31 04:47:25.343	20551	11001	-91	-83	20
2014-12-31 05:47:21.934	20551	11001	-88	-84	16
2014-12-31 05:52:21.002	20551	11001	-91	-84	16	-5.96	78.67	3.668
2014-12-31 06:07:28.411	20551	11001	-88	-83	20
2014-12-31 06:07:28.427	20551	11001	-91	-84	23	-5.98	78.59	3.645
2014-12-31 06:17:29.398	20551	11001	-88	-85	22
2014-12-31 06:22:34.458	20551	11001	-91	-83	22	-6.14	78.65	3.668
2014-12-31 06:37:23.335	20551	11001	-88	-83	31	-6.25	78.69	3.668
2014-12-31 09:17:25.502	20551	11001	-88	-84	41
2014-12-31 09:22:30.552	20551	11001	-91	-83	41	-5.86	79.05	3.665
2014-12-31 09:27:20.599	20551	11001	-91	-85	41
2014-12-31 10:17:22.27	20551	11001	-94	-83	37
2014-12-31 10:47:25.363	20551	11001	-91	-83	41
2014-12-31 11:07:21.587	20551	11001	-91	-83	44	0.15	73.37	3.666
2014-12-31 17:52:21.179	20551	11001	-91	-84	26	-5.2	78.41	3.666
2014-12-31 18:22:21.438	20551	11001	-88	-86	23	-5.25	78.25	3.665
2014-12-31 18:37:22.515	20551	11001	-91	-84	20	-5.28	78.18	3.666
2014-12-31 19:47:23.526	20551	11001	-88	-84	44
2014-12-31 20:07:30.515	20551	11001	-88	-84	44	-5.67	77.84	3.645
2014-12-31 20:47:26.474	20551	11001	-91	-84	37
2014-12-31 20:52:23.151	20551	11001	-94	-84	35	-5.98	77.84	3.665
2014-12-31 21:22:25.695	20551	11001	-91	-84	34	-6.14	77.85	3.664
2014-12-31 21:47:25.666	20551	11001	-91	-84	28
2014-12-31 22:07:23.431	20551	11001	-91	-85	28
2014-12-31 22:07:23.45	20551	11001	-94	-84	28	-5.98	77.86	3.643
2014-12-31 23:27:25.379	20551	11001	-88	-83	44
2014-12-31 23:37:25.63	20551	11001	-91	-85	42	-6.03	77.76	3.665
2015-01-01 00:07:24.402	20551	11001	-88	-85	40	-6.21	77.67	3.643
2015-01-01 00:17:24.818	20551	11001	-91	-84	40
2015-01-01 00:37:24.611	20551	11001	-91	-84	32	-6.14	77.6	3.664
2015-01-01 00:47:27.563	20551	11001	-91	-84	30
2015-01-01 00:47:27.578	20551	11001	-91	-84	30
2015-01-01 00:52:30.123	20551	11001	-88	-84	45	-6.09	77.56	3.664
2015-01-01 04:37:31.415	20551	11001	-91	-84	38	-6.1	77.33	3.663
2015-01-01 04:47:26.594	20551	11001	-91	-84	33
2015-01-01 04:47:27.099	20551	11001	-91	-84	34
2015-01-01 04:52:25.538	20551	11001	-91	-85	33	-6.17	77.38	3.662
2015-01-01 05:07:25.491	20551	11001	-91	-84	26	-6.2	77.47	3.662
2015-01-01 09:52:24.662	20551	11001	-88	-86	20	-2.7	75.21	3.663
2015-01-01 10:22:24.631	20551	11001	-94	-84	20	-1.14	74.26	3.663
2015-01-01 10:37:25.658	20551	11001	-91	-84	20	-1.23	75.79	3.663
2015-01-01 10:47:26.392	20551	11001	-88	-88	20
2015-01-01 10:52:23.634	20551	11001	-94	-85	19	1.42	72.86	3.663
2015-01-01 11:37:24.59	20551	11001	-94	-85	25	1.5	74.22	3.665
2015-01-01 12:17:24.43	20551	11001	-94	-91	25
2015-01-01 12:22:22.666	20551	11001	-94	-89	27	3.14	73.43	3.665
2015-01-01 13:22:24.982	20551	11001	-94	-89	25	4.64	72.27	3.666
2015-01-01 13:47:26.375	20551	11001	-94	-90	23
2015-01-01 13:52:28.122	20551	11001	-94	-90	25	7.92	68.69	3.668
2015-01-01 14:07:25.667	20551	11001	-94	-89	27
2015-01-01 17:22:23.646	20551	11001	-94	-88	28	0.24	75.59	3.669
2015-01-01 17:47:27.378	20551	11001	-94	-89	28
2015-01-01 17:52:27.683	20551	11001	-94	-90	27	0.07	75.44	3.668
2015-01-01 18:07:28.486	20551	11001	-94	-89	29	0.06	75.41	3.645
2015-01-01 18:52:24.691	20551	11001	-94	-86	28	-0.28	75.14	3.668
2015-01-01 19:17:26.414	20551	11001	-88	-87	27
2015-01-01 21:22:30.251	20551	11001	-91	-86	31	-0.45	75.08	3.666
2015-01-01 22:07:29.207	20551	11001	-91	-84	24
2015-01-01 22:47:31.342	20551	11001	-94	-86	23
2015-01-01 23:17:23.987	20551	11001	-91	-86	23
2015-01-01 23:22:23.402	20551	11001	-91	-84	23	-0.21	75.11	3.668
2015-01-01 23:37:31.359	20551	11001	-91	-86	23	-0.24	75.03	3.669
2015-01-01 23:52:27.319	20551	11001	-91	-84	19	-0.45	75.3	3.666
2015-01-02 00:07:27.066	20551	11001	-94	-86	22	-0.48	75.27	3.646
2015-01-02 00:17:22.119	20551	11001	-91	-87	22
2015-01-02 00:22:28.138	20551	11001	-91	-84	22	-0.66	75.33	3.668
2015-01-02 02:22:28.183	20551	11001	-91	-84	19	-1.2	75.58	3.668
2015-01-02 02:47:24.459	20551	11001	-94	-84	26
2015-01-02 04:17:22.69	20551	11001	-91	-87	25
2015-01-02 04:22:25.074	20551	11001	-91	-85	23	-1.79	75.86	3.668
2015-01-02 04:47:22.843	20551	11001	-91	-85	23
2015-01-02 04:47:22.859	20551	11001	-88	-84	23
2015-01-02 05:07:23.802	20551	11001	-91	-86	22	-2.07	75.96	3.668
2015-01-02 05:27:26.199	20551	11001	-94	-84	22
2015-01-02 05:37:29.031	20551	11001	-91	-85	21	-2.18	76.13	3.668
2015-01-02 05:52:27.027	20551	11001	-88	-84	21	-2.17	76.13	3.668
2015-01-02 06:07:21.843	20551	11001	-88	-85	20
2015-01-02 06:07:27.807	20551	11001	-94	-86	20	-1.99	76.1	3.646
2015-01-02 06:37:22.903	20551	11001	-91	-84	19	-1.67	75.88	3.666
2015-01-02 07:07:28.986	20551	11001	-91	-85	19	-2.03	75.76	3.668
2015-01-02 08:07:25.92	20551	11001	-94	-82	18
2015-01-02 08:37:24.887	20551	11001	-91	-84	16	-1.99	76.22	3.668
2015-01-02 08:47:30.659	20551	11001	-91	-84	16
2015-01-02 08:47:30.678	20551	11001	-88	-85	19
2015-01-02 09:17:22.598	20551	11001	-91	-85	18
2015-01-02 09:27:25.831	20551	11001	-94	-84	18
2015-01-02 09:37:25.814	20551	11001	-91	-90	18	1.17	74.15	3.669
2015-01-02 09:47:25.619	20551	11001	-94	-86	17
2015-01-02 10:07:30.967	20551	11001	-94	-90	20
2015-01-02 10:47:24.606	20551	11001	-94	-90	19
2015-01-02 10:47:24.626	20551	11001	-94	-89	19
2015-01-02 11:17:25.35	20551	11001	-94	-89	19
2015-01-02 11:37:23.934	20551	11001	-94	-90	19	5.92	71.8	3.67
2015-01-02 11:47:24.634	20551	11001	-94	-91	18
2015-01-02 12:17:23.235	20551	11001	-94	-90	17
2015-01-02 12:22:23.906	20551	11001	-94	-90	16	7.75	72.14	3.671
2015-01-02 12:37:26.531	20551	11001	-94	-89	16	8.25	71.14	3.673
2015-01-02 12:47:25.643	20551	11001	-94	-90	15
2015-01-02 12:47:25.659	20551	11001	-94	-88	15
2015-01-02 13:37:28.655	20551	11001	-94	-88	28	8.01	71.41	3.674
2015-01-02 14:52:25.347	20551	11001	-94	-90	28	5.29	75.08	3.674
2015-01-02 15:27:23.783	20551	11001	-94	-87	27
2015-01-02 16:07:27.255	20551	11001	-94	-89	27
2015-01-02 16:07:27.274	20551	11001	-94	-90	27	3.46	75.07	3.653
2015-01-02 16:22:24.182	20551	11001	-94	-89	23	2.92	75.53	3.674
2015-01-02 16:52:28.183	20551	11001	-94	-89	23	1.47	75.93	3.674
2015-01-02 17:07:29.89	20551	11001	-94	-90	18	0.56	76.51	3.674
2015-01-02 17:22:23.307	20551	11001	-94	-89	19	-0.03	76.79	3.673
2015-01-02 17:22:24.17	20551	11001	-94	-89	19	-0.03	76.79	3.673
2015-01-02 17:22:25.526	20551	11001	-94	-89	19	-0.03	76.79	3.673
2015-01-02 17:37:22.291	20551	11001	-91	-88	19	-0.75	77.02	3.671
2015-01-02 17:47:24.563	20551	11001	-94	-89	18
2015-01-02 18:47:26.578	20551	11001	-91	-84	15
2015-01-02 19:37:26.878	20551	11001	-91	-84	14	-2.25	76.45	3.671
2015-01-02 19:52:23.878	20551	11001	-94	-84	16	-2.32	76.36	3.67
2015-01-02 21:22:24.919	20551	11001	-94	-84	18	-2.38	76.28	3.671
2015-01-02 21:37:25.478	20551	11001	-91	-84	18	-2.32	76.15	3.67
2015-01-02 21:47:24.647	20551	11001	-91	-84	18
2015-01-02 22:37:32.883	20551	11001	-91	-84	17	-2.93	76.39	3.67
2015-01-02 22:52:22.914	20551	11001	-91	-84	16	-2.99	76.48	3.67
2015-01-02 23:07:29.991	20551	11001	-94	-84	16	-2.89	76.43	3.67
2015-01-02 23:37:28.991	20551	11001	-91	-84	25	-2.93	76.39	3.67
2015-01-03 00:07:24.966	20551	11001	-91	-84	25
2015-01-03 00:22:28.022	20551	11001	-91	-84	25	-3.02	76.33	3.669
2015-01-03 00:52:26.034	20551	11001	-94	-84	25	-3.32	76.36	3.669
2015-01-03 01:37:28.058	20551	11001	-88	-84	25	-3.74	76.67	3.669
2015-01-03 02:47:23.755	20551	11001	-91	-84	25
2015-01-03 02:52:28.118	20551	11001	-91	-84	25	-3.85	76.48	3.669
2015-01-03 03:17:25.471	20551	11001	-88	-84	25
2015-01-03 04:22:32.178	20551	11001	-91	-84	22	-2.28	75.85	3.671
2015-01-03 04:47:29.855	20551	11001	-91	-84	22
2015-01-03 05:07:24.238	20551	11001	-91	-85	23	-1.78	75.88	3.671
2015-01-03 05:17:24.846	20551	11001	-94	-84	23
2015-01-03 05:37:29.222	20551	11001	-94	-85	23	-1.35	75.76	3.669
2015-01-03 05:47:22.238	20551	11001	-91	-86	21
2015-01-03 05:52:31.947	20551	11001	-91	-85	20	-1.06	75.68	3.671
2015-01-03 06:07:25.338	20551	11001	-94	-84	25
2015-01-03 06:07:25.615	20551	11001	-94	-86	25	-0.84	75.56	3.647
2015-01-03 06:47:29.914	20551	11001	-94	-87	23
2015-01-03 06:47:37.446	20551	11001	-91	-86	25
2015-01-03 06:52:25.159	20551	11001	-91	-86	25	-0.6	75.7	3.671
2015-01-03 07:22:26.547	20551	11001	-94	-86	23	-0.38	75.75	3.669
2015-01-03 07:37:26.574	20551	11001	-94	-86	23	-0.38	75.85	3.669
2015-01-03 08:17:25.158	20551	11001	-94	-88	35
2015-01-03 08:22:28.523	20551	11001	-94	-87	34	0.07	75.66	3.67
2015-01-03 08:37:24.439	20551	11001	-94	-87	34	0.25	75.6	3.67
2015-01-04 11:27:24.087	20551	11001	-94	-91	23
2015-01-04 19:47:26.81	20551	11001	-91	-86	33
2015-01-04 20:47:28.811	20551	11001	-94	-87	30
2015-01-04 20:47:28.826	20551	11001	-94	-91	30
2015-01-04 20:52:23.043	20551	11001	-94	-89	29	1.97	78.31	3.685
2015-01-04 21:07:24.394	20551	11001	-91	-86	28	1.7	78.46	3.686
2015-01-04 21:17:23.651	20551	11001	-91	-88	28
2015-01-04 21:22:29.542	20551	11001	-88	-87	26	1.7	78.13	3.685
2015-01-04 21:37:30.122	20551	11001	-94	-89	30	1.65	77.97	3.685
2015-01-04 22:47:29.447	20551	11001	-94	-89	34
2015-01-04 22:52:22.434	20551	11001	-91	-88	32	1.6	77.84	3.684
2015-01-04 23:07:28.759	20551	11001	-94	-89	26	1.47	77.91	3.685
2015-01-04 23:17:22.954	20551	11001	-91	-89	25
2015-01-04 23:22:23.446	20551	11001	-94	-90	25	1.24	77.88	3.685
2015-01-04 23:27:23.083	20551	11001	-94	-87	23
2015-01-04 23:37:23.239	20551	11001	-94	-89	25	0.79	78.28	3.684
2015-01-04 23:47:27.356	20551	11001	-94	-89	24
2015-01-04 23:52:30.267	20551	11001	-94	-89	24	0.65	78.44	3.684
2015-01-05 00:07:21.678	20551	11001	-91	-88	34
2015-01-05 00:07:21.702	20551	11001	-94	-89	34	0.47	78.33	3.663
2015-01-05 00:22:22.458	20551	11001	-91	-87	40	0.24	78.44	3.682
2015-01-05 00:37:26.983	20551	11001	-94	-90	46	-0.06	78.5	3.682
2015-01-05 00:52:22.139	20551	11001	-94	-88	43	-0.38	78.71	3.682
2015-01-05 01:07:22.218	20551	11001	-94	-90	40	-0.56	78.85	3.682
2015-01-05 01:17:25.319	20551	11001	-94	-88	29
2015-01-05 01:22:26.786	20551	11001	-94	-85	28	-0.57	78.71	3.682
2015-01-05 01:22:26.943	20551	11001	-94	-85	28	-0.57	78.71	3.682
2015-01-05 01:22:28.438	20551	11001	-94	-85	28	-0.57	78.71	3.682
2015-01-05 01:22:29.051	20551	11001	-94	-85	28	-0.57	78.71	3.682
2015-01-05 01:37:25.791	20551	11001	-91	-91	28	-0.66	78.74	3.681
2015-01-05 01:47:22.422	20551	11001	-91	-83	25
2015-01-05 02:07:25.911	20551	11001	-91	-84	25	-0.89	78.66	3.663
2015-01-05 02:37:28.111	20551	11001	-91	-86	24	-1.14	78.77	3.681
2015-01-05 02:47:25.262	20551	11001	-91	-84	26
2015-01-05 03:17:24.838	20551	11001	-91	-86	25
2015-01-05 03:22:25.907	20551	11001	-88	-83	25	-1.56	78.67	3.681
2015-01-05 03:27:23.426	20551	11001	-91	-86	25
2015-01-05 03:47:29.363	20551	11001	-94	-83	27
2015-01-05 03:52:22.511	20551	11001	-91	-83	30	-2.21	78.99	3.679
2015-01-05 04:07:21.623	20551	11001	-88	-84	30
2015-01-05 04:07:21.666	20551	11001	-91	-84	30	-2.38	79.12	3.66
2015-01-05 04:17:29.882	20551	11001	-91	-84	30
2015-01-05 05:27:25.223	20551	11001	-94	-86	34
2015-01-05 06:07:25.167	20551	11001	-91	-82	31
2015-01-05 06:07:25.187	20551	11001	-88	-82	30	-3.75	79.47	3.66
2015-01-05 06:22:26.066	20551	11001	-88	-84	24	-3.96	79.17	3.681
2015-01-05 06:37:23.155	20551	11001	-91	-84	23	-4.34	79.42	3.68
2015-01-05 06:47:28.939	20551	11001	-94	-84	23
2015-01-05 06:47:28.951	20551	11001	-91	-86	22
2015-01-05 06:52:22.211	20551	11001	-88	-83	22	-4.71	79.47	3.679
2015-01-05 07:07:23.174	20551	11001	-94	-86	19	-4.95	79.67	3.679
2015-01-05 07:22:29.243	20551	11001	-91	-85	24	-5.78	79.5	3.676
2015-01-05 07:37:26.239	20551	11001	-88	-82	24	-6.32	79.96	3.676
2015-01-05 07:47:26.975	20551	11001	-94	-84	28
2015-01-05 07:52:28.318	20551	11001	-88	-89	25	-6.68	80.01	3.676
2015-01-05 09:52:22.427	20551	11001	-88	-86	21	-5.14	79.24	3.676
2015-01-05 10:07:23.195	20551	11001	-91	-86	19	-5.56	78.71	3.657
2015-01-05 15:27:32.055	20551	11001	-94	-82	18
2015-01-05 15:37:24.59	20551	11001	-88	-82	18	-4.38	77.32	3.675
2015-01-05 16:07:24.014	20551	11001	-88	-84	16
2015-01-05 16:07:24.034	20551	11001	-91	-83	16	-6.49	79.54	3.654
2015-01-05 16:22:28.219	20551	11001	-88	-82	16	-6.98	79.63	3.669
2015-01-05 17:27:22.055	20551	11001	-91	-83	18
2015-01-05 18:47:25.218	20551	11001	-88	-84	17
2015-01-05 18:52:26.278	20551	11001	-88	-84	17	-9.16	79.52	3.673
2015-01-05 19:07:25.743	20551	11001	-91	-82	16	-9.17	79.56	3.671
2015-01-05 19:22:26.87	20551	11001	-91	-82	16	-9.1	79.42	3.671
2015-01-05 21:07:26.767	20551	11001	-94	-85	15	-9.36	79.23	3.67
2015-01-05 21:17:27.198	20551	11001	-91	-84	15
2015-01-05 21:37:28.17	20551	11001	-88	-83	15	-9.5	79.37	3.671
2015-01-05 21:52:22.739	20551	11001	-91	-82	18	-9.44	79.36	3.67
2015-01-05 23:52:39.239	20551	11001	-91	-84	10	-10.03	79.42	3.669
2015-01-06 05:27:24.946	20551	11001	-94	-86	17
2015-01-06 05:37:23.722	20551	11001	-94	-86	16	-9.25	79.1	3.668
2015-01-06 06:07:25.742	20551	11001	-91	-86	16
2015-01-06 06:07:25.763	20551	11001	-91	-87	16	-9.24	79.23	3.646
2015-01-06 06:17:24.503	20551	11001	-94	-87	16
2015-01-06 09:37:29.798	20551	11001	-94	-88	22	-7.46	78.89	3.666
2015-01-06 10:52:25.916	20551	11001	-94	-89	22	-6.14	79.03	3.666
2015-01-06 11:17:28.307	20551	11001	-94	-89	21
2015-01-06 11:22:30.222	20551	11001	-94	-87	21	-5.39	78.57	3.665
2015-01-06 11:37:32.827	20551	11001	-94	-87	21	-4.88	78.64	3.666
2015-01-06 13:52:27.279	20551	11001	-94	-88	18	-2.39	76.58	3.666
2015-01-06 14:17:25.758	20551	11001	-91	-89	17
2015-01-06 14:22:30.302	20551	11001	-94	-86	17	-4.0	78.59	3.666
2015-01-06 14:37:29.306	20551	11001	-94	-88	16	-4.71	79.02	3.666
2015-01-06 14:47:24.99	20551	11001	-94	-86	16
2015-01-06 14:47:25.758	20551	11001	-91	-88	16
2015-01-06 15:37:27.759	20551	11001	-91	-89	18	-5.34	79.08	3.665
2015-01-06 16:07:24.746	20551	11001	-94	-86	18
2015-01-06 16:07:25.327	20551	11001	-94	-88	18	-5.75	79.19	3.645
2015-01-06 16:37:27.374	20551	11001	-94	-88	17	-6.45	79.07	3.664
2015-01-06 16:47:34.835	20551	11001	-94	-88	16
2015-01-06 20:07:30.695	20551	11001	-94	-90	17
2015-01-06 20:07:37.214	20551	11001	-94	-90	17	-8.36	79.08	3.642
2015-01-07 03:47:25.419	20551	11001	-94	-89	11
2015-01-07 04:22:30.106	20551	11001	-94	-89	15	-10.38	79.12	3.656
2015-01-07 04:47:34.055	20551	11001	-94	-88	21
2015-01-08 00:52:27.047	20551	11001	-94	-90	21	-16.62	79.68	3.648
2015-01-08 01:07:27.951	20551	11001	-94	-89	21	-16.76	79.73	3.645
2015-01-08 02:37:33.51	20551	11001	-94	-89	19	-16.72	79.61	3.642
2015-01-08 02:47:39.575	20551	11001	-94	-90	18
2015-01-08 08:47:33.122	20551	11001	-91	-88	29
2015-01-08 08:47:35.822	20551	11001	-91	-88	29
2015-01-08 09:52:30.471	20551	11001	-94	-87	18	-13.5	79.88	3.642
2015-01-08 11:07:35.959	20551	11001	-94	-88	13	-8.02	76.6	3.645
2015-01-08 11:17:33.73	20551	11001	-94	-89	19
2015-01-08 12:07:42.35	20551	11001	-91	-86	13	-7.64	74.01	3.624
2015-01-08 12:17:28.23	20551	11001	-94	-90	13
2015-01-08 12:22:30.966	20551	11001	-94	-86	11	-8.18	77.05	3.645
2015-01-08 12:37:30.607	20551	11001	-94	-86	11	-6.32	74.24	3.645
2015-01-08 12:47:31.09	20551	11001	-94	-84	13
2015-01-08 12:47:32.334	20551	11001	-91	-86	13
2015-01-08 12:52:29.542	20551	11001	-94	-84	15	-4.07	71.76	3.647
2015-01-08 13:07:29.263	20551	11001	-94	-84	17	-6.53	72.52	3.647
2015-01-08 13:17:31.35	20551	11001	-94	-86	16
2015-01-08 13:27:30.378	20551	11001	-94	-88	16
2015-01-08 13:47:28.054	20551	11001	-91	-85	17
2015-01-08 13:52:35.407	20551	11001	-94	-88	16	-8.32	77.04	3.646
2015-01-08 14:07:30.343	20551	11001	-94	-86	15
2015-01-08 14:07:31.558	20551	11001	-91	-85	16	-7.74	76.37	3.624
2015-01-08 14:17:28.146	20551	11001	-94	-85	18
2015-01-08 14:22:34.413	20551	11001	-94	-87	18	-6.68	76.23	3.646
2015-01-08 14:37:29.642	20551	11001	-91	-84	16	-7.82	75.93	3.646
2015-01-08 14:47:28.826	20551	11001	-91	-85	16
2015-01-08 14:47:29.054	20551	11001	-88	-85	16
2015-01-08 14:52:28.618	20551	11001	-91	-85	15	-9.4	77.97	3.646
2015-01-08 15:07:29.366	20551	11001	-91	-87	14	-8.28	78.59	3.646
2015-01-08 15:17:28.386	20551	11001	-91	-85	12
2015-01-08 15:22:28.62	20551	11001	-94	-85	12	-8.98	78.09	3.645
2015-01-08 15:27:31.663	20551	11001	-94	-85	13
2015-01-08 15:37:29.647	20551	11001	-91	-87	12	-9.46	78.45	3.645
2015-01-08 15:47:31.806	20551	11001	-94	-85	13
2015-01-08 15:52:35.039	20551	11001	-91	-88	17	-9.78	79.02	3.645
2015-01-08 16:07:35.694	20551	11001	-88	-86	18
2015-01-08 16:07:35.81	20551	11001	-91	-85	18	-10.38	78.99	3.624
2015-01-08 16:17:30.239	20551	11001	-94	-84	20
2015-01-08 16:37:41.571	20551	11001	-94	-89	18	-11.14	79.38	3.646
2015-01-08 16:52:31.594	20551	11001	-94	-86	21	-11.36	79.28	3.645
2015-01-08 17:07:32.591	20551	11001	-94	-88	23	-11.62	79.42	3.643
2015-01-08 17:17:28.295	20551	11001	-91	-85	21
2015-01-08 17:47:33.394	20551	11001	-94	-88	25
2015-01-08 18:37:32.814	20551	11001	-94	-88	22	-11.66	78.84	3.645
2015-01-08 18:47:39.554	20551	11001	-91	-86	24
2015-01-08 18:47:39.567	20551	11001	-91	-86	26
2015-01-08 19:17:33.546	20551	11001	-91	-86	25
2015-01-08 19:27:31.486	20551	11001	-94	-86	25
2015-01-08 19:37:30.822	20551	11001	-94	-88	25	-11.36	78.61	3.645
2015-01-08 19:47:33.578	20551	11001	-94	-88	23
2015-01-08 20:17:31.667	20551	11001	-91	-87	23
2015-01-08 20:22:31.574	20551	11001	-91	-89	22	-10.92	78.4	3.645
2015-01-08 20:37:31.926	20551	11001	-94	-88	22	-10.78	78.32	3.643
2015-01-08 21:22:30.974	20551	11001	-94	-87	21	-10.14	77.89	3.642
2015-01-08 21:27:36.015	20551	11001	-94	-88	21
2015-01-08 21:37:39.094	20551	11001	-94	-86	21	-10.03	78.02	3.643
2015-01-08 22:17:29.806	20551	11001	-91	-88	25
2015-01-09 00:07:34.262	20551	11001	-94	-88	21
2015-01-09 00:17:34.014	20551	11001	-94	-88	25
2015-01-09 00:22:31.274	20551	11001	-94	-88	23	-9.24	77.96	3.636
2015-01-09 00:37:40.362	20551	11001	-94	-89	22	-8.57	78.23	3.645
2015-01-09 00:47:38.095	20551	11001	-94	-90	24
2015-01-09 05:37:40.342	20551	11001	-94	-89	46	-7.07	77.55	3.645
2015-01-09 13:17:34.259	20551	11001	-94	-91	19
2015-01-09 13:27:35.303	20551	11001	-94	-88	18
2015-01-09 13:37:33.686	20551	11001	-94	-88	18	-3.86	78.25	3.649
2015-01-09 13:52:32.042	20551	11001	-94	-87	21	-4.6	78.24	3.653
2015-01-09 14:07:34.694	20551	11001	-94	-90	25	-2.5	78.97	3.63
2015-01-09 17:37:38.242	20551	11001	-94	-90	46	-9.32	78.79	3.648
2015-01-09 17:47:37.98	20551	11001	-94	-91	46
2015-01-09 17:52:32.219	20551	11001	-94	-89	39	-9.52	78.88	3.649
2015-01-09 18:07:30.163	20551	11001	-94	-89	37
2015-01-09 18:07:33.219	20551	11001	-94	-90	37	-9.49	78.95	3.632
2015-01-11 05:37:36.307	20551	11001	-94	-91	35	-7.82	77.13	3.642
2015-01-11 06:07:36.395	20551	11001	-94	-91	35	-7.98	77.02	3.62
2015-01-11 06:17:34.026	20551	11001	-94	-91	36
2015-01-11 06:52:34.358	20551	11001	-94	-91	35	-7.32	77.1	3.642
2015-01-11 10:07:45.608	20551	11001	-94	-90	23	-2.16	75.47	3.625
2015-01-11 10:22:36.487	20551	11001	-94	-90	25	-1.57	75.33	3.648
2015-01-11 10:37:34.419	20551	11001	-94	-92	27	-1.2	75.05	3.647
2015-01-11 10:47:35.131	20551	11001	-94	-91	26
2015-01-11 10:47:35.15	20551	11001	-94	-90	26
2015-01-11 10:52:34.419	20551	11001	-94	-91	25	-0.81	75.13	3.648
2015-01-12 16:47:47.383	20551	11001	-94	-92	48
2015-01-12 17:07:35.63	20551	11001	-94	-91	42	0.29	76.48	3.666
2015-01-12 21:07:37.575	20551	11001	-94	-89	48	-1.34	76.93	3.665
2015-01-13 04:22:39.467	20551	11001	-91	-85	47	-7.61	78.45	3.662
2015-01-13 05:52:37.451	20551	11001	-91	-85	43	-8.66	78.48	3.662
2015-01-13 08:17:38.214	20551	11001	-94	-88	38
2015-01-13 08:22:39.298	20551	11001	-94	-89	38	-10.56	78.84	3.66
2015-01-13 08:37:37.151	20551	11001	-94	-88	39	-10.46	78.86	3.659
2015-01-13 08:52:36.147	20551	11001	-94	-88	33	-10.26	78.77	3.66
2015-01-13 09:17:42.663	20551	11001	-94	-89	33
2015-01-13 09:22:41.707	20551	11001	-91	-89	34	-8.28	78.83	3.659
2015-01-13 09:37:40.239	20551	11001	-94	-89	34	-6.57	76.44	3.658
2015-01-13 09:47:36.159	20551	11001	-94	-89	33
2015-01-13 09:52:36.795	20551	11001	-91	-89	32	-5.75	77.43	3.659
2015-01-13 10:07:36.162	20551	11001	-94	-88	29
2015-01-13 10:07:36.178	20551	11001	-94	-89	29	-3.03	75.37	3.638
2015-01-13 10:17:37.174	20551	11001	-94	-88	35
2015-01-13 10:37:43.291	20551	11001	-91	-88	33	-2.42	74.42	3.662
2015-01-13 11:47:41.278	20551	11001	-94	-89	29
2015-01-13 11:52:43.923	20551	11001	-94	-91	28	5.06	70.33	3.664
2015-01-13 13:07:42.203	20551	11001	-94	-91	27	5.67	65.09	3.665
2015-01-13 13:17:40.303	20551	11001	-94	-91	32
2015-01-13 13:22:36.355	20551	11001	-94	-92	33	4.65	72.06	3.664
2015-01-13 14:07:42.179	20551	11001	-94	-92	33	11.02	61.57	3.646
2015-01-13 20:22:40.41	20551	11001	-94	-86	48	-7.8	79.39	3.663
2015-01-13 22:07:43.334	20551	11001	-94	-88	33
2015-01-13 23:07:45.651	20551	11001	-94	-89	19	-7.97	78.14	3.66
2015-01-13 23:17:39.47	20551	11001	-94	-87	18
2015-01-13 23:22:40.569	20551	11001	-94	-89	17	-8.16	78.37	3.66
2015-01-13 23:27:41.594	20551	11001	-94	-88	17
2015-01-14 00:22:39.792	20551	11001	-91	-90	22	-8.64	78.46	3.659
2015-01-14 01:52:39.082	20551	11001	-94	-90	27	-8.8	78.13	3.66
2015-01-14 02:07:35.887	20551	11001	-94	-89	21
2015-01-14 02:07:35.9	20551	11001	-94	-90	21	-9.03	78.05	3.636
2015-01-14 02:17:37.635	20551	11001	-94	-89	20
2015-01-14 02:37:44.991	20551	11001	-94	-89	20	-9.52	78.32	3.658
2015-01-14 07:17:45.743	20551	11001	-94	-90	21
2015-01-14 08:07:35.651	20551	11001	-94	-91	26
2015-01-14 08:07:45.775	20551	11001	-94	-91	26	-10.64	78.53	3.631
2015-01-14 08:22:37.694	20551	11001	-94	-90	29	-10.02	78.39	3.656
2015-01-14 08:47:42.515	20551	11001	-94	-90	25
2015-01-14 08:47:42.531	20551	11001	-94	-91	27
2015-01-14 16:37:39.83	20551	11001	-94	-89	34	-3.31	77.07	3.659
2015-01-14 18:07:49.411	20551	11001	-94	-88	22	-4.39	77.3	3.637
2015-01-14 18:47:43.942	20551	11001	-94	-89	24
2015-01-14 18:47:43.962	20551	11001	-94	-89	26
2015-01-14 19:07:40.763	20551	11001	-94	-89	25	-4.57	77.19	3.659
2015-01-14 19:37:48.839	20551	11001	-91	-89	23	-4.68	77.14	3.658
2015-01-14 20:47:37.975	20551	11001	-94	-88	24
2015-01-14 20:47:37.987	20551	11001	-94	-90	24
2015-01-14 21:17:40.026	20551	11001	-94	-89	21
2015-01-14 21:37:42.351	20551	11001	-94	-89	21	-5.42	77.3	3.659
2015-01-14 21:52:43.378	20551	11001	-91	-89	20	-5.57	77.26	3.657
2015-01-14 22:07:42.375	20551	11001	-94	-89	20	-5.88	77.17	3.636
2015-01-14 22:17:37.034	20551	11001	-94	-89	20
2015-01-14 22:22:39.362	20551	11001	-94	-89	18	-6.18	77.31	3.658
2015-01-14 22:47:42.107	20551	11001	-91	-89	17
2015-01-14 22:47:42.126	20551	11001	-94	-90	17
2015-01-14 22:52:39.387	20551	11001	-94	-89	17	-6.75	77.5	3.658
2015-01-14 23:07:38.374	20551	11001	-94	-90	15	-7.1	77.72	3.656
2015-01-14 23:17:38.186	20551	11001	-94	-89	14
2015-01-14 23:22:44.447	20551	11001	-94	-89	13	-7.14	77.83	3.657
2015-01-14 23:27:46.503	20551	11001	-94	-89	14
2015-01-15 01:47:41.779	20551	11001	-94	-89	13
2015-01-15 03:17:41.807	20551	11001	-94	-89	14
2015-01-15 03:22:41.662	20551	11001	-94	-89	14	-6.86	77.53	3.656
2015-01-15 03:37:38.646	20551	11001	-94	-89	15	-6.89	77.54	3.656
2015-01-15 04:47:38.439	20551	11001	-94	-89	14
2015-01-15 04:47:38.515	20551	11001	-94	-90	14
2015-01-15 05:27:40.783	20551	11001	-94	-89	23
2015-01-15 05:47:38.863	20551	11001	-94	-89	22
2015-01-15 05:52:40.395	20551	11001	-94	-90	22	-7.87	77.69	3.654
2015-01-15 06:07:48.874	20551	11001	-94	-90	22	-7.69	77.77	3.634
2015-01-15 06:17:43.582	20551	11001	-94	-89	21
2015-01-15 07:07:37.879	20551	11001	-94	-89	21	-7.34	77.05	3.654
2015-01-15 07:22:39.918	20551	11001	-94	-90	21	-7.6	77.27	3.654
2015-01-15 07:27:38.186	20551	11001	-94	-89	21
2015-01-15 08:22:41.975	20551	11001	-94	-90	18	-7.39	77.27	3.656
2015-01-15 09:17:42.778	20551	11001	-94	-90	21
2015-01-15 09:22:39.958	20551	11001	-91	-90	21	-5.0	76.34	3.653
2015-01-15 09:27:38.718	20551	11001	-91	-89	21
2015-01-15 11:52:38.522	20551	11001	-94	-91	37	4.29	72.07	3.658
2015-01-15 12:07:37.23	20551	11001	-94	-91	33
2015-01-15 12:17:42.238	20551	11001	-94	-88	35
2015-01-16 02:47:41.011	20551	11001	-94	-89	32
2015-01-16 03:52:46.498	20551	11001	-94	-88	28	-2.7	75.81	3.66
2015-01-16 03:52:47.439	20551	11001	-94	-88	28	-2.7	75.81	3.66
2015-01-16 05:17:42.148	20551	11001	-94	-87	37
2015-01-16 06:07:47.942	20551	11001	-91	-87	33	-2.16	75.85	3.641
2015-01-16 07:17:38.187	20551	11001	-94	-88	33
2015-01-16 07:22:54.295	20551	11001	-94	-86	33	-2.0	75.74	3.66
2015-01-16 07:47:43.19	20551	11001	-94	-87	32
2015-01-16 07:52:38.45	20551	11001	-94	-87	32	-2.06	75.87	3.66
2015-01-16 08:47:39.179	20551	11001	-94	-88	32
2015-01-16 08:52:40.475	20551	11001	-91	-88	30	-1.85	75.94	3.663
2015-01-16 09:07:44.523	20551	11001	-94	-88	30	-1.64	75.98	3.662
2015-01-16 09:27:39.395	20551	11001	-91	-88	28
2015-01-16 09:37:43.538	20551	11001	-94	-85	26	-1.03	75.9	3.662
2015-01-16 10:07:47.587	20551	11001	-94	-87	25
2015-01-16 10:07:47.603	20551	11001	-94	-87	27	0.64	75.31	3.641
2015-01-16 10:22:44.559	20551	11001	-94	-90	27	1.2	74.06	3.66
2015-01-16 10:37:38.506	20551	11001	-94	-90	27	0.47	75.16	3.662
2015-01-16 10:47:46.28	20551	11001	-94	-88	25
2015-01-16 10:47:46.296	20551	11001	-94	-89	25
2015-01-16 10:52:40.502	20551	11001	-91	-89	25	0.25	75.26	3.662
2015-01-16 11:07:38.498	20551	11001	-94	-89	37	0.36	75.77	3.662
2015-01-16 11:27:41.547	20551	11001	-94	-89	34
2015-01-16 11:37:41.546	20551	11001	-94	-86	34	0.82	75.47	3.662
2015-01-16 11:47:38.243	20551	11001	-94	-90	31
2015-01-16 11:52:41.535	20551	11001	-94	-92	31	1.42	74.89	3.66
2015-01-16 12:07:48.599	20551	11001	-94	-91	26
2015-01-16 12:07:48.618	20551	11001	-94	-89	30	3.01	74.04	3.643
2015-01-16 15:37:43.435	20551	11001	-94	-91	44	1.7	75.27	3.664
2015-01-16 19:37:42.187	20551	11001	-91	-87	43	-3.54	76.59	3.664
2015-01-16 21:27:40.1	20551	11001	-91	-85	39
2015-01-16 21:37:40.031	20551	11001	-91	-85	37	-4.39	76.83	3.66
2015-01-16 21:52:42.251	20551	11001	-94	-85	37	-4.46	76.72	3.662
2015-01-16 22:47:48.583	20551	11001	-91	-86	32
2015-01-17 04:37:42.978	20551	11001	-94	-91	18	-8.84	77.49	3.658
2015-01-17 04:47:47.074	20551	11001	-94	-90	16
2015-01-17 05:47:41.675	20551	11001	-94	-90	10
2015-01-17 16:47:45.866	20551	11001	-94	-92	39
2015-01-18 07:07:44.162	20551	11001	-94	-91	37	5.29	72.68	3.675
2015-01-18 12:37:38.95	20551	11001	-94	-90	44	6.88	73.0	3.676
2015-01-18 13:47:47.52	20551	11001	-94	-89	40
2015-01-18 13:52:39.246	20551	11001	-94	-89	47	4.63	74.39	3.676
2015-01-18 14:07:39.975	20551	11001	-94	-89	41	3.83	74.88	3.657
2015-01-18 14:17:38.923	20551	11001	-94	-91	41
2015-01-18 14:47:38.702	20551	11001	-94	-90	41
2015-01-18 15:07:40.471	20551	11001	-94	-89	38	3.68	74.65	3.676
2015-01-18 15:27:39.022	20551	11001	-94	-89	38
2015-01-18 16:07:43.47	20551	11001	-94	-89	31
2015-01-18 16:07:43.574	20551	11001	-94	-91	34	3.51	74.46	3.657
2015-01-18 16:17:42.046	20551	11001	-94	-89	35
2015-01-18 16:37:40.15	20551	11001	-94	-91	36	3.35	74.48	3.674
2015-01-18 16:47:39.058	20551	11001	-94	-88	37
2015-01-18 16:47:39.09	20551	11001	-94	-90	37
2015-01-18 16:52:40.97	20551	11001	-94	-90	37	3.11	74.58	3.675
2015-01-18 17:07:41.031	20551	11001	-94	-89	31	2.96	74.7	3.675
2015-01-18 17:17:38.347	20551	11001	-94	-89	29
2015-01-18 17:22:39.767	20551	11001	-94	-89	27	2.6	74.77	3.675
2015-01-18 17:27:38.155	20551	11001	-94	-90	27
2015-01-18 17:37:40.999	20551	11001	-94	-90	24	2.5	74.9	3.675
2015-01-18 17:47:39.167	20551	11001	-94	-90	23
2015-01-18 17:52:39.922	20551	11001	-91	-88	25	2.21	74.89	3.674
2015-01-18 18:07:37.839	20551	11001	-94	-89	25
2015-01-18 18:07:38.874	20551	11001	-94	-87	24	2.17	74.95	3.653
2015-01-18 18:17:43.603	20551	11001	-94	-88	26
2015-01-18 18:22:39.404	20551	11001	-94	-88	32	2.21	74.79	3.675
2015-01-18 18:37:38.968	20551	11001	-94	-90	30	2.18	74.83	3.674
2015-01-18 18:47:42.574	20551	11001	-94	-89	27
2015-01-18 18:47:42.594	20551	11001	-94	-89	25
2015-01-18 18:52:43.89	20551	11001	-94	-89	25	2.14	74.77	3.675
2015-01-18 19:07:39.798	20551	11001	-94	-89	30	2.01	74.89	3.675
2015-01-18 19:17:38.619	20551	11001	-94	-89	26
2015-01-18 20:07:48.13	20551	11001	-94	-89	35	1.92	74.78	3.653
2015-01-18 20:17:38.546	20551	11001	-94	-90	37
2015-01-18 20:22:44.03	20551	11001	-94	-89	34	1.85	74.84	3.671
2015-01-18 20:47:40.095	20551	11001	-94	-90	35
2015-01-18 21:27:38.663	20551	11001	-94	-89	32
2015-01-18 22:47:41.546	20551	11001	-94	-88	30
2015-01-18 22:47:42.587	20551	11001	-94	-90	29
2015-01-18 23:07:45.392	20551	11001	-94	-90	27	1.25	75.08	3.671
2015-01-18 23:17:37.97	20551	11001	-94	-89	25
2015-01-18 23:22:45.835	20551	11001	-94	-89	25	1.28	75.01	3.673
2015-01-19 00:47:39.2	20551	11001	-94	-89	27
2015-01-19 00:47:39.247	20551	11001	-94	-90	27
2015-01-19 00:52:39.452	20551	11001	-94	-90	27	1.21	75.02	3.674
2015-01-19 01:07:42.658	20551	11001	-94	-90	41	1.15	74.91	3.673
2015-01-19 01:07:43.566	20551	11001	-94	-90	41	1.15	74.91	3.673
2015-01-19 01:07:44.339	20551	11001	-94	-90	41	1.15	74.91	3.673
2015-01-19 01:22:38.766	20551	11001	-94	-91	47	1.03	75.01	3.671
2015-01-19 01:22:39.691	20551	11001	-94	-91	47	1.03	75.01	3.671
2015-01-19 05:47:38.227	20551	11001	-94	-89	34
2015-01-19 06:07:48.074	20551	11001	-94	-88	26	0.1	75.42	3.652
2015-01-19 07:47:44.634	20551	11001	-94	-89	30
2015-01-19 08:37:39.152	20551	11001	-94	-89	29	0.32	75.42	3.67
2015-01-19 08:47:40.905	20551	11001	-94	-89	29
2015-01-19 08:47:43.99	20551	11001	-94	-88	28
2015-01-19 08:47:44.083	20551	11001	-94	-88	28
2015-01-19 09:07:41.207	20551	11001	-94	-89	28	0.82	75.08	3.671
2015-01-19 09:27:44.238	20551	11001	-94	-89	27
2015-01-19 09:47:41.75	20551	11001	-94	-90	25
2015-01-19 10:07:42.035	20551	11001	-94	-89	25	1.53	74.94	3.652
2015-01-19 10:17:42.743	20551	11001	-94	-89	25
2015-01-19 10:47:44.922	20551	11001	-94	-88	29
2015-01-19 16:47:45.13	20551	11001	-91	-88	29
2015-01-19 16:52:39.987	20551	11001	-94	-88	30	2.51	74.9	3.67
2015-01-19 17:17:43.359	20551	11001	-94	-88	30
2015-01-19 17:22:40.67	20551	11001	-94	-88	28	2.07	75.03	3.67
2015-01-19 17:47:39.715	20551	11001	-94	-89	24
2015-01-19 17:52:47.679	20551	11001	-94	-89	24	1.75	75.01	3.671
2015-01-19 18:07:42.631	20551	11001	-91	-89	24
2015-01-19 18:07:42.65	20551	11001	-94	-89	24	1.46	75.19	3.651
2015-01-19 18:17:39.982	20551	11001	-94	-89	25
2015-01-19 18:22:44.554	20551	11001	-91	-89	26	1.4	75.28	3.671
2015-01-19 18:37:38.543	20551	11001	-94	-90	34	1.25	75.18	3.669
2015-01-19 18:47:40.11	20551	11001	-94	-89	28
2015-01-19 18:47:40.126	20551	11001	-94	-89	27
2015-01-19 18:52:39.37	20551	11001	-94	-89	25	1.1	75.29	3.671
2015-01-19 19:07:44.471	20551	11001	-94	-89	22	1.0	75.34	3.67
2015-01-19 19:17:43.947	20551	11001	-91	-89	26
2015-01-19 19:22:40.346	20551	11001	-94	-89	27	0.78	75.37	3.669
2015-01-19 19:27:38.522	20551	11001	-94	-89	27
2015-01-19 19:37:46.35	20551	11001	-94	-89	34	0.65	75.44	3.669
2015-01-19 19:47:38.614	20551	11001	-94	-89	30
2015-01-19 19:52:38.47	20551	11001	-94	-88	34	0.5	75.34	3.671
2015-01-19 20:07:40.559	20551	11001	-94	-88	33
2015-01-19 20:07:40.654	20551	11001	-94	-89	33	0.14	75.52	3.647
2015-01-19 20:17:38.111	20551	11001	-94	-89	31
2015-01-19 20:22:39.087	20551	11001	-94	-89	29	-0.14	75.76	3.669
2015-01-19 20:22:40.303	20551	11001	-94	-89	29	-0.14	75.76	3.669
2015-01-19 20:37:40.612	20551	11001	-94	-89	26	-0.35	75.83	3.669
2015-01-19 20:37:41.279	20551	11001	-94	-89	26	-0.35	75.83	3.669
2015-01-19 20:37:42.106	20551	11001	-94	-89	26	-0.35	75.83	3.669
2015-01-19 20:47:39.075	20551	11001	-94	-88	20
2015-01-19 20:47:39.091	20551	11001	-94	-89	20
2015-01-19 20:52:40.447	20551	11001	-94	-89	18	-0.39	75.77	3.669
2015-01-19 21:07:40.358	20551	11001	-94	-89	20	-0.39	75.7	3.669
2015-01-19 21:27:40.055	20551	11001	-91	-89	21
2015-01-19 21:47:41.758	20551	11001	-94	-89	42
2015-01-19 21:52:38.671	20551	11001	-94	-89	40	-1.11	75.91	3.668
2015-01-19 22:07:42.034	20551	11001	-94	-88	37
2015-01-19 22:07:42.054	20551	11001	-94	-88	37	-1.35	75.88	3.647
2015-01-19 22:47:40.747	20551	11001	-94	-87	34
2015-01-19 22:52:39.987	20551	11001	-91	-85	34	-1.88	76.25	3.668
2015-01-19 23:07:43.139	20551	11001	-94	-84	29	-2.04	76.14	3.666
2015-01-19 23:17:39.058	20551	11001	-91	-84	32
2015-01-19 23:22:48.563	20551	11001	-91	-84	30	-2.0	76.29	3.668
2015-01-19 23:27:38.311	20551	11001	-91	-84	28
2015-01-19 23:37:42.303	20551	11001	-91	-84	28	-1.78	75.98	3.666
2015-01-19 23:47:46.018	20551	11001	-91	-84	30
2015-01-19 23:52:38.742	20551	11001	-91	-84	29	-1.98	75.75	3.669
2015-01-20 00:22:47.075	20551	11001	-94	-84	29	-2.03	76.11	3.668
2015-01-20 00:52:42.203	20551	11001	-94	-84	26	-1.81	75.93	3.666
2015-01-20 01:17:40.858	20551	11001	-94	-85	28
2015-01-20 02:07:40.159	20551	11001	-91	-84	26
2015-01-20 03:47:41.783	20551	11001	-88	-85	22
2015-01-20 04:07:42.11	20551	11001	-94	-85	22
2015-01-20 04:47:44.003	20551	11001	-91	-85	21
2015-01-20 05:07:44.071	20551	11001	-94	-85	23	-1.2	75.58	3.665
2015-01-20 05:17:42.754	20551	11001	-94	-85	25
2015-01-20 06:07:39.919	20551	11001	-91	-85	24	-1.35	75.69	3.645
2015-01-20 06:22:40.919	20551	11001	-91	-85	24	-1.53	75.89	3.665
2015-01-20 06:47:43.692	20551	11001	-91	-85	19
2015-01-20 06:52:46.971	20551	11001	-91	-85	18	-1.39	75.87	3.664
2015-01-20 07:17:41.611	20551	11001	-91	-85	17
2015-01-20 07:27:40.77	20551	11001	-94	-85	17
2015-01-20 07:37:39.863	20551	11001	-91	-85	17	-1.14	75.71	3.664
2015-01-20 07:47:44.67	20551	11001	-94	-85	17
2015-01-20 07:52:43.439	20551	11001	-91	-85	16	-1.02	75.69	3.664
2015-01-20 08:07:41.699	20551	11001	-94	-85	16
2015-01-20 08:07:41.718	20551	11001	-91	-85	16	-0.84	75.65	3.645
2015-01-20 09:07:39.879	20551	11001	-94	-85	31	0.07	75.41	3.666
2015-01-20 09:27:44.058	20551	11001	-91	-86	30
2015-01-20 09:37:47.867	20551	11001	-91	-86	32	0.51	75.22	3.665
2015-01-20 09:47:43.467	20551	11001	-91	-86	28
2015-01-20 10:07:47.734	20551	11001	-94	-86	28
2015-01-20 11:47:41.479	20551	11001	-94	-89	28
2015-01-20 11:52:41.659	20551	11001	-94	-89	28	2.18	74.91	3.666
2015-01-20 12:07:50.703	20551	11001	-94	-90	28	1.57	75.1	3.647
2015-01-20 12:17:44.346	20551	11001	-94	-90	30
2015-01-20 12:37:41.766	20551	11001	-94	-90	22	0.79	75.88	3.666
2015-01-20 12:47:40.218	20551	11001	-94	-90	20
2015-01-20 12:47:40.283	20551	11001	-94	-90	20
2015-01-20 12:52:40.13	20551	11001	-94	-90	20	0.63	75.94	3.666
2015-01-20 13:07:43.063	20551	11001	-94	-90	19	0.67	76.2	3.665
2015-01-20 13:17:43.746	20551	11001	-94	-90	22
2015-01-20 13:22:39.05	20551	11001	-91	-90	24	1.03	75.72	3.645
2015-01-20 13:27:46.079	20551	11001	-94	-91	25
2015-01-20 13:37:40.006	20551	11001	-94	-91	32	1.57	75.49	3.665
2015-01-20 13:47:41.687	20551	11001	-94	-91	33
2015-01-20 13:52:43.055	20551	11001	-94	-91	31	1.71	75.08	3.665
2015-01-20 14:07:40.019	20551	11001	-94	-91	29
2015-01-20 14:07:40.036	20551	11001	-94	-90	28	1.92	75.61	3.646
2015-01-20 14:17:39.683	20551	11001	-94	-91	27
2015-01-20 14:22:44.019	20551	11001	-94	-91	25	2.88	75.35	3.665
2015-01-21 00:22:40.262	20551	11001	-94	-89	46	-0.1	75.91	3.663
2015-01-21 00:37:39.079	20551	11001	-94	-89	40	-0.11	75.9	3.663
2015-01-21 00:47:40.123	20551	11001	-94	-89	35
2015-01-21 00:47:40.135	20551	11001	-94	-89	34
2015-01-21 00:52:44.375	20551	11001	-94	-89	34	-0.13	75.93	3.663
2015-01-21 01:27:41.647	20551	11001	-94	-89	24
2015-01-21 01:37:45.963	20551	11001	-94	-89	21	-0.17	76.01	3.662
2015-01-21 01:47:39.327	20551	11001	-94	-90	24
2015-01-21 01:52:46.71	20551	11001	-94	-90	24	-0.18	76.01	3.663
2015-01-21 02:17:41.362	20551	11001	-94	-89	24
2015-01-21 02:22:41.619	20551	11001	-94	-89	24	-0.2	76.03	3.663
2015-01-21 02:37:47.708	20551	11001	-94	-89	22	-0.23	76.03	3.663
2015-01-21 03:17:44.386	20551	11001	-94	-89	34
2015-01-21 03:37:44.687	20551	11001	-94	-89	27	-0.46	76.05	3.663
2015-01-21 03:52:42.675	20551	11001	-94	-90	25	-0.56	76.17	3.662
2015-01-21 04:07:42.654	20551	11001	-94	-89	29	-0.53	76.15	3.641
2015-01-21 04:17:40.351	20551	11001	-91	-89	28
2015-01-21 04:47:43.411	20551	11001	-94	-89	22
2015-01-21 04:52:50.751	20551	11001	-94	-89	22	-0.53	76.13	3.662
2015-01-21 05:27:41.995	20551	11001	-94	-89	21
2015-01-21 05:37:42.703	20551	11001	-94	-89	21	-0.48	76.0	3.662
2015-01-21 05:52:44.727	20551	11001	-94	-89	20	-0.48	76.02	3.662
2015-01-21 07:17:40.074	20551	11001	-94	-89	22
2015-01-21 09:07:41.863	20551	11001	-94	-90	19	0.67	75.73	3.662
2015-01-21 10:47:39.514	20551	11001	-94	-91	38
2015-01-22 08:37:39.51	20551	11001	-94	-89	10	-0.39	76.47	3.662
2015-01-22 08:47:42.983	20551	11001	-94	-89	11
2015-01-22 08:47:43.002	20551	11001	-94	-90	12
2015-01-22 08:52:42.243	20551	11001	-94	-90	12	-0.43	76.49	3.662
2015-01-22 09:07:42.594	20551	11001	-94	-90	26	-0.42	76.42	3.662
2015-01-22 09:17:41.95	20551	11001	-94	-91	23
2015-01-22 09:22:40.503	20551	11001	-94	-89	25	-0.39	76.57	3.662
2015-01-22 09:27:40.979	20551	11001	-94	-90	33
2015-01-22 10:52:44.19	20551	11001	-94	-90	43	0.89	76.27	3.66
2015-01-22 11:07:39.322	20551	11001	-94	-91	43	0.97	76.0	3.664
2015-01-22 11:22:43.279	20551	11001	-94	-90	43	0.97	76.21	3.663
2015-01-22 11:27:41.547	20551	11001	-94	-91	39
2015-01-22 11:37:40.174	20551	11001	-94	-91	39	1.32	76.26	3.662
2015-01-22 11:47:47.936	20551	11001	-94	-91	42
2015-01-22 21:17:39.55	20551	11001	-94	-89	45
2015-01-22 21:47:40.558	20551	11001	-94	-89	41
2015-01-22 21:52:41.61	20551	11001	-94	-89	41	-1.35	76.58	3.66
2015-01-22 21:52:42.782	20551	11001	-94	-89	41	-1.35	76.58	3.66
2015-01-22 22:07:41.407	20551	11001	-94	-89	29	-1.35	76.55	3.641
2015-01-22 22:37:42.355	20551	11001	-94	-89	27	-1.34	76.51	3.66
2015-01-22 23:07:49.475	20551	11001	-94	-89	27	-1.35	76.5	3.662
2015-01-23 01:27:41.171	20551	11001	-94	-89	32
2015-01-23 02:47:43.775	20551	11001	-94	-89	29
2015-01-23 02:52:44.211	20551	11001	-94	-90	29	-1.64	76.51	3.66
2015-01-23 03:07:44.987	20551	11001	-94	-88	29	-1.7	76.57	3.662
2015-01-23 03:17:42.255	20551	11001	-91	-90	27
2015-01-23 03:47:48.307	20551	11001	-94	-89	26
2015-01-23 04:47:46.271	20551	11001	-91	-88	28
2015-01-23 04:52:40.186	20551	11001	-94	-89	27	-2.03	76.69	3.662
2015-01-23 05:07:41.639	20551	11001	-94	-89	29	-2.04	76.68	3.659
2015-01-23 05:17:40.264	20551	11001	-94	-89	29
2015-01-23 05:22:52.471	20551	11001	-94	-89	27	-2.03	76.69	3.662
2015-01-23 05:37:40.266	20551	11001	-94	-89	27	-2.0	76.67	3.66
2015-01-23 05:47:50.609	20551	11001	-94	-90	25
2015-01-23 06:47:43.099	20551	11001	-94	-88	18
2015-01-23 06:52:43.038	20551	11001	-94	-89	18	-1.84	76.52	3.662
2015-01-23 07:17:42.679	20551	11001	-94	-89	17
2015-01-23 07:27:48.03	20551	11001	-94	-89	17
2015-01-23 08:17:39.446	20551	11001	-94	-90	18
2015-01-23 08:17:40.487	20551	11001	-94	-90	18
2015-01-23 08:17:41.311	20551	11001	-94	-90	18
2015-01-23 08:22:40.67	20551	11001	-94	-89	17	-1.63	76.51	3.659
2015-01-23 08:37:40.119	20551	11001	-94	-89	16	-1.48	76.5	3.658
2015-01-23 08:47:41.046	20551	11001	-94	-89	16
2015-01-23 08:47:41.115	20551	11001	-94	-89	15
2015-01-23 08:52:41.546	20551	11001	-94	-88	15	-1.34	76.41	3.659
2015-01-23 09:07:44.403	20551	11001	-91	-89	11	-1.29	76.54	3.659
2015-01-23 09:17:39.718	20551	11001	-94	-89	10
2015-01-23 09:22:42.223	20551	11001	-94	-89	10	-1.02	76.67	3.66
2015-01-23 09:27:41.779	20551	11001	-94	-89	10
2015-01-23 09:27:42.886	20551	11001	-94	-89	10
2015-01-23 09:27:43.811	20551	11001	-94	-89	10
2015-01-23 09:37:40.966	20551	11001	-94	-89	11	-0.5	76.23	3.659
2015-01-23 09:47:40.768	20551	11001	-94	-89	17
2015-01-23 09:52:40.083	20551	11001	-94	-88	19	-0.35	76.41	3.659
2015-01-23 10:07:42.935	20551	11001	-94	-89	19
2015-01-23 10:07:42.966	20551	11001	-94	-88	19	0.29	76.04	3.638
2015-01-23 10:17:40.543	20551	11001	-94	-89	18
2015-01-23 10:22:39.982	20551	11001	-94	-89	18	0.57	75.72	3.66
2015-01-23 10:37:48.226	20551	11001	-94	-91	17	2.32	75.99	3.659
2015-01-23 23:17:42.451	20551	11001	-94	-91	33
2015-01-23 23:17:42.667	20551	11001	-94	-91	33
2015-01-23 23:17:44.447	20551	11001	-94	-91	33
2015-01-23 23:17:45.312	20551	11001	-94	-91	33
2015-01-23 23:17:47.947	20551	11001	-94	-91	33
2015-01-23 23:22:42.77	20551	11001	-94	-90	27	-0.34	76.29	3.663
2015-01-23 23:27:40.85	20551	11001	-94	-90	25
2015-01-23 23:37:42.706	20551	11001	-94	-90	24	-0.38	76.4	3.663
2015-01-23 23:47:39.407	20551	11001	-94	-89	23
2015-01-23 23:52:48.806	20551	11001	-94	-89	22	-0.39	76.38	3.664
2015-01-24 00:07:49.663	20551	11001	-94	-88	29	-0.39	76.35	3.642
2015-01-24 00:17:41.359	20551	11001	-94	-88	36
2015-01-24 01:22:43.844	20551	11001	-94	-88	19	-0.39	76.28	3.66
2015-01-24 01:47:42.579	20551	11001	-94	-89	22
2015-01-24 02:07:44.851	20551	11001	-94	-89	22
2015-01-24 02:07:44.871	20551	11001	-94	-89	22	-0.38	76.33	3.642
2015-01-24 02:22:43.335	20551	11001	-94	-89	22	-0.39	76.3	3.662
2015-01-24 05:17:40.571	20551	11001	-94	-90	19
2015-01-24 05:22:45.93	20551	11001	-94	-91	18	-0.7	76.48	3.663
2015-01-24 06:22:41.907	20551	11001	-94	-90	20	-1.0	76.53	3.66
2015-01-24 06:37:42.075	20551	11001	-94	-89	16	-1.17	76.64	3.662
2015-01-24 06:47:40.347	20551	11001	-94	-90	22
2015-01-24 06:47:40.671	20551	11001	-94	-90	22
2015-01-24 06:47:41.967	20551	11001	-94	-90	22
2015-01-24 06:47:42.675	20551	11001	-94	-90	22
2015-01-24 06:47:43.982	20551	11001	-94	-90	22
2015-01-24 06:47:44.898	20551	11001	-94	-90	22
2015-01-24 06:47:45.851	20551	11001	-94	-90	22
2015-01-24 06:52:40.503	20551	11001	-94	-89	21	-1.32	76.7	3.66
2015-01-24 07:07:47.503	20551	11001	-94	-88	20	-1.48	76.74	3.659
2015-01-24 07:22:41.294	20551	11001	-91	-89	35	-1.6	76.71	3.659
2015-01-24 07:27:41.291	20551	11001	-91	-90	33
2015-01-24 07:37:47.567	20551	11001	-94	-89	30	-1.79	76.88	3.66
2015-01-24 08:07:39.871	20551	11001	-94	-89	32
2015-01-24 08:07:40.907	20551	11001	-94	-90	34	-2.0	76.96	3.64
2015-01-24 08:17:44.075	20551	11001	-94	-90	34
2015-01-24 08:37:47.63	20551	11001	-94	-89	34	-1.46	77.0	3.662
2015-01-24 08:37:47.686	20551	11001	-94	-89	34	-1.46	77.0	3.662
2015-01-24 08:47:41.206	20551	11001	-94	-89	33
2015-01-24 09:22:40.074	20551	11001	-94	-88	29	-1.54	77.08	3.66
2015-01-24 09:27:45.484	20551	11001	-94	-89	27
2015-01-24 09:37:44.522	20551	11001	-94	-90	27	-1.16	76.83	3.66
2015-01-24 09:47:40.186	20551	11001	-94	-88	31
2015-01-24 09:52:46.563	20551	11001	-94	-90	29	-0.98	76.8	3.663
2015-01-24 10:07:43.743	20551	11001	-94	-90	32
2015-01-24 10:07:43.766	20551	11001	-94	-89	33	-0.82	76.86	3.64
2015-01-24 10:17:46.214	20551	11001	-94	-89	29
2015-01-24 10:22:44.119	20551	11001	-94	-89	33	-0.17	76.28	3.66
2015-01-24 10:37:40.562	20551	11001	-94	-89	31	-0.25	76.48	3.66
2015-01-24 10:47:41.154	20551	11001	-94	-90	28
2015-01-24 10:47:41.171	20551	11001	-94	-90	26
2015-01-24 10:52:43.49	20551	11001	-94	-89	26	-0.45	76.56	3.659
2015-01-24 11:07:40.474	20551	11001	-94	-89	21	-0.43	76.87	3.66
2015-01-24 11:17:40.171	20551	11001	-94	-89	21
2015-01-24 11:22:41.458	20551	11001	-94	-91	20	-0.38	76.71	3.66
2015-01-24 11:27:46.383	20551	11001	-94	-89	19
2015-01-24 11:47:40.206	20551	11001	-94	-90	45
2015-01-24 12:17:45.968	20551	11001	-94	-37	45
2015-01-24 13:22:42.638	20551	11001	-91	-90	38	0.24	76.8	3.66
2015-01-24 13:27:40.403	20551	11001	-94	-86	36
2015-01-24 13:47:40.19	20551	11001	-94	-90	33
