result_time	node_id	parent_id	stats_frssi	stats_brssi	etx	temperature	humidity	voltage
2014-12-01 00:37:23.055	20551	20451	-41	-38	10	16.22	64.56	3.72
2014-12-01 00:47:18.962	20551	20451	-41	-39	10
2014-12-01 01:07:20.41	20551	20451	-41	-39	10	16.29	64.63	3.72
2014-12-01 01:22:20.642	20551	20451	-41	-39	10	16.32	64.64	3.72
2014-12-01 01:37:25.134	20551	20451	-40	-39	10	16.31	64.72	3.721
2014-12-01 03:37:22.494	20551	20451	-39	-38	10	13.22	67.46	3.719
2014-12-01 03:52:23.455	20551	20451	-39	-38	10	13.11	67.28	3.719
2014-12-01 09:52:20.79	20551	20451	-37	-37	10	5.82	70.61	3.714
2014-12-01 10:07:21.302	20551	20451	-37	-37	10
2014-12-01 10:17:20.178	20551	20451	-37	-37	10
2014-12-01 10:22:20.718	20551	20451	-37	-37	10	5.64	70.45	3.714
2014-12-01 10:37:27.038	20551	20451	-37	-37	10	5.36	70.6	3.713
2014-12-01 15:17:23.574	20551	20451	-38	-37	10
2014-12-01 15:22:22.695	20551	20451	-38	-37	10	1.82	71.35	3.708
2014-12-01 19:27:26.611	20551	20451	-37	-37	10
2014-12-01 21:07:21.578	20551	20451	-37	-37	10	-0.6	71.62	3.704
2014-12-01 22:17:24.182	20551	20451	-37	-37	10
2014-12-01 22:52:24.902	20551	20451	-37	-37	10	-1.93	72.05	3.703
2014-12-01 23:17:34.77	20551	20451	-37	-37	10
2014-12-02 02:47:21.607	20551	20451	-37	-36	10
2014-12-02 03:22:24.959	20551	20451	-36	-36	10	-3.04	71.62	3.701
2014-12-02 03:37:19.863	20551	20451	-36	-36	10	-3.39	71.85	3.701
2014-12-02 03:47:23.624	20551	20451	-36	-36	10
2014-12-02 06:07:24.966	20551	20451	-36	-36	10
2014-12-02 09:22:23.427	20551	20451	-36	-37	10	-0.7	70.95	3.697
2014-12-02 09:27:24.723	20551	20451	-37	-37	10
2014-12-02 10:17:23.626	20551	20451	-38	-37	15
2014-12-02 11:52:26.33	20551	20451	-37	-37	10	0.82	70.59	3.697
2014-12-02 11:52:26.366	20551	20451	-37	-37	10	0.82	70.59	3.697
2014-12-02 13:47:18.955	20551	20451	-37	-37	10
2014-12-02 15:07:24.35	20551	20451	-37	-37	11	2.57	70.14	3.692
2014-12-02 15:37:24.355	20551	20451	-37	-37	10	2.65	70.08	3.693
2014-12-02 18:47:23.594	20551	20451	-38	-38	11
2014-12-02 18:52:27.915	20551	20451	-38	-38	12	3.13	69.93	3.695
2014-12-02 19:22:26.894	20551	20451	-38	-37	12	3.2	70.16	3.693
2014-12-02 19:47:24.603	20551	20451	-38	-37	12
2014-12-02 20:37:23.88	20551	20451	-38	-37	10	3.93	69.73	3.695
2014-12-02 20:47:23.539	20551	20451	-38	-37	11
2014-12-02 21:22:20.883	20551	20451	-38	-38	11	4.21	69.73	3.693
2014-12-02 21:22:21.946	20551	20451	-38	-38	11	4.21	69.73	3.693
2014-12-02 23:37:27.771	20551	20451	-38	-38	10	5.25	69.43	3.696
2014-12-03 00:47:46.663	20551	20451	-39	-38	10
2014-12-03 00:52:21.706	20551	20451	-38	-38	14	5.81	69.19	3.696
2014-12-03 01:07:24.694	20551	20451	-40	-38	12	5.76	69.4	3.697
2014-12-03 01:27:24.763	20551	20451	-38	-38	11
2014-12-03 02:47:27.496	20551	20451	-39	-38	11
2014-12-03 02:47:27.514	20551	20451	-39	-38	11
2014-12-03 04:07:28.598	20551	20451	-39	-38	10
2014-12-03 04:07:31.41	20551	20451	-39	-38	10	5.14	70.14	3.675
2014-12-03 04:47:25.25	20551	20451	-39	-38	10
2014-12-03 04:47:25.264	20551	20451	-39	-38	10
2014-12-03 05:47:31.307	20551	20451	-39	-38	10
2014-12-03 05:52:31.598	20551	20451	-38	-37	10	4.18	70.68	3.696
2014-12-03 06:07:22.491	20551	20451	-38	-37	10
2014-12-03 08:07:21.662	20551	20451	-38	-37	10	3.54	70.87	3.675
2014-12-03 15:22:29.119	20551	20451	-39	-38	10	3.28	71.2	3.693
2014-12-03 17:37:31.579	20551	20451	-38	-37	11	1.57	71.53	3.691
2014-12-03 17:37:32.235	20551	20451	-38	-37	11	1.57	71.53	3.691
2014-12-03 18:47:22.583	20551	20451	-37	-37	11
2014-12-03 18:52:19.619	20551	20451	-37	-37	11	0.6	71.63	3.692
2014-12-03 19:37:20.078	20551	20451	-37	-37	11	0.21	71.86	3.688
2014-12-03 22:07:20.682	20551	20451	-38	-37	10
2014-12-03 22:07:20.794	20551	20451	-38	-37	10	-0.89	71.91	3.666
2014-12-03 22:22:22.627	20551	20451	-38	-37	10	-0.79	71.98	3.665
2014-12-03 22:47:20.802	20551	20451	-38	-37	10
2014-12-03 22:47:20.815	20551	20451	-38	-37	10
2014-12-03 22:52:21.174	20551	20451	-38	-37	10	-0.96	72.02	3.688
2014-12-03 23:22:23.215	20551	20451	-38	-37	12	-1.03	71.93	3.688
2014-12-03 23:37:20.547	20551	20451	-38	-37	12	-1.21	72.2	3.688
2014-12-04 00:47:19.202	20551	20451	-38	-37	10
2014-12-04 01:07:22.515	20551	20451	-38	-37	10	-1.56	72.05	3.688
2014-12-04 01:17:21.163	20551	20451	-38	-37	10
2014-12-04 01:22:19.455	20551	20451	-38	-37	10	-1.7	72.02	3.687
2014-12-04 01:37:21.47	20551	20451	-38	-37	10	-1.79	72.1	3.688
2014-12-04 01:47:25.967	20551	20451	-37	-37	11
2014-12-04 01:52:22.551	20551	20451	-36	-37	11	-1.85	72.19	3.688
2014-12-04 02:07:19.427	20551	20451	-37	-37	11
2014-12-04 02:07:19.467	20551	20451	-37	-37	11	-1.98	72.19	3.665
2014-12-04 02:17:21.143	20551	20451	-37	-37	11
2014-12-04 02:37:20.414	20551	20451	-38	-37	11	-2.02	72.28	3.687
2014-12-04 02:47:23.118	20551	20451	-37	-37	10
2014-12-04 02:47:23.138	20551	20451	-37	-37	10
2014-12-04 03:17:21.119	20551	20451	-37	-37	21
2014-12-04 03:27:22.439	20551	20451	-37	-37	21
2014-12-04 04:37:48.042	20551	20451	-37	-37	19	-2.85	72.58	3.686
2014-12-04 07:22:19.219	20551	20451	-37	-37	11	-2.39	72.18	3.686
2014-12-04 07:27:37.491	20551	20451	-37	-37	11
2014-12-04 08:47:20.1	20551	20451	-38	-37	13
2014-12-04 14:22:20.823	20551	20451	-38	-38	11	3.63	71.06	3.688
2014-12-04 14:52:23.803	20551	20451	-38	-37	11	2.97	71.4	3.688
2014-12-04 17:37:30.943	20551	20451	-37	-37	10	-1.28	72.95	3.692
2014-12-04 18:37:31.783	20551	20451	-38	-37	10	-1.98	72.86	3.687
2014-12-04 18:47:19.19	20551	20451	-38	-37	10
2014-12-04 18:52:23.547	20551	20451	-38	-37	10	-2.1	72.71	3.686
2014-12-04 19:07:26.622	20551	20451	-38	-37	10	-2.39	72.94	3.686
2014-12-04 19:17:21.194	20551	20451	-38	-37	10
2014-12-04 19:22:19.47	20551	20451	-38	-37	10	-2.43	72.81	3.686
2014-12-04 19:27:19.578	20551	20451	-38	-37	10
2014-12-04 19:37:24.522	20551	20451	-38	-37	10	-2.5	72.85	3.687
2014-12-04 19:47:22.174	20551	20451	-38	-37	10
2014-12-04 19:52:21.51	20551	20451	-38	-37	10	-2.6	72.8	3.686
2014-12-04 20:17:19.11	20551	20451	-38	-37	12
2014-12-04 20:22:19.431	20551	20451	-38	-37	12	-2.66	72.67	3.685
2014-12-04 20:47:24.143	20551	20451	-38	-37	11
2014-12-04 20:47:24.17	20551	20451	-38	-37	11
2014-12-04 20:52:21.48	20551	20451	-37	-37	11	-2.79	72.61	3.686
2014-12-04 21:07:24.434	20551	20451	-37	-37	11	-2.84	72.87	3.686
2014-12-04 21:17:23.187	20551	20451	-38	-37	11
2014-12-05 00:17:21.006	20551	20451	-37	-37	10
2014-12-05 00:22:21.274	20551	20451	-38	-37	10	-0.85	71.82	3.686
2014-12-05 00:47:24.983	20551	20451	-38	-37	10
2014-12-05 01:22:21.219	20551	20451	-38	-37	10	-1.07	72.1	3.686
2014-12-05 01:27:29.379	20551	20451	-38	-37	10
2014-12-05 01:47:21.378	20551	20451	-38	-37	10
2014-12-05 02:17:22.854	20551	20451	-38	-37	13
2014-12-05 02:47:25.931	20551	20451	-37	-37	13
2014-12-05 02:52:24.166	20551	20451	-38	-37	13	-0.74	71.84	3.686
2014-12-05 03:07:21.102	20551	20451	-37	-37	12	-0.64	71.84	3.686
2014-12-05 03:17:26.874	20551	20451	-38	-35	12
2014-12-05 04:07:25.443	20551	20451	-37	-35	10	-0.14	71.51	3.663
2014-12-05 08:47:21.503	20551	20451	-39	-37	10
2014-12-05 09:47:20.419	20551	20451	-37	-37	10
2014-12-05 09:52:20.735	20551	20451	-37	-37	10	2.71	70.91	3.687
2014-12-05 10:07:20.683	20551	20451	-37	-37	11
2014-12-05 10:07:20.711	20551	20451	-37	-37	11	3.11	70.81	3.665
2014-12-05 10:47:21.342	20551	20451	-38	-38	12
2014-12-05 10:52:26.722	20551	20451	-37	-37	12	3.6	70.75	3.687
2014-12-05 11:17:22.382	20551	20451	-37	-37	15
2014-12-05 11:22:19.706	20551	20451	-37	-38	15	3.65	70.92	3.688
2014-12-05 11:27:25.738	20551	20451	-37	-37	15
2014-12-05 12:07:24.609	20551	20451	-37	-38	15	3.74	71.04	3.669
2014-12-05 12:07:31.182	20551	20451	-37	-38	15	3.74	71.04	3.669
2014-12-05 13:37:23.967	20551	20451	-37	-38	10	4.08	70.87	3.69
2014-12-05 13:47:19.895	20551	20451	-37	-37	10
2014-12-05 13:52:22.534	20551	20451	-37	-37	10	4.11	70.83	3.69
2014-12-05 14:17:27.97	20551	20451	-38	-38	10
2014-12-05 14:22:24.03	20551	20451	-38	-38	10	4.15	70.91	3.687
2014-12-06 06:07:22.835	20551	20451	-42	-41	10
2014-12-06 07:52:20.323	20551	20451	-42	-41	10	5.15	71.47	3.693
2014-12-06 11:22:21.562	20551	20451	-42	-41	10	5.43	71.32	3.692
2014-12-06 11:37:20.431	20551	20451	-42	-41	10	5.42	71.42	3.692
2014-12-06 11:52:22.93	20551	20451	-42	-41	10	5.4	71.39	3.692
2014-12-06 16:52:19.643	20551	20451	-42	-41	10	4.1	72.23	3.692
2014-12-06 17:52:21.648	20551	20451	-42	-42	10	3.51	72.5	3.693
2014-12-06 18:37:29.126	20551	20451	-42	-42	10	2.18	73.39	3.685
2014-12-06 19:22:31.094	20551	20451	-42	-41	10	1.2	73.76	3.692
2014-12-06 19:27:20.67	20551	20451	-42	-41	10
2014-12-06 19:37:24.05	20551	20451	-42	-41	10	0.93	73.8	3.692
2014-12-06 23:52:25.754	20551	20451	-39	-38	10	1.24	73.09	3.691
2014-12-07 00:17:25.434	20551	20451	-37	-38	10
2014-12-07 00:47:20.415	20551	20451	-38	-38	10
2014-12-07 00:47:20.43	20551	20451	-39	-38	10
2014-12-07 01:07:22.715	20551	20451	-38	-38	10	0.39	73.54	3.691
2014-12-07 05:22:20.582	20551	20451	-37	-37	10	-2.17	74.01	3.688
2014-12-07 05:47:22.981	20551	20451	-37	-37	10
2014-12-07 06:07:23.786	20551	20451	-37	-37	10
2014-12-07 06:37:25.823	20551	20451	-37	-37	10	-2.77	74.2	3.687
2014-12-07 07:22:23.842	20551	20451	-37	-37	10	-3.18	74.24	3.688
2014-12-07 07:47:24.523	20551	20451	-36	-37	10
2014-12-07 07:52:26.839	20551	20451	-36	-37	10	-3.29	74.48	3.687
2014-12-07 08:37:24.227	20551	20451	-37	-37	11	-2.42	73.96	3.688
2014-12-07 08:47:22.951	20551	20451	-37	-37	10
2014-12-07 08:47:22.967	20551	20451	-37	-37	10
2014-12-07 12:47:26.499	20551	20451	-41	-41	10
2014-12-07 13:17:20.419	20551	20451	-41	-40	10
2014-12-07 14:07:29.802	20551	20451	-42	-41	10
2014-12-07 14:17:20.274	20551	20451	-40	-40	10
2014-12-07 14:37:19.57	20551	20451	-39	-39	10	9.17	72.86	3.696
2014-12-07 14:47:20.242	20551	20451	-41	-39	10
2014-12-07 14:47:20.267	20551	20451	-41	-39	10
2014-12-07 14:52:19.526	20551	20451	-41	-39	10	11.24	69.77	3.697
2014-12-07 15:07:19.49	20551	20451	-40	-39	10	11.74	68.1	3.697
2014-12-07 15:17:24.266	20551	20451	-40	-39	10
2014-12-07 15:22:22.503	20551	20451	-39	-39	10	10.56	69.13	3.698
2014-12-07 15:27:19.534	20551	20451	-40	-39	10
2014-12-07 15:52:19.466	20551	20451	-40	-39	10	7.04	71.87	3.697
2014-12-07 17:07:20.318	20551	20451	-39	-38	10	1.75	74.67	3.695
2014-12-07 17:17:23.058	20551	20451	-39	-37	10
2014-12-07 17:22:21.314	20551	20451	-39	-38	10	1.2	74.75	3.695
2014-12-07 20:17:25.855	20551	20451	-38	-37	10
2014-12-07 20:47:25.815	20551	20451	-38	-37	10
2014-12-07 21:17:23.762	20551	20451	-40	-37	14
2014-12-07 21:22:23.059	20551	20451	-38	-37	15	-0.43	73.15	3.693
2014-12-07 22:52:19.959	20551	20451	-38	-37	14	-0.42	72.95	3.692
2014-12-07 23:37:20.942	20551	20451	-37	-37	13	-0.98	73.18	3.692
2014-12-07 23:47:23.631	20551	20451	-38	-37	13
2014-12-07 23:52:19.906	20551	20451	-37	-37	13	-1.2	73.26	3.692
2014-12-08 00:17:23.582	20551	20451	-37	-37	13
2014-12-08 00:22:23.914	20551	20451	-37	-37	13	-1.61	73.47	3.692
2014-12-08 00:37:19.834	20551	20451	-37	-37	13	-1.7	73.53	3.692
2014-12-08 00:52:26.914	20551	20451	-37	-37	14	-1.75	73.49	3.692
2014-12-08 03:07:25.778	20551	20451	-39	-37	10	-1.45	72.99	3.69
2014-12-08 05:47:19.251	20551	20451	-37	-37	10
2014-12-08 05:52:21.659	20551	20451	-37	-37	10	-1.89	72.92	3.69
2014-12-08 06:07:19.555	20551	20451	-37	-37	10
2014-12-08 07:07:20.526	20551	20451	-39	-37	10	-2.24	73.1	3.691
2014-12-08 07:17:21.255	20551	20451	-37	-37	10
2014-12-08 07:47:23.226	20551	20451	-39	-37	10
2014-12-08 07:52:21.54	20551	20451	-37	-37	10	-2.14	73.02	3.69
2014-12-08 08:07:22.522	20551	20451	-37	-37	10	-1.82	73.03	3.669
2014-12-08 11:52:19.283	20551	20451	-40	-38	10	5.03	70.51	3.692
2014-12-08 12:37:21.219	20551	20451	-41	-39	10	7.32	69.19	3.693
2014-12-08 20:07:21.658	20551	20451	-39	-38	10
2014-12-08 20:47:20.314	20551	20451	-39	-38	10
2014-12-08 22:17:22.847	20551	20451	-39	-38	10
2014-12-09 13:47:21.086	20551	20451	-41	-39	10
2014-12-09 15:07:25.294	20551	20451	-41	-39	10	8.21	70.74	3.693
2014-12-09 22:37:20.619	20551	20451	-39	-38	10	3.57	72.21	3.692
2014-12-09 22:52:24.627	20551	20451	-39	-38	10	3.57	72.16	3.692
2014-12-10 02:07:25.571	20551	20451	-39	-38	10
2014-12-10 02:07:25.69	20551	20451	-39	-38	10	2.96	72.44	3.67
2014-12-10 02:17:21.026	20551	20451	-41	-38	10
2014-12-10 02:37:20.322	20551	20451	-39	-38	10	2.95	72.46	3.69
2014-12-10 02:52:22.374	20551	20451	-39	-38	10	2.93	72.48	3.692
2014-12-10 03:17:22.076	20551	20451	-39	-38	10
2014-12-10 03:27:24.037	20551	20451	-39	-38	10
2014-12-10 03:37:20.226	20551	20451	-39	-37	11	2.82	72.51	3.691
2014-12-10 04:07:20.846	20551	20451	-39	-38	11
2014-12-10 04:07:20.863	20551	20451	-39	-38	11	2.63	72.45	3.67
2014-12-10 04:17:18.848	20551	20451	-39	-38	11
2014-12-10 04:22:19.566	20551	20451	-41	-38	11	2.5	72.6	3.692
2014-12-10 04:37:24.19	20551	20451	-39	-38	10	2.42	72.63	3.69
2014-12-10 04:47:19.967	20551	20451	-39	-37	10
2014-12-10 04:47:19.982	20551	20451	-39	-37	10
2014-12-10 04:52:20.131	20551	20451	-39	-38	10	2.35	72.62	3.691
2014-12-10 05:07:22.135	20551	20451	-39	-38	11	2.32	72.56	3.691
2014-12-10 05:17:21.17	20551	20451	-40	-38	12
2014-12-10 05:22:22.394	20551	20451	-38	-37	12	2.28	72.6	3.691
2014-12-10 05:37:20.943	20551	20451	-39	-38	12	2.24	72.55	3.692
2014-12-10 05:47:22.962	20551	20451	-39	-37	11
2014-12-10 06:47:22.163	20551	20451	-38	-38	10
2014-12-10 06:52:20.427	20551	20451	-39	-37	10	1.89	72.75	3.69
2014-12-10 07:22:26.487	20551	20451	-38	-38	10	1.71	72.74	3.69
2014-12-10 07:47:22.058	20551	20451	-37	-37	10
2014-12-10 08:07:26.722	20551	20451	-38	-37	10
2014-12-10 08:07:27.598	20551	20451	-38	-37	10
2014-12-10 08:17:19.551	20551	20451	-37	-37	10
2014-12-10 08:37:21.507	20551	20451	-38	-37	11	1.61	72.82	3.69
2014-12-10 08:47:20.415	20551	20451	-39	-37	11
2014-12-10 08:47:20.427	20551	20451	-37	-37	11
2014-12-10 08:52:28.263	20551	20451	-39	-37	10	1.64	72.93	3.691
2014-12-10 09:07:24.95	20551	20451	-38	-37	10	1.64	72.85	3.69
2014-12-10 09:17:26.586	20551	20451	-37	-37	10
2014-12-10 09:22:19.458	20551	20451	-37	-37	10	1.56	72.93	3.69
2014-12-10 09:52:25.547	20551	20451	-37	-38	10	1.24	73.24	3.687
2014-12-10 10:07:20.68	20551	20451	-37	-37	10
2014-12-10 11:07:26.855	20551	20451	-37	-37	10	0.9	73.38	3.69
2014-12-10 11:22:23.887	20551	20451	-37	-37	10	0.79	73.45	3.69
2014-12-10 11:27:20.255	20551	20451	-37	-37	10
2014-12-10 11:37:24.476	20551	20451	-37	-37	10	0.65	73.6	3.688
2014-12-10 12:22:21.439	20551	20451	-37	-37	10	0.5	73.61	3.69
2014-12-10 14:17:26.063	20551	20451	-37	-37	10
2014-12-10 14:22:23.303	20551	20451	-37	-37	10	-0.1	73.76	3.688
2014-12-10 14:47:22.686	20551	20451	-38	-37	10
2014-12-10 14:47:22.703	20551	20451	-37	-37	10
2014-12-10 19:07:32.659	20551	20451	-37	-37	10	-0.48	73.63	3.687
2014-12-10 20:17:22.639	20551	20451	-38	-37	14
2014-12-10 20:47:20.83	20551	20451	-38	-37	14
2014-12-10 21:52:27.287	20551	20451	-37	-37	13	-0.78	73.74	3.687
2014-12-10 22:07:21.598	20551	20451	-38	-37	12
2014-12-10 22:17:20.663	20551	20451	-38	-37	11
2014-12-11 00:47:30.474	20551	20451	-38	-37	10
2014-12-11 01:37:21.011	20551	20451	-39	-37	10	-1.41	73.83	3.684
2014-12-11 02:37:28.859	20551	20451	-38	-37	10	-1.61	73.94	3.686
2014-12-11 03:07:45.715	20551	20451	-38	-37	10	-1.81	74.14	3.684
2014-12-11 06:22:20.762	20551	20451	-37	-37	10	-2.17	74.09	3.681
2014-12-11 06:47:21.518	20551	20451	-39	-37	10
2014-12-11 06:52:22.827	20551	20451	-37	-37	10	-2.21	74.2	3.682
2014-12-11 07:07:23.067	20551	20451	-39	-37	10	-2.17	73.99	3.681
2014-12-11 07:47:31.086	20551	20451	-37	-37	13
2014-12-11 07:52:27.251	20551	20451	-37	-37	13	-2.29	74.23	3.682
2014-12-11 08:07:24.911	20551	20451	-37	-37	13	-2.38	74.26	3.66
2014-12-11 08:07:27.863	20551	20451	-37	-37	13
2014-12-11 11:52:26.522	20551	20451	-37	-37	14	-1.6	74.11	3.68
2014-12-11 12:47:19.748	20551	20451	-39	-37	10
2014-12-11 12:47:22.806	20551	20451	-39	-37	10
2014-12-11 12:52:22.007	20551	20451	-37	-35	10	-1.45	73.97	3.681
2014-12-11 13:17:32.835	20551	20451	-37	-37	10
2014-12-11 19:27:49.534	20551	20451	-37	-37	10
2014-12-12 01:17:34.019	20551	20451	-39	-37	10
2014-12-12 02:07:26.831	20551	20451	-37	-37	10
2014-12-12 02:17:23.835	20551	20451	-39	-37	10
2014-12-12 02:22:24.938	20551	20451	-39	-37	10	-0.5	73.26	3.68
2014-12-12 02:37:21.566	20551	20451	-37	-37	10	-0.48	73.41	3.681
2014-12-12 02:47:28.866	20551	20451	-37	-37	10
2014-12-12 02:47:29.886	20551	20451	-37	-37	10
2014-12-12 02:52:20.07	20551	20451	-37	-37	10	-0.43	73.35	3.681
2014-12-12 03:07:27.17	20551	20451	-37	-37	10	-0.42	73.32	3.68
2014-12-12 03:37:23.135	20551	20451	-39	-37	10	-0.53	73.38	3.681
2014-12-12 03:47:21.819	20551	20451	-37	-37	10
2014-12-12 03:52:27.162	20551	20451	-37	-37	10	-0.56	73.39	3.681
2014-12-12 04:47:24.879	20551	20451	-37	-37	10
2014-12-12 05:17:28.943	20551	20451	-39	-37	10
2014-12-12 10:37:25.586	20551	20451	-38	-37	10	0.67	73.2	3.68
2014-12-12 21:27:22.095	20551	20451	-37	-37	10
2014-12-12 22:07:21.638	20551	20451	-37	-37	10
2014-12-12 22:17:20.538	20551	20451	-37	-37	10
2014-12-13 01:17:27.602	20551	20451	-39	-37	10
2014-12-13 01:47:25.978	20551	20451	-37	-37	13
2014-12-13 02:22:27.647	20551	20451	-39	-37	13	-1.32	73.83	3.677
2014-12-13 02:37:26.971	20551	20451	-37	-37	13	-1.32	73.85	3.677
2014-12-13 04:52:25.315	20551	20451	-38	-37	10	-1.43	73.95	3.679
2014-12-13 05:17:25.963	20551	20451	-37	-37	10
2014-12-13 05:27:29.394	20551	20451	-37	-37	10
2014-12-13 08:52:30.151	20551	20451	-38	-37	10	-1.75	74.2	3.677
2014-12-13 10:07:26.758	20551	20451	-38	-37	10
2014-12-13 13:52:29.862	20551	20451	-37	-37	10	0.04	73.64	3.677
2014-12-13 18:37:26.958	20551	20451	-37	-37	10	0.51	73.82	3.677
2014-12-13 18:52:27.967	20551	20451	-37	-37	10	0.57	73.75	3.677
2014-12-13 23:17:22.443	20551	20451	-38	-37	10
2014-12-14 01:52:28.035	20551	20451	-37	-38	10	3.1	73.1	3.677
2014-12-14 02:07:21.939	20551	20451	-38	-37	10
2014-12-14 02:07:21.962	20551	20451	-38	-37	10	3.17	73.06	3.658
2014-12-14 02:17:25.698	20551	20451	-38	-37	10
2014-12-14 02:47:26.719	20551	20451	-38	-37	10
2014-12-14 02:47:26.731	20551	20451	-38	-38	10
2014-12-14 05:37:40.006	20551	20451	-38	-38	10	3.67	73.26	3.682
2014-12-14 08:52:24.903	20551	20451	-39	-38	10	4.35	73.18	3.682
2014-12-14 14:22:28.822	20551	20451	-39	-38	10	6.64	72.67	3.686
2014-12-14 15:07:22.751	20551	20451	-39	-39	10	6.32	72.96	3.686
2014-12-14 20:47:30.375	20551	20451	-39	-39	10
2014-12-14 21:07:26.647	20551	20451	-39	-39	10	6.07	73.19	3.687
2014-12-15 01:47:32.343	20551	20451	-40	-39	10
2014-12-15 03:47:30.247	20551	20451	-40	-39	10
2014-12-15 12:07:29.287	20551	20451	-41	-39	10	8.0	73.45	3.669
2014-12-15 12:37:25.103	20551	20451	-40	-39	10	8.85	72.77	3.691
2014-12-15 12:52:26.206	20551	20451	-40	-39	11	9.06	72.68	3.69
2014-12-15 14:37:24.282	20551	20451	-39	-39	10	10.47	71.91	3.693
2014-12-15 15:27:24.019	20551	20451	-39	-39	10
2014-12-15 15:47:32.97	20551	20451	-39	-39	10
2014-12-15 15:52:21.147	20551	20451	-39	-38	10	8.42	73.77	3.674
2014-12-15 16:07:25.683	20551	20451	-39	-38	10
2014-12-15 18:07:23.055	20551	20451	-39	-38	10
2014-12-15 19:52:21.219	20551	20451	-38	-38	10	4.31	74.98	3.692
2014-12-15 20:07:23.279	20551	20451	-38	-38	10
2014-12-15 20:17:21.03	20551	20451	-38	-38	10
2014-12-15 20:37:21.527	20551	20451	-38	-38	10	3.88	75.11	3.691
2014-12-15 20:47:22.272	20551	20451	-38	-38	10
2014-12-15 22:07:26.254	20551	20451	-38	-38	10
2014-12-15 22:07:26.407	20551	20451	-38	-38	10	3.06	75.24	3.668
2014-12-15 22:22:23.518	20551	20451	-37	-37	10	2.89	75.1	3.691
2014-12-15 22:37:20.16	20551	20451	-37	-38	10	2.6	75.39	3.691
2014-12-15 22:52:23.347	20551	20451	-38	-37	10	2.5	75.39	3.691
2014-12-15 23:07:22.419	20551	20451	-37	-38	11	2.5	75.39	3.69
2014-12-15 23:17:22.807	20551	20451	-38	-38	11
2014-12-15 23:37:22.155	20551	20451	-37	-38	11	2.5	75.24	3.688
2014-12-15 23:47:21.847	20551	20451	-38	-38	11
2014-12-16 00:07:33.658	20551	20451	-38	-37	11	2.38	75.32	3.67
2014-12-16 02:52:27.086	20551	20451	-38	-38	10	2.6	75.26	3.69
2014-12-16 04:07:33.019	20551	20451	-39	-38	10
2014-12-16 05:17:25.771	20551	20451	-38	-38	10
2014-12-16 05:27:24.443	20551	20451	-39	-38	10
2014-12-16 09:47:29.619	20551	20451	-41	-39	10
2014-12-16 12:52:26.807	20551	20451	-40	-39	10	12.7	70.1	3.693
2014-12-16 14:52:24.53	20551	20451	-39	-39	10	10.7	72.88	3.695
2014-12-16 16:47:25.295	20551	20451	-40	-39	10
2014-12-16 17:37:24.535	20551	20451	-39	-39	11	8.68	73.87	3.697
2014-12-16 18:17:25.222	20551	20451	-39	-39	10
2014-12-16 18:22:25.51	20551	20451	-39	-39	10	7.79	74.51	3.697
2014-12-16 18:37:25.494	20551	20451	-39	-38	10	7.51	74.69	3.695
2014-12-16 18:47:34.303	20551	20451	-39	-39	10
2014-12-16 20:07:29.515	20551	20451	-39	-38	10
2014-12-17 02:17:31.078	20551	20451	-39	-38	10
2014-12-17 03:07:28.327	20551	20451	-39	-38	10	4.51	75.52	3.695
2014-12-17 03:37:22.282	20551	20451	-38	-38	10	4.38	75.69	3.695
2014-12-17 04:07:29.839	20551	20451	-38	-38	10
2014-12-17 04:37:31.354	20551	20451	-38	-38	10	4.03	75.84	3.695
2014-12-17 05:07:24.271	20551	20451	-38	-38	10	3.75	75.93	3.693
2014-12-17 07:47:24.947	20551	20451	-37	-37	10
2014-12-17 08:22:39.366	20551	20451	-39	-37	10	2.39	76.28	3.693
2014-12-17 18:07:23.227	20551	20451	-38	-37	10	0.21	76.65	3.656
2014-12-17 18:22:21.198	20551	20451	-38	-37	10	0.17	76.69	3.677
2014-12-17 19:17:25.987	20551	20451	-38	-37	10
2014-12-17 19:37:23.214	20551	20451	-38	-37	10	-0.2	76.85	3.68
2014-12-17 19:52:26.298	20551	20451	-38	-37	10	-0.41	76.95	3.677
2014-12-17 22:07:24.031	20551	20451	-38	-37	10
2014-12-17 22:17:23.976	20551	20451	-38	-37	10
2014-12-17 22:52:25.319	20551	20451	-38	-37	10	-1.16	77.02	3.677
2014-12-18 00:07:33.375	20551	20451	-38	-37	10	-1.57	77.1	3.654
2014-12-18 00:17:21.018	20551	20451	-38	-37	10
2014-12-18 00:22:20.25	20551	20451	-38	-37	10	-1.64	77.11	3.676
2014-12-18 00:37:30.347	20551	20451	-38	-37	10	-1.75	77.13	3.677
2014-12-18 00:47:25.019	20551	20451	-38	-37	10
2014-12-18 00:52:32.387	20551	20451	-38	-37	10	-1.85	77.15	3.677
2014-12-18 01:22:22.147	20551	20451	-38	-37	10	-1.82	77.02	3.656
2014-12-18 01:27:21.098	20551	20451	-38	-37	10
2014-12-18 01:37:26.775	20551	20451	-38	-37	10	-1.82	77.11	3.677
2014-12-18 02:47:23.071	20551	20451	-38	-37	10
2014-12-18 03:22:25.182	20551	20451	-38	-37	10	-1.84	76.94	3.677
2014-12-18 03:52:22.415	20551	20451	-38	-37	10	-1.99	77.03	3.677
2014-12-18 04:07:20.314	20551	20451	-38	-37	10
2014-12-18 04:07:20.395	20551	20451	-37	-37	10	-1.98	77.05	3.654
2014-12-18 04:22:21.051	20551	20451	-38	-37	10	-1.92	76.99	3.676
2014-12-18 04:47:25.542	20551	20451	-38	-37	10
2014-12-18 04:52:22.607	20551	20451	-38	-37	10	-1.93	76.94	3.676
2014-12-18 05:07:20.615	20551	20451	-37	-37	10	-1.98	76.98	3.676
2014-12-18 05:52:24.11	20551	20451	-38	-37	10	-1.98	76.98	3.677
2014-12-18 06:17:20.587	20551	20451	-38	-37	11
2014-12-18 06:37:21.378	20551	20451	-38	-37	11	-1.96	76.94	3.676
2014-12-18 06:47:23.818	20551	20451	-38	-37	11
2014-12-18 06:52:20.859	20551	20451	-37	-37	12	-1.96	76.89	3.677
2014-12-18 08:07:21.462	20551	20451	-38	-37	11
2014-12-18 08:07:21.499	20551	20451	-38	-37	11	-1.91	76.88	3.656
2014-12-18 12:07:26.59	20551	20451	-37	-37	10
2014-12-18 13:37:30.655	20551	20451	-37	-37	10	-0.35	76.75	3.677
2014-12-18 13:47:24.391	20551	20451	-37	-37	10
2014-12-18 13:52:21.575	20551	20451	-37	-37	10	-0.53	76.75	3.677
2014-12-18 14:07:26.583	20551	20451	-37	-37	10
2014-12-18 14:17:25.323	20551	20451	-37	-37	10
2014-12-18 14:37:25.622	20551	20451	-37	-37	11	-0.7	76.98	3.676
2014-12-18 16:07:22.294	20551	20451	-38	-37	10
2014-12-18 17:17:21.287	20551	20451	-38	-37	11
2014-12-18 18:22:27.022	20551	20451	-38	-37	10	-1.71	76.95	3.676
2014-12-18 21:07:22.11	20551	20451	-37	-37	10	-1.77	76.86	3.676
2014-12-18 21:27:25.295	20551	20451	-38	-37	10
2014-12-18 21:52:21.239	20551	20451	-38	-35	11	-1.81	76.88	3.675
2014-12-18 22:07:21.05	20551	20451	-38	-37	11	-1.84	76.9	3.656
2014-12-19 04:17:24.15	20551	20451	-38	-37	10
2014-12-19 05:27:29.034	20551	20451	-38	-37	10
2014-12-19 08:07:21.882	20551	20451	-38	-37	10
2014-12-19 08:47:23.419	20551	20451	-38	-37	11
2014-12-19 09:37:20.915	20551	20451	-37	-37	11	-1.17	76.78	3.675
2014-12-19 09:47:37.982	20551	20451	-38	-37	10
2014-12-19 10:22:25.086	20551	20451	-38	-35	10	-0.79	76.6	3.676
2014-12-19 13:07:30.139	20551	20451	-37	-37	10	-0.14	76.72	3.676
2014-12-19 15:37:24.547	20551	20451	-38	-37	10	0.1	76.82	3.677
2014-12-19 16:37:22.85	20551	20451	-38	-37	10	-0.38	76.81	3.675
2014-12-19 17:22:22.767	20551	20451	-37	-37	10	-0.64	76.83	3.676
2014-12-19 17:27:31.251	20551	20451	-38	-37	10
2014-12-19 17:37:26.483	20551	20451	-39	-37	10	-0.7	76.84	3.676
2014-12-19 20:22:30.166	20551	20451	-39	-37	10	-0.93	76.66	3.676
2014-12-19 23:27:23.966	20551	20451	-39	-37	10
2014-12-19 23:37:21.791	20551	20451	-37	-37	10	-1.53	76.99	3.675
2014-12-20 00:07:23.851	20551	20451	-39	-37	10
2014-12-20 00:47:31.487	20551	20451	-37	-37	10
2014-12-20 00:47:31.507	20551	20451	-38	-37	10
2014-12-20 00:52:21.732	20551	20451	-38	-37	10	-1.75	76.89	3.675
2014-12-20 01:07:21.718	20551	20451	-38	-37	10	-1.82	77.0	3.675
2014-12-20 01:22:23.77	20551	20451	-38	-37	10	-1.86	77.01	3.674
2014-12-20 03:52:22.711	20551	20451	-38	-37	10	-2.52	76.96	3.649
2014-12-20 04:07:21.602	20551	20451	-38	-37	11	-3.02	77.13	3.653
2014-12-20 04:17:22.935	20551	20451	-38	-37	11
2014-12-20 04:37:22.979	20551	20451	-38	-37	10	-3.39	77.66	3.675
2014-12-20 05:07:29.646	20551	20451	-38	-37	10	-3.07	77.38	3.674
2014-12-20 05:27:20.994	20551	20451	-38	-37	10
2014-12-20 05:37:27.863	20551	20451	-38	-37	10	-2.91	77.2	3.675
2014-12-20 05:52:24.279	20551	20451	-38	-37	10	-2.79	77.09	3.674
2014-12-20 08:47:23.907	20551	20451	-38	-37	10
2014-12-20 08:47:23.919	20551	20451	-38	-37	10
2014-12-20 08:52:21.91	20551	20451	-38	-37	10	-2.46	77.0	3.673
2014-12-20 09:17:23.475	20551	20451	-39	-37	10
2014-12-20 09:22:24.718	20551	20451	-39	-37	10	-1.85	76.84	3.674
2014-12-20 09:27:22.182	20551	20451	-37	-37	10
2014-12-20 09:37:23.471	20551	20451	-37	-37	10	-1.57	76.74	3.673
2014-12-20 09:47:26.166	20551	20451	-38	-37	10
2014-12-20 09:52:23.615	20551	20451	-38	-37	10	-0.82	76.57	3.675
2014-12-20 10:17:27.115	20551	20451	-38	-37	10
2014-12-20 10:22:26.399	20551	20451	-38	-38	10	0.57	75.47	3.675
2014-12-20 10:47:22.015	20551	20451	-39	-38	10
2014-12-20 10:47:22.038	20551	20451	-39	-38	10
2014-12-20 10:52:24.403	20551	20451	-40	-39	10	4.21	72.95	3.675
2014-12-20 11:22:23.302	20551	20451	-39	-38	10	3.15	73.79	3.676
2014-12-20 11:27:24.375	20551	20451	-38	-38	10
2014-12-20 12:07:25.299	20551	20451	-39	-38	10	3.83	72.97	3.654
2014-12-20 12:22:28.291	20551	20451	-39	-38	10	4.43	74.95	3.676
2014-12-20 12:37:25.614	20551	20451	-39	-38	10	10.0	67.89	3.677
2014-12-20 12:47:23.011	20551	20451	-40	-39	10
2014-12-20 13:07:28.207	20551	20451	-40	-38	10	5.6	73.71	3.68
2014-12-20 15:37:27.499	20551	20451	-40	-39	10	5.71	74.34	3.677
2014-12-20 16:47:32.323	20551	20451	-38	-38	10
2014-12-20 20:17:25.891	20551	20451	-38	-37	10
2014-12-21 00:22:37.298	20551	20451	-39	-37	10	-2.64	77.22	3.676
2014-12-21 06:37:22.283	20551	20451	-39	-37	10	-2.2	76.79	3.675
2014-12-21 06:47:21.982	20551	20451	-39	-37	10
2014-12-21 07:17:21.938	20551	20451	-37	-37	10
2014-12-21 07:22:26.279	20551	20451	-39	-37	10	-2.16	76.8	3.675
2014-12-21 08:07:22.235	20551	20451	-37	-37	10
2014-12-21 09:27:25.531	20551	20451	-38	-37	10
2014-12-21 10:07:25.163	20551	20451	-38	-38	10
2014-12-21 10:17:21.962	20551	20451	-39	-37	10
2014-12-21 10:47:29.894	20551	20451	-39	-38	10
2014-12-21 10:47:36.999	20551	20451	-39	-38	10
2014-12-21 12:47:24.675	20551	20451	-39	-38	10
2014-12-21 13:47:23.599	20551	20451	-39	-38	13
2014-12-21 14:07:27.91	20551	20451	-39	-38	13	2.89	76.06	3.657
2014-12-21 14:37:21.8	20551	20451	-39	-38	12	2.96	76.03	3.679
2014-12-21 14:52:27.843	20551	20451	-39	-38	11	3.24	76.06	3.677
2014-12-21 15:37:22.743	20551	20451	-40	-38	11	5.97	73.3	3.68
2014-12-21 16:07:21.711	20551	20451	-39	-39	11
2014-12-21 16:17:21.37	20551	20451	-39	-38	10
2014-12-21 16:22:24.751	20551	20451	-39	-37	10	1.06	76.88	3.679
2014-12-21 16:37:23.682	20551	20451	-38	-37	10	-0.13	77.84	3.68
2014-12-21 16:47:24.375	20551	20451	-38	-37	10
2014-12-21 16:52:25.715	20551	20451	-38	-37	11	-0.89	78.14	3.677
2014-12-21 17:07:23.671	20551	20451	-38	-37	11	-1.46	78.28	3.68
2014-12-21 17:22:23.667	20551	20451	-38	-37	11	-1.82	78.2	3.676
2014-12-21 22:07:23.454	20551	20451	-38	-37	10
2014-12-21 22:07:23.474	20551	20451	-37	-37	10	-3.7	77.45	3.653
2014-12-21 22:37:23.406	20551	20451	-39	-37	10	-3.78	77.43	3.677
2014-12-21 22:52:24.426	20551	20451	-37	-37	10	-3.89	77.45	3.675
2014-12-22 00:47:25.154	20551	20451	-38	-37	10
2014-12-22 00:47:25.179	20551	20451	-38	-37	10
2014-12-22 00:52:23.354	20551	20451	-38	-37	10	-4.42	77.5	3.675
2014-12-22 01:17:22.154	20551	20451	-37	-37	10
2014-12-22 02:07:22.285	20551	20451	-38	-37	10
2014-12-22 02:22:22.274	20551	20451	-37	-37	10	-4.85	77.68	3.674
2014-12-22 02:37:23.331	20551	20451	-37	-37	10	-4.82	77.62	3.674
2014-12-22 02:47:24.106	20551	20451	-38	-35	10
2014-12-22 02:47:33.939	20551	20451	-37	-37	10
2014-12-22 03:07:29.795	20551	20451	-37	-37	10	-4.84	77.59	3.675
2014-12-22 07:52:22.154	20551	20451	-37	-37	10	-4.99	77.6	3.671
2014-12-22 08:22:26.332	20551	20451	-38	-37	10	-4.06	77.28	3.674
2014-12-22 08:47:26.062	20551	20451	-38	-37	10
2014-12-22 08:47:26.09	20551	20451	-38	-37	10
2014-12-22 09:07:22.482	20551	20451	-39	-37	10	-2.35	76.16	3.674
2014-12-22 10:47:36.307	20551	20451	-39	-38	10
2014-12-22 11:47:22.686	20551	20451	-39	-38	10
2014-12-22 15:47:28.354	20551	20451	-40	-39	10
2014-12-22 16:07:33.695	20551	20451	-39	-39	10	8.7	75.23	3.664
2014-12-22 16:22:22.535	20551	20451	-40	-39	10	6.96	76.63	3.687
2014-12-22 16:37:23.535	20551	20451	-40	-38	10	5.61	77.53	3.686
2014-12-22 16:52:24.503	20551	20451	-39	-38	10	4.78	77.76	3.686
2014-12-22 17:17:22.147	20551	20451	-39	-38	10
2014-12-22 19:07:38.622	20551	20451	-39	-38	10	2.83	76.69	3.685
2014-12-22 19:52:25.542	20551	20451	-39	-38	10	3.28	75.95	3.685
2014-12-22 20:22:27.252	20551	20451	-39	-38	10	2.89	76.11	3.682
2014-12-22 20:37:24.231	20551	20451	-39	-38	10	2.47	76.56	3.684
2014-12-22 21:07:24.171	20551	20451	-39	-38	10	2.46	76.53	3.684
2014-12-22 21:37:29.178	20551	20451	-39	-38	10	2.53	76.35	3.684
2014-12-22 22:52:24.042	20551	20451	-39	-38	10	2.24	76.51	3.685
2014-12-22 23:07:22.991	20551	20451	-39	-38	10	2.61	76.15	3.684
2014-12-23 01:07:24.858	20551	20451	-39	-38	10	3.06	76.0	3.684
2014-12-23 01:17:27.586	20551	20451	-39	-38	10
2014-12-23 01:22:24.866	20551	20451	-40	-38	10	3.07	75.96	3.684
2014-12-23 01:37:26.839	20551	20451	-39	-38	10	3.21	75.94	3.684
2014-12-23 01:52:26.242	20551	20451	-39	-38	14	3.25	75.79	3.686
2014-12-23 02:07:23.81	20551	20451	-39	-38	14
2014-12-23 02:52:26.77	20551	20451	-39	-38	14	3.28	75.48	3.685
2014-12-23 03:17:22.403	20551	20451	-39	-37	12
2014-12-23 03:22:23.734	20551	20451	-39	-37	12	2.96	75.93	3.686
2014-12-23 03:27:24.843	20551	20451	-39	-38	12
2014-12-23 12:07:30.215	20551	20451	-40	-38	10	9.07	74.39	3.665
2014-12-23 14:47:23.899	20551	20451	-40	-39	10
2014-12-23 15:07:28.558	20551	20451	-39	-39	10	11.79	73.88	3.691
2014-12-23 17:27:23.059	20551	20451	-39	-39	10
2014-12-23 17:47:23.503	20551	20451	-39	-39	10
2014-12-23 18:22:24.638	20551	20451	-39	-39	10	9.43	75.0	3.693
2014-12-23 18:37:25.303	20551	20451	-40	-38	10	9.28	75.1	3.693
2014-12-23 18:47:22.946	20551	20451	-39	-39	10
2014-12-23 18:47:23.983	20551	20451	-40	-38	10
2014-12-23 18:52:25.039	20551	20451	-39	-38	10	9.15	75.18	3.692
2014-12-23 19:07:27.367	20551	20451	-39	-38	11	9.06	75.15	3.693
2014-12-23 19:17:24.959	20551	20451	-39	-39	13
2014-12-23 19:27:26.415	20551	20451	-39	-38	13
2014-12-23 22:07:21.83	20551	20451	-39	-38	11
2014-12-23 22:17:25.563	20551	20451	-39	-38	11
2014-12-23 22:37:23.803	20551	20451	-39	-38	11	6.89	75.97	3.693
2014-12-23 22:47:24.615	20551	20451	-39	-38	11
2014-12-23 22:47:24.634	20551	20451	-39	-38	11
2014-12-23 23:22:22.798	20551	20451	-39	-38	10	6.92	75.9	3.693
2014-12-23 23:27:21.838	20551	20451	-39	-38	10
2014-12-24 00:22:25.667	20551	20451	-39	-38	10	7.28	75.6	3.691
2014-12-24 00:52:22.639	20551	20451	-39	-38	10	7.32	75.55	3.693
2014-12-24 01:17:27.271	20551	20451	-39	-38	10
2014-12-24 01:22:24.547	20551	20451	-39	-38	10	7.32	75.66	3.693
2014-12-24 01:27:21.743	20551	20451	-41	-38	10
2014-12-24 01:37:24.53	20551	20451	-39	-38	10	7.36	75.64	3.693
2014-12-24 01:47:27.023	20551	20451	-39	-38	10
2014-12-24 01:52:23.538	20551	20451	-39	-39	10	7.5	75.52	3.693
2014-12-24 02:07:26.482	20551	20451	-39	-39	11	7.61	75.49	3.673
2014-12-24 02:22:27.559	20551	20451	-40	-39	11	7.71	75.38	3.692
2014-12-24 07:07:30.851	20551	20451	-40	-39	10	8.58	75.41	3.696
2014-12-24 07:22:30.614	20551	20451	-40	-39	10	8.92	75.2	3.693
2014-12-24 07:37:34.135	20551	20451	-41	-39	14	9.28	74.72	3.693
2014-12-24 11:22:30.082	20551	20451	-40	-39	10	13.11	73.33	3.696
2014-12-24 11:47:23.623	20551	20451	-41	-39	10
2014-12-24 11:52:28.426	20551	20451	-41	-39	10	13.24	73.69	3.696
2014-12-24 12:07:35.706	20551	20451	-41	-39	10	13.49	73.67	3.675
2014-12-24 12:17:23.594	20551	20451	-41	-39	10
2014-12-24 12:22:22.31	20551	20451	-40	-39	10	13.64	73.54	3.698
2014-12-24 12:52:24.995	20551	20451	-40	-39	10	13.25	74.07	3.697
2014-12-24 13:07:29.411	20551	20451	-40	-39	10	13.15	74.2	3.698
2014-12-24 14:37:28.223	20551	20451	-40	-39	10	12.43	74.61	3.698
2014-12-24 14:47:22.811	20551	20451	-40	-39	10
2014-12-24 15:27:22.579	20551	20451	-40	-39	10
2014-12-24 15:37:22.019	20551	20451	-41	-39	10	14.75	73.07	3.699
2014-12-24 15:47:23.679	20551	20451	-41	-39	10
2014-12-24 15:52:22.002	20551	20451	-39	-39	10	17.11	69.5	3.701
2014-12-24 16:07:22.934	20551	20451	-40	-39	10	16.02	71.16	3.682
2014-12-24 17:27:26.979	20551	20451	-39	-39	10
2014-12-24 18:07:22.702	20551	20451	-39	-39	10	11.06	75.82	3.677
2014-12-24 18:22:23.703	20551	20451	-39	-39	10	11.31	75.44	3.698
2014-12-24 18:47:22.839	20551	20451	-39	-39	11
2014-12-24 18:52:28.678	20551	20451	-39	-39	11	11.27	75.2	3.699
2014-12-24 19:07:23.59	20551	20451	-40	-39	11	11.2	75.24	3.699
2014-12-24 19:22:27.69	20551	20451	-39	-39	10	11.18	75.23	3.699
2014-12-24 19:27:24.507	20551	20451	-40	-39	10
2014-12-24 19:47:28.291	20551	20451	-40	-39	10
2014-12-24 20:22:25.478	20551	20451	-40	-39	10	12.27	74.26	3.699
2014-12-24 20:47:23.839	20551	20451	-40	-39	10
2014-12-24 21:07:24.81	20551	20451	-40	-38	10	10.0	76.06	3.702
2014-12-24 21:17:30.842	20551	20451	-39	-38	10
2014-12-25 01:27:27.883	20551	20451	-39	-38	10
2014-12-25 02:22:35.499	20551	20451	-38	-38	11	4.57	78.21	3.697
2014-12-25 02:37:25.779	20551	20451	-38	-38	10	4.65	78.1	3.695
2014-12-25 02:47:25.457	20551	20451	-38	-37	10
2014-12-25 04:17:23.502	20551	20451	-38	-38	10
2014-12-25 04:22:22.734	20551	20451	-38	-37	10	4.14	77.99	3.693
2014-12-25 04:37:25.607	20551	20451	-37	-37	11	4.1	78.03	3.695
2014-12-25 04:52:29.062	20551	20451	-38	-38	10	4.11	77.98	3.693
2014-12-25 05:07:26.147	20551	20451	-38	-37	10	4.1	77.98	3.696
2014-12-25 05:27:26.799	20551	20451	-38	-37	10
2014-12-25 05:37:23.619	20551	20451	-38	-38	10	4.13	77.91	3.695
2014-12-25 05:47:24.178	20551	20451	-37	-38	11
2014-12-25 05:52:25.434	20551	20451	-37	-37	10	4.15	77.87	3.695
2014-12-25 06:07:26.102	20551	20451	-38	-38	11
2014-12-25 06:17:22.407	20551	20451	-38	-37	11
2014-12-25 06:47:20.167	20551	20451	-38	-38	11
2014-12-25 06:47:20.183	20551	20451	-38	-37	11
2014-12-25 07:07:28.043	20551	20451	-38	-38	10	4.25	77.75	3.695
2014-12-25 07:17:58.015	20551	20451	-38	-37	10
2014-12-25 09:47:33.646	20551	20451	-38	-38	10
2014-12-25 12:47:24.303	20551	20451	-38	-37	10
2014-12-25 14:07:21.382	20551	20451	-40	-38	10	4.11	77.6	3.67
2014-12-25 14:17:27.939	20551	20451	-38	-38	10
2014-12-25 14:17:29.319	20551	20451	-38	-38	10
2014-12-25 14:22:26.915	20551	20451	-38	-38	10	4.18	77.56	3.691
2014-12-25 14:37:27.094	20551	20451	-39	-37	14	4.32	77.57	3.691
2014-12-25 15:17:28.583	20551	20451	-39	-38	13
2014-12-25 15:47:22.507	20551	20451	-39	-38	13
2014-12-25 16:17:23.446	20551	20451	-39	-37	13
2014-12-25 16:22:26.81	20551	20451	-38	-37	11	4.1	77.69	3.692
2014-12-25 16:47:21.355	20551	20451	-38	-37	11
2014-12-26 01:47:23.71	20551	20451	-38	-37	10
2014-12-26 01:52:23.019	20551	20451	-38	-37	10	2.85	77.71	3.687
2014-12-26 02:07:20.952	20551	20451	-38	-37	10
2014-12-26 02:07:20.97	20551	20451	-38	-37	10	2.83	77.73	3.669
2014-12-26 02:17:20.666	20551	20451	-38	-37	10
2014-12-26 02:22:26.007	20551	20451	-38	-37	10	2.75	77.78	3.688
2014-12-26 02:37:22.939	20551	20451	-38	-37	10	2.74	77.78	3.69
2014-12-26 02:47:27.658	20551	20451	-38	-37	11
2014-12-26 02:52:20.907	20551	20451	-38	-37	11	2.74	77.76	3.688
2014-12-26 03:07:22.899	20551	20451	-38	-37	10	2.75	77.74	3.69
2014-12-26 03:17:25.655	20551	20451	-38	-37	10
2014-12-26 03:22:20.89	20551	20451	-38	-37	10	2.83	77.71	3.69
2014-12-26 03:37:22.883	20551	20451	-38	-37	10	2.85	77.61	3.688
2014-12-26 03:47:27.598	20551	20451	-38	-37	10
2014-12-26 03:52:22.875	20551	20451	-37	-37	10	2.82	77.65	3.69
2014-12-26 04:07:23.854	20551	20451	-38	-37	10
2014-12-26 04:07:23.878	20551	20451	-38	-37	10	2.71	77.68	3.671
2014-12-26 04:17:25.542	20551	20451	-38	-37	10
2014-12-26 04:22:26.854	20551	20451	-38	-37	10	2.24	77.65	3.69
2014-12-26 04:52:23.782	20551	20451	-38	-37	10	1.75	78.38	3.688
2014-12-26 05:17:25.47	20551	20451	-38	-37	10
2014-12-26 05:37:25.752	20551	20451	-37	-37	10	1.82	78.06	3.688
2014-12-26 05:47:28.47	20551	20451	-37	-37	10
2014-12-26 05:52:24.79	20551	20451	-38	-37	10	1.67	78.19	3.688
2014-12-26 06:07:20.691	20551	20451	-38	-37	10
2014-12-26 06:17:23.395	20551	20451	-38	-37	10
2014-12-26 06:22:24.711	20551	20451	-38	-37	10	1.71	78.08	3.688
2014-12-26 06:37:22.091	20551	20451	-38	-37	10	1.71	78.11	3.688
2014-12-26 06:47:24.359	20551	20451	-37	-37	10
2014-12-26 06:52:22.658	20551	20451	-38	-37	10	1.7	78.1	3.688
2014-12-26 07:07:24.643	20551	20451	-38	-37	10	1.7	78.1	3.687
2014-12-26 07:17:22.382	20551	20451	-38	-37	10
2014-12-26 07:27:26.698	20551	20451	-38	-37	10
2014-12-26 07:47:26.298	20551	20451	-38	-37	15
2014-12-26 08:07:25.602	20551	20451	-38	-37	18
2014-12-26 08:22:22.538	20551	20451	-38	-37	17	1.92	77.98	3.686
2014-12-26 10:07:26.435	20551	20451	-40	-39	13
2014-12-26 10:07:26.458	20551	20451	-40	-38	13	5.85	75.17	3.665
2014-12-26 10:17:25.119	20551	20451	-40	-38	13
2014-12-26 10:47:22.015	20551	20451	-41	-39	12
2014-12-26 15:52:20.759	20551	20451	-41	-39	10	13.83	71.87	3.696
2014-12-26 16:22:20.702	20551	20451	-40	-39	10	9.61	76.24	3.693
2014-12-26 17:17:22.319	20551	20451	-39	-38	10
2014-12-26 17:27:22.639	20551	20451	-39	-38	10
2014-12-26 17:52:21.563	20551	20451	-39	-37	10	6.47	76.93	3.692
2014-12-26 18:07:30.614	20551	20451	-39	-37	10	6.24	77.0	3.67
2014-12-26 18:17:25.247	20551	20451	-39	-38	10
2014-12-26 18:22:22.502	20551	20451	-39	-38	10	6.18	76.94	3.692
2014-12-26 18:37:23.474	20551	20451	-39	-37	10	5.88	76.72	3.692
2014-12-26 18:47:30.231	20551	20451	-39	-38	10
2014-12-26 18:47:30.247	20551	20451	-39	-38	11
2014-12-26 19:07:24.475	20551	20451	-39	-37	10	5.11	77.08	3.692
2014-12-26 19:17:24.143	20551	20451	-39	-38	10
2014-12-26 19:47:25.075	20551	20451	-39	-37	10
2014-12-26 19:52:23.406	20551	20451	-39	-37	10	5.33	76.68	3.691
2014-12-26 20:17:23.016	20551	20451	-39	-37	10
2014-12-26 20:37:21.274	20551	20451	-40	-37	10	4.32	76.96	3.691
2014-12-26 20:47:22.966	20551	20451	-38	-37	10
2014-12-26 20:47:22.983	20551	20451	-39	-38	10
2014-12-26 20:52:22.299	20551	20451	-38	-37	10	4.03	77.38	3.691
2014-12-26 21:07:22.247	20551	20451	-39	-37	10	4.35	76.86	3.692
2014-12-26 21:17:32.09	20551	20451	-39	-37	10
2014-12-27 02:17:24.595	20551	20451	-38	-37	10
2014-12-27 02:37:21.815	20551	20451	-38	-37	14	2.61	77.32	3.69
2014-12-27 05:17:27.403	20551	20451	-38	-37	10
2014-12-27 05:27:22.771	20551	20451	-38	-37	10
2014-12-27 06:07:24.646	20551	20451	-39	-37	10
2014-12-27 06:22:24.583	20551	20451	-38	-38	10	3.96	76.34	3.69
2014-12-27 07:22:24.534	20551	20451	-39	-37	10	4.08	76.54	3.687
2014-12-27 07:37:21.459	20551	20451	-38	-38	10	3.76	76.5	3.688
2014-12-27 08:07:22.451	20551	20451	-38	-37	10
2014-12-27 08:17:24.114	20551	20451	-38	-37	10
2014-12-27 08:22:22.423	20551	20451	-38	-37	10	3.5	77.1	3.688
2014-12-27 08:37:26.466	20551	20451	-38	-37	10	3.6	76.97	3.688
2014-12-27 08:47:24.079	20551	20451	-39	-37	11
2014-12-27 08:52:21.375	20551	20451	-39	-37	11	4.45	76.49	3.69
2014-12-27 09:17:24.067	20551	20451	-39	-38	11
2014-12-27 09:27:24.47	20551	20451	-39	-37	11
2014-12-27 09:47:28.087	20551	20451	-39	-38	11
2014-12-27 10:22:26.31	20551	20451	-39	-38	10	6.64	75.31	3.688
2014-12-27 10:47:24.951	20551	20451	-40	-38	10
2014-12-27 10:47:24.966	20551	20451	-40	-38	10
2014-12-27 11:17:24.91	20551	20451	-40	-38	10
2014-12-27 12:07:29.138	20551	20451	-41	-38	10	14.78	68.6	3.671
2014-12-27 12:07:29.167	20551	20451	-41	-39	10
2014-12-27 12:17:26.827	20551	20451	-40	-38	10
2014-12-27 12:47:22.747	20551	20451	-41	-39	10
2014-12-27 17:52:21.523	20551	20451	-40	-38	10	11.85	74.02	3.698
2014-12-27 18:07:25.414	20551	20451	-40	-39	10	11.56	74.14	3.675
2014-12-27 21:17:23.727	20551	20451	-40	-39	10
2014-12-27 21:52:20.95	20551	20451	-40	-38	10	11.92	72.93	3.698
2014-12-27 22:22:22.978	20551	20451	-40	-38	10	11.14	73.46	3.697
2014-12-27 22:47:23.943	20551	20451	-40	-38	10
2014-12-27 22:52:27.923	20551	20451	-40	-38	10	9.79	74.67	3.699
2014-12-27 23:07:27.843	20551	20451	-40	-38	14	9.2	75.08	3.698
2014-12-28 09:47:24.222	20551	20451	-41	-41	10
2014-12-28 11:07:27.231	20551	20451	-40	-40	10	3.67	77.38	3.691
2014-12-28 12:47:25.054	20551	20451	-40	-39	10
2014-12-28 13:47:35.211	20551	20451	-41	-39	10
2014-12-28 16:07:27.222	20551	20451	-38	-38	10
2014-12-28 16:37:22.159	20551	20451	-38	-38	10	2.93	77.63	3.687
2014-12-28 16:52:22.146	20551	20451	-38	-37	10	2.75	77.74	3.687
2014-12-28 17:27:23.211	20551	20451	-38	-38	11
2014-12-28 17:52:22.171	20551	20451	-38	-38	11	2.49	77.63	3.687
2014-12-28 23:27:21.898	20551	20451	-38	-37	10
2014-12-29 00:47:22.907	20551	20451	-38	-37	10
2014-12-29 00:47:22.986	20551	20451	-38	-37	10
2014-12-29 01:07:23.998	20551	20451	-38	-37	10	0.25	78.16	3.685
2014-12-29 01:27:33.439	20551	20451	-39	-37	10
2014-12-29 04:37:23.199	20551	20451	-38	-37	11	-0.2	78.37	3.684
2014-12-29 04:52:24.287	20551	20451	-38	-37	10	-0.29	78.32	3.682
2014-12-29 05:17:26.955	20551	20451	-38	-37	10
2014-12-29 05:22:22.383	20551	20451	-38	-37	10	-0.63	78.53	3.681
2014-12-29 05:27:21.332	20551	20451	-38	-37	10
2014-12-29 06:37:23.455	20551	20451	-37	-37	10	-2.53	79.13	3.682
2014-12-29 07:47:20.187	20551	20451	-37	-36	11
2014-12-29 08:07:22.407	20551	20451	-37	-37	10	-3.16	79.05	3.659
2014-12-29 09:27:21.322	20551	20451	-38	-37	10
2014-12-29 10:07:23.151	20551	20451	-40	-38	10	3.68	74.77	3.66
2014-12-29 10:17:19.815	20551	20451	-39	-39	10
2014-12-29 10:52:21.851	20551	20451	-39	-38	10	5.76	72.44	3.681
2014-12-29 11:17:25.823	20551	20451	-41	-38	10
2014-12-29 12:07:29.151	20551	20451	-41	-39	10	8.2	73.31	3.66
2014-12-29 12:37:20.967	20551	20451	-40	-38	11	4.96	77.39	3.684
2014-12-29 12:47:24.863	20551	20451	-40	-39	11
2014-12-29 12:52:21.127	20551	20451	-40	-39	11	7.1	73.78	3.684
2014-12-29 13:17:24.003	20551	20451	-41	-39	11
2014-12-29 15:07:30.695	20551	20451	-39	-38	10	2.68	78.06	3.681
2014-12-29 15:07:31.359	20551	20451	-39	-38	10	2.68	78.06	3.681
2014-12-29 18:47:22.687	20551	20451	-37	-35	10
2014-12-29 18:52:23.687	20551	20451	-37	-37	10	-0.6	78.65	3.679
2014-12-29 19:07:27.639	20551	20451	-38	-37	10	-0.61	78.6	3.68
2014-12-29 19:27:22.795	20551	20451	-37	-37	10
2014-12-29 19:47:23.086	20551	20451	-37	-37	10
2014-12-29 19:52:24.711	20551	20451	-37	-37	10	-0.93	78.58	3.679
2014-12-29 22:17:24.046	20551	20451	-38	-37	13
2014-12-29 23:47:25.087	20551	20451	-38	-37	15
2014-12-29 23:52:23.694	20551	20451	-38	-37	15	-3.79	79.14	3.675
2014-12-30 02:22:21.57	20551	20451	-37	-35	14	-4.74	79.06	3.674
2014-12-30 02:47:25.191	20551	20451	-38	-37	14
2014-12-30 02:52:22.47	20551	20451	-37	-37	14	-5.07	79.09	3.674
2014-12-30 03:17:22.199	20551	20451	-37	-37	13
2014-12-30 04:17:25.646	20551	20451	-37	-37	10
2014-12-30 04:52:28.602	20551	20451	-37	-37	10	-4.71	78.79	3.67
2014-12-30 05:22:23.498	20551	20451	-37	-37	10	-4.6	78.84	3.673
2014-12-30 06:17:26.37	20551	20451	-37	-37	10
2014-12-30 10:17:23.03	20551	20451	-39	-38	10
2014-12-30 10:22:23.898	20551	20451	-39	-38	10	1.39	74.59	3.673
2014-12-30 11:07:22.834	20551	20451	-40	-39	10	5.82	70.74	3.653
2014-12-30 11:22:25.843	20551	20451	-40	-38	10	7.51	69.73	3.675
2014-12-30 12:22:22.698	20551	20451	-40	-38	10	5.36	75.47	3.675
2014-12-30 12:37:20.703	20551	20451	-41	-38	10	9.28	70.7	3.676
2014-12-30 12:47:24.395	20551	20451	-40	-39	10
2014-12-30 13:07:25.655	20551	20451	-40	-39	10	6.24	73.02	3.679
2014-12-30 14:47:21.746	20551	20451	-39	-39	10
2014-12-30 14:52:23.507	20551	20451	-39	-38	10	2.68	79.73	3.677
2014-12-30 15:07:21.506	20551	20451	-39	-38	10	4.1	78.3	3.677
2014-12-30 15:22:20.422	20551	20451	-40	-38	10	5.33	74.94	3.676
2014-12-30 15:37:22.419	20551	20451	-40	-39	10	5.43	74.86	3.676
2014-12-30 19:37:24.862	20551	20451	-38	-37	10	-3.48	78.93	3.674
2014-12-30 20:07:27.942	20551	20451	-38	-37	10	-3.78	79.05	3.652
2014-12-30 20:47:27.662	20551	20451	-38	-37	10
2014-12-30 21:22:21.886	20551	20451	-38	-37	10	-3.35	78.69	3.67
2014-12-30 21:27:23.999	20551	20451	-38	-37	10
2014-12-30 21:37:23.914	20551	20451	-37	-37	14	-3.6	78.68	3.673
2014-12-30 21:52:25.954	20551	20451	-37	-37	13	-3.85	78.71	3.67
2014-12-31 00:07:26.027	20551	20451	-37	-37	10	-6.68	79.56	3.647
2014-12-31 00:07:26.044	20551	20451	-38	-37	10
2014-12-31 00:17:28.782	20551	20451	-38	-37	10
2014-12-31 03:52:26.278	20551	20451	-37	-37	10	-6.46	78.89	3.669
2014-12-31 04:07:27.291	20551	20451	-37	-36	10	-6.5	79.0	3.647
2014-12-31 04:17:29	20551	20451	-37	-37	10
2014-12-31 04:22:25.266	20551	20451	-37	-37	10	-6.38	78.98	3.668
2014-12-31 04:37:25.263	20551	20451	-37	-37	10	-6.24	78.9	3.669
2014-12-31 05:17:22.219	20551	20451	-37	-37	10
2014-12-31 05:22:29.85	20551	20451	-37	-37	10	-6.14	78.81	3.669
2014-12-31 07:47:26.554	20551	20451	-37	-37	10
2014-12-31 08:07:20.419	20551	20451	-37	-36	10
2014-12-31 08:17:22.446	20551	20451	-37	-37	10
2014-12-31 08:22:26.691	20551	20451	-37	-37	10	-6.98	79.15	3.666
2014-12-31 08:47:29.446	20551	20451	-37	-37	10
2014-12-31 08:52:22.747	20551	20451	-37	-37	10	-6.93	79.12	3.666
2014-12-31 09:37:24.683	20551	20451	-38	-37	10	-5.24	77.64	3.666
2014-12-31 09:47:26.443	20551	20451	-38	-37	10
2014-12-31 09:52:23.598	20551	20451	-38	-37	11	-5.43	77.85	3.665
2014-12-31 10:07:27.443	20551	20451	-37	-37	10
2014-12-31 10:07:27.463	20551	20451	-37	-37	10	-4.18	77.57	3.645
2014-12-31 10:22:27.503	20551	20451	-38	-37	10	-3.66	76.87	3.666
2014-12-31 11:37:27.511	20551	20451	-38	-37	10	-1.02	76.24	3.668
2014-12-31 11:52:23.13	20551	20451	-37	-37	10	1.38	71.89	3.668
2014-12-31 12:17:26.887	20551	20451	-38	-37	10
2014-12-31 12:37:29.551	20551	20451	-39	-38	10	2.96	73.27	3.669
2014-12-31 13:17:23.22	20551	20451	-38	-38	11
2014-12-31 14:07:24.854	20551	20451	-39	-39	10	3.53	73.26	3.649
2014-12-31 14:17:24.379	20551	20451	-39	-38	10
2014-12-31 14:47:25.327	20551	20451	-39	-37	10
2014-12-31 15:07:22.603	20551	20451	-38	-37	10	1.97	75.03	3.668
2014-12-31 15:37:22.531	20551	20451	-38	-37	10	1.1	75.12	3.669
2014-12-31 15:47:25.271	20551	20451	-38	-38	10
2014-12-31 16:07:31.198	20551	20451	-37	-37	10	-1.79	76.83	3.646
2014-12-31 16:37:26.523	20551	20451	-37	-37	15	-3.96	78.87	3.668
2014-12-31 16:47:21.327	20551	20451	-38	-37	15
2014-12-31 16:47:21.346	20551	20451	-38	-37	15
2014-12-31 16:52:25.538	20551	20451	-38	-37	15	-4.34	78.92	3.665
2014-12-31 17:17:26.722	20551	20451	-37	-37	11
2014-12-31 17:22:27.07	20551	20451	-38	-37	11	-4.89	78.59	3.666
2014-12-31 18:47:35.531	20551	20451	-38	-37	10
2014-12-31 19:17:31.547	20551	20451	-38	-37	10
2014-12-31 19:22:21.498	20551	20451	-37	-37	10	-5.5	77.99	3.666
2014-12-31 19:37:24.462	20551	20451	-37	-37	10	-5.57	77.95	3.666
2014-12-31 20:47:26.451	20551	20451	-37	-37	10
2014-12-31 21:07:24.414	20551	20451	-37	-37	10	-6.06	77.91	3.665
2014-12-31 23:22:27.395	20551	20451	-37	-36	10	-6.07	77.75	3.664
2014-12-31 23:47:28.906	20551	20451	-37	-37	10
2014-12-31 23:52:25.118	20551	20451	-37	-36	10	-6.06	77.66	3.664
2015-01-01 00:07:24.382	20551	20451	-37	-35	10
2015-01-01 01:17:26.895	20551	20451	-37	-36	10
2015-01-01 01:22:26.162	20551	20451	-37	-36	10	-6.14	77.51	3.663
2015-01-01 09:47:21.899	20551	20451	-38	-37	10
2015-01-01 10:07:22.156	20551	20451	-37	-37	10
2015-01-01 11:47:25.571	20551	20451	-39	-37	10
2015-01-01 12:37:22.986	20551	20451	-38	-37	10	4.56	71.61	3.665
2015-01-01 12:47:27.671	20551	20451	-38	-37	10
2015-01-01 12:47:27.694	20551	20451	-38	-37	10
2015-01-01 12:52:24.143	20551	20451	-38	-37	10	7.47	67.56	3.665
2015-01-01 13:07:22.91	20551	20451	-37	-37	10	4.49	70.9	3.666
2015-01-01 14:47:22.478	20551	20451	-39	-37	10
2015-01-01 14:52:24.807	20551	20451	-39	-37	10	4.03	75.62	3.668
2015-01-01 15:07:24.847	20551	20451	-39	-38	10	6.6	71.49	3.669
2015-01-01 15:17:23.443	20551	20451	-39	-37	10
2015-01-01 15:22:28.806	20551	20451	-38	-37	10	4.25	72.47	3.671
2015-01-01 15:27:21.859	20551	20451	-37	-37	11
2015-01-01 15:37:22.731	20551	20451	-37	-37	11	3.67	74.94	3.671
2015-01-01 16:07:22.698	20551	20451	-39	-37	10
2015-01-01 16:07:22.726	20551	20451	-39	-37	10	2.65	74.21	3.648
2015-01-01 16:37:25.678	20551	20451	-39	-37	10	1.25	75.54	3.669
2015-01-01 23:07:29.379	20551	20451	-38	-37	10	-0.2	74.99	3.669
2015-01-02 00:07:26.259	20551	20451	-38	-37	10
2015-01-02 00:37:24.198	20551	20451	-38	-37	10	-0.73	75.44	3.668
2015-01-02 00:47:24.922	20551	20451	-38	-37	10
2015-01-02 00:47:24.939	20551	20451	-38	-35	11
2015-01-02 01:07:23.163	20551	20451	-38	-37	10	-0.91	75.64	3.669
2015-01-02 01:17:27.986	20551	20451	-38	-37	10
2015-01-02 01:22:23.175	20551	20451	-38	-37	10	-0.71	75.56	3.668
2015-01-02 01:27:23.211	20551	20451	-38	-37	10
2015-01-02 01:37:27.19	20551	20451	-38	-37	10	-0.61	75.36	3.668
2015-01-02 01:52:27.23	20551	20451	-37	-37	11	-0.84	75.36	3.669
2015-01-02 02:07:26.158	20551	20451	-38	-37	11
2015-01-02 02:17:30.935	20551	20451	-38	-37	12
2015-01-02 04:52:25.043	20551	20451	-38	-37	10	-1.96	75.94	3.67
2015-01-02 05:17:23.71	20551	20451	-37	-37	10
2015-01-02 05:22:26.002	20551	20451	-37	-36	10	-2.24	76.07	3.666
2015-01-02 05:47:27.718	20551	20451	-37	-36	10
2015-01-02 06:17:27.67	20551	20451	-37	-37	10
2015-01-02 06:22:23.927	20551	20451	-38	-36	10	-1.78	75.96	3.647
2015-01-02 06:47:26.683	20551	20451	-38	-37	10
2015-01-02 06:52:23.903	20551	20451	-38	-37	10	-1.61	75.82	3.666
2015-01-02 07:22:25.922	20551	20451	-37	-37	10	-2.42	76.2	3.665
2015-01-02 07:27:22.066	20551	20451	-38	-36	10
2015-01-02 07:37:26.534	20551	20451	-38	-37	10	-2.5	76.44	3.668
2015-01-02 07:47:23.567	20551	20451	-38	-34	10
2015-01-02 07:52:24.894	20551	20451	-38	-36	10	-2.46	76.26	3.67
2015-01-02 08:07:25.906	20551	20451	-38	-36	10	-2.39	76.21	3.646
2015-01-02 08:52:28.883	20551	20451	-38	-37	10	-1.29	76.01	3.668
2015-01-02 11:07:27.734	20551	20451	-39	-36	10	6.74	69.87	3.669
2015-01-02 11:22:24.679	20551	20451	-39	-38	10	8.1	68.83	3.67
2015-01-02 11:52:23.614	20551	20451	-39	-37	10	8.36	69.01	3.673
2015-01-02 13:07:26.482	20551	20451	-39	-38	10	7.78	70.34	3.673
2015-01-02 13:27:22.066	20551	20451	-39	-37	10
2015-01-02 13:52:26.455	20551	20451	-41	-38	10	7.82	71.81	3.674
2015-01-02 14:07:25.391	20551	20451	-40	-37	10
2015-01-02 14:17:26.071	20551	20451	-39	-38	10
2015-01-02 14:22:27.383	20551	20451	-39	-38	10	7.64	72.17	3.674
2015-01-02 14:47:27.058	20551	20451	-39	-38	11
2015-01-02 15:07:24.334	20551	20451	-39	-37	11	6.53	73.11	3.675
2015-01-02 15:17:30.019	20551	20451	-38	-38	11
2015-01-02 15:47:24.97	20551	20451	-38	-37	10
2015-01-02 15:52:28.302	20551	20451	-38	-37	10	4.28	74.67	3.674
2015-01-02 16:37:24.19	20551	20451	-37	-37	10	2.28	75.71	3.674
2015-01-02 16:47:22.834	20551	20451	-37	-37	10
2015-01-02 16:47:22.847	20551	20451	-39	-37	10
2015-01-02 17:17:22.891	20551	20451	-38	-37	10
2015-01-02 17:27:22.167	20551	20451	-38	-37	10
2015-01-02 17:52:27.187	20551	20451	-38	-37	10	-1.17	77.11	3.674
2015-01-02 18:07:23.042	20551	20451	-38	-37	10
2015-01-02 18:07:23.063	20551	20451	-38	-37	10	-1.5	77.13	3.652
2015-01-02 18:17:23.746	20551	20451	-38	-37	10
2015-01-02 18:22:30.166	20551	20451	-38	-37	10	-1.74	76.99	3.67
2015-01-02 18:37:24.079	20551	20451	-38	-37	10	-1.92	76.85	3.671
2015-01-02 19:07:24.059	20551	20451	-38	-37	10	-2.24	76.9	3.673
2015-01-02 19:17:30.766	20551	20451	-38	-35	10
2015-01-02 19:22:22.998	20551	20451	-38	-37	10	-2.27	76.68	3.671
2015-01-02 19:27:27.071	20551	20451	-38	-37	10
2015-01-03 00:47:24.435	20551	20451	-37	-37	10
2015-01-03 01:07:27.807	20551	20451	-37	-37	10	-3.5	76.51	3.67
2015-01-03 01:22:30.818	20551	20451	-37	-36	10	-3.66	76.57	3.669
2015-01-03 01:27:24.655	20551	20451	-37	-36	10
2015-01-03 01:47:30.475	20551	20451	-37	-37	10
2015-01-03 01:52:26.79	20551	20451	-36	-36	10	-3.85	76.66	3.669
2015-01-03 02:07:26.727	20551	20451	-37	-36	10
2015-01-03 02:37:24.691	20551	20451	-37	-37	13	-3.6	76.39	3.67
2015-01-03 03:22:25.719	20551	20451	-37	-37	13	-3.2	76.53	3.669
2015-01-03 03:27:25.746	20551	20451	-38	-37	13
2015-01-03 03:37:25.675	20551	20451	-37	-37	13	-2.71	76.06	3.669
2015-01-03 03:47:23.362	20551	20451	-38	-37	13
2015-01-03 04:07:35.194	20551	20451	-38	-37	11	-2.39	75.87	3.647
2015-01-03 04:47:28.375	20551	20451	-38	-35	10
2015-01-03 04:52:29.714	20551	20451	-38	-37	14	-2.02	75.93	3.669
2015-01-03 08:52:23.847	20551	20451	-37	-37	10	0.42	75.39	3.67
2015-01-03 10:22:29.227	20551	20451	-38	-37	10	1.17	75.4	3.665
2015-01-03 10:47:31.975	20551	20451	-39	-37	10
2015-01-03 11:07:23.198	20551	20451	-38	-38	10	2.28	74.9	3.668
2015-01-03 11:17:27.25	20551	20451	-39	-38	10
2015-01-03 11:22:27.271	20551	20451	-39	-38	10	2.56	74.88	3.666
2015-01-03 11:27:28.29	20551	20451	-39	-37	10
2015-01-03 11:47:26.158	20551	20451	-39	-38	10
2015-01-03 12:17:27.168	20551	20451	-39	-38	10
2015-01-03 12:37:33.279	20551	20451	-39	-38	10	3.29	74.84	3.666
2015-01-03 14:22:27.21	20551	20451	-43	-40	10	4.03	74.87	3.668
2015-01-03 15:07:28.21	20551	20451	-41	-41	10	4.39	74.79	3.669
2015-01-03 15:27:27.246	20551	20451	-42	-41	10
2015-01-03 15:37:24.162	20551	20451	-42	-41	10	4.9	74.5	3.671
2015-01-03 16:07:28.194	20551	20451	-43	-41	10
2015-01-03 16:07:28.21	20551	20451	-43	-41	10	4.93	74.61	3.649
2015-01-03 16:22:25.166	20551	20451	-43	-41	10	4.97	74.77	3.671
2015-01-03 16:47:31.939	20551	20451	-43	-41	10
2015-01-03 16:52:27.171	20551	20451	-42	-41	10	5.07	74.73	3.671
2015-01-03 18:22:29.162	20551	20451	-43	-41	10	5.01	74.95	3.671
2015-01-03 18:47:33.906	20551	20451	-43	-41	10
2015-01-03 18:52:28.155	20551	20451	-43	-41	10	5.07	75.09	3.671
2015-01-03 19:22:30.191	20551	20451	-43	-41	10	5.38	74.95	3.67
2015-01-03 19:37:31.195	20551	20451	-42	-41	11	5.89	74.4	3.67
2015-01-03 19:47:34.931	20551	20451	-43	-41	11
2015-01-03 21:52:27.45	20551	20451	-43	-41	10	8.38	73.76	3.676
2015-01-03 22:07:25.596	20551	20451	-43	-41	10	8.83	73.26	3.657
2015-01-03 22:17:27.095	20551	20451	-42	-41	10
2015-01-03 23:52:33.326	20551	20451	-43	-41	10	9.7	73.28	3.676
2015-01-04 02:07:27.526	20551	20451	-43	-41	10
2015-01-04 02:07:29.959	20551	20451	-43	-41	10	11.54	72.6	3.663
2015-01-04 02:17:31.634	20551	20451	-41	-41	10
2015-01-04 02:47:34.674	20551	20451	-43	-41	10
2015-01-04 02:52:33.923	20551	20451	-42	-41	10	11.81	72.81	3.68
2015-01-04 03:17:28.611	20551	20451	-43	-41	10
2015-01-04 03:22:35.93	20551	20451	-43	-41	10	12.1	72.63	3.681
2015-01-04 03:27:34.959	20551	20451	-43	-41	10
2015-01-04 10:37:24.858	20551	20451	-40	-39	10	15.75	72.11	3.691
2015-01-04 11:22:25.642	20551	20451	-40	-39	10	14.24	73.68	3.69
2015-01-04 11:37:26.279	20551	20451	-39	-39	10	13.86	73.71	3.691
2015-01-04 11:47:25.599	20551	20451	-40	-39	10
2015-01-04 12:22:25.463	20551	20451	-39	-38	10	12.47	74.85	3.69
2015-01-04 13:07:28.063	20551	20451	-38	-38	10	11.04	75.67	3.691
2015-01-04 13:17:26.45	20551	20451	-38	-37	10
2015-01-04 13:17:27.106	20551	20451	-38	-37	10
2015-01-04 13:22:30.231	20551	20451	-38	-38	10	10.93	76.05	3.691
2015-01-04 13:27:25.536	20551	20451	-39	-38	10
2015-01-04 13:37:23.279	20551	20451	-39	-38	10	11.43	75.23	3.69
2015-01-04 15:52:25.51	20551	20451	-39	-38	10	9.92	75.82	3.691
2015-01-04 17:22:29.534	20551	20451	-39	-37	17	7.01	77.14	3.688
2015-01-04 19:17:26.687	20551	20451	-38	-37	10
2015-01-04 19:22:26.698	20551	20451	-38	-37	10	3.85	78.02	3.687
2015-01-04 19:52:25.19	20551	20451	-38	-37	10	3.75	77.81	3.686
2015-01-04 20:07:24.535	20551	20451	-38	-37	10
2015-01-04 20:07:24.547	20551	20451	-37	-37	10	3.64	77.78	3.668
2015-01-04 20:17:27.558	20551	20451	-38	-37	10
2015-01-04 20:37:26.495	20551	20451	-37	-37	10	2.68	77.53	3.686
2015-01-04 21:27:28.427	20551	20451	-37	-37	10
2015-01-04 22:37:31.15	20551	20451	-37	-37	11	1.67	77.81	3.686
2015-01-05 01:52:26.883	20551	20451	-38	-37	10	-0.71	78.63	3.682
2015-01-05 02:07:24.06	20551	20451	-38	-37	10
2015-01-05 02:17:29.315	20551	20451	-37	-37	10
2015-01-05 02:22:29.32	20551	20451	-38	-37	10	-1.06	78.74	3.681
2015-01-05 02:47:25.242	20551	20451	-38	-37	10
2015-01-05 03:07:34.174	20551	20451	-38	-37	10	-1.32	78.61	3.681
2015-01-05 04:22:32.511	20551	20451	-38	-36	10	-2.52	78.9	3.68
2015-01-05 04:52:23.878	20551	20451	-37	-37	10	-2.85	79.17	3.679
2015-01-05 05:07:27.166	20551	20451	-38	-37	10	-2.93	79.1	3.68
2015-01-05 05:37:31.883	20551	20451	-37	-37	10	-3.45	79.24	3.679
2015-01-05 05:47:27.897	20551	20451	-38	-37	10
2015-01-05 07:17:31.99	20551	20451	-37	-37	10
2015-01-05 07:27:26.426	20551	20451	-37	-36	10
2015-01-05 09:17:25.231	20551	20451	-38	-37	10
2015-01-05 09:37:26.198	20551	20451	-38	-37	10	-5.32	79.7	3.676
2015-01-05 09:47:22.291	20551	20451	-38	-37	10
2015-01-05 10:07:23.207	20551	20451	-37	-37	10
2015-01-05 14:22:22.598	20551	20451	-37	-37	10	-2.6	78.21	3.676
2015-01-05 14:47:29.191	20551	20451	-38	-37	10
2015-01-05 15:17:24.091	20551	20451	-37	-37	10
2015-01-05 15:47:24.138	20551	20451	-37	-37	10
2015-01-05 16:47:26.05	20551	20451	-37	-36	10
2015-01-05 16:47:26.067	20551	20451	-37	-36	10
2015-01-05 17:17:24.011	20551	20451	-37	-36	10
2015-01-05 17:37:23.007	20551	20451	-37	-36	10	-8.91	79.91	3.673
2015-01-05 18:47:25.199	20551	20451	-37	-36	10
2015-01-05 19:27:22.811	20551	20451	-37	-36	10
2015-01-05 19:47:35.175	20551	20451	-37	-36	10
2015-01-05 20:07:25.01	20551	20451	-37	-36	10
2015-01-05 20:07:25.031	20551	20451	-37	-36	10	-9.19	79.42	3.651
2015-01-05 20:22:23.553	20551	20451	-37	-36	10	-9.26	79.36	3.671
2015-01-05 20:52:27.278	20551	20451	-37	-36	10	-9.25	79.3	3.67
2015-01-05 21:27:29.615	20551	20451	-36	-36	10
2015-01-06 03:07:25.843	20551	20451	-36	-36	10	-9.39	79.22	3.668
2015-01-06 03:17:25.258	20551	20451	-37	-36	10
2015-01-06 03:27:24.046	20551	20451	-37	-36	10
2015-01-06 03:37:25.275	20551	20451	-36	-36	10	-9.39	79.42	3.666
2015-01-06 03:47:33.31	20551	20451	-37	-36	10
2015-01-06 03:52:29.342	20551	20451	-36	-36	10	-9.19	79.22	3.666
2015-01-06 04:07:24.85	20551	20451	-37	-36	10
2015-01-06 04:07:24.871	20551	20451	-36	-36	10	-9.33	79.17	3.648
2015-01-06 04:17:25.083	20551	20451	-37	-36	10
2015-01-06 04:22:24.226	20551	20451	-35	-36	10	-9.42	79.3	3.666
2015-01-06 04:52:31.715	20551	20451	-36	-36	10	-9.36	79.38	3.669
2015-01-06 05:17:27.374	20551	20451	-37	-36	10
2015-01-06 06:22:30.811	20551	20451	-36	-36	10	-9.11	79.13	3.665
2015-01-06 08:47:26.447	20551	20451	-37	-36	10
2015-01-06 09:22:26.326	20551	20451	-37	-36	10	-7.67	78.77	3.665
2015-01-07 14:22:27.178	20551	20451	-37	-37	10	-3.82	73.69	3.653
2015-01-07 14:52:30.823	20551	20451	-37	-37	10	-8.56	79.74	3.654
2015-01-07 15:22:27.75	20551	20451	-38	-35	10	-6.11	77.95	3.654
2015-01-07 16:17:29.706	20551	20451	-37	-36	10
2015-01-07 19:07:26.45	20551	20451	-35	-35	11	-14.66	79.77	3.648
2015-01-07 19:27:31.759	20551	20451	-35	-35	11
2015-01-07 20:17:29.17	20551	20451	-35	-36	10
2015-01-07 20:37:30.779	20551	20451	-35	-36	11	-14.84	79.73	3.648
2015-01-07 21:22:27.214	20551	20451	-35	-35	10	-15.02	79.58	3.648
2015-01-07 21:37:37.287	20551	20451	-35	-36	10	-15.1	79.6	3.648
2015-01-07 21:47:29.999	20551	20451	-35	-34	11
2015-01-07 21:52:28.09	20551	20451	-35	-35	11	-15.27	79.58	3.647
2015-01-07 22:07:29.079	20551	20451	-35	-35	11
2015-01-07 22:17:26.211	20551	20451	-35	-35	11
2015-01-07 22:22:27.258	20551	20451	-34	-33	11	-15.46	79.58	3.647
2015-01-07 22:47:26.494	20551	20451	-34	-35	10
2015-01-07 22:47:26.51	20551	20451	-34	-35	10
2015-01-07 23:07:28.818	20551	20451	-34	-35	10	-15.76	79.55	3.648
2015-01-07 23:22:31.174	20551	20451	-34	-35	10	-15.87	79.73	3.647
2015-01-08 02:22:31.944	20551	20451	-34	-35	10	-16.71	79.57	3.646
2015-01-08 03:07:30.178	20551	20451	-34	-35	10	-16.78	79.43	3.643
2015-01-08 03:17:29.475	20551	20451	-34	-33	10
2015-01-08 03:22:27.57	20551	20451	-33	-35	10	-16.92	79.54	3.645
2015-01-08 03:27:32.355	20551	20451	-34	-35	10
2015-01-08 03:47:29.459	20551	20451	-33	-35	10
2015-01-08 03:52:27.459	20551	20451	-33	-35	10	-17.04	79.62	3.643
2015-01-08 04:47:29.523	20551	20451	-33	-35	10
2015-01-08 05:17:27.618	20551	20451	-34	-35	10
2015-01-08 05:22:32.204	20551	20451	-33	-33	10	-16.86	79.79	3.643
2015-01-08 05:27:27.916	20551	20451	-34	-35	10
2015-01-08 05:37:29.667	20551	20451	-34	-33	10	-16.72	79.57	3.642
2015-01-08 05:47:32.235	20551	20451	-34	-35	10
2015-01-08 05:52:31.351	20551	20451	-34	-35	11	-16.8	79.4	3.643
2015-01-08 06:07:30.751	20551	20451	-34	-35	11
2015-01-08 06:07:30.771	20551	20451	-33	-35	11	-16.77	79.64	3.62
2015-01-08 06:17:27.694	20551	20451	-33	-33	10
2015-01-08 06:22:30.158	20551	20451	-33	-35	10	-17.0	79.44	3.643
2015-01-08 06:37:29.726	20551	20451	-33	-35	10	-17.17	79.59	3.643
2015-01-08 06:47:32.111	20551	20451	-34	-35	10
2015-01-08 06:47:32.126	20551	20451	-34	-35	10
2015-01-08 06:52:31.202	20551	20451	-33	-33	10	-17.32	79.59	3.642
2015-01-08 07:37:29.866	20551	20451	-33	-35	13	-17.42	79.57	3.643
2015-01-08 07:47:29.911	20551	20451	-33	-35	13
2015-01-08 07:52:30.623	20551	20451	-33	-35	12	-17.56	79.68	3.641
2015-01-08 08:37:28.999	20551	20451	-33	-35	10	-17.28	79.77	3.642
2015-01-08 08:47:32.226	20551	20451	-34	-33	10
2015-01-08 10:07:37.414	20551	20451	-36	-35	10
2015-01-08 10:17:33.35	20551	20451	-36	-36	10
2015-01-08 17:37:37.755	20551	20451	-35	-36	10	-11.86	79.28	3.643
2015-01-08 22:37:30.09	20551	20451	-36	-36	10	-10.12	78.1	3.642
2015-01-09 03:07:33.083	20551	20451	-37	-36	10	-6.56	77.02	3.646
2015-01-09 05:22:39.287	20551	20451	-37	-36	10	-7.28	77.8	3.645
2015-01-09 05:27:38.127	20551	20451	-37	-36	10
2015-01-09 07:07:31.095	20551	20451	-37	-36	11	-6.57	77.43	3.646
2015-01-09 08:47:33.185	20551	20451	-37	-36	13
2015-01-09 09:47:35.171	20551	20451	-37	-37	12
2015-01-09 09:52:33.826	20551	20451	-37	-36	12	-4.82	78.06	3.647
2015-01-09 10:52:30.378	20551	20451	-38	-37	10	-2.29	76.2	3.646
2015-01-09 11:07:34.899	20551	20451	-39	-37	10	-2.5	75.39	3.647
2015-01-09 13:07:36.803	20551	20451	-39	-38	10	-0.71	75.97	3.651
2015-01-09 18:17:42.35	20551	20451	-37	-36	10
2015-01-09 18:22:35.259	20551	20451	-37	-34	10	-9.43	78.57	3.648
2015-01-09 18:47:36.262	20551	20451	-36	-36	10
2015-01-09 19:17:38.354	20551	20451	-36	-36	10
2015-01-09 19:22:41.371	20551	20451	-36	-36	10	-10.64	78.77	3.648
2015-01-09 19:27:33.403	20551	20451	-36	-36	10
2015-01-09 19:37:41.303	20551	20451	-36	-36	10	-10.94	78.66	3.648
2015-01-09 20:07:36.399	20551	20451	-35	-36	10	-11.35	78.78	3.626
2015-01-09 20:22:33.435	20551	20451	-36	-35	10	-11.4	78.88	3.647
2015-01-09 20:37:43.51	20551	20451	-36	-36	10	-11.44	78.76	3.647
2015-01-10 02:17:36.791	20551	20451	-34	-35	10
2015-01-10 06:47:35.574	20551	20451	-33	-35	10
2015-01-10 07:37:45.01	20551	20451	-33	-35	10	-17.52	78.87	3.636
2015-01-10 07:52:37.014	20551	20451	-33	-35	10	-17.46	79.08	3.637
2015-01-10 08:47:39.002	20551	20451	-34	-35	10
2015-01-10 09:22:39.214	20551	20451	-35	-36	10	-14.52	79.59	3.635
2015-01-10 09:37:39.958	20551	20451	-35	-36	14	-13.35	78.16	3.636
2015-01-10 12:17:53.239	20551	20451	-37	-36	13
2015-01-10 18:37:36.803	20551	20451	-36	-36	10	-10.52	79.15	3.643
2015-01-10 18:47:40.607	20551	20451	-36	-36	10
2015-01-10 22:07:34.154	20551	20451	-36	-36	10	-11.12	78.11	3.619
2015-01-10 23:27:35.282	20551	20451	-35	-36	10
2015-01-11 00:07:37.347	20551	20451	-36	-36	10
2015-01-11 01:37:38.519	20551	20451	-36	-36	10	-11.8	77.95	3.64
2015-01-11 04:37:36.371	20551	20451	-37	-36	12	-8.36	77.19	3.642
2015-01-11 04:47:34.055	20551	20451	-37	-36	13
2015-01-11 04:52:35.35	20551	20451	-37	-36	13	-8.22	77.22	3.642
2015-01-11 05:07:36.434	20551	20451	-37	-36	13	-8.03	77.17	3.642
2015-01-11 11:52:42.53	20551	20451	-37	-37	10	0.64	74.65	3.649
2015-01-11 12:07:36.434	20551	20451	-38	-37	10
2015-01-11 12:47:42.123	20551	20451	-38	-37	10
2015-01-11 14:37:38.127	20551	20451	-40	-37	10	3.7	73.92	3.656
2015-01-11 16:47:35.586	20551	20451	-38	-37	10
2015-01-11 16:47:37.63	20551	20451	-38	-37	10
2015-01-11 16:52:39.934	20551	20451	-38	-37	10	2.64	74.46	3.658
2015-01-12 01:22:38.399	20551	20451	-37	-37	10	0.38	75.28	3.66
2015-01-12 03:17:38.767	20551	20451	-39	-38	10
2015-01-12 03:22:37.006	20551	20451	-39	-38	10	0.82	75.13	3.662
2015-01-12 03:47:39.75	20551	20451	-38	-38	10
2015-01-12 04:07:44.286	20551	20451	-38	-37	10
2015-01-12 04:17:41.711	20551	20451	-38	-37	11
2015-01-12 06:07:42.228	20551	20451	-38	-37	10	1.36	75.15	3.641
2015-01-12 06:17:43.134	20551	20451	-38	-37	10
2015-01-12 06:47:38.838	20551	20451	-38	-37	10
2015-01-12 07:07:37.159	20551	20451	-38	-37	10	1.57	75.12	3.663
2015-01-12 07:22:42.099	20551	20451	-37	-37	10	1.42	75.26	3.664
2015-01-12 07:27:40.223	20551	20451	-38	-37	10
2015-01-12 09:37:42.643	20551	20451	-38	-37	10	2.1	75.11	3.666
2015-01-12 13:22:47.251	20551	20451	-38	-38	10	1.82	75.86	3.665
2015-01-12 13:47:47.255	20551	20451	-38	-38	10
2015-01-12 13:52:48.187	20551	20451	-38	-38	10	2.32	75.77	3.666
2015-01-12 14:07:38.462	20551	20451	-38	-39	10
2015-01-12 14:47:39.179	20551	20451	-38	-38	10
2015-01-12 14:52:43.616	20551	20451	-38	-38	10	1.61	76.11	3.666
2015-01-12 15:27:44.783	20551	20451	-38	-38	10
2015-01-12 15:37:39.468	20551	20451	-38	-38	14	1.38	76.03	3.666
2015-01-12 15:47:44.399	20551	20451	-38	-38	14
2015-01-12 16:17:39.314	20551	20451	-38	-38	11
2015-01-12 18:07:42.487	20551	20451	-38	-37	10
2015-01-12 18:07:48.163	20551	20451	-38	-37	10	0.01	76.47	3.646
2015-01-12 18:17:37.186	20551	20451	-38	-37	10
2015-01-12 18:22:45.106	20551	20451	-38	-37	10	-0.03	76.43	3.666
2015-01-12 18:37:37.44	20551	20451	-38	-37	10	-0.11	76.46	3.666
2015-01-12 19:27:43.591	20551	20451	-38	-37	10
2015-01-12 20:37:44.542	20551	20451	-37	-37	10	-1.17	76.85	3.665
2015-01-12 20:47:39.326	20551	20451	-37	-37	10
2015-01-12 20:47:43.399	20551	20451	-37	-37	10
2015-01-12 20:52:42.666	20551	20451	-37	-37	10	-1.25	77.0	3.665
2015-01-12 21:22:34.623	20551	20451	-37	-37	10	-1.41	76.92	3.665
2015-01-12 21:37:36.667	20551	20451	-37	-37	10	-1.52	76.99	3.664
2015-01-12 21:47:36.834	20551	20451	-37	-37	10
2015-01-12 22:07:35.232	20551	20451	-37	-37	10
2015-01-12 22:17:37.446	20551	20451	-37	-37	10
2015-01-12 22:22:42.746	20551	20451	-37	-37	10	-1.7	76.95	3.663
2015-01-12 22:47:34.083	20551	20451	-37	-37	10
2015-01-12 23:07:36.927	20551	20451	-37	-37	10	-1.85	77.01	3.665
2015-01-12 23:17:35.306	20551	20451	-37	-37	10
2015-01-12 23:27:42.567	20551	20451	-36	-37	10
2015-01-12 23:37:35.579	20551	20451	-37	-37	10	-2.0	77.0	3.666
2015-01-12 23:47:35.531	20551	20451	-37	-37	10
2015-01-12 23:52:36.594	20551	20451	-37	-37	10	-2.06	77.06	3.665
2015-01-13 00:07:35.595	20551	20451	-37	-37	10
2015-01-13 00:07:35.614	20551	20451	-37	-37	10	-2.2	77.08	3.646
2015-01-13 00:17:42.366	20551	20451	-37	-37	10
2015-01-13 00:22:34.515	20551	20451	-37	-34	10	-2.28	77.15	3.665
2015-01-13 01:22:37.85	20551	20451	-36	-34	10	-3.18	77.38	3.665
2015-01-13 01:27:42.023	20551	20451	-37	-36	10
2015-01-13 01:37:35.37	20551	20451	-37	-36	10	-3.49	77.54	3.665
2015-01-13 01:52:39.687	20551	20451	-36	-36	10	-3.75	77.65	3.663
2015-01-13 02:07:40.094	20551	20451	-36	-36	10
2015-01-13 02:07:40.639	20551	20451	-36	-36	10	-4.14	77.65	3.645
2015-01-13 02:07:41.615	20551	20451	-36	-36	10
2015-01-13 02:07:43.082	20551	20451	-36	-36	10
2015-01-13 02:37:37.546	20551	20451	-35	-36	11	-5.61	78.15	3.664
2015-01-13 03:37:38.066	20551	20451	-35	-36	10	-6.99	78.45	3.663
2015-01-13 03:52:42.67	20551	20451	-35	-36	10	-7.21	78.49	3.663
2015-01-13 04:37:39.11	20551	20451	-35	-36	10	-7.78	78.43	3.662
2015-01-13 04:47:44.058	20551	20451	-35	-36	11
2015-01-13 04:47:44.078	20551	20451	-35	-36	10
2015-01-13 05:22:42.427	20551	20451	-35	-36	12	-8.22	78.35	3.663
2015-01-13 06:07:45.935	20551	20451	-35	-33	11
2015-01-13 06:22:37.847	20551	20451	-35	-36	11	-9.06	78.56	3.663
2015-01-13 06:52:40.914	20551	20451	-35	-34	11	-9.61	78.61	3.66
2015-01-13 07:17:40.098	20551	20451	-34	-33	12
2015-01-13 07:37:41.126	20551	20451	-35	-36	11	-10.32	78.85	3.66
2015-01-13 12:07:35.639	20551	20451	-38	-38	10
2015-01-13 12:07:35.774	20551	20451	-39	-37	10	6.2	65.43	3.645
2015-01-13 12:17:35.258	20551	20451	-39	-38	10
2015-01-13 12:22:36.582	20551	20451	-37	-37	10	3.71	72.44	3.665
2015-01-13 12:47:41.27	20551	20451	-39	-39	10
2015-01-13 12:47:41.57	20551	20451	-39	-39	10
2015-01-13 12:52:36.25	20551	20451	-40	-39	10	9.22	61.08	3.665
2015-01-13 13:27:46.398	20551	20451	-40	-38	10
2015-01-13 14:07:38.518	20551	20451	-41	-39	17
2015-01-13 14:22:36.418	20551	20451	-39	-39	17	8.01	65.51	3.665
2015-01-13 15:27:39.463	20551	20451	-40	-38	16
2015-01-13 16:22:45.522	20551	20451	-39	-37	16	0.96	77.65	3.666
2015-01-13 16:37:41.418	20551	20451	-38	-37	16	-1.75	77.83	3.666
2015-01-13 16:47:41.679	20551	20451	-37	-37	18
2015-01-13 17:07:37.343	20551	20451	-37	-36	21	-4.75	80.9	3.665
2015-01-13 17:17:39.059	20551	20451	-37	-36	21
2015-01-13 17:22:40.411	20551	20451	-37	-36	21	-5.5	81.33	3.664
2015-01-13 17:47:42.117	20551	20451	-37	-36	17
2015-01-13 18:22:45.435	20551	20451	-37	-36	16	-7.06	81.0	3.663
2015-01-13 18:37:37.37	20551	20451	-37	-36	16	-7.3	80.84	3.663
2015-01-13 18:47:41.003	20551	20451	-37	-36	15
2015-01-13 19:22:40.662	20551	20451	-37	-36	14	-7.57	80.0	3.662
2015-01-13 19:52:41.003	20551	20451	-37	-36	14	-7.78	79.71	3.662
2015-01-13 20:07:40.347	20551	20451	-37	-36	14	-7.76	79.49	3.641
2015-01-13 21:17:39.39	20551	20451	-37	-36	12
2015-01-13 21:37:36.626	20551	20451	-37	-36	12	-8.28	79.14	3.662
2015-01-13 21:52:38.092	20551	20451	-37	-36	12	-8.14	78.91	3.662
2015-01-13 22:07:43.354	20551	20451	-37	-36	12	-8.08	78.74	3.638
2015-01-13 22:17:39.392	20551	20451	-37	-36	12
2015-01-13 22:22:37.315	20551	20451	-37	-36	11	-8.02	78.62	3.662
2015-01-13 22:37:41.36	20551	20451	-37	-36	11	-7.94	78.55	3.66
2015-01-13 22:47:49.683	20551	20451	-37	-36	12
2015-01-13 23:47:41.414	20551	20451	-37	-36	10
2015-01-13 23:52:49.159	20551	20451	-37	-36	10	-8.48	78.38	3.66
2015-01-14 00:37:51.799	20551	20451	-37	-36	10	-8.59	78.4	3.66
2015-01-14 02:22:40.938	20551	20451	-37	-36	10	-9.28	78.24	3.659
2015-01-14 06:47:40.671	20551	20451	-36	-36	10
2015-01-14 07:37:42.79	20551	20451	-36	-36	10	-11.58	78.47	3.654
2015-01-14 07:47:39.159	20551	20451	-36	-36	10
2015-01-14 09:07:45.911	20551	20451	-37	-36	10	-8.48	77.89	3.647
2015-01-14 09:17:43.9	20551	20451	-37	-36	14
2015-01-14 10:07:39.843	20551	20451	-37	-36	13	-6.0	77.21	3.634
2015-01-14 10:37:43.923	20551	20451	-37	-37	12	-5.18	77.12	3.658
2015-01-14 11:07:39.918	20551	20451	-37	-37	12	-4.2	76.82	3.657
2015-01-14 11:17:43.966	20551	20451	-38	-37	11
2015-01-14 11:27:38.886	20551	20451	-38	-37	12
2015-01-14 11:52:41.45	20551	20451	-38	-37	12	-3.14	76.68	3.657
2015-01-14 12:17:47.771	20551	20451	-39	-37	12
2015-01-14 12:47:40.795	20551	20451	-38	-37	12
2015-01-14 12:47:40.811	20551	20451	-38	-37	12
2015-01-14 13:07:39.794	20551	20451	-38	-37	11	-2.48	76.68	3.657
2015-01-14 13:17:38.711	20551	20451	-38	-37	11
2015-01-14 13:47:39.807	20551	20451	-39	-37	10
2015-01-14 14:37:41.811	20551	20451	-37	-37	10	-2.35	76.76	3.659
2015-01-14 14:47:46.838	20551	20451	-37	-37	10
2015-01-14 15:27:39.483	20551	20451	-39	-37	18
2015-01-14 17:07:36.714	20551	20451	-38	-37	17	-3.86	77.27	3.658
2015-01-14 17:17:41.825	20551	20451	-38	-37	17
2015-01-14 17:22:40.842	20551	20451	-38	-37	16	-4.07	77.32	3.659
2015-01-14 17:37:47.915	20551	20451	-38	-37	15	-4.24	77.35	3.66
2015-01-14 18:37:42.199	20551	20451	-38	-37	15	-4.5	77.22	3.659
2015-01-14 18:52:43.235	20551	20451	-37	-37	15	-4.53	77.19	3.658
2015-01-14 19:17:42.958	20551	20451	-37	-37	15
2015-01-15 04:07:48.874	20551	20451	-37	-36	10
2015-01-15 09:52:42.091	20551	20451	-37	-37	10	-3.21	76.0	3.654
2015-01-15 10:07:39.87	20551	20451	-37	-37	10
2015-01-15 10:22:41.938	20551	20451	-39	-37	10	-1.28	73.52	3.658
2015-01-15 10:37:40.367	20551	20451	-38	-38	10	-1.43	75.09	3.656
2015-01-15 11:37:39.795	20551	20451	-39	-38	10	3.25	71.68	3.657
2015-01-15 11:47:40.359	20551	20451	-39	-38	10
2015-01-15 13:07:43.747	20551	20451	-39	-38	10	4.92	70.18	3.659
2015-01-15 14:22:45.667	20551	20451	-39	-38	10	4.82	71.61	3.662
2015-01-15 16:37:56.587	20551	20451	-37	-37	10	-0.03	76.26	3.636
2015-01-15 17:47:40.071	20551	20451	-37	-37	10
2015-01-15 18:22:43.662	20551	20451	-37	-37	10	-2.53	76.58	3.66
2015-01-15 20:17:45.855	20551	20451	-38	-37	10
2015-01-15 23:52:40.127	20551	20451	-38	-37	10	-1.56	75.64	3.662
2015-01-16 01:37:42.427	20551	20451	-38	-37	10	-1.46	75.57	3.662
2015-01-16 01:52:38.162	20551	20451	-38	-37	10	-1.48	75.66	3.662
2015-01-16 02:07:43.058	20551	20451	-38	-37	10	-1.52	75.48	3.642
2015-01-16 02:17:48.926	20551	20451	-38	-37	10
2015-01-16 02:22:42.043	20551	20451	-38	-35	10	-1.89	75.57	3.662
2015-01-16 03:37:42.463	20551	20451	-38	-37	10	-2.46	75.79	3.66
2015-01-16 04:17:44.415	20551	20451	-38	-37	10
2015-01-16 04:22:51.514	20551	20451	-38	-37	10	-2.82	75.99	3.66
2015-01-16 04:37:41.146	20551	20451	-37	-37	10	-2.68	76.07	3.66
2015-01-16 06:37:47.499	20551	20451	-38	-37	10	-2.11	75.86	3.662
2015-01-16 12:47:53.375	20551	20451	-40	-38	10
2015-01-16 13:07:42.554	20551	20451	-38	-37	10	2.14	75.49	3.663
2015-01-16 13:17:40.162	20551	20451	-38	-37	10
2015-01-16 13:27:40.747	20551	20451	-38	-37	10
2015-01-16 14:17:40.086	20551	20451	-40	-37	10
2015-01-16 15:47:43.339	20551	20451	-38	-37	10
2015-01-16 16:17:47.004	20551	20451	-37	-37	10
2015-01-16 16:47:49.119	20551	20451	-39	-37	10
2015-01-16 16:47:56.21	20551	20451	-37	-37	10
2015-01-16 16:47:56.302	20551	20451	-37	-37	10
2015-01-16 17:07:47.299	20551	20451	-39	-37	10	-1.29	76.68	3.664
2015-01-16 18:47:37.799	20551	20451	-38	-37	10
2015-01-16 18:47:40.876	20551	20451	-38	-37	10
2015-01-16 19:27:42.19	20551	20451	-38	-37	10
2015-01-16 19:47:41.978	20551	20451	-38	-35	10
2015-01-16 20:07:39.483	20551	20451	-38	-37	10
2015-01-16 20:47:49.051	20551	20451	-38	-37	10
2015-01-16 22:37:40.91	20551	20451	-38	-37	13	-4.86	76.79	3.66
2015-01-16 23:37:41.891	20551	20451	-38	-37	12	-5.78	77.08	3.66
2015-01-17 00:17:43.943	20551	20451	-37	-37	12
2015-01-17 00:22:45.022	20551	20451	-38	-37	12	-6.0	76.78	3.66
2015-01-17 00:37:44.05	20551	20451	-38	-37	12	-6.56	77.02	3.66
2015-01-17 00:47:41.943	20551	20451	-37	-37	12
2015-01-17 01:27:46.303	20551	20451	-37	-37	12
2015-01-17 01:52:49.739	20551	20451	-37	-37	12	-7.99	77.55	3.658
2015-01-17 02:07:42.011	20551	20451	-37	-34	12
2015-01-17 02:22:53.191	20551	20451	-37	-36	11	-8.26	77.44	3.658
2015-01-17 02:47:38.863	20551	20451	-37	-37	12
2015-01-17 03:17:41.035	20551	20451	-37	-36	12
2015-01-17 03:22:47.68	20551	20451	-37	-36	12	-8.92	77.74	3.658
2015-01-17 03:37:46.035	20551	20451	-37	-36	12	-8.9	77.61	3.658
2015-01-17 03:52:42.65	20551	20451	-37	-36	11	-8.84	77.56	3.658
2015-01-17 04:07:48.055	20551	20451	-37	-36	11
2015-01-17 04:07:48.074	20551	20451	-37	-36	11	-8.74	77.51	3.638
2015-01-17 09:47:44.842	20551	20451	-38	-37	10
2015-01-17 11:27:52.095	20551	20451	-40	-38	10
2015-01-17 11:37:54.998	20551	20451	-40	-38	10	8.2	69.01	3.66
2015-01-17 14:07:39.606	20551	20451	-41	-39	10
2015-01-17 18:37:45.223	20551	20451	-39	-38	10	5.74	73.89	3.675
2015-01-17 19:47:41.687	20551	20451	-39	-38	10
2015-01-17 19:52:43.039	20551	20451	-39	-38	10	5.35	73.15	3.674
2015-01-17 20:47:42.663	20551	20451	-38	-37	10
2015-01-17 21:17:41.61	20551	20451	-38	-37	10
2015-01-17 21:37:49.946	20551	20451	-38	-37	10	3.92	73.77	3.675
2015-01-17 21:47:44.558	20551	20451	-39	-37	10
2015-01-17 21:52:45.908	20551	20451	-38	-37	10	4.0	73.53	3.673
2015-01-17 22:47:42.642	20551	20451	-38	-36	10
2015-01-17 22:47:47.714	20551	20451	-38	-37	10
2015-01-18 04:17:47.067	20551	20451	-39	-37	10
2015-01-18 04:52:44.31	20551	20451	-41	-37	10	4.68	73.09	3.675
2015-01-18 07:27:48.902	20551	20451	-39	-37	10
2015-01-18 08:07:41.683	20551	20451	-39	-37	10
2015-01-18 08:07:43.163	20551	20451	-39	-37	10
2015-01-18 08:07:46.639	20551	20451	-39	-37	10
2015-01-18 08:07:49.495	20551	20451	-39	-37	10
2015-01-18 08:07:51.407	20551	20451	-39	-37	10	5.83	72.51	3.654
2015-01-18 08:07:51.743	20551	20451	-39	-37	10	5.83	72.51	3.654
2015-01-18 10:17:53.667	20551	20451	-39	-38	10
2015-01-18 12:47:43.795	20551	20451	-39	-38	10
2015-01-18 12:52:46.096	20551	20451	-38	-38	10	6.0	73.51	3.675
2015-01-18 15:47:46.079	20551	20451	-38	-37	10
2015-01-18 15:52:46.435	20551	20451	-38	-37	10	3.93	74.05	3.677
2015-01-18 19:37:49.263	20551	20451	-37	-37	10	2.15	74.68	3.673
2015-01-18 21:52:39.895	20551	20451	-37	-37	10	1.58	74.95	3.671
2015-01-18 22:07:49.003	20551	20451	-37	-37	10	1.46	74.92	3.653
2015-01-18 22:22:40.866	20551	20451	-38	-37	10	1.39	75.03	3.673
2015-01-19 10:07:47.21	20551	20451	-37	-37	10
2015-01-19 10:47:48.879	20551	20451	-37	-37	10
2015-01-20 00:07:42.65	20551	20451	-37	-37	10
2015-01-20 00:07:50.823	20551	20451	-37	-37	10	-2.21	76.08	3.646
2015-01-20 03:17:42.874	20551	20451	-38	-35	10
2015-01-20 11:22:44.725	20551	20451	-37	-37	10	2.21	74.98	3.665
2015-01-20 11:27:47.606	20551	20451	-37	-37	10
2015-01-20 16:37:46.755	20551	20451	-37	-36	10	1.28	75.92	3.665
2015-01-20 17:37:47.358	20551	20451	-38	-35	10	0.46	76.15	3.665
2015-01-20 18:07:57.487	20551	20451	-37	-37	10
2015-01-20 18:17:45.034	20551	20451	-37	-37	14
2015-01-20 18:22:47.342	20551	20451	-37	-37	14	0.39	76.02	3.664
2015-01-20 18:47:57.155	20551	20451	-39	-37	14
2015-01-21 01:07:43.667	20551	20451	-38	-36	10	-0.1	75.74	3.663
2015-01-21 02:47:47.411	20551	20451	-38	-37	10
2015-01-21 02:52:39.626	20551	20451	-37	-37	10	-0.24	75.98	3.663
2015-01-21 06:37:47.747	20551	20451	-38	-37	10	-0.42	76.03	3.659
2015-01-21 08:17:47.035	20551	20451	-38	-37	10
2015-01-21 08:22:44.034	20551	20451	-37	-37	10	-0.28	76.09	3.66
2015-01-21 09:37:44.982	20551	20451	-38	-37	10	0.64	75.83	3.66
2015-01-21 10:07:40.842	20551	20451	-38	-37	10
2015-01-21 10:37:42.894	20551	20451	-38	-37	10	1.35	75.83	3.66
2015-01-21 14:07:42.655	20551	20451	-37	-37	10
2015-01-21 14:47:41.315	20551	20451	-40	-39	10
2015-01-21 14:47:41.359	20551	20451	-40	-39	10
2015-01-21 14:52:39.919	20551	20451	-40	-39	10	1.46	76.24	3.664
2015-01-21 15:37:41.855	20551	20451	-41	-40	10	1.53	76.02	3.663
2015-01-21 18:07:40.53	20551	20451	-40	-40	10
2015-01-21 18:07:40.547	20551	20451	-39	-39	10	1.28	75.77	3.642
2015-01-21 18:17:44.591	20551	20451	-40	-39	10
2015-01-21 20:07:42.483	20551	20451	-39	-38	10
2015-01-21 20:07:42.514	20551	20451	-39	-38	10	0.74	76.11	3.642
2015-01-21 20:17:42.295	20551	20451	-39	-38	10
2015-01-21 20:37:50.655	20551	20451	-38	-38	10	0.71	76.11	3.663
2015-01-21 20:47:52.563	20551	20451	-38	-38	10
2015-01-21 23:37:49.683	20551	20451	-38	-38	10	1.1	75.83	3.663
2015-01-22 00:52:46.207	20551	20451	-39	-39	10	0.85	76.07	3.663
2015-01-22 02:37:41.811	20551	20451	-39	-38	10	0.6	76.06	3.663
2015-01-22 03:47:45.578	20551	20451	-38	-38	10
2015-01-22 03:52:41.855	20551	20451	-38	-38	10	0.5	76.06	3.663
2015-01-22 04:07:40.328	20551	20451	-37	-38	10	0.46	76.05	3.643
2015-01-22 04:47:43.883	20551	20451	-38	-38	10
2015-01-22 05:47:50.102	20551	20451	-37	-38	10
2015-01-22 06:07:46.919	20551	20451	-37	-37	10	0.07	76.38	3.641
2015-01-22 06:17:43.59	20551	20451	-37	-37	10
2015-01-22 06:22:52.975	20551	20451	-37	-37	10	0.06	76.38	3.665
2015-01-22 06:37:43.875	20551	20451	-37	-37	10	0.0	76.37	3.663
2015-01-22 06:47:56.382	20551	20451	-39	-37	10
2015-01-22 06:52:48.41	20551	20451	-37	-37	10	0.0	76.36	3.663
2015-01-22 07:52:44.883	20551	20451	-38	-37	10	-0.43	76.56	3.662
2015-01-22 08:07:45.028	20551	20451	-38	-37	10	-0.5	76.64	3.642
2015-01-22 09:37:43.599	20551	20451	-37	-37	10	-0.34	76.6	3.66
2015-01-22 09:47:41.224	20551	20451	-37	-37	10
2015-01-22 09:52:43.567	20551	20451	-37	-37	10	-0.1	76.63	3.658
2015-01-22 10:07:43.354	20551	20451	-36	-37	11
2015-01-22 10:07:45.399	20551	20451	-37	-37	12	0.06	76.52	3.641
2015-01-22 10:17:44.895	20551	20451	-37	-37	12
2015-01-22 10:22:39.89	20551	20451	-37	-37	12	0.28	76.38	3.663
2015-01-22 11:17:44.915	20551	20451	-37	-37	12
2015-01-22 13:07:43.855	20551	20451	-38	-37	10	2.04	76.18	3.663
2015-01-22 13:17:50.531	20551	20451	-38	-37	10
2015-01-22 13:37:42.219	20551	20451	-38	-37	14	2.21	75.85	3.663
2015-01-22 14:07:50.859	20551	20451	-38	-37	15	1.47	76.54	3.642
2015-01-22 14:17:49.838	20551	20451	-38	-37	14
2015-01-22 14:47:46.563	20551	20451	-38	-37	15
2015-01-22 15:37:43.595	20551	20451	-38	-37	15	0.06	77.0	3.663
2015-01-22 15:52:41.546	20551	20451	-38	-37	14	0.0	77.06	3.662
2015-01-22 16:07:45.654	20551	20451	-38	-37	14
2015-01-22 16:07:45.674	20551	20451	-38	-37	14	0.0	76.87	3.641
2015-01-22 16:17:49.794	20551	20451	-38	-37	14
2015-01-22 16:37:41.162	20551	20451	-37	-37	14	-0.39	76.85	3.663
2015-01-22 17:47:43.138	20551	20451	-37	-37	10
2015-01-22 17:52:41.414	20551	20451	-37	-37	10	-1.1	76.94	3.662
2015-01-22 18:07:39.343	20551	20451	-37	-37	10
2015-01-22 18:07:39.374	20551	20451	-37	-37	10	-1.11	76.84	3.642
2015-01-22 18:17:39.127	20551	20451	-37	-37	10
2015-01-22 18:22:40.346	20551	20451	-37	-37	10	-1.13	76.84	3.66
2015-01-22 18:47:48.235	20551	20451	-37	-37	10
2015-01-22 19:22:42.31	20551	20451	-38	-37	10	-1.23	76.67	3.66
2015-01-22 19:27:46.271	20551	20451	-37	-37	10
2015-01-22 19:37:43.335	20551	20451	-37	-37	10	-1.25	76.69	3.66
2015-01-22 20:47:42.93	20551	20451	-38	-37	10
2015-01-22 21:22:43.227	20551	20451	-38	-37	10	-1.29	76.56	3.66
2015-01-23 01:07:44.127	20551	20451	-38	-37	10	-1.61	76.66	3.66
2015-01-23 04:17:43.879	20551	20451	-38	-37	10
2015-01-23 04:47:45.675	20551	20451	-38	-37	10
2015-01-23 05:52:47.947	20551	20451	-38	-37	10	-2.02	76.64	3.659
2015-01-23 06:22:51.091	20551	20451	-39	-37	10	-1.96	76.63	3.66
2015-01-23 07:47:42.883	20551	20451	-38	-37	10
2015-01-23 08:07:42.286	20551	20451	-39	-37	10	-1.73	76.47	3.641
2015-01-23 08:07:43.451	20551	20451	-39	-37	10	-1.73	76.47	3.641
2015-01-23 08:07:44.398	20551	20451	-39	-37	10	-1.73	76.47	3.641
2015-01-23 10:47:47.218	20551	20451	-39	-38	10
2015-01-23 10:52:44.631	20551	20451	-39	-37	10	3.38	72.95	3.66
2015-01-23 14:07:42.367	20551	20451	-39	-38	10
2015-01-23 14:17:49.723	20551	20451	-39	-37	10
2015-01-23 18:37:45.654	20551	20451	-37	-37	10	0.15	76.5	3.664
2015-01-23 18:47:42.702	20551	20451	-38	-37	10
2015-01-23 19:07:50.07	20551	20451	-37	-35	10	0.06	76.45	3.664
2015-01-23 20:47:42.567	20551	20451	-37	-37	10
2015-01-23 20:47:42.579	20551	20451	-37	-37	10
2015-01-23 20:52:42.875	20551	20451	-37	-37	10	0.07	76.21	3.664
2015-01-23 21:22:44.914	20551	20451	-37	-37	10	0.03	76.2	3.664
2015-01-23 21:27:47.535	20551	20451	-38	-37	10
2015-01-23 21:37:40.839	20551	20451	-37	-37	10	0.01	76.18	3.663
2015-01-24 01:37:40.687	20551	20451	-37	-37	10	-0.39	76.25	3.662
2015-01-24 02:17:40.512	20551	20451	-38	-37	10
2015-01-24 02:37:40.599	20551	20451	-38	-37	10	-0.41	76.35	3.66
2015-01-24 02:47:42.474	20551	20451	-38	-37	10
2015-01-24 02:47:42.498	20551	20451	-38	-37	10
2015-01-24 02:52:46.607	20551	20451	-38	-37	10	-0.41	76.32	3.662
2015-01-24 03:07:42.667	20551	20451	-38	-37	10	-0.5	76.3	3.662
2015-01-24 03:17:41.325	20551	20451	-38	-37	10
2015-01-24 03:22:40.707	20551	20451	-38	-37	10	-0.52	76.42	3.662
2015-01-24 03:27:43.574	20551	20451	-38	-37	10
2015-01-24 03:37:42.827	20551	20451	-38	-37	10	-0.52	76.4	3.66
2015-01-24 03:47:42.259	20551	20451	-38	-37	10
2015-01-24 03:52:48.367	20551	20451	-38	-37	10	-0.5	76.38	3.662
2015-01-24 04:07:42.471	20551	20451	-38	-37	10
2015-01-24 04:07:42.55	20551	20451	-38	-37	10	-0.53	76.37	3.641
2015-01-24 04:47:43.695	20551	20451	-38	-37	10
2015-01-24 05:37:44.846	20551	20451	-38	-37	10	-0.71	76.47	3.663
2015-01-24 07:47:45.299	20551	20451	-38	-37	10
2015-01-24 07:52:43.547	20551	20451	-37	-37	10	-1.96	76.99	3.64
2015-01-24 08:22:41.51	20551	20451	-38	-37	10	-1.79	76.95	3.66
2015-01-24 08:47:41.219	20551	20451	-38	-37	10
2015-01-24 08:52:44.978	20551	20451	-38	-37	10	-1.38	76.59	3.659
2015-01-24 09:07:41.69	20551	20451	-37	-37	10	-1.5	76.73	3.659
2015-01-24 09:17:41.89	20551	20451	-38	-37	10
2015-01-24 11:37:43.643	20551	20451	-37	-37	10	-0.31	76.75	3.642
2015-01-24 12:22:41.451	20551	20451	-38	-37	10	-0.5	77.07	3.659
2015-01-24 12:37:41.578	20551	20451	-37	-37	10	-0.16	77.17	3.66
2015-01-24 12:47:40.162	20551	20451	-37	-37	10
