result_time	node_id	parent_id	stats_frssi	stats_brssi	etx	temperature	humidity	voltage
2014-12-11 14:17:27.171	20551	10301	-94	-89	22
2014-12-18 08:47:26.206	20551	10301	-94	-90	35
2014-12-18 09:47:33.278	20551	10301	-94	-90	31
2014-12-18 12:47:23.262	20551	10301	-94	-90	40
2014-12-18 14:47:23.287	20551	10301	-94	-91	30
2014-12-18 15:37:25.603	20551	10301	-94	-89	25	-1.11	77.08	3.677
2014-12-18 16:07:21.583	20551	10301	-94	-90	27	-1.39	77.09	3.658
2014-12-18 20:37:22.099	20551	10301	-94	-90	24	-1.74	76.87	3.675
2014-12-18 21:22:20.091	20551	10301	-94	-90	28	-1.79	76.86	3.676
2014-12-18 21:37:25.075	20551	10301	-91	-90	28	-1.82	76.9	3.676
2014-12-18 22:17:21.795	20551	10301	-91	-90	23
2014-12-18 22:37:25.078	20551	10301	-91	-90	20	-1.88	76.89	3.676
2014-12-18 22:47:20.855	20551	10301	-94	-90	19
2014-12-18 22:52:28.054	20551	10301	-94	-89	19	-1.93	76.9	3.676
2014-12-18 23:17:19.698	20551	10301	-91	-89	42
2014-12-18 23:22:21.018	20551	10301	-94	-90	36	-2.02	76.93	3.676
2014-12-18 23:27:20.094	20551	10301	-91	-90	36
2014-12-19 00:07:19.962	20551	10301	-94	-90	25
2014-12-19 00:17:20.663	20551	10301	-94	-90	27
2014-12-19 00:47:29.568	20551	10301	-94	-91	23
2014-12-19 01:07:23.154	20551	10301	-94	-91	20	-1.98	76.89	3.675
2014-12-19 01:17:24.638	20551	10301	-91	-89	20
2014-12-19 01:22:20.866	20551	10301	-94	-90	20	-2.03	76.85	3.675
2014-12-19 01:27:19.939	20551	10301	-94	-90	20
2014-12-19 01:37:20.859	20551	10301	-94	-90	18	-2.07	76.94	3.676
2014-12-19 01:47:21.587	20551	10301	-94	-90	23
2014-12-19 01:52:21.907	20551	10301	-94	-91	23	-2.09	76.91	3.677
2014-12-19 05:52:20.767	20551	10301	-94	-90	44	-2.11	76.95	3.675
2014-12-19 06:22:21.666	20551	10301	-94	-89	44	-2.06	76.89	3.675
2014-12-19 07:27:20.775	20551	10301	-94	-90	38
2014-12-19 07:37:20.599	20551	10301	-94	-89	38	-1.91	76.9	3.674
2014-12-19 07:52:21.735	20551	10301	-94	-89	35	-1.85	76.87	3.675
2014-12-19 08:17:20.327	20551	10301	-91	-88	32
2014-12-19 08:52:21.594	20551	10301	-94	-90	32	-1.61	76.8	3.675
2014-12-19 09:07:20.623	20551	10301	-94	-90	32	-1.48	76.81	3.675
2014-12-19 09:17:20.591	20551	10301	-94	-89	30
2014-12-19 09:22:21.55	20551	10301	-94	-90	30	-1.35	76.83	3.675
2014-12-19 09:27:21.663	20551	10301	-94	-89	28
2014-12-19 10:07:20.11	20551	10301	-94	-89	29
2014-12-19 10:52:34.126	20551	10301	-94	-90	24	-0.43	76.34	3.675
2014-12-19 11:07:28.135	20551	10301	-94	-90	26	-0.42	76.51	3.676
2014-12-19 11:37:22.743	20551	10301	-94	-91	28	-0.11	76.41	3.675
2014-12-19 11:47:22.751	20551	10301	-91	-91	26
2014-12-19 11:52:24.083	20551	10301	-94	-90	24	-0.21	76.51	3.676
2014-12-19 12:52:24.53	20551	10301	-94	-91	22	-0.17	76.57	3.676
2014-12-19 13:37:31.887	20551	10301	-94	-90	19	-0.03	76.76	3.679
2014-12-19 15:52:24.75	20551	10301	-94	-91	11	-0.03	76.76	3.677
2014-12-19 16:07:21.934	20551	10301	-91	-90	14
2014-12-19 16:07:21.974	20551	10301	-91	-90	14	-0.17	76.81	3.656
2014-12-19 19:22:24.206	20551	10301	-94	-91	18	-0.88	76.65	3.676
2014-12-19 20:07:20.467	20551	10301	-94	-90	18
2014-12-19 20:17:23.075	20551	10301	-94	-89	17
2014-12-19 20:37:22.666	20551	10301	-94	-90	13	-0.93	76.69	3.675
2014-12-19 20:47:24.931	20551	10301	-94	-91	12
2014-12-19 20:47:24.944	20551	10301	-94	-90	12
2014-12-19 21:37:24.571	20551	10301	-94	-91	29	-1.09	76.8	3.676
2014-12-19 22:37:22.863	20551	10301	-94	-91	27	-1.25	76.81	3.675
2014-12-19 22:47:21.551	20551	10301	-94	-90	26
2014-12-19 22:47:24.602	20551	10301	-94	-91	26
2014-12-20 00:17:25.538	20551	10301	-94	-91	24
2014-12-20 00:37:27.799	20551	10301	-94	-92	26	-1.7	76.9	3.675
2014-12-20 02:07:25.73	20551	10301	-94	-91	35
2014-12-20 11:52:27.331	20551	10301	-94	-91	37	4.39	73.41	3.676
2014-12-20 12:07:22.231	20551	10301	-94	-91	43
2014-12-20 13:22:22.638	20551	10301	-94	-92	44	4.42	74.4	3.68
2014-12-20 13:37:26.146	20551	10301	-94	-91	49	7.43	71.63	3.679
2014-12-20 17:27:27.242	20551	10301	-94	-91	14
2014-12-20 21:47:26.818	20551	10301	-91	-89	19
2014-12-20 23:07:21.567	20551	10301	-94	-90	21	-2.04	76.83	3.677
2014-12-20 23:17:21.263	20551	10301	-94	-90	21
2014-12-20 23:22:23.074	20551	10301	-94	-89	20	-2.32	76.81	3.676
2014-12-20 23:27:21.111	20551	10301	-94	-90	20
2014-12-20 23:37:21.526	20551	10301	-94	-90	19	-2.59	77.09	3.675
2014-12-20 23:47:22.235	20551	10301	-94	-90	19
2014-12-20 23:52:21.563	20551	10301	-91	-90	21	-2.75	77.17	3.676
2014-12-21 00:07:22.511	20551	10301	-94	-90	24
2014-12-21 00:07:22.535	20551	10301	-91	-90	24	-2.82	77.27	3.653
2014-12-21 00:47:28.227	20551	10301	-94	-90	32
2014-12-21 00:47:28.246	20551	10301	-94	-89	34
2014-12-21 01:47:21.123	20551	10301	-94	-90	36
2014-12-21 01:52:22.438	20551	10301	-94	-90	34	-2.99	76.95	3.675
2014-12-21 02:07:30.55	20551	10301	-94	-90	30	-3.43	77.27	3.654
2014-12-21 02:17:21.078	20551	10301	-94	-90	26
2014-12-21 02:22:25.49	20551	10301	-91	-90	28	-3.75	77.39	3.674
2014-12-21 02:37:25.439	20551	10301	-94	-90	25	-3.68	77.76	3.675
2014-12-21 02:47:23.095	20551	10301	-94	-90	28
2014-12-21 02:47:23.114	20551	10301	-94	-90	30
2014-12-21 02:52:24.451	20551	10301	-94	-90	28	-3.18	77.38	3.674
2014-12-21 05:17:21.995	20551	10301	-94	-90	47
2014-12-21 05:37:26.367	20551	10301	-94	-91	41	-2.29	76.82	3.675
2014-12-21 05:47:22.007	20551	10301	-94	-90	41
2014-12-21 05:52:22.339	20551	10301	-94	-91	41	-2.25	76.78	3.676
2014-12-21 06:47:20.935	20551	10301	-91	-90	36
2014-12-21 06:52:22.255	20551	10301	-94	-90	36	-2.21	76.79	3.675
2014-12-21 07:07:24.267	20551	10301	-94	-91	35	-2.17	76.75	3.675
2014-12-21 07:37:23.255	20551	10301	-94	-90	36	-2.11	76.81	3.675
2014-12-21 07:47:24.927	20551	10301	-94	-90	36
2014-12-21 07:52:27.326	20551	10301	-94	-91	34	-2.06	76.78	3.674
2014-12-21 08:07:22.251	20551	10301	-94	-91	35	-1.98	76.77	3.652
2014-12-21 08:17:20.874	20551	10301	-94	-91	36
2014-12-21 08:37:24.331	20551	10301	-94	-91	32	-1.53	76.65	3.673
2014-12-21 09:37:25.183	20551	10301	-94	-91	20	0.22	75.93	3.675
2014-12-21 09:52:25.206	20551	10301	-94	-91	28	0.67	75.54	3.674
2014-12-21 11:52:22.027	20551	10301	-94	-91	42	2.49	75.78	3.676
2014-12-21 12:22:24.991	20551	10301	-94	-91	42	2.2	75.77	3.677
2014-12-21 13:17:22.603	20551	10301	-94	-91	40
2014-12-21 13:22:27.971	20551	10301	-94	-91	37	2.71	75.93	3.677
2014-12-21 13:27:22.023	20551	10301	-94	-91	41
2014-12-22 06:37:27.186	20551	10301	-94	-90	27	-5.34	77.5	3.671
2014-12-22 06:47:25.098	20551	10301	-94	-90	27
2014-12-22 06:52:29.223	20551	10301	-94	-90	25	-5.36	77.54	3.673
2014-12-22 10:52:26.106	20551	10301	-94	-91	23	3.78	74.07	3.674
2014-12-22 11:22:24.382	20551	10301	-94	-91	20	3.97	74.28	3.677
2014-12-22 11:27:27.583	20551	10301	-94	-91	38
2014-12-22 11:37:27.043	20551	10301	-94	-91	41	4.18	74.75	3.676
2014-12-22 19:27:27.41	20551	10301	-94	-89	10
2014-12-22 19:37:25.294	20551	10301	-94	-90	16	3.28	76.24	3.685
2014-12-22 19:47:22.91	20551	10301	-94	-89	36
2014-12-22 20:07:28.295	20551	10301	-94	-92	48
2014-12-22 20:17:21.903	20551	10301	-91	-90	51
2014-12-22 20:47:24.867	20551	10301	-91	-91	46
2014-12-22 21:17:22.854	20551	10301	-94	-90	46
2014-12-22 21:22:23.151	20551	10301	-94	-90	43	2.46	76.48	3.684
2014-12-22 21:27:22.266	20551	10301	-94	-92	41
2014-12-22 22:07:23.083	20551	10301	-94	-91	41
2014-12-22 22:17:22.755	20551	10301	-94	-90	46
2014-12-22 22:37:22.018	20551	10301	-94	-91	40	2.06	76.59	3.685
2014-12-22 22:47:21.69	20551	10301	-94	-91	40
2014-12-22 22:47:21.707	20551	10301	-94	-91	37
2014-12-22 23:22:22.019	20551	10301	-94	-91	43	2.78	75.92	3.684
2014-12-22 23:27:22.103	20551	10301	-94	-92	43
2014-12-22 23:52:21.979	20551	10301	-94	-91	37	3.04	75.83	3.685
2014-12-23 00:07:23.943	20551	10301	-94	-92	34
2014-12-23 00:07:28.026	20551	10301	-94	-91	34	3.06	75.78	3.66
2014-12-23 00:17:21.579	20551	10301	-94	-91	35
2014-12-23 00:22:21.894	20551	10301	-94	-92	35	3.11	75.79	3.682
2014-12-23 00:37:27.939	20551	10301	-94	-93	33	3.11	75.77	3.684
2014-12-23 00:47:22.591	20551	10301	-94	-92	45
2014-12-23 01:27:21.914	20551	10301	-94	-92	45
2014-12-23 03:47:24.331	20551	10301	-94	-90	42
2014-12-27 03:17:20.478	20551	10301	-94	-92	14
2014-12-27 03:22:22.796	20551	10301	-94	-92	21	2.68	76.99	3.69
2014-12-27 03:27:24.922	20551	10301	-94	-92	30
2014-12-27 03:37:21.746	20551	10301	-94	-92	34	2.64	77.01	3.688
2014-12-27 03:47:23.45	20551	10301	-94	-92	33
2014-12-27 03:52:20.751	20551	10301	-94	-92	35	2.39	77.08	3.69
2014-12-27 04:07:19.682	20551	10301	-94	-93	33
2014-12-27 04:07:20.739	20551	10301	-94	-92	32	2.07	77.25	3.666
2014-12-27 04:17:20.371	20551	10301	-94	-92	30
2014-12-27 04:22:21.71	20551	10301	-94	-92	32	2.43	77.28	3.688
2014-12-27 04:47:21.339	20551	10301	-94	-91	29
2014-12-27 04:47:29.466	20551	10301	-94	-91	37
2014-12-27 05:22:23.668	20551	10301	-94	-91	44	2.22	77.02	3.688
2014-12-29 06:47:23.279	20551	10301	-94	-89	10
2014-12-29 06:47:23.295	20551	10301	-94	-90	11
2014-12-29 06:52:23.39	20551	10301	-94	-90	20	-2.71	79.02	3.68
2014-12-29 07:07:24.539	20551	10301	-94	-89	22	-2.91	79.23	3.68
2014-12-29 07:17:19.798	20551	10301	-91	-90	22
2014-12-29 07:22:21.382	20551	10301	-94	-89	22	-3.03	79.13	3.682
2014-12-29 07:27:23.575	20551	10301	-94	-90	21
2014-12-29 07:37:23.366	20551	10301	-94	-90	25	-3.11	79.09	3.681
2014-12-29 07:52:22.41	20551	10301	-94	-91	25	-3.21	79.09	3.679
2014-12-29 08:07:19.331	20551	10301	-94	-89	30
2014-12-29 08:17:22.079	20551	10301	-94	-89	28
2014-12-29 08:22:20.41	20551	10301	-94	-90	23	-3.1	79.02	3.681
2014-12-29 08:37:20.342	20551	10301	-94	-89	27	-2.85	78.98	3.679
2014-12-29 08:47:19.998	20551	10301	-94	-91	25
2014-12-29 08:47:20.01	20551	10301	-94	-90	25
2014-12-29 08:52:19.886	20551	10301	-94	-90	23	-2.38	79.23	3.68
2014-12-29 21:07:20.258	20551	10301	-94	-90	14	-1.34	78.54	3.679
2014-12-29 21:17:23.046	20551	10301	-94	-90	14
2014-12-29 22:47:24.071	20551	10301	-94	-90	29
2014-12-29 22:47:24.09	20551	10301	-94	-90	29
2014-12-29 23:07:22.323	20551	10301	-91	-89	27	-3.5	79.07	3.675
2014-12-29 23:17:22.054	20551	10301	-94	-89	29
2014-12-29 23:27:27.186	20551	10301	-94	-90	39
2014-12-29 23:37:21.322	20551	10301	-94	-90	37	-3.75	79.1	3.675
2014-12-30 00:47:23.094	20551	10301	-94	-90	37
2014-12-30 01:07:21.396	20551	10301	-94	-89	34	-4.25	79.12	3.675
2014-12-30 01:37:22.578	20551	10301	-94	-90	27	-4.35	79.05	3.676
2014-12-30 02:07:26.458	20551	10301	-94	-90	29
2014-12-30 02:17:24.143	20551	10301	-94	-90	29
2014-12-30 02:37:22.811	20551	10301	-94	-90	24	-5.0	79.07	3.674
2014-12-30 02:47:25.206	20551	10301	-91	-90	24
2014-12-30 03:07:25.53	20551	10301	-94	-90	23	-5.46	79.17	3.674
2014-12-30 03:22:20.455	20551	10301	-94	-91	23	-5.57	79.34	3.673
2014-12-30 03:27:21.558	20551	10301	-94	-90	23
2014-12-30 03:47:21.226	20551	10301	-91	-91	19
2014-12-30 04:22:24.539	20551	10301	-94	-90	15	-5.18	79.23	3.674
2014-12-30 04:37:24.558	20551	10301	-94	-90	18	-4.84	79.08	3.67
2014-12-30 04:47:22.247	20551	10301	-94	-91	17
2014-12-30 04:47:22.32	20551	10301	-94	-90	17
2014-12-30 05:17:21.288	20551	10301	-94	-90	16
2014-12-30 05:27:22.706	20551	10301	-91	-91	16
2014-12-30 05:37:20.566	20551	10301	-94	-90	19	-4.53	78.69	3.674
2014-12-30 05:47:26.338	20551	10301	-94	-90	18
2014-12-30 05:52:27.694	20551	10301	-94	-90	20	-4.53	78.69	3.674
2014-12-30 06:07:21.594	20551	10301	-94	-90	25
2014-12-30 06:37:20.626	20551	10301	-91	-90	21	-4.66	78.67	3.674
2014-12-30 06:52:21.652	20551	10301	-94	-90	20	-4.78	78.78	3.67
2014-12-30 07:27:27.694	20551	10301	-94	-91	20
2014-12-30 07:47:22.383	20551	10301	-94	-91	27
2014-12-30 09:37:25.791	20551	10301	-94	-90	35	-3.03	77.97	3.673
2014-12-30 10:47:25.562	20551	10301	-94	-91	24
2014-12-30 10:47:25.576	20551	10301	-94	-91	29
2014-12-30 10:52:20.794	20551	10301	-94	-91	29	4.07	73.04	3.674
2014-12-30 11:27:20.89	20551	10301	-94	-91	29
2014-12-30 12:07:24.715	20551	10301	-94	-91	39
2014-12-31 00:52:23.051	20551	10301	-94	-89	30	-6.13	78.94	3.67
2014-12-31 01:17:23.791	20551	10301	-94	-89	30
2014-12-31 01:27:27.231	20551	10301	-94	-89	29
2014-12-31 01:37:23.091	20551	10301	-94	-91	27	-6.16	79.05	3.669
2014-12-31 01:52:27.158	20551	10301	-94	-91	23	-5.96	79.01	3.669
2014-12-31 02:07:27.139	20551	10301	-94	-91	25
2014-12-31 02:07:27.162	20551	10301	-91	-91	27	-5.84	78.9	3.648
2014-12-31 05:37:29.499	20551	10301	-94	-91	16	-6.21	78.81	3.669
2014-12-31 06:52:28.039	20551	10301	-91	-89	27	-6.2	78.7	3.668
2014-12-31 07:17:21.398	20551	10301	-91	-87	20
2014-12-31 07:22:24.504	20551	10301	-94	-90	19	-6.56	78.73	3.666
2014-12-31 07:27:26.519	20551	10301	-91	-88	18
2014-12-31 20:07:21.842	20551	10301	-94	-91	40
2014-12-31 20:17:30.511	20551	10301	-94	-91	40
2014-12-31 20:22:31.971	20551	10301	-94	-90	40	-5.78	77.84	3.664
2014-12-31 20:37:23.911	20551	10301	-94	-90	39	-5.93	77.87	3.665
2014-12-31 21:17:24.658	20551	10301	-94	-91	34
2014-12-31 21:27:21.927	20551	10301	-94	-91	31
2014-12-31 21:37:23.947	20551	10301	-94	-92	29	-6.07	77.93	3.665
2014-12-31 21:52:31.046	20551	10301	-94	-90	30	-6.02	77.72	3.664
2015-01-01 01:07:26.174	20551	10301	-91	-89	17	-6.16	77.55	3.664
2015-01-01 01:27:22.319	20551	10301	-91	-91	16
2015-01-01 01:37:24.159	20551	10301	-94	-91	16	-6.24	77.53	3.665
2015-01-01 01:47:25.919	20551	10301	-94	-90	16
2015-01-01 01:52:23.231	20551	10301	-94	-90	16	-6.25	77.62	3.662
2015-01-01 02:07:23.195	20551	10301	-94	-90	16
2015-01-01 02:07:27.572	20551	10301	-94	-90	16	-6.28	77.66	3.641
2015-01-01 02:17:21.942	20551	10301	-94	-89	16
2015-01-01 02:47:24.394	20551	10301	-94	-88	27
2015-01-01 03:07:24.262	20551	10301	-94	-89	25	-6.32	77.58	3.662
2015-01-01 03:17:23.024	20551	10301	-94	-89	27
2015-01-01 03:27:27.615	20551	10301	-94	-91	27
2015-01-01 03:47:23.618	20551	10301	-94	-86	27
2015-01-01 03:52:22.191	20551	10301	-94	-89	25	-5.99	77.35	3.663
2015-01-01 05:52:23.303	20551	10301	-94	-91	16	-6.48	77.47	3.662
2015-01-01 06:47:22.551	20551	10301	-94	-89	28
2015-01-01 06:47:22.564	20551	10301	-94	-90	28
2015-01-01 06:52:23.558	20551	10301	-91	-90	28	-6.74	77.71	3.662
2015-01-01 07:22:24.582	20551	10301	-94	-89	23	-6.74	77.55	3.662
2015-01-01 07:27:24.466	20551	10301	-91	-88	23
2015-01-01 07:52:26.667	20551	10301	-94	-89	22	-6.71	77.56	3.662
2015-01-01 08:07:24.454	20551	10301	-94	-89	21
2015-01-01 08:22:24.482	20551	10301	-94	-89	23	-6.48	77.52	3.66
2015-01-01 08:37:22.427	20551	10301	-91	-91	19	-6.25	77.43	3.66
2015-01-01 08:47:30.667	20551	10301	-94	-90	16
2015-01-01 08:47:31.191	20551	10301	-94	-90	16
2015-01-01 08:52:33.702	20551	10301	-94	-91	15	-5.88	77.56	3.658
2015-01-01 09:07:31.152	20551	10301	-91	-91	18	-5.1	77.14	3.66
2015-01-01 10:07:22.134	20551	10301	-94	-90	33	-1.75	74.61	3.641
2015-01-01 10:17:23.807	20551	10301	-94	-90	30
2015-01-01 10:47:22.786	20551	10301	-94	-91	30
2015-01-01 11:07:26.142	20551	10301	-91	-90	27	1.9	71.95	3.663
2015-01-01 11:17:22.751	20551	10301	-94	-91	31
2015-01-01 11:22:23.082	20551	10301	-91	-90	29	3.0	71.96	3.664
2015-01-01 11:27:23.658	20551	10301	-94	-90	36
2015-01-01 16:47:23.576	20551	10301	-94	-91	47
2015-01-02 00:52:22.194	20551	10301	-94	-88	49	-0.85	75.36	3.669
2015-01-02 02:07:26.139	20551	10301	-94	-89	47	-1.07	75.6	3.647
2015-01-02 06:47:24.623	20551	10301	-94	-90	46
2015-01-02 07:17:21.623	20551	10301	-94	-90	43
2015-01-02 08:17:27.595	20551	10301	-94	-90	39
2015-01-02 08:22:24.85	20551	10301	-94	-90	36	-2.29	76.11	3.665
2015-01-02 09:07:22.787	20551	10301	-94	-91	38	-0.43	75.38	3.668
2015-01-02 09:22:26.835	20551	10301	-94	-91	35	1.06	74.62	3.666
2015-01-02 09:52:22.767	20551	10301	-94	-91	33	1.57	73.71	3.669
2015-01-02 10:07:26.782	20551	10301	-94	-91	33	1.21	74.53	3.647
2015-01-02 10:17:24.442	20551	10301	-94	-91	33
2015-01-02 10:22:26.747	20551	10301	-94	-91	32	2.33	73.82	3.669
2015-01-02 10:37:23.69	20551	10301	-94	-92	33	2.58	74.12	3.669
2015-01-03 02:07:26.747	20551	10301	-91	-90	46	-3.82	76.63	3.647
2015-01-03 06:17:29.302	20551	10301	-94	-90	49
2015-01-03 06:22:24.569	20551	10301	-94	-90	49	-0.64	75.46	3.666
2015-01-04 17:17:32.834	20551	10301	-94	-91	35
2015-01-04 22:17:30.494	20551	10301	-94	-89	33
2015-01-05 14:07:24.422	20551	10301	-91	-91	19
2015-01-05 14:07:24.443	20551	10301	-91	-90	19	-0.85	73.36	3.656
2015-01-05 14:17:25.491	20551	10301	-94	-90	19
2015-01-05 14:37:29.197	20551	10301	-94	-88	18	-4.35	77.81	3.675
2015-01-05 18:07:23.051	20551	10301	-91	-87	19
2015-01-05 18:17:23.042	20551	10301	-88	-87	19
2015-01-05 19:17:27.155	20551	10301	-94	-87	18
2015-01-05 22:47:24.238	20551	10301	-94	-90	15
2015-01-05 23:17:23.291	20551	10301	-94	-90	15
2015-01-05 23:22:26.21	20551	10301	-94	-90	14	-9.91	79.19	3.669
2015-01-06 00:07:34.39	20551	10301	-94	-90	14	-9.9	79.19	3.649
2015-01-06 00:37:27.23	20551	10301	-94	-90	17	-9.42	79.19	3.669
2015-01-06 04:47:28.403	20551	10301	-94	-91	17
2015-01-06 04:47:28.475	20551	10301	-94	-91	14
2015-01-06 06:47:32.602	20551	10301	-94	-91	18
2015-01-06 06:52:28.791	20551	10301	-94	-91	18	-9.16	79.23	3.666
2015-01-06 07:07:26.842	20551	10301	-94	-91	17	-9.1	79.31	3.666
2015-01-06 07:22:27.903	20551	10301	-94	-91	17	-9.07	79.16	3.665
2015-01-06 07:27:22.93	20551	10301	-94	-91	16
2015-01-06 07:47:27.098	20551	10301	-91	-91	16
2015-01-06 08:17:30.61	20551	10301	-94	-91	13
2015-01-06 08:37:24.41	20551	10301	-94	-91	15	-8.28	78.97	3.666
2015-01-06 08:47:26.434	20551	10301	-94	-91	15
2015-01-06 08:52:23.751	20551	10301	-94	-91	15	-8.12	78.78	3.666
2015-01-06 09:07:24.979	20551	10301	-94	-91	15	-7.9	79.01	3.666
2015-01-06 09:17:24.278	20551	10301	-94	-91	13
2015-01-06 09:27:25.202	20551	10301	-94	-91	23
2015-01-06 09:47:32.679	20551	10301	-94	-91	22
2015-01-06 09:52:23.682	20551	10301	-94	-91	22	-7.24	78.96	3.666
2015-01-06 10:07:31.111	20551	10301	-94	-91	22
2015-01-06 10:17:25.514	20551	10301	-94	-91	27
2015-01-06 10:22:29.666	20551	10301	-94	-90	27	-6.66	79.12	3.665
2015-01-06 13:47:32.386	20551	10301	-94	-91	21
2015-01-06 19:17:24.435	20551	10301	-94	-91	27
2015-01-06 19:22:27.054	20551	10301	-94	-91	27	-7.64	78.87	3.663
2015-01-06 19:27:30.838	20551	10301	-94	-91	27
2015-01-06 19:52:26.263	20551	10301	-94	-91	32	-8.14	79.02	3.662
2015-01-07 07:47:34.151	20551	10301	-88	-88	13
2015-01-07 07:52:27.747	20551	10301	-91	-90	13	-11.56	79.39	3.653
2015-01-07 08:22:29.298	20551	10301	-94	-87	11	-11.52	79.46	3.653
2015-01-07 08:47:33.379	20551	10301	-94	-89	12
2015-01-07 08:52:26.743	20551	10301	-94	-89	12	-10.92	79.69	3.654
2015-01-07 09:37:33.454	20551	10301	-91	-88	13	-9.94	79.49	3.653
2015-01-07 13:37:34.623	20551	10301	-88	-87	19	-7.69	77.63	3.652
2015-01-07 13:52:25.69	20551	10301	-91	-88	19	-8.83	80.65	3.652
2015-01-07 14:07:32.447	20551	10301	-91	-89	19	-3.48	75.59	3.631
2015-01-07 16:22:29.358	20551	10301	-91	-88	16	-10.08	79.43	3.652
2015-01-07 16:37:28.058	20551	10301	-88	-87	16	-11.72	79.09	3.652
2015-01-07 16:47:27.591	20551	10301	-91	-86	16
2015-01-07 16:47:27.619	20551	10301	-91	-85	16
2015-01-07 17:17:27.942	20551	10301	-88	-87	15
2015-01-07 17:22:29.018	20551	10301	-91	-86	18	-13.39	79.93	3.651
2015-01-07 17:47:30.254	20551	10301	-88	-86	33
2015-01-07 18:07:26.403	20551	10301	-88	-86	34
2015-01-07 18:07:26.43	20551	10301	-91	-85	34	-14.11	79.86	3.627
2015-01-07 18:22:27.408	20551	10301	-91	-85	34	-14.15	79.85	3.648
2015-01-07 18:47:34.203	20551	10301	-88	-85	28
2015-01-07 18:52:27.914	20551	10301	-88	-85	28	-14.46	79.69	3.648
2015-01-07 20:52:31.511	20551	10301	-91	-85	18	-14.92	79.62	3.647
2015-01-07 21:07:29.926	20551	10301	-91	-86	20	-14.96	79.57	3.648
2015-01-07 21:27:30.547	20551	10301	-88	-85	18
2015-01-07 22:07:29.067	20551	10301	-91	-85	21	-15.32	79.76	3.626
2015-01-07 23:27:29.95	20551	10301	-88	-85	19
2015-01-07 23:47:27.086	20551	10301	-91	-87	19
2015-01-07 23:52:29.814	20551	10301	-88	-84	18	-16.0	79.76	3.646
2015-01-08 00:17:28.222	20551	10301	-91	-85	17
2015-01-08 00:37:33.463	20551	10301	-91	-86	17	-16.44	79.66	3.646
2015-01-08 00:47:28.971	20551	10301	-88	-85	17
2015-01-08 00:47:29.015	20551	10301	-91	-84	17
2015-01-08 01:17:32.478	20551	10301	-88	-85	17
2015-01-08 01:37:31.279	20551	10301	-91	-85	16	-16.92	79.58	3.646
2015-01-08 01:47:31.503	20551	10301	-91	-85	15
2015-01-08 02:07:29.286	20551	10301	-91	-85	15
2015-01-08 02:17:32.547	20551	10301	-91	-85	15
2015-01-08 04:17:27.662	20551	10301	-88	-85	33
2015-01-08 10:47:34.383	20551	10301	-94	-86	37
2015-01-08 10:47:34.402	20551	10301	-94	-89	43
2015-01-08 11:37:31.428	20551	10301	-91	-88	39	-8.26	74.18	3.645
2015-01-08 16:22:31.736	20551	10301	-91	-88	12	-10.76	79.29	3.643
2015-01-08 16:47:35.683	20551	10301	-91	-89	12
2015-01-08 16:47:35.695	20551	10301	-94	-88	24
2015-01-08 18:07:33.743	20551	10301	-94	-88	22
2015-01-08 18:07:33.758	20551	10301	-94	-88	22	-11.78	79.03	3.623
2015-01-08 18:22:37.282	20551	10301	-94	-89	22	-11.71	78.83	3.643
2015-01-08 18:52:32.799	20551	10301	-91	-89	24	-11.56	78.73	3.645
2015-01-08 20:07:30.694	20551	10301	-94	-89	24
2015-01-08 20:07:30.714	20551	10301	-91	-89	23	-11.04	78.46	3.624
2015-01-08 20:47:34.258	20551	10301	-94	-89	19
2015-01-08 20:47:34.294	20551	10301	-94	-90	25
2015-01-08 20:52:34.607	20551	10301	-94	-90	25	-10.58	78.26	3.642
2015-01-08 21:17:31.334	20551	10301	-94	-89	19
2015-01-08 21:47:31.542	20551	10301	-91	-89	26
2015-01-08 22:07:42.834	20551	10301	-91	-90	36	-9.94	77.76	3.625
2015-01-08 22:07:44.271	20551	10301	-91	-90	36	-9.94	77.76	3.625
2015-01-08 22:22:30.923	20551	10301	-91	-89	39	-10.12	77.92	3.643
2015-01-08 22:47:28.986	20551	10301	-94	-89	26
2015-01-08 23:07:29.691	20551	10301	-94	-89	23	-10.02	78.12	3.641
2015-01-08 23:17:29.938	20551	10301	-94	-89	22
2015-01-08 23:22:30.622	20551	10301	-94	-90	20	-9.87	78.11	3.642
2015-01-08 23:27:34.227	20551	10301	-94	-90	19
2015-01-08 23:37:29.855	20551	10301	-91	-89	22	-9.72	78.1	3.642
2015-01-08 23:47:30.191	20551	10301	-94	-90	22
2015-01-09 00:07:36.007	20551	10301	-94	-89	24	-9.5	77.92	3.621
2015-01-09 00:47:29.994	20551	10301	-94	-89	22
2015-01-09 00:52:33.566	20551	10301	-91	-88	20	-6.89	77.11	3.645
2015-01-09 01:07:31.963	20551	10301	-94	-88	23	-6.25	76.26	3.645
2015-01-09 01:17:32.655	20551	10301	-94	-91	22
2015-01-09 01:22:32.678	20551	10301	-94	-91	21	-6.24	76.19	3.643
2015-01-09 01:27:35.679	20551	10301	-94	-85	21
2015-01-09 01:37:31.031	20551	10301	-94	-89	20	-6.38	76.39	3.645
2015-01-09 01:47:38.163	20551	10301	-94	-91	18
2015-01-09 01:52:34.739	20551	10301	-91	-91	21	-6.42	76.66	3.645
2015-01-09 02:07:31.01	20551	10301	-94	-89	21
2015-01-09 02:07:31.03	20551	10301	-91	-88	21	-6.39	76.76	3.625
2015-01-09 02:17:34.099	20551	10301	-91	-90	20
2015-01-09 03:52:31.678	20551	10301	-94	-90	36	-7.2	77.59	3.647
2015-01-09 04:37:33.163	20551	10301	-94	-90	33	-7.38	77.84	3.646
2015-01-09 05:17:31.17	20551	10301	-94	-89	31
2015-01-09 05:52:33.679	20551	10301	-94	-89	24	-7.02	77.63	3.645
2015-01-09 06:07:34.19	20551	10301	-91	-91	25
2015-01-09 06:17:40.314	20551	10301	-94	-90	29
2015-01-09 06:22:31.69	20551	10301	-94	-90	31	-6.86	77.62	3.646
2015-01-09 06:37:35.182	20551	10301	-94	-89	27	-6.7	77.61	3.646
2015-01-09 06:47:32.175	20551	10301	-94	-89	23
2015-01-09 06:47:32.194	20551	10301	-94	-91	23
2015-01-09 06:52:31.212	20551	10301	-94	-91	23	-6.6	77.52	3.646
2015-01-09 07:22:37.23	20551	10301	-91	-92	43	-6.61	77.51	3.646
2015-01-09 07:47:32.186	20551	10301	-94	-91	35
2015-01-09 07:52:35.838	20551	10301	-94	-89	33	-6.57	77.5	3.646
2015-01-09 08:07:34.13	20551	10301	-94	-91	33
2015-01-09 08:07:34.15	20551	10301	-91	-88	33	-6.43	77.62	3.625
2015-01-09 08:17:35.202	20551	10301	-94	-89	29
2015-01-09 08:22:35.258	20551	10301	-94	-90	29	-6.3	77.52	3.646
2015-01-09 08:37:33.203	20551	10301	-94	-92	37	-6.14	77.64	3.646
2015-01-09 08:47:33.17	20551	10301	-94	-91	35
2015-01-09 08:52:38.754	20551	10301	-94	-92	35	-5.75	77.91	3.646
2015-01-09 09:17:34.243	20551	10301	-94	-91	38
2015-01-09 09:37:31.463	20551	10301	-94	-86	33	-5.61	78.04	3.646
2015-01-09 10:07:38.635	20551	10301	-94	-91	27
2015-01-09 10:07:38.651	20551	10301	-94	-92	27	-5.39	76.98	3.626
2015-01-09 10:37:31.13	20551	10301	-94	-88	25	-6.03	78.65	3.647
2015-01-09 11:17:31.559	20551	10301	-91	-91	21
2015-01-09 11:22:33.814	20551	10301	-94	-89	23	-3.53	76.33	3.649
2015-01-09 11:27:34.883	20551	10301	-94	-90	25
2015-01-09 11:37:33.762	20551	10301	-94	-91	29	-1.71	75.3	3.651
2015-01-09 11:52:32.179	20551	10301	-94	-88	29	0.83	72.29	3.648
2015-01-09 12:07:31.735	20551	10301	-94	-91	27	0.39	72.47	3.629
2015-01-09 22:47:35.391	20551	10301	-91	-87	42
2015-01-09 23:07:34.734	20551	10301	-91	-86	28	-13.7	78.67	3.643
2015-01-09 23:17:33.471	20551	10301	-91	-86	24
2015-01-09 23:22:31.683	20551	10301	-94	-87	26	-13.92	78.92	3.645
2015-01-09 23:27:32.827	20551	10301	-91	-86	26
2015-01-09 23:37:33.754	20551	10301	-91	-86	32	-14.1	78.96	3.645
2015-01-09 23:47:33.494	20551	10301	-91	-87	26
2015-01-10 00:07:33.791	20551	10301	-88	-86	21
2015-01-10 00:17:34.586	20551	10301	-91	-86	19
2015-01-10 00:22:36.714	20551	10301	-88	-85	18	-14.8	78.97	3.643
2015-01-10 00:37:35.682	20551	10301	-94	-85	16	-15.24	78.99	3.642
2015-01-10 00:47:30.587	20551	10301	-88	-86	15
2015-01-10 00:47:30.603	20551	10301	-88	-84	15
2015-01-10 00:52:32.27	20551	10301	-94	-84	13	-15.4	79.13	3.642
2015-01-10 01:07:34.614	20551	10301	-88	-84	21	-15.5	79.06	3.638
2015-01-10 01:27:35.771	20551	10301	-88	-84	35
2015-01-10 01:37:37.763	20551	10301	-88	-84	35	-15.82	79.03	3.641
2015-01-10 01:47:33.784	20551	10301	-91	-84	33
2015-01-10 02:07:32.659	20551	10301	-91	-84	32	-16.0	79.11	3.618
2015-01-10 02:22:33.818	20551	10301	-91	-85	30	-16.1	79.07	3.642
2015-01-10 02:37:37.847	20551	10301	-88	-84	26	-16.32	79.03	3.641
2015-01-10 02:47:36.819	20551	10301	-88	-84	23
2015-01-10 02:47:36.835	20551	10301	-88	-84	23
2015-01-10 02:52:31.867	20551	10301	-88	-84	23	-16.4	79.1	3.64
2015-01-10 03:07:34.854	20551	10301	-88	-85	23	-16.5	78.95	3.641
2015-01-10 03:17:32.914	20551	10301	-88	-83	21
2015-01-10 03:22:36.023	20551	10301	-91	-83	20	-16.78	78.86	3.638
2015-01-10 03:27:33.032	20551	10301	-88	-83	22
2015-01-10 03:37:34.951	20551	10301	-91	-84	20	-16.82	79.04	3.64
2015-01-10 03:47:31.89	20551	10301	-88	-84	16
2015-01-10 03:52:33.607	20551	10301	-91	-83	16	-16.97	79.05	3.638
2015-01-10 04:07:37.959	20551	10301	-91	-84	16
2015-01-10 04:07:37.978	20551	10301	-88	-84	19	-17.04	79.07	3.616
2015-01-10 04:17:33.975	20551	10301	-88	-84	20
2015-01-10 04:22:35.043	20551	10301	-91	-85	19	-16.96	79.01	3.64
2015-01-10 04:37:35.01	20551	10301	-88	-85	17	-17.02	79.01	3.64
2015-01-10 04:47:38.411	20551	10301	-88	-84	14
2015-01-10 04:47:45.722	20551	10301	-88	-84	14
2015-01-10 04:52:36.534	20551	10301	-88	-84	13	-16.98	78.75	3.637
2015-01-10 05:07:38.546	20551	10301	-91	-83	10	-17.11	78.97	3.638
2015-01-10 05:17:35.887	20551	10301	-88	-84	10
2015-01-10 05:22:37.579	20551	10301	-88	-83	15	-17.16	78.83	3.638
2015-01-10 05:27:32.578	20551	10301	-88	-84	18
2015-01-10 05:37:33.578	20551	10301	-88	-84	17	-17.26	78.98	3.637
2015-01-10 05:52:35.658	20551	10301	-91	-84	19	-17.4	78.97	3.641
2015-01-10 06:07:32.646	20551	10301	-88	-84	18
2015-01-10 06:07:32.814	20551	10301	-88	-84	18	-17.52	79.0	3.614
2015-01-10 06:17:37.47	20551	10301	-88	-85	18
2015-01-10 06:22:45.83	20551	10301	-88	-83	18	-17.48	79.01	3.637
2015-01-10 06:52:39.87	20551	10301	-88	-84	23	-17.46	79.06	3.637
2015-01-10 07:07:35.839	20551	10301	-88	-84	20	-17.54	79.0	3.634
2015-01-10 07:17:35.622	20551	10301	-88	-85	19
2015-01-10 07:22:33.895	20551	10301	-88	-85	21	-17.52	79.04	3.637
2015-01-10 07:27:43.019	20551	10301	-88	-85	21
2015-01-10 08:07:38.014	20551	10301	-88	-85	24
2015-01-10 08:07:38.042	20551	10301	-88	-85	26	-17.38	78.95	3.609
2015-01-10 08:17:32.75	20551	10301	-91	-85	25
2015-01-10 08:22:33.023	20551	10301	-88	-84	25	-17.24	78.94	3.636
2015-01-10 08:47:34.874	20551	10301	-91	-86	40
2015-01-10 11:07:33.759	20551	10301	-94	-90	32	-7.18	76.4	3.64
2015-01-10 11:17:32.468	20551	10301	-94	-88	29
2015-01-10 11:52:43.57	20551	10301	-94	-90	31	-3.96	72.15	3.642
2015-01-10 12:07:33.262	20551	10301	-94	-90	29
2015-01-10 12:22:35.555	20551	10301	-94	-90	30	-6.14	76.21	3.641
2015-01-10 12:47:32.203	20551	10301	-94	-91	20
2015-01-10 12:47:32.225	20551	10301	-94	-90	20
2015-01-10 12:52:35.515	20551	10301	-94	-90	19	-0.24	66.11	3.642
2015-01-10 13:27:40.582	20551	10301	-94	-89	45
2015-01-10 14:07:36.583	20551	10301	-94	-90	38
2015-01-10 14:17:36.319	20551	10301	-94	-91	38
2015-01-10 15:22:34.889	20551	10301	-94	-90	24	-1.17	73.39	3.646
2015-01-10 15:37:41.943	20551	10301	-94	-89	24	-1.29	72.72	3.649
2015-01-10 15:47:39.951	20551	10301	-94	-90	33
2015-01-10 16:07:38.882	20551	10301	-91	-89	29
2015-01-10 16:07:38.902	20551	10301	-94	-88	27	-5.71	75.93	3.625
2015-01-10 17:07:36.011	20551	10301	-94	-90	43	-9.08	79.76	3.643
2015-01-10 17:37:45.082	20551	10301	-94	-88	58	-9.76	79.81	3.641
2015-01-10 18:07:35.743	20551	10301	-94	-89	60
2015-01-10 21:47:33.283	20551	10301	-94	-88	46
2015-01-10 21:52:36.243	20551	10301	-94	-88	46	-11.31	78.4	3.642
2015-01-10 22:47:33.836	20551	10301	-94	-88	43
2015-01-10 23:07:33.155	20551	10301	-94	-89	43	-11.83	78.39	3.642
2015-01-10 23:17:39.998	20551	10301	-94	-88	43
2015-01-10 23:22:38.446	20551	10301	-94	-88	40	-11.96	78.16	3.642
2015-01-10 23:37:36.287	20551	10301	-94	-88	42	-12.14	78.27	3.641
2015-01-10 23:47:37.967	20551	10301	-91	-88	42
2015-01-10 23:52:35.282	20551	10301	-91	-88	42	-12.21	78.17	3.641
2015-01-11 00:07:34.37	20551	10301	-94	-88	42	-12.28	78.37	3.618
2015-01-11 00:17:37.003	20551	10301	-91	-88	41
2015-01-11 00:37:42.342	20551	10301	-94	-88	41	-12.34	78.29	3.643
2015-01-11 00:47:37.118	20551	10301	-94	-88	38
2015-01-11 01:07:38.403	20551	10301	-91	-88	39	-12.14	77.98	3.641
2015-01-11 01:17:35.359	20551	10301	-94	-88	34
2015-01-11 01:47:33.987	20551	10301	-94	-88	51
2015-01-11 01:52:37.323	20551	10301	-94	-88	51	-11.62	78.19	3.64
2015-01-11 02:07:34.418	20551	10301	-94	-88	48
2015-01-11 02:07:34.495	20551	10301	-91	-89	48	-11.2	78.02	3.615
2015-01-11 02:17:33.383	20551	10301	-91	-88	40
2015-01-11 02:22:34.322	20551	10301	-94	-89	37	-10.9	77.96	3.641
2015-01-11 02:37:34.278	20551	10301	-91	-88	37	-10.64	77.93	3.642
2015-01-11 02:47:35.979	20551	10301	-91	-88	34
2015-01-11 02:47:35.994	20551	10301	-94	-88	33
2015-01-11 02:52:35.343	20551	10301	-94	-89	33	-10.28	77.84	3.641
2015-01-11 03:07:36.322	20551	10301	-91	-89	31	-10.0	77.65	3.64
2015-01-11 03:17:34.135	20551	10301	-94	-89	30
2015-01-11 03:22:37.367	20551	10301	-94	-89	29	-9.8	77.63	3.641
2015-01-11 03:27:33.459	20551	10301	-94	-89	26
2015-01-11 03:37:34.343	20551	10301	-94	-89	25	-9.53	77.65	3.641
2015-01-11 03:47:36.018	20551	10301	-94	-89	22
2015-01-11 03:52:38.367	20551	10301	-94	-89	24	-9.15	77.55	3.642
2015-01-11 04:07:33.299	20551	10301	-91	-89	28
2015-01-11 04:17:34.047	20551	10301	-94	-90	49
2015-01-11 04:22:36.394	20551	10301	-91	-88	49	-8.5	77.07	3.641
2015-01-11 04:47:34.026	20551	10301	-94	-89	49
2015-01-11 05:22:40.415	20551	10301	-94	-90	41	-7.92	77.13	3.641
2015-01-11 07:47:34.011	20551	10301	-94	-90	40
2015-01-11 07:52:34.267	20551	10301	-94	-89	40	-6.48	76.76	3.645
2015-01-11 08:07:36.363	20551	10301	-91	-89	40	-6.21	76.7	3.624
2015-01-11 08:17:34.015	20551	10301	-94	-91	37
2015-01-11 08:22:35.342	20551	10301	-94	-91	32	-5.81	76.61	3.645
2015-01-11 08:37:34.339	20551	10301	-94	-91	34	-5.32	76.48	3.646
2015-01-11 08:47:37.046	20551	10301	-94	-90	34
2015-01-11 08:52:34.362	20551	10301	-91	-90	32	-4.82	76.31	3.645
2015-01-11 09:22:35.99	20551	10301	-91	-91	30	-3.79	75.97	3.646
2015-01-11 09:37:36.359	20551	10301	-94	-91	32	-3.29	75.89	3.647
2015-01-11 10:07:40.348	20551	10301	-94	-92	30
2015-01-11 10:17:35.991	20551	10301	-94	-92	35
2015-01-12 22:37:43.01	20551	10301	-94	-90	40	-1.73	76.99	3.664
2015-01-12 22:47:34.166	20551	10301	-94	-90	40
2015-01-12 22:52:43.651	20551	10301	-94	-89	40	-1.79	76.98	3.665
2015-01-12 23:22:42.571	20551	10301	-94	-89	27	-1.89	77.0	3.665
2015-01-13 01:07:39.583	20551	10301	-94	-89	23	-2.91	77.3	3.664
2015-01-13 03:22:40.183	20551	10301	-94	-90	38	-6.71	78.42	3.663
2015-01-13 07:27:35.898	20551	10301	-94	-89	46
2015-01-13 08:07:44.971	20551	10301	-94	-91	42	-10.56	78.88	3.638
2015-01-14 01:07:38.174	20551	10301	-94	-92	39	-8.56	78.27	3.653
2015-01-14 02:47:35.678	20551	10301	-94	-91	10
2015-01-14 02:47:44.534	20551	10301	-94	-91	10
2015-01-14 02:52:38.751	20551	10301	-94	-91	10	-9.68	78.44	3.659
2015-01-14 03:07:38.666	20551	10301	-94	-90	14	-9.78	78.4	3.659
2015-01-14 03:22:36.222	20551	10301	-94	-90	32	-9.9	78.41	3.658
2015-01-14 03:27:37.215	20551	10301	-94	-90	32
2015-01-14 03:37:36.259	20551	10301	-94	-90	32	-9.92	78.41	3.658
2015-01-14 03:47:35.924	20551	10301	-91	-89	30
2015-01-14 03:52:39.335	20551	10301	-94	-89	26	-10.03	78.38	3.657
2015-01-14 04:07:38.251	20551	10301	-94	-89	31
2015-01-14 04:07:38.27	20551	10301	-94	-90	31	-10.26	78.35	3.634
2015-01-14 04:17:36.927	20551	10301	-94	-90	30
2015-01-14 04:22:37.41	20551	10301	-94	-89	30	-10.34	78.49	3.657
2015-01-14 04:37:38.318	20551	10301	-91	-89	27	-10.42	78.38	3.657
2015-01-14 04:47:35.971	20551	10301	-94	-89	26
2015-01-14 04:47:36.015	20551	10301	-94	-89	26
2015-01-14 04:52:39.313	20551	10301	-94	-88	26	-10.64	78.42	3.658
2015-01-14 05:07:43.398	20551	10301	-91	-89	24	-10.92	78.4	3.657
2015-01-14 05:17:42.055	20551	10301	-94	-89	25
2015-01-14 05:22:35.982	20551	10301	-91	-89	27	-11.04	78.42	3.657
2015-01-14 05:27:36.279	20551	10301	-91	-89	25
2015-01-14 05:37:36.319	20551	10301	-91	-89	24	-11.32	78.59	3.657
2015-01-14 05:47:35.443	20551	10301	-94	-88	22
2015-01-14 05:52:38.559	20551	10301	-94	-89	22	-11.38	78.53	3.656
2015-01-14 06:07:38.466	20551	10301	-94	-89	21
2015-01-14 06:07:39.187	20551	10301	-91	-89	21	-11.56	78.58	3.632
2015-01-14 06:17:36.938	20551	10301	-94	-88	20
2015-01-14 12:52:37.179	20551	10301	-94	-89	43	-2.5	76.73	3.658
2015-01-14 13:27:42.515	20551	10301	-91	-89	40
2015-01-14 14:07:39.759	20551	10301	-94	-90	40
2015-01-14 14:07:39.775	20551	10301	-94	-90	37	-2.36	76.71	3.64
2015-01-14 14:47:45.862	20551	10301	-94	-89	34
2015-01-14 15:07:39.783	20551	10301	-94	-89	32	-2.14	76.66	3.659
2015-01-14 15:52:47.495	20551	10301	-94	-90	28	-2.59	76.83	3.659
2015-01-14 16:07:47.887	20551	10301	-94	-90	30
2015-01-14 17:47:38.999	20551	10301	-91	-90	26
2015-01-14 17:52:39.359	20551	10301	-94	-89	26	-4.32	77.31	3.658
2015-01-14 19:22:38.419	20551	10301	-94	-88	22	-4.6	77.15	3.659
2015-01-14 19:27:36.478	20551	10301	-94	-89	21
2015-01-14 19:52:41.327	20551	10301	-94	-90	21	-4.78	77.14	3.658
2015-01-14 20:07:42.678	20551	10301	-94	-90	28	-4.92	77.13	3.636
2015-01-14 20:22:39.743	20551	10301	-91	-89	26	-5.03	77.24	3.658
2015-01-14 20:37:37.238	20551	10301	-94	-89	26	-5.14	77.29	3.659
2015-01-14 21:07:54.471	20551	10301	-94	-90	25	-5.32	77.34	3.659
2015-01-14 21:22:38.696	20551	10301	-91	-89	26	-5.36	77.29	3.657
2015-01-14 21:27:40.338	20551	10301	-94	-90	24
2015-01-14 21:47:45.086	20551	10301	-91	-90	23
2015-01-14 22:07:38.639	20551	10301	-94	-89	19
2015-01-14 22:37:46.751	20551	10301	-94	-89	21	-6.55	77.57	3.658
2015-01-14 23:37:37.851	20551	10301	-94	-89	19	-6.93	77.69	3.656
2015-01-14 23:47:44.202	20551	10301	-91	-90	21
2015-01-14 23:52:39.367	20551	10301	-94	-89	21	-6.71	77.6	3.654
2015-01-15 00:07:37.583	20551	10301	-94	-89	19
2015-01-15 00:07:37.595	20551	10301	-94	-89	19	-6.6	77.4	3.634
2015-01-15 00:17:37.686	20551	10301	-94	-89	21
2015-01-15 00:22:38.023	20551	10301	-94	-90	20	-6.56	77.27	3.657
2015-01-15 00:37:43.51	20551	10301	-94	-90	22	-6.66	77.2	3.658
2015-01-15 00:47:39.658	20551	10301	-94	-90	22
2015-01-15 00:47:39.671	20551	10301	-94	-90	24
2015-01-15 00:52:39.482	20551	10301	-94	-90	24	-6.75	77.32	3.656
2015-01-15 01:17:37.235	20551	10301	-91	-89	21
2015-01-15 01:22:39.807	20551	10301	-91	-89	25	-6.52	77.28	3.656
2015-01-15 01:27:37.838	20551	10301	-94	-89	25
2015-01-15 01:52:45.394	20551	10301	-94	-89	28	-6.39	77.19	3.656
2015-01-15 02:07:38.751	20551	10301	-94	-90	28
2015-01-15 02:07:38.83	20551	10301	-94	-89	27	-6.48	77.29	3.634
2015-01-15 02:22:40.783	20551	10301	-94	-89	26	-6.53	77.35	3.656
2015-01-15 02:47:38.314	20551	10301	-91	-89	24
2015-01-15 02:52:43.646	20551	10301	-94	-89	24	-6.68	77.43	3.656
2015-01-15 03:27:40.71	20551	10301	-94	-89	22
2015-01-15 03:52:39.347	20551	10301	-94	-89	22	-6.92	77.47	3.654
2015-01-15 04:07:48.775	20551	10301	-91	-89	21	-6.98	77.52	3.632
2015-01-15 04:17:38.767	20551	10301	-94	-90	20
2015-01-15 04:22:40.853	20551	10301	-94	-90	20	-6.99	77.52	3.652
2015-01-15 04:37:40.726	20551	10301	-91	-89	18	-7.07	77.43	3.654
2015-01-15 04:52:42.758	20551	10301	-94	-89	17	-7.28	77.39	3.654
2015-01-15 05:07:39.767	20551	10301	-91	-89	16	-7.6	77.41	3.654
2015-01-15 05:17:39.506	20551	10301	-94	-89	15
2015-01-15 05:22:41.183	20551	10301	-94	-89	15	-7.87	77.55	3.654
2015-01-15 05:37:37.762	20551	10301	-94	-89	18	-7.97	77.87	3.654
2015-01-15 06:07:38.775	20551	10301	-94	-89	16
2015-01-15 06:37:38.867	20551	10301	-94	-89	19	-7.14	77.49	3.653
2015-01-15 06:47:45.639	20551	10301	-94	-89	19
2015-01-15 06:52:39.862	20551	10301	-94	-89	22	-7.03	77.17	3.654
2015-01-15 07:37:40.306	20551	10301	-94	-89	19	-7.78	77.41	3.653
2015-01-15 07:47:41.662	20551	10301	-94	-89	19
2015-01-15 07:52:38.998	20551	10301	-94	-90	22	-7.69	77.52	3.653
2015-01-15 08:07:39.963	20551	10301	-94	-89	22	-7.67	77.37	3.632
2015-01-15 08:17:43.663	20551	10301	-94	-90	21
2015-01-15 08:47:39.614	20551	10301	-94	-90	32
2015-01-15 08:47:39.63	20551	10301	-94	-90	31
2015-01-15 09:07:38.907	20551	10301	-94	-92	28	-5.53	77.69	3.654
2015-01-15 22:37:39.171	20551	10301	-94	-92	28	-1.6	75.49	3.662
2015-01-16 10:17:46.346	20551	10301	-94	-90	41
2015-01-17 01:22:40.867	20551	10301	-91	-91	40	-7.56	77.46	3.659
2015-01-17 01:47:43.627	20551	10301	-94	-91	37
2015-01-17 02:07:42.915	20551	10301	-94	-91	38	-8.12	77.61	3.637
2015-01-17 02:17:50.107	20551	10301	-94	-91	38
2015-01-17 02:47:40.642	20551	10301	-94	-91	37
2015-01-17 04:17:41.779	20551	10301	-94	-91	33
2015-01-17 04:22:40.958	20551	10301	-94	-91	33	-8.82	77.29	3.658
2015-01-17 04:47:42.682	20551	10301	-94	-91	34
2015-01-17 04:52:39.943	20551	10301	-94	-91	34	-8.94	77.35	3.658
2015-01-17 05:07:40.934	20551	10301	-94	-90	32	-9.03	77.4	3.658
2015-01-17 05:17:40.858	20551	10301	-94	-90	31
2015-01-17 05:22:38.507	20551	10301	-94	-91	30	-9.1	77.52	3.657
2015-01-17 05:27:41.558	20551	10301	-94	-90	30
2015-01-17 05:37:41.954	20551	10301	-94	-90	29	-9.06	77.39	3.657
2015-01-17 05:52:46.031	20551	10301	-94	-90	31	-9.18	77.41	3.657
2015-01-17 06:07:38.923	20551	10301	-91	-90	32
2015-01-17 06:17:40.683	20551	10301	-94	-90	30
2015-01-17 06:22:38.934	20551	10301	-94	-89	28	-9.26	77.44	3.657
2015-01-17 06:37:38.939	20551	10301	-94	-89	25	-9.28	77.43	3.656
2015-01-17 06:47:38.651	20551	10301	-94	-89	25
2015-01-17 06:47:38.667	20551	10301	-94	-89	25
2015-01-17 06:52:41.115	20551	10301	-91	-89	22	-9.3	77.38	3.657
2015-01-17 07:07:40.987	20551	10301	-94	-89	28	-9.31	77.34	3.656
2015-01-17 07:17:40.674	20551	10301	-91	-89	25
2015-01-17 07:22:43.022	20551	10301	-91	-89	24	-9.31	77.29	3.656
2015-01-17 07:27:38.471	20551	10301	-94	-89	24
2015-01-17 07:37:39.959	20551	10301	-91	-89	25	-9.32	77.33	3.653
2015-01-17 07:47:39.686	20551	10301	-94	-89	24
2015-01-17 07:52:38.99	20551	10301	-91	-89	24	-9.27	77.3	3.656
2015-01-17 08:07:38.95	20551	10301	-94	-89	22
2015-01-17 08:07:38.97	20551	10301	-91	-89	22	-9.11	77.31	3.634
2015-01-17 08:22:40.975	20551	10301	-94	-89	40	-8.78	77.23	3.654
2015-01-17 08:37:44.011	20551	10301	-94	-89	40	-8.32	77.2	3.656
2015-01-17 08:47:39.642	20551	10301	-94	-90	37
2015-01-17 08:47:39.662	20551	10301	-94	-89	37
2015-01-17 08:52:41.003	20551	10301	-94	-89	37	-7.64	77.24	3.632
2015-01-17 09:07:38.97	20551	10301	-94	-91	33	-6.53	76.98	3.654
2015-01-17 09:17:38.643	20551	10301	-94	-90	30
2015-01-17 09:22:39.62	20551	10301	-91	-90	29	-4.52	76.03	3.656
2015-01-17 10:22:41.926	20551	10301	-94	-91	57	0.6	72.01	3.658
2015-01-17 11:07:42.871	20551	10301	-94	-92	58	6.39	68.78	3.659
2015-01-18 11:07:39.694	20551	10301	-94	-92	25	4.01	74.47	3.676
2015-01-18 11:17:46.018	20551	10301	-94	-92	29
2015-01-18 11:17:46.666	20551	10301	-94	-92	29
2015-01-18 11:22:38.69	20551	10301	-94	-92	38	4.35	74.41	3.675
2015-01-19 01:37:41.647	20551	10301	-91	-91	47	0.93	75.16	3.671
2015-01-19 01:47:39.274	20551	10301	-94	-90	47
2015-01-19 02:07:38.59	20551	10301	-94	-90	47
2015-01-19 02:17:39.258	20551	10301	-94	-92	47
2015-01-19 02:22:39.767	20551	10301	-94	-92	44	0.72	75.24	3.671
2015-01-19 02:37:42.563	20551	10301	-94	-91	42	0.74	75.26	3.67
2015-01-19 02:47:38.255	20551	10301	-94	-91	42
2015-01-19 02:52:39.558	20551	10301	-94	-90	42	0.78	75.1	3.671
2015-01-20 01:27:41.478	20551	10301	-94	-91	20
2015-01-20 01:37:39.131	20551	10301	-94	-91	20	-1.24	75.62	3.668
2015-01-20 01:47:39.831	20551	10301	-94	-91	23
2015-01-20 01:52:40.167	20551	10301	-94	-91	22	-1.2	75.6	3.665
2015-01-20 03:22:38.995	20551	10301	-94	-92	44	-0.99	75.57	3.665
2015-01-20 03:52:39.047	20551	10301	-94	-91	44	-0.92	75.59	3.665
2015-01-20 04:17:38.967	20551	10301	-94	-92	44
2015-01-20 04:47:40.938	20551	10301	-94	-35	39
2015-01-20 04:52:38.986	20551	10301	-94	-92	40	-1.17	75.68	3.665
2015-01-20 05:22:38.95	20551	10301	-94	-91	55	-1.21	75.72	3.664
2015-01-20 05:27:39.994	20551	10301	-94	-91	55
2015-01-20 05:37:43.018	20551	10301	-94	-91	52	-1.28	75.8	3.664
2015-01-20 22:17:39.027	20551	10301	-94	-92	10
2015-01-20 22:22:43.347	20551	10301	-94	-92	18	0.03	75.82	3.665
2015-01-20 22:37:41.33	20551	10301	-94	-92	21	-0.02	75.9	3.664
2015-01-20 22:47:40.046	20551	10301	-94	-92	19
2015-01-20 22:47:40.066	20551	10301	-94	-91	19
2015-01-20 22:52:41.323	20551	10301	-94	-92	18	-0.03	75.95	3.664
2015-01-20 23:07:40.547	20551	10301	-94	-93	42	-0.07	75.96	3.663
2015-01-20 23:22:43.37	20551	10301	-94	-92	36	-0.1	76.0	3.664
2015-01-20 23:27:46.363	20551	10301	-94	-92	36
2015-01-21 00:17:39.291	20551	10301	-94	-92	58
2015-01-21 01:22:41.626	20551	10301	-94	-92	29	-0.17	75.94	3.664
2015-01-21 02:07:43.659	20551	10301	-94	-91	25
2015-01-21 02:07:43.675	20551	10301	-94	-92	25	-0.21	76.03	3.642
2015-01-21 02:47:47.427	20551	10301	-94	-92	25
2015-01-21 03:22:42.642	20551	10301	-94	-91	25	-0.31	76.06	3.663
2015-01-21 03:27:42.723	20551	10301	-94	-92	25
2015-01-21 03:47:47.446	20551	10301	-94	-92	23
2015-01-21 04:07:42.668	20551	10301	-94	-92	27
2015-01-21 04:22:53.819	20551	10301	-94	-92	27	-0.56	76.15	3.662
2015-01-21 04:47:43.387	20551	10301	-91	-91	23
2015-01-21 05:17:42.398	20551	10301	-94	-91	16
2015-01-21 05:22:47.739	20551	10301	-94	-92	16	-0.5	76.04	3.662
2015-01-21 05:47:47.458	20551	10301	-94	-92	25
2015-01-21 06:07:42.679	20551	10301	-94	-91	30
2015-01-21 06:22:41.698	20551	10301	-94	-91	17	-0.39	75.9	3.662
2015-01-21 06:47:43.439	20551	10301	-94	-91	16
2015-01-21 06:47:43.454	20551	10301	-94	-91	16
2015-01-21 07:07:44.722	20551	10301	-94	-91	16	-0.43	76.08	3.663
2015-01-21 07:22:44.15	20551	10301	-94	-91	12	-0.48	76.07	3.662
2015-01-21 07:27:40.398	20551	10301	-94	-91	16
2015-01-21 07:37:44.523	20551	10301	-94	-90	17	-0.42	75.84	3.66
2015-01-21 07:47:42.038	20551	10301	-94	-91	20
2015-01-21 08:07:42.922	20551	10301	-94	-90	23
2015-01-21 08:37:43.994	20551	10301	-94	-90	25	-0.03	76.0	3.663
2015-01-21 08:47:41.963	20551	10301	-94	-90	25
2015-01-21 08:47:41.979	20551	10301	-94	-90	25
2015-01-21 08:52:40.679	20551	10301	-94	-90	25	0.26	75.96	3.66
2015-01-21 09:22:41.154	20551	10301	-94	-90	33	0.74	75.48	3.662
2015-01-21 09:27:42.19	20551	10301	-94	-90	33
2015-01-21 09:47:40.914	20551	10301	-91	-90	28
2015-01-21 10:07:40.858	20551	10301	-94	-90	28	0.75	75.95	3.643
2015-01-21 10:17:39.887	20551	10301	-94	-90	28
2015-01-21 10:47:40.563	20551	10301	-94	-90	20
2015-01-21 11:27:43.726	20551	10301	-94	-90	19
2015-01-21 11:52:40.727	20551	10301	-94	-91	20	1.35	75.98	3.662
2015-01-21 12:07:39.648	20551	10301	-94	-91	20
2015-01-21 12:07:39.668	20551	10301	-94	-91	20	1.29	76.21	3.642
2015-01-21 12:47:40.411	20551	10301	-94	-91	19
2015-01-21 12:47:40.45	20551	10301	-94	-91	18
2015-01-21 12:52:46.806	20551	10301	-94	-91	17	2.35	75.75	3.663
2015-01-21 13:07:44.695	20551	10301	-94	-90	23	2.28	75.66	3.663
2015-01-21 13:17:41.374	20551	10301	-94	-90	23
2015-01-21 13:22:41.678	20551	10301	-94	-90	23	2.14	76.15	3.663
2015-01-21 13:37:43.655	20551	10301	-94	-90	32	2.01	75.9	3.663
2015-01-21 16:07:45.81	20551	10301	-94	-91	42
2015-01-21 16:07:45.827	20551	10301	-94	-93	42	1.56	75.78	3.641
2015-01-22 18:37:41.343	20551	10301	-94	-91	11	-1.11	76.65	3.66
2015-01-22 18:47:43.123	20551	10301	-94	-90	20
2015-01-22 18:52:40.331	20551	10301	-94	-90	35	-1.11	76.58	3.657
2015-01-22 19:07:42.355	20551	10301	-94	-91	33	-1.17	76.66	3.66
2015-01-22 19:17:42.023	20551	10301	-94	-90	34
2015-01-22 19:52:40.291	20551	10301	-94	-91	33	-1.25	76.67	3.66
2015-01-22 20:07:42.199	20551	10301	-94	-91	30	-1.27	76.66	3.64
2015-01-22 20:37:41.315	20551	10301	-94	-92	34	-1.21	76.48	3.66
2015-01-24 01:27:42.343	20551	10301	-94	-90	15
2015-01-24 04:52:42.454	20551	10301	-91	-89	42	-0.6	76.38	3.662
2015-01-24 05:07:40.656	20551	10301	-94	-90	39	-0.67	76.46	3.662
2015-01-24 05:27:42.752	20551	10301	-94	-89	39
2015-01-24 05:52:42.059	20551	10301	-94	-89	39	-0.79	76.48	3.664
