result_time	node_id	parent_id	stats_frssi	stats_brssi	etx	temperature	humidity	voltage
2014-12-01 00:52:47.086	20711	20551	-54	-67	10	15.67	73.01	2.536
2014-12-01 04:37:49.282	20711	20551	-58	-64	10	12.96	72.74	2.554
2014-12-01 04:47:46.282	20711	20551	-54	-97	10
2014-12-01 04:52:53.582	20711	20551	-59	-67	10	12.82	72.79	2.542
2014-12-01 05:37:46.974	20711	20551	-57	-67	10	12.53	72.92	2.536
2014-12-01 06:07:49.238	20711	20551	-59	-64	10	11.96	72.6	2.542
2014-12-01 06:57:47.462	20711	20551	-54	-67	10
2014-12-01 07:07:45.88	20711	20551	-59	-64	10	9.5	72.72	2.519
2014-12-01 07:37:44.871	20711	20551	-57	-97	10
2014-12-01 07:47:49.043	20711	20551	-59	-97	10
2014-12-01 07:52:47.758	20711	20551	-59	-97	10	8.78	72.81	2.536
2014-12-01 07:52:48.427	20711	20551	-59	-97	10	8.78	72.81	2.536
2014-12-01 12:07:45.702	20711	20551	-59	-64	10	5.03	73.29	2.519
2014-12-01 12:22:47.862	20711	20551	-54	-67	10	4.93	73.19	2.525
2014-12-01 12:52:46.617	20711	20551	-54	-67	10	4.06	73.09	2.525
2014-12-01 13:17:49.342	20711	20551	-59	-64	10
2014-12-01 13:22:46.279	20711	20551	-59	-97	10	3.29	73.31	2.514
2014-12-01 13:37:47.631	20711	20551	-59	-97	10
2014-12-01 13:37:48.667	20711	20551	-59	-97	10	2.92	73.46	2.519
2014-12-01 13:47:54.795	20711	20551	-58	-97	10
2014-12-01 13:52:46.519	20711	20551	-59	-97	10	2.71	73.47	2.525
2014-12-01 14:07:45.572	20711	20551	-59	-97	10	2.32	73.32	2.525
2014-12-01 14:22:49.214	20711	20551	-59	-97	10	2.04	73.31	2.519
2014-12-01 14:37:47.43	20711	20551	-59	-64	10	1.88	73.4	2.525
2014-12-01 14:37:48.454	20711	20551	-59	-64	10	1.88	73.4	2.525
2014-12-01 14:37:50.415	20711	20551	-59	-64	10	1.88	73.4	2.525
2014-12-01 14:37:51.643	20711	20551	-59	-64	10	1.88	73.4	2.525
2014-12-01 14:37:52.719	20711	20551	-59	-64	10	1.88	73.4	2.525
2014-12-01 15:47:55.099	20711	20551	-59	-64	10
2014-12-01 16:17:46.863	20711	20551	-58	-97	10
2014-12-01 16:17:46.883	20711	20551	-59	-97	10
2014-12-01 16:37:48.287	20711	20551	-59	-97	10	1.42	73.36	2.525
2014-12-01 16:47:45.003	20711	20551	-58	-97	10
2014-12-01 16:57:46.578	20711	20551	-59	-64	10
2014-12-01 17:47:55.994	20711	20551	-58	-97	10
2014-12-01 18:07:48.923	20711	20551	-58	-97	11	0.39	73.2	2.519
2014-12-01 18:17:49.662	20711	20551	-58	-64	10
2014-12-01 18:57:47.294	20711	20551	-59	-64	10
2014-12-01 19:17:51.058	20711	20551	-59	-97	10
2014-12-01 19:22:54.427	20711	20551	-59	-97	10	0.06	73.23	2.514
2014-12-01 19:52:53.466	20711	20551	-59	-97	10	-0.16	73.21	2.519
2014-12-01 20:07:49.354	20711	20551	-59	-64	10	-0.35	73.14	2.525
2014-12-01 20:22:53.37	20711	20551	-59	-64	10	-0.45	73.12	2.525
2014-12-01 21:37:48.878	20711	20551	-59	-64	11
2014-12-01 21:47:50.086	20711	20551	-59	-64	10
2014-12-01 23:17:51.952	20711	20551	-59	-64	10
2014-12-01 23:22:58.323	20711	20551	-59	-64	10	-2.39	72.97	2.503
2014-12-02 00:07:48.802	20711	20551	-54	-64	10	-2.84	72.92	2.514
2014-12-02 00:47:50.759	20711	20551	-59	-97	10
2014-12-02 01:17:52.799	20711	20551	-59	-64	10
2014-12-02 01:37:45.723	20711	20551	-59	-97	10
2014-12-02 01:37:49.786	20711	20551	-59	-97	10	-3.41	73.12	2.508
2014-12-02 01:47:49.703	20711	20551	-59	-64	10
2014-12-02 01:52:52.395	20711	20551	-59	-97	10	-3.34	73.14	2.514
2014-12-02 02:47:53.73	20711	20551	-59	-97	10
2014-12-02 05:07:48.778	20711	20551	-59	-64	10	-4.24	73.29	2.508
2014-12-02 06:37:49.746	20711	20551	-59	-64	10	-4.1	73.13	2.508
2014-12-02 06:52:48.734	20711	20551	-59	-97	10	-4.18	73.11	2.508
2014-12-02 06:57:51.891	20711	20551	-58	-97	10
2014-12-02 07:22:50.751	20711	20551	-59	-64	10	-4.21	73.22	2.514
2014-12-02 08:07:54.747	20711	20551	-59	-64	10	-3.21	74.16	2.514
2014-12-02 08:22:53.727	20711	20551	-59	-97	10	-2.88	74.21	2.508
2014-12-02 08:37:49.656	20711	20551	-59	-97	10	-2.56	74.15	2.514
2014-12-02 08:47:51.65	20711	20551	-59	-97	10
2014-12-02 08:52:51.74	20711	20551	-59	-97	10	-2.32	73.98	2.514
2014-12-02 08:57:56.81	20711	20551	-59	-97	10
2014-12-02 09:07:50.699	20711	20551	-59	-97	11	-2.18	73.91	2.514
2014-12-02 09:47:51.555	20711	20551	-58	-64	10
2014-12-02 10:07:57.595	20711	20551	-59	-97	10	-1.31	74.05	2.514
2014-12-02 10:57:54.878	20711	20551	-57	-64	10
2014-12-02 11:17:50.052	20711	20551	-58	-64	10
2014-12-02 11:37:46.831	20711	20551	-57	-97	10
2014-12-02 11:37:46.859	20711	20551	-57	-97	10	-0.27	73.58	2.508
2014-12-02 12:17:57.631	20711	20551	-57	-97	10
2014-12-02 12:37:51.323	20711	20551	-58	-97	10	0.67	73.77	2.508
2014-12-02 13:47:50.187	20711	20551	-59	-64	10
2014-12-02 14:47:57.48	20711	20551	-57	-64	10
2014-12-02 14:48:00.806	20711	20551	-57	-64	10
2014-12-02 15:52:51.943	20711	20551	-59	-64	10	2.1	73.42	2.503
2014-12-02 16:17:52.315	20711	20551	-59	-64	10
2014-12-02 16:23:01.502	20711	20551	-59	-97	10	2.1	73.42	2.508
2014-12-02 21:07:50.546	20711	20551	-59	-64	10	3.46	73.65	2.514
2014-12-02 21:07:51.475	20711	20551	-59	-64	10	3.46	73.65	2.514
2014-12-02 21:07:55.142	20711	20551	-59	-64	10	3.46	73.65	2.514
2014-12-02 21:07:56.871	20711	20551	-59	-64	10	3.46	73.65	2.514
2014-12-02 21:07:58.194	20711	20551	-59	-64	10	3.46	73.65	2.514
2014-12-03 00:17:54.899	20711	20551	-59	-64	10
2014-12-03 00:22:53.959	20711	20551	-59	-64	10	4.96	73.73	2.508
2014-12-03 00:58:00.179	20711	20551	-59	-97	10
2014-12-03 01:23:02.091	20711	20551	-58	-64	10	5.11	73.58	2.514
2014-12-03 02:47:51.803	20711	20551	-54	-97	13
2014-12-03 03:52:51.915	20711	20551	-59	-64	12	5.0	73.31	2.519
2014-12-03 05:37:53.903	20711	20551	-59	-64	11
2014-12-03 07:07:53.531	20711	20551	-59	-97	10	3.53	73.03	2.508
2014-12-03 07:17:48.419	20711	20551	-58	-97	10
2014-12-03 07:22:49.798	20711	20551	-59	-97	10	3.46	73.1	2.514
2014-12-03 07:37:51.711	20711	20551	-59	-67	10
2014-12-03 07:37:51.724	20711	20551	-59	-97	10	3.4	73.14	2.508
2014-12-03 07:52:52.091	20711	20551	-59	-64	10	3.39	73.16	2.519
2014-12-03 08:07:48.951	20711	20551	-54	-64	10	3.39	73.23	2.519
2014-12-03 08:17:56.359	20711	20551	-59	-67	10
2014-12-03 08:17:56.371	20711	20551	-58	-97	14
2014-12-03 09:22:52.706	20711	20551	-54	-67	12	3.5	73.36	2.519
2014-12-03 09:37:50.715	20711	20551	-59	-97	12
2014-12-03 09:47:52.375	20711	20551	-59	-97	11
2014-12-03 09:52:50.67	20711	20551	-54	-97	11	3.39	73.23	2.519
2014-12-03 10:07:47.274	20711	20551	-54	-67	11	3.28	73.24	2.525
2014-12-03 11:07:48.582	20711	20551	-55	-64	10	3.25	73.38	2.508
2014-12-03 12:17:51.034	20711	20551	-55	-97	10
2014-12-03 12:17:51.047	20711	20551	-55	-97	10
2014-12-03 12:22:54.238	20711	20551	-59	-64	10	2.89	73.26	2.514
2014-12-03 12:57:51.399	20711	20551	-55	-67	10
2014-12-03 13:37:49.438	20711	20551	-58	-97	10
2014-12-03 13:37:49.456	20711	20551	-58	-97	10	3.25	73.76	2.508
2014-12-03 13:53:18.458	20711	20551	-54	-97	10	3.36	73.63	2.519
2014-12-03 14:22:53.826	20711	20551	-59	-97	11	3.11	73.53	2.503
2014-12-03 14:52:56.842	20711	20551	-54	-64	11	3.14	73.58	2.514
2014-12-03 14:57:49.759	20711	20551	-54	-97	11
2014-12-03 15:47:49.854	20711	20551	-54	-64	11
2014-12-03 16:17:51.543	20711	20551	-54	-67	14
2014-12-03 16:22:55.758	20711	20551	-54	-64	11	2.85	73.43	2.514
2014-12-03 16:37:49.863	20711	20551	-59	-64	11	2.64	73.38	2.519
2014-12-03 17:47:48.306	20711	20551	-54	-64	10
2014-12-03 18:47:54.026	20711	20551	-59	-64	10
2014-12-03 18:52:48.295	20711	20551	-54	-97	10	0.32	73.28	2.519
2014-12-03 18:57:50.823	20711	20551	-54	-97	10
2014-12-03 20:37:52.722	20711	20551	-54	-97	10	-0.67	73.32	2.514
2014-12-03 21:22:52.707	20711	20551	-59	-97	10	-0.99	73.33	2.519
2014-12-03 21:37:50.198	20711	20551	-54	-64	10
2014-12-03 21:37:50.73	20711	20551	-54	-97	10	-1.2	73.26	2.508
2014-12-03 21:48:06.826	20711	20551	-54	-64	10
2014-12-03 21:48:08.97	20711	20551	-54	-64	10
2014-12-03 21:53:17.126	20711	20551	-59	-97	10	-1.28	73.3	2.503
2014-12-03 22:17:57.751	20711	20551	-59	-64	10
2014-12-03 22:52:50.49	20711	20551	-58	-64	10	-1.56	73.24	2.514
2014-12-03 22:57:54.566	20711	20551	-54	-97	10
2014-12-04 00:22:53.774	20711	20551	-54	-64	11	-2.1	73.25	2.508
2014-12-04 01:37:52.795	20711	20551	-54	-97	10
2014-12-04 02:47:54.475	20711	20551	-54	-67	10
2014-12-04 04:37:55.152	20711	20551	-59	-64	10	-3.56	73.46	2.432
2014-12-04 04:47:50.391	20711	20551	-59	-64	10
2014-12-04 04:52:59.839	20711	20551	-54	-64	10	-3.5	73.4	2.503
2014-12-04 04:57:49.002	20711	20551	-59	-97	10
2014-12-04 05:07:54.503	20711	20551	-59	-97	10	-3.57	73.38	2.508
2014-12-04 05:17:51.535	20711	20551	-59	-97	10
2014-12-04 05:22:52.455	20711	20551	-59	-97	10	-3.6	73.57	2.508
2014-12-04 05:37:56.591	20711	20551	-59	-64	10
2014-12-04 07:47:59.931	20711	20551	-59	-64	10
2014-12-04 08:17:51.358	20711	20551	-59	-97	10
2014-12-04 08:47:48.622	20711	20551	-59	-97	10
2014-12-04 08:52:51.815	20711	20551	-59	-97	10	-2.32	74.08	2.508
2014-12-04 09:37:49.446	20711	20551	-59	-97	10
2014-12-04 09:37:49.463	20711	20551	-59	-97	10	-1.48	74.55	2.497
2014-12-04 09:47:56.426	20711	20551	-59	-97	10
2014-12-04 09:52:54.627	20711	20551	-59	-97	10	-1.14	74.65	2.508
2014-12-04 10:07:56.45	20711	20551	-59	-64	10	-0.75	74.68	2.508
2014-12-04 10:22:55.826	20711	20551	-59	-97	10	-0.32	74.75	2.514
2014-12-04 10:57:51.51	20711	20551	-59	-64	10
2014-12-04 11:07:50.414	20711	20551	-59	-97	10	0.89	74.95	2.514
2014-12-04 11:17:57.358	20711	20551	-59	-64	10
2014-12-04 11:37:51.339	20711	20551	-58	-97	10
2014-12-04 11:48:00.306	20711	20551	-59	-64	10
2014-12-04 11:52:54.635	20711	20551	-59	-97	10	2.64	75.57	2.519
2014-12-04 14:47:51.815	20711	20551	-58	-64	10
2014-12-04 18:23:00.039	20711	20551	-59	-97	11	-1.46	72.98	2.503
2014-12-04 18:47:55.695	20711	20551	-59	-64	11
2014-12-04 20:07:50.903	20711	20551	-59	-64	11	-2.78	73.2	2.514
2014-12-04 20:17:56.496	20711	20551	-59	-97	11
2014-12-04 21:07:52.794	20711	20551	-54	-97	11	-3.25	73.45	2.514
2014-12-04 21:22:58.831	20711	20551	-59	-97	11	-2.88	73.89	2.514
2014-12-04 23:37:54.918	20711	20551	-59	-64	11	-1.84	73.84	2.497
2014-12-05 04:17:53.115	20711	20551	-59	-64	10
2014-12-05 05:37:55.419	20711	20551	-59	-64	10	-0.61	74.0	2.503
2014-12-05 05:52:54.406	20711	20551	-59	-64	10	-0.57	73.93	2.514
2014-12-05 06:17:53.986	20711	20551	-59	-97	10
2014-12-05 06:47:54.983	20711	20551	-59	-67	10
2014-12-05 07:23:00.394	20711	20551	-59	-64	10	-0.14	73.92	2.514
2014-12-05 10:07:59.15	20711	20551	-54	-64	10	2.28	74.26	2.519
2014-12-05 10:17:51.875	20711	20551	-54	-64	10
2014-12-05 11:37:54.187	20711	20551	-54	-64	10
2014-12-05 11:47:50.752	20711	20551	-54	-97	11
2014-12-05 12:22:50.463	20711	20551	-54	-64	10	3.5	73.96	2.531
2014-12-05 13:37:57.406	20711	20551	-54	-64	10	3.78	73.87	2.514
2014-12-05 14:17:51.254	20711	20551	-54	-64	10
2014-12-05 17:37:58.578	20711	20551	-56	-67	10	4.33	73.86	2.514
2014-12-05 18:37:52.987	20711	20551	-56	-97	11	4.43	73.85	2.514
2014-12-05 19:47:55.834	20711	20551	-55	-67	10
2014-12-05 20:22:54.407	20711	20551	-56	-64	10	4.64	73.92	2.508
2014-12-05 23:53:01.382	20711	20551	-58	-64	10	4.83	73.93	2.497
2014-12-06 00:07:57.642	20711	20551	-56	-97	10	4.83	73.91	2.514
2014-12-06 01:17:53.463	20711	20551	-58	-67	10
2014-12-06 01:22:52.598	20711	20551	-58	-97	10	4.71	73.88	2.525
2014-12-06 01:37:51.546	20711	20551	-56	-97	10	4.67	73.87	2.525
2014-12-06 01:47:52.395	20711	20551	-56	-67	10
2014-12-06 01:52:56.082	20711	20551	-55	-97	10	4.68	73.9	2.531
2014-12-06 02:22:55.511	20711	20551	-55	-97	10	4.71	73.96	2.536
2014-12-06 03:07:56.482	20711	20551	-55	-97	10	4.92	74.02	2.525
2014-12-06 03:17:52.362	20711	20551	-55	-97	10
2014-12-06 03:22:54.51	20711	20551	-55	-97	10	4.93	74.0	2.519
2014-12-06 03:37:51.463	20711	20551	-55	-67	10
2014-12-06 04:17:56.284	20711	20551	-56	-97	10
2014-12-06 04:52:52.182	20711	20551	-58	-97	10	5.06	73.98	2.525
2014-12-06 04:57:51.267	20711	20551	-58	-67	10
2014-12-06 05:07:53.31	20711	20551	-56	-97	10	5.06	73.98	2.525
2014-12-06 05:17:52.179	20711	20551	-59	-97	10
2014-12-06 05:22:59.439	20711	20551	-56	-97	10	5.06	73.98	2.525
2014-12-06 05:37:54.311	20711	20551	-56	-97	10	5.08	74.01	2.519
2014-12-06 06:37:56.25	20711	20551	-58	-64	10	5.07	73.96	2.531
2014-12-06 06:57:53.094	20711	20551	-58	-97	10
2014-12-06 07:07:56.191	20711	20551	-59	-67	10	4.96	73.93	2.525
2014-12-06 07:37:54.147	20711	20551	-59	-97	10	4.82	73.88	2.514
2014-12-06 07:47:57.128	20711	20551	-58	-97	11
2014-12-06 08:17:53.97	20711	20551	-59	-97	10
2014-12-06 08:17:53.983	20711	20551	-57	-97	10
2014-12-06 08:37:53.074	20711	20551	-57	-97	10	4.68	73.9	2.519
2014-12-06 08:48:00.982	20711	20551	-59	-97	10
2014-12-06 08:58:00.214	20711	20551	-59	-97	11
2014-12-06 09:07:51.022	20711	20551	-59	-67	10	4.57	73.93	2.519
2014-12-06 09:37:50.911	20711	20551	-59	-67	10
2014-12-06 10:57:58.987	20711	20551	-60	-67	10
2014-12-06 12:18:00.763	20711	20551	-59	-70	10
2014-12-06 14:57:51.655	20711	20551	-60	-67	10
2014-12-06 15:48:03.626	20711	20551	-60	-97	11
2014-12-06 19:17:57.31	20711	20551	-58	-70	10
2014-12-06 20:22:58.627	20711	20551	-58	-97	10	0.68	73.38	2.514
2014-12-06 20:37:57.338	20711	20551	-58	-97	11	0.65	73.52	2.514
2014-12-06 22:07:57.215	20711	20551	-59	-97	11	1.26	73.92	2.503
2014-12-06 22:17:52.115	20711	20551	-58	-64	12
2014-12-06 22:22:51.65	20711	20551	-59	-97	12	1.31	73.91	2.508
2014-12-06 22:52:54.898	20711	20551	-59	-97	13	1.33	73.91	2.514
2014-12-06 23:07:55.095	20711	20551	-59	-97	13	1.29	73.8	2.514
2014-12-06 23:17:49.986	20711	20551	-59	-97	13
2014-12-06 23:48:00.054	20711	20551	-58	-64	13
2014-12-07 00:37:52.03	20711	20551	-58	-97	11	0.47	73.56	2.514
2014-12-07 02:58:01.135	20711	20551	-59	-64	10
2014-12-07 04:22:55.395	20711	20551	-59	-64	10	-2.07	73.3	2.514
2014-12-07 04:37:56.935	20711	20551	-59	-97	10	-2.16	73.31	2.508
2014-12-07 04:52:52.998	20711	20551	-59	-64	10	-2.28	73.36	2.497
2014-12-07 05:37:55.858	20711	20551	-58	-97	10	-2.7	73.47	2.497
2014-12-07 05:37:59.206	20711	20551	-58	-64	10
2014-12-07 09:53:01.367	20711	20551	-58	-64	10	-0.02	81.93	2.503
2014-12-07 10:17:52.714	20711	20551	-59	-97	10
2014-12-07 10:22:51.755	20711	20551	-58	-64	10	1.29	82.1	2.503
2014-12-07 16:17:51.282	20711	20551	-54	-67	10
2014-12-07 16:22:55.65	20711	20551	-54	-67	10	6.2	78.24	2.548
2014-12-07 16:52:53.982	20711	20551	-54	-64	10	4.25	77.48	2.548
2014-12-07 17:07:52.69	20711	20551	-54	-64	10	3.42	77.64	2.548
2014-12-07 18:37:50.678	20711	20551	-54	-64	10	0.61	78.2	2.525
2014-12-07 18:47:52.563	20711	20551	-54	-97	10
2014-12-08 01:37:56.142	20711	20551	-54	-67	10
2014-12-08 03:47:58.302	20711	20551	-59	-67	10
2014-12-08 07:37:59.962	20711	20551	-59	-97	12	-3.0	75.0	2.492
2014-12-08 15:47:57.002	20711	20551	-54	-97	10
2014-12-08 23:17:55.707	20711	20551	-58	-97	10
2014-12-08 23:22:55.907	20711	20551	-54	-97	10	0.63	73.81	2.508
2014-12-08 23:37:53.891	20711	20551	-54	-64	11	0.43	73.85	2.503
2014-12-08 23:47:52.59	20711	20551	-54	-97	11
2014-12-08 23:52:52.686	20711	20551	-54	-97	11	0.42	73.89	2.514
2014-12-09 00:17:54.614	20711	20551	-54	-64	11
2014-12-09 00:17:54.634	20711	20551	-54	-97	11
2014-12-09 00:37:58.703	20711	20551	-54	-97	11	0.39	73.91	2.514
2014-12-09 01:37:52.55	20711	20551	-54	-97	11
2014-12-09 01:52:59.274	20711	20551	-54	-97	10	-0.13	74.0	2.514
2014-12-09 02:17:53.718	20711	20551	-54	-97	10
2014-12-09 04:57:52.198	20711	20551	-54	-64	10
2014-12-09 05:37:54.446	20711	20551	-59	-64	10
2014-12-09 06:17:58.115	20711	20551	-54	-64	10
2014-12-09 07:17:53.567	20711	20551	-54	-64	10
2014-12-09 07:37:54.019	20711	20551	-54	-97	10
2014-12-09 11:17:54.362	20711	20551	-54	-97	10
2014-12-09 11:47:52.495	20711	20551	-54	-67	10
2014-12-09 11:52:53.874	20711	20551	-54	-67	10	6.57	77.74	2.514
2014-12-09 12:07:54.523	20711	20551	-54	-67	10	7.0	77.58	2.519
2014-12-09 12:17:56.263	20711	20551	-54	-97	10
2014-12-09 12:17:56.298	20711	20551	-54	-97	10
2014-12-09 13:37:54.794	20711	20551	-54	-67	10
2014-12-09 14:53:01.847	20711	20551	-55	-97	10	8.36	75.16	2.531
2014-12-09 15:47:58.291	20711	20551	-54	-67	10
2014-12-09 16:07:58.651	20711	20551	-58	-67	10	7.81	76.89	2.531
2014-12-09 16:22:59.682	20711	20551	-54	-67	10	7.26	76.47	2.525
2014-12-09 18:37:55.248	20711	20551	-54	-67	10	5.03	74.58	2.531
2014-12-09 18:47:54.135	20711	20551	-54	-97	10
2014-12-09 19:07:58.544	20711	20551	-58	-97	10	4.74	74.44	2.508
2014-12-09 19:18:00.174	20711	20551	-54	-67	10
2014-12-09 23:37:57.062	20711	20551	-54	-64	10	3.01	74.31	2.503
2014-12-09 23:53:01.825	20711	20551	-54	-67	10	2.99	74.25	2.514
2014-12-10 00:17:57.848	20711	20551	-58	-67	10
2014-12-10 00:23:02.139	20711	20551	-59	-97	10	2.89	74.16	2.519
2014-12-10 00:47:53.766	20711	20551	-55	-64	10
2014-12-10 00:52:57.87	20711	20551	-55	-97	10	2.81	74.12	2.525
2014-12-10 00:57:57.947	20711	20551	-54	-97	10
2014-12-10 01:07:56.923	20711	20551	-54	-97	11	2.78	74.14	2.519
2014-12-10 01:17:55.75	20711	20551	-59	-97	11
2014-12-10 01:22:56.827	20711	20551	-54	-97	11	2.74	74.1	2.525
2014-12-10 01:37:56.959	20711	20551	-55	-64	10
2014-12-10 01:52:58.382	20711	20551	-54	-67	10	2.65	74.11	2.525
2014-12-10 04:57:56.63	20711	20551	-58	-67	10
2014-12-10 05:17:57.738	20711	20551	-59	-97	10
2014-12-10 05:22:58.19	20711	20551	-54	-97	10	1.85	74.24	2.525
2014-12-10 08:47:56.558	20711	20551	-54	-67	10
2014-12-10 10:52:55.562	20711	20551	-55	-67	10	0.81	74.05	2.508
2014-12-10 13:38:03.931	20711	20551	-54	-97	10	-0.02	73.98	2.497
2014-12-10 13:38:06.083	20711	20551	-54	-97	10	-0.02	73.98	2.497
2014-12-10 15:52:57.146	20711	20551	-54	-97	10	-0.57	73.96	2.508
2014-12-10 16:48:11.791	20711	20551	-54	-64	10
2014-12-10 17:37:57.102	20711	20551	-59	-64	10
2014-12-10 17:37:57.538	20711	20551	-59	-97	10	-0.98	74.02	2.503
2014-12-10 18:07:57.059	20711	20551	-54	-64	10	-0.96	74.02	2.514
2014-12-10 19:17:55.575	20711	20551	-59	-64	10
2014-12-10 19:48:03.731	20711	20551	-59	-64	11
2014-12-10 20:07:57.007	20711	20551	-59	-64	10	-1.02	74.01	2.508
2014-12-10 20:38:07.167	20711	20551	-59	-97	10	-1.06	74.0	2.508
2014-12-10 20:52:59.275	20711	20551	-59	-64	10	-1.07	74.0	2.514
2014-12-10 22:07:58.999	20711	20551	-58	-64	10	-1.28	73.96	2.514
2014-12-10 22:18:05.911	20711	20551	-54	-64	10
2014-12-10 22:23:03.355	20711	20551	-59	-97	10	-1.31	73.95	2.514
2014-12-10 23:17:54.895	20711	20551	-59	-64	10
2014-12-10 23:22:55.959	20711	20551	-59	-97	10	-1.42	73.95	2.503
2014-12-11 00:48:00.79	20711	20551	-59	-64	10
2014-12-11 01:23:00.827	20711	20551	-59	-64	10	-1.79	73.92	2.514
2014-12-11 01:23:01.987	20711	20551	-59	-64	10	-1.79	73.92	2.514
2014-12-11 03:37:57.866	20711	20551	-59	-64	10
2014-12-11 03:37:57.882	20711	20551	-59	-97	10	-2.24	73.95	2.497
2014-12-11 04:08:01.835	20711	20551	-58	-64	10	-2.31	73.94	2.503
2014-12-11 04:47:54.359	20711	20551	-58	-64	10
2014-12-11 05:22:57.738	20711	20551	-59	-64	10	-2.56	73.93	2.503
2014-12-11 05:47:58.718	20711	20551	-59	-64	10
2014-12-11 05:53:01.366	20711	20551	-59	-97	10	-2.6	73.95	2.508
2014-12-11 10:08:05.11	20711	20551	-58	-97	11	-2.89	74.06	2.497
2014-12-11 12:07:54.879	20711	20551	-58	-64	11	-2.07	74.33	2.503
2014-12-11 12:18:10.187	20711	20551	-59	-64	10
2014-12-11 12:53:01.055	20711	20551	-59	-97	10	-1.92	74.33	2.503
2014-12-11 14:08:02.466	20711	20551	-58	-97	10	-1.25	74.47	2.497
2014-12-11 15:23:05.438	20711	20551	-59	-64	10	-0.48	74.59	2.503
2014-12-11 15:53:02.438	20711	20551	-59	-97	10	-0.45	74.38	2.503
2014-12-11 16:22:59.322	20711	20551	-59	-64	10	-0.67	74.16	2.503
2014-12-11 16:52:58.379	20711	20551	-57	-64	10	-0.88	74.09	2.508
2014-12-11 17:08:12.855	20711	20551	-58	-64	10	-0.85	74.14	2.508
2014-12-11 17:47:59.143	20711	20551	-58	-64	10
2014-12-11 17:53:05.395	20711	20551	-58	-97	10	-0.71	74.15	2.497
2014-12-11 19:08:00.455	20711	20551	-54	-64	11	-0.53	74.14	2.503
2014-12-11 19:17:58.086	20711	20551	-58	-97	11
2014-12-11 22:07:59.175	20711	20551	-58	-64	11	-0.42	74.14	2.503
2014-12-11 22:17:57.99	20711	20551	-58	-97	11
2014-12-11 22:58:04.015	20711	20551	-58	-64	11
2014-12-11 23:08:00.503	20711	20551	-59	-64	11	-0.45	74.11	2.514
2014-12-12 00:17:57.906	20711	20551	-58	-97	10
2014-12-12 00:18:00.975	20711	20551	-58	-97	10
2014-12-12 00:38:03.266	20711	20551	-57	-64	10	-0.48	74.12	2.508
2014-12-12 00:47:56.958	20711	20551	-59	-97	10
2014-12-12 01:08:04.25	20711	20551	-59	-64	10	-0.64	73.94	2.508
2014-12-12 04:23:03.598	20711	20551	-58	-64	10	-1.1	74.04	2.508
2014-12-12 04:53:05.031	20711	20551	-56	-97	10	-1.24	74.06	2.492
2014-12-12 04:57:58.907	20711	20551	-58	-97	10
2014-12-12 06:17:57.902	20711	20551	-58	-64	10
2014-12-12 06:17:58.802	20711	20551	-58	-64	10
2014-12-12 06:17:59.095	20711	20551	-58	-97	10
2014-12-12 06:23:01.602	20711	20551	-58	-97	10	-1.67	74.0	2.508
2014-12-12 07:48:04.706	20711	20551	-58	-64	10
2014-12-12 08:17:57.467	20711	20551	-58	-64	10
2014-12-12 08:38:01.786	20711	20551	-57	-64	10	-1.52	74.37	2.508
2014-12-12 09:08:00.583	20711	20551	-58	-64	10	-1.21	74.51	2.508
2014-12-12 09:18:05.355	20711	20551	-59	-97	10
2014-12-12 10:17:57.25	20711	20551	-58	-64	10
2014-12-12 10:22:57.747	20711	20551	-59	-97	10	-0.28	74.75	2.508
2014-12-12 11:07:56.531	20711	20551	-59	-64	10	0.5	74.99	2.503
2014-12-12 11:22:59.966	20711	20551	-58	-64	10	0.75	75.04	2.503
2014-12-12 11:38:03.199	20711	20551	-58	-97	11	0.71	74.77	2.503
2014-12-12 11:38:03.215	20711	20551	-58	-97	10
2014-12-12 11:47:59.088	20711	20551	-58	-64	11
2014-12-12 11:52:59.894	20711	20551	-58	-97	11	0.72	74.72	2.508
2014-12-12 12:07:56.184	20711	20551	-58	-97	11	1.01	74.76	2.514
2014-12-12 12:22:58.455	20711	20551	-59	-64	11	1.07	74.6	2.508
2014-12-12 12:37:57.318	20711	20551	-58	-97	11	1.06	74.55	2.514
2014-12-12 12:48:00.474	20711	20551	-57	-97	11
2014-12-12 12:53:01.031	20711	20551	-59	-64	10	0.93	74.54	2.497
2014-12-12 12:57:57.522	20711	20551	-58	-97	10
2014-12-12 13:08:01.374	20711	20551	-58	-97	10	0.96	74.35	2.514
2014-12-12 13:47:57.954	20711	20551	-58	-64	10
2014-12-12 13:52:58.831	20711	20551	-59	-97	10	1.1	74.48	2.514
2014-12-12 13:52:59.654	20711	20551	-59	-97	10	1.1	74.48	2.514
2014-12-12 14:07:59.162	20711	20551	-59	-64	10	1.11	74.46	2.514
2014-12-12 14:18:00.967	20711	20551	-58	-97	10
2014-12-12 14:18:00.99	20711	20551	-59	-97	10
2014-12-12 14:22:57.132	20711	20551	-59	-97	10	1.07	74.25	2.514
2014-12-12 14:38:03.138	20711	20551	-59	-64	10	1.04	74.32	2.519
2014-12-12 14:47:56.87	20711	20551	-59	-97	10
2014-12-12 14:52:56.842	20711	20551	-59	-97	10	1.0	74.31	2.519
2014-12-12 14:58:00.014	20711	20551	-59	-97	10
2014-12-12 15:08:04.951	20711	20551	-59	-64	10	0.93	74.32	2.519
2014-12-12 15:17:59.879	20711	20551	-59	-97	10
2014-12-12 15:23:04.902	20711	20551	-59	-97	10	0.93	74.27	2.519
2014-12-12 15:48:00.587	20711	20551	-59	-64	10
2014-12-12 15:53:01.97	20711	20551	-59	-97	10	0.71	74.01	2.519
2014-12-12 16:17:58.538	20711	20551	-59	-64	10
2014-12-12 16:17:58.55	20711	20551	-59	-97	10
2014-12-12 16:23:08.706	20711	20551	-59	-64	10	0.15	73.79	2.514
2014-12-12 17:17:59.742	20711	20551	-58	-97	10
2014-12-12 17:22:56.998	20711	20551	-57	-97	10	-0.6	73.93	2.508
2014-12-12 17:38:01.107	20711	20551	-58	-64	10
2014-12-12 17:38:04.159	20711	20551	-58	-97	10	-0.7	74.03	2.497
2014-12-12 17:48:03.123	20711	20551	-58	-97	10
2014-12-12 17:52:59.115	20711	20551	-58	-97	10	-0.7	74.03	2.508
2014-12-12 18:07:57.198	20711	20551	-57	-64	11	-0.74	74.07	2.508
2014-12-12 18:22:59.232	20711	20551	-57	-97	11	-0.78	74.09	2.508
2014-12-12 18:38:01.418	20711	20551	-58	-64	11	-0.82	74.13	2.508
2014-12-12 18:47:57.239	20711	20551	-58	-97	11
2014-12-12 18:47:58.059	20711	20551	-58	-97	11
2014-12-12 18:53:02.763	20711	20551	-58	-97	10	-0.89	74.13	2.514
2014-12-12 20:38:00.298	20711	20551	-58	-64	10	-1.46	73.99	2.508
2014-12-12 20:58:06.583	20711	20551	-58	-97	10
2014-12-12 23:48:02.695	20711	20551	-58	-61	10
2014-12-12 23:53:02.423	20711	20551	-58	-97	11	-1.89	74.17	2.503
2014-12-13 00:48:03.283	20711	20551	-58	-64	11
2014-12-13 01:18:08.795	20711	20551	-58	-64	11
2014-12-13 08:18:00.311	20711	20551	-58	-61	10
2014-12-13 09:37:57.15	20711	20551	-59	-64	10
2014-12-13 09:38:00.219	20711	20551	-59	-97	10	-2.14	74.34	2.492
2014-12-13 09:53:02.767	20711	20551	-58	-64	10	-2.07	74.33	2.497
2014-12-13 10:07:59.091	20711	20551	-58	-97	10	-2.03	74.31	2.497
2014-12-13 10:18:05.015	20711	20551	-59	-97	10
2014-12-13 11:18:07.271	20711	20551	-57	-64	10
2014-12-13 13:23:08.146	20711	20551	-58	-64	10	-1.02	74.57	2.486
2014-12-13 13:52:59.195	20711	20551	-58	-97	10	-0.57	74.6	2.497
2014-12-13 14:08:01.571	20711	20551	-58	-97	10	-0.5	74.61	2.503
2014-12-13 14:17:58.537	20711	20551	-57	-97	10
2014-12-13 14:17:58.559	20711	20551	-57	-97	10
2014-12-13 14:38:00.91	20711	20551	-58	-97	10	-0.39	74.56	2.503
2014-12-13 15:17:58.303	20711	20551	-59	-97	10
2014-12-13 15:22:59.559	20711	20551	-58	-97	10	-0.39	74.31	2.508
2014-12-13 15:37:59.474	20711	20551	-57	-64	10	-0.46	74.32	2.503
2014-12-13 16:07:59.266	20711	20551	-57	-64	10	-0.32	74.38	2.514
2014-12-13 17:38:03.963	20711	20551	-58	-64	10	-0.25	74.39	2.503
2014-12-13 19:17:57.835	20711	20551	-57	-64	10
2014-12-13 19:23:03.363	20711	20551	-57	-64	10	0.07	74.51	2.503
2014-12-13 19:48:03.638	20711	20551	-56	-64	10
2014-12-13 19:52:58.874	20711	20551	-56	-97	10	0.17	74.53	2.503
2014-12-13 20:08:01.227	20711	20551	-58	-97	10	0.24	74.55	2.508
2014-12-13 20:17:58.515	20711	20551	-57	-61	10
2014-12-13 20:17:58.531	20711	20551	-57	-97	10
2014-12-13 20:23:01.223	20711	20551	-57	-97	10	0.32	74.56	2.514
2014-12-13 20:47:57.682	20711	20551	-58	-64	10
2014-12-13 20:53:01.947	20711	20551	-58	-97	10	0.49	74.62	2.514
2014-12-13 21:08:00.515	20711	20551	-58	-97	11	0.56	74.61	2.514
2014-12-13 21:18:02.666	20711	20551	-57	-64	11
2014-12-13 21:37:58.736	20711	20551	-57	-97	11
2014-12-13 21:37:58.754	20711	20551	-57	-97	10	0.7	74.64	2.508
2014-12-13 21:48:00.711	20711	20551	-57	-64	10
2014-12-13 21:53:00.148	20711	20551	-58	-97	10	0.79	74.64	2.514
2014-12-13 22:08:05.911	20711	20551	-58	-97	10	0.86	74.63	2.514
2014-12-13 22:18:00.771	20711	20551	-57	-64	10
2014-12-13 22:18:00.791	20711	20551	-57	-97	10
2014-12-13 22:23:01.054	20711	20551	-57	-97	10	0.96	74.67	2.508
2014-12-13 22:37:58.983	20711	20551	-58	-97	10	1.07	74.67	2.514
2014-12-13 22:48:00.262	20711	20551	-59	-97	10
2014-12-13 22:53:05.122	20711	20551	-58	-97	10	1.15	74.66	2.514
2014-12-13 22:58:13.558	20711	20551	-58	-64	10
2014-12-14 00:08:00.963	20711	20551	-54	-64	10	1.71	74.73	2.514
2014-12-14 00:23:01.267	20711	20551	-59	-97	10	1.78	74.7	2.514
2014-12-14 00:38:03.347	20711	20551	-59	-97	10	1.88	74.72	2.514
2014-12-14 00:48:01.01	20711	20551	-59	-97	10
2014-12-14 00:48:01.778	20711	20551	-59	-97	10
2014-12-14 00:57:59.383	20711	20551	-58	-64	10
2014-12-14 01:23:03.45	20711	20551	-59	-64	10	2.18	74.71	2.508
2014-12-14 01:38:13.511	20711	20551	-59	-64	11	2.25	74.7	2.497
2014-12-14 01:48:01.088	20711	20551	-59	-64	11
2014-12-14 02:18:01.067	20711	20551	-59	-64	11
2014-12-14 03:18:02.767	20711	20551	-58	-64	11
2014-12-14 03:22:59.831	20711	20551	-59	-67	11	2.7	74.62	2.508
2014-12-14 03:48:04.166	20711	20551	-59	-64	11
2014-12-14 06:38:09.435	20711	20551	-57	-64	11	3.29	74.64	2.497
2014-12-14 06:48:03.566	20711	20551	-56	-64	11
2014-12-14 06:53:00.035	20711	20551	-56	-97	11	3.36	74.63	2.508
2014-12-14 06:58:00.058	20711	20551	-57	-97	10
2014-12-14 07:08:04.302	20711	20551	-59	-64	10	3.42	74.64	2.508
2014-12-14 07:18:02.055	20711	20551	-57	-97	10
2014-12-14 07:23:11.099	20711	20551	-57	-97	10	3.46	74.68	2.514
2014-12-14 08:08:01.995	20711	20551	-57	-64	11	3.6	74.65	2.519
2014-12-14 10:08:00.871	20711	20551	-57	-97	11	4.35	74.74	2.514
2014-12-14 10:17:58.83	20711	20551	-58	-97	11
2014-12-14 10:18:00.875	20711	20551	-58	-97	11
2014-12-14 10:23:01.503	20711	20551	-57	-97	11	4.42	74.8	2.514
2014-12-14 10:38:05.447	20711	20551	-57	-97	11	4.57	74.81	2.519
2014-12-14 10:48:05.939	20711	20551	-56	-97	10
2014-12-14 10:53:04.019	20711	20551	-58	-97	11	4.68	74.83	2.519
2014-12-14 11:07:59.291	20711	20551	-57	-61	11	4.83	74.84	2.519
2014-12-14 11:17:59.767	20711	20551	-60	-97	11
2014-12-14 11:23:11.415	20711	20551	-56	-97	12	4.93	74.78	2.519
2014-12-14 12:08:03.862	20711	20551	-57	-64	12	5.51	74.83	2.519
2014-12-14 12:18:02.79	20711	20551	-56	-97	13
2014-12-14 12:18:02.81	20711	20551	-56	-97	13
2014-12-14 12:37:58.739	20711	20551	-57	-64	11	5.93	74.89	2.519
2014-12-14 12:47:58.707	20711	20551	-59	-97	11
2014-12-14 13:53:07.438	20711	20551	-58	-64	10	6.36	74.8	2.514
2014-12-14 14:08:02.746	20711	20551	-57	-64	10	6.36	74.73	2.519
2014-12-14 14:58:05.735	20711	20551	-57	-64	11
2014-12-14 16:17:59.843	20711	20551	-59	-64	10
2014-12-14 16:18:03.951	20711	20551	-59	-64	10
2014-12-14 16:18:05.884	20711	20551	-59	-64	10
2014-12-14 16:18:06.263	20711	20551	-59	-97	10
2014-12-14 16:37:59.071	20711	20551	-59	-97	10	6.01	74.5	2.525
2014-12-14 16:48:01.363	20711	20551	-58	-97	10
2014-12-14 16:53:03.386	20711	20551	-59	-97	10	5.99	74.52	2.519
2014-12-14 16:58:02.71	20711	20551	-58	-97	10
2014-12-14 17:08:05.167	20711	20551	-58	-97	10	5.88	74.5	2.519
2014-12-14 17:38:03.999	20711	20551	-58	-64	10	5.71	74.54	2.519
2014-12-14 17:48:01.719	20711	20551	-58	-97	10
2014-12-14 17:53:02.07	20711	20551	-58	-97	10	5.68	74.53	2.525
2014-12-14 18:18:01.855	20711	20551	-59	-64	10
2014-12-14 18:23:01.063	20711	20551	-59	-97	10	5.61	74.57	2.525
2014-12-14 18:37:59.122	20711	20551	-59	-64	10	5.61	74.6	2.525
2014-12-14 18:47:58.638	20711	20551	-59	-97	10
2014-12-14 18:52:59.962	20711	20551	-59	-97	10	5.61	74.62	2.531
2014-12-14 19:17:58.886	20711	20551	-58	-64	14
2014-12-14 20:38:04.115	20711	20551	-58	-61	10	5.71	74.67	2.531
2014-12-14 22:23:05.87	20711	20551	-58	-64	10	5.49	74.62	2.525
2014-12-14 23:38:00.958	20711	20551	-59	-64	10	5.25	74.62	2.497
2014-12-15 00:37:59.939	20711	20551	-58	-64	10	5.1	74.62	2.508
2014-12-15 02:53:05.351	20711	20551	-58	-64	10	5.03	74.7	2.514
2014-12-15 03:18:06.787	20711	20551	-58	-64	10
2014-12-15 03:38:02.894	20711	20551	-58	-64	10
2014-12-15 03:38:02.91	20711	20551	-58	-97	10	5.01	74.72	2.519
2014-12-15 06:58:07.771	20711	20551	-58	-64	10
2014-12-15 07:23:01.646	20711	20551	-58	-64	10	4.97	74.74	2.514
2014-12-15 08:18:07.578	20711	20551	-58	-64	10
2014-12-15 08:18:07.586	20711	20551	-58	-97	10
2014-12-15 08:23:05.81	20711	20551	-58	-97	10	5.13	74.85	2.508
2014-12-15 08:53:00.762	20711	20551	-58	-97	10	5.4	74.91	2.514
2014-12-15 09:38:08.959	20711	20551	-58	-64	10
2014-12-15 10:48:04.255	20711	20551	-59	-64	10
2014-12-15 10:53:02.302	20711	20551	-58	-97	10	6.39	75.09	2.508
2014-12-15 11:38:04.715	20711	20551	-59	-97	10
2014-12-15 14:18:00.904	20711	20551	-59	-67	10
2014-12-15 14:18:02.815	20711	20551	-59	-67	10
2014-12-15 14:22:59.471	20711	20551	-58	-67	10	9.97	75.34	2.525
2014-12-15 14:38:03.719	20711	20551	-59	-67	10	10.28	75.33	2.531
2014-12-15 14:53:00.058	20711	20551	-58	-97	10	10.2	75.11	2.531
2014-12-15 15:08:10.387	20711	20551	-58	-64	10	10.11	75.12	2.536
2014-12-15 15:18:04.326	20711	20551	-58	-97	10
2014-12-15 16:18:00.906	20711	20551	-58	-64	10
2014-12-15 16:18:01.238	20711	20551	-59	-97	10
2014-12-15 16:38:01.898	20711	20551	-54	-67	10	8.17	74.56	2.542
2014-12-15 16:48:01.511	20711	20551	-58	-97	10
2014-12-15 16:53:07.842	20711	20551	-58	-97	10	7.95	74.52	2.542
2014-12-15 17:37:59.798	20711	20551	-59	-64	10	7.36	74.58	2.531
2014-12-15 17:48:07.418	20711	20551	-58	-67	10
2014-12-15 17:53:03.795	20711	20551	-58	-64	10	7.21	74.6	2.536
2014-12-15 18:18:00.399	20711	20551	-58	-64	10
2014-12-15 18:38:04.87	20711	20551	-59	-97	10	6.22	74.27	2.531
2014-12-15 18:48:07.499	20711	20551	-59	-64	10
2014-12-15 19:18:02.531	20711	20551	-59	-64	10
2014-12-15 19:38:00.782	20711	20551	-59	-97	10	4.64	74.37	2.525
2014-12-15 23:23:08.751	20711	20551	-59	-64	10	2.14	74.72	2.519
2014-12-16 00:08:02.062	20711	20551	-59	-97	10	2.0	74.89	2.525
2014-12-16 00:18:02.187	20711	20551	-59	-64	10
2014-12-16 00:38:01.863	20711	20551	-59	-64	10	1.92	74.68	2.519
2014-12-16 00:58:07.055	20711	20551	-59	-97	10
2014-12-16 01:18:02.186	20711	20551	-59	-64	10
2014-12-16 01:23:05.511	20711	20551	-59	-97	10	1.78	74.77	2.519
2014-12-16 01:38:04.398	20711	20551	-59	-97	10
2014-12-16 01:38:04.422	20711	20551	-59	-97	10	1.64	74.84	2.514
2014-12-16 01:48:02.167	20711	20551	-59	-97	10
2014-12-16 01:53:04.666	20711	20551	-59	-97	10	1.65	74.72	2.519
2014-12-16 02:08:02.507	20711	20551	-57	-97	11	1.5	74.76	2.519
2014-12-16 02:18:08.419	20711	20551	-59	-97	11
2014-12-16 02:23:07.503	20711	20551	-59	-97	11	1.51	74.79	2.519
2014-12-16 03:23:04.622	20711	20551	-59	-64	10	2.49	75.29	2.519
2014-12-16 03:38:00.798	20711	20551	-59	-97	10
2014-12-16 03:38:00.834	20711	20551	-59	-97	10	2.65	75.28	2.514
2014-12-16 03:48:01.326	20711	20551	-59	-64	10
2014-12-16 06:08:03.951	20711	20551	-58	-64	10	3.88	74.99	2.503
2014-12-16 06:18:11.954	20711	20551	-58	-64	10
2014-12-16 06:18:11.967	20711	20551	-58	-97	10
2014-12-16 06:23:05.919	20711	20551	-58	-97	10	3.89	74.99	2.508
2014-12-16 06:38:02.918	20711	20551	-58	-64	10	3.96	75.01	2.514
2014-12-16 07:08:08.343	20711	20551	-58	-97	10	4.14	75.02	2.514
2014-12-16 07:18:08.163	20711	20551	-59	-97	10
2014-12-16 08:48:09.062	20711	20551	-56	-64	10
2014-12-16 08:53:07.35	20711	20551	-57	-97	10	5.24	75.27	2.497
2014-12-16 09:08:06.307	20711	20551	-56	-61	10	5.53	75.41	2.497
2014-12-16 10:18:08.031	20711	20551	-57	-64	11
2014-12-16 11:18:04.995	20711	20551	-58	-64	11
2014-12-16 11:38:02.431	20711	20551	-58	-64	11	8.57	75.21	2.503
2014-12-16 13:08:05.172	20711	20551	-58	-64	11	11.07	75.62	2.497
2014-12-16 13:38:17.274	20711	20551	-58	-97	10	11.15	75.2	2.497
2014-12-16 14:08:02.114	20711	20551	-54	-67	10	10.78	75.0	2.525
2014-12-16 14:48:04.802	20711	20551	-55	-67	10
2014-12-16 19:18:02.707	20711	20551	-59	-64	10
2014-12-16 19:23:06.927	20711	20551	-59	-97	10	7.06	74.44	2.519
2014-12-16 22:53:11.931	20711	20551	-58	-97	11	5.21	74.72	2.503
2014-12-16 22:58:05.874	20711	20551	-54	-97	11
2014-12-16 23:08:09.879	20711	20551	-58	-97	10	5.15	74.75	2.508
2014-12-17 02:38:07.722	20711	20551	-58	-64	10	4.42	74.75	2.508
2014-12-17 04:53:07.729	20711	20551	-58	-67	10	3.68	74.72	2.519
2014-12-17 16:08:08.663	20711	20551	-58	-64	10	0.53	74.85	2.486
2014-12-17 16:18:01.299	20711	20551	-54	-64	10
2014-12-17 16:18:01.315	20711	20551	-54	-97	10
2014-12-17 16:23:04.703	20711	20551	-55	-97	10	0.39	74.85	2.492
2014-12-17 16:38:03.644	20711	20551	-59	-67	10	0.29	74.85	2.492
2014-12-17 16:48:07.386	20711	20551	-59	-97	10
2014-12-17 17:18:07.415	20711	20551	-59	-97	10
2014-12-17 17:23:00.626	20711	20551	-59	-97	10	0.06	74.9	2.497
2014-12-17 17:38:05.667	20711	20551	-59	-97	10
2014-12-17 18:18:10.451	20711	20551	-59	-97	11
2014-12-17 20:58:02.734	20711	20551	-54	-64	10
2014-12-17 21:53:05.743	20711	20551	-59	-64	10	-1.1	74.87	2.503
2014-12-17 22:08:01.419	20711	20551	-58	-97	10	-1.2	74.88	2.508
2014-12-17 22:38:07.739	20711	20551	-58	-64	10	-1.38	74.86	2.508
2014-12-17 23:08:08.727	20711	20551	-59	-64	10	-1.53	74.83	2.503
2014-12-17 23:23:02.682	20711	20551	-59	-97	10	-1.64	74.81	2.503
2014-12-17 23:38:01.726	20711	20551	-59	-64	10	-1.75	74.88	2.497
2014-12-18 03:08:02.031	20711	20551	-59	-64	10	-2.34	75.02	2.503
2014-12-18 03:23:03.542	20711	20551	-59	-64	10	-2.36	74.99	2.503
2014-12-18 03:38:06.399	20711	20551	-59	-64	10	-2.42	75.0	2.497
2014-12-18 03:48:04.686	20711	20551	-59	-97	10
2014-12-18 03:53:04.515	20711	20551	-59	-97	10	-2.46	74.99	2.503
2014-12-18 05:48:01.255	20711	20551	-59	-64	10
2014-12-18 06:08:02.026	20711	20551	-54	-97	10	-2.53	75.05	2.508
2014-12-18 06:18:04.091	20711	20551	-59	-97	10
2014-12-18 06:48:01.234	20711	20551	-58	-64	10
2014-12-18 06:58:02.575	20711	20551	-59	-64	10
2014-12-18 07:08:01.41	20711	20551	-59	-97	10	-2.52	75.08	2.508
2014-12-18 07:18:05.959	20711	20551	-59	-97	10
2014-12-18 07:38:01.523	20711	20551	-59	-64	10
2014-12-18 07:38:01.583	20711	20551	-59	-97	10	-2.56	75.09	2.503
2014-12-18 08:38:07.918	20711	20551	-59	-64	10	-2.38	75.18	2.497
2014-12-18 08:53:04.93	20711	20551	-58	-97	10	-2.28	75.25	2.503
2014-12-18 09:38:05.162	20711	20551	-59	-64	10	-2.03	75.35	2.497
2014-12-18 10:58:04.579	20711	20551	-54	-97	10
2014-12-18 11:08:04.489	20711	20551	-59	-64	10	-1.35	75.42	2.503
2014-12-18 11:18:10.806	20711	20551	-54	-97	10
2014-12-18 11:38:02.958	20711	20551	-59	-97	10
2014-12-18 11:48:06.739	20711	20551	-59	-97	10
2014-12-18 12:08:09.054	20711	20551	-59	-64	10	-1.0	75.43	2.503
2014-12-18 12:38:04.243	20711	20551	-59	-64	10	-1.0	75.38	2.492
2014-12-18 13:18:08.77	20711	20551	-59	-64	10
2014-12-18 13:38:15.154	20711	20551	-59	-64	11
2014-12-18 13:53:04.015	20711	20551	-59	-97	11	-0.75	75.19	2.508
2014-12-18 14:18:08.784	20711	20551	-59	-67	11
2014-12-18 14:23:04.002	20711	20551	-54	-97	11	-0.85	75.12	2.508
2014-12-18 15:18:09.786	20711	20551	-59	-64	11
2014-12-18 16:08:04.342	20711	20551	-59	-64	11	-1.48	74.94	2.508
2014-12-18 16:08:04.899	20711	20551	-59	-64	11	-1.48	74.94	2.508
2014-12-18 16:18:02.818	20711	20551	-59	-97	11
2014-12-18 16:38:05.471	20711	20551	-59	-64	11	-1.67	74.94	2.508
2014-12-18 16:53:03.331	20711	20551	-59	-97	11	-1.79	74.92	2.514
2014-12-18 16:58:02.835	20711	20551	-59	-97	11
2014-12-18 17:08:03.931	20711	20551	-59	-64	11	-1.89	74.94	2.514
2014-12-18 17:38:03.8	20711	20551	-59	-64	11
2014-12-18 17:38:03.826	20711	20551	-59	-97	11	-2.02	74.99	2.503
2014-12-18 17:48:01.198	20711	20551	-59	-97	11
2014-12-18 17:53:01.419	20711	20551	-59	-97	11	-2.06	74.98	2.508
2014-12-18 18:08:04.471	20711	20551	-59	-64	10	-2.1	75.0	2.497
2014-12-18 18:48:03.394	20711	20551	-57	-64	10
2014-12-18 19:08:06.498	20711	20551	-59	-64	10	-2.16	75.06	2.503
2014-12-18 19:18:03.35	20711	20551	-59	-97	10
2014-12-18 19:23:05.654	20711	20551	-59	-97	10	-2.16	75.08	2.508
2014-12-18 19:38:05.319	20711	20551	-59	-64	10
2014-12-18 19:38:05.402	20711	20551	-59	-97	10	-2.2	75.07	2.486
2014-12-18 19:48:04.159	20711	20551	-54	-97	10
2014-12-18 19:53:02.59	20711	20551	-59	-97	10	-2.2	75.07	2.508
2014-12-18 20:08:04.795	20711	20551	-59	-64	10	-2.21	75.09	2.508
2014-12-18 21:18:01.226	20711	20551	-59	-64	10
2014-12-18 22:18:02.207	20711	20551	-59	-64	10
2014-12-18 22:18:02.231	20711	20551	-59	-97	10
2014-12-18 22:23:02.615	20711	20551	-59	-97	10	-2.36	75.09	2.508
2014-12-18 22:48:06.878	20711	20551	-59	-97	10
2014-12-18 22:53:02.418	20711	20551	-59	-97	10	-2.46	75.09	2.508
2014-12-18 22:58:03.502	20711	20551	-59	-97	10
2014-12-18 23:08:06.631	20711	20551	-59	-97	11	-2.5	75.03	2.503
2014-12-19 00:18:07.539	20711	20551	-59	-97	10
2014-12-19 00:18:07.77	20711	20551	-59	-97	10
2014-12-19 00:48:03.918	20711	20551	-59	-64	10
2014-12-19 01:08:02.57	20711	20551	-59	-97	10	-2.53	75.12	2.503
2014-12-19 01:18:05.054	20711	20551	-58	-97	10
2014-12-19 01:48:07.051	20711	20551	-59	-64	10
2014-12-19 01:53:02.347	20711	20551	-59	-97	10	-2.66	75.12	2.503
2014-12-19 02:08:04.391	20711	20551	-59	-97	10	-2.71	75.06	2.503
2014-12-19 04:18:05.915	20711	20551	-59	-64	10
2014-12-19 06:18:04.682	20711	20551	-59	-64	10
2014-12-19 06:38:08.214	20711	20551	-59	-64	10	-2.64	75.12	2.503
2014-12-19 06:58:07.547	20711	20551	-59	-97	10
2014-12-19 07:38:03.067	20711	20551	-59	-64	10
2014-12-19 07:38:07.143	20711	20551	-59	-97	10	-2.53	75.2	2.497
2014-12-19 08:48:08.899	20711	20551	-59	-64	10
2014-12-19 09:53:03.295	20711	20551	-59	-64	10	-1.84	75.51	2.503
2014-12-19 11:38:03.283	20711	20551	-58	-64	10	-1.06	75.97	2.497
2014-12-19 11:53:04.542	20711	20551	-58	-97	10	-1.06	75.92	2.497
2014-12-19 14:23:05.678	20711	20551	-57	-64	10	0.17	76.21	2.503
2014-12-19 14:53:03.042	20711	20551	-58	-64	10	0.17	75.95	2.503
2014-12-19 15:48:03.031	20711	20551	-58	-64	10
2014-12-19 16:48:03.131	20711	20551	-58	-64	10
2014-12-19 17:08:05.595	20711	20551	-59	-64	10	-0.79	75.13	2.514
2014-12-19 17:18:03.103	20711	20551	-57	-97	10
2014-12-19 17:23:03.391	20711	20551	-58	-97	10	-0.86	75.14	2.514
2014-12-19 17:48:03.686	20711	20551	-58	-64	10
2014-12-19 18:18:06.066	20711	20551	-58	-64	10
2014-12-19 18:48:05.182	20711	20551	-58	-64	10
2014-12-19 18:53:05.298	20711	20551	-58	-64	11	-1.2	75.14	2.508
2014-12-19 18:58:08.702	20711	20551	-58	-97	11
2014-12-19 19:48:13.535	20711	20551	-58	-64	10
2014-12-19 19:53:12.674	20711	20551	-58	-64	10	-1.38	75.18	2.503
2014-12-19 20:58:03.711	20711	20551	-58	-64	10
2014-12-19 22:18:05.327	20711	20551	-58	-97	14
2014-12-19 22:18:05.343	20711	20551	-58	-97	14
2014-12-19 22:53:10.379	20711	20551	-58	-64	11	-1.79	75.11	2.503
2014-12-19 22:58:03.315	20711	20551	-58	-64	11
2014-12-19 23:08:10.355	20711	20551	-58	-97	11	-1.89	75.09	2.503
2014-12-19 23:18:03.035	20711	20551	-58	-64	10
2014-12-20 00:18:08.019	20711	20551	-58	-64	10
2014-12-20 00:38:06.219	20711	20551	-59	-97	10	-2.2	75.1	2.497
2014-12-20 02:38:07.151	20711	20551	-58	-64	10	-2.52	75.1	2.492
2014-12-20 03:08:07.227	20711	20551	-59	-64	11	-2.79	74.99	2.497
2014-12-20 03:18:06.827	20711	20551	-59	-97	11
2014-12-20 04:48:03.719	20711	20551	-58	-64	10
2014-12-20 07:38:03.928	20711	20551	-58	-64	10	-3.68	75.14	2.492
2014-12-20 07:48:05.327	20711	20551	-58	-64	10
2014-12-20 08:08:07.955	20711	20551	-58	-97	10	-3.75	74.98	2.503
2014-12-20 08:38:05.763	20711	20551	-58	-64	10	-3.61	75.53	2.503
2014-12-20 08:58:03.91	20711	20551	-59	-64	10
2014-12-20 16:18:19.271	20711	20551	-58	-67	10
2014-12-20 16:38:07.947	20711	20551	-59	-64	10	2.28	79.8	2.514
2014-12-20 16:58:14.111	20711	20551	-59	-64	10
2014-12-20 17:18:09.655	20711	20551	-58	-97	10
2014-12-20 17:38:03.962	20711	20551	-59	-67	14	-0.39	79.17	2.503
2014-12-20 18:18:05.368	20711	20551	-59	-64	14
2014-12-20 18:18:05.386	20711	20551	-59	-97	13
2014-12-20 18:48:04.415	20711	20551	-59	-97	12
2014-12-20 18:53:07.838	20711	20551	-59	-97	12	-2.17	78.91	2.508
2014-12-20 18:58:09.186	20711	20551	-59	-97	13
2014-12-20 19:18:07.356	20711	20551	-58	-64	13
2014-12-20 19:38:05.327	20711	20551	-59	-64	13
2014-12-20 20:18:06.306	20711	20551	-59	-64	10
2014-12-20 20:23:05.759	20711	20551	-58	-64	10	-2.17	78.84	2.508
2014-12-20 20:48:11.271	20711	20551	-54	-64	10
2014-12-20 20:58:12.118	20711	20551	-54	-97	10
2014-12-20 21:53:06.075	20711	20551	-58	-64	10	-2.67	78.03	2.508
2014-12-21 00:08:05.978	20711	20551	-58	-64	10	-3.43	77.2	2.503
2014-12-21 00:23:04.645	20711	20551	-54	-64	10	-3.32	77.16	2.503
2014-12-21 00:53:18.771	20711	20551	-54	-64	10	-3.11	77.04	2.492
2014-12-21 00:58:11.295	20711	20551	-54	-97	10
2014-12-21 01:08:07.703	20711	20551	-54	-97	10	-3.07	76.98	2.497
2014-12-21 01:38:05.05	20711	20551	-54	-64	10
2014-12-21 01:38:07.94	20711	20551	-54	-97	10	-3.35	76.75	2.492
2014-12-21 01:48:08.603	20711	20551	-54	-64	10
2014-12-21 02:23:07.926	20711	20551	-59	-64	10	-4.28	76.52	2.503
2014-12-21 02:38:05.886	20711	20551	-59	-97	10	-4.18	76.59	2.503
2014-12-21 02:48:05.535	20711	20551	-59	-64	10
2014-12-21 02:53:06.919	20711	20551	-59	-97	10	-3.92	76.6	2.503
2014-12-21 02:58:07.314	20711	20551	-59	-97	10
2014-12-21 03:38:09.942	20711	20551	-59	-97	10	-3.67	76.54	2.492
2014-12-21 03:48:06.911	20711	20551	-59	-64	10
2014-12-21 03:53:06.462	20711	20551	-59	-97	10	-3.53	76.55	2.503
2014-12-21 04:08:07.814	20711	20551	-59	-97	10	-3.5	76.46	2.503
2014-12-21 04:18:04.975	20711	20551	-59	-64	10
2014-12-21 04:18:05.026	20711	20551	-59	-97	10
2014-12-21 04:23:08.446	20711	20551	-59	-97	10	-3.43	76.43	2.503
2014-12-21 04:38:06.09	20711	20551	-59	-64	10	-3.39	76.39	2.503
2014-12-21 04:48:04.942	20711	20551	-59	-97	10
2014-12-21 04:53:06.522	20711	20551	-59	-97	10	-3.35	76.35	2.503
2014-12-21 05:18:08.351	20711	20551	-59	-64	14
2014-12-21 05:23:05.77	20711	20551	-59	-97	14	-3.28	76.27	2.497
2014-12-21 05:38:09.866	20711	20551	-59	-97	13
2014-12-21 05:38:09.899	20711	20551	-59	-97	13	-3.28	76.27	2.492
2014-12-21 06:48:05.455	20711	20551	-59	-64	12
2014-12-21 06:58:10.955	20711	20551	-57	-97	12
2014-12-21 07:18:05.383	20711	20551	-59	-64	11
2014-12-21 08:08:10.742	20711	20551	-59	-64	10	-2.85	76.13	2.503
2014-12-21 08:58:08.499	20711	20551	-59	-64	10
2014-12-21 09:38:07.666	20711	20551	-59	-64	10
2014-12-21 09:48:18.43	20711	20551	-59	-97	10
2014-12-21 09:53:06.655	20711	20551	-59	-97	10	-0.7	77.9	2.497
2014-12-21 10:53:12.678	20711	20551	-59	-67	10	0.57	80.09	2.503
2014-12-21 14:23:06.334	20711	20551	-54	-97	10	3.25	76.51	2.519
2014-12-21 18:08:11.151	20711	20551	-59	-64	10	-1.78	76.03	2.503
2014-12-21 18:18:06.739	20711	20551	-59	-97	10
2014-12-21 18:18:16.863	20711	20551	-59	-97	10
2014-12-21 18:23:12.17	20711	20551	-59	-97	10	-2.06	76.06	2.508
2014-12-21 18:38:17.171	20711	20551	-59	-64	10	-2.21	76.03	2.508
2014-12-21 18:58:13.187	20711	20551	-59	-97	10
2014-12-21 19:23:09.158	20711	20551	-59	-64	10	-2.82	75.8	2.508
2014-12-21 20:18:11.155	20711	20551	-59	-64	10
2014-12-21 20:18:12.806	20711	20551	-59	-97	10
2014-12-21 20:53:17.863	20711	20551	-58	-97	10	-3.75	75.55	2.497
2014-12-21 21:18:09.626	20711	20551	-58	-97	11
2014-12-21 22:08:06.915	20711	20551	-59	-64	10	-4.34	75.45	2.497
2014-12-22 03:23:06.122	20711	20551	-57	-64	10	-5.71	75.36	2.492
2014-12-22 04:18:07.535	20711	20551	-57	-64	10
2014-12-22 04:23:11.211	20711	20551	-57	-61	10	-6.02	75.16	2.497
2014-12-22 04:48:06.543	20711	20551	-57	-97	10
2014-12-22 04:53:10.142	20711	20551	-57	-97	10	-6.24	75.25	2.497
2014-12-22 05:38:05.834	20711	20551	-57	-61	10
2014-12-22 06:18:08.448	20711	20551	-57	-64	10
2014-12-22 06:23:09.763	20711	20551	-57	-64	10	-6.3	75.31	2.492
2014-12-22 09:23:08.554	20711	20551	-57	-97	10	-3.57	77.24	2.492
2014-12-22 09:38:06.666	20711	20551	-57	-97	10	-3.1	77.07	2.486
2014-12-22 11:08:09.115	20711	20551	-57	-64	10	2.07	78.83	2.497
2014-12-22 11:18:10.211	20711	20551	-58	-97	10
2014-12-22 11:23:12.99	20711	20551	-58	-64	10	2.17	78.02	2.503
2014-12-22 11:38:07.49	20711	20551	-57	-64	10
2014-12-22 11:38:12.599	20711	20551	-59	-97	10	2.61	77.83	2.497
2014-12-22 12:08:07.49	20711	20551	-59	-64	10	4.07	77.93	2.508
2014-12-22 13:38:14.383	20711	20551	-58	-97	10	9.6	84.47	2.503
2014-12-22 18:38:13.927	20711	20551	-58	-67	10	4.18	79.01	2.525
2014-12-22 18:53:09.886	20711	20551	-54	-64	10	3.85	78.82	2.525
2014-12-22 18:58:21.067	20711	20551	-54	-97	10
2014-12-22 19:48:13.507	20711	20551	-58	-97	10
2014-12-22 22:18:07.239	20711	20551	-59	-64	10
2014-12-22 22:18:11.315	20711	20551	-59	-97	10
2014-12-23 00:38:10.454	20711	20551	-59	-97	10	2.67	76.58	2.508
2014-12-23 06:53:17.767	20711	20551	-55	-64	10	3.83	75.99	2.514
2014-12-23 07:08:16.191	20711	20551	-55	-97	10	3.95	75.99	2.514
2014-12-23 09:08:08.555	20711	20551	-56	-97	10	4.89	76.02	2.459
2014-12-23 10:23:11.055	20711	20551	-56	-61	10	6.21	76.18	2.503
2014-12-23 10:38:10.971	20711	20551	-56	-64	10	6.47	76.06	2.514
2014-12-23 10:53:12.055	20711	20551	-56	-64	10	7.1	76.29	2.514
2014-12-23 10:58:08.143	20711	20551	-56	-97	10
2014-12-23 11:23:09.982	20711	20551	-56	-64	10	8.27	76.18	2.514
2014-12-23 12:48:10.046	20711	20551	-57	-97	10
2014-12-23 12:53:17.931	20711	20551	-58	-97	11	10.86	76.72	2.514
2014-12-23 16:38:19.771	20711	20551	-59	-67	11	11.02	75.22	2.525
2014-12-23 17:18:12.519	20711	20551	-59	-97	10
2014-12-23 17:38:10.59	20711	20551	-58	-97	10
2014-12-23 17:48:10.995	20711	20551	-59	-67	10
2014-12-23 18:53:13.591	20711	20551	-58	-64	10	9.5	75.3	2.536
2014-12-23 19:08:15.91	20711	20551	-59	-97	10	9.35	75.16	2.536
2014-12-23 19:53:15.707	20711	20551	-58	-64	10	8.75	75.22	2.531
2014-12-23 21:23:12.562	20711	20551	-58	-64	10	7.88	75.24	2.531
2014-12-23 21:38:12.418	20711	20551	-59	-97	10	7.65	75.32	2.525
2014-12-23 21:48:11.259	20711	20551	-58	-97	10
2014-12-23 22:48:12.135	20711	20551	-58	-64	10
2014-12-23 23:08:09.319	20711	20551	-58	-64	10	6.82	75.45	2.525
2014-12-23 23:23:18.407	20711	20551	-59	-64	10	6.86	75.51	2.531
2014-12-24 02:58:21.262	20711	20551	-55	-64	10
2014-12-24 03:08:09.819	20711	20551	-55	-97	11	7.42	75.65	2.514
2014-12-24 03:23:10.851	20711	20551	-56	-61	11	7.46	75.66	2.519
2014-12-24 03:38:14.782	20711	20551	-55	-97	11	7.53	75.67	2.514
2014-12-24 04:53:11.739	20711	20551	-56	-64	10	8.06	75.76	2.525
2014-12-24 08:38:11.475	20711	20551	-56	-64	10	9.17	75.86	2.519
2014-12-24 08:53:11.919	20711	20551	-56	-64	10	9.42	75.89	2.525
2014-12-24 10:38:12.31	20711	20551	-56	-97	13	11.6	75.73	2.525
2014-12-24 12:08:10.062	20711	20551	-57	-64	10	13.22	75.52	2.531
2014-12-24 12:18:09.062	20711	20551	-57	-97	10
2014-12-24 13:38:08.747	20711	20551	-58	-64	10
2014-12-24 16:18:11.235	20711	20551	-58	-97	10
2014-12-24 16:18:11.252	20711	20551	-59	-97	10
2014-12-24 16:38:09.338	20711	20551	-59	-97	10	13.58	75.96	2.531
2014-12-24 16:48:08.539	20711	20551	-59	-64	10
2014-12-24 16:58:16.766	20711	20551	-59	-97	10
2014-12-24 17:08:21.459	20711	20551	-59	-97	10	12.47	75.73	2.536
2014-12-24 21:48:15.074	20711	20551	-58	-64	10
2014-12-24 21:53:25.454	20711	20551	-57	-67	10	8.88	74.91	2.514
2014-12-24 22:38:13.342	20711	20551	-58	-67	10	7.76	74.99	2.525
2014-12-24 22:48:12.027	20711	20551	-59	-67	10
2014-12-24 22:53:14.331	20711	20551	-59	-97	10	7.64	74.71	2.525
2014-12-24 22:58:13.332	20711	20551	-54	-97	10
2014-12-24 23:08:08.338	20711	20551	-58	-97	10	7.1	74.78	2.531
2014-12-24 23:23:10.286	20711	20551	-58	-97	10	6.65	74.81	2.531
2014-12-24 23:38:11.29	20711	20551	-58	-97	10
2014-12-24 23:38:14.03	20711	20551	-58	-97	10	6.33	74.97	2.525
2014-12-24 23:48:17.051	20711	20551	-58	-64	10
2014-12-24 23:53:12.334	20711	20551	-58	-97	10	6.07	74.97	2.531
2014-12-25 00:23:15.323	20711	20551	-54	-64	10	5.82	75.12	2.531
2014-12-25 02:18:12.903	20711	20551	-58	-64	10
2014-12-25 02:23:23.394	20711	20551	-58	-97	10	4.56	75.3	2.514
2014-12-25 07:18:14.611	20711	20551	-58	-97	10
2014-12-25 07:48:14.983	20711	20551	-57	-64	10
2014-12-25 07:53:17.271	20711	20551	-57	-97	10	2.83	75.34	2.508
2014-12-25 10:38:10.51	20711	20551	-59	-97	10	3.14	75.92	2.503
2014-12-25 10:48:13.719	20711	20551	-57	-97	10
2014-12-25 11:08:14.802	20711	20551	-59	-67	18	3.71	76.41	2.503
2014-12-25 11:08:16.334	20711	20551	-59	-67	18	3.71	76.41	2.503
2014-12-25 11:08:17.335	20711	20551	-59	-67	18	3.71	76.41	2.503
2014-12-25 11:08:17.45	20711	20551	-59	-67	18	3.71	76.41	2.503
2014-12-25 11:08:20.147	20711	20551	-59	-67	18	3.71	76.41	2.503
2014-12-25 18:08:08.355	20711	20551	-58	-64	10	3.2	75.64	2.519
2014-12-25 18:08:08.81	20711	20551	-58	-64	10	3.2	75.64	2.519
2014-12-25 18:18:07.387	20711	20551	-58	-97	10
2014-12-25 18:18:07.435	20711	20551	-58	-97	10
2014-12-25 19:18:08.639	20711	20551	-58	-64	10
2014-12-25 22:58:07.759	20711	20551	-58	-64	10
2014-12-25 23:08:11.034	20711	20551	-59	-97	10	2.78	75.77	2.519
2014-12-25 23:18:09.511	20711	20551	-58	-97	10
2014-12-25 23:23:14.758	20711	20551	-58	-97	10	2.75	75.76	2.519
2014-12-25 23:53:10.734	20711	20551	-58	-64	10	2.7	75.78	2.519
2014-12-26 00:23:09.57	20711	20551	-58	-97	10	2.6	75.76	2.519
2014-12-26 00:38:08.382	20711	20551	-58	-64	10	2.58	75.75	2.519
2014-12-26 00:53:15.854	20711	20551	-59	-97	10	2.6	75.78	2.519
2014-12-26 00:58:11.431	20711	20551	-58	-64	10
2014-12-26 01:08:11.71	20711	20551	-58	-97	10	2.57	75.75	2.519
2014-12-26 01:38:09.563	20711	20551	-58	-64	10
2014-12-26 03:48:09.03	20711	20551	-59	-64	10
2014-12-26 04:18:11.007	20711	20551	-58	-64	10
2014-12-26 04:18:11.031	20711	20551	-58	-97	10
2014-12-26 04:53:17.375	20711	20551	-58	-97	10	1.5	75.69	2.519
2014-12-26 07:48:15.814	20711	20551	-58	-64	10
2014-12-26 09:08:08.998	20711	20551	-58	-64	10	2.24	76.61	2.514
2014-12-26 09:38:10.991	20711	20551	-59	-64	10
2014-12-26 09:48:10.671	20711	20551	-59	-97	10
2014-12-26 09:53:10.042	20711	20551	-58	-64	10	3.4	79.41	2.514
2014-12-26 12:23:18.466	20711	20551	-54	-67	10	10.03	87.4	2.525
2014-12-26 12:48:09.31	20711	20551	-55	-70	10
2014-12-26 13:08:08.599	20711	20551	-54	-64	10	11.67	87.66	2.531
2014-12-26 13:38:13.558	20711	20551	-54	-70	10	11.96	86.79	2.525
2014-12-26 13:48:15.743	20711	20551	-54	-97	10
2014-12-26 13:53:10.514	20711	20551	-54	-97	10	12.43	86.46	2.536
2014-12-26 14:23:12.858	20711	20551	-54	-67	10	15.06	83.59	2.536
2014-12-26 14:48:10.059	20711	20551	-54	-64	10
2014-12-26 14:58:10.419	20711	20551	-60	-97	10
2014-12-26 15:18:13.073	20711	20551	-59	-67	11
2014-12-26 15:23:09.35	20711	20551	-59	-97	11	15.47	81.07	2.531
2014-12-26 16:48:11.855	20711	20551	-59	-64	10
2014-12-26 18:58:10.082	20711	20551	-59	-97	10
2014-12-26 19:23:37.33	20711	20551	-59	-97	10	5.4	78.41	2.508
2014-12-26 23:53:10.604	20711	20551	-59	-64	10	2.78	76.72	2.519
2014-12-27 00:08:15.639	20711	20551	-59	-97	10	2.83	76.64	2.519
2014-12-27 00:48:12.27	20711	20551	-58	-97	10
2014-12-27 00:53:14.839	20711	20551	-59	-97	10	2.96	76.71	2.519
2014-12-27 01:08:10.434	20711	20551	-59	-97	10	2.71	76.42	2.519
2014-12-27 01:38:10.382	20711	20551	-58	-97	10
2014-12-27 01:38:10.402	20711	20551	-59	-97	10	2.75	76.52	2.514
2014-12-27 03:08:15.387	20711	20551	-58	-97	10	2.06	76.47	2.514
2014-12-27 03:48:13.962	20711	20551	-59	-64	10
2014-12-27 03:53:12.291	20711	20551	-58	-97	10	1.85	76.28	2.519
2014-12-27 04:18:07.891	20711	20551	-58	-64	10
2014-12-27 04:38:10.435	20711	20551	-59	-97	10	1.93	76.57	2.497
2014-12-27 04:48:11.903	20711	20551	-59	-97	10
2014-12-27 04:53:14.275	20711	20551	-58	-97	11	1.75	76.48	2.508
2014-12-27 05:23:13.25	20711	20551	-58	-64	10	1.64	76.33	2.514
2014-12-27 05:38:18.223	20711	20551	-58	-64	10
2014-12-27 05:48:15.89	20711	20551	-59	-97	10
2014-12-27 11:38:14.511	20711	20551	-58	-64	10
2014-12-27 12:48:09.219	20711	20551	-55	-67	10
2014-12-27 13:18:12.191	20711	20551	-54	-67	10
2014-12-27 13:38:10.434	20711	20551	-59	-97	10	15.74	83.99	2.508
2014-12-27 14:18:21.227	20711	20551	-54	-67	10
2014-12-27 14:53:13.336	20711	20551	-59	-67	10	16.77	80.42	2.542
2014-12-27 15:38:11.193	20711	20551	-58	-97	10
2014-12-27 15:48:13.866	20711	20551	-58	-97	10
2014-12-27 16:08:11.099	20711	20551	-54	-97	10	16.5	78.94	2.542
2014-12-27 16:58:11.374	20711	20551	-58	-67	10
2014-12-28 01:38:18.362	20711	20551	-56	-64	10
2014-12-28 01:53:09.942	20711	20551	-57	-64	10	6.74	75.43	2.514
2014-12-28 03:08:13.694	20711	20551	-55	-64	10	6.95	75.68	2.519
2014-12-28 03:18:10.374	20711	20551	-55	-61	10
2014-12-28 03:23:09.65	20711	20551	-56	-97	10	6.99	75.71	2.519
2014-12-28 04:08:10.086	20711	20551	-58	-64	10	7.14	75.77	2.519
2014-12-28 04:23:11.619	20711	20551	-56	-97	10	7.15	75.77	2.525
2014-12-28 04:38:16.634	20711	20551	-56	-64	10	7.21	75.76	2.525
2014-12-28 04:48:14.106	20711	20551	-56	-97	10
2014-12-28 04:53:16.691	20711	20551	-55	-97	14	7.21	75.71	2.525
2014-12-28 05:38:13.002	20711	20551	-57	-64	10
2014-12-28 05:48:15.97	20711	20551	-57	-97	10
2014-12-28 05:53:13.627	20711	20551	-56	-97	10	7.18	75.65	2.525
2014-12-28 06:08:08.93	20711	20551	-57	-64	10	7.18	75.68	2.525
2014-12-28 06:18:18.302	20711	20551	-58	-97	10
2014-12-28 06:53:16.162	20711	20551	-54	-64	10	5.97	75.0	2.514
2014-12-28 07:18:11.25	20711	20551	-59	-64	10
2014-12-28 08:38:31.683	20711	20551	-56	-64	10	3.95	75.25	2.514
2014-12-28 08:48:17.423	20711	20551	-55	-61	10
2014-12-28 11:08:17.567	20711	20551	-55	-61	10	3.56	75.76	2.519
2014-12-28 12:18:14.547	20711	20551	-55	-97	10
2014-12-28 13:48:13.435	20711	20551	-55	-97	10
2014-12-28 13:53:10.719	20711	20551	-55	-97	10	2.78	75.62	2.508
2014-12-28 14:08:12.279	20711	20551	-55	-97	10	3.1	75.84	2.514
2014-12-28 14:18:14.466	20711	20551	-56	-61	10
2014-12-28 14:18:14.486	20711	20551	-55	-97	10
2014-12-28 14:38:17.751	20711	20551	-55	-64	11	3.76	75.95	2.514
2014-12-28 14:48:10.383	20711	20551	-55	-97	11
2014-12-28 14:53:14.67	20711	20551	-55	-97	11	3.64	75.78	2.519
2014-12-28 14:53:16.003	20711	20551	-55	-97	11	3.64	75.78	2.519
2014-12-28 14:58:08.767	20711	20551	-55	-97	11
2014-12-28 16:08:20.79	20711	20551	-55	-61	10	3.22	75.45	2.508
2014-12-28 18:18:10.406	20711	20551	-55	-61	10
2014-12-28 18:23:17.73	20711	20551	-55	-97	10	1.97	75.26	2.519
2014-12-28 18:38:13.666	20711	20551	-55	-61	10	1.89	75.31	2.519
2014-12-28 20:18:14.359	20711	20551	-55	-61	10
2014-12-28 20:48:13.41	20711	20551	-55	-64	10
2014-12-28 23:53:12.739	20711	20551	-55	-61	10	-0.57	75.27	2.514
2014-12-29 00:08:11.459	20711	20551	-55	-97	11	-0.7	75.25	2.514
2014-12-29 00:18:10.195	20711	20551	-55	-61	10
2014-12-29 00:23:22.594	20711	20551	-55	-97	10	-0.74	75.39	2.514
2014-12-29 00:38:09.65	20711	20551	-55	-61	11	-0.57	75.61	2.514
2014-12-29 00:48:08.486	20711	20551	-55	-97	11
2014-12-29 00:53:08.666	20711	20551	-55	-97	11	-0.46	75.66	2.514
2014-12-29 01:23:13.81	20711	20551	-55	-61	10	-0.24	75.69	2.508
2014-12-29 01:38:11.079	20711	20551	-55	-64	10
2014-12-29 01:38:12.671	20711	20551	-56	-97	10	-0.25	75.61	2.503
2014-12-29 03:38:14.383	20711	20551	-56	-97	10
2014-12-29 03:38:15.179	20711	20551	-56	-97	10
2014-12-29 03:48:15.43	20711	20551	-56	-97	10
2014-12-29 04:08:13.731	20711	20551	-56	-61	18	-0.38	75.51	2.508
2014-12-29 06:48:14.962	20711	20551	-58	-64	10
2014-12-29 06:58:12.974	20711	20551	-58	-64	10
2014-12-29 07:23:10.928	20711	20551	-58	-97	10	-3.25	75.11	2.514
2014-12-29 07:53:15.008	20711	20551	-58	-64	11	-3.56	75.24	2.514
2014-12-29 08:08:12.967	20711	20551	-58	-97	14	-3.56	75.12	2.514
2014-12-29 08:38:09.851	20711	20551	-58	-97	14	-3.39	75.49	2.514
2014-12-29 08:48:08.498	20711	20551	-58	-97	14
2014-12-29 12:58:15.078	20711	20551	-58	-97	10
2014-12-29 13:53:14.126	20711	20551	-58	-64	10	5.11	81.06	2.519
2014-12-29 14:48:12.571	20711	20551	-59	-64	10
2014-12-29 15:08:10.975	20711	20551	-58	-64	10	3.58	78.45	2.514
2014-12-29 15:18:13.355	20711	20551	-57	-64	10
2014-12-29 15:38:14.394	20711	20551	-58	-64	10
2014-12-29 16:08:11.291	20711	20551	-57	-97	10	2.6	77.73	2.514
2014-12-29 16:18:12.322	20711	20551	-57	-64	10
2014-12-29 16:18:12.343	20711	20551	-57	-97	11
2014-12-29 16:23:14.934	20711	20551	-57	-97	11	2.11	77.33	2.514
2014-12-29 16:38:14.447	20711	20551	-57	-97	11	1.74	77.22	2.519
2014-12-29 16:48:16.331	20711	20551	-57	-64	13
2014-12-29 16:53:15.406	20711	20551	-57	-97	13	1.39	77.08	2.519
2014-12-29 17:08:13.318	20711	20551	-57	-97	12	1.03	76.9	2.514
2014-12-29 19:48:19.171	20711	20551	-56	-97	10
2014-12-29 20:38:25.491	20711	20551	-56	-64	10	-1.48	76.14	2.508
2014-12-29 21:23:10.79	20711	20551	-56	-64	10	-1.75	76.13	2.508
2014-12-29 23:08:19.311	20711	20551	-58	-64	10	-3.71	75.61	2.508
2014-12-29 23:23:12.882	20711	20551	-58	-64	10	-3.93	75.63	2.508
2014-12-30 01:48:20.807	20711	20551	-58	-61	10
2014-12-30 02:23:16.056	20711	20551	-57	-64	10	-5.48	75.58	2.503
2014-12-30 02:48:14.706	20711	20551	-57	-64	10
2014-12-30 03:18:13.722	20711	20551	-57	-64	10
2014-12-30 03:23:11.03	20711	20551	-57	-97	10	-6.25	75.58	2.503
2014-12-30 03:38:16.083	20711	20551	-57	-97	10	-6.36	75.55	2.497
2014-12-30 06:18:16.906	20711	20551	-57	-64	10
2014-12-30 06:53:16.222	20711	20551	-57	-97	10	-5.84	75.83	2.503
2014-12-30 07:08:16.414	20711	20551	-58	-64	10	-6.03	75.74	2.497
2014-12-30 07:18:17.998	20711	20551	-57	-97	10
2014-12-30 08:08:13.191	20711	20551	-57	-64	10	-6.18	75.97	2.503
2014-12-30 09:48:12.615	20711	20551	-58	-97	10
2014-12-30 09:53:16.459	20711	20551	-58	-97	10	-3.78	79.98	2.503
2014-12-30 10:58:11.534	20711	20551	-58	-64	10
2014-12-30 11:38:15.35	20711	20551	-59	-64	10
2014-12-30 13:38:14.246	20711	20551	-59	-64	10	5.43	88.09	2.508
2014-12-30 14:08:17.127	20711	20551	-58	-67	10	6.29	88.44	2.514
2014-12-30 15:18:10.838	20711	20551	-54	-67	10
2014-12-30 15:23:12.97	20711	20551	-54	-97	10	7.1	81.56	2.519
2014-12-30 19:08:28.346	20711	20551	-57	-64	10	-2.6	80.69	2.503
2014-12-30 19:18:21.095	20711	20551	-57	-97	10
2014-12-30 19:38:17.422	20711	20551	-57	-61	10
2014-12-30 19:48:22.174	20711	20551	-58	-97	11
2014-12-30 20:18:18.143	20711	20551	-57	-64	10
2014-12-30 20:18:18.155	20711	20551	-57	-97	10
2014-12-30 20:38:21.487	20711	20551	-56	-64	10	-3.61	80.59	2.503
2014-12-30 20:53:16.523	20711	20551	-58	-64	10	-3.7	80.59	2.503
2014-12-30 21:18:13.131	20711	20551	-58	-64	10
2014-12-30 22:53:18.59	20711	20551	-57	-61	10	-5.07	79.66	2.503
2014-12-30 23:18:17.23	20711	20551	-56	-64	10
2014-12-30 23:23:12.478	20711	20551	-56	-97	10	-5.96	79.48	2.503
2014-12-30 23:38:17.542	20711	20551	-56	-61	10
2014-12-30 23:38:17.554	20711	20551	-57	-97	10	-6.38	79.32	2.497
2014-12-31 00:08:15.575	20711	20551	-56	-61	10	-6.8	79.26	2.503
2014-12-31 01:23:11.638	20711	20551	-56	-64	10	-6.84	79.16	2.492
2014-12-31 01:38:14.674	20711	20551	-56	-97	10
2014-12-31 01:53:19.707	20711	20551	-56	-97	10	-6.7	79.51	2.497
2014-12-31 02:38:13.635	20711	20551	-56	-64	11	-6.8	79.22	2.497
2014-12-31 02:58:13.375	20711	20551	-55	-61	11
2014-12-31 03:23:17.786	20711	20551	-56	-64	10	-7.18	79.13	2.497
2014-12-31 03:38:15.787	20711	20551	-56	-97	10
2014-12-31 03:38:15.797	20711	20551	-56	-97	10	-7.16	79.02	2.492
2014-12-31 05:53:11.534	20711	20551	-55	-61	10	-6.86	78.89	2.492
2014-12-31 07:18:15.946	20711	20551	-55	-97	10
2014-12-31 07:23:13.02	20711	20551	-56	-61	10	-7.28	77.73	2.492
2014-12-31 07:38:23.982	20711	20551	-55	-97	10	-7.48	77.62	2.486
2014-12-31 09:48:13.779	20711	20551	-56	-61	10
2014-12-31 16:38:23.131	20711	20551	-56	-64	10	-2.29	80.08	2.503
2014-12-31 16:58:20.059	20711	20551	-55	-97	10
2014-12-31 17:38:16.747	20711	20551	-56	-64	10
2014-12-31 17:38:16.763	20711	20551	-56	-97	10	-4.29	80.65	2.481
2014-12-31 17:48:21.111	20711	20551	-55	-97	10
2014-12-31 18:08:18.075	20711	20551	-56	-97	10	-4.85	80.84	2.503
2014-12-31 18:18:13.912	20711	20551	-55	-61	10
2014-12-31 18:23:14.074	20711	20551	-55	-97	10	-5.03	80.88	2.503
2014-12-31 20:08:14.39	20711	20551	-55	-64	10	-6.07	80.57	2.497
2014-12-31 20:23:19.566	20711	20551	-56	-97	10	-6.21	80.45	2.497
2014-12-31 20:53:24.607	20711	20551	-55	-61	10	-6.46	80.1	2.503
2014-12-31 21:18:19.222	20711	20551	-55	-64	10
2014-12-31 21:38:16.478	20711	20551	-55	-97	10
2014-12-31 21:38:17.511	20711	20551	-55	-97	11	-6.71	79.89	2.492
2014-12-31 21:48:13.166	20711	20551	-55	-61	10
2014-12-31 21:53:21.642	20711	20551	-55	-61	10	-6.7	79.91	2.497
2014-12-31 22:18:26.338	20711	20551	-56	-64	10
2014-12-31 22:38:21.61	20711	20551	-56	-61	10	-6.66	79.79	2.497
2014-12-31 23:38:17.57	20711	20551	-56	-61	10
2015-01-01 00:08:15.574	20711	20551	-55	-61	10	-6.92	79.19	2.497
2015-01-01 00:18:13.303	20711	20551	-55	-97	10
2015-01-01 01:08:14.683	20711	20551	-55	-61	10	-6.93	79.12	2.492
2015-01-01 01:18:21.447	20711	20551	-55	-61	10
2015-01-01 01:53:17.899	20711	20551	-55	-61	10	-7.06	78.71	2.497
2015-01-01 02:08:16.347	20711	20551	-55	-64	10	-7.06	78.66	2.497
2015-01-01 02:18:15.49	20711	20551	-55	-97	10
2015-01-01 02:23:18.771	20711	20551	-55	-64	10	-7.06	78.46	2.497
2015-01-01 03:08:22.867	20711	20551	-55	-61	10	-7.11	78.15	2.497
2015-01-01 03:23:13.654	20711	20551	-55	-97	10	-7.07	78.32	2.497
2015-01-01 03:38:14.95	20711	20551	-55	-97	10
2015-01-01 04:53:21.15	20711	20551	-55	-61	10	-7.02	77.63	2.492
2015-01-01 05:08:22.923	20711	20551	-55	-97	10	-7.03	77.58	2.497
2015-01-01 07:48:20.179	20711	20551	-55	-58	10
2015-01-01 08:53:18.658	20711	20551	-55	-61	10	-6.86	77.71	2.497
2015-01-01 09:08:13.339	20711	20551	-55	-97	10	-6.39	79.22	2.497
2015-01-01 09:38:16.235	20711	20551	-56	-58	10
2015-01-01 09:38:16.251	20711	20551	-56	-97	10	-5.38	81.56	2.486
2015-01-01 10:58:16.726	20711	20551	-56	-97	10
2015-01-01 12:18:15.954	20711	20551	-56	-64	10
2015-01-01 12:38:25.614	20711	20551	-56	-61	10	1.0	84.87	2.503
2015-01-01 12:48:22.247	20711	20551	-57	-97	10
2015-01-01 12:53:16.51	20711	20551	-58	-97	10	1.96	86.69	2.503
2015-01-01 12:58:14.627	20711	20551	-54	-64	10
2015-01-01 13:38:17.498	20711	20551	-58	-67	10
2015-01-01 13:48:21.118	20711	20551	-58	-97	10
2015-01-01 14:48:14.039	20711	20551	-57	-64	10
2015-01-01 14:58:18.551	20711	20551	-56	-97	10
2015-01-01 15:08:15.375	20711	20551	-58	-97	10	5.96	84.35	2.514
2015-01-01 16:48:16.111	20711	20551	-56	-64	10
2015-01-01 23:53:25.362	20711	20551	-55	-61	10	-1.11	76.89	2.503
2015-01-02 01:38:17.739	20711	20551	-55	-61	10
2015-01-02 01:38:21.818	20711	20551	-55	-97	10	-1.34	76.55	2.497
2015-01-02 04:53:20.647	20711	20551	-56	-61	10	-2.52	76.06	2.497
2015-01-02 06:08:17.435	20711	20551	-56	-61	10	-2.61	76.2	2.497
2015-01-02 12:18:18.183	20711	20551	-54	-64	10
2015-01-02 12:23:16.434	20711	20551	-55	-97	10	5.42	86.78	2.514
2015-01-02 12:53:22.154	20711	20551	-58	-67	10	5.68	85.88	2.514
2015-01-02 14:38:19.914	20711	20551	-58	-97	10	7.47	83.76	2.519
2015-01-02 14:48:22.682	20711	20551	-58	-97	10
2015-01-02 16:48:17.423	20711	20551	-57	-64	10
2015-01-02 16:53:16.798	20711	20551	-57	-97	10	2.71	78.21	2.519
2015-01-02 17:18:18.691	20711	20551	-57	-97	10
2015-01-02 17:18:19.574	20711	20551	-57	-97	10
2015-01-02 17:18:20.603	20711	20551	-57	-97	10
2015-01-02 17:48:18.303	20711	20551	-58	-97	10
2015-01-02 18:38:16.627	20711	20551	-58	-97	10	-1.21	77.17	2.514
2015-01-02 20:18:17.787	20711	20551	-58	-64	10
2015-01-02 23:18:18.139	20711	20551	-57	-64	10
2015-01-03 04:08:19.879	20711	20551	-56	-61	10	-3.57	76.47	2.497
2015-01-03 04:23:18.312	20711	20551	-56	-61	10	-3.5	76.51	2.497
2015-01-03 04:38:21.262	20711	20551	-56	-97	10	-3.42	76.43	2.497
2015-01-03 05:53:22.787	20711	20551	-56	-64	10	-2.28	76.59	2.503
2015-01-03 06:18:23.922	20711	20551	-56	-61	10
2015-01-03 06:18:26.99	20711	20551	-56	-97	10
2015-01-03 06:58:17.271	20711	20551	-55	-64	10
2015-01-03 07:18:17.822	20711	20551	-55	-97	10
2015-01-03 07:38:22.167	20711	20551	-55	-64	10	-1.21	76.58	2.497
2015-01-03 07:48:16.731	20711	20551	-55	-97	10
2015-01-03 11:38:16.679	20711	20551	-59	-64	11	1.81	76.34	2.486
2015-01-03 11:48:19.458	20711	20551	-59	-64	11
2015-01-03 12:48:29.578	20711	20551	-58	-64	11
2015-01-03 12:53:24.867	20711	20551	-59	-97	11	2.6	76.15	2.503
2015-01-03 13:08:21.75	20711	20551	-59	-64	10	2.83	76.27	2.497
2015-01-03 13:53:22.823	20711	20551	-59	-64	10	3.15	76.02	2.503
2015-01-03 15:18:17.451	20711	20551	-57	-97	10
2015-01-03 16:53:19.747	20711	20551	-57	-64	11	4.68	75.95	2.503
2015-01-03 17:38:19.694	20711	20551	-57	-64	10	4.82	75.88	2.503
2015-01-03 18:23:25.775	20711	20551	-57	-61	10	4.78	75.75	2.508
2015-01-03 18:38:25.738	20711	20551	-58	-61	10	4.82	75.78	2.514
2015-01-03 18:48:40.595	20711	20551	-57	-64	10
2015-01-03 18:53:21.739	20711	20551	-57	-97	10	4.89	75.8	2.514
2015-01-03 19:23:16.69	20711	20551	-58	-64	10	5.07	75.96	2.514
2015-01-03 20:38:21.762	20711	20551	-58	-64	10	7.21	76.64	2.514
2015-01-03 20:48:21.398	20711	20551	-58	-97	10
2015-01-03 21:18:20.387	20711	20551	-58	-97	10
2015-01-03 21:23:17.623	20711	20551	-57	-97	10	7.33	76.11	2.514
2015-01-03 21:48:28.102	20711	20551	-58	-64	10
2015-01-03 23:18:29.663	20711	20551	-58	-64	10
2015-01-03 23:38:24.882	20711	20551	-58	-97	10
2015-01-03 23:53:22.895	20711	20551	-58	-97	10	9.11	75.88	2.519
2015-01-04 00:18:23.498	20711	20551	-59	-97	10
2015-01-04 00:48:17.426	20711	20551	-59	-64	10
2015-01-04 01:08:25.806	20711	20551	-58	-97	10	10.38	76.09	2.525
2015-01-04 01:38:20.235	20711	20551	-58	-97	10	10.52	75.86	2.519
2015-01-04 01:48:23.654	20711	20551	-59	-97	10
2015-01-04 02:48:24.183	20711	20551	-59	-64	10
2015-01-04 02:58:22.539	20711	20551	-57	-64	10
2015-01-04 03:08:24.439	20711	20551	-59	-97	10	11.25	75.99	2.531
2015-01-04 03:23:22.426	20711	20551	-58	-97	10	11.32	75.88	2.531
2015-01-04 06:18:34.127	20711	20551	-58	-64	10
2015-01-04 06:23:18.343	20711	20551	-59	-97	10	12.32	75.7	2.514
2015-01-04 06:58:19.103	20711	20551	-58	-97	10
2015-01-04 07:38:24.034	20711	20551	-57	-64	10	12.18	75.75	2.514
2015-01-04 09:23:21.518	20711	20551	-58	-64	10	13.82	76.01	2.525
2015-01-04 09:38:20.686	20711	20551	-59	-67	10
2015-01-04 09:38:20.719	20711	20551	-59	-97	11	14.14	75.97	2.519
2015-01-04 09:48:20.434	20711	20551	-59	-97	11
2015-01-04 09:53:23.719	20711	20551	-54	-97	11	14.36	75.94	2.531
2015-01-04 10:08:24.127	20711	20551	-58	-97	11	14.39	75.42	2.531
2015-01-04 10:08:25.615	20711	20551	-58	-97	11	14.39	75.42	2.531
2015-01-04 10:53:27.274	20711	20551	-58	-64	10	13.9	75.43	2.519
2015-01-04 10:58:16.371	20711	20551	-59	-97	10
2015-01-04 11:08:22.171	20711	20551	-58	-67	10	14.04	75.61	2.525
2015-01-04 11:18:23.171	20711	20551	-55	-97	10
2015-01-04 12:08:22.35	20711	20551	-55	-67	10	13.47	75.47	2.531
2015-01-04 12:23:22.37	20711	20551	-56	-97	10	12.71	75.26	2.536
2015-01-04 14:23:30.666	20711	20551	-54	-97	10	13.14	78.2	2.519
2015-01-04 15:48:15.398	20711	20551	-54	-67	10
2015-01-04 20:18:23.147	20711	20551	-54	-67	10
2015-01-04 20:23:20.127	20711	20551	-55	-97	10	3.74	75.68	2.519
2015-01-04 20:53:21.663	20711	20551	-55	-67	10	2.26	75.71	2.514
2015-01-04 21:23:18.607	20711	20551	-58	-67	10	1.96	76.04	2.519
2015-01-04 22:48:22.006	20711	20551	-59	-97	10
2015-01-04 22:53:18.983	20711	20551	-59	-97	10	1.51	75.79	2.508
2015-01-04 23:18:18.539	20711	20551	-54	-64	10
2015-01-05 00:18:17.202	20711	20551	-55	-67	10
2015-01-05 00:23:16.038	20711	20551	-55	-97	10	0.28	75.6	2.514
2015-01-05 00:53:20.768	20711	20551	-59	-64	10	-0.24	75.52	2.514
2015-01-05 00:58:23.539	20711	20551	-58	-97	11
2015-01-05 03:48:18.975	20711	20551	-58	-64	10
2015-01-05 04:18:25.911	20711	20551	-58	-64	10
2015-01-05 04:18:28.019	20711	20551	-59	-64	10
2015-01-05 06:18:18.807	20711	20551	-57	-64	10
2015-01-05 06:38:20.77	20711	20551	-59	-64	10	-4.29	75.22	2.497
2015-01-05 06:48:24.518	20711	20551	-59	-97	10
2015-01-05 06:53:26.347	20711	20551	-58	-64	10	-4.64	75.15	2.503
2015-01-05 06:58:19.902	20711	20551	-57	-97	11
2015-01-05 07:08:23.018	20711	20551	-57	-97	11	-4.92	75.16	2.503
2015-01-05 07:18:20.539	20711	20551	-57	-97	12
2015-01-05 07:18:21.526	20711	20551	-57	-97	12
2015-01-05 07:18:22.658	20711	20551	-57	-97	12
2015-01-05 07:23:19.93	20711	20551	-56	-61	12	-5.61	74.77	2.497
2015-01-05 08:53:17.397	20711	20551	-58	-64	11	-6.86	75.56	2.503
2015-01-05 08:58:20.678	20711	20551	-59	-97	11
2015-01-05 10:08:16.791	20711	20551	-59	-97	10	-6.02	76.98	2.503
2015-01-05 10:23:22.431	20711	20551	-59	-64	10	-4.89	81.59	2.503
2015-01-05 10:38:17.755	20711	20551	-58	-97	10	-4.89	78.61	2.503
2015-01-05 10:58:20.626	20711	20551	-59	-97	11
2015-01-05 11:08:22.478	20711	20551	-59	-97	11	-5.36	77.52	2.497
2015-01-05 12:08:17.687	20711	20551	-59	-64	10	-5.43	77.06	2.503
2015-01-05 12:23:17.302	20711	20551	-58	-61	10	-5.57	76.89	2.503
2015-01-05 12:48:20.588	20711	20551	-59	-97	10
2015-01-05 13:08:21.363	20711	20551	-59	-64	10	-3.96	82.14	2.503
2015-01-05 13:38:16.899	20711	20551	-59	-64	14
2015-01-05 17:53:19.187	20711	20551	-56	-64	10	-8.78	77.59	2.503
2015-01-05 18:08:19.651	20711	20551	-56	-97	10	-8.86	77.51	2.503
2015-01-05 18:18:20.643	20711	20551	-56	-97	10
2015-01-06 00:38:31.918	20711	20551	-55	-61	10	-10.62	76.59	2.492
2015-01-06 00:48:22.839	20711	20551	-55	-97	10
2015-01-06 01:38:17.762	20711	20551	-55	-61	10
2015-01-06 02:08:22.811	20711	20551	-55	-61	10	-9.96	76.56	2.492
2015-01-06 02:18:18.986	20711	20551	-55	-97	10
2015-01-06 02:18:19.006	20711	20551	-55	-97	10
2015-01-06 02:38:20.886	20711	20551	-55	-61	10	-9.89	76.39	2.492
2015-01-06 04:18:24.738	20711	20551	-55	-97	11
2015-01-06 04:23:19.343	20711	20551	-55	-97	11	-10.16	76.01	2.492
2015-01-06 04:48:23.999	20711	20551	-55	-97	10
2015-01-06 10:08:22.795	20711	20551	-55	-61	10	-7.72	76.85	2.492
2015-01-06 11:23:23.474	20711	20551	-55	-61	10	-5.93	77.04	2.492
2015-01-06 11:48:20.296	20711	20551	-55	-61	10
2015-01-06 13:48:18.863	20711	20551	-56	-64	10
2015-01-06 13:53:23.85	20711	20551	-56	-97	10	-2.93	78.23	2.503
2015-01-06 14:18:19.747	20711	20551	-56	-97	10
2015-01-06 14:18:19.766	20711	20551	-56	-97	10
2015-01-06 14:23:24.354	20711	20551	-56	-97	10	-3.59	77.24	2.503
2015-01-06 14:38:19.758	20711	20551	-56	-61	10	-4.04	76.53	2.503
2015-01-06 14:48:23.603	20711	20551	-56	-64	10
2015-01-06 14:53:20.299	20711	20551	-56	-97	10	-4.14	76.65	2.503
2015-01-06 15:08:20.311	20711	20551	-55	-97	10	-4.03	76.58	2.503
2015-01-06 15:18:19.711	20711	20551	-56	-64	10
2015-01-06 15:23:21.279	20711	20551	-56	-97	10	-4.41	76.17	2.503
2015-01-06 15:38:23.359	20711	20551	-56	-97	10
2015-01-06 15:38:26.343	20711	20551	-56	-97	11	-4.79	75.92	2.497
2015-01-06 16:23:26.31	20711	20551	-56	-64	10	-5.38	75.79	2.503
2015-01-06 16:58:23.246	20711	20551	-55	-97	10
2015-01-06 17:18:21.746	20711	20551	-55	-97	10
2015-01-06 17:38:24.738	20711	20551	-55	-61	10
2015-01-06 17:38:24.759	20711	20551	-55	-97	10	-7.03	75.41	2.492
2015-01-06 17:48:19.634	20711	20551	-55	-97	10
2015-01-06 18:08:20.603	20711	20551	-55	-97	11	-7.23	75.48	2.497
2015-01-06 18:53:20.28	20711	20551	-55	-61	11	-7.52	75.56	2.497
2015-01-06 18:58:20.574	20711	20551	-55	-97	11
2015-01-06 19:38:19.682	20711	20551	-55	-61	10
2015-01-06 19:48:23.87	20711	20551	-55	-97	10
2015-01-06 19:53:22.106	20711	20551	-55	-97	10	-8.32	75.31	2.497
2015-01-06 20:18:22.722	20711	20551	-55	-97	11
2015-01-06 20:18:22.883	20711	20551	-55	-61	10
2015-01-06 20:58:20.555	20711	20551	-55	-61	10
2015-01-06 21:38:20.767	20711	20551	-55	-64	10
2015-01-06 22:08:23.706	20711	20551	-55	-97	10	-9.14	75.46	2.497
2015-01-06 22:23:25.315	20711	20551	-55	-97	10	-9.15	75.5	2.492
2015-01-06 22:48:30.006	20711	20551	-55	-58	10
2015-01-07 00:18:20.883	20711	20551	-56	-61	10
2015-01-07 00:18:20.914	20711	20551	-55	-97	10
2015-01-07 00:23:24.427	20711	20551	-55	-61	10	-9.57	75.5	2.492
2015-01-07 00:38:20.862	20711	20551	-55	-97	10	-9.55	75.53	2.492
2015-01-07 00:48:19.746	20711	20551	-55	-97	10
2015-01-07 00:53:23.382	20711	20551	-55	-97	10	-9.58	75.52	2.492
2015-01-07 00:58:23.111	20711	20551	-55	-61	10
2015-01-07 01:08:26.058	20711	20551	-55	-97	10	-9.6	75.52	2.492
2015-01-07 01:18:21.75	20711	20551	-55	-97	10
2015-01-07 01:23:23.814	20711	20551	-55	-97	10	-9.68	75.48	2.492
2015-01-07 01:38:21.815	20711	20551	-55	-61	10
2015-01-07 01:38:21.834	20711	20551	-55	-97	10	-9.76	75.44	2.492
2015-01-07 01:48:22.742	20711	20551	-56	-97	10
2015-01-07 01:53:24.326	20711	20551	-55	-97	10	-9.84	75.39	2.492
2015-01-07 02:08:22.846	20711	20551	-56	-97	10	-9.98	75.32	2.492
2015-01-07 02:18:20.79	20711	20551	-56	-97	11
2015-01-07 02:18:20.814	20711	20551	-55	-97	11
2015-01-07 02:23:27.382	20711	20551	-55	-97	11	-10.1	75.31	2.492
2015-01-07 02:38:21.875	20711	20551	-55	-61	10	-10.19	75.34	2.492
2015-01-07 02:48:23.562	20711	20551	-55	-97	10
2015-01-07 02:53:20.578	20711	20551	-55	-97	11	-10.24	75.33	2.492
2015-01-07 02:58:21.902	20711	20551	-56	-64	10
2015-01-07 03:08:25.687	20711	20551	-55	-97	10	-10.28	75.34	2.492
2015-01-07 03:18:22.067	20711	20551	-56	-97	10
2015-01-07 03:23:23.594	20711	20551	-56	-97	10	-10.38	75.32	2.492
2015-01-07 03:38:24.203	20711	20551	-55	-61	10	-10.48	75.32	2.464
2015-01-07 03:48:28.523	20711	20551	-56	-97	10
2015-01-07 03:53:21.599	20711	20551	-56	-97	10	-10.52	75.27	2.492
2015-01-07 04:08:21.035	20711	20551	-55	-61	10	-10.62	75.27	2.492
2015-01-07 04:18:22.442	20711	20551	-55	-97	10
2015-01-07 04:18:22.459	20711	20551	-55	-97	10
2015-01-07 04:53:25.663	20711	20551	-55	-64	10	-11.04	75.13	2.492
2015-01-07 04:58:21.922	20711	20551	-55	-97	10
2015-01-07 05:18:23.15	20711	20551	-55	-97	10
2015-01-07 05:23:21.679	20711	20551	-56	-97	10	-11.12	75.2	2.492
2015-01-07 05:38:22.275	20711	20551	-55	-64	10	-11.25	75.15	2.481
2015-01-07 05:53:23.631	20711	20551	-56	-97	10	-11.28	75.17	2.492
2015-01-07 06:08:21.234	20711	20551	-55	-61	10	-11.35	75.2	2.492
2015-01-07 06:18:24.107	20711	20551	-55	-97	10
2015-01-07 06:18:24.126	20711	20551	-55	-97	10
2015-01-07 06:23:21.699	20711	20551	-55	-97	10	-11.38	75.22	2.492
2015-01-07 06:38:21.17	20711	20551	-55	-61	10	-11.46	75.15	2.492
2015-01-07 06:48:21.115	20711	20551	-56	-97	10
2015-01-07 06:53:22.687	20711	20551	-55	-97	10	-11.5	75.24	2.492
2015-01-07 06:58:27.818	20711	20551	-55	-61	10
2015-01-07 07:08:20.819	20711	20551	-55	-97	10	-11.6	75.12	2.492
2015-01-07 07:18:22.831	20711	20551	-55	-97	10
2015-01-07 07:23:25.751	20711	20551	-55	-61	10	-11.74	75.11	2.492
2015-01-07 07:38:21.531	20711	20551	-55	-97	10
2015-01-07 07:38:21.55	20711	20551	-55	-97	10	-11.82	75.12	2.481
2015-01-07 07:48:23.13	20711	20551	-56	-97	10
2015-01-07 07:53:24.799	20711	20551	-55	-97	10	-11.96	75.07	2.475
2015-01-07 08:18:23.223	20711	20551	-55	-97	10
2015-01-07 08:18:27.894	20711	20551	-55	-97	10
2015-01-07 08:23:26.782	20711	20551	-55	-61	10	-11.9	75.31	2.492
2015-01-07 08:48:21.247	20711	20551	-56	-97	14
2015-01-07 08:53:23.766	20711	20551	-56	-97	14	-11.36	76.06	2.492
2015-01-07 09:18:21.202	20711	20551	-56	-61	13
2015-01-07 09:38:22.954	20711	20551	-56	-64	12
2015-01-07 10:08:22.175	20711	20551	-58	-97	12	-9.68	79.66	2.486
2015-01-07 10:18:23.263	20711	20551	-57	-97	12
2015-01-07 10:23:29.218	20711	20551	-57	-97	11	-9.58	78.22	2.486
2015-01-07 10:38:22.214	20711	20551	-57	-97	10	-9.34	77.69	2.492
2015-01-07 10:48:25.367	20711	20551	-56	-97	10
2015-01-07 11:08:24.062	20711	20551	-58	-97	11	-8.77	78.87	2.492
2015-01-07 11:18:25.01	20711	20551	-57	-97	12
2015-01-07 11:23:24.963	20711	20551	-59	-97	12	-8.16	79.33	2.492
2015-01-07 11:38:21.139	20711	20551	-58	-64	13
2015-01-07 11:38:24.191	20711	20551	-58	-97	13	-7.53	83.12	2.481
2015-01-07 11:48:28.175	20711	20551	-58	-97	13
2015-01-07 11:53:21.771	20711	20551	-58	-97	13	-7.11	83.03	2.492
2015-01-07 12:08:28.487	20711	20551	-56	-64	11	-7.25	80.38	2.492
2015-01-07 12:18:24.347	20711	20551	-55	-97	11
2015-01-07 12:38:23.575	20711	20551	-57	-61	12	-7.87	78.79	2.492
2015-01-07 12:48:21.147	20711	20551	-57	-97	12
2015-01-07 12:53:23.839	20711	20551	-58	-61	12	-8.36	77.67	2.492
2015-01-07 12:58:23.114	20711	20551	-57	-97	12
2015-01-07 13:18:22.958	20711	20551	-58	-97	12
2015-01-07 14:08:30.046	20711	20551	-54	-64	10	-5.48	82.24	2.492
2015-01-07 15:18:22.238	20711	20551	-59	-64	10
2015-01-07 15:38:30.394	20711	20551	-58	-64	10	-6.78	77.63	2.486
2015-01-07 15:48:21.479	20711	20551	-56	-97	10
2015-01-07 15:53:23.798	20711	20551	-57	-97	10	-8.33	79.44	2.497
2015-01-07 16:58:25.179	20711	20551	-57	-97	10
2015-01-07 17:53:25.903	20711	20551	-56	-97	13	-13.02	77.07	2.492
2015-01-07 18:18:29.114	20711	20551	-57	-97	12
2015-01-07 18:23:27.954	20711	20551	-56	-97	15	-13.62	77.16	2.486
2015-01-07 18:53:24.558	20711	20551	-56	-61	14	-14.14	77.04	2.492
2015-01-07 20:08:24.691	20711	20551	-57	-61	12	-15.01	77.1	2.486
2015-01-07 20:48:24.527	20711	20551	-57	-97	12
2015-01-07 20:53:25.111	20711	20551	-57	-97	12	-15.25	77.11	2.486
2015-01-07 21:23:30.139	20711	20551	-57	-64	12	-15.44	77.26	2.486
2015-01-08 01:48:26.087	20711	20551	-56	-97	10
2015-01-08 02:48:24.814	20711	20551	-57	-64	10
2015-01-08 03:08:33.83	20711	20551	-57	-61	10	-17.6	76.59	2.481
2015-01-08 03:18:31.119	20711	20551	-56	-61	10
2015-01-08 03:38:24.114	20711	20551	-57	-61	10
2015-01-08 05:08:29.919	20711	20551	-57	-61	10	-17.94	76.64	2.481
2015-01-08 05:53:25.795	20711	20551	-56	-61	10	-17.7	76.57	2.481
2015-01-08 07:08:30.082	20711	20551	-56	-64	10	-18.02	76.45	2.481
2015-01-08 08:08:30.654	20711	20551	-55	-61	11	-18.14	76.47	2.481
2015-01-08 11:23:38.583	20711	20551	-59	-61	10	-10.68	81.8	2.481
2015-01-08 12:38:32.242	20711	20551	-56	-97	10	-8.42	82.82	2.481
2015-01-08 13:08:27.739	20711	20551	-55	-64	11	-7.25	84.21	2.486
2015-01-08 13:23:32.963	20711	20551	-55	-61	11	-7.9	83.35	2.481
2015-01-08 13:38:33.062	20711	20551	-55	-61	10	-7.8	83.57	2.475
2015-01-08 14:18:34.703	20711	20551	-55	-61	10
2015-01-08 14:23:31.003	20711	20551	-56	-97	10	-6.14	83.85	2.486
2015-01-08 14:48:28.663	20711	20551	-55	-61	11
2015-01-08 14:58:26.374	20711	20551	-55	-97	11
2015-01-08 15:08:26.367	20711	20551	-55	-64	11	-7.17	83.87	2.486
2015-01-08 15:18:27.974	20711	20551	-55	-97	11
2015-01-08 15:23:28.227	20711	20551	-55	-97	11	-7.34	83.3	2.486
2015-01-08 15:38:27.267	20711	20551	-55	-97	10	-7.94	82.66	2.481
2015-01-08 15:53:30.73	20711	20551	-55	-97	10	-8.3	82.95	2.486
2015-01-08 16:18:31.874	20711	20551	-55	-61	10
2015-01-08 16:38:30.234	20711	20551	-55	-58	10	-10.0	80.63	2.486
2015-01-08 16:48:33.874	20711	20551	-55	-61	10
2015-01-08 20:53:31.238	20711	20551	-55	-58	15	-11.24	79.16	2.486
2015-01-08 20:58:26.935	20711	20551	-55	-97	15
2015-01-08 21:08:40.291	20711	20551	-55	-97	15	-11.1	79.28	2.475
2015-01-08 21:18:33.131	20711	20551	-55	-58	10
2015-01-08 21:23:30.674	20711	20551	-56	-61	10	-10.96	79.18	2.481
2015-01-08 21:48:34.219	20711	20551	-55	-61	10
2015-01-08 21:53:29.096	20711	20551	-55	-97	11	-10.76	79.23	2.481
2015-01-08 22:18:29.431	20711	20551	-55	-97	11
2015-01-08 22:18:41.654	20711	20551	-55	-61	11
2015-01-08 22:23:32.563	20711	20551	-56	-97	11	-10.8	78.74	2.481
2015-01-08 22:58:37.154	20711	20551	-56	-61	10
2015-01-08 23:08:31.398	20711	20551	-55	-61	10	-10.68	78.79	2.481
2015-01-08 23:18:26.522	20711	20551	-55	-61	10
2015-01-08 23:38:28.491	20711	20551	-56	-64	10
2015-01-08 23:38:28.519	20711	20551	-56	-97	10	-10.48	78.85	2.475
2015-01-08 23:48:31.807	20711	20551	-56	-97	10
2015-01-08 23:53:31.075	20711	20551	-56	-97	10	-10.38	78.77	2.486
2015-01-09 00:18:40.707	20711	20551	-55	-97	10
2015-01-09 00:48:32.623	20711	20551	-55	-61	10
2015-01-09 00:58:29.862	20711	20551	-55	-97	10
2015-01-09 01:08:28.559	20711	20551	-55	-97	10	-8.16	79.53	2.481
2015-01-09 01:18:29.23	20711	20551	-56	-61	10
2015-01-09 01:38:30.655	20711	20551	-56	-97	10
2015-01-09 01:38:30.674	20711	20551	-57	-97	10	-7.94	78.87	2.475
2015-01-09 02:18:35.718	20711	20551	-55	-64	10
2015-01-09 06:18:29.814	20711	20551	-56	-64	10
2015-01-09 06:18:29.831	20711	20551	-56	-97	10
2015-01-09 06:38:29.73	20711	20551	-55	-61	10	-7.39	76.86	2.486
2015-01-09 06:48:29.771	20711	20551	-56	-97	10
2015-01-09 06:58:32.891	20711	20551	-56	-97	10
2015-01-09 07:38:35.83	20711	20551	-55	-61	10
2015-01-09 07:48:33.803	20711	20551	-57	-97	10
2015-01-09 07:53:32.443	20711	20551	-55	-97	10	-7.3	76.65	2.492
2015-01-09 08:08:32.76	20711	20551	-57	-64	10	-7.14	76.82	2.492
2015-01-09 08:18:34.815	20711	20551	-55	-97	10
2015-01-09 08:23:38.915	20711	20551	-56	-97	10	-7.0	76.81	2.492
2015-01-09 08:48:30.242	20711	20551	-57	-64	10
2015-01-09 09:08:32.762	20711	20551	-57	-61	10	-5.89	77.38	2.492
2015-01-09 09:38:29.875	20711	20551	-56	-64	10	-6.09	77.1	2.486
2015-01-09 12:08:32.399	20711	20551	-55	-67	10	-1.64	85.53	2.492
2015-01-09 12:18:38.05	20711	20551	-59	-97	10
2015-01-09 12:48:34.022	20711	20551	-60	-67	10
2015-01-09 12:58:38.635	20711	20551	-59	-64	10
2015-01-09 13:38:39.338	20711	20551	-58	-64	10	-2.92	82.1	2.486
2015-01-09 13:48:38.075	20711	20551	-59	-64	10
2015-01-09 14:08:32.543	20711	20551	-54	-97	10	-2.14	83.66	2.492
2015-01-09 14:23:31.05	20711	20551	-59	-67	10	-1.25	82.13	2.492
2015-01-09 17:53:31.851	20711	20551	-58	-64	10	-8.64	78.41	2.486
2015-01-09 18:58:29.882	20711	20551	-58	-61	10
2015-01-09 20:08:43.118	20711	20551	-58	-64	10	-11.06	77.97	2.486
2015-01-09 20:38:40.103	20711	20551	-58	-64	10	-11.3	77.93	2.486
2015-01-09 21:08:36.135	20711	20551	-59	-64	10	-11.62	77.88	2.486
2015-01-09 23:08:31.347	20711	20551	-57	-64	10	-13.78	77.28	2.481
2015-01-09 23:38:29.343	20711	20551	-58	-64	10
2015-01-10 00:18:34.202	20711	20551	-58	-97	10
2015-01-10 00:18:34.219	20711	20551	-58	-97	10
2015-01-10 00:23:31.295	20711	20551	-58	-97	10	-14.94	76.64	2.481
2015-01-10 01:08:35.251	20711	20551	-58	-64	10	-15.68	76.4	2.481
2015-01-10 01:18:36.294	20711	20551	-58	-64	10
2015-01-10 01:38:32.354	20711	20551	-58	-64	10
2015-01-10 01:48:34.391	20711	20551	-58	-64	10
2015-01-10 02:18:31.354	20711	20551	-58	-64	10
2015-01-10 02:38:32.415	20711	20551	-58	-97	10	-16.66	76.13	2.481
2015-01-10 02:48:30.379	20711	20551	-57	-64	10
2015-01-10 02:53:35.554	20711	20551	-59	-97	10	-16.76	76.26	2.481
2015-01-10 02:58:34.586	20711	20551	-58	-97	10
2015-01-10 03:08:34.466	20711	20551	-58	-64	10	-16.94	76.11	2.481
2015-01-10 03:18:31.503	20711	20551	-58	-97	10
2015-01-10 03:23:31.623	20711	20551	-58	-97	10	-17.22	75.98	2.481
2015-01-10 03:38:29.618	20711	20551	-58	-97	10
2015-01-10 03:38:34.696	20711	20551	-58	-97	10	-17.3	76.01	2.47
2015-01-10 03:48:38.578	20711	20551	-57	-97	14
2015-01-10 04:18:35.61	20711	20551	-57	-97	14
2015-01-10 04:18:35.628	20711	20551	-57	-97	14
2015-01-10 04:38:37.687	20711	20551	-56	-97	14	-17.6	76.11	2.475
2015-01-10 05:38:34.238	20711	20551	-58	-97	11
2015-01-10 06:48:36.186	20711	20551	-58	-64	13
2015-01-10 07:23:42.602	20711	20551	-58	-64	13	-18.38	76.11	2.475
2015-01-10 11:18:33.134	20711	20551	-59	-64	10
2015-01-10 11:23:31.838	20711	20551	-54	-97	10	-8.96	82.43	2.475
2015-01-10 12:08:43.995	20711	20551	-57	-64	10	-7.24	83.92	2.481
2015-01-10 12:23:33.147	20711	20551	-59	-64	10	-6.85	83.8	2.481
2015-01-10 12:53:33.134	20711	20551	-55	-64	10	-5.93	85.0	2.481
2015-01-10 13:48:35.919	20711	20551	-58	-67	10
2015-01-10 14:18:36.948	20711	20551	-59	-64	10
2015-01-10 15:23:41.542	20711	20551	-55	-64	10	0.74	77.41	2.486
2015-01-10 15:38:41.566	20711	20551	-58	-67	10	-0.42	76.37	2.481
2015-01-10 16:08:34.539	20711	20551	-57	-97	10	-1.46	73.23	2.492
2015-01-10 17:18:40.515	20711	20551	-56	-61	10
2015-01-10 18:58:46.707	20711	20551	-56	-64	10
2015-01-10 19:53:34.53	20711	20551	-57	-64	10	-10.7	77.2	2.486
2015-01-11 00:53:34.019	20711	20551	-57	-61	10	-12.74	77.93	2.481
2015-01-11 01:38:40.963	20711	20551	-57	-97	10
2015-01-11 01:38:41.003	20711	20551	-57	-97	10	-12.59	78.28	2.47
2015-01-11 02:48:34.587	20711	20551	-57	-61	10
2015-01-11 03:08:34.043	20711	20551	-57	-64	10	-11.12	79.99	2.481
2015-01-11 03:18:33.731	20711	20551	-56	-97	10
2015-01-11 03:38:41.066	20711	20551	-57	-61	10
2015-01-11 03:38:41.114	20711	20551	-57	-97	10	-10.72	80.46	2.47
2015-01-11 03:48:36.639	20711	20551	-57	-97	10
2015-01-11 03:53:34.95	20711	20551	-57	-97	10	-10.36	80.89	2.481
2015-01-11 08:48:40.706	20711	20551	-57	-97	10
2015-01-11 11:48:42.754	20711	20551	-59	-97	13
2015-01-11 16:18:38.563	20711	20551	-59	-67	10
2015-01-11 16:18:39.274	20711	20551	-59	-97	10
2015-01-11 16:23:39.539	20711	20551	-59	-97	10	2.71	76.95	2.503
2015-01-11 16:38:38.535	20711	20551	-59	-64	10	2.67	76.92	2.503
2015-01-11 17:38:34.483	20711	20551	-59	-64	10	2.39	76.76	2.497
2015-01-11 17:53:36.415	20711	20551	-58	-64	10	2.14	76.61	2.503
2015-01-11 18:23:45.055	20711	20551	-59	-64	10	1.96	76.57	2.503
2015-01-11 18:58:34.83	20711	20551	-58	-64	10
2015-01-11 20:23:39.795	20711	20551	-59	-64	10	2.06	76.66	2.492
2015-01-11 20:58:40.75	20711	20551	-59	-67	10
2015-01-11 21:38:41.795	20711	20551	-58	-64	10	2.39	76.62	2.492
2015-01-11 21:48:39.763	20711	20551	-59	-97	10
2015-01-11 22:23:38.287	20711	20551	-56	-64	10	2.14	76.15	2.492
2015-01-11 22:23:41.75	20711	20551	-56	-64	10	2.14	76.15	2.492
2015-01-11 22:23:42.337	20711	20551	-56	-64	10	2.14	76.15	2.492
2015-01-11 22:48:35.886	20711	20551	-59	-97	10
2015-01-11 22:53:41.702	20711	20551	-59	-97	10	1.29	75.72	2.497
2015-01-11 22:58:36.295	20711	20551	-58	-64	10
2015-01-12 02:48:44.395	20711	20551	-55	-61	10
2015-01-12 18:48:44.83	20711	20551	-55	-64	10
2015-01-12 19:38:46.208	20711	20551	-57	-61	10
2015-01-13 01:38:38.091	20711	20551	-55	-97	10
2015-01-13 01:38:46.227	20711	20551	-55	-97	10	-3.56	75.4	2.492
2015-01-13 09:38:39.887	20711	20551	-57	-64	10
2015-01-13 09:38:39.903	20711	20551	-57	-97	11	-9.24	79.08	2.475
2015-01-13 10:08:36.83	20711	20551	-58	-64	10	-7.02	83.7	2.486
2015-01-13 10:38:41.903	20711	20551	-55	-64	10	-5.14	84.14	2.486
2015-01-13 10:53:45.947	20711	20551	-54	-97	10	-4.53	85.23	2.486
2015-01-13 11:18:38.459	20711	20551	-58	-97	10
2015-01-13 11:23:40.535	20711	20551	-54	-97	10	-1.1	83.14	2.486
2015-01-13 11:38:42.339	20711	20551	-56	-67	10
2015-01-13 11:38:45.931	20711	20551	-56	-97	10	-0.32	85.68	2.481
2015-01-13 12:48:39.154	20711	20551	-61	-67	10
2015-01-13 12:58:42.891	20711	20551	-60	-70	10
2015-01-13 18:08:41.879	20711	20551	-56	-64	10	-5.0	74.09	2.503
2015-01-13 18:18:40.942	20711	20551	-56	-64	10
2015-01-13 18:18:42.988	20711	20551	-56	-97	10
2015-01-13 19:08:45.01	20711	20551	-55	-64	11	-6.75	75.14	2.497
2015-01-14 00:38:39.383	20711	20551	-56	-64	10	-9.5	76.75	2.481
2015-01-14 02:18:40.274	20711	20551	-56	-61	10
2015-01-14 03:18:38.723	20711	20551	-56	-61	10
2015-01-14 03:23:45.635	20711	20551	-56	-97	10	-10.66	75.67	2.486
2015-01-14 03:38:38.939	20711	20551	-55	-61	10
2015-01-14 04:18:38.587	20711	20551	-56	-61	10
2015-01-14 04:23:40.043	20711	20551	-56	-97	10	-11.18	75.92	2.486
2015-01-14 04:58:40.779	20711	20551	-56	-61	10
2015-01-14 05:23:39.739	20711	20551	-56	-61	10	-11.78	75.54	2.486
2015-01-14 05:38:38.135	20711	20551	-56	-64	10
2015-01-14 05:53:40.483	20711	20551	-56	-97	10	-12.1	75.13	2.486
2015-01-14 06:18:39.879	20711	20551	-56	-61	10
2015-01-14 06:18:40.77	20711	20551	-56	-61	10
2015-01-14 06:23:43.211	20711	20551	-55	-97	10	-12.38	75.2	2.486
2015-01-14 07:08:38.386	20711	20551	-56	-61	10	-12.42	76.05	2.481
2015-01-14 07:48:45.386	20711	20551	-56	-64	10
2015-01-14 08:18:57.495	20711	20551	-56	-61	10
2015-01-14 08:23:42.342	20711	20551	-56	-97	10	-11.24	78.24	2.481
2015-01-14 08:38:50.511	20711	20551	-56	-97	10	-10.78	78.85	2.481
2015-01-14 14:48:48.494	20711	20551	-57	-64	10
2015-01-14 18:38:48.53	20711	20551	-57	-64	10	-4.52	79.88	2.497
2015-01-14 19:08:49.475	20711	20551	-57	-64	10	-4.66	79.67	2.492
2015-01-14 19:18:45.59	20711	20551	-57	-97	10
2015-01-14 19:38:46.463	20711	20551	-57	-64	10
2015-01-14 20:48:44.678	20711	20551	-57	-61	10
2015-01-14 20:53:42.999	20711	20551	-57	-97	10	-5.42	79.08	2.492
2015-01-14 21:38:41.979	20711	20551	-56	-97	10	-5.66	78.98	2.486
2015-01-14 21:48:41.347	20711	20551	-56	-97	10
2015-01-14 21:53:42.926	20711	20551	-56	-97	10	-5.8	78.88	2.492
2015-01-14 22:08:42.347	20711	20551	-56	-64	10	-6.1	78.84	2.497
2015-01-14 22:18:42.715	20711	20551	-56	-97	10
2015-01-14 22:18:43.486	20711	20551	-56	-97	10
2015-01-14 22:23:47.563	20711	20551	-56	-97	10	-6.38	78.66	2.497
2015-01-14 22:38:45.382	20711	20551	-56	-97	10	-6.61	78.58	2.497
2015-01-14 22:48:45.759	20711	20551	-56	-61	10
2015-01-14 22:53:43.07	20711	20551	-56	-97	10	-6.88	78.52	2.492
2015-01-14 22:58:43.13	20711	20551	-56	-61	10
2015-01-14 23:08:45.067	20711	20551	-56	-97	10	-7.2	78.5	2.492
2015-01-14 23:38:40.619	20711	20551	-56	-64	10	-7.18	78.61	2.486
2015-01-15 00:08:43.291	20711	20551	-56	-64	10	-7.02	78.51	2.492
2015-01-15 00:18:44.81	20711	20551	-56	-97	10
2015-01-15 00:18:46.399	20711	20551	-56	-97	10
2015-01-15 00:23:42.115	20711	20551	-56	-61	10	-7.06	78.48	2.492
2015-01-15 00:48:42.311	20711	20551	-56	-97	10
2015-01-15 01:08:41.203	20711	20551	-56	-61	10	-7.18	78.55	2.492
2015-01-15 01:18:44.915	20711	20551	-56	-97	10
2015-01-15 01:38:50.446	20711	20551	-56	-64	10
2015-01-15 02:08:45.218	20711	20551	-57	-64	10	-7.03	78.44	2.492
2015-01-15 02:23:41.61	20711	20551	-57	-64	10	-7.06	78.35	2.492
2015-01-15 02:48:40.414	20711	20551	-56	-97	10
2015-01-15 03:48:46.403	20711	20551	-57	-61	10
2015-01-15 03:53:46.343	20711	20551	-56	-97	10	-7.38	77.66	2.492
2015-01-15 04:08:43.422	20711	20551	-57	-61	10	-7.42	77.58	2.492
2015-01-15 04:38:44.374	20711	20551	-56	-61	10	-7.53	77.47	2.492
2015-01-15 04:48:50.194	20711	20551	-56	-97	10
2015-01-15 05:08:44.415	20711	20551	-56	-64	10	-8.03	77.26	2.492
2015-01-15 05:18:44.158	20711	20551	-56	-97	10
2015-01-15 05:23:47.45	20711	20551	-56	-97	10	-8.26	77.23	2.492
2015-01-15 05:53:45.286	20711	20551	-56	-64	10	-8.3	77.25	2.492
2015-01-15 06:23:40.495	20711	20551	-56	-61	10	-7.94	77.51	2.492
2015-01-15 06:38:48.595	20711	20551	-56	-61	10	-7.82	77.49	2.492
2015-01-15 07:23:43.871	20711	20551	-56	-61	10	-8.3	77.18	2.486
2015-01-15 07:53:43.699	20711	20551	-56	-61	10	-8.43	77.36	2.486
2015-01-15 08:18:42.354	20711	20551	-56	-64	10
2015-01-15 09:38:45.69	20711	20551	-57	-64	10	-5.56	80.4	2.481
2015-01-15 18:48:48.292	20711	20551	-57	-61	10
2015-01-15 18:53:50.058	20711	20551	-57	-64	10	-2.52	79.84	2.503
2015-01-15 22:18:41.514	20711	20551	-56	-64	10
2015-01-15 22:38:42.819	20711	20551	-56	-61	10	-2.42	78.87	2.492
2015-01-16 05:48:47.81	20711	20551	-57	-61	10
2015-01-16 06:58:45.555	20711	20551	-56	-64	10
2015-01-16 07:08:44.08	20711	20551	-57	-64	10	-2.68	76.69	2.492
2015-01-16 10:23:49.206	20711	20551	-57	-64	10	0.01	78.06	2.492
2015-01-16 10:38:48.203	20711	20551	-58	-97	10	-0.1	77.42	2.492
2015-01-16 10:53:43.127	20711	20551	-57	-64	10	-0.24	76.98	2.492
2015-01-16 11:53:42.148	20711	20551	-58	-67	10	0.96	77.58	2.497
2015-01-16 12:08:46.195	20711	20551	-59	-64	10	1.67	78.41	2.497
2015-01-16 13:38:52.188	20711	20551	-54	-64	10
2015-01-16 13:38:52.207	20711	20551	-54	-97	10	2.06	78.06	2.486
2015-01-16 20:23:44.363	20711	20551	-57	-64	10	-3.79	75.66	2.492
2015-01-17 05:53:43.623	20711	20551	-56	-64	10	-9.98	75.36	2.486
2015-01-17 06:23:44.623	20711	20551	-56	-97	10	-10.09	75.39	2.481
2015-01-17 06:53:45.803	20711	20551	-56	-61	10	-10.18	75.46	2.481
2015-01-17 07:08:44.647	20711	20551	-56	-97	10	-10.23	75.45	2.481
2015-01-17 07:18:43.303	20711	20551	-56	-97	10
2015-01-17 07:38:49.742	20711	20551	-56	-61	10	-10.34	75.54	2.475
2015-01-17 07:48:46.354	20711	20551	-56	-97	10
2015-01-17 08:48:43.303	20711	20551	-56	-97	11
2015-01-17 08:58:43.742	20711	20551	-56	-97	11
2015-01-17 09:08:44.63	20711	20551	-56	-64	10	-8.0	78.34	2.486
2015-01-17 09:23:50.347	20711	20551	-57	-97	10	-6.88	80.34	2.486
2015-01-17 17:18:51.671	20711	20551	-58	-67	10
2015-01-17 17:38:46.847	20711	20551	-58	-64	10
2015-01-17 17:38:46.859	20711	20551	-58	-97	10	7.86	78.58	2.519
2015-01-17 22:48:47.351	20711	20551	-57	-64	10
2015-01-18 07:08:48.727	20711	20551	-55	-64	10	4.29	76.14	2.503
2015-01-18 11:18:44.246	20711	20551	-57	-64	10
2015-01-18 11:23:44.37	20711	20551	-59	-97	10	4.43	76.0	2.514
2015-01-18 17:08:44.675	20711	20551	-58	-64	10	3.06	75.48	2.503
2015-01-18 17:38:43.875	20711	20551	-55	-64	10
2015-01-18 17:38:45.626	20711	20551	-55	-64	10
2015-01-18 17:38:45.666	20711	20551	-55	-97	10	2.6	75.41	2.508
2015-01-18 17:48:47.89	20711	20551	-57	-97	10
2015-01-18 18:18:51.367	20711	20551	-56	-64	10
2015-01-18 18:18:51.394	20711	20551	-56	-97	10
2015-01-18 18:23:47.066	20711	20551	-55	-97	10	2.24	75.41	2.514
2015-01-18 18:53:48.559	20711	20551	-56	-61	10	2.04	75.42	2.508
2015-01-18 19:23:45.619	20711	20551	-55	-97	10	1.89	75.51	2.514
2015-01-18 19:54:04.071	20711	20551	-55	-64	10	1.85	75.47	2.497
2015-01-18 20:18:46.222	20711	20551	-55	-64	10
2015-01-18 20:48:49.35	20711	20551	-55	-64	10
2015-01-18 22:53:45.498	20711	20551	-55	-61	10	1.0	75.56	2.508
2015-01-18 23:08:44.232	20711	20551	-55	-97	10	0.95	75.55	2.508
2015-01-18 23:18:54.235	20711	20551	-55	-97	10
2015-01-19 02:18:52.023	20711	20551	-55	-64	10
2015-01-19 06:53:49.727	20711	20551	-55	-64	10	-0.36	75.42	2.497
2015-01-19 12:18:47.323	20711	20551	-55	-61	10
2015-01-19 12:18:47.343	20711	20551	-55	-97	10
2015-01-19 13:08:46.595	20711	20551	-58	-61	10	2.75	76.37	2.503
2015-01-19 13:23:47.627	20711	20551	-56	-97	10	3.1	76.4	2.503
2015-01-19 15:08:51.582	20711	20551	-55	-64	10	3.47	75.87	2.503
2015-01-19 18:08:56.739	20711	20551	-55	-64	10	1.54	75.29	2.475
2015-01-19 18:38:45.318	20711	20551	-55	-64	10	1.32	75.26	2.508
2015-01-19 18:48:45.771	20711	20551	-55	-97	10
2015-01-19 18:53:45.162	20711	20551	-55	-97	10	1.17	75.3	2.508
2015-01-19 19:08:46.086	20711	20551	-55	-97	10	1.07	75.24	2.497
2015-01-19 19:18:44.775	20711	20551	-55	-97	10
2015-01-19 19:38:45.519	20711	20551	-55	-97	10
2015-01-19 19:48:52.358	20711	20551	-55	-97	10
2015-01-19 19:53:53.206	20711	20551	-55	-97	10	0.5	75.19	2.503
2015-01-19 20:18:51.294	20711	20551	-55	-97	10
2015-01-19 20:23:48.531	20711	20551	-55	-61	10	-0.06	75.04	2.497
2015-01-19 20:53:47.222	20711	20551	-55	-61	14	-0.35	75.13	2.497
2015-01-19 20:58:51.227	20711	20551	-55	-97	14
2015-01-19 21:23:48.231	20711	20551	-55	-97	13	-0.5	75.19	2.497
2015-01-19 21:38:49.102	20711	20551	-55	-61	13	-0.85	75.0	2.492
2015-01-20 04:53:54.818	20711	20551	-56	-61	10	-1.88	75.48	2.492
2015-01-20 05:08:54.907	20711	20551	-56	-97	10	-1.91	75.42	2.497
2015-01-20 13:23:48.751	20711	20551	-55	-61	10	1.15	76.08	2.497
2015-01-20 13:38:52.723	20711	20551	-55	-97	10
2015-01-20 13:38:52.763	20711	20551	-55	-97	10	1.7	76.47	2.492
2015-01-20 13:48:46.322	20711	20551	-55	-97	10
2015-01-20 13:53:46.71	20711	20551	-55	-61	10	1.85	76.33	2.503
2015-01-20 14:08:47.722	20711	20551	-55	-97	10	2.24	76.56	2.503
2015-01-20 14:18:47.363	20711	20551	-55	-64	10
2015-01-20 14:18:50.415	20711	20551	-55	-97	10
2015-01-20 14:23:48.686	20711	20551	-55	-97	10	3.28	77.37	2.503
2015-01-20 15:48:50.651	20711	20551	-53	-58	10
2015-01-20 15:53:50.018	20711	20551	-53	-97	10	1.96	76.35	2.508
2015-01-20 16:19:03.85	20711	20551	-52	-58	10
2015-01-20 18:58:51.958	20711	20551	-52	-55	10
2015-01-20 22:18:57.838	20711	20551	-54	-58	10
2015-01-20 22:18:57.85	20711	20551	-53	-97	10
2015-01-20 22:23:49.05	20711	20551	-54	-58	10	-0.39	75.55	2.497
2015-01-20 22:38:48.054	20711	20551	-54	-58	10	-0.46	75.57	2.497
2015-01-20 22:53:58.199	20711	20551	-54	-58	10	-0.5	75.58	2.497
2015-01-21 00:38:47.263	20711	20551	-54	-58	10	-0.66	75.57	2.497
2015-01-21 00:48:49.858	20711	20551	-54	-58	10
2015-01-21 00:53:47.391	20711	20551	-54	-97	10	-0.67	75.54	2.497
2015-01-21 00:53:48.615	20711	20551	-54	-97	10	-0.67	75.54	2.497
2015-01-21 00:58:50.516	20711	20551	-54	-97	10
2015-01-21 02:18:52.079	20711	20551	-54	-58	10
2015-01-21 02:18:52.095	20711	20551	-54	-97	10
2015-01-21 02:23:52.383	20711	20551	-54	-97	10	-0.78	75.59	2.503
2015-01-21 02:38:50.374	20711	20551	-54	-58	10	-0.82	75.59	2.503
2015-01-21 02:49:02.227	20711	20551	-54	-97	10
2015-01-21 02:53:49.402	20711	20551	-54	-97	10	-0.82	75.59	2.503
2015-01-21 03:38:52.438	20711	20551	-54	-97	10	-1.1	75.48	2.47
2015-01-21 04:18:52.082	20711	20551	-54	-58	10
2015-01-21 04:23:50.399	20711	20551	-55	-97	10	-1.14	75.54	2.503
2015-01-21 08:23:51.718	20711	20551	-54	-58	10	-0.85	75.77	2.492
2015-01-21 10:18:47.574	20711	20551	-54	-97	10
2015-01-21 10:23:49.458	20711	20551	-53	-97	10	0.61	75.89	2.497
2015-01-21 10:48:53.142	20711	20551	-54	-58	10
2015-01-21 12:18:47.052	20711	20551	-54	-97	10
2015-01-21 12:38:55.906	20711	20551	-54	-58	10	1.81	75.71	2.497
2015-01-21 12:48:55.179	20711	20551	-54	-58	10
2015-01-21 19:18:55.167	20711	20551	-55	-58	10
2015-01-21 22:23:54.986	20711	20551	-55	-61	10	0.42	75.78	2.497
2015-01-21 22:39:00.526	20711	20551	-55	-58	10	0.53	75.8	2.497
2015-01-21 22:53:50.478	20711	20551	-55	-97	10	0.56	75.76	2.497
2015-01-21 22:59:00.294	20711	20551	-55	-97	10
2015-01-21 23:08:54.191	20711	20551	-55	-61	10	0.63	75.77	2.503
2015-01-21 23:48:58.427	20711	20551	-55	-61	10
2015-01-21 23:48:59.267	20711	20551	-55	-61	10
2015-01-21 23:49:02.203	20711	20551	-55	-61	10
2015-01-21 23:49:02.463	20711	20551	-55	-61	10
2015-01-21 23:49:03.531	20711	20551	-55	-61	10
2015-01-21 23:49:05.53	20711	20551	-55	-61	10
2015-01-21 23:49:06.438	20711	20551	-55	-61	10
2015-01-21 23:53:53.735	20711	20551	-55	-97	10	0.61	75.68	2.503
2015-01-22 08:38:50.243	20711	20551	-54	-61	10	-0.74	75.6	2.492
2015-01-22 08:48:47.659	20711	20551	-54	-61	10
2015-01-22 08:53:50.966	20711	20551	-54	-97	10	-0.74	75.63	2.492
2015-01-22 08:58:52.947	20711	20551	-54	-97	10
2015-01-22 09:08:48.73	20711	20551	-55	-58	10	-0.71	75.7	2.486
2015-01-22 10:08:51.307	20711	20551	-54	-58	10	-0.1	76.1	2.497
2015-01-22 10:18:56.635	20711	20551	-54	-97	10
2015-01-22 10:18:56.663	20711	20551	-54	-97	10
2015-01-22 11:18:56.695	20711	20551	-55	-61	10
2015-01-22 11:38:48.851	20711	20551	-55	-61	10
2015-01-23 08:18:52.655	20711	20551	-55	-58	10
2015-01-23 08:18:52.851	20711	20551	-54	-97	10
2015-01-23 09:38:56.743	20711	20551	-55	-58	10	-0.91	76.31	2.492
2015-01-23 09:53:52.815	20711	20551	-54	-61	10	-0.56	76.44	2.497
2015-01-23 10:18:54.346	20711	20551	-55	-97	10
2015-01-24 06:38:50.807	20711	20551	-55	-58	10	-1.56	75.57	2.492
2015-01-24 06:48:53.199	20711	20551	-55	-97	10
2015-01-24 07:08:51.422	20711	20551	-56	-61	10	-1.79	75.52	2.492
2015-01-24 07:53:52.263	20711	20551	-55	-61	10	-2.2	75.48	2.497
2015-01-24 08:23:51.227	20711	20551	-55	-97	10	-2.04	75.83	2.497
2015-01-24 08:38:53.382	20711	20551	-55	-61	10	-1.71	76.26	2.497
2015-01-24 08:48:50.898	20711	20551	-55	-97	10
2015-01-24 08:53:51.69	20711	20551	-55	-97	10	-1.75	75.99	2.486
2015-01-24 09:08:58.519	20711	20551	-55	-61	10	-1.79	75.93	2.497
2015-01-24 09:23:53.931	20711	20551	-55	-97	10	-1.7	76.21	2.497
2015-01-24 09:48:51.894	20711	20551	-55	-61	10
2015-01-24 10:38:51.306	20711	20551	-55	-61	10	-0.29	76.88	2.497
2015-01-24 11:08:51.198	20711	20551	-55	-61	10	-0.2	76.85	2.497
2015-01-24 13:39:02.266	20711	20551	-55	-61	10
