result_time	node_id	parent_id	stats_frssi	stats_brssi	etx	temperature	humidity	voltage
2014-12-01 01:37:48.419	20711	20031	-76	-76	10	15.68	73.04	2.536
2014-12-01 05:37:46.987	20711	20031	-82	-79	10
2014-12-01 05:47:48.084	20711	20031	-82	-79	10
2014-12-01 13:07:55.672	20711	20031	-82	-79	10	3.64	73.36	2.519
2014-12-01 15:37:51.966	20711	20031	-82	-79	10
2014-12-01 21:22:53.371	20711	20031	-82	-76	10	-1.03	73.02	2.519
2014-12-01 22:58:09.242	20711	20031	-82	-82	10
2014-12-02 00:58:00.007	20711	20031	-79	-97	11
2014-12-02 01:07:54.931	20711	20031	-79	-97	12	-3.2	72.87	2.508
2014-12-02 04:47:52.927	20711	20031	-82	-79	10
2014-12-02 04:52:57.347	20711	20031	-82	-97	10	-4.28	73.09	2.508
2014-12-02 04:57:51.307	20711	20031	-79	-97	10
2014-12-02 19:37:56.414	20711	20031	-82	-79	10
2014-12-02 21:37:52.946	20711	20031	-79	-97	10	3.64	73.64	2.497
2014-12-02 21:37:53.83	20711	20031	-79	-97	10	3.64	73.64	2.497
2014-12-03 00:48:21.098	20711	20031	-79	-76	10
2014-12-03 01:17:52.691	20711	20031	-79	-79	10
2014-12-03 02:18:01.826	20711	20031	-79	-97	10
2014-12-03 03:47:56.607	20711	20031	-82	-79	11
2014-12-03 13:23:13.158	20711	20031	-82	-79	10	3.13	73.58	2.514
2014-12-03 17:07:48.879	20711	20031	-79	-79	10	2.1	73.32	2.519
2014-12-03 19:52:50.614	20711	20031	-79	-79	10	-0.24	73.39	2.508
2014-12-03 20:17:59.731	20711	20031	-82	-79	10
2014-12-03 20:52:53.743	20711	20031	-82	-76	14	-0.75	73.38	2.519
2014-12-04 10:17:55.738	20711	20031	-82	-79	10
2014-12-04 10:17:55.751	20711	20031	-82	-97	10
2014-12-04 11:37:55.402	20711	20031	-82	-82	10	2.53	76.28	2.514
2014-12-04 14:57:50.223	20711	20031	-82	-82	10
2014-12-04 18:52:52.93	20711	20031	-85	-82	10	-1.93	73.04	2.503
2014-12-04 22:52:54.707	20711	20031	-82	-79	10	-2.0	73.95	2.514
2014-12-04 23:17:54.419	20711	20031	-82	-97	11
2014-12-05 02:22:52.554	20711	20031	-82	-97	11	-1.82	73.77	2.508
2014-12-05 04:22:52.438	20711	20031	-82	-82	10	-0.93	73.93	2.503
2014-12-05 04:37:55.407	20711	20031	-82	-82	10	-0.85	74.0	2.503
2014-12-05 04:48:05.25	20711	20031	-88	-82	10
2014-12-05 05:07:58.479	20711	20031	-82	-82	14	-0.67	73.84	2.508
2014-12-05 11:17:57.802	20711	20031	-85	-85	11
2014-12-05 12:47:52.598	20711	20031	-82	-97	10
2014-12-05 15:38:02.21	20711	20031	-79	-79	10
2014-12-05 15:48:03.327	20711	20031	-79	-97	10
2014-12-05 16:47:54.991	20711	20031	-79	-97	11
2014-12-05 16:57:56.582	20711	20031	-79	-79	11
2014-12-05 20:57:52.822	20711	20031	-79	-79	23
2014-12-06 10:48:00.87	20711	20031	-79	-97	14
2014-12-06 12:18:00.779	20711	20031	-82	-79	11
2014-12-06 19:47:59.327	20711	20031	-79	-76	10
2014-12-06 19:53:07.054	20711	20031	-79	-76	10	1.03	73.3	2.514
2014-12-07 02:17:52.018	20711	20031	-79	-79	10
2014-12-07 05:52:58.53	20711	20031	-82	-97	11	-2.78	73.47	2.514
2014-12-07 06:17:53.858	20711	20031	-79	-76	11
2014-12-07 07:52:53.155	20711	20031	-79	-76	10	-3.84	73.69	2.508
2014-12-07 09:17:55.943	20711	20031	-94	-97	11
2014-12-07 22:57:56.495	20711	20031	-82	-97	14
2014-12-08 11:38:07.818	20711	20031	-82	-85	10	4.06	76.75	2.497
2014-12-09 04:37:57.75	20711	20031	-82	-82	10	0.17	74.26	2.503
2014-12-09 04:47:59.278	20711	20031	-82	-97	10
2014-12-09 06:07:54.815	20711	20031	-82	-79	13	-0.68	73.42	2.514
2014-12-09 06:17:52.778	20711	20031	-82	-97	13
2014-12-09 06:22:58.798	20711	20031	-82	-97	13	-0.88	73.6	2.514
2014-12-09 11:37:55.543	20711	20031	-85	-82	10
2014-12-09 14:18:04.718	20711	20031	-82	-79	10
2014-12-09 14:18:04.74	20711	20031	-82	-97	10
2014-12-09 16:18:04.363	20711	20031	-79	-76	10
2014-12-09 18:08:03.379	20711	20031	-79	-79	10	5.42	74.71	2.519
2014-12-09 22:07:56.159	20711	20031	-79	-97	10	3.38	74.23	2.503
2014-12-09 23:37:54.007	20711	20031	-79	-76	10
2014-12-10 03:17:57.498	20711	20031	-79	-97	10
2014-12-10 05:37:53.302	20711	20031	-79	-79	10
2014-12-10 06:17:55.571	20711	20031	-79	-79	10
2014-12-10 08:17:56.551	20711	20031	-79	-76	10
2014-12-10 08:17:57.47	20711	20031	-79	-76	10
2014-12-10 10:17:57.954	20711	20031	-82	-79	10
2014-12-10 10:17:59.555	20711	20031	-82	-79	10
2014-12-10 10:48:04.259	20711	20031	-79	-79	14
2014-12-10 15:07:55.455	20711	20031	-79	-76	10	-0.29	73.99	2.503
2014-12-10 15:17:56.034	20711	20031	-82	-82	10
2014-12-10 15:17:56.639	20711	20031	-82	-82	10
2014-12-10 15:37:57.49	20711	20031	-82	-79	10	-0.5	73.97	2.497
2014-12-10 18:53:02.051	20711	20031	-82	-82	10	-0.98	74.04	2.497
2014-12-10 19:38:04.094	20711	20031	-82	-97	14	-1.0	74.04	2.497
2014-12-10 19:38:04.178	20711	20031	-82	-82	10
2014-12-11 04:18:01.851	20711	20031	-79	-79	10
2014-12-11 08:18:14.026	20711	20031	-79	-73	10
2014-12-12 01:18:05.398	20711	20031	-79	-79	10
2014-12-12 01:48:04.199	20711	20031	-79	-79	13
2014-12-12 15:38:05.967	20711	20031	-82	-79	10
2014-12-12 15:38:05.979	20711	20031	-82	-97	10	0.93	74.32	2.514
2014-12-12 20:48:03.039	20711	20031	-79	-76	10
2014-12-13 01:38:14.658	20711	20031	-79	-97	10	-1.96	74.28	2.497
2014-12-13 10:58:00.923	20711	20031	-79	-76	10
2014-12-13 14:52:59.431	20711	20031	-79	-79	10	-0.46	74.4	2.508
2014-12-13 23:38:05.135	20711	20031	-85	-79	10	1.46	74.73	2.503
2014-12-14 00:53:01.258	20711	20031	-85	-82	10	2.0	74.74	2.514
2014-12-14 01:08:04.754	20711	20031	-82	-97	10	2.08	74.71	2.514
2014-12-14 01:18:13.227	20711	20031	-82	-79	11
2014-12-14 01:53:03.423	20711	20031	-82	-79	10	2.35	74.69	2.508
2014-12-14 09:08:03.275	20711	20031	-82	-79	10	3.93	74.7	2.497
2014-12-14 09:38:04.863	20711	20031	-79	-97	10	4.1	74.79	2.497
2014-12-14 09:38:08.322	20711	20031	-79	-76	10
2014-12-14 09:53:12.651	20711	20031	-82	-97	10	4.25	74.82	2.508
2014-12-14 11:38:02.846	20711	20031	-79	-79	13	5.01	74.82	2.508
2014-12-14 11:48:08.058	20711	20031	-79	-97	13
2014-12-14 17:38:04.022	20711	20031	-82	-79	10
2014-12-14 19:08:00.363	20711	20031	-82	-79	10	5.64	74.65	2.525
2014-12-14 19:37:58.919	20711	20031	-82	-79	10
2014-12-14 19:37:58.955	20711	20031	-82	-97	10	5.68	74.69	2.525
2014-12-14 19:48:13.647	20711	20031	-82	-79	10
2014-12-15 02:18:08.683	20711	20031	-82	-79	10
2014-12-15 02:18:08.695	20711	20031	-82	-97	14
2014-12-15 03:23:06.943	20711	20031	-79	-76	10	5.03	74.7	2.525
2014-12-15 07:48:07.619	20711	20031	-82	-79	10
2014-12-16 02:18:08.403	20711	20031	-82	-79	10
2014-12-16 08:19:51.027	20711	20031	-85	-166	10
2014-12-16 10:18:08.014	20711	20031	-82	-82	10
2014-12-16 10:23:16.406	20711	20031	-82	-79	10	6.95	75.4	2.508
2014-12-16 21:48:06.587	20711	20031	-82	-97	10
2014-12-16 23:18:03.526	20711	20031	-82	-79	10
2014-12-17 04:48:01.379	20711	20031	-82	-76	10
2014-12-17 08:58:03.622	20711	20031	-79	-79	16
2014-12-17 16:58:01.719	20711	20031	-82	-76	10
2014-12-17 18:38:21.867	20711	20031	-79	-79	10	-0.2	74.97	2.503
2014-12-17 19:08:06.735	20711	20031	-85	-79	10	-0.35	74.91	2.497
2014-12-17 19:18:05.398	20711	20031	-82	-76	10
2014-12-17 20:08:02.638	20711	20031	-79	-79	10	-0.66	74.92	2.503
2014-12-17 20:18:07.411	20711	20031	-88	-79	10
2014-12-17 21:18:06.406	20711	20031	-82	-79	10
2014-12-17 22:58:10.894	20711	20031	-85	-79	10
2014-12-17 23:48:08.474	20711	20031	-82	-97	10
2014-12-17 23:53:06.783	20711	20031	-82	-97	10	-1.82	74.87	2.503
2014-12-18 01:23:07.724	20711	20031	-82	-79	10	-2.23	74.97	2.503
2014-12-18 04:18:01.346	20711	20031	-79	-76	10
2014-12-18 04:38:05.523	20711	20031	-79	-97	10	-2.49	75.01	2.508
2014-12-18 05:18:10.831	20711	20031	-82	-76	10
2014-12-18 08:18:19.374	20711	20031	-79	-97	14
2014-12-18 10:18:06.087	20711	20031	-79	-76	20
2014-12-18 12:58:04.387	20711	20031	-79	-79	12
2014-12-18 13:48:03.824	20711	20031	-82	-79	11
2014-12-18 14:18:08.771	20711	20031	-79	-76	11
2014-12-18 15:38:06.026	20711	20031	-79	-97	10	-1.24	75.09	2.503
2014-12-18 15:38:06.046	20711	20031	-79	-79	10
2014-12-18 15:53:14.166	20711	20031	-79	-97	10	-1.35	74.96	2.514
2014-12-19 00:23:03.41	20711	20031	-79	-76	13	-2.53	75.1	2.497
2014-12-19 02:58:05.562	20711	20031	-79	-97	12
2014-12-19 03:08:04.875	20711	20031	-79	-97	12	-2.77	75.12	2.503
2014-12-19 03:23:06.339	20711	20031	-79	-76	14	-2.78	75.09	2.503
2014-12-19 05:38:04.631	20711	20031	-79	-76	10	-2.79	75.14	2.481
2014-12-19 10:18:08.198	20711	20031	-79	-76	10
2014-12-19 10:23:09.603	20711	20031	-79	-97	10	-1.61	75.63	2.503
2014-12-19 10:38:07.467	20711	20031	-79	-76	17	-1.38	75.73	2.503
2014-12-19 10:48:08.21	20711	20031	-79	-97	16
2014-12-19 11:38:05.466	20711	20031	-79	-97	19
2014-12-19 12:08:02.454	20711	20031	-79	-79	19	-1.06	75.85	2.503
2014-12-19 12:18:09.238	20711	20031	-79	-79	18
2014-12-19 12:18:09.252	20711	20031	-79	-97	18
2014-12-19 12:23:03.451	20711	20031	-79	-97	17	-0.96	75.75	2.503
2014-12-19 12:38:06.507	20711	20031	-82	-97	17	-0.64	75.84	2.503
2014-12-19 12:48:06.23	20711	20031	-79	-79	17
2014-12-19 13:18:09.355	20711	20031	-79	-97	19
2014-12-19 13:53:07.531	20711	20031	-82	-79	10	-0.24	75.76	2.497
2014-12-19 14:08:11.658	20711	20031	-82	-79	11	0.01	76.06	2.503
2014-12-19 14:38:13.847	20711	20031	-82	-79	13	0.21	76.07	2.503
2014-12-19 14:48:09.267	20711	20031	-79	-97	19
2014-12-19 14:58:11.611	20711	20031	-82	-97	19
2014-12-19 15:53:08.547	20711	20031	-79	-97	17	-0.21	75.38	2.508
2014-12-19 16:08:12.507	20711	20031	-79	-97	20	-0.34	75.35	2.508
2014-12-19 18:23:08.403	20711	20031	-79	-76	19	-1.11	75.11	2.503
2014-12-19 18:38:05.923	20711	20031	-79	-97	19	-1.16	75.15	2.508
2014-12-19 21:38:05.612	20711	20031	-79	-76	19
2014-12-19 21:48:05.358	20711	20031	-79	-97	18
2014-12-19 22:08:06.69	20711	20031	-79	-97	18	-1.64	75.17	2.508
2014-12-19 22:23:05.666	20711	20031	-79	-76	18	-1.7	75.13	2.503
2014-12-19 22:38:17.726	20711	20031	-79	-97	18	-1.74	75.17	2.503
2014-12-20 09:08:10.363	20711	20031	-79	-76	15	-3.03	75.8	2.503
2014-12-20 14:23:06.702	20711	20031	-85	-82	11	6.42	83.72	2.508
2014-12-20 15:53:06.967	20711	20031	-91	-85	10	6.39	78.55	2.519
2014-12-20 16:18:19.258	20711	20031	-82	-79	10
2014-12-20 19:23:13.89	20711	20031	-82	-79	17	-2.14	79.05	2.508
2014-12-21 07:08:06.779	20711	20031	-76	-76	10	-3.1	76.03	2.503
2014-12-21 07:48:05.363	20711	20031	-79	-76	10
2014-12-21 08:18:08.415	20711	20031	-79	-76	10
2014-12-21 09:23:08.386	20711	20031	-82	-79	10	-1.46	77.05	2.497
2014-12-21 13:48:08.079	20711	20031	-82	-76	10
2014-12-21 20:23:10.914	20711	20031	-79	-76	10	-3.5	75.7	2.497
2014-12-21 20:48:11.722	20711	20031	-79	-97	12
2014-12-21 20:58:12.838	20711	20031	-79	-97	16
2014-12-21 21:08:09.999	20711	20031	-79	-97	16	-3.88	75.5	2.503
2014-12-21 21:38:22.046	20711	20031	-79	-76	18	-4.18	75.46	2.492
2014-12-21 22:48:09.562	20711	20031	-76	-73	26
2014-12-22 03:38:14.014	20711	20031	-76	-73	19	-5.82	75.37	2.486
2014-12-22 10:18:17.711	20711	20031	-79	-76	10
2014-12-22 10:48:08.667	20711	20031	-85	-79	10
2014-12-22 19:38:10.779	20711	20031	-82	-79	10
2014-12-22 19:38:10.794	20711	20031	-85	-97	10	3.65	78.05	2.514
2014-12-23 05:48:14.511	20711	20031	-82	-82	10
2014-12-23 06:18:10.318	20711	20031	-82	-79	14
2014-12-23 06:18:10.334	20711	20031	-82	-97	28
2014-12-23 09:38:17.651	20711	20031	-79	-79	10
2014-12-23 10:18:17.81	20711	20031	-82	-79	14
2014-12-23 15:38:17.823	20711	20031	-85	-79	10
2014-12-23 15:38:17.834	20711	20031	-85	-97	11	11.57	75.36	2.503
2014-12-23 15:48:13.515	20711	20031	-85	-97	11
2014-12-23 20:18:18.886	20711	20031	-85	-97	13
2014-12-23 20:18:18.899	20711	20031	-85	-97	16
2014-12-23 22:53:14.35	20711	20031	-85	-82	14	6.83	75.4	2.525
2014-12-24 02:18:09.67	20711	20031	-82	-97	10
2014-12-24 02:18:13.571	20711	20031	-82	-97	10
2014-12-24 09:23:20.566	20711	20031	-82	-79	10	9.75	75.83	2.525
2014-12-24 10:53:18.391	20711	20031	-82	-79	13	11.72	75.73	2.531
2014-12-24 14:38:15.691	20711	20031	-88	-97	10	12.57	75.18	2.536
2014-12-24 16:23:19.582	20711	20031	-88	-79	19	14.46	76.01	2.531
2014-12-25 00:58:18.074	20711	20031	-79	-76	11
2014-12-25 01:48:13.923	20711	20031	-82	-79	14
2014-12-25 02:18:12.891	20711	20031	-82	-97	12
2014-12-25 05:08:19.239	20711	20031	-85	-79	10	3.71	75.45	2.508
2014-12-25 07:23:47.002	20711	20031	-82	-97	20	3.57	75.4	2.503
2014-12-25 09:18:13.843	20711	20031	-85	-76	13
2014-12-25 09:53:13.42	20711	20031	-82	-82	10	3.06	75.9	2.497
2014-12-25 11:18:12.011	20711	20031	-79	-79	10
2014-12-25 11:48:12.835	20711	20031	-82	-79	10
2014-12-25 12:08:08.551	20711	20031	-82	-97	10	4.5	76.21	2.514
2014-12-25 13:08:17.2	20711	20031	-79	-97	10	3.93	75.79	2.519
2014-12-25 13:18:18.511	20711	20031	-79	-97	11
2014-12-25 13:38:09.418	20711	20031	-79	-82	10
2014-12-25 14:08:13.855	20711	20031	-79	-82	10	3.89	75.83	2.514
2014-12-25 18:53:09.715	20711	20031	-82	-76	11	3.01	75.65	2.519
2014-12-25 18:53:11.635	20711	20031	-82	-76	11	3.01	75.65	2.519
2014-12-25 18:53:12.611	20711	20031	-82	-76	11	3.01	75.65	2.519
2014-12-25 18:53:13.631	20711	20031	-82	-76	11	3.01	75.65	2.519
2014-12-25 18:53:15.266	20711	20031	-82	-76	11	3.01	75.65	2.519
2014-12-25 20:48:11.643	20711	20031	-82	-79	10
2014-12-25 21:38:10.891	20711	20031	-79	-97	10
2014-12-25 21:48:15.758	20711	20031	-79	-76	11
2014-12-25 21:53:11.946	20711	20031	-79	-97	11	2.79	75.8	2.519
2014-12-25 22:08:10.754	20711	20031	-82	-97	11	2.82	75.83	2.519
2014-12-25 23:48:11.362	20711	20031	-79	-79	10
2014-12-26 00:18:09.242	20711	20031	-79	-76	10
2014-12-26 00:48:09.263	20711	20031	-82	-76	11
2014-12-26 01:23:17.475	20711	20031	-79	-76	11	2.53	75.74	2.519
2014-12-26 01:38:09.547	20711	20031	-79	-76	10	2.43	75.67	2.508
2014-12-26 03:18:20.203	20711	20031	-76	-79	10
2014-12-26 03:23:11.431	20711	20031	-79	-97	10	2.29	75.84	2.519
2014-12-26 03:38:09.399	20711	20031	-82	-79	12	2.28	75.81	2.514
2014-12-26 06:23:08.182	20711	20031	-79	-76	10	1.29	75.7	2.514
2014-12-26 07:18:08.89	20711	20031	-79	-76	10
2014-12-26 07:38:09.135	20711	20031	-79	-97	10
2014-12-26 07:38:10.182	20711	20031	-79	-97	10	1.0	75.71	2.514
2014-12-26 08:08:17.155	20711	20031	-79	-76	10	1.17	75.96	2.519
2014-12-26 08:18:14.782	20711	20031	-79	-97	10
2014-12-26 08:23:10.042	20711	20031	-79	-97	11	1.33	76.07	2.514
2014-12-26 09:18:20.779	20711	20031	-79	-79	10
2014-12-26 13:18:13.266	20711	20031	-82	-85	10
2014-12-26 14:08:11.526	20711	20031	-85	-82	10	13.89	85.56	2.536
2014-12-26 14:18:12.132	20711	20031	-82	-97	10
2014-12-26 15:08:17.803	20711	20031	-79	-79	10	14.6	83.44	2.536
2014-12-26 21:23:16.915	20711	20031	-79	-76	12	4.07	77.51	2.519
2014-12-27 03:38:13.298	20711	20031	-79	-79	10	2.06	76.35	2.508
2014-12-27 04:23:14.314	20711	20031	-79	-76	10	1.83	76.67	2.519
2014-12-27 05:18:09.862	20711	20031	-79	-76	10
2014-12-27 06:18:16.899	20711	20031	-79	-76	10
2014-12-27 06:18:16.93	20711	20031	-79	-97	10
2014-12-27 06:23:17.21	20711	20031	-79	-97	10	2.89	76.6	2.519
2014-12-27 12:38:12.523	20711	20031	-88	-85	10	12.6	81.94	2.519
2014-12-27 12:53:16.806	20711	20031	-88	-79	10	13.65	83.92	2.525
2014-12-27 14:08:09.314	20711	20031	-88	-79	13	16.82	82.79	2.536
2014-12-27 14:18:21.211	20711	20031	-82	-97	13
2014-12-28 02:18:10.31	20711	20031	-82	-79	10
2014-12-28 02:18:10.334	20711	20031	-79	-97	10
2014-12-28 02:38:23.29	20711	20031	-79	-76	10	6.93	75.65	2.519
2014-12-28 02:48:12.402	20711	20031	-79	-76	10
2014-12-28 08:08:13.742	20711	20031	-82	-82	10	4.35	75.14	2.514
2014-12-28 08:18:17.151	20711	20031	-85	-85	10
2014-12-28 08:18:19.356	20711	20031	-85	-97	10
2014-12-28 09:08:23.715	20711	20031	-82	-79	10	3.74	75.33	2.503
2014-12-28 09:23:21.548	20711	20031	-82	-79	10	3.6	75.42	2.508
2014-12-28 10:18:09.835	20711	20031	-82	-79	14
2014-12-28 10:53:24.599	20711	20031	-82	-97	14	3.72	75.65	2.519
2014-12-28 12:53:19.583	20711	20031	-79	-79	11	3.15	75.82	2.514
2014-12-28 13:18:11.226	20711	20031	-79	-76	10
2014-12-28 17:08:13.69	20711	20031	-79	-79	10	2.63	75.34	2.519
2014-12-28 22:38:11.643	20711	20031	-79	-76	10	0.24	75.25	2.508
2014-12-28 22:48:09.362	20711	20031	-82	-97	10
2014-12-28 22:53:13.647	20711	20031	-79	-76	10	0.01	75.21	2.508
2014-12-28 23:08:16.687	20711	20031	-79	-97	14	-0.1	75.23	2.514
2014-12-28 23:18:15.391	20711	20031	-79	-97	17
2014-12-28 23:38:12.518	20711	20031	-79	-76	20
2014-12-29 02:08:16.499	20711	20031	-79	-76	10	-0.23	75.64	2.508
2014-12-29 02:23:10.698	20711	20031	-79	-76	10	-0.21	75.64	2.514
2014-12-29 03:53:10.715	20711	20031	-79	-97	10	-0.32	75.48	2.508
2014-12-29 04:18:16.43	20711	20031	-79	-76	10
2014-12-29 04:23:17.735	20711	20031	-79	-97	10	-0.46	75.42	2.508
2014-12-29 04:48:18.499	20711	20031	-79	-97	10
2014-12-29 05:08:14.702	20711	20031	-79	-76	10	-0.88	75.33	2.514
2014-12-29 05:18:12.422	20711	20031	-79	-97	10
2014-12-29 05:23:12.239	20711	20031	-79	-97	10	-0.96	75.29	2.514
2014-12-29 06:18:12.418	20711	20031	-82	-76	10
2014-12-29 08:23:10.335	20711	20031	-79	-76	10	-3.53	75.19	2.514
2014-12-29 09:38:13.739	20711	20031	-88	-82	10
2014-12-29 10:18:11.343	20711	20031	-82	-82	10
2014-12-29 10:23:12.699	20711	20031	-82	-97	10	1.32	84.5	2.514
2014-12-29 10:53:13.386	20711	20031	-82	-97	10	2.29	82.54	2.508
2014-12-29 11:53:19.61	20711	20031	-88	-82	10	4.7	87.2	2.519
2014-12-29 14:08:12.427	20711	20031	-94	-85	10	5.14	80.35	2.519
2014-12-29 14:23:10.534	20711	20031	-82	-85	10	4.6	79.7	2.525
2014-12-29 18:08:09.746	20711	20031	-82	-97	10	0.06	76.52	2.508
2014-12-29 21:08:16.211	20711	20031	-82	-76	10	-1.6	76.21	2.508
2014-12-29 21:53:17.895	20711	20031	-79	-76	10	-2.5	75.78	2.503
2014-12-29 23:18:17.606	20711	20031	-76	-73	10
2014-12-30 05:53:14.214	20711	20031	-76	-76	17	-5.64	75.99	2.503
2014-12-30 19:23:37.894	20711	20031	-79	-79	10	-2.93	80.63	2.503
2014-12-30 22:18:29.072	20711	20031	-82	-76	10
2014-12-30 22:38:21.055	20711	20031	-82	-79	10	-4.85	79.74	2.503
2014-12-31 01:48:16.403	20711	20031	-79	-97	10
2014-12-31 04:48:20.586	20711	20031	-79	-76	10
2014-12-31 06:23:16.952	20711	20031	-79	-79	10	-6.93	78.33	2.492
2014-12-31 06:38:12.83	20711	20031	-79	-97	10	-7.03	78.24	2.497
2014-12-31 16:18:20.85	20711	20031	-79	-76	10
2014-12-31 21:23:16.271	20711	20031	-76	-97	10	-6.68	79.92	2.497
2014-12-31 22:23:19.594	20711	20031	-79	-76	10	-6.68	79.85	2.497
2014-12-31 22:58:16.671	20711	20031	-79	-76	10
2014-12-31 23:48:18.431	20711	20031	-76	-79	10
2015-01-01 00:18:18.379	20711	20031	-79	-76	10
2015-01-01 01:23:14.927	20711	20031	-79	-76	10	-6.93	79.1	2.492
2015-01-01 01:38:19.754	20711	20031	-79	-76	10
2015-01-01 03:38:14.986	20711	20031	-76	-76	10	-7.02	78.2	2.492
2015-01-01 03:48:15.402	20711	20031	-76	-76	10
2015-01-01 06:08:18.051	20711	20031	-79	-76	10	-7.28	77.25	2.497
2015-01-01 06:48:23.174	20711	20031	-79	-76	10
2015-01-01 08:23:15.73	20711	20031	-79	-76	10	-7.32	77.24	2.497
2015-01-01 08:38:14.282	20711	20031	-82	-97	10	-7.14	77.28	2.497
2015-01-01 08:48:16.066	20711	20031	-82	-76	11
2015-01-01 08:58:19.028	20711	20031	-79	-97	11
2015-01-01 09:23:14.411	20711	20031	-88	-76	14	-6.1	78.29	2.497
2015-01-01 12:08:15.191	20711	20031	-82	-97	10	0.6	86.78	2.497
2015-01-01 15:18:23.083	20711	20031	-79	-97	10
2015-01-01 17:38:15.019	20711	20031	-85	-76	10
2015-01-01 17:48:22.856	20711	20031	-79	-79	10
2015-01-01 21:18:16.643	20711	20031	-82	-97	16
2015-01-01 21:23:19.031	20711	20031	-79	-76	15	-1.2	77.49	2.497
2015-01-01 22:38:19.938	20711	20031	-82	-79	15	-1.07	77.28	2.497
2015-01-02 05:08:18.631	20711	20031	-82	-76	10	-2.64	75.89	2.503
2015-01-02 07:08:20.538	20711	20031	-79	-76	10	-2.71	75.87	2.503
2015-01-02 11:18:23.942	20711	20031	-88	-79	10
2015-01-02 11:23:20.283	20711	20031	-85	-97	11	3.74	86.38	2.503
2015-01-02 11:38:20.246	20711	20031	-88	-85	13	4.89	86.2	2.503
2015-01-02 11:48:19.895	20711	20031	-88	-97	16
2015-01-02 11:53:20.226	20711	20031	-85	-97	16	4.68	86.02	2.508
2015-01-02 16:38:17.575	20711	20031	-82	-79	13	3.53	78.73	2.514
2015-01-02 17:38:18.67	20711	20031	-82	-79	12
2015-01-02 18:53:17.71	20711	20031	-82	-97	13	-1.6	77.07	2.503
2015-01-02 20:53:27.183	20711	20031	-82	-97	10	-2.68	77.02	2.503
2015-01-02 21:38:21.523	20711	20031	-82	-97	14
2015-01-02 21:38:21.538	20711	20031	-82	-97	14	-2.89	76.88	2.492
2015-01-02 22:08:18.439	20711	20031	-82	-79	14	-3.35	76.73	2.497
2015-01-02 22:18:21.187	20711	20031	-82	-97	14
2015-01-02 22:53:20.603	20711	20031	-82	-97	14	-3.53	76.69	2.492
2015-01-03 06:23:20.227	20711	20031	-79	-76	13	-1.88	76.48	2.503
2015-01-03 10:48:48.774	20711	20031	-82	-79	10
2015-01-03 12:18:26.575	20711	20031	-79	-79	10
2015-01-03 14:18:17.455	20711	20031	-79	-79	10
2015-01-03 14:23:26.846	20711	20031	-82	-97	10	3.43	76.01	2.503
2015-01-03 14:38:21.774	20711	20031	-82	-97	10	3.57	76.06	2.508
2015-01-03 14:58:17.946	20711	20031	-82	-79	10
2015-01-03 15:08:16.703	20711	20031	-82	-79	16	3.88	76.13	2.503
2015-01-03 15:23:19.754	20711	20031	-79	-82	16	3.96	76.09	2.508
2015-01-03 15:53:19.767	20711	20031	-82	-79	15	4.33	76.08	2.514
2015-01-03 16:23:16.751	20711	20031	-82	-97	15	4.53	76.02	2.508
2015-01-03 16:48:24.503	20711	20031	-82	-97	15
2015-01-03 17:08:19.695	20711	20031	-82	-76	17	4.75	75.94	2.508
2015-01-03 17:18:21.486	20711	20031	-79	-97	17
2015-01-03 20:18:36.556	20711	20031	-79	-97	14
2015-01-03 20:23:25.75	20711	20031	-82	-97	14	6.58	76.78	2.514
2015-01-03 23:08:21.987	20711	20031	-82	-79	10	8.89	76.21	2.514
2015-01-04 00:08:21.887	20711	20031	-79	-76	10	9.24	76.06	2.519
2015-01-04 00:38:19.714	20711	20031	-79	-79	10	10.04	76.17	2.525
2015-01-04 00:58:27.294	20711	20031	-79	-76	10
2015-01-04 01:53:19.142	20711	20031	-82	-79	23	10.71	76.08	2.531
2015-01-04 04:38:22.027	20711	20031	-82	-82	12	11.96	75.96	2.525
2015-01-04 05:08:24.366	20711	20031	-82	-97	11	12.15	75.87	2.519
2015-01-04 05:53:20.33	20711	20031	-79	-79	14	12.22	75.65	2.514
2015-01-04 06:08:22.286	20711	20031	-82	-82	14	12.25	75.79	2.519
2015-01-04 06:38:21.22	20711	20031	-85	-79	14	12.38	75.71	2.514
2015-01-04 07:08:21.254	20711	20031	-82	-82	12	12.29	75.64	2.519
2015-01-04 07:23:26.088	20711	20031	-82	-82	15	12.24	75.68	2.514
2015-01-04 07:38:17.894	20711	20031	-85	-97	18
2015-01-04 07:53:18.161	20711	20031	-82	-97	18	12.39	75.82	2.525
2015-01-04 11:23:19.991	20711	20031	-85	-91	10	14.24	75.39	2.525
2015-01-04 11:38:19.842	20711	20031	-85	-82	10
2015-01-04 11:48:21.903	20711	20031	-79	-97	10
2015-01-04 19:23:27.338	20711	20031	-82	-79	10	4.26	75.81	2.514
2015-01-04 23:48:18.366	20711	20031	-82	-85	11
2015-01-04 23:53:21.983	20711	20031	-88	-97	11	0.7	75.67	2.514
2015-01-05 00:18:17.102	20711	20031	-82	-88	11
2015-01-05 00:38:17.479	20711	20031	-82	-97	11	0.01	75.55	2.514
2015-01-05 03:23:27.859	20711	20031	-91	-79	10	-1.67	75.6	2.508
2015-01-05 04:53:22.678	20711	20031	-82	-82	10	-2.88	75.46	2.503
2015-01-05 05:53:25.871	20711	20031	-79	-79	10	-3.78	75.41	2.508
2015-01-05 08:08:28.875	20711	20031	-79	-76	10	-6.71	74.91	2.503
2015-01-05 08:23:18.082	20711	20031	-79	-76	10	-6.88	75.0	2.503
2015-01-05 09:38:19.779	20711	20031	-85	-76	10
2015-01-05 09:48:17.891	20711	20031	-82	-79	10
2015-01-05 16:23:23.27	20711	20031	-79	-79	13	-5.92	78.97	2.503
2015-01-05 17:38:24.691	20711	20031	-79	-79	14	-8.58	77.71	2.492
2015-01-05 21:48:23.171	20711	20031	-79	-97	11
2015-01-05 22:23:18.246	20711	20031	-79	-79	10	-10.19	76.53	2.492
2015-01-05 22:48:20.807	20711	20031	-79	-79	10
2015-01-05 22:53:30.407	20711	20031	-79	-97	10	-10.5	76.3	2.497
2015-01-06 04:38:25.183	20711	20031	-79	-79	17	-10.16	75.99	2.492
2015-01-06 10:53:26.506	20711	20031	-79	-76	15	-6.71	77.01	2.492
2015-01-06 10:58:22.795	20711	20031	-79	-97	15
2015-01-06 15:53:24.947	20711	20031	-79	-76	10	-5.16	76.0	2.503
2015-01-06 20:38:30.267	20711	20031	-82	-76	10	-8.86	75.33	2.497
2015-01-06 23:18:26.903	20711	20031	-79	-76	10
2015-01-06 23:48:26.91	20711	20031	-79	-79	10
2015-01-06 23:53:24.203	20711	20031	-79	-97	10	-9.46	75.46	2.492
2015-01-07 03:38:24.187	20711	20031	-79	-76	10
2015-01-07 13:38:29.643	20711	20031	-82	-79	15
2015-01-07 13:38:29.659	20711	20031	-82	-97	34	-8.14	80.46	2.481
2015-01-07 20:38:27.54	20711	20031	-82	-79	12	-15.12	77.19	2.486
2015-01-07 21:18:24.707	20711	20031	-79	-79	11
2015-01-07 21:38:24.495	20711	20031	-79	-97	11
2015-01-07 21:38:25.795	20711	20031	-79	-97	11	-15.62	77.22	2.475
2015-01-07 21:53:24.507	20711	20031	-79	-97	11	-15.7	77.12	2.481
2015-01-08 07:18:31.431	20711	20031	-82	-76	10
2015-01-08 07:38:29.526	20711	20031	-79	-97	10
2015-01-08 10:48:41.071	20711	20031	-82	-76	10
2015-01-08 10:58:33.322	20711	20031	-82	-97	10
2015-01-08 13:18:34.234	20711	20031	-82	-82	10
2015-01-08 13:18:35.206	20711	20031	-82	-82	10
2015-01-08 17:08:35.283	20711	20031	-82	-82	10	-10.78	79.42	2.486
2015-01-08 17:38:34.343	20711	20031	-82	-79	10
2015-01-08 18:23:31.847	20711	20031	-82	-79	10	-11.57	78.95	2.481
2015-01-08 18:48:32.398	20711	20031	-82	-97	10
2015-01-08 18:58:33.45	20711	20031	-82	-97	11
2015-01-08 20:08:37.118	20711	20031	-82	-79	14	-11.5	79.14	2.486
2015-01-08 20:18:29.266	20711	20031	-82	-97	14
2015-01-08 22:38:36.875	20711	20031	-82	-97	10	-10.76	78.83	2.481
2015-01-09 04:08:37.69	20711	20031	-82	-79	13	-7.76	77.14	2.486
2015-01-09 04:18:34.754	20711	20031	-82	-82	16
2015-01-09 04:23:36.863	20711	20031	-79	-97	16	-7.8	77.09	2.486
2015-01-09 04:38:32.779	20711	20031	-79	-79	16	-7.82	77.04	2.486
2015-01-09 05:38:31.898	20711	20031	-82	-79	11	-7.76	76.89	2.475
2015-01-09 11:23:37.507	20711	20031	-79	-76	10	-4.61	81.69	2.47
2015-01-09 12:38:29.859	20711	20031	-76	-73	10	-1.14	86.04	2.492
2015-01-09 13:53:31.251	20711	20031	-79	-76	10	-3.42	81.0	2.492
2015-01-09 16:38:35.167	20711	20031	-79	-79	10	-5.88	78.16	2.492
2015-01-09 17:38:29.818	20711	20031	-79	-76	10
2015-01-09 18:23:38.938	20711	20031	-82	-76	10	-8.9	78.6	2.492
2015-01-09 18:48:32.558	20711	20031	-82	-79	10
2015-01-09 20:48:40.047	20711	20031	-79	-79	10
2015-01-09 22:18:31.951	20711	20031	-79	-79	10
2015-01-09 22:58:33.102	20711	20031	-79	-76	10
2015-01-10 00:08:34.454	20711	20031	-82	-97	10	-14.7	76.78	2.475
2015-01-10 01:53:33.962	20711	20031	-79	-79	10	-16.2	76.33	2.481
2015-01-10 10:53:41.082	20711	20031	-82	-79	10	-11.9	81.39	2.475
2015-01-10 13:18:33.883	20711	20031	-79	-97	26
2015-01-10 14:08:35.206	20711	20031	-79	-79	24	-1.84	82.11	2.481
2015-01-10 14:23:35.175	20711	20031	-82	-79	24	-1.17	81.09	2.486
2015-01-10 14:48:40.986	20711	20031	-79	-79	22
2015-01-10 15:08:37.195	20711	20031	-82	-97	22	-2.03	80.5	2.486
2015-01-10 15:18:32.939	20711	20031	-82	-97	22
2015-01-10 15:38:32.458	20711	20031	-82	-79	19
2015-01-10 15:48:36.518	20711	20031	-82	-97	19
2015-01-10 16:18:39.99	20711	20031	-79	-97	22
2015-01-10 16:18:40.007	20711	20031	-79	-97	22
2015-01-10 16:23:36.255	20711	20031	-82	-97	22	-3.66	72.66	2.492
2015-01-10 16:38:36.599	20711	20031	-82	-97	21	-5.56	73.64	2.492
2015-01-10 17:08:43.687	20711	20031	-82	-79	19	-7.38	74.7	2.492
2015-01-10 17:23:35.486	20711	20031	-82	-79	18	-7.96	75.02	2.492
2015-01-10 17:38:32.578	20711	20031	-82	-79	18
2015-01-10 17:38:32.598	20711	20031	-82	-97	18	-8.56	75.17	2.481
2015-01-10 17:48:39.638	20711	20031	-82	-97	17
2015-01-10 17:53:37.278	20711	20031	-82	-97	23	-8.88	75.56	2.486
2015-01-10 18:08:44.543	20711	20031	-79	-97	23	-9.32	75.74	2.492
2015-01-10 18:18:39.203	20711	20031	-82	-79	25
2015-01-10 18:23:34.364	20711	20031	-82	-97	25	-9.69	75.84	2.492
2015-01-10 19:38:43.595	20711	20031	-79	-79	17	-10.46	77.12	2.481
2015-01-10 19:48:33.466	20711	20031	-82	-97	16
2015-01-10 20:08:33.829	20711	20031	-82	-79	15	-10.96	77.1	2.486
2015-01-10 20:18:37.511	20711	20031	-79	-97	16
2015-01-10 20:38:35.914	20711	20031	-79	-79	16	-10.98	77.74	2.486
2015-01-10 20:48:41.382	20711	20031	-82	-97	16
2015-01-10 20:58:39.883	20711	20031	-82	-97	19
2015-01-10 21:18:39.611	20711	20031	-79	-79	19
2015-01-10 21:38:36.767	20711	20031	-79	-76	18
2015-01-10 21:38:36.806	20711	20031	-79	-97	18	-11.36	77.32	2.475
2015-01-10 21:53:34.855	20711	20031	-79	-76	18	-11.57	77.63	2.486
2015-01-10 23:38:44.663	20711	20031	-79	-79	16
2015-01-11 08:08:38.123	20711	20031	-79	-79	10	-7.34	82.03	2.481
2015-01-11 08:23:39.986	20711	20031	-82	-97	11	-6.98	82.35	2.481
2015-01-11 13:38:35.995	20711	20031	-91	-85	10	3.35	78.69	2.486
2015-01-11 13:48:42.746	20711	20031	-85	-97	10
2015-01-11 14:18:47.798	20711	20031	-85	-94	10
2015-01-11 14:48:44.31	20711	20031	-91	-88	10
2015-01-11 14:53:42.706	20711	20031	-88	-82	11	3.43	77.5	2.497
2015-01-11 14:58:34.614	20711	20031	-88	-85	11
2015-01-11 15:18:38.691	20711	20031	-91	-94	10
2015-01-11 15:38:36.855	20711	20031	-91	-94	10
2015-01-11 15:53:37.892	20711	20031	-88	-85	11	2.96	77.05	2.503
2015-01-11 17:48:43.546	20711	20031	-82	-79	20
2015-01-12 03:38:47.795	20711	20031	-82	-79	10
2015-01-12 05:18:42.282	20711	20031	-79	-76	13
2015-01-12 05:53:40.802	20711	20031	-79	-79	15	0.75	76.36	2.497
2015-01-12 06:08:37.663	20711	20031	-79	-97	16	0.82	76.37	2.497
2015-01-12 12:48:42.542	20711	20031	-76	-73	11
2015-01-12 15:23:46.346	20711	20031	-76	-73	10	1.51	75.99	2.481
2015-01-12 17:53:41.927	20711	20031	-76	-70	10	0.03	75.79	2.492
2015-01-12 17:53:42.47	20711	20031	-76	-70	10	0.03	75.79	2.492
2015-01-12 18:08:44.103	20711	20031	-76	-97	25	-0.07	75.82	2.492
2015-01-13 02:38:42.191	20711	20031	-73	-70	17	-5.36	74.78	2.497
2015-01-13 03:48:44.054	20711	20031	-73	-70	12
2015-01-13 05:53:40.102	20711	20031	-73	-97	10	-8.98	74.75	2.492
2015-01-13 07:18:50.43	20711	20031	-73	-70	10
2015-01-13 08:38:39.803	20711	20031	-73	-70	10	-10.82	75.45	2.481
2015-01-13 08:48:42.779	20711	20031	-73	-70	10
2015-01-13 10:18:41.823	20711	20031	-73	-97	10
2015-01-13 10:18:41.839	20711	20031	-73	-73	10
2015-01-13 11:48:38.854	20711	20031	-73	-97	11
2015-01-13 11:53:38.899	20711	20031	-73	-97	14	1.53	84.96	2.486
2015-01-13 12:18:40.954	20711	20031	-73	-70	14
2015-01-13 12:18:40.967	20711	20031	-73	-97	14
2015-01-13 12:53:43.93	20711	20031	-73	-70	14	0.92	87.68	2.497
2015-01-13 13:18:44.647	20711	20031	-73	-97	14
2015-01-13 13:48:36.886	20711	20031	-76	-73	14
2015-01-13 13:53:36.518	20711	20031	-76	-97	14	3.43	87.01	2.497
2015-01-13 14:08:40.199	20711	20031	-76	-73	14	6.38	82.64	2.503
2015-01-13 14:18:44.779	20711	20031	-79	-97	14
2015-01-13 14:18:44.795	20711	20031	-76	-97	24
2015-01-13 14:23:37.078	20711	20031	-79	-97	24	7.72	79.9	2.497
2015-01-13 14:53:44.09	20711	20031	-76	-73	22	5.24	82.54	2.503
2015-01-13 14:58:45.17	20711	20031	-76	-97	22
2015-01-13 15:23:41.079	20711	20031	-76	-73	23	8.57	76.24	2.503
2015-01-13 16:18:37.706	20711	20031	-73	-73	23
2015-01-13 16:23:41.111	20711	20031	-73	-97	23	3.9	72.3	2.514
2015-01-13 16:38:38.13	20711	20031	-73	-70	21	0.95	73.46	2.514
2015-01-13 17:38:39.954	20711	20031	-73	-70	21
2015-01-13 17:48:37.678	20711	20031	-73	-97	21
2015-01-13 17:53:42.555	20711	20031	-73	-97	21	-4.39	74.03	2.503
2015-01-13 21:08:40.051	20711	20031	-73	-70	17	-8.56	75.47	2.492
2015-01-13 22:48:40.19	20711	20031	-73	-70	15
2015-01-13 22:58:42.287	20711	20031	-73	-97	15
2015-01-13 23:53:46.758	20711	20031	-73	-70	10	-9.25	76.81	2.486
2015-01-14 00:08:41.178	20711	20031	-73	-70	10	-9.41	76.68	2.486
2015-01-14 00:58:43.139	20711	20031	-73	-97	10
2015-01-14 01:08:44.026	20711	20031	-73	-97	10	-9.5	76.95	2.486
2015-01-14 01:18:44.106	20711	20031	-73	-70	10
2015-01-14 01:38:44.223	20711	20031	-73	-70	18
2015-01-14 01:38:44.242	20711	20031	-73	-97	18	-9.66	76.85	2.481
2015-01-14 04:18:38.57	20711	20031	-73	-70	10
2015-01-14 04:38:39.935	20711	20031	-73	-70	10	-11.31	75.94	2.486
2015-01-14 05:18:41.65	20711	20031	-73	-70	10
2015-01-14 05:38:42.354	20711	20031	-73	-70	14	-12.02	75.23	2.475
2015-01-14 06:08:39.575	20711	20031	-73	-97	14	-12.28	75.11	2.486
2015-01-14 06:18:40.922	20711	20031	-73	-70	13
2015-01-14 06:38:43.95	20711	20031	-73	-97	13	-12.4	75.38	2.486
2015-01-14 06:53:50.042	20711	20031	-73	-70	10	-12.55	75.3	2.475
2015-01-14 09:38:44.519	20711	20031	-73	-70	13
2015-01-14 10:18:43.483	20711	20031	-73	-70	13
2015-01-14 15:38:42.446	20711	20031	-73	-97	10	-2.42	82.17	2.492
2015-01-14 15:38:42.466	20711	20031	-73	-70	10
2015-01-14 17:48:40.627	20711	20031	-73	-70	10
2015-01-14 17:53:43.058	20711	20031	-73	-97	10	-4.18	80.41	2.497
2015-01-14 18:18:48.482	20711	20031	-73	-70	10
2015-01-14 18:23:48.219	20711	20031	-73	-97	10	-4.39	80.0	2.497
2015-01-14 20:08:46.334	20711	20031	-73	-70	10	-5.1	79.29	2.497
2015-01-14 20:23:44.902	20711	20031	-73	-97	10	-5.18	79.25	2.497
2015-01-14 23:48:41.823	20711	20031	-73	-97	10
2015-01-14 23:53:47.155	20711	20031	-73	-70	10	-7.06	78.64	2.492
2015-01-15 00:38:45.155	20711	20031	-73	-70	10	-7.18	78.43	2.492
2015-01-15 00:53:45.195	20711	20031	-73	-97	11	-7.25	78.39	2.492
2015-01-15 00:58:41.482	20711	20031	-73	-70	14
2015-01-15 01:23:44.475	20711	20031	-73	-70	15	-7.1	78.59	2.492
2015-01-15 01:48:40.871	20711	20031	-73	-97	15
2015-01-15 05:38:47.458	20711	20031	-73	-70	12
2015-01-15 05:48:43.139	20711	20031	-73	-97	12
2015-01-15 07:38:42.47	20711	20031	-73	-70	11	-8.48	77.23	2.481
2015-01-15 07:48:42.284	20711	20031	-73	-97	11
2015-01-15 08:38:43.654	20711	20031	-73	-70	10	-7.96	78.37	2.492
2015-01-15 08:53:44.623	20711	20031	-73	-97	10	-7.53	78.26	2.486
2015-01-15 08:58:41.755	20711	20031	-73	-70	14
2015-01-15 09:08:48.595	20711	20031	-73	-97	14	-6.52	80.22	2.486
2015-01-15 09:38:40.491	20711	20031	-73	-70	10
2015-01-15 09:48:48.287	20711	20031	-73	-97	10
2015-01-15 10:08:42.542	20711	20031	-73	-97	14	-4.25	82.05	2.486
2015-01-15 10:18:48.28	20711	20031	-73	-70	13
2015-01-15 10:23:45.586	20711	20031	-73	-97	13	-3.68	81.83	2.486
2015-01-15 10:38:42.195	20711	20031	-73	-70	14	-2.96	83.64	2.492
2015-01-15 10:48:42.247	20711	20031	-73	-97	14
2015-01-15 11:08:44.548	20711	20031	-73	-70	11	-1.7	83.15	2.492
2015-01-15 11:38:43.45	20711	20031	-73	-70	10
2015-01-15 11:38:43.463	20711	20031	-76	-97	14	0.2	85.55	2.486
2015-01-15 12:58:43.382	20711	20031	-76	-97	12
2015-01-15 13:18:43.126	20711	20031	-73	-70	10
2015-01-15 17:18:44.767	20711	20031	-73	-73	10
2015-01-15 17:23:49.135	20711	20031	-73	-97	10	-0.39	80.05	2.503
2015-01-15 20:23:44.518	20711	20031	-73	-70	23	-3.27	79.56	2.486
2015-01-15 20:48:48.239	20711	20031	-73	-73	23
2015-01-15 21:18:45.715	20711	20031	-76	-70	19
2015-01-15 21:23:45.719	20711	20031	-76	-97	22	-2.96	79.67	2.486
2015-01-15 21:53:43.895	20711	20031	-73	-97	22	-2.61	79.59	2.486
2015-01-15 22:23:46.203	20711	20031	-73	-73	21	-2.48	79.14	2.492
2015-01-15 23:08:43.13	20711	20031	-73	-70	19	-2.38	78.54	2.492
2015-01-15 23:18:44.135	20711	20031	-73	-70	19
2015-01-15 23:38:43.163	20711	20031	-76	-97	19	-2.31	78.27	2.486
2015-01-15 23:53:43.807	20711	20031	-76	-97	19	-2.27	78.16	2.492
2015-01-16 00:18:50.202	20711	20031	-73	-73	17
2015-01-16 00:18:50.222	20711	20031	-73	-97	20
2015-01-16 01:48:44.139	20711	20031	-73	-70	18
2015-01-16 01:53:44.307	20711	20031	-73	-97	17	-2.07	77.48	2.492
2015-01-16 02:08:47.105	20711	20031	-73	-97	17	-2.17	77.41	2.492
2015-01-16 02:23:44.847	20711	20031	-73	-97	17	-2.46	77.25	2.497
2015-01-16 02:48:44.09	20711	20031	-73	-70	17
2015-01-16 02:53:44.079	20711	20031	-73	-97	17	-2.78	77.23	2.497
2015-01-16 03:23:42.93	20711	20031	-73	-73	16	-2.92	77.06	2.492
2015-01-16 03:38:43.095	20711	20031	-73	-97	16
2015-01-16 03:38:43.107	20711	20031	-73	-97	16	-3.06	77.01	2.481
2015-01-16 03:48:45.091	20711	20031	-76	-97	16
2015-01-16 03:53:45.746	20711	20031	-73	-70	16	-3.18	76.84	2.492
2015-01-16 04:08:43.087	20711	20031	-73	-97	16	-3.25	76.99	2.492
2015-01-16 04:18:42.026	20711	20031	-73	-97	15
2015-01-16 04:38:43.114	20711	20031	-73	-97	23	-3.16	76.91	2.492
2015-01-16 05:08:44.05	20711	20031	-73	-97	25	-2.98	76.93	2.492
2015-01-16 05:18:41.775	20711	20031	-76	-70	25
2015-01-16 05:23:42.814	20711	20031	-73	-97	25	-2.91	76.9	2.492
2015-01-16 05:53:46.76	20711	20031	-73	-70	33	-2.84	76.84	2.492
2015-01-16 06:08:45.107	20711	20031	-73	-97	32	-2.79	76.8	2.492
2015-01-16 06:18:43.059	20711	20031	-73	-97	32
2015-01-16 06:38:45.115	20711	20031	-73	-97	27	-2.77	76.74	2.492
2015-01-16 06:48:54.615	20711	20031	-73	-97	27
2015-01-16 07:18:42.755	20711	20031	-73	-70	31
2015-01-16 07:23:45.843	20711	20031	-73	-70	31	-2.64	76.65	2.492
2015-01-16 07:38:45.166	20711	20031	-73	-97	30
2015-01-16 07:38:45.178	20711	20031	-73	-97	29	-2.68	76.62	2.486
2015-01-16 07:48:47.166	20711	20031	-73	-70	27
2015-01-16 07:53:46.719	20711	20031	-73	-97	27	-2.63	76.58	2.492
2015-01-16 08:18:45.991	20711	20031	-76	-70	25
2015-01-16 08:23:41.974	20711	20031	-73	-97	25	-2.57	76.57	2.492
2015-01-16 08:48:46.006	20711	20031	-73	-97	25
2015-01-16 08:53:42.031	20711	20031	-73	-97	24	-2.39	76.61	2.492
2015-01-16 08:58:47.038	20711	20031	-73	-97	24
2015-01-16 09:08:46.07	20711	20031	-73	-97	24	-2.2	76.77	2.492
2015-01-16 09:48:49.042	20711	20031	-76	-73	24
2015-01-16 09:53:44.627	20711	20031	-73	-97	24	-0.96	77.99	2.492
2015-01-16 10:08:44.955	20711	20031	-73	-97	23	-0.28	78.59	2.497
2015-01-16 13:48:48.995	20711	20031	-79	-76	10
2015-01-16 14:08:45.686	20711	20031	-76	-73	14	2.47	78.42	2.497
2015-01-16 14:08:46.698	20711	20031	-76	-73	14	2.47	78.42	2.497
2015-01-16 14:18:44.754	20711	20031	-76	-97	14
2015-01-16 20:38:43.638	20711	20031	-73	-70	10	-4.06	75.63	2.492
2015-01-16 20:53:46.451	20711	20031	-73	-70	10	-4.24	75.64	2.492
2015-01-16 21:08:43.602	20711	20031	-73	-97	10	-4.38	75.68	2.497
2015-01-16 21:18:43.666	20711	20031	-73	-97	10
2015-01-16 22:18:59.791	20711	20031	-73	-97	15
2015-01-17 00:18:45.583	20711	20031	-73	-70	30
2015-01-17 00:38:42.654	20711	20031	-73	-97	30	-7.0	75.23	2.492
2015-01-17 00:48:43.626	20711	20031	-70	-97	28
2015-01-17 00:58:49.775	20711	20031	-73	-70	28
2015-01-17 01:18:45.654	20711	20031	-73	-70	25
2015-01-17 01:23:44.903	20711	20031	-70	-97	27	-7.92	75.26	2.492
2015-01-17 02:23:43.718	20711	20031	-73	-70	27	-8.69	75.18	2.492
2015-01-17 02:38:43.679	20711	20031	-73	-97	27	-8.94	75.25	2.492
2015-01-17 02:48:51.623	20711	20031	-73	-70	30
2015-01-17 02:53:46.682	20711	20031	-73	-97	30	-9.13	75.18	2.486
2015-01-17 02:58:42.643	20711	20031	-73	-97	32
2015-01-17 04:18:46.711	20711	20031	-73	-70	29
2015-01-17 04:23:43.727	20711	20031	-73	-97	27	-9.47	75.43	2.486
2015-01-17 04:38:44.714	20711	20031	-73	-97	27	-9.52	75.56	2.486
2015-01-17 05:18:46.867	20711	20031	-73	-70	26
2015-01-17 05:38:46.767	20711	20031	-73	-70	26
2015-01-17 05:48:46.7	20711	20031	-73	-70	23
2015-01-17 06:18:53.795	20711	20031	-73	-70	23
2015-01-17 09:54:15.479	20711	20031	-73	-97	18	-3.74	81.32	2.481
2015-01-17 11:48:46.815	20711	20031	-76	-73	10
2015-01-17 11:53:48.478	20711	20031	-82	-73	10	4.28	81.76	2.492
2015-01-17 13:19:02.194	20711	20031	-73	-79	10
2015-01-17 15:18:52.94	20711	20031	-82	-76	10
2015-01-17 15:23:47.151	20711	20031	-79	-97	10	14.96	80.83	2.508
2015-01-17 16:53:45.011	20711	20031	-79	-97	11	10.06	80.46	2.514
2015-01-17 16:58:55.191	20711	20031	-76	-97	11
2015-01-17 17:53:47.898	20711	20031	-76	-76	11	7.36	78.5	2.525
2015-01-17 18:08:55.962	20711	20031	-79	-76	10	7.26	78.4	2.519
2015-01-17 21:08:53.646	20711	20031	-79	-73	14	3.88	76.98	2.497
2015-01-17 21:23:44.53	20711	20031	-76	-97	14	3.78	77.04	2.503
2015-01-17 21:48:45.182	20711	20031	-79	-97	13
2015-01-17 21:53:47.606	20711	20031	-79	-73	12	3.68	77.04	2.503
2015-01-17 22:08:47.51	20711	20031	-79	-97	15	3.57	76.94	2.503
2015-01-17 22:18:44.107	20711	20031	-76	-97	16
2015-01-17 22:18:44.127	20711	20031	-76	-97	16
2015-01-17 22:23:44.446	20711	20031	-79	-97	16	3.53	77.13	2.508
2015-01-17 22:38:44.493	20711	20031	-79	-97	16	3.6	77.19	2.508
2015-01-17 23:23:44.095	20711	20031	-79	-73	11	3.49	77.02	2.508
2015-01-17 23:48:49.011	20711	20031	-76	-97	11
2015-01-17 23:53:48.438	20711	20031	-79	-73	11	3.68	77.09	2.514
2015-01-18 00:18:49.983	20711	20031	-79	-76	10
2015-01-18 00:18:50.002	20711	20031	-79	-97	10
2015-01-18 01:18:44.871	20711	20031	-79	-76	10
2015-01-18 01:23:44.219	20711	20031	-79	-97	10	3.93	76.68	2.514
2015-01-18 01:38:46.234	20711	20031	-79	-97	10	3.93	76.73	2.503
2015-01-18 01:48:52.946	20711	20031	-79	-76	10
2015-01-18 01:53:45.215	20711	20031	-76	-97	14	3.96	76.64	2.503
2015-01-18 02:08:45.151	20711	20031	-79	-97	14	3.96	76.61	2.514
2015-01-18 02:18:46.863	20711	20031	-79	-73	13
2015-01-18 02:18:46.875	20711	20031	-76	-97	14
2015-01-18 02:23:45.118	20711	20031	-79	-97	15	3.89	76.52	2.508
2015-01-18 02:38:44.122	20711	20031	-76	-97	15	3.93	76.53	2.508
2015-01-18 02:48:45.794	20711	20031	-76	-73	15
2015-01-18 02:53:43.699	20711	20031	-79	-97	16	3.89	76.37	2.508
2015-01-18 02:58:46.754	20711	20031	-79	-97	16
2015-01-18 03:08:45.05	20711	20031	-79	-97	16	3.78	76.3	2.514
2015-01-18 03:18:54.831	20711	20031	-79	-73	15
2015-01-18 03:38:45.026	20711	20031	-79	-97	21	3.57	76.26	2.503
2015-01-18 03:48:51.798	20711	20031	-79	-97	21
2015-01-18 04:08:43.978	20711	20031	-79	-73	19	3.57	76.28	2.514
2015-01-18 04:18:50.731	20711	20031	-76	-76	19
2015-01-18 04:48:44.635	20711	20031	-79	-97	19
2015-01-18 04:58:47.046	20711	20031	-76	-73	19
2015-01-18 05:18:50.61	20711	20031	-76	-73	18
2015-01-18 06:58:44.343	20711	20031	-79	-73	14
2015-01-18 07:53:44.71	20711	20031	-79	-97	15	4.64	76.26	2.503
2015-01-18 08:18:45.355	20711	20031	-79	-73	14
2015-01-18 08:58:46.606	20711	20031	-76	-76	17
2015-01-18 15:38:45.072	20711	20031	-76	-73	10
2015-01-18 15:48:47.691	20711	20031	-76	-97	10
2015-01-18 16:08:44.939	20711	20031	-76	-76	10	3.72	75.6	2.514
2015-01-18 16:18:46.662	20711	20031	-79	-97	10
2015-01-18 16:23:52.559	20711	20031	-76	-97	10	3.61	75.63	2.514
2015-01-18 20:18:48.343	20711	20031	-79	-97	10
2015-01-18 20:23:49.76	20711	20031	-76	-73	10	1.64	75.55	2.503
2015-01-18 20:38:45.698	20711	20031	-76	-97	11	1.6	75.59	2.503
2015-01-18 20:58:46.395	20711	20031	-76	-76	10
2015-01-18 21:08:45.706	20711	20031	-76	-97	10	1.51	75.6	2.503
2015-01-18 21:18:49.334	20711	20031	-76	-97	10
2015-01-18 22:23:50.608	20711	20031	-76	-73	10	1.13	75.59	2.508
2015-01-18 22:48:46.199	20711	20031	-76	-97	10
2015-01-18 22:58:47.467	20711	20031	-76	-73	10
2015-01-18 23:38:45.455	20711	20031	-76	-73	10
2015-01-18 23:38:45.467	20711	20031	-76	-97	10	0.88	75.59	2.503
2015-01-18 23:48:47.091	20711	20031	-76	-97	10
2015-01-18 23:53:52.615	20711	20031	-76	-97	10	0.82	75.6	2.508
2015-01-19 02:58:50.62	20711	20031	-76	-73	10
2015-01-19 03:18:45.927	20711	20031	-73	-97	12
2015-01-19 03:38:44.286	20711	20031	-79	-73	13
2015-01-19 03:38:44.299	20711	20031	-76	-97	13	0.28	75.53	2.497
2015-01-19 03:48:52.954	20711	20031	-73	-97	13
2015-01-19 03:53:46.174	20711	20031	-76	-97	14	0.15	75.58	2.503
2015-01-19 04:08:45.167	20711	20031	-76	-73	14	0.07	75.58	2.503
2015-01-19 04:18:46.882	20711	20031	-79	-73	11
2015-01-19 04:48:46.903	20711	20031	-76	-73	11
2015-01-19 04:53:47.183	20711	20031	-76	-97	12	-0.14	75.61	2.503
2015-01-19 04:58:44.615	20711	20031	-76	-97	12
2015-01-19 05:48:50.779	20711	20031	-76	-73	12
2015-01-19 06:18:49.767	20711	20031	-76	-73	12
2015-01-19 06:18:49.779	20711	20031	-76	-97	12
2015-01-19 06:23:46.043	20711	20031	-76	-97	13	-0.28	75.48	2.503
2015-01-19 06:38:51.071	20711	20031	-73	-97	13	-0.29	75.5	2.503
2015-01-19 07:18:48.719	20711	20031	-76	-97	10
2015-01-19 07:38:45.046	20711	20031	-76	-73	10	-0.56	75.4	2.497
2015-01-19 08:08:44.954	20711	20031	-79	-97	10	-0.6	75.61	2.503
2015-01-19 08:18:52.647	20711	20031	-79	-73	10
2015-01-19 08:18:52.66	20711	20031	-76	-97	10
2015-01-19 12:23:52.759	20711	20031	-76	-73	12	1.75	75.97	2.503
2015-01-19 21:18:54.434	20711	20031	-76	-73	10
2015-01-20 14:38:58.455	20711	20031	-76	-73	10	3.83	77.07	2.47
2015-01-20 16:38:51.442	20711	20031	-73	-73	10	1.71	75.96	2.503
2015-01-20 16:49:02.335	20711	20031	-76	-97	10
2015-01-20 17:08:56.091	20711	20031	-76	-73	10	1.22	75.81	2.508
2015-01-20 17:38:50.074	20711	20031	-73	-73	10	0.7	75.62	2.492
2015-01-20 17:54:00.111	20711	20031	-73	-70	10	0.6	75.62	2.497
2015-01-20 18:08:50.071	20711	20031	-73	-73	10	0.49	75.6	2.497
2015-01-20 18:18:50.731	20711	20031	-76	-70	10
2015-01-20 18:18:50.747	20711	20031	-76	-97	10
2015-01-20 18:38:51.019	20711	20031	-73	-97	10	0.33	75.62	2.503
2015-01-20 18:53:50.959	20711	20031	-73	-97	10	0.28	75.6	2.503
2015-01-20 19:23:52.21	20711	20031	-73	-73	10	0.17	75.6	2.497
2015-01-20 19:38:51.266	20711	20031	-73	-73	10
2015-01-20 19:38:51.278	20711	20031	-73	-97	10	0.1	75.61	2.492
2015-01-20 19:48:55.158	20711	20031	-76	-73	10
2015-01-20 19:53:54.874	20711	20031	-76	-97	10	0.06	75.6	2.503
2015-01-20 20:08:54.21	20711	20031	-76	-73	11	0.0	75.59	2.503
2015-01-21 01:23:51.371	20711	20031	-73	-73	10	-0.75	75.55	2.492
2015-01-21 19:08:49.179	20711	20031	-76	-73	10	0.88	75.44	2.497
2015-01-21 20:08:49.199	20711	20031	-76	-73	11	0.56	75.47	2.492
2015-01-21 20:38:52.242	20711	20031	-76	-70	10	0.47	75.52	2.497
2015-01-21 21:08:51.459	20711	20031	-76	-73	10	0.31	75.46	2.497
2015-01-21 21:18:55.306	20711	20031	-76	-97	10
2015-01-21 23:18:51.878	20711	20031	-73	-73	10
2015-01-21 23:18:52.918	20711	20031	-73	-73	10
2015-01-22 00:08:55.827	20711	20031	-76	-73	10	0.53	75.66	2.503
2015-01-22 00:18:52.963	20711	20031	-73	-73	10
2015-01-22 00:24:00.079	20711	20031	-76	-97	10	0.51	75.68	2.503
2015-01-22 00:48:56.927	20711	20031	-73	-73	10
2015-01-22 00:53:53.947	20711	20031	-76	-97	10	0.5	75.67	2.503
2015-01-22 16:48:56.63	20711	20031	-73	-70	10
2015-01-22 20:08:48.938	20711	20031	-73	-70	10	-1.53	75.67	2.497
2015-01-23 03:08:53.811	20711	20031	-73	-70	11	-2.21	75.72	2.492
2015-01-23 03:23:50.731	20711	20031	-73	-97	12	-2.25	75.69	2.492
2015-01-23 03:53:57.138	20711	20031	-73	-97	15	-2.29	75.7	2.492
2015-01-23 05:38:59.038	20711	20031	-73	-70	23
2015-01-23 06:18:52.494	20711	20031	-73	-70	21
2015-01-23 10:18:54.038	20711	20031	-73	-70	15
2015-01-24 00:48:53.083	20711	20031	-76	-73	10
2015-01-24 07:18:58.363	20711	20031	-73	-70	10
2015-01-24 07:18:59.411	20711	20031	-73	-70	10
2015-01-24 07:19:00.47	20711	20031	-73	-70	10
