result_time	node_id	parent_id	stats_frssi	stats_brssi	etx	temperature	humidity	voltage
2014-12-02 12:45:06.98	21501	20031	-94	-94	19	1.13	77.69	3.818
2014-12-02 13:00:03.11	21501	20031	-94	-94	19	1.33	77.28	3.818
2014-12-02 13:54:58.732	21501	20031	-94	-94	11
2014-12-02 14:15:03.203	21501	20031	-94	-91	11	2.01	77.21	3.818
2014-12-02 16:45:12.343	21501	20031	-94	-94	18	2.68	77.31	3.805
2014-12-02 18:55:00.559	21501	20031	-94	-94	11
2014-12-02 19:05:01.518	21501	20031	-94	-97	11
2014-12-02 19:14:59.082	21501	20031	-94	-91	11	3.39	77.56	3.805
2014-12-02 20:30:03.543	21501	20031	-94	-94	16	3.96	77.68	3.805
2014-12-02 20:45:07.562	21501	20031	-94	-94	20	4.07	77.66	3.805
2014-12-02 20:55:03.56	21501	20031	-94	-94	19
2014-12-02 21:25:00.27	21501	20031	-94	-97	24
2014-12-02 22:15:01.915	21501	20031	-94	-97	19	4.78	77.76	3.805
2014-12-02 22:25:00.423	21501	20031	-94	-94	21
2014-12-03 02:25:12.434	21501	20031	-94	-97	21
2014-12-03 03:00:09.467	21501	20031	-94	-97	20	6.01	77.47	3.805
2014-12-03 03:25:09.151	21501	20031	-91	-97	23
2014-12-03 03:45:18.767	21501	20031	-94	-97	25
2014-12-03 03:45:19.519	21501	20031	-91	-97	27	5.79	77.37	3.792
2014-12-03 06:25:05.339	21501	20031	-91	-88	11
2014-12-03 06:45:03.614	21501	20031	-91	-88	11	4.35	77.11	3.805
2014-12-03 07:15:02.155	21501	20031	-91	-88	11	4.21	77.1	3.805
2014-12-03 07:30:01.127	21501	20031	-91	-91	11	4.14	77.14	3.805
2014-12-03 07:55:04.743	21501	20031	-94	-91	11
2014-12-03 08:00:02.338	21501	20031	-88	-97	11	4.07	77.2	3.805
2014-12-03 08:15:01.559	21501	20031	-91	-91	10	4.07	77.25	3.805
2014-12-03 08:25:01.719	21501	20031	-94	-97	10
2014-12-03 09:05:00.367	21501	20031	-94	-97	14
2014-12-03 09:54:59.502	21501	20031	-91	-91	18
2014-12-03 11:05:00.05	21501	20031	-91	-94	18
2014-12-03 11:05:01.302	21501	20031	-91	-94	18
2014-12-03 11:14:59.663	21501	20031	-94	-94	15	3.88	77.37	3.805
2014-12-03 12:00:08.163	21501	20031	-94	-94	24	3.74	77.17	3.805
2014-12-03 13:00:03.779	21501	20031	-94	-94	28	3.61	77.29	3.805
2014-12-03 13:25:06.292	21501	20031	-94	-91	28
2014-12-03 14:14:59.914	21501	20031	-94	-94	22	3.74	77.22	3.805
2014-12-03 14:25:02.043	21501	20031	-94	-94	20
2014-12-03 14:25:03.171	21501	20031	-94	-97	20
2014-12-03 14:30:08.198	21501	20031	-94	-97	20	3.7	77.26	3.805
2014-12-03 14:55:01.14	21501	20031	-94	-97	19
2014-12-03 15:00:06.126	21501	20031	-94	-97	22	3.71	77.29	3.805
2014-12-03 15:45:00.206	21501	20031	-94	-94	13	3.75	77.08	3.805
2014-12-03 16:44:59.735	21501	20031	-94	-97	11	3.29	76.98	3.805
2014-12-03 17:15:14.871	21501	20031	-94	-97	11	2.89	76.92	3.805
2014-12-03 17:45:00.843	21501	20031	-94	-97	11	2.39	76.91	3.805
2014-12-03 17:45:00.907	21501	20031	-94	-94	11
2014-12-03 17:45:01.486	21501	20031	-94	-94	11
2014-12-03 17:55:05.875	21501	20031	-94	-94	12
2014-12-03 17:59:59.526	21501	20031	-94	-97	13	2.14	76.92	3.805
2014-12-03 18:29:57.814	21501	20031	-94	-97	15	1.75	77.08	3.805
2014-12-03 20:15:02.691	21501	20031	-94	-94	11	0.71	77.15	3.805
2014-12-03 20:25:02.187	21501	20031	-91	-94	14
2014-12-03 20:45:00.566	21501	20031	-94	-97	14	0.5	77.24	3.805
2014-12-03 20:55:00.887	21501	20031	-94	-97	14
2014-12-04 00:15:02.51	21501	20031	-94	-91	26	-0.64	77.18	3.805
2014-12-04 00:45:00.318	21501	20031	-94	-97	28	-0.82	77.29	3.805
2014-12-04 01:05:04.79	21501	20031	-94	-97	24
2014-12-04 01:15:00.279	21501	20031	-94	-91	23	-1.0	77.29	3.805
2014-12-04 01:30:02.219	21501	20031	-94	-97	23	-1.14	77.26	3.805
2014-12-04 01:44:58.259	21501	20031	-94	-94	23
2014-12-04 02:15:11.47	21501	20031	-94	-94	21	-1.39	77.35	3.805
2014-12-04 04:45:07.382	21501	20031	-94	-94	18	-2.23	77.31	3.805
2014-12-04 05:15:01.035	21501	20031	-94	-97	17	-2.28	77.53	3.805
2014-12-04 05:25:01.167	21501	20031	-94	-97	16
2014-12-06 01:45:06.402	21501	20031	-94	-97	10	5.38	77.53	3.792
2014-12-06 01:55:10.515	21501	20031	-94	-94	14
2014-12-06 02:15:05.847	21501	20031	-94	-97	14	5.38	77.65	3.805
2014-12-06 04:00:02.902	21501	20031	-94	-94	28	5.7	77.7	3.805
2014-12-06 04:15:07.29	21501	20031	-94	-94	28	5.68	77.64	3.805
2014-12-06 04:25:02.282	21501	20031	-94	-97	27
2014-12-06 05:30:01.802	21501	20031	-94	-94	26	5.74	77.65	3.805
2014-12-06 05:44:55.99	21501	20031	-94	-97	26
2014-12-06 05:44:56.014	21501	20031	-94	-97	26	5.74	77.65	3.792
2014-12-06 05:55:05.175	21501	20031	-94	-97	22
2014-12-06 06:00:00.183	21501	20031	-94	-97	33	5.78	77.67	3.805
2014-12-06 06:44:59.955	21501	20031	-94	-94	33	5.7	77.57	3.805
2014-12-06 07:25:00.918	21501	20031	-94	-94	30
2014-12-06 07:30:04.967	21501	20031	-91	-97	28	5.53	77.51	3.805
2014-12-06 09:25:00.494	21501	20031	-94	-94	22
2014-12-06 10:44:58.924	21501	20031	-94	-97	15	5.21	77.81	3.805
2014-12-06 12:15:02.067	21501	20031	-94	-88	12	5.39	77.77	3.805
2014-12-06 12:25:03.106	21501	20031	-94	-97	15
2014-12-06 12:25:03.119	21501	20031	-94	-97	16
2014-12-06 12:30:03.075	21501	20031	-88	-91	14	5.36	77.67	3.805
2014-12-06 13:05:00.962	21501	20031	-94	-97	12
2014-12-06 13:55:02.674	21501	20031	-94	-91	10
2014-12-06 14:00:03.738	21501	20031	-94	-94	13	5.43	77.79	3.805
2014-12-06 14:25:16.231	21501	20031	-88	-97	14
2014-12-06 15:15:04.403	21501	20031	-94	-97	15	5.39	77.7	3.805
2014-12-06 15:30:02.075	21501	20031	-94	-91	13	5.33	77.49	3.805
2014-12-06 15:45:05.463	21501	20031	-88	-91	12	5.18	77.48	3.792
2014-12-06 16:25:05.91	21501	20031	-94	-91	12
2014-12-06 19:15:05.263	21501	20031	-94	-88	11	2.82	76.93	3.805
2014-12-06 19:25:06.354	21501	20031	-94	-94	11
2014-12-06 19:30:02.306	21501	20031	-91	-97	14	2.6	76.95	3.805
2014-12-06 21:15:04.131	21501	20031	-88	-94	14	2.21	77.59	3.805
2014-12-06 21:45:09.134	21501	20031	-94	-97	19
2014-12-06 22:00:00.386	21501	20031	-94	-94	18	2.32	77.64	3.805
2014-12-14 05:15:09.067	21501	20031	-91	-94	10	3.78	77.91	3.792
2014-12-14 05:25:00.755	21501	20031	-91	-97	10
2014-12-14 06:15:04.638	21501	20031	-91	-94	10	3.93	77.95	3.792
2014-12-14 06:25:02.507	21501	20031	-94	-97	11
2014-12-14 06:30:13.226	21501	20031	-94	-94	10	4.01	77.94	3.792
2014-12-14 07:00:05.319	21501	20031	-94	-94	10	4.1	77.96	3.792
2014-12-14 07:25:08.291	21501	20031	-94	-94	10
2014-12-14 07:30:04.35	21501	20031	-94	-97	14	4.2	77.95	3.792
2014-12-14 07:45:07.818	21501	20031	-94	-94	16
2014-12-14 08:14:59.895	21501	20031	-91	-94	19	4.35	78.01	3.792
2014-12-14 08:55:14.823	21501	20031	-94	-94	19
2014-12-14 09:00:06.483	21501	20031	-94	-94	18	4.54	78.05	3.792
2014-12-14 09:25:14.79	21501	20031	-94	-91	21
2014-12-14 11:55:11.951	21501	20031	-94	-94	38
2014-12-25 09:31:42.451	21501	20031	-76	-157	10	3.9	79.55	3.805
2014-12-27 19:25:03.879	21501	20031	-88	-88	10
2014-12-27 22:24:58.635	21501	20031	-91	-85	18
2014-12-27 22:24:58.662	21501	20031	-88	-97	21
2014-12-27 22:29:56.074	21501	20031	-91	-88	21	11.65	78.31	3.792
2014-12-27 22:54:55.459	21501	20031	-91	-91	19
2014-12-27 23:00:00.442	21501	20031	-91	-97	18	10.74	79.01	3.792
2014-12-27 23:14:57.547	21501	20031	-94	-88	18	10.32	78.94	3.792
2014-12-27 23:24:56.366	21501	20031	-94	-97	21
2014-12-27 23:44:59.502	21501	20031	-94	-97	21	9.82	79.16	3.792
2014-12-28 02:24:59.542	21501	20031	-94	-94	10
2014-12-28 04:30:02.259	21501	20031	-94	-94	18	7.88	79.49	3.792
2014-12-28 04:45:00.723	21501	20031	-94	-94	17	7.89	79.5	3.792
2014-12-28 07:05:07.135	21501	20031	-94	-94	16
2014-12-28 08:00:06.446	21501	20031	-94	-94	21	5.03	78.43	3.805
2015-01-04 19:15:01.819	21501	20031	-88	-91	10	5.28	78.63	3.792
2015-01-04 19:24:59.559	21501	20031	-94	-85	10
2015-01-04 19:30:05.596	21501	20031	-94	-97	10	5.11	79.0	3.792
2015-01-04 19:44:58.751	21501	20031	-94	-97	10	5.0	78.81	3.792
2015-01-04 19:45:04.471	21501	20031	-91	-91	10
2015-01-04 19:55:07.958	21501	20031	-94	-91	10
2015-01-04 20:00:00.871	21501	20031	-94	-97	10	4.83	78.7	3.792
2015-01-04 20:14:56.487	21501	20031	-94	-94	10	4.63	78.73	3.792
2015-01-04 20:25:02.162	21501	20031	-94	-97	10
2015-01-04 20:25:02.177	21501	20031	-94	-97	10
2015-01-04 20:30:01.178	21501	20031	-94	-97	10	4.35	78.33	3.805
2015-01-04 21:00:07.068	21501	20031	-91	-91	10	2.96	78.88	3.805
2015-01-04 21:29:58.134	21501	20031	-91	-94	11	2.67	79.44	3.805
2015-01-04 21:55:03.403	21501	20031	-91	-97	11
2015-01-04 22:00:13.026	21501	20031	-94	-97	11	2.63	79.1	3.805
2015-01-04 22:15:02.198	21501	20031	-91	-97	21	2.57	79.03	3.805
2015-01-04 23:04:57.223	21501	20031	-91	-94	18
2015-01-04 23:14:57.651	21501	20031	-88	-97	18	2.1	78.83	3.805
2015-01-04 23:30:00.922	21501	20031	-94	-97	18	1.85	78.61	3.805
2015-01-04 23:30:02.202	21501	20031	-94	-97	18	1.85	78.61	3.805
2015-01-05 00:24:57.775	21501	20031	-94	-94	17
2015-01-05 00:24:57.799	21501	20031	-94	-97	17
2015-01-05 00:30:00.771	21501	20031	-91	-97	17	1.0	78.5	3.805
2015-01-05 00:44:59.327	21501	20031	-94	-97	17	0.74	78.39	3.805
2015-01-05 00:54:59.526	21501	20031	-94	-88	13
2015-01-05 01:00:05.607	21501	20031	-94	-94	13	0.51	78.41	3.805
2015-01-05 01:04:58.371	21501	20031	-94	-97	16
2015-01-05 01:05:02.486	21501	20031	-94	-97	16
2015-01-05 01:15:08.363	21501	20031	-91	-94	13	0.35	78.49	3.805
2015-01-05 02:00:04.095	21501	20031	-94	-94	12	-0.06	78.64	3.805
2015-01-05 02:25:10.863	21501	20031	-88	-97	15
2015-01-05 02:45:00.938	21501	20031	-94	-94	18	-0.48	78.71	3.805
2015-01-05 02:55:01.727	21501	20031	-91	-97	22
2015-01-05 02:59:55.691	21501	20031	-94	-97	22	-0.6	78.7	3.805
2015-01-05 03:15:00.714	21501	20031	-94	-97	22	-0.75	78.62	3.805
2015-01-05 03:25:01.01	21501	20031	-94	-97	22
2015-01-05 03:30:10.307	21501	20031	-91	-97	22	-0.98	78.62	3.805
2015-01-05 03:44:57.587	21501	20031	-94	-97	21	-1.28	78.41	3.792
2015-01-05 03:44:57.643	21501	20031	-94	-97	21
2015-01-05 03:54:57.942	21501	20031	-94	-97	21
2015-01-05 04:45:09.09	21501	20031	-94	-94	14	-2.07	78.28	3.805
2015-01-05 04:45:10.146	21501	20031	-94	-94	14	-2.07	78.28	3.805
2015-01-05 05:00:06.769	21501	20031	-94	-94	21	-2.17	78.33	3.805
2015-01-05 05:45:03.55	21501	20031	-94	-88	19
2015-01-05 06:45:25.266	21501	20031	-94	-94	13	-3.71	77.82	3.805
2015-01-05 07:00:05.83	21501	20031	-91	-94	13	-4.0	77.82	3.805
2015-01-05 07:45:09.963	21501	20031	-91	-91	12	-5.25	77.38	3.792
2015-01-05 08:00:04.535	21501	20031	-85	-91	12	-5.57	77.4	3.805
2015-01-05 08:15:01.75	21501	20031	-94	-97	15	-5.84	77.57	3.805
2015-01-05 08:24:58.194	21501	20031	-88	-91	18
2015-01-05 08:59:56.65	21501	20031	-94	-94	18	-5.84	79.62	3.805
2015-01-05 09:05:04.527	21501	20031	-91	-97	18
2015-01-05 09:24:58.443	21501	20031	-91	-94	17
2015-01-05 09:44:59.759	21501	20031	-94	-94	17
2015-01-05 10:55:04.251	21501	20031	-94	-94	16
2015-01-05 11:05:01.371	21501	20031	-91	-97	19
2015-01-05 11:59:57.578	21501	20031	-91	-88	22	-5.5	78.73	3.805
2015-01-05 12:25:01.405	21501	20031	-94	-97	22
2015-01-05 12:25:03.458	21501	20031	-94	-97	24
2015-01-05 13:14:59.606	21501	20031	-94	-94	35	-5.32	78.29	3.805
2015-01-05 20:54:59.579	21501	20031	-91	-88	33
2015-01-05 21:25:08.362	21501	20031	-88	-88	33
2015-01-05 21:30:02.642	21501	20031	-91	-97	33	-9.26	77.71	3.805
2015-01-05 21:45:00.639	21501	20031	-91	-97	32
2015-01-05 22:25:05.371	21501	20031	-88	-85	30
2015-01-05 22:25:05.387	21501	20031	-88	-97	29
2015-01-05 23:00:01.638	21501	20031	-88	-88	29	-9.6	77.63	3.805
2015-01-05 23:15:03.742	21501	20031	-88	-85	27	-9.78	77.5	3.805
2015-01-05 23:25:00.475	21501	20031	-88	-97	25
2015-01-06 01:30:00.962	21501	20031	-91	-88	23	-9.46	78.74	3.805
2015-01-06 01:44:57.698	21501	20031	-88	-97	23
2015-01-06 02:25:04.427	21501	20031	-91	-88	21
2015-01-06 03:00:07.155	21501	20031	-91	-88	20	-9.32	78.1	3.805
2015-01-06 03:15:01.322	21501	20031	-88	-97	23	-9.37	78.09	3.805
2015-01-06 04:00:07.406	21501	20031	-91	-85	21	-9.44	78.03	3.805
2015-01-06 04:24:57.363	21501	20031	-88	-85	21
2015-01-06 04:25:04.478	21501	20031	-88	-97	21
2015-01-06 04:29:58.995	21501	20031	-91	-97	21	-9.44	78.07	3.805
2015-01-06 04:54:57.226	21501	20031	-88	-85	20
2015-01-06 05:45:01.746	21501	20031	-85	-97	19	-9.44	78.07	3.792
2015-01-06 05:45:04.406	21501	20031	-88	-85	19
2015-01-06 06:30:01.902	21501	20031	-88	-88	18	-9.36	78.14	3.805
2015-01-06 06:59:58.714	21501	20031	-85	-88	14	-9.3	78.1	3.805
2015-01-06 07:05:00.49	21501	20031	-88	-97	14
2015-01-06 07:15:02.862	21501	20031	-85	-97	14	-9.28	78.13	3.805
2015-01-06 07:25:00.475	21501	20031	-88	-88	15
2015-01-06 07:30:07.814	21501	20031	-91	-97	18	-9.24	78.14	3.805
2015-01-06 07:44:58.834	21501	20031	-88	-88	19
2015-01-06 07:44:58.846	21501	20031	-88	-97	19	-9.23	78.14	3.792
2015-01-06 07:55:01.439	21501	20031	-88	-97	19
2015-01-06 08:00:01.754	21501	20031	-88	-97	18	-9.18	78.22	3.805
2015-01-06 08:15:05.93	21501	20031	-91	-97	18	-9.08	78.31	3.805
2015-01-06 08:55:09.622	21501	20031	-88	-88	18
2015-01-06 09:14:58.886	21501	20031	-88	-88	17	-8.34	78.91	3.805
2015-01-06 09:25:10.874	21501	20031	-88	-97	17
2015-01-06 09:29:59.694	21501	20031	-88	-97	19	-8.07	79.13	3.805
2015-01-06 09:55:03.542	21501	20031	-88	-88	19
2015-01-06 09:59:59.734	21501	20031	-88	-97	19	-7.57	79.42	3.805
2015-01-06 10:14:59.903	21501	20031	-85	-85	19	-7.25	79.6	3.805
2015-01-06 10:30:04.71	21501	20031	-85	-97	19	-6.84	79.77	3.792
2015-01-06 10:45:20.938	21501	20031	-88	-88	18	-6.56	79.79	3.792
2015-01-06 10:54:59.678	21501	20031	-88	-97	17
2015-01-06 11:00:04.459	21501	20031	-88	-97	17	-6.3	79.87	3.792
2015-01-06 11:15:05.795	21501	20031	-88	-88	16	-5.99	80.03	3.792
2015-01-06 11:25:02.822	21501	20031	-85	-97	23
2015-01-06 11:30:02.751	21501	20031	-88	-97	25	-5.6	80.13	3.792
2015-01-06 11:45:00.434	21501	20031	-88	-94	25
2015-01-06 11:55:04.782	21501	20031	-91	-97	27
2015-01-06 13:45:11.79	21501	20031	-91	-88	27
2015-01-06 13:55:04.902	21501	20031	-91	-97	29
2015-01-06 13:59:57.678	21501	20031	-94	-97	28	-3.86	79.78	3.792
2015-01-06 14:15:04.038	21501	20031	-91	-94	22	-3.96	79.51	3.792
2015-01-06 14:25:02.386	21501	20031	-94	-97	24
2015-01-06 14:25:02.399	21501	20031	-91	-97	24
2015-01-06 14:30:05.803	21501	20031	-94	-91	22	-4.28	79.3	3.792
2015-01-06 14:45:10.846	21501	20031	-94	-97	22	-4.38	79.37	3.792
2015-01-06 15:00:04.834	21501	20031	-94	-94	24	-4.34	79.47	3.792
2015-01-06 15:15:02.208	21501	20031	-94	-97	33	-4.46	78.96	3.792
2015-01-06 15:24:59.296	21501	20031	-91	-97	45
2015-01-06 15:44:59.579	21501	20031	-91	-88	45
2015-01-06 15:44:59.598	21501	20031	-91	-97	45	-5.0	78.5	3.792
2015-01-06 15:55:06.37	21501	20031	-91	-97	45
2015-01-06 16:24:59.162	21501	20031	-91	-97	38
2015-01-06 16:25:10.342	21501	20031	-91	-94	38
2015-01-06 16:45:02.306	21501	20031	-94	-88	38	-5.73	77.8	3.792
2015-01-06 19:15:01.651	21501	20031	-91	-91	25	-7.07	77.75	3.792
2015-01-06 19:25:09.194	21501	20031	-91	-91	25
2015-01-06 19:30:02.586	21501	20031	-94	-94	23	-7.24	77.67	3.792
2015-01-06 19:45:01.671	21501	20031	-91	-97	23
2015-01-06 19:45:03.958	21501	20031	-91	-97	25	-7.41	77.63	3.792
2015-01-06 19:55:00.255	21501	20031	-91	-88	25
2015-01-06 20:00:03.611	21501	20031	-91	-97	25	-7.57	77.57	3.805
2015-01-06 20:15:06.647	21501	20031	-94	-97	24	-7.76	77.55	3.805
2015-01-06 20:25:02.174	21501	20031	-85	-88	24
2015-01-06 20:25:02.31	21501	20031	-88	-97	24
2015-01-06 20:30:02.602	21501	20031	-91	-97	24	-7.92	77.52	3.792
2015-01-06 20:45:03.047	21501	20031	-91	-97	24	-8.0	77.63	3.792
2015-01-06 20:55:00.331	21501	20031	-94	-97	23
2015-01-06 21:04:59.33	21501	20031	-94	-97	32
2015-01-06 21:15:07.739	21501	20031	-94	-97	36	-8.16	77.6	3.792
2015-01-06 21:25:05.286	21501	20031	-88	-97	36
2015-01-06 21:30:03.658	21501	20031	-88	-91	34	-8.26	77.62	3.792
2015-01-06 21:44:59.678	21501	20031	-94	-97	33
2015-01-06 22:30:05.626	21501	20031	-88	-94	33	-8.37	77.82	3.792
2015-01-06 22:45:03.75	21501	20031	-91	-94	32	-8.42	77.86	3.792
2015-01-06 23:15:01.585	21501	20031	-91	-88	30	-8.52	77.83	3.792
2015-01-06 23:25:04.366	21501	20031	-88	-88	30
2015-01-06 23:30:06.642	21501	20031	-91	-97	29	-8.58	77.77	3.792
2015-01-06 23:59:59.627	21501	20031	-91	-88	33	-8.69	77.72	3.792
2015-01-07 00:30:04.67	21501	20031	-94	-94	30	-8.82	77.79	3.792
2015-01-07 01:30:02.463	21501	20031	-94	-91	30	-8.96	77.73	3.792
2015-01-07 01:45:00.658	21501	20031	-94	-88	29
2015-01-07 01:55:00.354	21501	20031	-94	-97	29
2015-01-07 02:24:59.35	21501	20031	-94	-97	28
2015-01-07 02:30:04.739	21501	20031	-94	-97	28	-9.4	77.52	3.805
2015-01-07 02:44:59.946	21501	20031	-94	-97	28	-9.5	77.56	3.792
2015-01-07 03:05:02.586	21501	20031	-94	-94	24
2015-01-07 03:15:04.955	21501	20031	-88	-97	24	-9.6	77.54	3.792
2015-01-07 03:45:16.271	21501	20031	-94	-94	33	-9.76	77.53	3.792
2015-01-07 08:25:12.987	21501	20031	-94	-91	38
2015-01-07 08:30:03.042	21501	20031	-94	-91	38	-11.1	77.54	3.792
2015-01-07 08:45:09.938	21501	20031	-94	-97	38	-10.96	78.17	3.792
2015-01-07 09:05:02.798	21501	20031	-94	-91	40
2015-01-07 09:25:05.823	21501	20031	-94	-97	40
2015-01-07 09:45:07.938	21501	20031	-94	-91	37	-10.17	79.01	3.805
2015-01-07 10:15:08.231	21501	20031	-91	-94	35	-9.8	80.11	3.792
2015-01-07 10:30:02.102	21501	20031	-91	-97	34	-9.48	80.17	3.792
2015-01-07 13:45:05.691	21501	20031	-94	-94	32
2015-01-07 13:45:07.227	21501	20031	-94	-97	33	-8.98	79.07	3.792
2015-01-07 13:55:03.791	21501	20031	-91	-97	33
2015-01-07 14:00:03.091	21501	20031	-94	-88	33	-7.96	79.44	3.792
2015-01-07 14:15:03.15	21501	20031	-94	-97	32	-7.78	78.36	3.792
2015-01-07 14:25:07.631	21501	20031	-91	-97	31
2015-01-07 14:25:07.647	21501	20031	-94	-97	31
2015-01-07 14:30:03.147	21501	20031	-91	-94	29	-7.56	78.5	3.792
2015-01-07 14:45:10.655	21501	20031	-94	-97	28	-7.3	77.29	3.792
2015-01-07 14:55:08.739	21501	20031	-91	-97	30
2015-01-07 15:00:11.218	21501	20031	-88	-94	32	-7.39	76.42	3.792
2015-01-07 15:05:00.746	21501	20031	-91	-97	33
2015-01-07 15:15:07.194	21501	20031	-94	-97	32	-7.5	75.63	3.792
2015-01-07 15:30:05.135	21501	20031	-94	-97	32	-7.46	74.99	3.792
2015-01-07 15:45:00.115	21501	20031	-94	-97	31
2015-01-07 15:45:15.343	21501	20031	-94	-97	31	-8.89	74.7	3.792
2015-01-07 15:55:03.838	21501	20031	-94	-88	23
2015-01-07 16:00:09.191	21501	20031	-94	-91	21	-9.06	76.3	3.792
2015-01-07 16:15:05.231	21501	20031	-94	-97	21	-9.28	76.28	3.792
2015-01-07 16:25:04.87	21501	20031	-91	-94	21
2015-01-07 16:25:04.884	21501	20031	-94	-97	23
2015-01-07 16:30:06.214	21501	20031	-91	-97	23	-9.82	75.4	3.792
2015-01-07 16:45:05.675	21501	20031	-94	-91	23	-10.6	75.39	3.792
2015-01-07 16:55:10.982	21501	20031	-94	-97	25
2015-01-07 17:00:09.27	21501	20031	-94	-97	27	-11.09	75.53	3.792
2015-01-07 17:05:08.927	21501	20031	-94	-97	29
2015-01-07 17:15:11.172	21501	20031	-94	-97	37	-11.48	75.58	3.792
2015-01-07 17:30:02.126	21501	20031	-91	-91	42	-11.84	75.66	3.792
2015-01-07 18:00:10.202	21501	20031	-91	-97	42	-12.52	75.78	3.792
2015-01-07 18:25:01.906	21501	20031	-94	-88	42
2015-01-07 18:45:16.615	21501	20031	-94	-88	37	-13.13	76.0	3.792
2015-01-07 21:00:05.49	21501	20031	-94	-91	27	-14.28	76.54	3.792
2015-01-07 21:05:11.23	21501	20031	-94	-94	25
2015-01-07 22:25:02.226	21501	20031	-91	-97	23
2015-01-07 22:25:02.494	21501	20031	-91	-94	23
2015-01-07 23:55:01.742	21501	20031	-94	-88	23
2015-01-08 01:00:07.862	21501	20031	-91	-91	21	-15.8	75.96	3.792
2015-01-08 01:05:04.415	21501	20031	-91	-97	20
2015-01-08 01:15:05.899	21501	20031	-94	-97	20	-15.96	76.18	3.792
2015-01-08 01:25:04.451	21501	20031	-94	-97	20
2015-01-08 01:30:04.467	21501	20031	-91	-97	20	-16.04	76.34	3.792
2015-01-08 01:55:11.663	21501	20031	-94	-88	19
2015-01-08 02:25:11.699	21501	20031	-94	-85	25
2015-01-08 02:30:05.835	21501	20031	-91	-94	29	-16.22	76.63	3.792
2015-01-08 04:25:02.759	21501	20031	-91	-91	27
2015-01-08 04:25:02.778	21501	20031	-94	-97	26
2015-01-08 05:05:10.799	21501	20031	-91	-91	24
2015-01-08 05:25:03.799	21501	20031	-94	-91	24
2015-01-08 05:45:04.67	21501	20031	-94	-97	24
2015-01-08 05:55:05.858	21501	20031	-94	-91	24
2015-01-08 06:00:09.262	21501	20031	-91	-97	24	-16.62	77.04	3.792
2015-01-08 06:15:10.259	21501	20031	-94	-97	26	-16.65	76.77	3.805
2015-01-08 06:25:04.931	21501	20031	-91	-97	26
2015-01-08 07:05:03.874	21501	20031	-94	-88	23
2015-01-08 07:25:05.851	21501	20031	-94	-97	23
2015-01-08 07:30:04.29	21501	20031	-91	-88	23	-17.03	76.64	3.805
2015-01-08 07:45:05.294	21501	20031	-88	-97	22
2015-01-08 09:15:08.454	21501	20031	-91	-88	13	-16.4	79.52	3.792
2015-01-08 09:25:26.791	21501	20031	-91	-88	16
2015-01-08 10:45:06.502	21501	20031	-91	-85	26	-13.4	83.78	3.792
2015-01-08 12:15:12.015	21501	20031	-94	-88	13	-10.7	82.51	3.792
2015-01-08 12:25:08.478	21501	20031	-94	-91	13
2015-01-08 12:25:12.486	21501	20031	-94	-91	13
2015-01-08 12:25:13.646	21501	20031	-94	-97	13
2015-01-08 12:25:15.502	21501	20031	-94	-97	13
2015-01-08 13:25:11.995	21501	20031	-94	-91	11
2015-01-08 13:30:06.97	21501	20031	-94	-97	11	-8.5	80.2	3.792
2015-01-08 14:30:11.123	21501	20031	-91	-91	11	-7.48	78.39	3.792
2015-01-08 15:30:07.651	21501	20031	-94	-94	14	-8.16	76.64	3.792
2015-01-08 17:45:09.903	21501	20031	-91	-91	25
2015-01-08 17:45:09.919	21501	20031	-91	-97	63	-10.82	76.73	3.792
2015-01-08 22:45:09.147	21501	20031	-88	-88	20	-9.98	77.77	3.792
2015-01-08 23:00:04.094	21501	20031	-94	-97	20	-9.94	77.73	3.792
2015-01-09 00:45:07.903	21501	20031	-91	-91	18	-8.46	79.35	3.792
2015-01-09 01:30:08.738	21501	20031	-94	-91	18	-7.21	78.99	3.792
2015-01-09 01:55:10.983	21501	20031	-91	-97	21
2015-01-09 02:15:06.231	21501	20031	-94	-97	21	-6.8	78.63	3.792
2015-01-09 02:25:22.107	21501	20031	-88	-94	19
2015-01-09 02:30:06.141	21501	20031	-88	-88	17	-6.68	78.5	3.792
2015-01-09 02:45:11.658	21501	20031	-88	-88	16	-6.64	78.4	3.792
2015-01-09 02:55:12.023	21501	20031	-94	-91	15
2015-01-09 03:15:10.315	21501	20031	-88	-97	26	-6.64	78.12	3.792
2015-01-09 04:30:08.795	21501	20031	-91	-88	26	-7.02	77.83	3.792
2015-01-09 04:45:15.726	21501	20031	-91	-85	26	-7.03	77.87	3.792
2015-01-09 05:00:08.799	21501	20031	-88	-97	26	-7.02	77.9	3.792
2015-01-09 05:05:08.63	21501	20031	-88	-97	25
2015-01-09 05:45:12.714	21501	20031	-94	-88	24	-6.92	77.97	3.779
2015-01-09 06:15:09.378	21501	20031	-94	-91	28	-6.82	78.08	3.792
2015-01-09 09:05:10.738	21501	20031	-91	-91	19
2015-01-09 09:15:19.847	21501	20031	-91	-91	18	-5.53	78.44	3.779
2015-01-09 09:45:10.218	21501	20031	-91	-97	18	-5.48	79.09	3.779
2015-01-09 10:25:12.365	21501	20031	-94	-91	15
2015-01-09 10:30:10.29	21501	20031	-94	-97	15	-5.89	78.66	3.792
2015-01-09 11:05:11.559	21501	20031	-94	-94	11
2015-01-09 11:15:14.242	21501	20031	-91	-97	11	-5.03	81.13	3.779
2015-01-09 11:30:10.555	21501	20031	-91	-94	10	-4.85	82.3	3.792
2015-01-09 11:55:07.787	21501	20031	-94	-88	11
2015-01-09 12:00:08.994	21501	20031	-94	-97	14	-3.81	82.95	3.779
2015-01-09 12:45:06.823	21501	20031	-94	-85	14	-2.14	85.64	3.779
2015-01-09 13:30:06.886	21501	20031	-88	-88	11	-3.03	79.91	3.779
2015-01-09 13:45:10.454	21501	20031	-94	-97	12	-3.41	79.62	3.779
2015-01-09 13:45:11.691	21501	20031	-94	-97	11
2015-01-09 13:55:09.586	21501	20031	-94	-88	11
2015-01-09 14:00:08.287	21501	20031	-94	-97	11	-3.43	80.97	3.779
2015-01-09 14:30:05.383	21501	20031	-91	-94	10	-3.11	77.72	3.779
2015-01-09 15:05:15.888	21501	20031	-91	-94	11
2015-01-09 15:15:10.055	21501	20031	-88	-91	10	-1.31	75.6	3.779
2015-01-09 15:30:10.339	21501	20031	-94	-97	10	-2.64	76.58	3.779
2015-01-09 15:45:07.591	21501	20031	-85	-97	10
2015-01-09 15:45:07.61	21501	20031	-88	-97	10	-3.03	75.85	3.779
2015-01-09 15:55:04.211	21501	20031	-94	-91	10
2015-01-09 16:00:10.831	21501	20031	-94	-97	10	-3.99	75.74	3.779
2015-01-09 16:15:21.495	21501	20031	-88	-88	10	-4.63	75.88	3.792
2015-01-09 16:25:04.199	21501	20031	-88	-97	14
2015-01-09 16:25:06.603	21501	20031	-85	-97	14
2015-01-09 16:30:09.279	21501	20031	-91	-97	14	-5.03	75.94	3.792
2015-01-09 16:45:14.243	21501	20031	-94	-97	14	-5.7	75.63	3.792
2015-01-09 17:00:14.066	21501	20031	-94	-97	17	-6.32	75.8	3.792
2015-01-09 17:05:11.547	21501	20031	-88	-97	17
2015-01-09 17:30:13.146	21501	20031	-91	-88	15	-7.25	75.96	3.792
2015-01-09 17:55:12.911	21501	20031	-88	-88	18
2015-01-09 18:15:06.371	21501	20031	-88	-88	17	-8.06	76.52	3.779
2015-01-09 18:30:11.815	21501	20031	-91	-97	17	-8.25	76.6	3.792
2015-01-09 19:05:11.882	21501	20031	-94	-91	20
2015-01-09 19:30:13.967	21501	20031	-94	-97	20	-9.4	76.5	3.792
2015-01-09 20:45:11.906	21501	20031	-94	-85	19	-10.48	76.6	3.792
2015-01-09 21:30:08.275	21501	20031	-94	-85	24	-11.04	76.61	3.792
2015-01-09 21:45:10.939	21501	20031	-91	-94	26	-11.32	76.5	3.779
2015-01-09 22:25:09.243	21501	20031	-94	-94	20
2015-01-09 22:30:17.343	21501	20031	-94	-97	20	-12.02	76.5	3.792
2015-01-09 22:55:11.318	21501	20031	-94	-94	19
2015-01-09 23:00:11.186	21501	20031	-94	-91	17	-12.42	76.36	3.792
2015-01-09 23:05:06.351	21501	20031	-91	-94	16
2015-01-09 23:25:11.387	21501	20031	-94	-91	16
2015-01-09 23:30:14.494	21501	20031	-91	-94	15	-12.86	76.35	3.792
2015-01-09 23:55:10.851	21501	20031	-94	-94	15
2015-01-10 00:30:09.311	21501	20031	-91	-97	15	-13.82	76.05	3.792
2015-01-10 00:45:10.782	21501	20031	-94	-94	15	-14.06	76.19	3.792
2015-01-10 01:25:13.351	21501	20031	-94	-94	17
2015-01-10 01:30:13.235	21501	20031	-94	-94	17	-14.62	76.09	3.792
2015-01-10 01:55:11.968	21501	20031	-94	-97	17
2015-01-10 02:15:10.195	21501	20031	-94	-91	17	-15.14	76.24	3.792
2015-01-10 02:25:06.416	21501	20031	-91	-97	17
2015-01-10 02:25:06.442	21501	20031	-91	-97	16
2015-01-10 02:30:10.946	21501	20031	-94	-91	15	-15.28	76.21	3.792
2015-01-10 02:45:09.951	21501	20031	-94	-97	15	-15.42	76.28	3.792
2015-01-10 04:55:14.398	21501	20031	-91	-97	10
2015-01-10 05:25:06.127	21501	20031	-91	-88	10
2015-01-10 05:45:08.275	21501	20031	-91	-97	10	-16.78	76.26	3.779
2015-01-10 05:55:11.31	21501	20031	-88	-88	10
2015-01-10 06:00:07.895	21501	20031	-88	-97	10	-16.92	76.27	3.792
2015-01-10 06:15:08.559	21501	20031	-88	-88	10	-16.96	76.52	3.792
2015-01-10 06:25:11.406	21501	20031	-91	-97	10
2015-01-10 06:25:20.519	21501	20031	-91	-97	10
2015-01-10 06:30:25.591	21501	20031	-91	-97	10	-17.0	76.51	3.792
2015-01-10 06:45:14.995	21501	20031	-91	-88	14	-17.06	76.54	3.792
2015-01-10 06:55:09.546	21501	20031	-91	-97	17
2015-01-10 07:05:18.859	21501	20031	-91	-97	17
2015-01-10 07:15:18.666	21501	20031	-88	-97	17	-17.13	76.53	3.792
2015-01-10 08:25:13.782	21501	20031	-91	-88	15
2015-01-10 08:45:13.738	21501	20031	-88	-88	26	-16.62	78.15	3.792
2015-01-10 08:55:11.79	21501	20031	-91	-97	26
2015-01-10 09:25:30.042	21501	20031	-88	-94	26
2015-01-10 09:45:19.682	21501	20031	-91	-91	23
2015-01-10 10:55:09.118	21501	20031	-91	-82	25
2015-01-10 11:00:13.175	21501	20031	-88	-97	24	-11.46	83.53	3.792
2015-01-10 11:05:17.398	21501	20031	-88	-97	24
2015-01-10 11:15:09.675	21501	20031	-85	-85	24	-10.73	83.9	3.779
2015-01-10 11:30:10.35	21501	20031	-88	-97	24	-9.78	84.33	3.779
2015-01-10 11:55:11.674	21501	20031	-91	-88	24
2015-01-10 12:45:10.859	21501	20031	-91	-97	43	-7.46	84.33	3.779
2015-01-10 13:30:10.079	21501	20031	-91	-91	44	-6.03	82.71	3.779
2015-01-10 14:15:11.271	21501	20031	-94	-91	44	-4.07	77.3	3.779
2015-01-10 14:25:10.17	21501	20031	-94	-94	40
2015-01-10 14:30:10.531	21501	20031	-94	-97	40	-3.46	76.68	3.779
2015-01-10 15:05:17.414	21501	20031	-94	-97	37
2015-01-10 15:15:14.251	21501	20031	-94	-97	37	-2.0	72.33	3.779
2015-01-10 15:25:13.474	21501	20031	-94	-94	34
2015-01-10 15:30:09.454	21501	20031	-94	-97	35	-1.63	70.79	3.779
2015-01-10 15:45:11.047	21501	20031	-94	-97	35
2015-01-10 15:45:11.059	21501	20031	-94	-97	34	-2.85	71.93	3.767
2015-01-10 16:15:08.223	21501	20031	-91	-94	33	-4.14	72.51	3.779
2015-01-10 16:25:10.479	21501	20031	-91	-97	35
2015-01-10 16:25:11.242	21501	20031	-91	-97	36
2015-01-10 16:30:15.235	21501	20031	-94	-97	36	-5.09	73.45	3.779
2015-01-10 16:45:14.466	21501	20031	-91	-97	36	-5.6	73.39	3.779
2015-01-10 17:00:18.542	21501	20031	-88	-91	34	-6.39	74.03	3.779
2015-01-10 17:25:09.442	21501	20031	-91	-91	32
2015-01-10 17:30:12.495	21501	20031	-88	-97	32	-7.48	74.89	3.792
2015-01-10 17:45:11.139	21501	20031	-88	-91	31
2015-01-10 17:45:11.151	21501	20031	-88	-97	31	-7.86	75.32	3.779
2015-01-10 17:55:11.234	21501	20031	-88	-97	31
2015-01-10 18:00:08.336	21501	20031	-88	-97	29	-8.22	75.36	3.792
2015-01-10 18:25:10.179	21501	20031	-88	-97	29
2015-01-10 18:30:11.131	21501	20031	-85	-97	27	-8.78	75.79	3.792
2015-01-10 19:00:13.586	21501	20031	-88	-85	19	-9.19	76.04	3.792
2015-01-10 19:45:07.714	21501	20031	-88	-85	18
2015-01-10 19:45:07.77	21501	20031	-88	-97	17	-9.5	76.25	3.779
2015-01-10 19:55:14.922	21501	20031	-88	-97	17
2015-01-10 20:00:09.479	21501	20031	-85	-97	17	-9.69	76.41	3.792
2015-01-10 20:15:07.007	21501	20031	-85	-85	17	-9.78	76.62	3.792
2015-01-10 20:25:09.843	21501	20031	-88	-97	17
2015-01-10 20:25:14.991	21501	20031	-85	-97	17
2015-01-10 20:30:15.967	21501	20031	-88	-85	17	-9.8	76.82	3.792
2015-01-10 20:45:16.67	21501	20031	-88	-97	16	-9.69	77.09	3.792
2015-01-10 20:55:09.778	21501	20031	-85	-97	19
2015-01-10 21:00:07.834	21501	20031	-88	-97	22	-9.64	77.04	3.792
2015-01-10 21:05:17.273	21501	20031	-85	-82	20
2015-01-10 21:15:15.614	21501	20031	-85	-97	30	-9.64	76.86	3.779
2015-01-10 21:25:10.759	21501	20031	-88	-97	32
2015-01-10 21:55:08.855	21501	20031	-85	-85	33
2015-01-10 22:15:07.819	21501	20031	-85	-97	34	-10.17	76.94	3.792
2015-01-10 22:25:08.551	21501	20031	-85	-85	31
2015-01-10 22:30:17.654	21501	20031	-85	-97	29	-10.22	77.13	3.792
2015-01-10 23:00:12.518	21501	20031	-85	-85	28	-10.44	77.08	3.792
2015-01-10 23:25:13.883	21501	20031	-85	-97	28
2015-01-10 23:55:11.894	21501	20031	-85	-85	30
2015-01-11 00:00:11.326	21501	20031	-85	-82	28	-10.94	77.19	3.792
2015-01-11 00:15:13.383	21501	20031	-85	-97	26	-10.96	77.28	3.792
2015-01-11 01:45:22.175	21501	20031	-85	-85	24
2015-01-11 01:45:24.103	21501	20031	-85	-97	26	-10.92	77.53	3.779
2015-01-11 02:15:21.432	21501	20031	-85	-85	26	-10.66	77.88	3.779
2015-01-11 02:45:13.01	21501	20031	-85	-85	25	-10.38	78.06	3.792
2015-01-11 03:00:15.195	21501	20031	-85	-82	23	-10.18	78.08	3.779
2015-01-11 03:15:14.294	21501	20031	-85	-97	23	-10.0	78.06	3.792
2015-01-11 05:45:14.615	21501	20031	-88	-85	18
2015-01-11 05:45:14.638	21501	20031	-88	-97	26	-8.02	78.17	3.779
2015-01-11 06:25:08.926	21501	20031	-88	-85	24
2015-01-11 06:30:11.902	21501	20031	-88	-97	24	-7.84	78.28	3.779
2015-01-11 06:45:11.379	21501	20031	-88	-88	22	-7.6	78.31	3.779
2015-01-11 06:55:14.903	21501	20031	-88	-97	21
2015-01-11 07:00:11.906	21501	20031	-91	-97	21	-7.39	78.34	3.779
2015-01-11 09:30:09.574	21501	20031	-88	-88	19	-4.27	79.35	3.779
2015-01-11 09:45:19.97	21501	20031	-91	-91	18	-3.85	79.51	3.779
2015-01-11 10:45:10.498	21501	20031	-88	-88	18	-1.88	79.83	3.779
2015-01-11 11:00:10.875	21501	20031	-94	-97	21	-1.38	79.94	3.779
2015-01-11 11:45:27.894	21501	20031	-91	-91	16
2015-01-11 12:15:19.228	21501	20031	-91	-91	12	0.76	80.11	3.779
2015-01-11 12:45:09.619	21501	20031	-91	-97	12	1.64	80.13	3.779
2015-01-11 13:00:23.242	21501	20031	-94	-94	18	2.14	80.17	3.779
2015-01-11 14:00:13.375	21501	20031	-94	-94	42	3.67	79.88	3.779
2015-01-11 14:55:10.583	21501	20031	-88	-94	25
2015-01-11 15:45:16.59	21501	20031	-91	-94	16	3.58	78.62	3.767
2015-01-11 16:15:14.546	21501	20031	-94	-88	30	3.36	78.62	3.779
2015-01-11 16:25:12.615	21501	20031	-91	-91	30
2015-01-11 17:55:10.35	21501	20031	-91	-91	19
2015-01-11 18:00:12.331	21501	20031	-91	-97	19	3.06	78.43	3.779
2015-01-11 18:15:11.479	21501	20031	-91	-91	18	2.97	78.43	3.779
2015-01-11 18:25:11.951	21501	20031	-91	-97	17
2015-01-11 18:45:12.454	21501	20031	-88	-91	14	2.79	78.37	3.779
2015-01-11 18:55:19.522	21501	20031	-91	-91	10
2015-01-11 19:25:12.703	21501	20031	-91	-88	10
2015-01-11 19:30:16.719	21501	20031	-88	-97	10	2.78	78.58	3.779
2015-01-11 22:25:24.658	21501	20031	-85	-85	10
2015-01-12 00:15:12.774	21501	20031	-88	-85	10	0.95	78.15	3.779
2015-01-12 00:55:16.023	21501	20031	-91	-85	10
2015-01-12 01:45:12.938	21501	20031	-91	-85	10	0.85	78.84	3.779
2015-01-12 01:55:09.854	21501	20031	-88	-97	10
2015-01-12 02:15:07.93	21501	20031	-88	-88	10	0.88	78.92	3.779
2015-01-12 02:55:15.267	21501	20031	-91	-88	10
2015-01-12 03:25:26.727	21501	20031	-91	-85	10
2015-01-12 03:30:11.53	21501	20031	-91	-97	14	1.07	79.1	3.779
2015-01-12 04:00:15.418	21501	20031	-91	-85	13	1.14	79.1	3.779
2015-01-12 04:25:10.55	21501	20031	-88	-85	13
2015-01-12 04:45:08.171	21501	20031	-91	-97	13	1.35	79.09	3.779
2015-01-12 04:55:11.186	21501	20031	-91	-85	13
2015-01-12 05:15:12.184	21501	20031	-88	-97	13	1.46	79.07	3.779
2015-01-12 05:45:19.727	21501	20031	-88	-88	11	1.6	79.1	3.779
2015-01-12 05:55:17.459	21501	20031	-88	-88	11
2015-01-12 06:15:23.327	21501	20031	-91	-97	14	1.72	79.04	3.779
2015-01-12 07:05:13.626	21501	20031	-88	-88	19
2015-01-12 07:15:13.37	21501	20031	-88	-85	19	1.93	78.94	3.779
2015-01-12 07:45:16.674	21501	20031	-88	-97	19	1.96	78.92	3.779
2015-01-12 08:00:10.594	21501	20031	-88	-88	19	2.01	78.91	3.779
2015-01-12 08:30:11.778	21501	20031	-88	-85	18	2.07	78.92	3.779
2015-01-12 08:45:11.487	21501	20031	-91	-97	17	2.15	79.04	3.779
2015-01-12 09:00:10.907	21501	20031	-91	-97	17	2.28	79.07	3.779
2015-01-12 09:15:22.306	21501	20031	-91	-97	17	2.35	79.06	3.779
2015-01-12 09:30:13.679	21501	20031	-94	-91	20	2.43	79.01	3.779
2015-01-12 09:45:19.303	21501	20031	-91	-97	23
2015-01-12 10:25:12.634	21501	20031	-91	-94	17
2015-01-12 10:30:07.682	21501	20031	-91	-97	16	2.79	79.18	3.779
2015-01-12 10:55:10.038	21501	20031	-94	-88	16
2015-01-12 11:45:18.222	21501	20031	-91	-91	16	2.78	78.89	3.792
2015-01-12 13:05:10.947	21501	20031	-94	-88	10
2015-01-12 13:25:08.683	21501	20031	-91	-88	10
2015-01-12 13:30:19.006	21501	20031	-94	-97	10	2.4	79.54	3.779
2015-01-12 13:45:13.947	21501	20031	-94	-97	14	2.51	79.64	3.779
2015-01-12 18:30:17.767	21501	20031	-85	-94	21	0.53	78.68	3.779
2015-01-12 18:45:17.099	21501	20031	-88	-88	19	0.46	78.75	3.779
2015-01-12 19:05:15.663	21501	20031	-88	-85	22
2015-01-12 20:15:10.806	21501	20031	-88	-85	22	-0.14	78.57	3.779
2015-01-12 21:30:15.498	21501	20031	-94	-88	24	-0.75	78.57	3.792
2015-01-12 21:45:13.831	21501	20031	-88	-85	24	-0.88	78.59	3.779
2015-01-12 21:55:11.139	21501	20031	-85	-97	24
2015-01-12 22:00:10.143	21501	20031	-88	-97	24	-0.98	78.57	3.779
2015-01-12 22:25:20.223	21501	20031	-88	-88	20
2015-01-12 23:00:09.938	21501	20031	-85	-91	20	-1.32	78.63	3.779
2015-01-13 01:45:12.407	21501	20031	-88	-85	18
2015-01-13 02:15:10.207	21501	20031	-91	-88	18	-3.6	77.52	3.792
2015-01-13 02:25:20.247	21501	20031	-85	-97	17
2015-01-13 02:25:24.987	21501	20031	-85	-97	17
2015-01-13 02:55:14.626	21501	20031	-85	-88	12
2015-01-13 03:15:11.487	21501	20031	-85	-85	12	-5.25	77.56	3.792
2015-01-13 03:25:10.734	21501	20031	-85	-97	12
2015-01-13 03:30:13.518	21501	20031	-85	-97	12	-5.57	77.63	3.792
2015-01-13 03:45:11.495	21501	20031	-85	-85	12
2015-01-13 03:45:20.63	21501	20031	-85	-97	12	-5.86	77.66	3.779
2015-01-13 05:00:11.507	21501	20031	-85	-85	10	-7.05	78.03	3.792
2015-01-13 05:55:13.031	21501	20031	-85	-85	10
2015-01-13 06:30:12.227	21501	20031	-88	-97	10	-8.26	77.85	3.792
2015-01-13 07:05:15.538	21501	20031	-85	-85	10
2015-01-13 08:00:22.355	21501	20031	-88	-85	10	-9.6	77.72	3.792
2015-01-13 08:45:10.682	21501	20031	-85	-85	10	-9.6	78.53	3.792
2015-01-13 08:55:13.591	21501	20031	-88	-88	10
2015-01-13 09:05:13.163	21501	20031	-85	-88	10
2015-01-13 09:15:11.644	21501	20031	-88	-85	10	-9.18	80.67	3.792
2015-01-13 09:25:17.299	21501	20031	-88	-97	10
2015-01-13 09:30:16.711	21501	20031	-85	-97	10	-8.74	82.91	3.792
2015-01-13 09:45:11.343	21501	20031	-88	-85	11
2015-01-13 09:55:14.419	21501	20031	-88	-97	11
2015-01-13 10:00:15.718	21501	20031	-88	-97	11	-7.78	83.23	3.792
2015-01-13 10:15:13.719	21501	20031	-91	-85	12	-7.03	84.85	3.792
2015-01-13 10:25:22.526	21501	20031	-88	-97	15
2015-01-13 11:05:12.795	21501	20031	-88	-91	14
2015-01-13 11:45:24.866	21501	20031	-88	-88	14	-2.96	84.14	3.779
2015-01-13 12:15:08.382	21501	20031	-88	-85	12	-2.39	83.64	3.779
2015-01-13 12:25:09.934	21501	20031	-88	-97	12
2015-01-13 12:25:10.01	21501	20031	-88	-97	12
2015-01-13 12:30:08.991	21501	20031	-88	-97	12	-2.03	84.21	3.792
2015-01-13 12:45:15.814	21501	20031	-85	-97	12	-1.5	84.04	3.779
2015-01-13 12:55:12.775	21501	20031	-88	-82	15
2015-01-13 13:05:11.71	21501	20031	-85	-97	15
2015-01-13 13:25:12.782	21501	20031	-85	-82	28
2015-01-13 13:45:15.799	21501	20031	-85	-82	26	0.51	80.91	3.779
2015-01-13 13:55:11.511	21501	20031	-85	-97	25
2015-01-13 14:00:10.382	21501	20031	-85	-97	25	2.6	76.98	3.779
2015-01-13 14:15:13.211	21501	20031	-85	-82	25	2.25	75.85	3.779
2015-01-13 14:25:10.022	21501	20031	-82	-97	24
2015-01-13 14:25:10.039	21501	20031	-82	-97	24
2015-01-13 14:30:08.999	21501	20031	-85	-97	24	2.42	75.77	3.779
2015-01-13 14:45:11.475	21501	20031	-85	-82	22	4.75	71.29	3.779
2015-01-13 14:55:10.986	21501	20031	-85	-97	24
2015-01-13 15:00:18.122	21501	20031	-85	-97	24	5.53	67.71	3.779
2015-01-13 15:05:08.81	21501	20031	-85	-97	26
2015-01-13 15:30:16.042	21501	20031	-88	-82	24	5.64	65.33	3.779
2015-01-13 15:45:10.643	21501	20031	-85	-85	24
2015-01-13 15:45:10.683	21501	20031	-85	-97	24	4.0	67.16	3.767
2015-01-13 15:55:08.943	21501	20031	-82	-97	24
2015-01-13 16:25:11.046	21501	20031	-85	-82	23
2015-01-13 16:45:12.574	21501	20031	-85	-82	21	-0.07	72.05	3.779
2015-01-13 16:55:10.558	21501	20031	-82	-97	21
2015-01-13 17:05:12.818	21501	20031	-85	-97	21
2015-01-13 17:15:11.748	21501	20031	-82	-82	21	-2.11	73.88	3.792
2015-01-13 17:45:11.363	21501	20031	-82	-82	20
2015-01-13 17:45:11.795	21501	20031	-82	-97	20	-3.54	75.22	3.779
2015-01-13 17:55:14.522	21501	20031	-82	-97	20
2015-01-13 18:00:15.799	21501	20031	-82	-97	20	-4.04	75.68	3.792
2015-01-13 18:25:22.306	21501	20031	-82	-82	18
2015-01-13 18:30:12.802	21501	20031	-82	-97	18	-4.85	76.35	3.792
2015-01-13 18:45:24.963	21501	20031	-82	-82	17	-5.2	76.65	3.792
2015-01-13 21:05:12.919	21501	20031	-82	-82	32
2015-01-13 21:15:13.859	21501	20031	-85	-97	32	-7.03	77.85	3.792
2015-01-13 21:25:23.794	21501	20031	-85	-97	33
2015-01-13 21:30:12.834	21501	20031	-82	-97	33	-7.16	77.85	3.792
2015-01-13 21:55:14.73	21501	20031	-85	-82	33
2015-01-13 22:15:10.503	21501	20031	-85	-85	31	-7.28	78.12	3.792
2015-01-13 22:25:22.014	21501	20031	-85	-97	31
2015-01-13 22:25:22.027	21501	20031	-85	-97	29
2015-01-13 22:45:21.543	21501	20031	-85	-82	27	-7.39	78.09	3.792
2015-01-13 22:55:15.263	21501	20031	-85	-97	26
2015-01-13 23:00:11.844	21501	20031	-85	-97	28	-7.48	78.07	3.792
2015-01-13 23:45:15.914	21501	20031	-85	-82	18	-7.76	77.96	3.779
2015-01-14 00:15:10.115	21501	20031	-85	-85	17	-7.92	78.06	3.792
2015-01-14 00:25:16.472	21501	20031	-85	-97	17
2015-01-14 00:25:17.438	21501	20031	-85	-97	16
2015-01-14 01:00:11.906	21501	20031	-85	-97	16	-8.06	78.12	3.792
2015-01-14 01:05:11.946	21501	20031	-85	-97	16
2015-01-14 01:15:15.454	21501	20031	-85	-85	15	-8.06	78.05	3.792
2015-01-14 01:25:20.462	21501	20031	-88	-97	18
2015-01-14 01:30:11.915	21501	20031	-85	-85	21	-8.14	78.01	3.792
2015-01-14 01:45:11.934	21501	20031	-85	-97	21
2015-01-14 01:45:11.95	21501	20031	-85	-97	21	-8.24	78.08	3.779
2015-01-14 02:00:12.955	21501	20031	-85	-97	20	-8.33	77.97	3.792
2015-01-14 03:25:15.883	21501	20031	-88	-97	12
2015-01-14 04:15:12.695	21501	20031	-88	-85	12	-9.6	78.06	3.792
2015-01-14 04:30:10.026	21501	20031	-88	-97	13	-9.69	78.06	3.792
2015-01-14 05:00:12.818	21501	20031	-88	-85	12	-9.98	77.93	3.792
2015-01-14 06:15:14.9	21501	20031	-85	-88	11	-10.7	77.87	3.792
2015-01-14 06:25:11.902	21501	20031	-88	-97	11
2015-01-14 06:25:12.394	21501	20031	-88	-97	11
2015-01-14 06:30:13.654	21501	20031	-88	-97	11	-10.78	77.94	3.792
2015-01-14 06:45:11.75	21501	20031	-88	-97	12	-10.86	78.06	3.792
2015-01-14 07:05:19.319	21501	20031	-88	-85	10
2015-01-14 07:30:19.202	21501	20031	-88	-97	10	-10.98	78.14	3.792
2015-01-14 09:00:27.39	21501	20031	-88	-85	13	-9.4	79.5	3.792
2015-01-14 13:55:16.015	21501	20031	-88	-88	28
2015-01-14 14:00:18.334	21501	20031	-91	-97	28	-2.57	79.48	3.779
2015-01-14 14:15:16.33	21501	20031	-88	-97	28	-2.52	79.43	3.779
2015-01-14 14:25:17.487	21501	20031	-88	-85	26
2015-01-14 15:05:18.355	21501	20031	-88	-88	24
2015-01-14 15:25:11.403	21501	20031	-88	-85	24
2015-01-14 16:15:13.767	21501	20031	-88	-85	22	-2.43	78.75	3.779
2015-01-14 17:00:17.266	21501	20031	-88	-85	16	-3.0	78.4	3.779
2015-01-14 17:15:13.243	21501	20031	-88	-97	19	-3.2	78.31	3.779
2015-01-14 17:45:12.2	21501	20031	-88	-85	19	-3.52	78.23	3.779
2015-01-14 17:55:18.035	21501	20031	-88	-85	18
2015-01-14 18:30:11.831	21501	20031	-85	-85	18	-3.79	78.24	3.779
2015-01-14 19:00:20.31	21501	20031	-88	-85	15	-3.96	78.27	3.779
2015-01-14 19:25:13.074	21501	20031	-85	-85	14
2015-01-14 19:45:14.263	21501	20031	-85	-85	13	-4.18	78.22	3.779
2015-01-14 20:25:15.334	21501	20031	-88	-85	13
2015-01-14 20:55:22.022	21501	20031	-88	-82	12
2015-01-14 21:00:20.939	21501	20031	-88	-97	12	-4.75	78.16	3.779
2015-01-14 22:00:18.567	21501	20031	-85	-85	11	-5.1	78.04	3.779
2015-01-14 22:30:15.931	21501	20031	-88	-85	10	-5.53	77.92	3.779
2015-01-14 22:55:16.083	21501	20031	-88	-85	10
2015-01-14 23:55:18.06	21501	20031	-91	-88	17
2015-01-15 00:15:19.011	21501	20031	-88	-97	17	-6.02	78.31	3.779
2015-01-15 00:30:14.059	21501	20031	-88	-85	17	-6.1	78.2	3.792
2015-01-15 00:45:13.131	21501	20031	-88	-97	17	-6.18	78.27	3.792
2015-01-15 00:55:19.286	21501	20031	-85	-97	17
2015-01-15 01:00:14.494	21501	20031	-88	-85	16	-6.21	78.4	3.792
2015-01-15 01:05:13.047	21501	20031	-88	-97	16
2015-01-15 01:15:18.162	21501	20031	-85	-97	19	-6.18	78.5	3.792
2015-01-15 01:30:10.398	21501	20031	-88	-85	20	-6.16	78.51	3.792
2015-01-15 01:55:13.679	21501	20031	-88	-97	20
2015-01-15 02:25:16.238	21501	20031	-88	-85	20
2015-01-15 02:30:22.339	21501	20031	-88	-97	19	-6.27	78.39	3.792
2015-01-15 03:00:15.27	21501	20031	-88	-97	19	-6.42	78.27	3.792
2015-01-15 03:05:15.211	21501	20031	-88	-85	17
2015-01-15 03:15:19.299	21501	20031	-88	-97	17	-6.46	78.3	3.792
2015-01-15 03:25:14.911	21501	20031	-88	-97	17
2015-01-15 03:45:13.334	21501	20031	-85	-85	17	-6.55	78.33	3.779
2015-01-15 04:25:12.438	21501	20031	-91	-85	15
2015-01-15 04:30:18.302	21501	20031	-85	-97	15	-6.7	78.34	3.792
2015-01-15 04:55:13.298	21501	20031	-85	-85	16
2015-01-15 05:45:21.391	21501	20031	-88	-85	16	-7.34	78.4	3.779
2015-01-15 06:15:13.883	21501	20031	-88	-82	15	-7.18	78.91	3.792
2015-01-15 06:25:13.159	21501	20031	-88	-85	15
2015-01-15 06:45:15.354	21501	20031	-88	-97	14	-6.98	78.86	3.779
2015-01-15 07:05:16.087	21501	20031	-88	-85	14
2015-01-15 07:30:17.803	21501	20031	-88	-85	14	-7.3	78.43	3.779
2015-01-15 08:00:13.131	21501	20031	-88	-85	14	-7.3	78.61	3.792
2015-01-15 08:30:16.954	21501	20031	-88	-85	14	-7.03	79.83	3.779
2015-01-15 08:45:14.64	21501	20031	-88	-97	14	-6.71	80.4	3.779
2015-01-15 09:00:12.875	21501	20031	-88	-88	13	-6.28	80.97	3.792
2015-01-15 09:05:14.139	21501	20031	-88	-97	13
2015-01-15 09:30:13.551	21501	20031	-85	-88	11	-5.36	80.81	3.779
2015-01-15 09:45:16.575	21501	20031	-88	-88	10
2015-01-15 09:45:16.59	21501	20031	-88	-97	10	-4.82	81.18	3.779
2015-01-15 09:55:13.538	21501	20031	-88	-97	10
2015-01-15 10:00:13.047	21501	20031	-88	-97	10	-4.52	81.03	3.779
2015-01-15 10:15:12.95	21501	20031	-85	-85	11	-3.89	82.49	3.779
2015-01-15 10:25:13.454	21501	20031	-91	-97	11
2015-01-15 10:30:12.563	21501	20031	-88	-97	11	-3.43	82.68	3.779
2015-01-15 10:45:13.159	21501	20031	-91	-97	15	-2.78	82.89	3.779
2015-01-15 10:55:14.895	21501	20031	-88	-85	12
2015-01-15 11:05:12.915	21501	20031	-88	-88	11
2015-01-15 11:15:13.426	21501	20031	-88	-97	11	-2.04	81.84	3.779
2015-01-15 11:45:14.599	21501	20031	-88	-88	13
2015-01-15 11:55:20.476	21501	20031	-88	-97	13
2015-01-15 12:00:23.118	21501	20031	-85	-97	13	-0.24	82.01	3.779
2015-01-15 13:45:13.271	21501	20031	-94	-88	10
2015-01-15 14:00:25.951	21501	20031	-91	-91	10	3.01	79.61	3.779
2015-01-15 14:15:14.747	21501	20031	-85	-97	14	3.7	76.73	3.779
2015-01-15 14:25:17.235	21501	20031	-88	-85	13
2015-01-15 14:45:13.343	21501	20031	-85	-82	14	5.88	73.82	3.779
2015-01-15 15:05:17.391	21501	20031	-85	-85	11
2015-01-15 15:15:20.254	21501	20031	-85	-85	10	6.26	71.43	3.779
2015-01-15 15:45:14.114	21501	20031	-85	-85	10
2015-01-15 15:45:14.131	21501	20031	-85	-97	10	5.32	71.09	3.767
2015-01-15 15:55:22.247	21501	20031	-85	-85	10
2015-01-15 17:00:12.832	21501	20031	-82	-85	18	1.08	75.46	3.779
2015-01-15 17:25:11.979	21501	20031	-85	-85	17
2015-01-15 17:30:23.091	21501	20031	-85	-97	17	0.06	76.35	3.779
2015-01-15 18:25:25.298	21501	20031	-85	-82	27
2015-01-15 21:00:12.096	21501	20031	-85	-85	46	-2.1	78.46	3.779
2015-01-15 21:05:14.111	21501	20031	-85	-97	46
2015-01-15 21:25:15.631	21501	20031	-85	-82	46
2015-01-15 21:30:12.096	21501	20031	-85	-97	43	-1.92	78.78	3.779
2015-01-15 23:45:15.122	21501	20031	-85	-82	39
2015-01-16 00:00:14.07	21501	20031	-85	-82	36	-1.42	78.61	3.779
2015-01-16 00:25:16.091	21501	20031	-88	-82	34
2015-01-16 00:30:13.051	21501	20031	-85	-97	34	-1.38	78.62	3.779
2015-01-16 00:55:15.63	21501	20031	-85	-82	33
2015-01-16 02:00:11.998	21501	20031	-85	-82	30	-1.28	78.5	3.779
2015-01-16 02:15:11.994	21501	20031	-82	-97	30	-1.42	78.31	3.779
2015-01-16 02:25:13.754	21501	20031	-85	-85	28
2015-01-16 02:30:16.034	21501	20031	-85	-97	28	-1.59	78.32	3.779
2015-01-16 03:05:15.01	21501	20031	-85	-82	26
2015-01-16 03:15:11.531	21501	20031	-88	-97	25	-1.79	78.53	3.779
2015-01-16 03:25:14.866	21501	20031	-85	-85	25
2015-01-16 03:30:14.999	21501	20031	-85	-97	25	-1.92	78.43	3.779
2015-01-16 03:45:11.898	21501	20031	-85	-97	25
2015-01-16 03:45:11.915	21501	20031	-85	-97	25	-2.0	78.48	3.792
2015-01-16 03:55:15.67	21501	20031	-85	-82	25
2015-01-16 04:00:22.054	21501	20031	-85	-97	25	-2.11	78.41	3.779
2015-01-16 05:00:12.954	21501	20031	-85	-97	25	-2.11	78.64	3.779
2015-01-16 05:05:11.911	21501	20031	-85	-97	25
2015-01-16 05:15:19.011	21501	20031	-85	-82	24	-2.07	78.72	3.779
2015-01-16 05:30:12.95	21501	20031	-85	-97	25	-2.03	78.66	3.779
2015-01-16 05:45:11.931	21501	20031	-85	-97	25
2015-01-16 05:45:11.946	21501	20031	-85	-97	24	-2.0	78.67	3.779
2015-01-16 05:55:11.622	21501	20031	-85	-85	22
2015-01-16 06:00:11.915	21501	20031	-88	-97	22	-2.0	78.67	3.779
2015-01-16 06:15:14.975	21501	20031	-85	-97	22	-1.96	78.68	3.779
2015-01-16 06:25:14.343	21501	20031	-85	-82	21
2015-01-16 06:25:14.359	21501	20031	-82	-97	21
2015-01-16 06:30:16.97	21501	20031	-85	-97	21	-1.93	78.68	3.779
2015-01-16 06:45:11.907	21501	20031	-85	-97	20	-1.92	78.66	3.779
2015-01-16 06:55:13.475	21501	20031	-85	-97	23
2015-01-16 07:00:14.939	21501	20031	-85	-97	23	-1.88	78.67	3.779
2015-01-16 07:05:14.931	21501	20031	-85	-97	22
2015-01-16 07:15:14.955	21501	20031	-85	-97	22	-1.88	78.65	3.779
2015-01-16 07:25:16.743	21501	20031	-88	-85	20
2015-01-16 07:30:11.89	21501	20031	-85	-97	19	-1.88	78.67	3.779
2015-01-16 07:45:12.906	21501	20031	-82	-97	21
2015-01-16 07:45:12.928	21501	20031	-85	-97	21	-1.86	78.63	3.779
2015-01-16 07:55:14.666	21501	20031	-85	-97	21
2015-01-16 08:00:16.942	21501	20031	-85	-97	20	-1.85	78.63	3.779
2015-01-16 08:15:11.875	21501	20031	-88	-97	20	-1.84	78.66	3.779
2015-01-16 08:25:17.951	21501	20031	-85	-97	20
2015-01-16 08:25:17.97	21501	20031	-85	-97	23
2015-01-16 08:30:16.922	21501	20031	-82	-97	23	-1.81	78.71	3.779
2015-01-16 08:45:11.866	21501	20031	-88	-85	23	-1.75	78.79	3.779
2015-01-16 09:00:15.899	21501	20031	-85	-97	22	-1.64	78.89	3.779
2015-01-16 09:05:12.883	21501	20031	-85	-97	22
2015-01-16 09:15:11.847	21501	20031	-85	-97	22	-1.52	79.08	3.779
2015-01-16 09:25:14.678	21501	20031	-85	-97	22
2015-01-16 09:45:12.855	21501	20031	-85	-97	21	-0.91	79.64	3.779
2015-01-16 09:55:20.607	21501	20031	-85	-88	21
2015-01-16 10:00:11.83	21501	20031	-88	-97	21	-0.43	79.81	3.779
2015-01-16 10:15:14.859	21501	20031	-85	-97	21	-0.02	80.0	3.779
2015-01-16 10:45:16.16	21501	20031	-85	-82	19	0.26	79.51	3.779
2015-01-16 11:00:24.186	21501	20031	-85	-82	19	0.14	79.22	3.779
2015-01-16 11:05:25.998	21501	20031	-85	-97	19
2015-01-16 11:25:18.131	21501	20031	-85	-82	17
2015-01-16 11:55:13.119	21501	20031	-88	-82	14
2015-01-16 12:00:15.751	21501	20031	-85	-97	14	1.21	80.33	3.779
2015-01-16 12:25:22.774	21501	20031	-88	-82	10
2015-01-16 12:25:26.246	21501	20031	-85	-97	10
2015-01-16 12:30:19.179	21501	20031	-88	-82	10	2.14	81.54	3.779
2015-01-16 12:55:25.23	21501	20031	-88	-85	10
2015-01-16 13:00:12.766	21501	20031	-88	-88	10	1.75	79.35	3.779
2015-01-16 13:25:21.219	21501	20031	-85	-85	10
2015-01-16 13:55:14.134	21501	20031	-94	-88	10
2015-01-16 14:00:12.642	21501	20031	-85	-91	10	2.5	78.64	3.779
2015-01-16 14:15:21.701	21501	20031	-88	-97	10	2.22	78.53	3.779
2015-01-16 14:25:22.19	21501	20031	-88	-88	10
2015-01-16 14:25:22.206	21501	20031	-91	-97	14
2015-01-16 14:30:14.13	21501	20031	-88	-97	14	2.07	78.81	3.779
2015-01-16 14:45:20.871	21501	20031	-88	-97	14	2.0	78.67	3.779
2015-01-16 15:15:12.326	21501	20031	-91	-88	10	2.32	78.31	3.779
2015-01-16 15:30:21.315	21501	20031	-88	-97	10	2.21	78.48	3.779
2015-01-16 15:45:14.971	21501	20031	-91	-85	10	2.03	78.39	3.779
2015-01-16 15:55:16.959	21501	20031	-91	-97	10
2015-01-16 16:15:15.13	21501	20031	-91	-97	10	1.15	77.91	3.779
2015-01-16 16:25:15.139	21501	20031	-88	-88	10
2015-01-16 16:25:15.974	21501	20031	-88	-97	10
2015-01-16 16:30:18.026	21501	20031	-88	-85	10	0.63	77.87	3.779
2015-01-16 16:45:14.155	21501	20031	-88	-85	10	0.21	78.08	3.779
2015-01-16 16:55:23.019	21501	20031	-88	-97	10
2015-01-16 17:05:18.118	21501	20031	-85	-97	10
2015-01-16 18:25:18.787	21501	20031	-88	-85	10
2015-01-16 18:55:20.954	21501	20031	-85	-85	14
2015-01-16 20:15:13.351	21501	20031	-85	-85	16	-2.96	77.94	3.792
2015-01-16 20:25:18.331	21501	20031	-85	-85	13
2015-01-16 20:30:13.491	21501	20031	-85	-82	20	-3.16	77.83	3.792
2015-01-16 20:55:21.414	21501	20031	-85	-85	19
2015-01-16 21:05:19.534	21501	20031	-85	-97	22
2015-01-16 21:45:12.471	21501	20031	-88	-85	22
2015-01-16 22:30:14.719	21501	20031	-85	-85	20	-4.46	77.98	3.792
2015-01-16 22:30:17.995	21501	20031	-85	-85	20	-4.46	77.98	3.792
2015-01-16 22:45:15.491	21501	20031	-85	-97	19	-4.6	78.03	3.792
2015-01-16 22:55:11.371	21501	20031	-85	-82	19
2015-01-16 23:05:14.426	21501	20031	-85	-97	19
2015-01-16 23:25:20.418	21501	20031	-85	-97	17
2015-01-16 23:30:11.435	21501	20031	-85	-97	23	-5.14	77.96	3.792
2015-01-16 23:45:13.47	21501	20031	-85	-97	23
2015-01-16 23:45:13.49	21501	20031	-85	-97	23	-5.36	77.96	3.779
2015-01-16 23:55:16.183	21501	20031	-85	-97	21
2015-01-17 00:00:19.519	21501	20031	-85	-97	21	-5.38	78.18	3.792
2015-01-17 00:15:20.539	21501	20031	-85	-97	23	-5.53	78.03	3.792
2015-01-17 00:25:14.559	21501	20031	-85	-97	25
2015-01-17 00:25:14.571	21501	20031	-85	-97	25
2015-01-17 00:30:22.555	21501	20031	-85	-97	25	-5.85	77.78	3.792
2015-01-17 00:55:12.643	21501	20031	-85	-85	23
2015-01-17 01:00:13.475	21501	20031	-85	-97	23	-6.43	77.99	3.792
2015-01-17 01:05:13.483	21501	20031	-85	-97	22
2015-01-17 01:15:12.471	21501	20031	-88	-85	22	-6.7	78.16	3.792
2015-01-17 01:25:17.847	21501	20031	-85	-97	21
2015-01-17 01:30:13.483	21501	20031	-85	-97	21	-6.89	78.22	3.792
2015-01-17 01:45:14.578	21501	20031	-85	-97	21
2015-01-17 01:45:14.58	21501	20031	-88	-97	21	-7.07	78.25	3.792
2015-01-17 01:55:13.778	21501	20031	-85	-85	35
2015-01-17 02:25:14.643	21501	20031	-85	-85	32
2015-01-17 02:25:14.659	21501	20031	-88	-97	31
2015-01-17 02:45:12.506	21501	20031	-88	-97	31	-7.68	78.72	3.792
2015-01-17 02:55:18.638	21501	20031	-88	-85	31
2015-01-17 03:00:18.564	21501	20031	-88	-97	29	-7.8	78.65	3.792
2015-01-17 03:05:15.622	21501	20031	-88	-97	31
2015-01-17 04:25:11.651	21501	20031	-88	-85	32
2015-01-17 04:25:11.674	21501	20031	-88	-97	34
2015-01-17 04:30:14.574	21501	20031	-88	-97	34	-8.16	78.5	3.792
2015-01-17 05:25:13.687	21501	20031	-88	-85	36
2015-01-17 05:30:16.623	21501	20031	-88	-97	40	-8.4	78.71	3.792
2015-01-17 09:05:14.71	21501	20031	-91	-88	24
2015-01-17 09:45:27.339	21501	20031	-88	-88	19	-4.28	83.99	3.779
2015-01-17 11:45:28.214	21501	20031	-91	-97	10	3.08	80.99	3.779
2015-01-17 11:55:17.47	21501	20031	-88	-88	10
2015-01-17 14:15:20.459	21501	20031	-85	-85	10	9.88	78.2	3.767
2015-01-17 15:00:24.498	21501	20031	-88	-97	11	14.32	70.62	3.779
2015-01-17 15:05:12.455	21501	20031	-88	-85	11
2015-01-17 15:45:20.671	21501	20031	-88	-88	12	14.24	70.87	3.767
2015-01-17 16:25:29.994	21501	20031	-88	-97	11
2015-01-17 16:30:13.835	21501	20031	-88	-85	11	11.97	74.77	3.767
2015-01-17 16:45:15.903	21501	20031	-91	-97	11	11.52	75.51	3.767
2015-01-17 16:55:16.979	21501	20031	-91	-97	11
2015-01-17 17:00:24.111	21501	20031	-94	-97	11	10.89	75.84	3.779
2015-01-17 17:15:13.87	21501	20031	-91	-88	19	10.25	76.37	3.779
2015-01-17 17:25:22.974	21501	20031	-91	-97	19
2015-01-17 17:30:23.127	21501	20031	-85	-85	20	9.61	76.57	3.779
2015-01-17 17:45:19.934	21501	20031	-88	-97	20
2015-01-17 17:45:19.946	21501	20031	-88	-97	23	9.11	77.06	3.779
2015-01-17 18:00:17.815	21501	20031	-85	-97	23	8.88	77.39	3.779
2015-01-17 18:55:18.091	21501	20031	-88	-85	12
2015-01-17 19:55:16.634	21501	20031	-88	-85	10
2015-01-17 20:15:20.238	21501	20031	-88	-85	10	6.7	78.33	3.779
2015-01-17 20:45:20.183	21501	20031	-85	-97	10	5.89	78.47	3.779
2015-01-17 20:55:18.402	21501	20031	-85	-82	10
2015-01-17 21:00:16.482	21501	20031	-85	-85	14	5.83	78.63	3.779
2015-01-17 21:05:13.598	21501	20031	-85	-97	14
2015-01-17 21:15:14.472	21501	20031	-88	-85	15	5.75	78.56	3.779
2015-01-17 21:25:15.45	21501	20031	-85	-88	14
2015-01-17 21:45:16.422	21501	20031	-85	-97	13
2015-01-17 21:45:16.45	21501	20031	-85	-97	13	5.51	78.83	3.779
2015-01-17 21:55:11.45	21501	20031	-88	-82	13
2015-01-17 22:00:15.039	21501	20031	-85	-97	12	5.43	78.76	3.779
2015-01-17 22:15:12.48	21501	20031	-85	-97	16	5.38	78.89	3.779
2015-01-17 22:25:15.391	21501	20031	-88	-97	16
2015-01-17 22:25:15.403	21501	20031	-88	-97	16
2015-01-17 22:30:16.091	21501	20031	-91	-97	16	5.4	78.95	3.792
2015-01-17 22:45:17.458	21501	20031	-88	-97	19	5.38	78.99	3.779
2015-01-17 23:25:19.031	21501	20031	-91	-88	14
2015-01-17 23:30:15.011	21501	20031	-88	-97	14	5.28	79.06	3.779
2015-01-17 23:55:17.251	21501	20031	-88	-88	15
2015-01-18 00:00:15.902	21501	20031	-91	-97	15	5.36	79.13	3.779
2015-01-18 00:25:26.534	21501	20031	-88	-97	15
2015-01-18 00:30:13.362	21501	20031	-85	-97	15	5.38	79.13	3.779
2015-01-18 00:45:13.163	21501	20031	-85	-97	15	5.4	79.24	3.779
2015-01-18 00:55:15.199	21501	20031	-88	-97	15
2015-01-18 01:00:16.23	21501	20031	-88	-97	14	5.47	79.28	3.779
2015-01-18 01:05:12.671	21501	20031	-91	-97	14
2015-01-18 01:15:12.238	21501	20031	-85	-97	21	5.5	79.16	3.779
2015-01-18 01:25:15.134	21501	20031	-91	-97	21
2015-01-18 01:30:21.638	21501	20031	-91	-97	21	5.46	79.15	3.779
2015-01-18 01:45:14.314	21501	20031	-91	-85	19
2015-01-18 01:45:14.351	21501	20031	-91	-97	22	5.46	79.13	3.779
2015-01-18 01:55:14.166	21501	20031	-91	-97	22
2015-01-18 02:00:15.486	21501	20031	-88	-97	21	5.43	79.12	3.779
2015-01-18 02:15:14.239	21501	20031	-88	-82	21	5.45	79.1	3.779
2015-01-18 02:25:12.004	21501	20031	-91	-97	21
2015-01-18 02:25:12.019	21501	20031	-94	-97	21
2015-01-18 02:30:17.031	21501	20031	-85	-97	20	5.4	79.12	3.779
2015-01-18 02:45:16.158	21501	20031	-88	-97	19	5.39	79.13	3.779
2015-01-18 02:55:12.634	21501	20031	-85	-97	19
2015-01-18 03:00:15.659	21501	20031	-88	-97	19	5.32	79.02	3.779
2015-01-18 03:05:12.658	21501	20031	-88	-97	18
2015-01-18 03:15:12.098	21501	20031	-88	-97	18	5.2	78.95	3.779
2015-01-18 03:25:18.026	21501	20031	-88	-97	16
2015-01-18 03:30:19.467	21501	20031	-85	-97	16	5.1	78.97	3.779
2015-01-18 04:00:12.75	21501	20031	-88	-85	16	5.04	79.01	3.779
2015-01-18 04:15:15.931	21501	20031	-82	-97	19	5.06	79.11	3.779
2015-01-18 04:25:14.455	21501	20031	-88	-82	19
2015-01-18 04:30:16.494	21501	20031	-88	-97	18	5.1	79.17	3.779
2015-01-18 04:45:11.902	21501	20031	-85	-97	20	5.15	79.13	3.779
2015-01-18 04:55:14.926	21501	20031	-91	-85	19
2015-01-18 05:00:13.782	21501	20031	-85	-97	18	5.21	79.15	3.779
2015-01-18 05:05:16.87	21501	20031	-88	-97	18
2015-01-18 05:15:12.855	21501	20031	-88	-88	18	5.26	79.25	3.779
2015-01-18 05:25:12.922	21501	20031	-85	-97	17
2015-01-18 05:30:11.947	21501	20031	-88	-97	17	5.29	79.11	3.779
2015-01-18 05:45:13.192	21501	20031	-91	-82	16
2015-01-18 05:45:19.479	21501	20031	-91	-97	16	5.33	79.24	3.779
2015-01-18 05:55:15.855	21501	20031	-85	-97	16
2015-01-18 06:15:11.851	21501	20031	-88	-88	12	5.38	79.13	3.779
2015-01-18 06:55:16.266	21501	20031	-91	-88	12
2015-01-18 07:15:12.587	21501	20031	-91	-97	12	5.58	79.3	3.779
2015-01-18 07:30:13.456	21501	20031	-88	-85	11	5.75	79.41	3.779
2015-01-18 07:45:12.639	21501	20031	-88	-97	11
2015-01-18 07:45:12.67	21501	20031	-91	-97	11	5.85	79.38	3.779
2015-01-18 07:55:15.646	21501	20031	-88	-97	11
2015-01-18 08:00:14.83	21501	20031	-91	-82	11	5.96	79.38	3.779
2015-01-18 08:15:13.906	21501	20031	-91	-97	11	6.06	79.26	3.779
2015-01-18 08:25:15.558	21501	20031	-88	-97	11
2015-01-18 08:25:15.595	21501	20031	-88	-97	11
2015-01-18 08:30:19.583	21501	20031	-91	-97	12	6.15	79.31	3.779
2015-01-18 08:45:13.475	21501	20031	-85	-97	12	6.28	79.26	3.779
2015-01-18 08:55:13.511	21501	20031	-91	-85	11
2015-01-18 09:00:13.526	21501	20031	-85	-97	11	6.5	79.55	3.779
2015-01-18 09:05:16.002	21501	20031	-88	-97	11
2015-01-18 09:15:17.479	21501	20031	-88	-97	12	6.85	79.58	3.779
2015-01-18 09:25:26.678	21501	20031	-85	-85	12
2015-01-18 10:00:15.978	21501	20031	-82	-85	10	6.79	78.94	3.779
2015-01-18 10:45:15.411	21501	20031	-85	-97	10	5.61	78.99	3.779
2015-01-18 11:15:17.77	21501	20031	-85	-82	10	5.03	79.3	3.779
2015-01-18 11:25:17.371	21501	20031	-82	-97	10
2015-01-18 11:45:18.355	21501	20031	-88	-82	10	5.88	80.25	3.779
2015-01-18 12:00:18.666	21501	20031	-85	-97	10	6.29	79.99	3.779
2015-01-18 12:15:16.69	21501	20031	-85	-82	10	7.07	81.46	3.779
2015-01-18 13:00:13.343	21501	20031	-85	-82	13	6.46	78.79	3.779
2015-01-18 13:30:14.531	21501	20031	-88	-85	13	6.03	78.77	3.779
2015-01-18 13:45:17.122	21501	20031	-85	-97	13
2015-01-18 13:55:14.598	21501	20031	-85	-97	13
2015-01-18 14:00:15.923	21501	20031	-88	-97	13	5.43	78.22	3.779
2015-01-18 14:15:18.807	21501	20031	-85	-85	12	5.0	79.0	3.792
2015-01-18 14:25:20.246	21501	20031	-85	-97	11
2015-01-18 14:25:20.263	21501	20031	-85	-97	23
2015-01-18 14:30:19.643	21501	20031	-88	-82	23	4.88	79.38	3.792
2015-01-18 14:45:20.715	21501	20031	-88	-97	23	4.82	79.11	3.805
2015-01-18 15:00:20.999	21501	20031	-88	-97	23	4.61	79.18	3.792
2015-01-18 15:05:13.018	21501	20031	-88	-97	25
2015-01-18 15:45:18.584	21501	20031	-85	-88	23	4.74	79.14	3.792
2015-01-18 16:55:16.434	21501	20031	-85	-85	17
2015-01-18 17:15:12.723	21501	20031	-85	-82	24	3.83	78.62	3.792
2015-01-18 17:30:17.099	21501	20031	-85	-97	28	3.65	78.7	3.792
2015-01-18 17:30:19.122	21501	20031	-85	-97	28	3.65	78.7	3.792
2015-01-18 17:45:15.179	21501	20031	-85	-85	28	3.5	78.67	3.779
2015-01-18 18:25:15.955	21501	20031	-85	-82	26
2015-01-18 18:30:24.307	21501	20031	-82	-82	25	3.18	78.72	3.792
2015-01-18 19:30:19.943	21501	20031	-85	-85	19	2.83	78.81	3.792
2015-01-18 19:45:14.062	21501	20031	-82	-85	18	2.79	78.8	3.779
2015-01-18 20:00:18.05	21501	20031	-85	-97	17	2.67	78.77	3.792
2015-01-18 20:15:13.69	21501	20031	-85	-97	17	2.6	78.87	3.792
2015-01-18 20:25:19.722	21501	20031	-85	-85	16
2015-01-18 20:30:18.687	21501	20031	-88	-97	16	2.56	78.94	3.792
2015-01-18 20:55:17.307	21501	20031	-88	-97	16
2015-01-18 21:15:13.63	21501	20031	-88	-82	16	2.39	78.76	3.792
2015-01-18 21:55:14.542	21501	20031	-85	-82	15
2015-01-18 22:30:17.443	21501	20031	-85	-82	15	2.0	78.96	3.792
2015-01-18 22:55:18.419	21501	20031	-85	-85	15
2015-01-18 23:00:14.356	21501	20031	-85	-97	15	1.89	78.93	3.792
2015-01-18 23:05:17.495	21501	20031	-88	-97	16
2015-01-18 23:25:14.426	21501	20031	-88	-97	16
2015-01-18 23:30:18.064	21501	20031	-85	-85	15	1.83	78.99	3.792
2015-01-19 00:25:21.414	21501	20031	-85	-82	12
2015-01-19 03:00:18.85	21501	20031	-85	-85	18	1.2	78.97	3.792
2015-01-19 03:25:12.23	21501	20031	-88	-88	22
2015-01-19 03:30:19.302	21501	20031	-88	-88	22	1.13	79.02	3.792
2015-01-19 03:45:12.223	21501	20031	-85	-97	24
2015-01-19 03:45:12.239	21501	20031	-85	-97	24	1.07	78.99	3.779
2015-01-19 03:55:11.051	21501	20031	-88	-97	24
2015-01-19 04:00:14.707	21501	20031	-85	-97	24	0.96	79.01	3.792
2015-01-19 04:25:13.171	21501	20031	-85	-88	17
2015-01-19 04:25:13.187	21501	20031	-85	-97	17
2015-01-19 04:30:16.214	21501	20031	-85	-97	17	0.78	78.97	3.792
2015-01-19 04:45:16.134	21501	20031	-88	-82	16	0.71	78.91	3.792
2015-01-19 04:55:17.079	21501	20031	-85	-97	16
2015-01-19 05:00:19.578	21501	20031	-85	-97	16	0.71	78.95	3.792
2015-01-19 05:05:13.552	21501	20031	-85	-97	16
2015-01-19 05:15:13.015	21501	20031	-85	-85	15	0.67	78.94	3.792
2015-01-19 05:25:12.979	21501	20031	-88	-97	15
2015-01-19 05:30:19.082	21501	20031	-85	-97	15	0.67	78.94	3.792
2015-01-19 05:45:16.082	21501	20031	-85	-82	16
2015-01-19 05:45:16.098	21501	20031	-85	-97	16	0.64	78.94	3.792
2015-01-19 05:55:12.747	21501	20031	-91	-97	16
2015-01-19 06:00:15.635	21501	20031	-85	-97	16	0.6	78.93	3.792
2015-01-19 06:15:14.135	21501	20031	-85	-82	15	0.53	78.96	3.792
2015-01-19 06:25:12.922	21501	20031	-82	-97	16
2015-01-19 06:25:12.939	21501	20031	-85	-97	16
2015-01-19 06:30:18.982	21501	20031	-88	-97	16	0.51	79.0	3.792
2015-01-19 06:45:14.016	21501	20031	-85	-82	15	0.46	78.99	3.792
2015-01-19 06:55:18.534	21501	20031	-85	-82	13
2015-01-19 07:05:13.658	21501	20031	-85	-82	13
2015-01-19 07:15:20.604	21501	20031	-85	-97	14	0.4	78.95	3.792
2015-01-19 07:45:19.603	21501	20031	-85	-85	19
2015-01-19 07:45:19.618	21501	20031	-85	-97	19	0.29	78.95	3.779
2015-01-19 08:55:16.838	21501	20031	-88	-82	19
2015-01-19 09:00:11.763	21501	20031	-85	-97	19	0.79	79.65	3.792
2015-01-19 09:05:12.811	21501	20031	-85	-97	19
2015-01-19 09:15:17.454	21501	20031	-85	-82	18	0.92	79.75	3.792
2015-01-19 09:25:22.85	21501	20031	-85	-97	17
2015-01-19 09:30:11.735	21501	20031	-85	-97	17	1.15	79.9	3.792
2015-01-19 09:45:17.427	21501	20031	-82	-97	17	1.38	79.95	3.779
2015-01-19 10:00:20.408	21501	20031	-85	-85	17	1.47	79.83	3.792
2015-01-19 10:25:12.686	21501	20031	-85	-82	17
2015-01-19 10:30:15.651	21501	20031	-85	-97	17	1.6	79.57	3.792
2015-01-19 10:45:19.398	21501	20031	-85	-85	16	1.5	79.53	3.792
2015-01-19 10:55:11.715	21501	20031	-85	-97	16
2015-01-19 11:00:21.847	21501	20031	-85	-97	16	1.51	79.46	3.792
2015-01-19 11:15:11.703	21501	20031	-88	-97	16	1.51	79.46	3.792
2015-01-19 11:30:20.727	21501	20031	-85	-82	16	1.56	79.47	3.792
2015-01-19 11:45:27.431	21501	20031	-85	-97	16	1.64	79.47	3.779
2015-01-19 11:55:17.27	21501	20031	-85	-85	16
2015-01-19 12:30:20.267	21501	20031	-85	-82	10	2.2	79.71	3.792
2015-01-19 12:55:13.762	21501	20031	-85	-82	10
2015-01-19 13:55:18.274	21501	20031	-85	-82	10
2015-01-19 14:00:16.066	21501	20031	-85	-97	10	3.51	78.89	3.792
2015-01-19 14:25:20.499	21501	20031	-85	-97	10
2015-01-19 15:25:21.423	21501	20031	-88	-85	10
2015-01-19 15:30:19.587	21501	20031	-85	-97	23	3.85	78.72	3.779
2015-01-19 15:45:15.426	21501	20031	-85	-97	23
2015-01-19 15:45:16.998	21501	20031	-85	-97	23	3.74	78.67	3.779
2015-01-19 15:55:12.302	21501	20031	-85	-82	21
2015-01-19 16:00:25.427	21501	20031	-85	-97	21	3.6	78.5	3.792
2015-01-19 16:15:17.975	21501	20031	-85	-97	20	3.46	78.52	3.792
2015-01-19 16:25:14.343	21501	20031	-85	-97	20
2015-01-19 16:45:14.343	21501	20031	-85	-85	20	3.31	78.58	3.792
2015-01-19 16:55:14.239	21501	20031	-85	-97	20
2015-01-19 17:05:16.907	21501	20031	-85	-97	19
2015-01-19 18:00:22.555	21501	20031	-85	-82	18	2.68	78.37	3.792
2015-01-19 18:25:13.183	21501	20031	-85	-82	18
2015-01-19 18:45:16.578	21501	20031	-85	-97	18	2.35	78.37	3.792
2015-01-19 18:55:26.602	21501	20031	-85	-82	15
2015-01-19 19:00:21.698	21501	20031	-85	-82	17	2.24	78.39	3.792
2015-01-19 19:05:14.957	21501	20031	-85	-82	17
2015-01-19 19:45:11.994	21501	20031	-85	-85	13
2015-01-19 20:15:15.49	21501	20031	-85	-85	11	1.42	78.33	3.792
2015-01-19 20:25:15.83	21501	20031	-85	-97	11
2015-01-19 20:25:17.043	21501	20031	-85	-97	11
2015-01-19 21:45:18.03	21501	20031	-85	-85	10	0.42	78.67	3.779
2015-01-19 22:15:13.042	21501	20031	-85	-82	10	-0.07	78.66	3.792
2015-01-19 22:25:22.574	21501	20031	-85	-97	10
2015-01-19 22:25:22.594	21501	20031	-85	-97	14
2015-01-19 22:30:26.643	21501	20031	-85	-97	14	-0.25	78.8	3.792
2015-01-19 22:55:16.99	21501	20031	-85	-85	20
2015-01-19 23:00:14.646	21501	20031	-85	-97	20	-0.5	78.68	3.792
2015-01-19 23:25:15.899	21501	20031	-85	-82	20
2015-01-20 00:15:16.467	21501	20031	-85	-85	16	-1.06	79.04	3.792
2015-01-20 00:45:16.435	21501	20031	-85	-85	15	-1.1	79.08	3.792
2015-01-20 00:55:18.839	21501	20031	-85	-97	15
2015-01-20 02:25:13.727	21501	20031	-88	-85	13
2015-01-20 02:30:14.75	21501	20031	-88	-85	12	-0.78	79.13	3.792
2015-01-20 03:00:18.427	21501	20031	-88	-97	12	-0.77	79.11	3.792
2015-01-20 03:05:15.508	21501	20031	-94	-97	12
2015-01-20 03:30:13.617	21501	20031	-88	-85	12	-0.71	79.15	3.792
2015-01-20 03:45:16.322	21501	20031	-88	-88	12
2015-01-20 03:55:22.39	21501	20031	-91	-97	12
2015-01-20 08:45:16.062	21501	20031	-91	-88	37	-0.36	79.48	3.792
2015-01-20 16:00:18.519	21501	20031	-91	-91	30	2.07	79.56	3.779
2015-01-20 16:00:23.474	21501	20031	-91	-91	30	2.07	79.56	3.779
2015-01-20 16:55:27.331	21501	20031	-91	-88	22
2015-01-20 17:25:25.971	21501	20031	-91	-97	22
2015-01-20 18:25:26.995	21501	20031	-88	-88	17
2015-01-20 19:30:20.979	21501	20031	-88	-88	13	0.85	78.75	3.792
2015-01-20 20:00:23.015	21501	20031	-88	-88	13	0.78	78.8	3.792
2015-01-20 20:15:16.934	21501	20031	-88	-85	15	0.74	78.77	3.792
2015-01-20 20:45:16.911	21501	20031	-88	-85	15	0.64	78.75	3.792
2015-01-20 21:15:16.906	21501	20031	-88	-85	15	0.57	78.76	3.792
2015-01-20 21:30:21.915	21501	20031	-85	-88	12	0.56	78.73	3.792
2015-01-20 21:45:17.602	21501	20031	-85	-85	11	0.51	78.72	3.779
2015-01-20 23:00:25.082	21501	20031	-85	-88	10	0.35	78.63	3.792
2015-01-20 23:15:15.254	21501	20031	-88	-85	10	0.29	78.69	3.792
2015-01-20 23:45:18.018	21501	20031	-85	-97	14
2015-01-20 23:55:15.995	21501	20031	-85	-85	11
2015-01-21 00:15:15.384	21501	20031	-88	-88	12	0.17	78.81	3.792
2015-01-21 01:25:17.271	21501	20031	-85	-85	10
2015-01-21 01:55:25.396	21501	20031	-88	-85	10
2015-01-21 02:00:21.906	21501	20031	-85	-97	10	0.06	78.9	3.792
2015-01-21 02:15:14.453	21501	20031	-88	-85	10	0.03	78.92	3.792
2015-01-21 02:25:20.283	21501	20031	-85	-97	10
2015-01-21 02:25:20.302	21501	20031	-85	-97	10
2015-01-21 02:45:13.255	21501	20031	-85	-97	10	0.0	78.91	3.792
2015-01-21 02:55:30.442	21501	20031	-88	-85	10
2015-01-21 03:25:22.334	21501	20031	-85	-85	14
2015-01-21 05:45:13.354	21501	20031	-88	-88	10
2015-01-21 06:25:20.711	21501	20031	-85	-88	10
2015-01-21 06:30:16.482	21501	20031	-88	-85	10	-0.29	78.91	3.792
2015-01-21 08:15:17.499	21501	20031	-88	-88	10	-0.29	79.03	3.792
2015-01-21 08:25:14.542	21501	20031	-88	-97	10
2015-01-21 12:30:15.7	21501	20031	-88	-88	12	1.57	79.57	3.779
2015-01-21 13:55:16.245	21501	20031	-88	-85	10
2015-01-21 14:00:19.178	21501	20031	-88	-97	10	1.85	79.47	3.779
2015-01-21 14:15:13.843	21501	20031	-88	-85	13	1.88	79.54	3.779
2015-01-21 14:25:21.159	21501	20031	-85	-97	13
2015-01-21 14:30:16.067	21501	20031	-88	-97	14	1.9	79.48	3.779
2015-01-21 14:45:20.927	21501	20031	-85	-88	14	1.82	79.39	3.779
2015-01-21 14:55:16.827	21501	20031	-88	-97	15
2015-01-21 15:05:15.187	21501	20031	-88	-85	15
2015-01-21 15:15:21.047	21501	20031	-91	-97	15	1.83	79.42	3.779
2015-01-21 15:30:14.894	21501	20031	-88	-97	15	1.85	79.42	3.779
2015-01-21 16:55:19.239	21501	20031	-88	-85	13
2015-01-21 17:00:27.431	21501	20031	-88	-97	13	1.7	79.27	3.779
2015-01-21 17:05:16.147	21501	20031	-91	-97	14
2015-01-21 17:15:27.854	21501	20031	-91	-97	14	1.65	79.28	3.779
2015-01-21 17:25:19.178	21501	20031	-91	-97	14
2015-01-21 17:45:14.106	21501	20031	-91	-97	14	1.65	79.16	3.779
2015-01-21 18:00:21.115	21501	20031	-88	-88	14	1.65	79.14	3.779
2015-01-21 18:25:15.955	21501	20031	-88	-97	14
2015-01-21 18:25:16.122	21501	20031	-88	-97	14
2015-01-21 18:30:25.15	21501	20031	-88	-88	14	1.7	79.15	3.779
2015-01-21 18:55:15.718	21501	20031	-85	-85	12
2015-01-21 19:00:24.103	21501	20031	-91	-97	12	1.64	79.06	3.779
2015-01-21 19:05:12.074	21501	20031	-91	-97	29
2015-01-21 19:25:16.955	21501	20031	-88	-97	29
2015-01-21 19:45:19.063	21501	20031	-91	-91	19
2015-01-21 19:45:19.079	21501	20031	-88	-97	19	1.46	78.96	3.779
2015-01-21 20:15:15.782	21501	20031	-88	-88	16	1.49	79.03	3.779
2015-01-21 20:55:21.734	21501	20031	-91	-88	15
2015-01-21 21:00:21.379	21501	20031	-88	-97	14	1.35	78.93	3.779
2015-01-21 21:25:31.543	21501	20031	-88	-88	17
2015-01-21 23:05:18.603	21501	20031	-91	-88	10
2015-01-21 23:15:15.571	21501	20031	-91	-97	11	1.56	79.07	3.779
2015-01-22 00:25:23.931	21501	20031	-91	-88	13
2015-01-22 00:45:17.846	21501	20031	-88	-85	19	1.42	78.97	3.779
2015-01-22 01:25:20.474	21501	20031	-88	-88	18
2015-01-22 02:00:24.862	21501	20031	-85	-88	18	1.17	78.94	3.779
2015-01-22 02:55:19.474	21501	20031	-88	-85	12
2015-01-22 03:25:16.327	21501	20031	-88	-85	10
2015-01-22 03:30:19.446	21501	20031	-85	-88	10	1.0	78.97	3.779
2015-01-22 03:45:32.651	21501	20031	-88	-82	10	0.96	78.91	3.779
2015-01-22 04:00:13.826	21501	20031	-88	-88	10	0.92	78.9	3.779
2015-01-22 04:15:14.758	21501	20031	-88	-97	10	0.88	78.89	3.779
2015-01-22 04:25:16.383	21501	20031	-88	-97	11
2015-01-22 04:25:16.399	21501	20031	-88	-85	10
2015-01-22 04:30:15.559	21501	20031	-88	-97	11	0.82	78.86	3.779
2015-01-22 04:45:16.459	21501	20031	-85	-97	11	0.75	78.82	3.779
2015-01-22 04:55:22.31	21501	20031	-88	-85	10
2015-01-22 05:00:25.171	21501	20031	-85	-97	10	0.7	78.76	3.779
2015-01-22 05:15:23.463	21501	20031	-88	-85	18	0.65	78.7	3.792
2015-01-22 05:25:18.415	21501	20031	-88	-97	18
2015-01-22 05:30:20.839	21501	20031	-88	-97	18	0.6	78.69	3.792
2015-01-22 05:45:19.686	21501	20031	-88	-85	18
2015-01-22 05:45:20.65	21501	20031	-88	-97	18	0.56	78.68	3.779
2015-01-22 05:55:14.43	21501	20031	-88	-97	18
2015-01-22 06:00:16.815	21501	20031	-88	-97	18	0.5	78.64	3.792
2015-01-22 06:00:19.163	21501	20031	-88	-97	18	0.5	78.64	3.792
2015-01-22 06:15:19.599	21501	20031	-88	-97	17	0.49	78.67	3.779
2015-01-22 06:25:21.475	21501	20031	-88	-85	16
2015-01-22 06:25:22.551	21501	20031	-85	-97	16
2015-01-22 06:55:17.899	21501	20031	-88	-85	13
2015-01-22 07:00:14.838	21501	20031	-85	-85	14	0.35	78.54	3.779
2015-01-22 07:15:21.319	21501	20031	-85	-97	14	0.28	78.48	3.792
2015-01-22 07:45:22.379	21501	20031	-85	-85	15
2015-01-22 07:45:22.394	21501	20031	-85	-97	15	0.07	78.36	3.779
2015-01-22 08:15:14.179	21501	20031	-85	-82	14	-0.06	78.54	3.779
2015-01-22 09:05:17.935	21501	20031	-88	-85	10
2015-01-22 10:00:19.119	21501	20031	-88	-85	10	0.17	79.32	3.779
2015-01-22 10:55:22.539	21501	20031	-91	-85	14
2015-01-22 11:45:20.48	21501	20031	-85	-85	13
2015-01-22 11:55:18.706	21501	20031	-85	-88	13
2015-01-22 12:15:20.006	21501	20031	-85	-97	12	1.6	79.93	3.779
2015-01-22 12:25:14.394	21501	20031	-88	-85	12
2015-01-22 12:25:18.638	21501	20031	-88	-97	13
2015-01-22 12:30:15.615	21501	20031	-88	-97	13	1.6	79.81	3.779
2015-01-22 13:25:16.118	21501	20031	-85	-85	10
2015-01-22 13:30:22.091	21501	20031	-91	-97	10	2.53	80.56	3.779
2015-01-22 13:45:21.418	21501	20031	-91	-85	13	2.42	80.21	3.779
2015-01-22 14:00:15.258	21501	20031	-88	-85	13	2.28	79.92	3.779
2015-01-22 14:25:22.626	21501	20031	-88	-85	10
2015-01-22 14:45:21.883	21501	20031	-88	-82	10	1.53	79.28	3.779
2015-01-22 14:55:16.33	21501	20031	-85	-85	11
2015-01-22 15:00:15.25	21501	20031	-88	-97	11	1.26	79.12	3.779
2015-01-22 15:05:14.687	21501	20031	-85	-97	11
2015-01-22 15:30:22.306	21501	20031	-85	-85	23	1.01	79.07	3.779
2015-01-22 18:25:14.918	21501	20031	-91	-88	24
2015-01-22 18:30:13.97	21501	20031	-91	-88	24	-0.34	78.69	3.792
2015-01-22 19:00:13.379	21501	20031	-88	-88	22	-0.56	78.85	3.792
2015-01-22 19:45:20.61	21501	20031	-91	-88	22	-0.74	79.0	3.779
2015-01-22 20:00:15.534	21501	20031	-88	-88	22	-0.78	79.04	3.792
2015-01-22 20:15:12.483	21501	20031	-91	-88	17	-0.82	79.05	3.779
2015-01-22 20:25:12.842	21501	20031	-88	-88	17
2015-01-22 20:25:12.863	21501	20031	-88	-97	17
2015-01-22 20:30:23.959	21501	20031	-88	-97	17	-0.84	79.09	3.779
2015-01-22 20:45:16.487	21501	20031	-88	-97	16	-0.85	79.07	3.792
2015-01-22 20:55:16.895	21501	20031	-91	-97	16
2015-01-22 21:00:13.867	21501	20031	-91	-97	19	-0.89	79.06	3.792
2015-01-22 21:05:13.79	21501	20031	-88	-85	18
2015-01-22 21:15:12.434	21501	20031	-88	-97	18	-0.93	79.07	3.792
2015-01-22 21:45:12.399	21501	20031	-91	-88	17
2015-01-22 21:45:12.431	21501	20031	-91	-97	17	-1.0	79.06	3.779
2015-01-22 21:55:15.431	21501	20031	-88	-97	17
2015-01-22 22:00:17.675	21501	20031	-88	-91	17	-1.03	79.05	3.792
2015-01-22 22:15:17.426	21501	20031	-88	-97	16	-1.07	79.06	3.792
2015-01-22 22:25:14.747	21501	20031	-88	-97	16
2015-01-22 22:25:14.763	21501	20031	-88	-97	16
2015-01-22 22:30:19.935	21501	20031	-94	-97	16	-1.07	79.02	3.792
2015-01-22 22:45:14.387	21501	20031	-88	-88	15	-1.1	79.01	3.792
2015-01-22 22:55:12.751	21501	20031	-88	-97	15
2015-01-22 23:00:19.831	21501	20031	-88	-97	15	-1.1	79.01	3.792
2015-01-22 23:05:12.695	21501	20031	-88	-88	15
2015-01-22 23:15:17.403	21501	20031	-91	-97	15	-1.13	79.03	3.792
2015-01-22 23:25:12.679	21501	20031	-91	-97	15
2015-01-22 23:30:13.054	21501	20031	-91	-88	15	-1.14	79.0	3.792
2015-01-22 23:45:15.339	21501	20031	-88	-97	15
2015-01-22 23:45:15.355	21501	20031	-88	-97	15	-1.16	78.97	3.779
2015-01-22 23:55:12.31	21501	20031	-88	-97	14
2015-01-23 00:00:15.33	21501	20031	-94	-88	13	-1.2	78.94	3.792
2015-01-23 00:15:12.294	21501	20031	-91	-97	13	-1.23	78.94	3.792
2015-01-23 00:25:16.651	21501	20031	-91	-91	13
2015-01-23 00:25:16.671	21501	20031	-91	-97	13
2015-01-23 00:30:17.263	21501	20031	-91	-97	13	-1.24	78.91	3.779
2015-01-23 00:45:14.331	21501	20031	-91	-97	13	-1.28	78.9	3.779
2015-01-23 00:55:14.723	21501	20031	-94	-97	14
2015-01-23 01:00:21.851	21501	20031	-91	-97	14	-1.32	78.87	3.792
2015-01-23 01:05:14.607	21501	20031	-91	-97	15
2015-01-23 01:15:17.363	21501	20031	-91	-97	15	-1.34	78.86	3.779
2015-01-23 01:25:18.742	21501	20031	-91	-97	16
2015-01-23 01:30:15.797	21501	20031	-88	-88	18	-1.34	78.89	3.779
2015-01-23 02:00:14.318	21501	20031	-91	-88	18	-1.42	78.87	3.792
2015-01-23 02:15:22.331	21501	20031	-88	-97	18	-1.46	78.88	3.792
2015-01-23 02:25:12.558	21501	20031	-88	-97	17
2015-01-23 02:25:12.586	21501	20031	-91	-97	17
2015-01-23 02:30:13.183	21501	20031	-91	-88	17	-1.48	78.88	3.779
2015-01-23 02:45:15.223	21501	20031	-91	-97	16	-1.48	78.93	3.792
2015-01-23 02:55:14.579	21501	20031	-91	-97	16
2015-01-23 03:00:17.07	21501	20031	-88	-97	16	-1.48	78.9	3.792
2015-01-23 03:05:12.223	21501	20031	-91	-97	19
2015-01-23 03:15:15.283	21501	20031	-91	-97	17	-1.5	78.87	3.792
2015-01-23 03:25:14.595	21501	20031	-91	-97	17
2015-01-23 03:30:13.655	21501	20031	-88	-97	17	-1.52	78.87	3.792
2015-01-23 03:45:12.348	21501	20031	-88	-88	17
2015-01-23 03:45:12.364	21501	20031	-88	-97	17	-1.53	78.87	3.779
2015-01-23 03:55:16.326	21501	20031	-88	-97	16
2015-01-23 04:00:14.531	21501	20031	-88	-85	13	-1.56	78.84	3.779
2015-01-23 04:30:19.754	21501	20031	-91	-88	12	-1.61	78.78	3.792
2015-01-23 04:55:12.982	21501	20031	-88	-97	13
2015-01-23 05:00:17.423	21501	20031	-91	-88	13	-1.71	78.76	3.779
2015-01-23 05:05:13.456	21501	20031	-88	-97	14
2015-01-23 05:15:15.81	21501	20031	-91	-97	14	-1.71	78.8	3.779
2015-01-23 05:25:21.994	21501	20031	-88	-88	14
2015-01-23 05:30:23.878	21501	20031	-91	-97	14	-1.74	78.8	3.779
2015-01-23 05:45:14.791	21501	20031	-88	-97	17
2015-01-23 05:45:15.826	21501	20031	-88	-97	17	-1.75	78.79	3.792
2015-01-23 06:00:20.822	21501	20031	-88	-97	15	-1.71	78.82	3.779
2015-01-23 06:15:18.083	21501	20031	-88	-97	15	-1.74	78.82	3.792
2015-01-23 06:25:18.079	21501	20031	-94	-97	16
2015-01-23 06:25:18.154	21501	20031	-88	-97	19
2015-01-23 06:30:17.214	21501	20031	-88	-88	19	-1.71	78.89	3.779
2015-01-23 06:45:20.103	21501	20031	-88	-97	18	-1.7	78.85	3.779
2015-01-23 06:55:15.067	21501	20031	-91	-88	18
2015-01-23 07:15:13.118	21501	20031	-88	-97	18	-1.66	78.98	3.779
2015-01-23 07:25:14.507	21501	20031	-88	-88	17
2015-01-23 07:30:14.527	21501	20031	-91	-97	17	-1.66	78.88	3.779
2015-01-23 07:45:18.091	21501	20031	-88	-97	16
2015-01-23 07:45:18.306	21501	20031	-88	-97	19	-1.67	78.86	3.779
2015-01-23 07:55:12.547	21501	20031	-88	-88	19
2015-01-23 08:00:15.852	21501	20031	-88	-97	19	-1.64	78.96	3.779
2015-01-23 08:15:14.962	21501	20031	-88	-88	15	-1.57	79.02	3.779
2015-01-23 08:25:18.75	21501	20031	-91	-88	15
2015-01-23 08:25:19.45	21501	20031	-91	-97	15
2015-01-23 08:30:18.543	21501	20031	-88	-97	16	-1.48	79.16	3.779
2015-01-23 09:05:16.334	21501	20031	-88	-88	21
2015-01-23 09:15:15.155	21501	20031	-91	-88	21	-1.07	79.48	3.779
2015-01-23 10:15:17.887	21501	20031	-94	-88	19	0.33	80.13	3.779
2015-01-23 10:25:13.139	21501	20031	-91	-97	19
2015-01-23 10:25:13.166	21501	20031	-91	-97	19
2015-01-23 10:45:16.843	21501	20031	-94	-88	19	2.22	83.67	3.779
2015-01-23 11:00:15.863	21501	20031	-91	-97	18	1.82	80.28	3.779
2015-01-23 11:45:16.787	21501	20031	-91	-91	15	3.32	84.13	3.779
2015-01-23 11:55:16.775	21501	20031	-88	-88	14
2015-01-23 12:25:15.107	21501	20031	-91	-88	14
2015-01-23 12:25:20.178	21501	20031	-91	-97	14
2015-01-23 12:45:14.119	21501	20031	-91	-88	14	4.39	80.87	3.779
2015-01-23 13:05:20.019	21501	20031	-91	-88	13
2015-01-23 13:15:16.115	21501	20031	-88	-97	13	4.82	80.4	3.779
2015-01-23 13:25:16.974	21501	20031	-91	-97	13
2015-01-23 13:45:17.058	21501	20031	-85	-88	13
2015-01-23 14:00:17.707	21501	20031	-88	-85	13	5.56	79.65	3.779
2015-01-23 14:45:18.52	21501	20031	-88	-85	13	5.6	79.13	3.779
2015-01-23 14:55:14.828	21501	20031	-88	-85	13
2015-01-23 15:00:14.811	21501	20031	-85	-97	13	6.86	78.75	3.779
2015-01-23 15:05:21.862	21501	20031	-88	-97	14
2015-01-23 15:15:17.487	21501	20031	-88	-97	14	6.14	77.6	3.779
2015-01-23 16:15:20.002	21501	20031	-88	-88	13	4.14	78.04	3.779
2015-01-23 16:30:18.082	21501	20031	-88	-97	13	3.92	78.06	3.779
2015-01-23 16:45:17.927	21501	20031	-85	-88	16	3.58	78.06	3.779
2015-01-23 16:55:22.678	21501	20031	-88	-97	16
2015-01-23 17:05:14.222	21501	20031	-88	-85	23
2015-01-23 18:45:17.919	21501	20031	-88	-88	21	1.46	78.34	3.779
2015-01-23 19:05:21.578	21501	20031	-91	-85	19
2015-01-23 19:30:24.551	21501	20031	-91	-88	19	1.14	78.46	3.779
2015-01-23 19:55:16.166	21501	20031	-91	-97	21
2015-01-23 21:45:15.023	21501	20031	-88	-85	22
2015-01-23 22:45:16.98	21501	20031	-88	-85	20	0.47	78.69	3.779
2015-01-23 23:00:15.874	21501	20031	-88	-88	20	0.39	78.53	3.779
2015-01-23 23:05:16.295	21501	20031	-88	-97	23
2015-01-23 23:45:18.971	21501	20031	-88	-85	17	0.2	78.65	3.779
2015-01-24 00:25:14.319	21501	20031	-88	-88	16
2015-01-24 00:25:18.379	21501	20031	-88	-97	15
2015-01-24 00:30:22.382	21501	20031	-88	-97	15	0.07	78.74	3.779
2015-01-24 00:45:15.854	21501	20031	-88	-85	15	0.03	78.78	3.779
2015-01-24 01:15:13.886	21501	20031	-88	-97	17	0.0	78.86	3.779
2015-01-24 01:45:20.922	21501	20031	-88	-85	10
2015-01-24 01:55:20.919	21501	20031	-85	-85	13
2015-01-24 04:25:27.63	21501	20031	-85	-85	13
2015-01-24 09:25:18.882	21501	20031	-88	-88	26
2015-01-24 09:30:13.971	21501	20031	-88	-97	26	-1.23	79.4	3.779
2015-01-24 09:55:18.17	21501	20031	-88	-88	26
2015-01-24 11:00:15.138	21501	20031	-88	-88	23	-0.73	80.21	3.779
2015-01-24 11:30:29.223	21501	20031	-85	-88	25	-0.35	81.03	3.779
2015-01-24 11:30:30.091	21501	20031	-85	-88	25	-0.35	81.03	3.779
