result_time	node_id	parent_id	stats_frssi	stats_brssi	etx	temperature	humidity	voltage
2014-12-01 00:02:11.187	30251	21501	-91	-78	24
2014-12-01 00:07:14.567	30251	21501	-91	-78	26	15.64	80.66	3.661
2014-12-01 00:22:15.983	30251	21501	-88	-78	28	15.74	80.3	3.651
2014-12-01 00:22:19.034	30251	21501	-91	-78	26
2014-12-01 00:32:13.967	30251	21501	-88	-78	27
2014-12-01 00:32:15.715	30251	21501	-88	-78	27
2014-12-01 00:37:14.411	30251	21501	-91	-78	27	15.72	80.32	3.661
2014-12-01 00:52:16.746	30251	21501	-91	-78	27	15.82	80.19	3.661
2014-12-01 01:02:12.819	30251	21501	-88	-78	24
2014-12-01 01:02:18.642	30251	21501	-91	-78	24
2014-12-01 01:07:18.278	30251	21501	-91	-77	23	15.89	80.11	3.716
2014-12-01 01:22:14.477	30251	21501	-91	-78	23	15.9	80.18	3.651
2014-12-01 01:32:10.155	30251	21501	-88	-79	25
2014-12-01 01:37:10.479	30251	21501	-88	-78	27	15.89	80.16	3.64
2014-12-01 01:42:09.026	30251	21501	-88	-78	27
2014-12-01 01:52:10.927	30251	21501	-88	-78	27	15.72	80.42	3.651
2014-12-01 02:02:18.242	30251	21501	-88	-77	25
2014-12-01 02:22:12.458	30251	21501	-91	-78	25	15.81	80.26	3.651
2014-12-01 02:22:12.478	30251	21501	-88	-78	25
2014-12-01 02:37:16.587	30251	21501	-91	-79	26	15.79	80.21	3.661
2014-12-01 02:52:21.622	30251	21501	-94	-78	26	15.04	80.7	3.651
2014-12-01 03:02:18.343	30251	21501	-91	-80	28
2014-12-01 03:07:27.594	30251	21501	-91	-79	28	13.89	82.52	3.661
2014-12-01 03:22:19.902	30251	21501	-91	-79	26	13.5	82.85	3.661
2014-12-01 03:32:14.446	30251	21501	-91	-78	24
2014-12-01 03:32:19.986	30251	21501	-91	-78	24
2014-12-01 03:37:10.346	30251	21501	-91	-78	23	13.32	82.64	3.661
2014-12-01 03:42:14.462	30251	21501	-91	-78	23
2014-12-01 03:52:20.218	30251	21501	-88	-78	23	13.15	82.4	3.651
2014-12-01 03:52:20.726	30251	21501	-88	-78	23	13.15	82.4	3.651
2014-12-01 04:02:15.17	30251	21501	-88	-78	23
2014-12-01 04:07:23.53	30251	21501	-88	-77	22	13.07	82.14	3.651
2014-12-01 04:22:13.364	30251	21501	-88	-77	21	13.0	81.98	3.651
2014-12-01 04:22:13.379	30251	21501	-91	-77	22
2014-12-01 04:32:23.498	30251	21501	-88	-78	21
2014-12-01 04:37:20.406	30251	21501	-91	-77	21	12.88	81.83	3.661
2014-12-01 04:52:15.314	30251	21501	-88	-77	17	12.79	81.76	3.64
2014-12-01 04:52:15.786	30251	21501	-88	-77	17	12.79	81.76	3.64
2014-12-01 04:52:16.914	30251	21501	-88	-77	17	12.79	81.76	3.64
2014-12-01 05:02:12.386	30251	21501	-91	-78	19
2014-12-01 05:07:16.735	30251	21501	-91	-78	19	12.77	81.66	3.661
2014-12-01 05:32:15.038	30251	21501	-91	-79	18
2014-12-01 05:37:16.635	30251	21501	-88	-78	17	12.68	81.54	3.661
2014-12-01 05:42:15.794	30251	21501	-88	-78	24
2014-12-01 05:52:12.883	30251	21501	-91	-78	24	12.68	81.39	3.651
2014-12-01 06:07:23.587	30251	21501	-88	-78	26	12.04	81.61	3.651
2014-12-01 06:32:20.806	30251	21501	-91	-78	25
2014-12-01 06:37:19.431	30251	21501	-88	-78	24	10.2	83.46	3.651
2014-12-01 06:52:09.824	30251	21501	-88	-76	22	9.49	83.84	3.64
2014-12-01 07:02:08.31	30251	21501	-88	-77	22
2014-12-01 07:02:08.382	30251	21501	-91	-77	22
2014-12-01 07:07:08.814	30251	21501	-88	-77	22	8.86	84.07	3.651
2014-12-01 07:22:13.291	30251	21501	-88	-77	22	8.63	83.96	3.64
2014-12-01 07:32:11.122	30251	21501	-88	-77	21
2014-12-01 07:42:14.855	30251	21501	-91	-77	21
2014-12-01 07:52:13.851	30251	21501	-88	-77	21	8.21	83.14	3.64
2014-12-01 07:52:14.215	30251	21501	-88	-77	21	8.21	83.14	3.64
2014-12-01 08:02:25.575	30251	21501	-88	-78	21
2014-12-01 08:07:13.183	30251	21501	-91	-76	21	7.71	83.19	3.651
2014-12-01 08:22:11.114	30251	21501	-85	-76	19
2014-12-01 08:22:11.402	30251	21501	-85	-76	19
2014-12-01 08:22:13.375	30251	21501	-85	-76	19
2014-12-01 08:22:13.907	30251	21501	-88	-76	19	6.99	83.63	3.64
2014-12-01 08:32:12.735	30251	21501	-88	-76	18
2014-12-01 08:37:17.398	30251	21501	-88	-76	18	6.61	83.72	3.651
2014-12-01 08:52:19.487	30251	21501	-88	-77	21	6.39	83.53	3.64
2014-12-01 08:52:20.063	30251	21501	-88	-77	21	6.39	83.53	3.64
2014-12-01 08:52:22.407	30251	21501	-88	-77	21	6.39	83.53	3.64
2014-12-01 09:02:17.723	30251	21501	-88	-77	21
2014-12-01 09:02:17.763	30251	21501	-88	-76	21
2014-12-01 09:22:15.107	30251	21501	-88	-76	21	5.96	83.01	3.63
2014-12-01 09:32:22.446	30251	21501	-88	-76	23
2014-12-01 09:37:09.679	30251	21501	-88	-76	23	5.75	82.92	3.64
2014-12-01 09:42:15.61	30251	21501	-88	-76	23
2014-12-01 09:52:15.694	30251	21501	-88	-76	21	5.63	82.75	3.63
2014-12-01 10:02:17.515	30251	21501	-88	-76	21
2014-12-01 10:07:19.242	30251	21501	-88	-77	21	5.54	82.57	3.64
2014-12-01 10:22:13.606	30251	21501	-91	-76	20
2014-12-01 10:22:20.083	30251	21501	-88	-77	30	5.47	82.39	3.63
2014-12-01 10:32:20.263	30251	21501	-88	-77	30
2014-12-01 10:37:11.87	30251	21501	-88	-76	32	5.24	82.33	3.64
2014-12-01 10:52:13.267	30251	21501	-88	-77	32	5.18	82.36	3.63
2014-12-01 11:02:18.471	30251	21501	-88	-76	23
2014-12-01 11:02:18.559	30251	21501	-88	-77	22
2014-12-01 11:07:16.655	30251	21501	-88	-76	22	5.21	81.95	3.64
2014-12-01 11:32:13.635	30251	21501	-88	-76	21
2014-12-01 11:37:11.938	30251	21501	-88	-76	21	4.85	81.87	3.64
2014-12-01 11:42:12.187	30251	21501	-88	-77	21
2014-12-01 12:02:14.439	30251	21501	-88	-76	16
2014-12-01 12:07:18.338	30251	21501	-88	-77	16	4.63	81.88	3.64
2014-12-01 12:22:14.218	30251	21501	-88	-76	16
2014-12-01 12:22:14.458	30251	21501	-88	-76	16	4.46	81.66	3.63
2014-12-01 12:32:17.218	30251	21501	-88	-76	15
2014-12-01 12:37:38.454	30251	21501	-88	-76	15	4.18	81.8	3.63
2014-12-01 12:52:11.23	30251	21501	-88	-77	27	3.72	81.96	3.63
2014-12-01 13:02:17.028	30251	21501	-88	-76	29
2014-12-01 13:02:17.046	30251	21501	-88	-76	27
2014-12-01 13:07:19.263	30251	21501	-88	-76	29	3.22	82.69	3.63
2014-12-01 13:22:14.899	30251	21501	-85	-76	29	2.78	82.79	3.619
2014-12-01 13:32:14.01	30251	21501	-88	-76	27
2014-12-01 13:37:10.19	30251	21501	-85	-76	27	2.38	83.54	3.63
2014-12-01 13:42:14.726	30251	21501	-85	-76	25
2014-12-01 13:52:14.167	30251	21501	-88	-76	25	2.2	83.18	3.63
2014-12-01 14:02:09.083	30251	21501	-85	-76	23
2014-12-01 14:07:18.159	30251	21501	-88	-75	23	1.7	83.38	3.63
2014-12-01 14:22:14.77	30251	21501	-88	-76	23	1.46	83.53	3.619
2014-12-01 14:22:14.814	30251	21501	-88	-76	23
2014-12-01 14:32:17.934	30251	21501	-88	-76	23
2014-12-01 14:37:09.343	30251	21501	-88	-76	23	1.6	83.31	3.63
2014-12-01 14:52:10.747	30251	21501	-88	-76	22	1.56	83.12	3.619
2014-12-01 15:02:12.618	30251	21501	-88	-76	22
2014-12-01 15:02:12.633	30251	21501	-88	-76	22
2014-12-01 15:07:23.816	30251	21501	-88	-76	22	1.75	82.78	3.63
2014-12-01 15:22:22.707	30251	21501	-88	-76	20	1.79	82.54	3.63
2014-12-01 15:32:16.634	30251	21501	-88	-76	19
2014-12-01 15:37:18.883	30251	21501	-88	-76	19	1.79	82.5	3.619
2014-12-01 15:42:21.411	30251	21501	-88	-76	18
2014-12-01 15:52:10.27	30251	21501	-88	-77	19	1.96	82.17	3.609
2014-12-01 16:02:10.882	30251	21501	-88	-77	16
2014-12-01 16:07:14.923	30251	21501	-88	-77	16	1.85	81.98	3.619
2014-12-01 16:22:14.907	30251	21501	-88	-76	15
2014-12-01 16:22:16.951	30251	21501	-88	-76	15
2014-12-01 16:22:17.042	30251	21501	-88	-76	18	1.65	82.05	3.619
2014-12-01 16:32:12.603	30251	21501	-88	-76	18
2014-12-01 16:37:12.886	30251	21501	-88	-77	18	1.46	82.16	3.619
2014-12-01 16:52:13.743	30251	21501	-85	-76	17	1.32	82.2	3.619
2014-12-01 17:02:10.562	30251	21501	-85	-76	14
2014-12-01 17:02:10.575	30251	21501	-88	-76	14
2014-12-01 17:07:19.726	30251	21501	-88	-76	13	1.2	82.19	3.619
2014-12-01 17:22:11.535	30251	21501	-88	-77	12	1.0	82.17	3.609
2014-12-01 17:32:18.759	30251	21501	-88	-76	13
2014-12-01 17:37:15.643	30251	21501	-88	-76	25	0.78	82.37	3.619
2014-12-01 17:42:12.186	30251	21501	-85	-76	25
2014-12-01 17:52:27.398	30251	21501	-88	-76	25	0.76	82.25	3.619
2014-12-01 18:02:22.607	30251	21501	-88	-76	25
2014-12-01 18:07:19.582	30251	21501	-88	-76	32	0.71	82.06	3.619
2014-12-01 18:22:16.362	30251	21501	-88	-76	32
2014-12-01 18:22:16.394	30251	21501	-88	-76	31	0.61	81.99	3.609
2014-12-01 18:32:21.602	30251	21501	-88	-76	29
2014-12-01 18:37:11.182	30251	21501	-85	-77	31	0.56	81.98	3.619
2014-12-01 18:52:17.882	30251	21501	-88	-77	31	0.56	81.84	3.619
2014-12-01 19:02:16.507	30251	21501	-88	-77	30
2014-12-01 19:02:16.523	30251	21501	-88	-76	32
2014-12-01 19:07:10.618	30251	21501	-88	-76	32	0.51	81.69	3.619
2014-12-01 19:22:13.959	30251	21501	-85	-76	27	0.46	81.63	3.609
2014-12-01 19:32:11.29	30251	21501	-88	-76	25
2014-12-01 19:37:14.402	30251	21501	-88	-76	23	0.32	81.67	3.619
2014-12-01 19:42:18.535	30251	21501	-88	-76	23
2014-12-01 19:52:20.662	30251	21501	-85	-76	20	0.21	81.71	3.609
2014-12-01 20:02:15.858	30251	21501	-88	-75	20
2014-12-01 20:07:19.992	30251	21501	-85	-76	20	0.06	81.74	3.619
2014-12-01 20:22:10.903	30251	21501	-88	-76	40
2014-12-01 20:22:10.919	30251	21501	-88	-76	40	-0.02	81.75	3.609
2014-12-01 20:32:12.514	30251	21501	-88	-76	40
2014-12-01 20:37:11.998	30251	21501	-88	-76	40	-0.13	81.74	3.619
2014-12-01 20:52:10.087	30251	21501	-88	-76	37	-0.25	81.74	3.609
2014-12-01 21:02:12.958	30251	21501	-85	-75	37
2014-12-01 21:02:12.976	30251	21501	-85	-76	37
2014-12-01 21:07:20.994	30251	21501	-88	-76	34	-0.43	81.81	3.619
2014-12-01 21:07:21.054	30251	21501	-88	-76	34	-0.43	81.81	3.619
2014-12-01 21:22:18.958	30251	21501	-85	-77	37	-0.56	81.8	3.609
2014-12-01 21:32:18.239	30251	21501	-88	-76	31
2014-12-01 21:37:25.622	30251	21501	-88	-76	29	-0.71	81.83	3.619
2014-12-01 21:42:29.411	30251	21501	-88	-76	29
2014-12-01 21:52:14.91	30251	21501	-85	-76	29	-0.79	81.93	3.598
2014-12-01 22:02:20.462	30251	21501	-85	-77	25
2014-12-01 22:07:20.667	30251	21501	-85	-76	25	-0.96	81.94	3.609
2014-12-01 22:22:15.414	30251	21501	-88	-76	30
2014-12-01 22:22:15.431	30251	21501	-85	-76	30	-1.14	82.03	3.598
2014-12-01 22:32:22.834	30251	21501	-88	-76	30
2014-12-01 22:37:19.475	30251	21501	-88	-76	30	-1.35	82.18	3.609
2014-12-01 22:52:15.786	30251	21501	-88	-76	28	-1.52	82.19	3.609
2014-12-01 23:02:14.186	30251	21501	-88	-76	28
2014-12-01 23:02:24.311	30251	21501	-88	-76	28
2014-12-01 23:07:17.818	30251	21501	-88	-76	26	-1.66	82.22	3.609
2014-12-01 23:22:29.962	30251	21501	-88	-76	26	-1.71	82.12	3.619
2014-12-01 23:32:21.52	30251	21501	-88	-77	28
2014-12-01 23:37:16.77	30251	21501	-85	-76	28	-1.79	82.01	3.609
2014-12-01 23:42:13.038	30251	21501	-88	-76	28
2014-12-01 23:52:16.058	30251	21501	-88	-77	27	-2.0	82.07	3.598
2014-12-02 00:02:14.366	30251	21501	-88	-76	27
2014-12-02 00:07:23.499	30251	21501	-85	-76	27	-2.13	82.11	3.609
2014-12-02 00:22:14.026	30251	21501	-88	-77	25
2014-12-02 00:22:14.05	30251	21501	-88	-76	25	-2.24	82.13	3.598
2014-12-02 00:32:16.361	30251	21501	-88	-77	25
2014-12-02 00:37:20.515	30251	21501	-91	-77	25	-2.21	81.95	3.609
2014-12-02 00:52:21.511	30251	21501	-88	-77	23	-2.28	81.85	3.598
2014-12-02 01:02:16.326	30251	21501	-88	-76	23
2014-12-02 01:02:16.367	30251	21501	-88	-76	23
2014-12-02 01:07:25.607	30251	21501	-88	-76	21	-2.38	81.82	3.609
2014-12-02 01:22:19.499	30251	21501	-88	-77	35	-2.53	81.97	3.598
2014-12-02 01:32:19.363	30251	21501	-85	-76	35
2014-12-02 01:37:19.443	30251	21501	-88	-76	36	-2.46	81.96	3.609
2014-12-02 01:42:14.959	30251	21501	-88	-76	40
2014-12-02 01:52:21.051	30251	21501	-88	-76	40	-2.46	81.8	3.598
2014-12-02 02:02:14.287	30251	21501	-88	-76	40
2014-12-02 02:07:19.41	30251	21501	-85	-76	38	-2.48	81.71	3.609
2014-12-02 02:22:25.487	30251	21501	-88	-76	36
2014-12-02 02:22:25.507	30251	21501	-88	-76	36	-2.5	81.66	3.598
2014-12-02 02:32:23.386	30251	21501	-85	-77	33
2014-12-02 02:37:19.49	30251	21501	-88	-76	32	-2.54	81.72	3.609
2014-12-02 02:52:16.294	30251	21501	-91	-76	32	-2.53	81.61	3.598
2014-12-02 03:02:31.503	30251	21501	-88	-76	30
2014-12-02 03:07:17.438	30251	21501	-88	-76	24	-2.68	81.62	3.609
2014-12-02 03:22:13.827	30251	21501	-88	-77	19	-2.85	81.8	3.598
2014-12-02 03:32:23.855	30251	21501	-85	-77	19
2014-12-02 03:37:19.886	30251	21501	-88	-77	18	-3.0	81.83	3.609
2014-12-02 03:52:14.867	30251	21501	-88	-76	17	-3.18	82.08	3.598
2014-12-02 04:02:19.615	30251	21501	-88	-76	17
2014-12-02 04:07:20.883	30251	21501	-85	-76	16	-3.24	82.07	3.609
2014-12-02 04:22:24.926	30251	21501	-88	-76	15	-3.18	81.9	3.598
2014-12-02 04:32:13.994	30251	21501	-88	-76	15
2014-12-02 04:37:20.919	30251	21501	-85	-76	15	-3.21	81.74	3.609
2014-12-02 04:52:18.935	30251	21501	-88	-76	15	-3.25	81.71	3.598
2014-12-02 05:02:17.287	30251	21501	-88	-76	15
2014-12-02 05:02:17.303	30251	21501	-88	-77	15
2014-12-02 05:07:19.459	30251	21501	-85	-77	15	-3.25	81.8	3.609
2014-12-02 05:22:24.544	30251	21501	-88	-76	14	-3.02	81.47	3.598
2014-12-02 05:32:18.25	30251	21501	-88	-76	14
2014-12-02 05:37:16.87	30251	21501	-88	-76	13	-2.89	81.28	3.598
2014-12-02 05:42:27.09	30251	21501	-88	-76	13
2014-12-02 05:52:20.987	30251	21501	-88	-76	13	-2.93	81.24	3.598
2014-12-02 06:02:17.554	30251	21501	-88	-76	16
2014-12-02 06:07:19.29	30251	21501	-88	-76	16	-2.96	81.28	3.598
2014-12-02 06:22:15.99	30251	21501	-88	-76	16
2014-12-02 06:22:16.011	30251	21501	-88	-76	16	-2.98	81.23	3.598
2014-12-02 06:32:15.243	30251	21501	-88	-76	16
2014-12-02 06:37:14.362	30251	21501	-85	-76	16	-3.03	81.29	3.598
2014-12-02 06:52:18.39	30251	21501	-88	-76	16	-3.11	81.4	3.588
2014-12-02 07:02:11.215	30251	21501	-88	-76	16
2014-12-02 07:02:11.234	30251	21501	-88	-76	15
2014-12-02 07:07:17.406	30251	21501	-88	-76	15	-3.07	81.39	3.598
2014-12-02 07:22:15.363	30251	21501	-88	-76	15	-3.06	81.35	3.598
2014-12-02 07:32:19.247	30251	21501	-85	-76	15
2014-12-02 07:37:13.363	30251	21501	-85	-77	15	-2.84	81.22	3.598
2014-12-02 07:42:23.946	30251	21501	-88	-76	15
2014-12-02 07:52:16.887	30251	21501	-88	-76	14	-2.52	80.94	3.598
2014-12-02 08:02:18.247	30251	21501	-85	-76	14
2014-12-02 08:07:15.279	30251	21501	-88	-76	14	-2.2	80.69	3.598
2014-12-02 08:22:22.318	30251	21501	-88	-76	14	-1.91	80.44	3.598
2014-12-02 08:22:23.354	30251	21501	-88	-76	14
2014-12-02 08:32:20.258	30251	21501	-85	-76	13
2014-12-02 08:37:18.307	30251	21501	-88	-76	13	-1.56	80.27	3.598
2014-12-02 08:52:29.506	30251	21501	-88	-76	12	-1.32	80.03	3.598
2014-12-02 09:02:22.242	30251	21501	-88	-76	12
2014-12-02 09:02:22.263	30251	21501	-85	-76	13
2014-12-02 09:07:19.339	30251	21501	-88	-76	13	-1.17	79.99	3.598
2014-12-02 09:22:13.287	30251	21501	-85	-76	13	-1.0	80.08	3.588
2014-12-02 09:32:26.903	30251	21501	-88	-76	13
2014-12-02 09:37:35.651	30251	21501	-88	-77	13	-0.86	79.99	3.598
2014-12-02 09:42:12.739	30251	21501	-88	-76	10
2014-12-02 09:52:16.299	30251	21501	-88	-76	10	-0.66	79.9	3.588
2014-12-02 10:02:16.178	30251	21501	-88	-76	10
2014-12-02 10:07:17.426	30251	21501	-88	-76	10	-0.35	79.97	3.598
2014-12-02 10:32:25.054	30251	21501	-88	-76	10
2014-12-02 10:37:14.135	30251	21501	-88	-77	10	0.17	79.72	3.598
2014-12-02 10:52:19.723	30251	21501	-88	-76	10	0.28	79.6	3.588
2014-12-02 11:02:26.734	30251	21501	-88	-76	10
2014-12-02 11:02:31.806	30251	21501	-85	-77	18
2014-12-02 11:07:17.974	30251	21501	-88	-77	15	0.39	79.65	3.598
2014-12-02 11:22:26.842	30251	21501	-88	-77	14	0.5	79.7	3.588
2014-12-02 11:32:16.867	30251	21501	-88	-77	15
2014-12-02 11:37:21.567	30251	21501	-88	-77	16	0.64	79.69	3.598
2014-12-02 11:52:26.578	30251	21501	-88	-76	16	0.79	79.53	3.588
2014-12-02 12:07:19.143	30251	21501	-88	-76	19	0.85	79.55	3.598
2014-12-02 12:22:13.383	30251	21501	-85	-77	22
2014-12-02 12:22:20.914	30251	21501	-88	-76	22	1.11	79.3	3.588
2014-12-02 12:32:20.986	30251	21501	-88	-76	19
2014-12-02 12:37:14.771	30251	21501	-85	-76	19	1.35	79.1	3.598
2014-12-02 13:02:19.079	30251	21501	-88	-76	17
2014-12-02 13:02:19.093	30251	21501	-88	-76	17
2014-12-02 13:52:15.328	30251	21501	-88	-75	10	2.1	78.81	3.588
2014-12-02 14:02:14.446	30251	21501	-85	-76	10
2014-12-02 14:07:16.99	30251	21501	-88	-76	10	2.25	79.06	3.598
2014-12-02 14:22:23.224	30251	21501	-85	-76	10
2014-12-02 14:22:23.394	30251	21501	-88	-76	10	2.35	79.04	3.588
2014-12-02 14:37:17.722	30251	21501	-88	-76	16	2.42	79.1	3.598
2014-12-02 14:52:19.786	30251	21501	-85	-76	14	2.51	79.19	3.588
2014-12-02 15:02:23.671	30251	21501	-85	-76	14
2014-12-02 15:02:25.51	30251	21501	-85	-76	14
2014-12-02 15:02:26.062	30251	21501	-85	-76	14
2014-12-02 15:02:27.006	30251	21501	-85	-76	14
2014-12-02 15:02:29.722	30251	21501	-85	-76	14
2014-12-02 15:02:32.043	30251	21501	-85	-76	14
2014-12-02 15:02:32.083	30251	21501	-85	-75	14
2014-12-02 15:07:24.334	30251	21501	-85	-75	14	2.57	79.27	3.598
2014-12-02 15:22:21.119	30251	21501	-88	-76	14	2.65	79.34	3.598
2014-12-02 15:32:28.147	30251	21501	-88	-76	14
2014-12-02 15:37:24.338	30251	21501	-85	-76	12	2.67	79.39	3.598
2014-12-02 15:42:24.65	30251	21501	-88	-76	12
2014-12-02 15:52:27.534	30251	21501	-88	-75	12	2.65	79.7	3.588
2014-12-02 16:02:28.058	30251	21501	-88	-76	12
2014-12-02 16:07:24.16	30251	21501	-88	-76	11	2.64	79.76	3.598
2014-12-02 16:22:25.094	30251	21501	-85	-76	14	2.68	79.87	3.588
2014-12-02 16:22:25.11	30251	21501	-88	-76	11
2014-12-02 16:32:29.03	30251	21501	-88	-76	13
2014-12-02 16:37:20.035	30251	21501	-88	-76	14	2.67	79.91	3.598
2014-12-02 16:52:21.095	30251	21501	-85	-76	17	2.6	79.99	3.588
2014-12-02 17:02:22.911	30251	21501	-88	-76	20
2014-12-02 17:02:22.926	30251	21501	-88	-76	20
2014-12-02 17:07:16.83	30251	21501	-88	-76	19	2.6	80.06	3.598
2014-12-02 17:22:33.883	30251	21501	-88	-76	18	2.6	80.13	3.588
2014-12-02 17:32:23.15	30251	21501	-88	-76	21
2014-12-02 17:37:34.008	30251	21501	-88	-76	18	2.64	80.09	3.598
2014-12-02 17:42:29.03	30251	21501	-88	-76	22
2014-12-02 17:52:16.83	30251	21501	-88	-76	31	2.72	80.07	3.588
2014-12-02 18:02:17.978	30251	21501	-88	-77	26
2014-12-02 18:07:24.874	30251	21501	-88	-76	24	2.82	79.99	3.598
2014-12-02 18:22:21.934	30251	21501	-88	-76	17
2014-12-02 18:22:23.878	30251	21501	-88	-76	17	2.93	79.9	3.567
2014-12-02 18:32:21.838	30251	21501	-88	-76	17
2014-12-02 18:52:23.846	30251	21501	-85	-77	23	3.18	79.74	3.588
2014-12-02 19:02:32.895	30251	21501	-88	-76	30
2014-12-02 19:02:43.231	30251	21501	-88	-77	30
2014-12-02 19:22:29.959	30251	21501	-88	-77	30	3.35	79.71	3.598
2014-12-02 19:32:25.944	30251	21501	-88	-76	38
2014-12-02 19:37:21.814	30251	21501	-88	-76	38	3.4	79.82	3.598
2014-12-02 19:52:23.882	30251	21501	-88	-76	36	3.56	79.73	3.588
2014-12-02 20:07:25.858	30251	21501	-88	-76	26	3.75	79.61	3.598
2014-12-02 20:22:22.812	30251	21501	-88	-76	20
2014-12-02 20:22:22.83	30251	21501	-88	-76	20	3.85	79.61	3.588
2014-12-02 20:32:26.639	30251	21501	-88	-76	18
2014-12-02 20:37:23.866	30251	21501	-88	-77	18	4.0	79.52	3.598
2014-12-02 20:52:22.83	30251	21501	-85	-76	18	4.1	79.47	3.588
2014-12-02 21:02:33.262	30251	21501	-88	-76	21
2014-12-02 21:07:15.734	30251	21501	-88	-76	21	4.21	79.54	3.598
2014-12-02 21:32:13.119	30251	21501	-88	-76	13
2014-12-02 21:32:14.146	30251	21501	-88	-76	13
2014-12-02 21:37:35.323	30251	21501	-88	-76	13	4.35	79.53	3.598
2014-12-02 21:37:36.018	30251	21501	-88	-76	13	4.35	79.53	3.598
2014-12-02 21:37:37.498	30251	21501	-88	-76	13	4.35	79.53	3.598
2014-12-02 21:42:16.118	30251	21501	-88	-76	11
2014-12-02 21:42:19.314	30251	21501	-88	-76	11
2014-12-02 21:42:23.843	30251	21501	-88	-76	11
2014-12-02 21:42:24.196	30251	21501	-88	-76	11
2014-12-02 21:52:27.88	30251	21501	-88	-76	11	4.42	79.59	3.588
2014-12-02 22:02:27.547	30251	21501	-88	-77	11
2014-12-02 22:07:21.063	30251	21501	-88	-76	11	4.57	79.53	3.598
2014-12-02 22:22:21.753	30251	21501	-91	-76	12
2014-12-02 22:22:21.77	30251	21501	-88	-76	15	4.65	79.41	3.588
2014-12-02 22:32:18.547	30251	21501	-88	-76	15
2014-12-02 22:37:22.778	30251	21501	-88	-76	15	4.74	79.57	3.598
2014-12-02 22:52:19.699	30251	21501	-88	-76	15	4.82	79.54	3.588
2014-12-02 23:02:15.255	30251	21501	-88	-76	15
2014-12-02 23:02:15.271	30251	21501	-88	-77	15
2014-12-02 23:07:22.746	30251	21501	-88	-76	15	4.89	79.5	3.598
2014-12-02 23:37:27.755	30251	21501	-88	-76	11	5.07	79.57	3.588
2014-12-02 23:42:19.214	30251	21501	-88	-76	11
2014-12-02 23:52:23.734	30251	21501	-88	-76	10	5.21	79.5	3.588
2014-12-03 00:02:21.415	30251	21501	-88	-76	10
2014-12-03 00:22:25.73	30251	21501	-88	-77	14
2014-12-03 00:22:37.783	30251	21501	-88	-76	17	5.56	79.39	3.588
2014-12-03 00:32:34.259	30251	21501	-88	-76	14
2014-12-03 00:37:21.675	30251	21501	-88	-76	13	5.61	79.35	3.598
2014-12-03 00:52:21.678	30251	21501	-88	-76	14	5.65	79.48	3.598
2014-12-03 01:02:21.115	30251	21501	-88	-76	14
2014-12-03 01:22:22.67	30251	21501	-88	-76	21	5.67	79.65	3.588
2014-12-03 01:32:21.359	30251	21501	-88	-77	21
2014-12-03 01:37:18.391	30251	21501	-88	-76	19	5.7	79.76	3.598
2014-12-03 01:42:19.827	30251	21501	-88	-76	19
2014-12-03 01:52:33.767	30251	21501	-88	-76	18	5.71	79.79	3.588
2014-12-03 02:02:26.522	30251	21501	-88	-77	28
2014-12-03 02:07:23.679	30251	21501	-91	-77	28	5.76	79.8	3.598
2014-12-03 02:22:27.654	30251	21501	-88	-76	32	5.78	79.8	3.567
2014-12-03 02:22:28.514	30251	21501	-88	-76	30
2014-12-03 02:32:24.359	30251	21501	-88	-77	32
2014-12-03 02:37:23.534	30251	21501	-88	-77	32	5.75	79.87	3.588
2014-12-03 02:52:26.646	30251	21501	-88	-77	30	5.71	79.93	3.588
2014-12-03 03:02:37.431	30251	21501	-88	-77	29
2014-12-03 03:02:37.451	30251	21501	-88	-77	29
2014-12-03 03:07:27.454	30251	21501	-88	-77	27	5.65	80.04	3.588
2014-12-03 03:37:31.45	30251	21501	-88	-77	27	5.43	80.25	3.598
2014-12-03 03:42:27.736	30251	21501	-88	-76	25
2014-12-03 03:52:16.895	30251	21501	-88	-77	25	5.29	80.36	3.588
2014-12-03 04:02:27.363	30251	21501	-91	-77	25
2014-12-03 04:07:25.315	30251	21501	-88	-78	25	5.15	80.47	3.598
2014-12-03 04:22:24.343	30251	21501	-91	-77	21
2014-12-03 04:22:24.382	30251	21501	-91	-78	21	5.06	80.55	3.588
2014-12-03 04:37:20.362	30251	21501	-91	-77	21	4.92	80.61	3.588
2014-12-03 04:52:27.095	30251	21501	-88	-77	21	4.82	80.68	3.588
2014-12-03 05:02:16.774	30251	21501	-88	-76	21
2014-12-03 05:02:16.791	30251	21501	-91	-77	21
2014-12-03 05:07:20.503	30251	21501	-88	-77	17	4.72	80.71	3.588
2014-12-03 05:32:20.843	30251	21501	-88	-77	15
2014-12-03 05:37:37.311	30251	21501	-91	-77	16	4.45	80.69	3.588
2014-12-03 05:42:28.763	30251	21501	-88	-78	19
2014-12-03 05:52:31.618	30251	21501	-88	-76	19	4.25	80.88	3.588
2014-12-03 06:02:20.215	30251	21501	-88	-77	19
2014-12-03 06:07:22.477	30251	21501	-88	-78	19	4.06	81.03	3.588
2014-12-03 06:22:20.466	30251	21501	-88	-77	19
2014-12-03 06:22:20.486	30251	21501	-88	-76	18	3.92	81.11	3.578
2014-12-03 06:32:16.663	30251	21501	-88	-78	15
2014-12-03 06:37:23.323	30251	21501	-88	-76	15	3.78	81.15	3.588
2014-12-03 06:52:20.643	30251	21501	-88	-78	14	3.7	81.13	3.588
2014-12-03 07:02:16.454	30251	21501	-88	-76	14
2014-12-03 07:07:20.454	30251	21501	-88	-77	14	3.64	81.07	3.588
2014-12-03 07:22:26.522	30251	21501	-91	-78	12	3.6	81.02	3.578
2014-12-03 07:32:21.686	30251	21501	-88	-77	12
2014-12-03 07:37:19.027	30251	21501	-88	-77	12	3.6	80.97	3.588
2014-12-03 07:42:17.43	30251	21501	-88	-76	12
2014-12-03 07:52:21.231	30251	21501	-88	-76	12	3.57	80.92	3.578
2014-12-03 07:52:23.039	30251	21501	-88	-76	12	3.57	80.92	3.578
2014-12-03 07:52:24.927	30251	21501	-88	-76	12	3.57	80.92	3.578
2014-12-03 08:02:15.794	30251	21501	-88	-78	12
2014-12-03 08:07:19.615	30251	21501	-88	-77	13	3.61	80.83	3.588
2014-12-03 08:22:16.998	30251	21501	-88	-78	11
2014-12-03 08:22:17.43	30251	21501	-88	-77	11	3.63	80.69	3.578
2014-12-03 08:32:20.554	30251	21501	-88	-77	11
2014-12-03 08:37:22.47	30251	21501	-88	-77	11	3.76	80.61	3.588
2014-12-03 08:52:20.994	30251	21501	-88	-77	11	3.75	80.51	3.578
2014-12-03 09:02:27.949	30251	21501	-88	-77	12
2014-12-03 09:02:27.967	30251	21501	-88	-77	12
2014-12-03 09:07:26.446	30251	21501	-91	-77	12	3.78	80.44	3.588
2014-12-03 09:22:25.418	30251	21501	-91	-78	13	3.78	80.47	3.588
2014-12-03 09:32:26.611	30251	21501	-88	-78	16
2014-12-03 09:37:20.363	30251	21501	-88	-76	15	3.76	80.4	3.588
2014-12-03 09:42:31.062	30251	21501	-88	-78	15
2014-12-03 09:52:25.126	30251	21501	-88	-77	15	3.68	80.45	3.588
2014-12-03 10:02:34.442	30251	21501	-88	-77	15
2014-12-03 10:07:30.055	30251	21501	-91	-78	16	3.57	80.54	3.578
2014-12-03 10:22:24.082	30251	21501	-88	-78	19
2014-12-03 10:22:24.178	30251	21501	-88	-78	19	3.43	80.67	3.557
2014-12-03 10:32:19.742	30251	21501	-88	-78	18
2014-12-03 10:32:25.326	30251	21501	-88	-78	18
2014-12-03 10:37:22.358	30251	21501	-88	-77	18	3.38	80.78	3.588
2014-12-03 10:52:21.335	30251	21501	-88	-76	18	3.38	80.71	3.578
2014-12-03 11:02:22.778	30251	21501	-88	-78	18
2014-12-03 11:07:27.926	30251	21501	-88	-78	17	3.47	80.54	3.588
2014-12-03 11:22:31.279	30251	21501	-91	-78	15	3.53	80.41	3.578
2014-12-03 11:32:32.527	30251	21501	-88	-77	11
2014-12-03 11:37:30.042	30251	21501	-88	-77	11	3.47	80.38	3.578
2014-12-03 11:42:21.887	30251	21501	-88	-77	11
2014-12-03 11:52:18.347	30251	21501	-88	-77	12	3.38	80.4	3.588
2014-12-03 12:02:20.408	30251	21501	-91	-77	12
2014-12-03 12:07:21.318	30251	21501	-88	-77	12	3.28	80.52	3.588
2014-12-03 12:22:20.883	30251	21501	-88	-77	12	3.15	80.59	3.578
2014-12-03 12:22:22.538	30251	21501	-88	-77	12
2014-12-03 12:37:18.807	30251	21501	-88	-76	10	3.0	80.79	3.578
2014-12-03 12:52:22.812	30251	21501	-88	-76	10	3.25	80.61	3.578
2014-12-03 13:02:20.674	30251	21501	-91	-79	11
2014-12-03 13:02:20.694	30251	21501	-91	-77	10
2014-12-03 13:07:24.874	30251	21501	-88	-78	11	3.29	80.38	3.588
2014-12-03 13:22:30.726	30251	21501	-91	-78	11	3.38	80.21	3.588
2014-12-03 13:32:24.758	30251	21501	-88	-78	10
2014-12-03 13:37:22.986	30251	21501	-88	-77	14	3.53	79.99	3.578
2014-12-03 13:42:24.282	30251	21501	-91	-78	15
2014-12-03 13:52:34.494	30251	21501	-88	-76	15	3.6	79.89	3.567
2014-12-03 14:02:23.507	30251	21501	-88	-76	16
2014-12-03 14:07:43.891	30251	21501	-91	-77	16	3.39	79.98	3.578
2014-12-03 14:22:25.499	30251	21501	-88	-76	12
2014-12-03 14:22:25.539	30251	21501	-88	-76	12	3.29	80.24	3.578
2014-12-03 14:37:18.81	30251	21501	-88	-77	12	3.28	80.24	3.578
2014-12-03 14:37:20.258	30251	21501	-88	-77	12	3.28	80.24	3.578
2014-12-03 14:52:27.246	30251	21501	-88	-78	12	3.33	80.23	3.578
2014-12-03 15:02:21.519	30251	21501	-88	-77	12
2014-12-03 15:02:21.939	30251	21501	-88	-77	12
2014-12-03 15:07:30.762	30251	21501	-88	-77	12	3.32	80.15	3.578
2014-12-03 15:22:22.006	30251	21501	-88	-77	10	3.35	80.21	3.578
2014-12-03 15:37:32.803	30251	21501	-88	-76	10	3.4	80.01	3.578
2014-12-03 15:42:23.19	30251	21501	-91	-77	10
2014-12-03 15:52:25.646	30251	21501	-88	-77	10	3.28	80.12	3.567
2014-12-03 16:02:19.455	30251	21501	-88	-77	11
2014-12-03 16:07:25.614	30251	21501	-88	-76	11	3.25	80.32	3.578
2014-12-03 16:22:29.466	30251	21501	-88	-77	11
2014-12-03 16:22:29.482	30251	21501	-88	-77	11	3.15	80.35	3.567
2014-12-03 16:32:21.45	30251	21501	-88	-77	11
2014-12-03 16:37:19.526	30251	21501	-88	-78	11	2.9	80.6	3.578
2014-12-03 16:52:19.53	30251	21501	-88	-77	11	2.68	80.9	3.578
2014-12-03 17:02:21.422	30251	21501	-88	-76	11
2014-12-03 17:02:23.468	30251	21501	-85	-76	11
2014-12-03 17:07:22.586	30251	21501	-88	-76	11	2.38	81.23	3.578
2014-12-03 17:22:22.571	30251	21501	-88	-76	11	2.07	81.46	3.567
2014-12-03 17:32:17.875	30251	21501	-88	-76	11
2014-12-03 17:42:26.186	30251	21501	-88	-76	29
2014-12-03 17:52:21.099	30251	21501	-88	-76	37	1.43	82.14	3.567
2014-12-03 18:02:25.998	30251	21501	-88	-76	37
2014-12-03 18:07:17.559	30251	21501	-88	-76	37	1.21	82.36	3.578
2014-12-03 18:07:18.319	30251	21501	-88	-76	37	1.21	82.36	3.578
2014-12-03 18:07:19.679	30251	21501	-88	-76	37	1.21	82.36	3.578
2014-12-03 18:07:20.846	30251	21501	-88	-76	37	1.21	82.36	3.578
2014-12-03 18:22:24.427	30251	21501	-91	-76	34
2014-12-03 18:22:24.443	30251	21501	-88	-76	34	0.93	82.43	3.567
2014-12-03 18:32:19.283	30251	21501	-88	-76	34
2014-12-03 18:52:17.247	30251	21501	-88	-76	33	0.65	82.43	3.567
2014-12-03 19:02:19.222	30251	21501	-88	-77	33
2014-12-03 19:02:19.535	30251	21501	-88	-77	31
2014-12-03 19:07:23.887	30251	21501	-88	-76	31	0.6	82.33	3.578
2014-12-03 19:22:20.034	30251	21501	-88	-77	28	0.47	82.28	3.567
2014-12-03 19:32:30.146	30251	21501	-88	-76	28
2014-12-03 19:37:19.891	30251	21501	-88	-77	28	0.29	82.3	3.567
2014-12-03 19:42:19.15	30251	21501	-85	-76	26
2014-12-03 19:52:18.023	30251	21501	-88	-76	26	0.25	82.25	3.567
2014-12-03 20:02:19.288	30251	21501	-88	-76	26
2014-12-03 20:07:30.186	30251	21501	-88	-76	25	0.14	82.11	3.567
2014-12-03 20:22:19.407	30251	21501	-88	-77	27
2014-12-03 20:22:24.483	30251	21501	-91	-76	27	0.04	82.22	3.567
2014-12-03 20:32:26.35	30251	21501	-85	-76	27
2014-12-03 20:37:25.439	30251	21501	-85	-77	25	0.0	82.03	3.567
2014-12-03 20:52:26.462	30251	21501	-88	-76	23	-0.11	82.09	3.567
2014-12-03 21:02:30.335	30251	21501	-88	-77	23
2014-12-03 21:02:30.348	30251	21501	-88	-76	23
2014-12-03 21:07:27.483	30251	21501	-91	-76	19	-0.23	82.11	3.567
2014-12-03 21:22:25.418	30251	21501	-88	-76	20	-0.39	82.2	3.557
2014-12-03 21:32:28.111	30251	21501	-85	-76	20
2014-12-03 21:37:21.83	30251	21501	-85	-76	19	-0.48	82.18	3.567
2014-12-03 21:42:25.478	30251	21501	-85	-76	19
2014-12-03 21:52:36.422	30251	21501	-85	-76	19	-0.52	82.06	3.557
2014-12-03 22:02:19.214	30251	21501	-85	-76	18
2014-12-03 22:07:20.222	30251	21501	-88	-76	18	-0.57	82.07	3.567
2014-12-03 22:22:22.667	30251	21501	-85	-76	18
2014-12-03 22:22:22.684	30251	21501	-88	-76	18	-0.6	82.06	3.557
2014-12-03 22:32:29.262	30251	21501	-88	-77	17
2014-12-03 22:37:29.21	30251	21501	-88	-76	16	-0.71	82.08	3.567
2014-12-03 22:52:21.194	30251	21501	-88	-76	13	-0.7	82.02	3.557
2014-12-03 23:02:24.211	30251	21501	-88	-76	14
2014-12-03 23:02:24.226	30251	21501	-88	-77	13
2014-12-03 23:07:21.686	30251	21501	-88	-76	15	-0.7	81.86	3.567
2014-12-03 23:22:19.11	30251	21501	-88	-76	14	-0.75	81.94	3.567
2014-12-03 23:32:26.634	30251	21501	-88	-76	14
2014-12-03 23:37:30.698	30251	21501	-88	-76	14	-0.79	81.84	3.567
2014-12-03 23:42:25.795	30251	21501	-88	-76	25
2014-12-03 23:52:20.619	30251	21501	-88	-76	25	-0.82	81.88	3.557
2014-12-04 00:02:23.558	30251	21501	-88	-76	25
2014-12-04 00:07:20.53	30251	21501	-88	-76	25	-0.96	81.82	3.557
2014-12-04 00:22:18.515	30251	21501	-88	-76	25
2014-12-04 00:22:20.563	30251	21501	-88	-77	25	-1.14	82.01	3.557
2014-12-04 00:32:21.846	30251	21501	-88	-76	25
2014-12-04 00:52:23.566	30251	21501	-88	-77	29	-1.28	82.04	3.557
2014-12-04 01:02:22.063	30251	21501	-85	-76	42
2014-12-04 01:02:22.079	30251	21501	-88	-76	42
2014-12-04 01:07:19.462	30251	21501	-88	-76	42	-1.39	82.01	3.557
2014-12-04 01:32:30.831	30251	21501	-88	-76	39
2014-12-04 01:42:20.594	30251	21501	-88	-76	44
2014-12-04 01:52:22.576	30251	21501	-85	-76	47	-1.74	82.11	3.557
2014-12-04 02:02:28.247	30251	21501	-88	-76	47
2014-12-04 02:07:19.446	30251	21501	-88	-76	43	-1.84	82.18	3.567
2014-12-04 02:22:28.599	30251	21501	-88	-77	40
2014-12-04 02:22:28.619	30251	21501	-97	-76	41	-1.96	82.13	3.547
2014-12-04 02:32:23.595	30251	21501	-88	-76	41
2014-12-04 02:37:20.398	30251	21501	-85	-76	41	-1.96	82.15	3.557
2014-12-04 02:52:22.443	30251	21501	-85	-76	41	-2.02	82.09	3.547
2014-12-04 03:02:21.667	30251	21501	-88	-76	38
2014-12-04 03:02:21.683	30251	21501	-88	-76	38
2014-12-04 03:07:19.382	30251	21501	-88	-76	35	-1.96	82.33	3.557
2014-12-04 03:22:20.403	30251	21501	-88	-77	35	-2.02	82.11	3.547
2014-12-04 03:32:30.635	30251	21501	-88	-77	35
2014-12-04 03:37:22.395	30251	21501	-88	-77	33	-2.2	82.09	3.557
2014-12-04 03:42:22.506	30251	21501	-88	-76	33
2014-12-04 03:52:21.386	30251	21501	-88	-77	31	-2.38	82.21	3.547
2014-12-04 04:02:23.09	30251	21501	-88	-77	31
2014-12-04 04:07:21.354	30251	21501	-88	-77	30	-2.53	82.28	3.557
2014-12-04 04:22:18.466	30251	21501	-85	-77	30	-2.64	82.3	3.547
2014-12-04 04:22:18.522	30251	21501	-91	-77	30
2014-12-04 04:32:18.16	30251	21501	-88	-77	28
2014-12-04 04:52:21.842	30251	21501	-88	-77	28	-2.78	82.15	3.547
2014-12-04 05:02:20.915	30251	21501	-88	-77	28
2014-12-04 05:02:22.987	30251	21501	-88	-77	26
2014-12-04 05:07:23.175	30251	21501	-88	-78	26	-2.79	82.06	3.557
2014-12-04 05:22:25.939	30251	21501	-88	-78	24	-2.66	81.96	3.547
2014-12-04 05:42:27.851	30251	21501	-91	-78	32
2014-12-04 05:42:28.295	30251	21501	-91	-78	32
2014-12-04 05:42:30.555	30251	21501	-91	-78	32
2014-12-04 05:52:18.136	30251	21501	-88	-78	46	-2.39	81.48	3.547
2014-12-04 06:02:30.527	30251	21501	-91	-78	46
2014-12-04 06:07:25.496	30251	21501	-88	-78	46	-2.41	81.46	3.547
2014-12-04 06:22:30.334	30251	21501	-88	-78	43
2014-12-04 06:22:30.351	30251	21501	-88	-79	43	-2.46	81.51	3.547
2014-12-04 06:32:34.198	30251	21501	-91	-78	43
2014-12-04 06:37:25.234	30251	21501	-88	-78	40	-2.53	81.52	3.557
2014-12-04 06:52:27.235	30251	21501	-91	-78	37	-2.64	81.72	3.537
2014-12-04 07:02:32.147	30251	21501	-91	-78	34
2014-12-04 07:02:32.164	30251	21501	-88	-77	34
2014-12-04 07:07:30.398	30251	21501	-91	-77	34	-2.5	81.53	3.547
2014-12-04 07:22:27.323	30251	21501	-91	-77	39	-2.39	81.37	3.547
2014-12-04 07:32:31.127	30251	21501	-88	-77	39
2014-12-04 07:37:27.243	30251	21501	-88	-78	39	-2.29	81.28	3.547
2014-12-04 07:42:21.682	30251	21501	-88	-78	37
2014-12-04 07:52:23.722	30251	21501	-88	-78	37	-2.16	81.2	3.537
2014-12-04 08:02:20.043	30251	21501	-91	-78	34
2014-12-04 08:07:25.202	30251	21501	-91	-78	31	-2.04	81.05	3.547
2014-12-04 08:22:26.203	30251	21501	-88	-78	32
2014-12-04 08:22:26.221	30251	21501	-91	-78	32	-1.81	80.85	3.537
2014-12-04 08:37:19.05	30251	21501	-88	-78	30	-1.57	80.63	3.547
2014-12-04 08:52:23.519	30251	21501	-88	-78	29	-1.39	80.49	3.537
2014-12-04 09:02:24.091	30251	21501	-88	-78	29
2014-12-04 09:02:24.107	30251	21501	-91	-78	29
2014-12-04 09:07:28.294	30251	21501	-88	-78	29	-1.21	80.44	3.547
2014-12-04 09:32:31.098	30251	21501	-88	-78	27
2014-12-04 09:37:24.175	30251	21501	-88	-78	38	-0.43	80.0	3.547
2014-12-04 09:42:19.615	30251	21501	-88	-78	38
2014-12-04 09:52:23.302	30251	21501	-88	-78	35	-0.07	79.76	3.537
2014-12-04 10:02:32.13	30251	21501	-88	-78	33
2014-12-04 10:07:26.13	30251	21501	-88	-78	33	0.32	79.38	3.547
2014-12-04 10:22:21.455	30251	21501	-88	-78	32
2014-12-04 10:22:21.474	30251	21501	-88	-78	32	0.63	78.93	3.537
2014-12-04 10:32:26.02	30251	21501	-88	-77	32
2014-12-04 10:52:33.182	30251	21501	-88	-77	38	1.2	78.71	3.537
2014-12-04 11:02:23.967	30251	21501	-88	-77	62
2014-12-04 11:02:23.98	30251	21501	-88	-77	62
2014-12-04 11:07:22.122	30251	21501	-88	-77	62	1.57	78.39	3.547
2014-12-04 11:22:21.258	30251	21501	-88	-77	56	2.11	78.05	3.537
2014-12-04 11:32:25.463	30251	21501	-88	-76	51
2014-12-04 11:37:26.068	30251	21501	-88	-77	51	2.78	76.99	3.547
2014-12-04 11:42:29.623	30251	21501	-88	-77	51
2014-12-04 11:52:40.438	30251	21501	-88	-77	48	2.92	77.26	3.537
2014-12-04 12:02:26.902	30251	21501	-88	-76	48
2014-12-04 12:07:24.935	30251	21501	-88	-76	45	3.1	77.47	3.557
2014-12-04 12:22:29.319	30251	21501	-88	-76	45
2014-12-04 12:22:30.475	30251	21501	-88	-76	45
2014-12-04 12:22:31.378	30251	21501	-88	-76	45
2014-12-04 12:22:31.762	30251	21501	-88	-76	45
2014-12-04 12:22:32.735	30251	21501	-88	-76	45
2014-12-04 12:22:33.891	30251	21501	-88	-76	45
2014-12-04 12:22:34.103	30251	21501	-88	-77	45	3.1	77.71	3.537
2014-12-04 12:32:27.895	30251	21501	-85	-77	45
2014-12-04 12:37:27.715	30251	21501	-88	-76	43	3.43	77.84	3.547
2014-12-04 12:52:20.91	30251	21501	-88	-76	37	3.68	77.55	3.537
2014-12-04 12:52:25.17	30251	21501	-88	-76	37	3.68	77.55	3.537
2014-12-04 13:02:22.106	30251	21501	-88	-76	37
2014-12-04 13:02:23.063	30251	21501	-88	-76	37
2014-12-04 13:02:30.366	30251	21501	-88	-76	37
2014-12-04 13:22:23.004	30251	21501	-85	-76	34	3.6	78.11	3.537
2014-12-04 13:32:39.015	30251	21501	-88	-76	34
2014-12-04 13:37:22.171	30251	21501	-88	-76	34	3.83	77.83	3.547
2014-12-04 13:42:24.479	30251	21501	-91	-76	31
2014-12-04 13:52:22.471	30251	21501	-85	-76	31	3.74	78.24	3.537
2014-12-04 14:02:19.019	30251	21501	-88	-76	31
2014-12-04 14:07:24.714	30251	21501	-88	-76	24	3.51	78.46	3.547
2014-12-04 14:07:27.574	30251	21501	-88	-76	24	3.51	78.46	3.547
2014-12-04 14:07:29.167	30251	21501	-88	-76	24	3.51	78.46	3.547
2014-12-04 14:22:20.855	30251	21501	-88	-76	16	3.18	79.03	3.527
2014-12-04 14:32:21.023	30251	21501	-88	-76	16
2014-12-04 14:37:32.935	30251	21501	-85	-76	15	3.13	79.26	3.537
2014-12-04 14:52:23.831	30251	21501	-88	-76	23	3.1	79.39	3.537
2014-12-04 15:02:21.087	30251	21501	-85	-76	23
2014-12-04 15:02:23.782	30251	21501	-85	-76	23
2014-12-04 15:07:32.079	30251	21501	-88	-76	23	3.03	79.43	3.547
2014-12-04 15:22:20.759	30251	21501	-88	-76	22	2.93	79.47	3.537
2014-12-04 15:32:28.779	30251	21501	-88	-76	18
2014-12-04 15:37:19.767	30251	21501	-85	-76	17	2.57	79.7	3.547
2014-12-04 15:42:31.879	30251	21501	-85	-76	17
2014-12-04 15:52:19.715	30251	21501	-85	-76	17	2.32	80.07	3.537
2014-12-04 16:02:25.419	30251	21501	-85	-76	17
2014-12-04 16:22:29.254	30251	21501	-88	-76	13	1.81	80.54	3.527
2014-12-04 16:32:27.543	30251	21501	-88	-76	13
2014-12-04 16:37:26.562	30251	21501	-88	-76	14	1.56	80.69	3.547
2014-12-04 16:52:26.759	30251	21501	-88	-76	17	0.82	81.56	3.537
2014-12-04 17:02:29.498	30251	21501	-85	-76	35
2014-12-04 17:02:29.534	30251	21501	-88	-75	19
2014-12-04 17:07:26.254	30251	21501	-85	-76	35	0.14	82.56	3.547
2014-12-04 17:22:21.71	30251	21501	-85	-75	35	-0.31	82.95	3.537
2014-12-04 17:32:21.51	30251	21501	-85	-75	35
2014-12-04 17:37:30.89	30251	21501	-85	-75	35	-0.53	82.89	3.547
2014-12-04 17:42:31.574	30251	21501	-85	-75	33
2014-12-04 17:52:21.098	30251	21501	-88	-75	33	-0.89	82.96	3.537
2014-12-04 17:52:21.698	30251	21501	-88	-75	33	-0.89	82.96	3.537
2014-12-04 17:52:22.812	30251	21501	-88	-75	33	-0.89	82.96	3.537
2014-12-04 17:52:23.714	30251	21501	-88	-75	33	-0.89	82.96	3.537
2014-12-04 17:52:25.714	30251	21501	-88	-75	33	-0.89	82.96	3.537
2014-12-04 18:02:24.643	30251	21501	-85	-74	33
2014-12-04 18:07:37.838	30251	21501	-82	-75	32	-1.13	82.97	3.537
2014-12-04 18:22:23.618	30251	21501	-85	-75	32
2014-12-04 18:22:23.655	30251	21501	-88	-75	31	-1.34	82.88	3.527
2014-12-04 18:37:22.626	30251	21501	-85	-75	31	-1.43	82.79	3.537
2014-12-04 18:52:24.582	30251	21501	-85	-75	27	-1.53	82.54	3.527
2014-12-04 19:02:25.926	30251	21501	-88	-76	27
2014-12-04 19:02:25.942	30251	21501	-88	-76	27
2014-12-04 19:07:26.638	30251	21501	-88	-75	25	-1.71	82.61	3.537
2014-12-04 19:22:21.51	30251	21501	-85	-76	25	-1.75	82.47	3.527
2014-12-04 19:32:29.755	30251	21501	-85	-76	25
2014-12-04 19:42:24.69	30251	21501	-85	-76	24
2014-12-04 19:52:21.526	30251	21501	-85	-76	24	-1.79	82.23	3.527
2014-12-04 20:02:37.419	30251	21501	-88	-76	22
2014-12-04 20:07:22.555	30251	21501	-88	-76	21	-1.96	82.13	3.537
2014-12-04 20:22:28.563	30251	21501	-88	-76	21
2014-12-04 20:22:28.582	30251	21501	-88	-76	21	-2.02	82.04	3.527
2014-12-04 20:32:25.615	30251	21501	-88	-76	21
2014-12-04 20:37:25.49	30251	21501	-88	-76	21	-2.11	82.02	3.537
2014-12-04 20:52:21.459	30251	21501	-88	-76	21	-2.2	82.18	3.527
2014-12-04 21:02:22.554	30251	21501	-88	-76	20
2014-12-04 21:02:22.574	30251	21501	-85	-76	20
2014-12-04 21:07:24.451	30251	21501	-85	-76	20	-1.92	81.89	3.537
2014-12-04 21:22:21.398	30251	21501	-85	-77	20	-1.42	81.33	3.527
2014-12-04 21:32:26.538	30251	21501	-88	-76	20
2014-12-04 21:37:25.962	30251	21501	-88	-76	19	-1.06	80.77	3.527
2014-12-04 21:42:31.198	30251	21501	-88	-76	18
2014-12-04 21:52:25.438	30251	21501	-85	-76	18	-0.86	80.52	3.527
2014-12-04 22:02:30.191	30251	21501	-85	-76	18
2014-12-04 22:07:39.603	30251	21501	-88	-76	21	-0.75	80.34	3.527
2014-12-04 22:22:23.402	30251	21501	-88	-76	35
2014-12-04 22:22:23.418	30251	21501	-88	-77	35	-0.78	80.38	3.527
2014-12-04 22:37:29.471	30251	21501	-88	-76	35	-0.67	80.5	3.527
2014-12-04 22:52:23.387	30251	21501	-88	-76	24	-0.6	80.4	3.517
2014-12-04 23:02:36.678	30251	21501	-88	-77	29
2014-12-04 23:02:36.702	30251	21501	-88	-77	24
2014-12-04 23:07:29.483	30251	21501	-88	-76	29	-0.61	80.44	3.527
2014-12-04 23:22:32.571	30251	21501	-85	-76	29	-0.6	80.51	3.517
2014-12-04 23:32:28.507	30251	21501	-88	-77	27
2014-12-04 23:37:29.627	30251	21501	-88	-77	25	-0.6	80.49	3.527
2014-12-04 23:52:25.123	30251	21501	-88	-76	27	-0.64	80.55	3.517
2014-12-05 00:02:26.003	30251	21501	-88	-76	26
2014-12-05 00:07:24.426	30251	21501	-88	-76	26	-0.61	80.56	3.527
2014-12-05 00:22:25.338	30251	21501	-85	-76	25
2014-12-05 00:22:32.474	30251	21501	-88	-76	25	-0.67	80.56	3.517
2014-12-05 00:32:33.539	30251	21501	-88	-77	25
2014-12-05 00:37:22.278	30251	21501	-88	-76	25	-0.79	80.7	3.527
2014-12-05 00:52:24.274	30251	21501	-88	-77	25	-0.89	80.9	3.517
2014-12-05 01:02:22.455	30251	21501	-88	-77	23
2014-12-05 01:07:28.354	30251	21501	-88	-77	23	-0.89	80.86	3.527
2014-12-05 01:22:21.238	30251	21501	-88	-76	23	-0.81	80.76	3.517
2014-12-05 01:32:31.478	30251	21501	-85	-77	23
2014-12-05 01:37:36.098	30251	21501	-88	-77	22	-0.79	80.7	3.527
2014-12-05 01:52:26.322	30251	21501	-88	-76	22	-0.74	80.62	3.527
2014-12-05 02:02:41.103	30251	21501	-88	-76	22
2014-12-05 02:07:27.422	30251	21501	-88	-76	24	-0.78	80.47	3.527
2014-12-05 02:22:35.438	30251	21501	-88	-76	24
2014-12-05 02:32:30.602	30251	21501	-88	-77	22
2014-12-05 02:37:32.262	30251	21501	-88	-76	30	-0.84	80.78	3.527
2014-12-05 02:52:24.19	30251	21501	-85	-76	30	-0.67	80.52	3.507
2014-12-05 03:02:20.279	30251	21501	-88	-76	30
2014-12-05 03:02:20.303	30251	21501	-88	-77	30
2014-12-05 03:07:22.151	30251	21501	-88	-77	28	-0.6	80.42	3.517
2014-12-05 03:22:30.199	30251	21501	-88	-76	28	-0.53	80.35	3.517
2014-12-05 03:32:22.387	30251	21501	-88	-76	30
2014-12-05 03:37:23.118	30251	21501	-88	-77	30	-0.43	80.32	3.517
2014-12-05 03:42:25.143	30251	21501	-85	-76	30
2014-12-05 03:52:30.243	30251	21501	-88	-77	30	-0.32	80.26	3.517
2014-12-05 04:02:27.914	30251	21501	-88	-76	20
2014-12-05 04:07:25.427	30251	21501	-88	-76	18	-0.25	80.18	3.498
2014-12-05 04:22:28.162	30251	21501	-88	-76	16	-0.17	80.2	3.517
2014-12-05 04:22:28.175	30251	21501	-88	-77	16
2014-12-05 04:32:24.427	30251	21501	-88	-76	16
2014-12-05 04:37:28.122	30251	21501	-88	-77	16	-0.06	80.11	3.517
2014-12-05 04:52:28.147	30251	21501	-88	-76	16	0.03	80.04	3.507
2014-12-05 05:02:28.495	30251	21501	-88	-76	16
2014-12-05 05:02:28.512	30251	21501	-85	-76	16
2014-12-05 05:07:23.07	30251	21501	-88	-77	16	0.04	79.97	3.517
2014-12-05 05:22:30.095	30251	21501	-88	-76	16	-0.02	80.28	3.517
2014-12-05 05:32:22.327	30251	21501	-88	-76	15
2014-12-05 05:37:32.15	30251	21501	-85	-76	14	0.0	80.3	3.517
2014-12-05 05:42:31.671	30251	21501	-85	-76	14
2014-12-05 05:52:27.12	30251	21501	-88	-76	14	-0.03	80.32	3.507
2014-12-05 06:02:25.746	30251	21501	-88	-76	18
2014-12-05 06:07:24.01	30251	21501	-88	-76	18	0.01	80.38	3.517
2014-12-05 06:22:23.97	30251	21501	-88	-76	18
2014-12-05 06:22:30.058	30251	21501	-88	-76	18	0.1	80.31	3.507
2014-12-05 06:32:30.191	30251	21501	-88	-76	17
2014-12-05 06:37:22.967	30251	21501	-85	-76	17	0.21	80.24	3.517
2014-12-05 06:52:27.019	30251	21501	-85	-77	16	0.33	80.13	3.507
2014-12-05 07:02:23.174	30251	21501	-88	-77	15
2014-12-05 07:02:24.192	30251	21501	-88	-76	15
2014-12-05 07:07:33.623	30251	21501	-88	-76	15	0.46	80.04	3.517
2014-12-05 07:22:28.015	30251	21501	-85	-76	18	0.57	79.95	3.507
2014-12-05 07:32:34.226	30251	21501	-88	-76	18
2014-12-05 07:37:30.014	30251	21501	-88	-76	21	0.71	79.89	3.517
2014-12-05 07:42:26.863	30251	21501	-88	-76	21
2014-12-05 07:52:28.851	30251	21501	-85	-76	21	0.85	79.88	3.507
2014-12-05 08:02:30.214	30251	21501	-88	-76	21
2014-12-05 08:07:36.046	30251	21501	-97	-76	20	1.01	79.82	3.517
2014-12-05 08:22:25.874	30251	21501	-85	-76	23	1.17	79.62	3.507
2014-12-05 08:22:26.171	30251	21501	-85	-76	20
2014-12-05 08:32:23.107	30251	21501	-85	-76	23
2014-12-05 08:37:31.223	30251	21501	-88	-76	23	1.45	79.45	3.498
2014-12-05 08:52:31.122	30251	21501	-88	-76	19	1.79	79.19	3.507
2014-12-05 09:02:33.951	30251	21501	-88	-76	22
2014-12-05 09:07:29.275	30251	21501	-85	-76	22	2.1	78.88	3.517
2014-12-05 09:22:26.803	30251	21501	-85	-76	22	2.32	78.86	3.507
2014-12-05 09:32:27.943	30251	21501	-88	-76	24
2014-12-05 09:37:30.874	30251	21501	-88	-76	24	2.56	78.75	3.517
2014-12-05 09:42:27.851	30251	21501	-88	-76	24
2014-12-05 09:52:22.794	30251	21501	-88	-76	24	2.75	78.77	3.507
2014-12-05 10:02:28.679	30251	21501	-88	-76	24
2014-12-05 10:07:27.827	30251	21501	-85	-76	21	3.03	78.66	3.517
2014-12-05 10:22:26.774	30251	21501	-88	-76	23
2014-12-05 10:22:35.886	30251	21501	-88	-76	23	3.38	78.45	3.507
2014-12-05 10:32:23.915	30251	21501	-88	-76	23
2014-12-05 10:37:27.807	30251	21501	-85	-76	21	3.45	78.47	3.517
2014-12-05 10:52:34.822	30251	21501	-88	-76	21	3.56	78.66	3.507
2014-12-05 11:02:36.062	30251	21501	-85	-76	23
2014-12-05 11:07:23.898	30251	21501	-85	-76	23	3.6	78.79	3.517
2014-12-05 11:22:28.847	30251	21501	-88	-76	23	3.71	78.81	3.507
2014-12-05 11:32:32.238	30251	21501	-85	-75	23
2014-12-05 11:37:26.156	30251	21501	-85	-75	22	3.74	78.99	3.517
2014-12-05 11:42:30.162	30251	21501	-85	-76	24
2014-12-05 11:52:26.55	30251	21501	-88	-76	24	3.72	79.1	3.507
2014-12-05 12:02:36.49	30251	21501	-85	-75	24
2014-12-05 12:07:33.131	30251	21501	-88	-76	24	3.78	79.24	3.517
2014-12-05 12:22:31.766	30251	21501	-85	-75	24
2014-12-05 12:22:32.231	30251	21501	-85	-75	24	3.96	79.11	3.507
2014-12-05 12:32:35.598	30251	21501	-85	-75	22
2014-12-05 12:32:37.034	30251	21501	-85	-75	22
2014-12-05 12:32:37.634	30251	21501	-85	-75	22
2014-12-05 12:32:38.702	30251	21501	-85	-75	22
2014-12-05 12:32:41.071	30251	21501	-85	-75	22
2014-12-05 12:32:41.838	30251	21501	-85	-75	22
2014-12-05 12:37:30.278	30251	21501	-85	-75	24	4.07	79.06	3.517
2014-12-05 12:52:41.602	30251	21501	-88	-75	24	4.13	79.17	3.507
2014-12-05 13:02:32.063	30251	21501	-88	-75	26
2014-12-05 13:02:33.103	30251	21501	-85	-75	26
2014-12-05 13:07:38.45	30251	21501	-85	-75	26	4.15	79.25	3.517
2014-12-05 13:22:31.066	30251	21501	-85	-75	22	4.15	79.39	3.507
2014-12-05 13:32:35.991	30251	21501	-88	-75	24
2014-12-05 13:37:43.218	30251	21501	-85	-75	24	4.18	79.42	3.517
2014-12-05 13:42:26.542	30251	21501	-88	-76	26
2014-12-05 13:52:30.635	30251	21501	-85	-76	25	4.22	79.43	3.507
2014-12-05 14:02:29.902	30251	21501	-85	-76	25
2014-12-05 14:07:28.975	30251	21501	-85	-76	25	4.21	79.47	3.527
2014-12-05 14:22:30.115	30251	21501	-85	-76	25
2014-12-05 14:22:30.13	30251	21501	-85	-77	27	4.25	79.48	3.507
2014-12-05 14:32:26.854	30251	21501	-88	-77	27
2014-12-05 14:37:33.01	30251	21501	-88	-76	27	4.4	79.52	3.517
2014-12-05 14:52:28.019	30251	21501	-88	-77	23	4.42	79.45	3.507
2014-12-05 15:02:28.822	30251	21501	-88	-78	23
2014-12-05 15:02:28.842	30251	21501	-88	-78	23
2014-12-05 15:07:35.102	30251	21501	-88	-78	23	4.47	79.44	3.517
2014-12-05 15:22:32.09	30251	21501	-91	-78	23	4.6	79.39	3.507
2014-12-05 15:37:27.806	30251	21501	-91	-78	23	4.6	79.44	3.517
2014-12-05 15:42:37.531	30251	21501	-88	-78	23
2014-12-05 15:52:34.666	30251	21501	-91	-78	23	4.6	79.54	3.498
2014-12-05 16:02:34.834	30251	21501	-91	-78	18
2014-12-05 16:07:25.91	30251	21501	-88	-78	17	4.71	79.47	3.517
2014-12-05 16:22:27.051	30251	21501	-91	-79	17
2014-12-05 16:22:27.067	30251	21501	-91	-78	17	4.71	79.51	3.507
2014-12-05 16:32:30.758	30251	21501	-91	-78	16
2014-12-05 16:37:36.942	30251	21501	-91	-79	16	4.65	79.62	3.517
2014-12-05 17:02:24.258	30251	21501	-91	-79	16
2014-12-05 17:02:24.275	30251	21501	-88	-79	16
2014-12-05 17:07:33.262	30251	21501	-91	-79	16	4.67	79.72	3.517
2014-12-05 17:22:33.31	30251	21501	-91	-79	23	4.71	79.71	3.507
2014-12-05 17:32:31.051	30251	21501	-88	-80	21
2014-12-05 17:37:24.182	30251	21501	-91	-80	21	4.75	79.69	3.507
2014-12-05 17:42:29.302	30251	21501	-91	-80	21
2014-12-05 17:52:24.298	30251	21501	-91	-80	17	4.75	79.72	3.507
2014-12-05 18:02:37.723	30251	21501	-91	-80	16
2014-12-05 18:07:37.855	30251	21501	-91	-80	16	4.75	79.72	3.517
2014-12-05 18:22:29.171	30251	21501	-91	-79	16	4.75	79.72	3.507
2014-12-05 18:22:29.183	30251	21501	-88	-80	16
2014-12-05 18:32:30.635	30251	21501	-94	-79	16
2014-12-05 18:37:29.739	30251	21501	-88	-79	16	4.82	79.75	3.507
2014-12-05 19:02:26.538	30251	21501	-88	-79	31
2014-12-05 19:02:26.552	30251	21501	-91	-80	36
2014-12-05 19:07:25.634	30251	21501	-91	-80	36	4.85	79.74	3.517
2014-12-05 19:22:31.723	30251	21501	-91	-80	36	4.92	79.75	3.498
2014-12-05 19:32:23.504	30251	21501	-91	-80	36
2014-12-05 19:37:31.775	30251	21501	-91	-80	33	4.97	79.72	3.517
2014-12-05 19:42:32.194	30251	21501	-91	-80	33
2014-12-05 19:52:33.216	30251	21501	-91	-80	33	5.03	79.66	3.507
2014-12-05 20:02:31.51	30251	21501	-91	-80	32
2014-12-05 20:22:26.498	30251	21501	-94	-80	28
2014-12-05 20:22:28.554	30251	21501	-91	-80	28	5.1	79.7	3.498
2014-12-05 20:32:27.222	30251	21501	-91	-80	28
2014-12-05 20:37:39.71	30251	21501	-94	-80	26	5.1	79.7	3.507
2014-12-05 20:52:27.163	30251	21501	-91	-80	26	5.07	79.83	3.507
2014-12-05 21:02:26.726	30251	21501	-91	-80	28
2014-12-05 21:02:29.427	30251	21501	-91	-80	27
2014-12-05 21:07:32.518	30251	21501	-88	-80	27	5.06	79.83	3.507
2014-12-05 21:22:27.503	30251	21501	-91	-80	27	5.07	79.88	3.498
2014-12-05 21:37:34.199	30251	21501	-91	-80	26	5.1	79.91	3.507
2014-12-05 21:42:27.087	30251	21501	-91	-80	24
2014-12-05 21:52:39.17	30251	21501	-91	-80	23	5.1	79.96	3.507
2014-12-05 22:02:31.883	30251	21501	-94	-80	23
2014-12-05 22:07:32.535	30251	21501	-91	-80	23	5.07	79.98	3.507
2014-12-05 22:22:33.21	30251	21501	-94	-80	23
2014-12-05 22:22:33.226	30251	21501	-91	-80	26	5.08	79.98	3.498
2014-12-05 22:32:43.483	30251	21501	-91	-80	26
2014-12-05 22:37:27.143	30251	21501	-91	-80	26	5.1	80.01	3.507
2014-12-05 22:52:29.183	30251	21501	-91	-80	26	5.1	80.01	3.507
2014-12-05 23:02:42.943	30251	21501	-91	-80	25
2014-12-05 23:07:26.118	30251	21501	-91	-80	20	5.15	80.0	3.507
2014-12-05 23:32:31.294	30251	21501	-91	-80	19
2014-12-05 23:37:43.622	30251	21501	-91	-80	18	5.22	79.94	3.507
2014-12-06 00:02:32.267	30251	21501	-91	-80	30
2014-12-06 00:22:34.427	30251	21501	-91	-79	30
2014-12-06 00:22:38.499	30251	21501	-91	-80	28	5.17	80.07	3.498
2014-12-06 00:32:32.254	30251	21501	-91	-80	19
2014-12-06 00:37:36.412	30251	21501	-91	-80	18	5.11	80.18	3.507
2014-12-06 00:52:26.346	30251	21501	-91	-80	15	5.08	80.24	3.498
2014-12-06 01:02:32.183	30251	21501	-91	-79	15
2014-12-06 01:02:43.314	30251	21501	-88	-80	16
2014-12-06 01:07:32.358	30251	21501	-91	-80	16	5.03	80.26	3.507
2014-12-06 01:22:32.378	30251	21501	-94	-80	15	5.0	80.32	3.498
2014-12-06 01:32:29.154	30251	21501	-91	-80	15
2014-12-06 01:37:29.306	30251	21501	-91	-80	16	4.96	80.36	3.507
2014-12-06 01:42:33.802	30251	21501	-88	-80	16
2014-12-06 01:52:33.847	30251	21501	-88	-81	23	4.92	80.35	3.498
2014-12-06 02:02:31.119	30251	21501	-94	-80	25
2014-12-06 02:07:28.235	30251	21501	-91	-81	25	4.96	80.38	3.507
2014-12-06 02:22:29.226	30251	21501	-94	-80	25
2014-12-06 02:22:29.24	30251	21501	-94	-81	25	5.04	80.31	3.498
2014-12-06 02:32:32.091	30251	21501	-94	-81	25
2014-12-06 02:37:28.19	30251	21501	-91	-81	25	5.21	80.13	3.507
2014-12-06 02:52:29.83	30251	21501	-91	-81	25	5.32	80.06	3.498
2014-12-06 03:02:31.034	30251	21501	-94	-81	32
2014-12-06 03:02:40.151	30251	21501	-91	-81	30
2014-12-06 03:07:28.154	30251	21501	-91	-82	29	5.38	79.97	3.498
2014-12-06 03:22:34.298	30251	21501	-94	-82	29	5.42	80.01	3.498
2014-12-06 03:32:29.023	30251	21501	-94	-81	28
2014-12-06 03:37:35.279	30251	21501	-94	-82	30	5.43	79.99	3.498
2014-12-06 03:42:32.651	30251	21501	-91	-82	32
2014-12-06 03:52:31.254	30251	21501	-94	-82	33	5.42	80.03	3.498
2014-12-06 04:02:36.05	30251	21501	-94	-82	33
2014-12-06 04:07:30.09	30251	21501	-94	-82	32	5.43	80.13	3.498
2014-12-06 04:22:34.699	30251	21501	-91	-82	31	5.38	80.19	3.498
2014-12-06 04:32:43.082	30251	21501	-91	-81	31
2014-12-06 04:37:28.082	30251	21501	-91	-82	30	5.39	80.22	3.498
2014-12-06 04:52:27.922	30251	21501	-94	-82	27	5.4	80.2	3.488
2014-12-06 05:02:32.918	30251	21501	-94	-82	27
2014-12-06 05:02:32.931	30251	21501	-94	-82	29
2014-12-06 05:07:26.019	30251	21501	-94	-82	29	5.39	80.29	3.498
2014-12-06 05:22:27.111	30251	21501	-94	-82	29	5.39	80.27	3.488
2014-12-06 05:32:33.907	30251	21501	-94	-82	29
2014-12-06 05:37:37.099	30251	21501	-91	-82	27	5.4	80.29	3.498
2014-12-06 05:42:36.555	30251	21501	-94	-82	27
2014-12-06 05:52:36.598	30251	21501	-94	-82	26	5.43	80.32	3.488
2014-12-06 06:02:27.811	30251	21501	-91	-81	26
2014-12-06 06:07:38.024	30251	21501	-94	-82	25	5.43	80.3	3.498
2014-12-06 06:22:28.615	30251	21501	-94	-82	25
2014-12-06 06:22:28.631	30251	21501	-94	-82	25	5.43	80.32	3.488
2014-12-06 06:32:28.791	30251	21501	-91	-82	25
2014-12-06 06:37:25.931	30251	21501	-94	-81	24	5.39	80.36	3.498
2014-12-06 06:52:29.75	30251	21501	-91	-81	19	5.32	80.46	3.488
2014-12-06 07:02:31.759	30251	21501	-94	-81	19
2014-12-06 07:02:31.778	30251	21501	-91	-81	19
2014-12-06 07:07:35.971	30251	21501	-91	-82	19	5.25	80.54	3.498
2014-12-06 07:32:32.738	30251	21501	-91	-80	23
2014-12-06 07:37:35.927	30251	21501	-94	-80	19	5.1	80.65	3.527
2014-12-06 07:42:41.463	30251	21501	-94	-81	22
2014-12-06 07:52:32.81	30251	21501	-91	-80	24	5.1	80.65	3.488
2014-12-06 08:02:26.647	30251	21501	-91	-81	24
2014-12-06 08:22:40.039	30251	21501	-88	-80	20	4.9	80.72	3.488
2014-12-06 08:32:25.635	30251	21501	-91	-80	20
2014-12-06 08:37:39.923	30251	21501	-91	-80	20	4.89	80.77	3.498
2014-12-06 08:52:33.842	30251	21501	-91	-80	19	4.79	80.77	3.488
2014-12-06 09:02:31.623	30251	21501	-94	-80	22
2014-12-06 09:02:31.639	30251	21501	-91	-80	24
2014-12-06 09:07:35.854	30251	21501	-91	-81	24	4.74	80.76	3.488
2014-12-06 09:22:29.911	30251	21501	-91	-81	24	4.7	80.75	3.478
2014-12-06 09:37:29.679	30251	21501	-94	-81	21	4.7	80.75	3.488
2014-12-06 09:42:35.262	30251	21501	-94	-81	21
2014-12-06 09:52:26.263	30251	21501	-97	-82	23	4.68	80.7	3.478
2014-12-06 10:02:28.53	30251	21501	-88	-81	23
2014-12-06 10:07:31.674	30251	21501	-91	-80	23	4.74	80.66	3.488
2014-12-06 10:22:32.97	30251	21501	-91	-80	23
2014-12-06 10:22:32.99	30251	21501	-94	-80	25	4.68	80.65	3.478
2014-12-06 10:32:30.55	30251	21501	-91	-81	25
2014-12-06 10:37:33.658	30251	21501	-94	-81	25	4.81	80.54	3.488
2014-12-06 10:52:34.68	30251	21501	-91	-81	25	4.92	80.47	3.488
2014-12-06 11:02:31.542	30251	21501	-91	-81	25
2014-12-06 11:02:31.562	30251	21501	-91	-81	25
2014-12-06 11:07:33.711	30251	21501	-91	-81	25	5.01	80.42	3.488
2014-12-06 11:22:36.735	30251	21501	-91	-80	25	5.1	80.36	3.478
2014-12-06 11:32:33.498	30251	21501	-94	-82	23
2014-12-06 11:37:31.563	30251	21501	-94	-82	25	5.1	80.36	3.488
2014-12-06 11:42:28.087	30251	21501	-91	-80	25
2014-12-06 11:52:35.07	30251	21501	-91	-81	24	5.11	80.37	3.478
2014-12-06 12:07:41.607	30251	21501	-94	-81	29	5.1	80.46	3.488
2014-12-06 12:22:28.522	30251	21501	-94	-80	31
2014-12-06 12:32:32.451	30251	21501	-94	-82	31
2014-12-06 12:37:25.531	30251	21501	-91	-81	31	4.96	80.55	3.478
2014-12-06 12:52:34.251	30251	21501	-91	-81	29	4.97	80.57	3.478
2014-12-06 13:02:29.363	30251	21501	-91	-80	22
2014-12-06 13:02:29.382	30251	21501	-91	-80	23
2014-12-06 13:07:26.499	30251	21501	-94	-80	22	4.92	80.66	3.488
2014-12-06 13:22:28.574	30251	21501	-91	-80	22	4.89	80.72	3.478
2014-12-06 13:32:30.367	30251	21501	-91	-80	22
2014-12-06 13:37:34.514	30251	21501	-91	-81	21	4.83	80.73	3.478
2014-12-06 13:42:49.21	30251	21501	-91	-81	21
2014-12-06 14:02:32.302	30251	21501	-91	-80	18
2014-12-06 14:07:27.355	30251	21501	-91	-80	18	5.1	80.41	3.478
2014-12-06 14:22:30.439	30251	21501	-91	-78	18
2014-12-06 14:22:33.526	30251	21501	-91	-80	18	5.01	80.47	3.478
2014-12-06 14:32:34.307	30251	21501	-91	-80	18
2014-12-06 14:37:41.515	30251	21501	-91	-81	18	5.0	80.53	3.527
2014-12-06 14:52:37.463	30251	21501	-91	-80	17	4.97	80.5	3.478
2014-12-06 15:02:34.835	30251	21501	-91	-80	16
2014-12-06 15:02:39.91	30251	21501	-91	-79	19
2014-12-06 15:07:29.21	30251	21501	-91	-79	19	4.96	80.48	3.478
2014-12-06 15:22:28.455	30251	21501	-91	-80	16	4.88	80.55	3.469
2014-12-06 15:32:36.239	30251	21501	-91	-80	16
2014-12-06 15:37:40.394	30251	21501	-91	-79	15	4.7	80.65	3.478
2014-12-06 15:42:33.94	30251	21501	-91	-78	16
2014-12-06 15:52:28.895	30251	21501	-91	-80	16	4.53	80.85	3.469
2014-12-06 16:02:39.239	30251	21501	-91	-80	16
2014-12-06 16:07:29.191	30251	21501	-91	-80	16	4.39	80.92	3.478
2014-12-06 16:22:44.418	30251	21501	-91	-80	22	4.18	81.03	3.469
2014-12-06 16:37:38.287	30251	21501	-91	-80	39	4.06	81.21	3.478
2014-12-06 16:52:30.774	30251	21501	-91	-80	29	4.0	81.23	3.469
2014-12-06 17:02:37.179	30251	21501	-91	-79	31
2014-12-06 17:02:37.195	30251	21501	-91	-80	31
2014-12-06 17:07:37.298	30251	21501	-94	-80	31	3.96	81.14	3.478
2014-12-06 17:22:31.299	30251	21501	-91	-80	30	3.93	81.05	3.469
2014-12-06 17:32:31.082	30251	21501	-91	-80	30
2014-12-06 17:37:28.154	30251	21501	-91	-79	30	3.82	81.07	3.478
2014-12-06 17:42:30.798	30251	21501	-91	-79	28
2014-12-06 17:52:27.735	30251	21501	-91	-79	28	3.64	81.05	3.469
2014-12-06 18:02:30.051	30251	21501	-91	-79	28
2014-12-06 18:07:34.187	30251	21501	-94	-79	28	3.42	81.16	3.469
2014-12-06 18:22:31.151	30251	21501	-91	-79	26
2014-12-06 18:22:35.219	30251	21501	-91	-80	26	3.07	81.2	3.459
2014-12-06 18:32:30.018	30251	21501	-91	-79	28
2014-12-06 18:37:29.144	30251	21501	-91	-79	27	2.58	81.58	3.469
2014-12-06 18:52:43.082	30251	21501	-91	-79	25	2.25	81.87	3.459
2014-12-06 19:02:33.002	30251	21501	-91	-78	25
2014-12-06 19:02:33.015	30251	21501	-88	-78	25
2014-12-06 19:07:35.179	30251	21501	-91	-78	25	1.96	81.94	3.469
2014-12-06 19:22:33.146	30251	21501	-88	-79	23	1.74	82.11	3.459
2014-12-06 19:32:34.023	30251	21501	-91	-79	23
2014-12-06 19:37:39.263	30251	21501	-88	-79	25	1.54	81.98	3.469
2014-12-06 19:42:27.562	30251	21501	-91	-78	25
2014-12-06 19:52:34.726	30251	21501	-88	-78	25	1.4	81.99	3.459
2014-12-06 20:02:35.97	30251	21501	-88	-78	25
2014-12-06 20:07:28.995	30251	21501	-91	-78	30	1.31	81.83	3.459
2014-12-06 20:22:38.391	30251	21501	-88	-78	28	1.2	81.81	3.459
2014-12-06 20:22:38.407	30251	21501	-88	-77	28
2014-12-06 20:32:28.934	30251	21501	-88	-78	26
2014-12-06 20:37:35.102	30251	21501	-88	-78	26	1.21	81.74	3.459
2014-12-06 20:52:35.09	30251	21501	-91	-78	26	1.46	81.5	3.45
2014-12-06 21:02:32.911	30251	21501	-88	-78	25
2014-12-06 21:02:32.926	30251	21501	-88	-76	25
2014-12-06 21:07:33.942	30251	21501	-88	-77	25	1.78	80.86	3.459
2014-12-06 21:22:36.994	30251	21501	-88	-78	25	1.86	80.71	3.45
2014-12-06 21:32:33.907	30251	21501	-88	-77	23
2014-12-06 21:37:39.058	30251	21501	-88	-78	23	1.92	80.58	3.459
2014-12-06 21:42:37.566	30251	21501	-91	-78	23
2014-12-06 21:52:30.518	30251	21501	-88	-77	23	1.96	80.5	3.45
2014-12-06 22:02:35.898	30251	21501	-88	-77	23
2014-12-06 22:07:29.93	30251	21501	-88	-76	23	2.0	80.6	3.45
2014-12-06 22:22:41.53	30251	21501	-88	-77	22	2.04	80.47	3.45
2014-12-06 22:32:35.882	30251	21501	-88	-77	22
2014-12-06 22:37:40.023	30251	21501	-88	-77	22	2.06	80.43	3.459
2014-12-06 22:52:36.818	30251	21501	-88	-77	22	2.03	80.52	3.45
2014-12-06 23:02:30.011	30251	21501	-88	-78	22
2014-12-06 23:02:30.026	30251	21501	-88	-78	24
2014-12-06 23:07:33.87	30251	21501	-88	-78	24	2.0	80.46	3.45
2014-12-06 23:22:37.847	30251	21501	-88	-77	22	1.96	80.5	3.45
2014-12-06 23:32:41.29	30251	21501	-88	-77	21
2014-12-06 23:37:32.783	30251	21501	-88	-77	21	1.85	80.5	3.45
2014-12-06 23:42:36.731	30251	21501	-91	-77	21
2014-12-06 23:52:36.886	30251	21501	-88	-77	21	1.6	80.7	3.44
2014-12-07 00:22:31.787	30251	21501	-88	-76	46
2014-12-07 00:22:35.783	30251	21501	-88	-76	46	1.17	81.06	3.44
2014-12-07 00:32:37.77	30251	21501	-88	-76	46
2014-12-07 00:37:29.806	30251	21501	-88	-77	43	1.07	81.04	3.45
2014-12-07 00:52:39.802	30251	21501	-88	-77	39	0.92	81.19	3.44
2014-12-07 01:02:45.83	30251	21501	-88	-77	40
2014-12-07 01:02:48.822	30251	21501	-88	-76	47
2014-12-07 01:07:29.81	30251	21501	-88	-76	47	0.83	81.08	3.45
2014-12-07 01:32:28.738	30251	21501	-88	-78	44
2014-12-07 01:37:33.934	30251	21501	-88	-77	44	0.42	81.39	3.44
2014-12-07 01:42:36.283	30251	21501	-88	-77	44
2014-12-07 01:52:35.304	30251	21501	-88	-76	47	0.25	81.49	3.431
2014-12-07 02:02:31.666	30251	21501	-88	-77	38
2014-12-07 02:07:31.798	30251	21501	-88	-76	35	0.11	81.58	3.44
2014-12-07 02:22:33.738	30251	21501	-88	-76	34	-0.03	81.7	3.431
2014-12-07 02:22:33.751	30251	21501	-85	-76	35
2014-12-07 02:32:43.766	30251	21501	-88	-77	34
2014-12-07 02:37:36.782	30251	21501	-88	-76	32	-0.17	81.71	3.44
2014-12-07 02:52:38.844	30251	21501	-88	-77	32	-0.34	81.81	3.431
2014-12-07 03:02:34.65	30251	21501	-88	-76	29
2014-12-07 03:02:37.703	30251	21501	-88	-76	28
2014-12-07 03:07:30.795	30251	21501	-85	-77	28	-0.57	81.98	3.44
2014-12-07 03:22:44.775	30251	21501	-85	-76	27	-0.73	82.26	3.431
2014-12-07 03:32:33.655	30251	21501	-88	-76	29
2014-12-07 03:42:35.051	30251	21501	-88	-76	31
2014-12-07 03:52:30.266	30251	21501	-88	-76	31	-0.82	82.06	3.431
2014-12-07 04:02:36.654	30251	21501	-88	-76	29
2014-12-07 04:07:29.698	30251	21501	-88	-76	31	-1.03	82.1	3.431
2014-12-07 04:22:49.286	30251	21501	-88	-77	31
2014-12-07 04:22:50.322	30251	21501	-88	-76	32	-1.2	82.17	3.421
2014-12-07 04:32:32.871	30251	21501	-85	-76	25
2014-12-07 04:37:37.727	30251	21501	-85	-76	23	-1.2	82.06	3.431
2014-12-07 04:52:43.891	30251	21501	-88	-76	23	-1.32	82.07	3.421
2014-12-07 05:02:31.379	30251	21501	-88	-76	23
2014-12-07 05:07:38.894	30251	21501	-85	-76	23	-1.46	82.09	3.421
2014-12-07 05:22:30.706	30251	21501	-88	-76	22	-1.6	82.1	3.421
2014-12-07 05:32:30.511	30251	21501	-88	-76	22
2014-12-07 05:37:36.93	30251	21501	-88	-76	20	-1.7	82.12	3.431
2014-12-07 05:42:44.342	30251	21501	-88	-77	18
2014-12-07 05:52:36.89	30251	21501	-85	-77	21	-1.71	82.03	3.412
2014-12-07 06:02:33.582	30251	21501	-88	-76	21
2014-12-07 06:07:33.926	30251	21501	-88	-76	21	-1.91	82.0	3.431
2014-12-07 06:22:31.215	30251	21501	-88	-77	19
2014-12-07 06:22:40.946	30251	21501	-88	-76	19	-2.1	82.23	3.412
2014-12-07 06:32:34.891	30251	21501	-88	-76	19
2014-12-07 06:37:34.942	30251	21501	-88	-76	19	-2.17	82.23	3.421
2014-12-07 06:52:37.666	30251	21501	-88	-76	18	-2.24	82.22	3.412
2014-12-07 07:02:30.494	30251	21501	-88	-76	21
2014-12-07 07:02:33.027	30251	21501	-85	-76	21
2014-12-07 07:07:38.767	30251	21501	-88	-77	21	-2.35	82.14	3.421
2014-12-07 07:22:38.702	30251	21501	-88	-76	21	-2.53	82.33	3.412
2014-12-07 07:32:42.03	30251	21501	-85	-76	21
2014-12-07 07:37:35.358	30251	21501	-85	-77	21	-2.56	82.21	3.421
2014-12-07 07:42:39.87	30251	21501	-85	-77	21
2014-12-07 07:52:30.899	30251	21501	-88	-76	20	-2.57	82.2	3.412
2014-12-07 08:02:39.887	30251	21501	-88	-77	18
2014-12-07 08:07:39.431	30251	21501	-88	-76	26	-2.39	81.86	3.412
2014-12-07 08:22:36.51	30251	21501	-88	-76	26
2014-12-07 08:22:36.526	30251	21501	-88	-76	26	-2.31	81.62	3.403
2014-12-07 08:37:31.318	30251	21501	-88	-76	41	-2.1	81.44	3.412
2014-12-07 08:52:32.291	30251	21501	-85	-76	58	-1.92	81.17	3.403
2014-12-07 09:02:37.158	30251	21501	-88	-76	58
2014-12-07 09:02:38.599	30251	21501	-88	-76	57
2014-12-07 09:07:29.919	30251	21501	-85	-76	57	-1.56	80.86	3.412
2014-12-07 09:32:41.29	30251	21501	-85	-76	54
2014-12-07 09:37:39.767	30251	21501	-88	-76	61	-0.89	80.26	3.412
2014-12-07 09:42:32.211	30251	21501	-88	-77	61
2014-12-07 09:52:35.011	30251	21501	-91	-76	59	-0.64	80.04	3.412
2014-12-07 10:02:32.87	30251	21501	-91	-78	59
2014-12-07 10:22:31.534	30251	21501	-88	-78	57
2014-12-07 10:22:32.986	30251	21501	-88	-77	70	0.06	79.58	3.403
2014-12-07 10:32:30.014	30251	21501	-88	-77	70
2014-12-07 10:37:40.106	30251	21501	-88	-77	70	0.32	79.47	3.412
2014-12-07 10:52:49.066	30251	21501	-88	-76	70	0.71	79.28	3.412
2014-12-07 11:02:36.99	30251	21501	-88	-77	64
2014-12-07 11:02:37.474	30251	21501	-88	-76	70
2014-12-07 11:07:32.511	30251	21501	-88	-77	64	1.14	79.19	3.412
2014-12-07 11:22:33.583	30251	21501	-88	-77	64	1.5	78.85	3.403
2014-12-07 11:22:34.823	30251	21501	-88	-77	64	1.5	78.85	3.403
2014-12-07 11:32:35.538	30251	21501	-91	-78	59
2014-12-07 11:37:32.97	30251	21501	-88	-77	54	1.7	78.89	3.412
2014-12-07 11:42:36.975	30251	21501	-88	-77	51
2014-12-07 11:52:34.15	30251	21501	-88	-77	51	2.35	78.65	3.403
2014-12-07 12:07:35.01	30251	21501	-88	-77	48	2.89	78.29	3.412
2014-12-07 12:22:33.951	30251	21501	-88	-76	48
2014-12-07 12:22:33.97	30251	21501	-88	-77	48	3.33	78.13	3.403
2014-12-07 12:32:39.719	30251	21501	-88	-77	44
2014-12-07 12:37:36.359	30251	21501	-88	-77	44	4.89	76.81	3.412
2014-12-07 12:52:29.831	30251	21501	-88	-77	44	6.25	75.58	3.412
2014-12-07 13:02:36.147	30251	21501	-88	-78	44
2014-12-07 13:02:36.166	30251	21501	-91	-78	42
2014-12-07 13:07:34.874	30251	21501	-91	-78	38	6.18	76.02	3.412
2014-12-07 13:22:38.958	30251	21501	-88	-79	36	6.0	76.83	3.412
2014-12-07 13:32:31.455	30251	21501	-88	-78	37
2014-12-07 13:37:36.863	30251	21501	-91	-77	37	5.83	77.53	3.421
2014-12-07 13:42:33.955	30251	21501	-88	-78	35
2014-12-07 13:52:34.832	30251	21501	-88	-78	35	6.83	77.0	3.412
2014-12-07 14:02:33.895	30251	21501	-88	-77	34
2014-12-07 14:07:29.79	30251	21501	-91	-76	35	6.74	77.4	3.421
2014-12-07 14:22:36.787	30251	21501	-88	-76	35
2014-12-07 14:22:36.806	30251	21501	-88	-77	34	6.57	78.01	3.412
2014-12-07 14:32:29.102	30251	21501	-88	-77	34
2014-12-07 14:37:37.787	30251	21501	-88	-76	31	6.0	78.64	3.421
2014-12-07 14:52:30.658	30251	21501	-88	-76	29	5.31	80.05	3.412
2014-12-07 15:02:35.231	30251	21501	-85	-76	28
2014-12-07 15:02:35.267	30251	21501	-88	-77	29
2014-12-07 15:07:36.682	30251	21501	-88	-76	28	5.47	79.95	3.412
2014-12-07 15:22:41.715	30251	21501	-88	-76	28	5.68	79.2	3.412
2014-12-07 15:32:34.778	30251	21501	-88	-77	27
2014-12-07 15:37:34.638	30251	21501	-88	-77	27	5.14	79.49	3.421
2014-12-07 15:42:29.666	30251	21501	-88	-77	27
2014-12-07 15:52:36.655	30251	21501	-88	-77	25	4.46	80.29	3.412
2014-12-07 16:02:34.378	30251	21501	-88	-77	23
2014-12-07 16:07:37.49	30251	21501	-88	-76	23	4.14	80.76	3.421
2014-12-07 16:22:33.314	30251	21501	-88	-77	23
2014-12-07 16:22:33.367	30251	21501	-88	-77	23	3.71	81.09	3.412
2014-12-07 16:32:29.698	30251	21501	-88	-76	23
2014-12-07 16:37:32.13	30251	21501	-88	-76	23	3.2	81.37	3.421
2014-12-07 16:52:32.723	30251	21501	-88	-76	23	2.61	81.91	3.412
2014-12-07 17:02:34.663	30251	21501	-88	-76	21
2014-12-07 17:02:34.695	30251	21501	-88	-76	21
2014-12-07 17:07:34.202	30251	21501	-88	-76	21	2.14	82.55	3.412
2014-12-07 17:22:41.534	30251	21501	-88	-77	21	1.71	82.66	3.412
2014-12-07 17:32:38.562	30251	21501	-88	-76	19
2014-12-07 17:37:32.539	30251	21501	-88	-77	22	1.46	82.83	3.412
2014-12-07 17:42:33.69	30251	21501	-88	-77	22
2014-12-07 17:52:31.607	30251	21501	-88	-76	22	1.45	82.39	3.403
2014-12-07 18:02:32.414	30251	21501	-88	-76	22
2014-12-07 18:07:30.479	30251	21501	-88	-76	22	1.35	82.14	3.412
2014-12-07 18:22:41.767	30251	21501	-88	-77	22
2014-12-07 18:22:41.778	30251	21501	-85	-76	21	1.28	81.92	3.403
2014-12-07 18:32:32.331	30251	21501	-88	-76	21
2014-12-07 18:37:31.467	30251	21501	-85	-76	21	1.33	81.77	3.403
2014-12-07 18:52:35.87	30251	21501	-88	-76	21	1.35	81.43	3.393
2014-12-07 18:52:39.234	30251	21501	-88	-76	21	1.35	81.43	3.393
2014-12-07 18:52:40.286	30251	21501	-88	-76	21	1.35	81.43	3.393
2014-12-07 18:52:40.918	30251	21501	-88	-76	21	1.35	81.43	3.393
2014-12-07 18:52:42.194	30251	21501	-88	-76	21	1.35	81.43	3.393
2014-12-07 18:52:42.71	30251	21501	-88	-76	21	1.35	81.43	3.393
2014-12-07 19:02:43.914	30251	21501	-88	-76	16
2014-12-07 19:07:35.362	30251	21501	-85	-77	16	1.43	81.31	3.403
2014-12-07 19:22:33.358	30251	21501	-88	-76	16	1.39	81.11	3.393
2014-12-07 19:32:38.642	30251	21501	-88	-76	16
2014-12-07 19:37:29.246	30251	21501	-88	-76	16	1.17	81.32	3.403
2014-12-07 19:42:39.439	30251	21501	-85	-76	15
2014-12-07 19:52:29.299	30251	21501	-88	-76	15	1.07	81.41	3.393
2014-12-07 20:02:45.355	30251	21501	-88	-76	14
2014-12-07 20:07:33.232	30251	21501	-85	-76	15	0.89	81.41	3.403
2014-12-07 20:22:36.275	30251	21501	-88	-76	15
2014-12-07 20:22:39.331	30251	21501	-88	-76	16	0.88	81.45	3.393
2014-12-07 20:32:32.375	30251	21501	-88	-76	16
2014-12-07 20:37:38.251	30251	21501	-85	-76	16	0.78	81.36	3.393
2014-12-07 20:52:33.254	30251	21501	-85	-76	19	0.6	81.55	3.384
2014-12-07 21:02:35.53	30251	21501	-88	-76	19
2014-12-07 21:02:36.599	30251	21501	-88	-76	19
2014-12-07 21:07:31.198	30251	21501	-88	-76	19	0.46	81.59	3.393
2014-12-07 21:22:41.259	30251	21501	-88	-76	19	0.21	81.8	3.384
2014-12-07 21:32:37.628	30251	21501	-88	-77	26
2014-12-07 21:37:34.206	30251	21501	-88	-76	28	0.21	81.76	3.393
2014-12-07 21:42:36.254	30251	21501	-91	-77	28
2014-12-07 21:52:36.238	30251	21501	-88	-76	28	0.28	81.5	3.375
2014-12-07 22:02:37.879	30251	21501	-85	-76	27
2014-12-07 22:07:34.19	30251	21501	-88	-76	29	0.2	81.48	3.384
2014-12-07 22:22:30.102	30251	21501	-88	-76	31
2014-12-07 22:22:30.123	30251	21501	-88	-76	31	0.03	81.53	3.375
2014-12-07 22:32:31.05	30251	21501	-85	-76	31
2014-12-07 22:37:35.122	30251	21501	-88	-76	31	0.01	81.57	3.384
2014-12-07 22:52:33.146	30251	21501	-88	-76	28	-0.02	81.38	3.375
2014-12-07 23:02:34.471	30251	21501	-88	-76	26
2014-12-07 23:02:35.506	30251	21501	-88	-76	25
2014-12-07 23:07:50.318	30251	21501	-88	-77	25	-0.16	81.58	3.384
2014-12-07 23:22:35.098	30251	21501	-85	-76	27	-0.25	81.6	3.375
2014-12-07 23:32:31.131	30251	21501	-88	-76	26
2014-12-07 23:42:35.174	30251	21501	-88	-75	26
2014-12-07 23:52:35.078	30251	21501	-88	-76	25	-0.53	81.63	3.375
2014-12-08 00:07:39.158	30251	21501	-85	-76	18	-0.71	81.77	3.375
2014-12-08 00:22:30.002	30251	21501	-85	-75	18
2014-12-08 00:22:30.022	30251	21501	-85	-76	18	-0.91	81.79	3.366
2014-12-08 00:32:34.218	30251	21501	-88	-75	18
2014-12-08 00:37:39.086	30251	21501	-85	-75	17	-1.06	81.93	3.375
2014-12-08 00:52:32.998	30251	21501	-85	-76	16	-1.23	82.03	3.375
2014-12-08 01:02:33.194	30251	21501	-88	-75	16
2014-12-08 01:02:33.211	30251	21501	-85	-75	16
2014-12-08 01:07:31.98	30251	21501	-88	-75	16	-1.2	81.92	3.375
2014-12-08 01:22:34.039	30251	21501	-88	-76	16	-1.28	81.88	3.366
2014-12-08 01:32:43.243	30251	21501	-88	-75	15
2014-12-08 01:37:32.891	30251	21501	-85	-75	15	-1.28	81.81	3.366
2014-12-08 01:52:34.955	30251	21501	-85	-76	16	-1.25	81.62	3.366
2014-12-08 02:02:31.839	30251	21501	-85	-75	16
2014-12-08 02:07:34.011	30251	21501	-85	-75	16	-1.28	81.63	3.366
2014-12-08 02:22:38.814	30251	21501	-85	-75	15
2014-12-08 02:22:43.07	30251	21501	-88	-76	15	-1.25	81.44	3.357
2014-12-08 02:32:31.831	30251	21501	-85	-75	15
2014-12-08 02:37:33.927	30251	21501	-88	-76	15	-1.21	81.38	3.366
2014-12-08 02:52:40.851	30251	21501	-85	-75	15	-1.25	81.41	3.366
2014-12-08 03:02:33.458	30251	21501	-88	-76	16
2014-12-08 03:02:34.787	30251	21501	-85	-76	16
2014-12-08 03:07:31.834	30251	21501	-85	-76	16	-1.24	81.33	3.366
2014-12-08 03:22:38.55	30251	21501	-85	-76	16	-1.29	81.29	3.357
2014-12-08 03:32:37.002	30251	21501	-85	-75	15
2014-12-08 03:37:32.863	30251	21501	-85	-76	18	-1.39	81.4	3.357
2014-12-08 03:42:31.97	30251	21501	-85	-76	18
2014-12-08 03:52:36.998	30251	21501	-88	-76	18	-1.6	81.54	3.348
2014-12-08 04:02:33.587	30251	21501	-85	-76	18
2014-12-08 04:07:32.799	30251	21501	-88	-75	17	-1.78	81.74	3.357
2014-12-08 04:22:41.883	30251	21501	-85	-76	17
2014-12-08 04:22:41.902	30251	21501	-85	-75	17	-1.84	81.73	3.348
2014-12-08 04:32:34.97	30251	21501	-85	-75	15
2014-12-08 04:37:32.782	30251	21501	-85	-75	15	-1.96	81.74	3.357
2014-12-08 04:52:35.806	30251	21501	-85	-75	18	-1.98	81.78	3.348
2014-12-08 05:02:36.15	30251	21501	-85	-75	18
2014-12-08 05:02:36.163	30251	21501	-85	-75	18
2014-12-08 05:07:35.81	30251	21501	-88	-75	18	-1.96	81.63	3.357
2014-12-08 05:22:38.811	30251	21501	-88	-75	17	-1.86	81.59	3.348
2014-12-08 05:32:39.114	30251	21501	-88	-75	20
2014-12-08 05:37:37.818	30251	21501	-85	-76	20	-1.74	81.23	3.348
2014-12-08 05:52:38.85	30251	21501	-88	-76	19	-1.79	81.24	3.348
2014-12-08 06:02:34.523	30251	21501	-85	-76	25
2014-12-08 06:07:34.727	30251	21501	-88	-75	25	-1.92	81.35	3.348
2014-12-08 06:22:36.559	30251	21501	-88	-75	25
2014-12-08 06:22:36.574	30251	21501	-88	-76	25	-2.06	81.41	3.339
2014-12-08 06:32:38.862	30251	21501	-88	-76	25
2014-12-08 06:37:33.771	30251	21501	-85	-76	25	-2.21	81.62	3.339
2014-12-08 06:52:31.706	30251	21501	-88	-76	25	-2.21	81.66	3.33
2014-12-08 07:02:36.171	30251	21501	-85	-76	25
2014-12-08 07:02:36.186	30251	21501	-85	-76	25
2014-12-08 07:07:31.655	30251	21501	-88	-76	25	-2.13	81.48	3.375
2014-12-08 07:22:36.731	30251	21501	-85	-76	25	-2.07	81.36	3.339
2014-12-08 07:32:42.706	30251	21501	-88	-77	21
2014-12-08 07:37:37.666	30251	21501	-88	-76	23	-1.98	81.24	3.339
2014-12-08 07:42:41.882	30251	21501	-88	-76	23
2014-12-08 07:52:32.67	30251	21501	-88	-76	25	-2.03	81.27	3.33
2014-12-08 08:02:38.446	30251	21501	-88	-76	25
2014-12-08 08:07:38.718	30251	21501	-88	-76	25	-1.75	81.14	3.339
2014-12-08 08:22:38.638	30251	21501	-88	-76	27
2014-12-08 08:22:38.658	30251	21501	-88	-76	29	-1.46	80.75	3.33
2014-12-08 08:32:35.106	30251	21501	-88	-76	29
2014-12-08 08:37:41.719	30251	21501	-88	-76	29	-1.11	80.46	3.339
2014-12-08 08:52:34.662	30251	21501	-88	-77	27	-0.71	80.05	3.321
2014-12-08 09:02:36.93	30251	21501	-88	-76	25
2014-12-08 09:02:38.975	30251	21501	-85	-76	27
2014-12-08 09:07:32.562	30251	21501	-88	-76	27	-0.27	79.53	3.33
2014-12-08 09:22:44.718	30251	21501	-85	-76	27	0.2	79.14	3.33
2014-12-08 09:32:36.274	30251	21501	-88	-76	27
2014-12-08 09:37:37.624	30251	21501	-85	-76	25	0.71	78.79	3.33
2014-12-08 09:42:34.674	30251	21501	-85	-76	25
2014-12-08 09:52:33.562	30251	21501	-85	-76	27	0.95	78.51	3.321
2014-12-08 10:02:39.415	30251	21501	-88	-76	27
2014-12-08 10:07:37.57	30251	21501	-88	-76	26	1.33	78.5	3.33
2014-12-08 10:22:31.607	30251	21501	-88	-78	24
2014-12-08 10:22:31.623	30251	21501	-91	-79	23	1.96	78.18	3.33
2014-12-08 10:32:43.922	30251	21501	-88	-79	23
2014-12-08 10:37:35.578	30251	21501	-91	-78	23	2.78	77.62	3.33
2014-12-08 10:52:35.526	30251	21501	-88	-77	22	3.14	77.21	3.33
2014-12-08 11:02:34.016	30251	21501	-85	-76	22
2014-12-08 11:02:34.034	30251	21501	-88	-76	22
2014-12-08 11:07:33.47	30251	21501	-88	-76	21	3.1	77.59	3.339
2014-12-08 11:22:38.539	30251	21501	-88	-77	21	3.54	77.76	3.321
2014-12-08 11:32:31.87	30251	21501	-88	-78	21
2014-12-08 11:37:42.523	30251	21501	-88	-77	20	3.93	77.41	3.339
2014-12-08 11:42:55.319	30251	21501	-88	-78	30
2014-12-08 11:52:35.474	30251	21501	-91	-78	31	4.25	77.29	3.33
2014-12-08 12:02:39.147	30251	21501	-91	-79	31
2014-12-08 12:07:40.466	30251	21501	-88	-78	31	4.35	77.67	3.339
2014-12-08 12:22:36.406	30251	21501	-88	-76	30	4.83	77.44	3.33
2014-12-08 12:22:36.426	30251	21501	-88	-78	30
2014-12-08 12:32:36.811	30251	21501	-88	-76	28
2014-12-08 12:37:34.39	30251	21501	-88	-76	28	5.57	76.88	3.339
2014-12-08 13:02:32.794	30251	21501	-88	-76	28
2014-12-08 13:02:32.807	30251	21501	-88	-76	26
2014-12-08 13:22:37.318	30251	21501	-88	-76	30	5.5	77.68	3.339
2014-12-08 13:32:32.495	30251	21501	-88	-76	30
2014-12-08 13:37:37.283	30251	21501	-88	-76	30	5.25	78.14	3.348
2014-12-08 13:42:36.383	30251	21501	-88	-76	30
2014-12-08 13:52:39.294	30251	21501	-88	-77	30	5.06	78.63	3.339
2014-12-08 14:02:47.126	30251	21501	-88	-76	28
2014-12-08 14:07:34.246	30251	21501	-88	-77	30	4.9	78.79	3.339
2014-12-08 14:22:34.214	30251	21501	-88	-76	32
2014-12-08 14:22:34.231	30251	21501	-88	-76	32	4.88	78.97	3.33
2014-12-08 14:32:40.095	30251	21501	-88	-76	32
2014-12-08 14:37:40.23	30251	21501	-88	-77	30	4.9	78.88	3.339
2014-12-08 14:52:34.566	30251	21501	-88	-76	28	4.7	79.17	3.339
2014-12-08 15:02:40.39	30251	21501	-88	-76	27
2014-12-08 15:02:40.407	30251	21501	-88	-76	27
2014-12-08 15:07:34.175	30251	21501	-85	-76	25	4.46	79.43	3.339
2014-12-08 15:22:37.179	30251	21501	-88	-77	25	4.14	79.77	3.33
2014-12-08 15:32:32.258	30251	21501	-88	-76	25
2014-12-08 15:37:39.139	30251	21501	-88	-76	25	3.88	80.02	3.339
2014-12-08 15:42:49.371	30251	21501	-91	-76	23
2014-12-08 15:52:35.153	30251	21501	-88	-77	28	3.7	80.14	3.33
2014-12-08 16:02:36.882	30251	21501	-88	-76	28
2014-12-08 16:07:40.138	30251	21501	-88	-76	28	3.39	80.29	3.33
2014-12-08 16:22:37.754	30251	21501	-88	-76	27
2014-12-08 16:22:41.566	30251	21501	-88	-76	29	3.03	80.56	3.33
2014-12-08 16:32:41.178	30251	21501	-88	-77	27
2014-12-08 16:37:36.067	30251	21501	-88	-76	23	2.75	80.82	3.33
2014-12-08 17:02:36.53	30251	21501	-88	-76	18
2014-12-08 17:02:36.543	30251	21501	-88	-76	18
2014-12-08 17:07:46.175	30251	21501	-85	-76	18	2.39	81.02	3.33
2014-12-08 17:22:39.906	30251	21501	-88	-77	21	2.24	81.03	3.321
2014-12-08 17:32:45.142	30251	21501	-88	-77	21
2014-12-08 17:37:39.006	30251	21501	-88	-76	20	2.15	81.01	3.321
2014-12-08 17:42:38.083	30251	21501	-88	-76	20
2014-12-08 17:52:46.098	30251	21501	-88	-76	20	2.1	80.95	3.313
2014-12-08 18:02:39.638	30251	21501	-88	-76	20
2014-12-08 18:07:36.97	30251	21501	-88	-76	19	2.1	80.79	3.321
2014-12-08 18:22:37.933	30251	21501	-88	-76	19
2014-12-08 18:22:37.947	30251	21501	-88	-76	18	2.06	80.76	3.313
2014-12-08 18:32:33.875	30251	21501	-88	-76	18
2014-12-08 18:37:39.946	30251	21501	-88	-76	18	2.06	80.76	3.321
2014-12-08 18:52:37.907	30251	21501	-88	-76	17	1.96	80.71	3.313
2014-12-08 19:02:39.047	30251	21501	-88	-76	17
2014-12-08 19:02:39.07	30251	21501	-88	-76	17
2014-12-08 19:07:37.871	30251	21501	-88	-76	17	1.85	80.8	3.313
2014-12-08 19:22:44.026	30251	21501	-88	-76	20	1.83	80.84	3.304
2014-12-08 19:32:35.766	30251	21501	-88	-76	19
2014-12-08 19:42:41.594	30251	21501	-88	-77	16
2014-12-08 19:52:36.274	30251	21501	-88	-76	18	1.97	80.6	3.304
2014-12-08 20:02:52.038	30251	21501	-85	-77	17
2014-12-08 20:07:35.839	30251	21501	-88	-76	20	2.03	80.45	3.304
2014-12-08 20:22:35.778	30251	21501	-85	-76	20	2.08	80.39	3.295
2014-12-08 20:22:35.795	30251	21501	-88	-77	20
2014-12-08 20:32:40.814	30251	21501	-88	-76	20
2014-12-08 20:37:40.09	30251	21501	-88	-76	20	2.07	80.41	3.304
2014-12-08 20:52:36.754	30251	21501	-88	-76	19	2.01	80.49	3.304
2014-12-08 21:02:40.079	30251	21501	-91	-76	22
2014-12-08 21:02:47.175	30251	21501	-88	-76	19
2014-12-08 21:07:37.182	30251	21501	-88	-77	20	2.01	80.49	3.321
2014-12-08 21:22:47.887	30251	21501	-88	-76	19	1.93	80.47	3.295
2014-12-08 21:32:38.591	30251	21501	-88	-76	19
2014-12-08 21:42:40.694	30251	21501	-88	-77	25
2014-12-08 21:52:38.674	30251	21501	-88	-76	57	1.53	80.92	3.287
2014-12-08 22:02:37.01	30251	21501	-88	-76	57
2014-12-08 22:07:36.71	30251	21501	-88	-77	57	1.42	81.17	3.295
2014-12-08 22:22:34.639	30251	21501	-88	-76	57
2014-12-08 22:22:34.659	30251	21501	-88	-76	52	1.29	81.16	3.287
2014-12-08 22:32:35.419	30251	21501	-88	-76	52
2014-12-08 22:37:41.658	30251	21501	-88	-76	52	1.22	81.31	3.295
2014-12-08 22:52:39.562	30251	21501	-88	-76	47	1.13	81.26	3.295
2014-12-08 23:02:54.482	30251	21501	-88	-76	53
2014-12-08 23:22:38.722	30251	21501	-88	-76	79	1.07	81.13	3.287
2014-12-08 23:32:40.543	30251	21501	-85	-76	83
2014-12-08 23:37:34.667	30251	21501	-88	-76	83	0.89	81.25	3.278
2014-12-08 23:42:38.583	30251	21501	-88	-76	83
2014-12-08 23:52:47.603	30251	21501	-88	-76	76	0.96	81.25	3.269
2014-12-09 00:02:39.575	30251	21501	-88	-77	73
2014-12-09 00:07:40.071	30251	21501	-88	-76	66	0.92	81.17	3.278
2014-12-09 00:22:41.579	30251	21501	-88	-76	61	0.92	81.1	3.269
2014-12-09 00:22:41.606	30251	21501	-88	-76	66
2014-12-09 00:32:45.426	30251	21501	-88	-76	61
2014-12-09 00:37:42.519	30251	21501	-88	-76	57	0.93	80.94	3.269
2014-12-09 00:52:35.618	30251	21501	-85	-76	57	0.78	81.18	3.269
2014-12-09 01:02:41.046	30251	21501	-88	-76	52
2014-12-09 01:02:46.929	30251	21501	-88	-76	52
2014-12-09 01:22:35.526	30251	21501	-88	-76	52	0.61	81.28	3.261
2014-12-09 01:32:38.228	30251	21501	-88	-76	48
2014-12-09 01:37:39.398	30251	21501	-85	-77	48	0.46	81.49	3.269
2014-12-09 01:42:42.574	30251	21501	-85	-76	48
2014-12-09 01:52:37.035	30251	21501	-85	-77	41	0.46	81.43	3.261
2014-12-09 02:07:36.378	30251	21501	-88	-76	41	0.49	81.41	3.261
2014-12-09 02:22:34.35	30251	21501	-85	-76	38	0.57	81.2	3.252
2014-12-09 02:22:39.878	30251	21501	-88	-76	41
2014-12-09 02:22:40.906	30251	21501	-88	-76	41
2014-12-09 02:32:34.563	30251	21501	-88	-76	38
2014-12-09 02:37:37.342	30251	21501	-88	-76	38	0.7	81.0	3.261
2014-12-09 02:52:36.375	30251	21501	-88	-76	35	0.67	80.99	3.252
2014-12-09 03:02:58.678	30251	21501	-88	-76	34
2014-12-09 03:07:48.894	30251	21501	-88	-76	34	0.6	81.02	3.261
2014-12-09 03:22:41.37	30251	21501	-88	-76	31	0.5	81.18	3.252
2014-12-09 03:32:42.407	30251	21501	-88	-76	23
2014-12-09 03:37:41.318	30251	21501	-85	-76	23	0.6	81.16	3.252
2014-12-09 03:42:37.65	30251	21501	-88	-76	23
2014-12-09 03:52:42.435	30251	21501	-85	-76	23	0.86	80.88	3.244
2014-12-09 04:02:43.523	30251	21501	-88	-76	21
2014-12-09 04:07:40.687	30251	21501	-88	-76	21	0.78	80.69	3.244
2014-12-09 04:22:37.218	30251	21501	-88	-76	25	0.96	80.74	3.236
2014-12-09 04:22:37.254	30251	21501	-88	-76	23
2014-12-09 04:32:41.211	30251	21501	-88	-76	25
2014-12-09 04:52:41.343	30251	21501	-85	-76	37	1.39	80.04	3.236
2014-12-09 05:02:50.346	30251	21501	-88	-76	47
2014-12-09 05:07:41.85	30251	21501	-88	-76	47	1.31	80.21	3.244
2014-12-09 05:22:36.163	30251	21501	-85	-76	44	1.21	80.33	3.236
2014-12-09 05:37:45.335	30251	21501	-88	-76	38	0.78	80.88	3.236
2014-12-09 05:42:36.383	30251	21501	-85	-76	38
2014-12-09 05:52:36.103	30251	21501	-85	-76	35	0.46	81.36	3.227
2014-12-09 06:02:45.95	30251	21501	-85	-76	35
2014-12-09 06:07:46.007	30251	21501	-88	-76	35	0.15	81.7	3.236
2014-12-09 06:22:41.998	30251	21501	-88	-76	35
2014-12-09 06:22:42.022	30251	21501	-88	-76	32	-0.02	81.84	3.227
2014-12-09 06:32:40.071	30251	21501	-88	-76	32
2014-12-09 06:37:39.23	30251	21501	-88	-76	32	-0.02	81.75	3.236
2014-12-09 06:52:42.698	30251	21501	-85	-76	32	-0.28	81.96	3.219
2014-12-09 07:02:40.858	30251	21501	-85	-76	28
2014-12-09 07:02:44.959	30251	21501	-85	-76	30
2014-12-09 07:07:38.523	30251	21501	-88	-76	30	-0.48	82.09	3.227
2014-12-09 07:22:38.515	30251	21501	-85	-76	30	-0.61	82.22	3.219
2014-12-09 07:32:40.691	30251	21501	-88	-76	29
2014-12-09 07:37:35.771	30251	21501	-88	-76	29	-0.57	82.05	3.219
2014-12-09 07:42:36.954	30251	21501	-88	-76	27
2014-12-09 07:52:44.074	30251	21501	-88	-76	27	-0.5	81.86	3.211
2014-12-09 08:02:39.511	30251	21501	-85	-75	27
2014-12-09 08:07:48.327	30251	21501	-85	-75	25	-0.28	81.55	3.211
2014-12-09 08:22:38.098	30251	21501	-85	-76	19
2014-12-09 08:22:38.118	30251	21501	-88	-75	19	0.01	81.03	3.211
2014-12-09 08:32:58.768	30251	21501	-88	-76	17
2014-12-09 08:37:43.083	30251	21501	-85	-76	28	0.17	80.88	3.211
2014-12-09 08:52:48.183	30251	21501	-85	-76	28	0.38	80.79	3.202
2014-12-09 09:02:38.551	30251	21501	-85	-76	26
2014-12-09 09:02:39.147	30251	21501	-85	-76	28
2014-12-09 09:07:40.655	30251	21501	-88	-76	26	1.07	80.04	3.194
2014-12-09 09:22:44.022	30251	21501	-85	-76	26	1.64	79.3	3.202
2014-12-09 09:32:48.691	30251	21501	-85	-76	18
2014-12-09 09:37:41.723	30251	21501	-88	-76	18	1.74	79.13	3.202
2014-12-09 09:42:37.143	30251	21501	-85	-76	18
2014-12-09 09:52:45.243	30251	21501	-85	-76	18	1.64	79.54	3.194
2014-12-09 10:02:38.038	30251	21501	-88	-76	17
2014-12-09 10:07:43.975	30251	21501	-88	-76	17	1.64	79.77	3.202
2014-12-09 10:22:44.959	30251	21501	-88	-76	16	1.78	79.8	3.194
2014-12-09 10:32:49.575	30251	21501	-88	-76	15
2014-12-09 10:37:41.166	30251	21501	-88	-76	18	2.14	79.72	3.186
2014-12-09 10:52:43.622	30251	21501	-85	-76	18	3.24	78.83	3.194
2014-12-09 11:02:57.723	30251	21501	-88	-76	21
2014-12-09 11:07:51.239	30251	21501	-88	-76	18	4.28	77.73	3.202
2014-12-09 11:22:53.682	30251	21501	-88	-77	15	4.74	77.34	3.194
2014-12-09 11:32:41.71	30251	21501	-88	-76	26
2014-12-09 11:32:42.455	30251	21501	-88	-76	26
2014-12-09 11:32:43.519	30251	21501	-88	-76	26
2014-12-09 11:37:44.387	30251	21501	-88	-76	26	5.33	77.18	3.202
2014-12-09 11:42:43.48	30251	21501	-88	-76	25
2014-12-09 11:52:37.674	30251	21501	-88	-77	25	5.97	76.79	3.202
2014-12-09 12:02:46.223	30251	21501	-88	-76	23
2014-12-09 12:07:37.323	30251	21501	-88	-77	25	6.28	76.71	3.202
2014-12-09 12:32:43.499	30251	21501	-88	-76	26
2014-12-09 12:37:39.267	30251	21501	-88	-77	26	7.06	76.9	3.202
2014-12-09 12:52:38.727	30251	21501	-88	-76	23	7.36	76.94	3.194
2014-12-09 13:02:39.939	30251	21501	-88	-77	23
2014-12-09 13:02:39.958	30251	21501	-88	-76	23
2014-12-09 13:22:47.79	30251	21501	-85	-77	27	7.6	77.36	3.202
2014-12-09 13:32:38.079	30251	21501	-88	-76	27
2014-12-09 13:37:38.587	30251	21501	-88	-76	26	7.43	77.87	3.211
2014-12-09 13:42:43.699	30251	21501	-88	-76	26
2014-12-09 13:52:47.686	30251	21501	-88	-76	26	7.18	78.46	3.202
2014-12-09 14:02:41.271	30251	21501	-88	-76	30
2014-12-09 14:07:43.551	30251	21501	-88	-76	30	7.18	78.6	3.211
2014-12-09 14:22:36.686	30251	21501	-88	-76	28
2014-12-09 14:22:36.706	30251	21501	-88	-77	28	7.1	78.76	3.202
2014-12-09 14:32:38.146	30251	21501	-88	-76	28
2014-12-09 14:37:43.574	30251	21501	-88	-76	26	7.2	78.8	3.211
2014-12-09 14:52:47.667	30251	21501	-88	-77	26	7.31	78.83	3.202
2014-12-09 15:02:41.387	30251	21501	-88	-76	27
2014-12-09 15:02:41.422	30251	21501	-85	-77	27
2014-12-09 15:07:46.05	30251	21501	-88	-76	27	7.36	78.94	3.202
2014-12-09 15:22:37.871	30251	21501	-88	-77	26	8.32	77.69	3.194
2014-12-09 15:32:38.091	30251	21501	-88	-76	26
2014-12-09 15:37:41.455	30251	21501	-88	-76	25	8.15	78.01	3.202
2014-12-09 15:42:40.751	30251	21501	-85	-76	27
2014-12-09 16:02:47.291	30251	21501	-88	-76	21
2014-12-09 16:07:47.498	30251	21501	-88	-76	23	6.47	80.44	3.202
2014-12-09 16:22:59.702	30251	21501	-88	-76	30	6.2	80.85	3.194
2014-12-09 16:32:49.247	30251	21501	-88	-76	28
2014-12-09 16:37:45.486	30251	21501	-88	-77	28	6.13	80.64	3.194
2014-12-09 16:52:49.339	30251	21501	-88	-77	28	5.97	80.73	3.194
2014-12-09 17:02:38.838	30251	21501	-88	-76	28
2014-12-09 17:02:38.859	30251	21501	-88	-76	28
2014-12-09 17:07:41.294	30251	21501	-88	-76	28	5.71	80.79	3.194
2014-12-09 17:22:41.198	30251	21501	-88	-76	25	5.56	80.8	3.186
2014-12-09 17:32:51.206	30251	21501	-88	-76	27
2014-12-09 17:37:42.171	30251	21501	-88	-76	21	5.29	80.88	3.186
2014-12-09 17:52:40.711	30251	21501	-85	-77	19	5.14	80.97	3.178
2014-12-09 18:02:40.987	30251	21501	-91	-76	19
2014-12-09 18:07:37.942	30251	21501	-88	-76	19	5.06	80.88	3.178
2014-12-09 18:22:42.016	30251	21501	-88	-76	19	4.9	80.84	3.17
2014-12-09 18:22:42.034	30251	21501	-88	-76	19
2014-12-09 18:32:45.074	30251	21501	-88	-76	18
2014-12-09 18:52:43.055	30251	21501	-88	-76	19	4.71	80.87	3.162
2014-12-09 19:02:49.215	30251	21501	-91	-76	19
2014-12-09 19:02:49.467	30251	21501	-91	-76	19
2014-12-09 19:02:50.61	30251	21501	-91	-77	22
2014-12-09 19:02:50.643	30251	21501	-91	-77	22
2014-12-09 19:07:42.37	30251	21501	-88	-76	22	4.61	80.82	3.17
2014-12-09 19:22:46.082	30251	21501	-88	-77	22	4.49	80.82	3.162
2014-12-09 19:37:41.043	30251	21501	-88	-76	24	4.39	80.82	3.162
2014-12-09 19:42:39.524	30251	21501	-88	-76	24
2014-12-09 19:52:44.582	30251	21501	-88	-76	23	4.28	80.84	3.154
2014-12-09 20:02:50.991	30251	21501	-85	-76	21
2014-12-09 20:07:51.15	30251	21501	-88	-76	23	4.18	80.84	3.162
2014-12-09 20:22:42.994	30251	21501	-85	-76	27
2014-12-09 20:22:43.01	30251	21501	-88	-76	27	4.01	80.88	3.146
2014-12-09 20:32:36.874	30251	21501	-88	-76	27
2014-12-09 20:37:37.974	30251	21501	-88	-76	27	3.9	80.95	3.154
2014-12-09 20:52:37.936	30251	21501	-88	-77	27	3.83	80.93	3.146
2014-12-09 21:02:42.038	30251	21501	-85	-76	25
2014-12-09 21:02:42.058	30251	21501	-88	-76	25
2014-12-09 21:07:41.015	30251	21501	-88	-77	25	3.74	80.91	3.154
2014-12-09 21:22:36.914	30251	21501	-88	-76	23	3.67	80.91	3.146
2014-12-09 21:32:38.495	30251	21501	-85	-76	21
2014-12-09 21:37:39.882	30251	21501	-88	-76	21	3.6	80.87	3.146
2014-12-09 21:42:43.002	30251	21501	-88	-76	20
2014-12-09 21:52:42.595	30251	21501	-88	-76	30	3.5	80.85	3.13
2014-12-09 22:02:39.795	30251	21501	-88	-76	32
2014-12-09 22:07:50.066	30251	21501	-91	-76	32	3.43	80.88	3.13
2014-12-09 22:22:37.915	30251	21501	-85	-76	25
2014-12-09 22:22:37.954	30251	21501	-88	-76	25	3.39	80.88	3.13
2014-12-09 22:32:48.278	30251	21501	-88	-76	25
2014-12-09 22:37:38.822	30251	21501	-85	-77	23	3.39	80.83	3.138
2014-12-09 22:52:41.818	30251	21501	-85	-76	21	3.35	80.8	3.13
2014-12-09 23:02:51.246	30251	21501	-85	-76	20
2014-12-09 23:07:38.739	30251	21501	-88	-76	20	3.33	80.82	3.138
2014-12-09 23:22:49.839	30251	21501	-88	-76	20	3.25	80.82	3.123
2014-12-09 23:32:41.731	30251	21501	-88	-76	19
2014-12-09 23:37:53.995	30251	21501	-88	-76	16	3.18	80.87	3.13
2014-12-09 23:42:44.324	30251	21501	-85	-76	16
2014-12-09 23:52:51.706	30251	21501	-88	-76	15	3.15	80.89	3.115
2014-12-10 00:02:43.682	30251	21501	-88	-77	22
2014-12-10 00:07:41.783	30251	21501	-88	-76	22	3.07	80.89	3.123
2014-12-10 00:22:41.903	30251	21501	-88	-76	22	3.01	80.86	3.115
2014-12-10 00:22:41.922	30251	21501	-88	-77	22
2014-12-10 00:32:40.639	30251	21501	-88	-76	22
2014-12-10 00:37:40.771	30251	21501	-88	-76	22	3.0	80.88	3.115
2014-12-10 00:52:40.683	30251	21501	-88	-77	21	2.95	80.87	3.107
2014-12-10 01:02:44.654	30251	21501	-88	-76	21
2014-12-10 01:02:44.663	30251	21501	-88	-76	21
2014-12-10 01:07:40.743	30251	21501	-88	-76	19	2.92	80.84	3.115
2014-12-10 01:22:44.69	30251	21501	-88	-76	19	2.88	80.83	3.107
2014-12-10 01:32:43.647	30251	21501	-88	-76	18
2014-12-10 01:37:39.767	30251	21501	-88	-77	18	2.82	80.81	3.107
2014-12-10 01:42:40.171	30251	21501	-88	-77	18
2014-12-10 01:52:49.27	30251	21501	-88	-76	18	2.78	80.83	3.099
2014-12-10 02:02:51.643	30251	21501	-88	-76	18
2014-12-10 02:07:45.622	30251	21501	-88	-76	18	2.74	80.79	3.099
2014-12-10 02:22:37.574	30251	21501	-91	-77	18
2014-12-10 02:22:41.995	30251	21501	-85	-76	18	2.71	80.79	3.092
2014-12-10 02:32:39.975	30251	21501	-88	-76	17
2014-12-10 02:37:41.57	30251	21501	-88	-76	17	2.74	80.77	3.099
2014-12-10 02:52:40.826	30251	21501	-88	-76	16	2.68	80.76	3.092
2014-12-10 03:02:46.222	30251	21501	-88	-76	16
2014-12-10 03:02:49.615	30251	21501	-88	-76	16
2014-12-10 03:07:44.603	30251	21501	-88	-76	16	2.65	80.75	3.092
2014-12-10 03:22:38.734	30251	21501	-88	-76	16	2.61	80.74	3.084
2014-12-10 03:32:43.455	30251	21501	-88	-76	16
2014-12-10 03:37:49.555	30251	21501	-88	-76	15	2.56	80.8	3.092
2014-12-10 03:42:39.567	30251	21501	-88	-76	15
2014-12-10 03:52:40.723	30251	21501	-88	-76	16	2.46	80.85	3.084
2014-12-10 04:02:42.543	30251	21501	-85	-76	15
2014-12-10 04:07:50.034	30251	21501	-88	-76	15	2.29	81.04	3.084
2014-12-10 04:22:47.862	30251	21501	-88	-76	15
2014-12-10 04:22:48.095	30251	21501	-85	-76	15	2.17	81.16	3.069
2014-12-10 04:32:52.947	30251	21501	-88	-77	15
2014-12-10 04:37:49.474	30251	21501	-88	-76	22	2.11	81.23	3.077
2014-12-10 04:52:56.503	30251	21501	-88	-77	22	2.03	81.26	3.069
2014-12-10 05:02:41.742	30251	21501	-88	-76	22
2014-12-10 05:02:48.839	30251	21501	-88	-76	22
2014-12-10 05:07:44.539	30251	21501	-88	-76	21	2.0	81.25	3.069
2014-12-10 05:22:45.667	30251	21501	-88	-76	21	1.96	81.24	3.061
2014-12-10 05:32:45.375	30251	21501	-88	-76	19
2014-12-10 05:37:41.159	30251	21501	-85	-76	18	1.9	81.28	3.061
2014-12-10 05:52:55.791	30251	21501	-85	-76	21	1.83	81.26	3.054
2014-12-10 06:02:45.351	30251	21501	-85	-76	23
2014-12-10 06:07:44.379	30251	21501	-85	-76	27	1.79	81.3	3.047
2014-12-10 06:22:43.295	30251	21501	-88	-76	27
2014-12-10 06:22:43.315	30251	21501	-88	-76	27	1.7	81.28	3.039
2014-12-10 06:32:41.354	30251	21501	-88	-76	27
2014-12-10 06:37:54.498	30251	21501	-85	-76	27	1.67	81.32	3.047
2014-12-10 06:52:45.699	30251	21501	-88	-76	27	1.6	81.35	3.032
2014-12-10 07:02:43.319	30251	21501	-85	-76	25
2014-12-10 07:02:50.472	30251	21501	-85	-76	25
2014-12-10 07:07:40.431	30251	21501	-85	-76	25	1.5	81.37	3.039
2014-12-10 07:22:44.25	30251	21501	-85	-76	25	1.39	81.41	3.025
2014-12-10 07:32:47.322	30251	21501	-85	-76	25
2014-12-10 07:37:40.43	30251	21501	-88	-76	23	1.28	81.46	3.025
2014-12-10 07:42:45.854	30251	21501	-88	-76	23
2014-12-10 07:52:54.051	30251	21501	-88	-76	23	1.21	81.49	3.017
2014-12-10 08:02:47.858	30251	21501	-88	-76	23
