id	packet_count
10011	1	52326
10801	1	47779
10101	1	34196
10301	1	27416
20941	21831	24680
20941	20301	14135
10201	1	13852
21501	10501	13417
20711	10501	12223
10501	10701	11939
10201	10801	11086
11001	10301	10061
30251	21501	9784
10501	10301	9657
20941	22431	9436
11101	1	8900
10701	1	8822
10701	10301	8740
40031	10701	8348
20441	10301	8257
11001	10701	8247
10301	10801	8225
30851	30651	8142
10911	10301	7927
20941	21931	7901
30951	21501	7714
10201	10011	7520
20301	10501	7112
10701	10801	7081
20031	10501	6840
10301	10011	6565
50231	21501	6502
20941	21631	6288
40131	10701	6143
10601	10701	6052
50031	21501	6025
50331	10501	5933
50531	10501	5920
30651	21501	5906
10201	10101	5829
31301	21501	5388
60001	21501	5353
30751	21501	5336
21501	20301	5090
21501	20711	5074
21031	10501	4810
10911	10701	4539
20641	20441	4479
30151	21501	4393
10701	11001	4282
30551	21501	4207
11001	10101	4106
20711	20301	4033
40231	10501	3952
20301	10701	3936
20941	10401	3863
11301	20441	3836
20031	21831	3775
11101	10801	3711
20851	20301	3710
20551	10501	3671
20551	10601	3587
20251	20301	3542
21151	20301	3514
20031	11301	3509
21411	10501	3498
20451	10501	3487
10701	10011	3435
20301	20551	3432
20641	10401	3398
20301	20451	3391
30351	21411	3367
30251	31301	3337
10501	11001	3335
20711	20551	3330
20641	21831	3321
40231	10701	3280
11001	1	3223
50031	21411	3149
20551	10701	3147
20451	20551	3142
10701	11101	3125
31251	21501	3099
10501	10401	3058
20451	10301	3039
10301	10101	3019
20441	21831	2993
30551	21411	2975
20711	21831	2969
10501	10601	2923
11001	10011	2919
20851	10401	2912
30151	21411	2906
10911	11001	2884
50131	21501	2869
20251	10501	2846
20031	20451	2842
10601	10501	2838
20441	10401	2813
20251	10401	2801
50531	20711	2796
10301	10201	2787
20641	10501	2725
30551	31301	2699
31051	21501	2684
30451	21411	2668
10701	10201	2661
60201	21501	2631
10401	10501	2619
21831	10801	2616
21411	20301	2605
30451	21501	2592
21331	21831	2588
20301	11301	2588
11301	10701	2584
20711	20451	2540
30751	31301	2537
11301	21831	2536
21151	10501	2520
20031	20551	2510
20441	11001	2510
20551	11001	2501
10501	11101	2483
10301	10701	2457
20031	11001	2434
31131	10501	2365
20031	20711	2335
22431	11301	2324
20451	10401	2316
20151	10601	2310
30651	31301	2295
20551	20451	2248
11001	10201	2223
20441	10501	2207
30651	21411	2203
21251	10501	2200
20551	21251	2189
50031	31301	2175
22131	11301	2173
30251	30151	2173
30851	30951	2168
60201	21411	2157
30851	60001	2149
21501	20031	2126
20651	10501	2125
50131	50531	2119
10401	10601	2116
20551	20651	2074
20301	20711	2073
20641	11301	2055
21931	11301	2033
10301	11001	2014
21031	21831	1994
21031	20301	1984
20641	11001	1972
30851	30751	1970
20941	21501	1958
40231	10601	1946
40331	10501	1943
10201	10301	1930
11001	10501	1927
20551	10401	1925
50331	20301	1925
30351	21501	1915
40131	10501	1913
40131	40031	1908
21251	20301	1908
31131	31301	1904
40231	11001	1862
20451	20301	1859
31301	10501	1851
50131	50331	1841
21151	20711	1829
10401	40031	1806
21251	10701	1805
20441	10801	1804
20851	20711	1792
20301	20031	1789
30251	60001	1788
20711	10301	1775
20301	21251	1774
20941	20551	1770
50031	50331	1767
10301	11101	1765
50331	20711	1751
20711	20031	1749
20941	20711	1723
31251	21411	1711
10501	20301	1703
10401	21251	1700
30251	31131	1687
20851	21831	1678
30451	31301	1669
60201	60101	1660
21251	10601	1659
20551	20301	1643
20941	20451	1624
10401	10301	1623
30651	60101	1622
20851	10501	1597
50531	20301	1592
11101	10011	1577
31051	31301	1577
30151	31301	1568
20551	20031	1550
20551	20711	1548
30851	31131	1531
50031	50531	1527
40331	10601	1515
11001	21831	1512
50531	21411	1511
21031	20031	1511
40031	10501	1502
20151	10501	1500
30651	30351	1495
50331	21411	1493
30751	31131	1491
20711	10401	1486
20941	10501	1484
21501	21411	1482
61231	11401	1471
31301	21411	1470
20451	20711	1464
10601	11201	1461
30751	30351	1453
10501	20451	1451
22331	10601	1444
10601	40131	1440
20451	11001	1438
60001	60201	1437
20711	11301	1437
20651	10401	1424
21151	21251	1423
20301	10401	1413
21731	11301	1407
30651	31131	1407
20851	21251	1403
30451	31131	1402
30451	60101	1395
10601	10301	1390
20151	21251	1387
61231	60101	1384
10601	40031	1377
20651	10601	1377
60101	20031	1368
60531	11401	1367
30751	30651	1366
22231	10601	1365
40131	10601	1363
11301	11201	1359
21931	10501	1355
20151	20301	1354
20301	10601	1353
50231	50331	1343
30551	30351	1341
21831	10701	1338
60101	20301	1334
20851	20651	1323
20451	20031	1313
30151	60101	1313
11001	10601	1304
30751	60001	1303
60731	60101	1297
50031	20711	1296
20711	21251	1291
31051	60101	1274
21501	50531	1273
30351	31301	1265
11101	10101	1263
11101	10301	1262
31301	20301	1262
31051	31131	1260
30751	30551	1259
61531	11401	1259
11001	10801	1255
30951	60001	1254
20251	20711	1253
21031	10401	1241
60201	10401	1240
20711	20851	1229
61131	60101	1212
21151	20651	1210
40331	10401	1209
31301	20711	1208
30951	31131	1204
30551	50031	1197
60001	10401	1194
61831	11401	1192
30151	31131	1191
31051	21411	1182
60201	60631	1182
61031	60101	1171
30451	60201	1165
20711	20651	1163
10401	10701	1162
22131	10501	1161
60831	11401	1154
61431	11401	1149
60201	31131	1149
30551	60101	1148
60631	20031	1146
20441	11301	1144
22331	11001	1143
30651	60001	1133
30751	60201	1132
21251	21831	1131
10701	10101	1129
61731	11401	1128
10501	20551	1127
60101	10501	1126
20941	20031	1122
10501	20441	1120
40331	10701	1118
20541	21931	1117
31251	31131	1116
20151	10401	1113
60931	60101	1108
30851	31301	1107
31131	31251	1107
20251	20651	1106
31301	31131	1105
61031	11401	1104
40231	40031	1101
21331	10401	1099
20251	20151	1096
22531	11301	1096
11401	11301	1095
10601	11001	1093
22431	21831	1093
22031	21831	1084
10501	20711	1081
31051	60001	1079
20031	20651	1079
21411	20031	1076
60831	60101	1071
22531	11001	1067
50031	31131	1063
60001	10501	1063
21151	20551	1055
21631	11301	1052
60531	60101	1049
20941	21411	1047
20541	21831	1047
20251	21251	1041
61631	60101	1038
20451	10701	1037
22231	11301	1036
40331	40131	1035
50531	21501	1028
20851	20551	1025
60531	21501	1025
62131	21831	1024
60001	50531	1013
21501	60201	1012
22031	11001	1010
31251	31301	1005
21731	21831	1005
40031	40131	998
20151	21831	993
20651	20301	992
60331	20031	990
61331	11401	990
20031	20301	989
22131	11001	988
50031	30351	983
22231	11001	983
10201	10701	981
20151	20031	972
31131	60201	972
30651	30551	968
20251	20551	968
20541	10601	968
21631	21831	967
60331	21501	965
21031	20711	963
31301	50031	958
60001	21411	952
21151	10401	951
60001	11401	949
11201	10201	949
20031	20251	948
40331	40031	947
30551	31251	942
22031	11301	940
11201	10801	938
40031	10601	938
22431	11001	936
50031	10501	923
60001	10601	921
30551	31131	921
22231	21831	920
20711	10701	920
61131	11401	920
40231	21831	919
60201	10501	918
40231	11301	915
22131	21831	913
50331	21501	909
20441	21931	907
61631	11401	906
61831	60101	906
20301	20151	902
22331	21831	901
50031	60001	898
21251	10401	896
62031	20031	895
20441	20031	891
20031	10301	888
31131	60001	882
61931	21831	881
21411	20711	880
30551	30651	879
10501	11301	877
11201	10301	877
50131	20711	867
62031	20301	862
31051	30151	859
30451	30551	858
21331	20441	858
10401	11001	856
40331	11001	855
31251	60201	855
61531	60101	854
21411	10401	853
20711	20251	853
30951	31301	851
20851	21411	843
61731	60101	843
21151	20851	842
21831	11301	842
20851	20251	842
20551	20151	838
60101	21411	836
11201	10011	832
50031	60101	831
50231	31301	828
30751	30451	827
50531	21031	826
40331	20301	824
21831	10601	823
30551	60001	822
22531	10601	820
21411	11301	811
60331	60101	810
20301	21831	808
60631	20711	804
30151	62031	802
10911	11101	801
60831	20301	801
40131	11001	798
20541	11301	794
50031	50131	793
21831	10501	793
20551	10301	793
31301	11401	793
10101	21831	790
10401	21831	789
30351	20711	786
31131	60101	785
50331	50531	784
20031	10401	783
21931	21831	783
50531	50331	781
30351	31131	780
60631	60101	780
10501	21251	778
60201	21831	775
30151	60201	774
31301	50531	772
20851	20451	771
20151	20651	768
21631	10501	766
20031	21251	764
30551	30151	763
20711	20641	762
60631	20301	762
20641	21731	760
20251	20031	759
61331	21501	752
10501	1	752
20641	10701	751
20851	21031	747
61231	31131	745
20541	20031	745
62131	20301	743
20031	20941	743
60731	11401	741
20711	21151	738
61431	60101	738
10601	40231	737
60201	31301	736
30451	31251	734
20941	20641	730
10911	10501	728
60631	21501	726
60431	60101	726
60431	11401	724
60831	31131	722
30251	30651	722
10101	10501	721
21031	22231	718
21331	21931	717
30251	11401	715
60631	31131	714
60201	50531	708
40231	40131	704
10501	20031	703
10701	10501	702
21831	11001	700
20711	20941	700
30251	60101	695
21151	20451	695
61331	60101	694
20711	10601	694
20641	10301	693
21631	20301	690
61731	21501	690
10501	10801	690
30151	30351	687
30651	30151	685
21331	20301	684
30251	31251	683
31301	20031	682
30251	30551	678
11001	11101	677
21411	10701	676
20301	10301	673
60331	11401	666
20651	40231	666
62231	11001	666
60931	11401	665
11001	10401	663
60101	11301	662
21501	20551	661
30251	30351	661
50131	21411	659
60001	20711	658
21731	40031	655
21411	21251	651
21151	20031	651
31301	60201	651
61531	21501	651
30651	31251	650
20151	20711	649
30451	30651	645
60631	21411	644
61831	31131	642
30951	30151	642
20951	10401	640
60101	21501	639
21501	11301	637
31301	61931	637
21031	20441	635
10601	20301	629
20651	20551	628
60431	21501	628
31131	21501	626
61031	31131	625
50031	30551	625
60201	61931	625
20941	20251	625
60931	21501	624
30551	30951	622
22531	21831	621
20451	20651	621
20151	11301	615
60101	11401	614
21931	11001	613
30651	30451	612
60201	20031	611
30031	10501	611
20251	20451	607
60001	60101	605
62231	21831	605
60931	31131	601
20301	20651	600
20651	10701	596
21731	11001	595
30751	30151	594
31131	30351	593
10911	10601	590
21731	10501	590
30551	30451	590
20031	10601	589
20951	21251	589
21251	20711	587
20641	22231	586
62131	22131	586
21501	61931	585
20641	20031	585
20441	10601	582
30951	21411	581
20541	10501	579
22031	20301	578
20651	20151	578
20451	21831	577
20251	20851	574
62031	22431	574
20551	20251	569
11101	10701	569
30651	30751	567
21831	10301	566
30351	60201	564
21411	20651	562
21631	11001	561
20151	20551	559
11201	10701	559
30351	50531	559
50531	20031	559
20541	20301	558
50131	31301	558
61931	20711	556
60201	20301	556
20031	21031	554
22231	20301	554
22031	20031	552
11001	40031	549
20301	11001	548
30351	50131	544
31251	30031	542
21331	10601	540
60101	21831	540
40331	40231	540
61331	20031	539
40031	10401	539
21331	10501	538
20851	21151	537
20451	20941	536
11301	10301	536
20941	20441	535
21151	21411	532
31301	60001	530
21501	62231	530
20641	22431	529
20651	20031	528
20541	22031	526
21631	40131	526
22031	21931	524
60101	20711	523
20031	20151	522
21151	20951	522
10401	20301	521
20941	21251	521
60001	50031	520
61431	10101	519
21251	21931	514
20851	20031	512
20651	21251	511
22431	21931	509
61731	61931	509
20441	20301	508
61431	21501	507
20641	22331	507
60531	31131	507
20951	20651	505
21151	20941	505
22431	20301	505
21151	20251	504
21831	10401	504
21031	20851	504
21031	20551	503
30751	31251	503
10601	21251	503
62131	22431	497
30451	30151	497
61231	21501	496
21501	31301	495
20651	20711	495
62231	20031	494
21501	11401	493
20441	20641	491
60931	20301	491
62231	21931	491
31131	20031	487
20641	22131	486
21031	20251	485
50131	30351	485
40031	21251	484
61331	62031	483
50231	31131	482
60631	10401	481
61731	31131	481
60631	21831	480
20441	10701	480
60431	60331	479
61031	21501	478
10501	40031	477
30451	60001	477
62231	22131	475
10401	10801	474
11001	20441	473
11401	22231	472
20541	21731	471
21331	22231	470
20031	21411	469
20851	20151	468
61231	60331	468
30151	31251	468
20551	21831	467
60631	60201	467
20451	20851	465
60531	60331	465
60001	31301	465
20451	20251	464
30351	60101	461
30151	61931	460
10701	10911	460
20651	20251	460
31301	60101	457
20951	20301	456
21731	10601	456
30031	21831	455
31301	30351	455
20941	22531	453
20301	20941	451
62031	22131	448
31131	31051	448
20941	20151	446
31131	21411	446
31051	31251	445
21151	20151	442
50131	60201	442
31051	60631	441
50231	50031	440
60101	31131	437
20251	21151	437
62231	22431	436
20941	21031	435
20851	20441	435
31301	30151	435
30251	30031	433
61531	31131	433
10801	10011	431
50531	20251	430
22231	21931	430
62231	22231	428
20641	40231	428
20151	20251	427
20851	20941	426
22431	10601	426
50331	20031	426
60731	21501	425
30351	30031	425
21631	21931	425
21151	21031	423
10101	10801	423
60101	31301	422
62131	21731	420
20651	21831	420
21501	10401	419
20451	21251	419
31131	20301	419
22331	21931	419
21251	11001	418
61931	22531	418
62131	20031	417
60831	60331	417
20031	20851	415
61131	31131	415
20551	20851	414
11101	10201	414
21631	20031	414
30451	30751	414
60201	30351	413
60831	21501	413
40131	40231	413
20541	22431	412
40131	10301	411
60201	31251	407
20941	22031	407
20651	20451	405
20951	20031	405
30651	30031	404
11401	22531	402
60431	31131	402
21731	20301	402
20031	10701	401
20251	21411	400
50131	30031	400
10101	10401	399
61331	21411	398
20851	20641	396
62031	20711	396
20941	62231	395
60331	31131	394
50031	30031	394
21031	20641	394
31251	60001	394
50131	50031	393
20641	20301	391
30951	60101	391
60731	62031	390
20711	11001	388
50531	10401	388
20711	21931	388
40231	10401	387
30151	60001	387
21631	22131	386
21501	21031	385
61931	20301	384
60001	60331	384
20301	20851	383
20651	20851	383
61931	22431	382
30551	30751	381
30351	10501	380
30651	11401	380
61631	10101	379
61831	60331	377
50531	11401	376
20551	20951	376
20951	20711	375
20031	60001	374
20951	10501	372
21731	20031	372
40331	11301	371
22031	10501	371
61331	31131	370
20641	20711	370
20151	40331	370
60201	60001	370
31251	30551	369
21031	22531	367
61031	60331	366
30551	30031	366
31301	31251	366
22031	10601	364
21331	20711	363
61431	62231	363
21731	21931	362
11401	21631	362
61431	31131	361
30451	30351	361
61331	61931	360
20251	20941	360
20941	20851	359
21501	60101	359
20541	20641	359
10101	20301	358
30351	30151	357
20151	20451	357
30951	30651	355
62031	22231	355
21411	50531	354
60731	60001	354
21831	21931	354
60001	20031	351
21031	21251	351
20641	22531	351
22331	11301	351
61631	62131	351
21031	20941	350
20711	21411	349
40131	10401	349
30451	30031	349
22531	20031	349
50131	31131	349
21251	21731	349
20151	22131	348
60101	61931	348
62231	10501	348
21031	20651	347
31251	30151	347
22031	22431	346
21631	21731	346
20711	11101	346
60731	31131	344
61631	60331	343
50531	60201	343
20541	20711	343
21731	22131	343
60201	20711	342
21411	20251	341
21831	20301	341
20941	21151	340
20441	20711	340
61431	60331	339
10501	20651	339
21251	20031	338
11301	10501	338
60931	60001	336
61131	62031	336
61431	62031	334
62231	21631	334
60831	60001	334
40031	40231	332
21251	20441	331
50231	60101	328
11001	10911	328
20941	21731	327
20301	20251	327
10601	10401	327
60731	60331	326
50331	31301	323
22031	22531	322
21831	20031	322
61931	20031	319
10401	20551	319
60201	62231	317
21331	20641	317
20151	22431	316
21501	20451	316
30351	31251	316
30651	60201	315
20441	22431	315
60001	21831	314
40231	20301	311
60101	10401	311
20651	11001	311
60931	60331	310
22331	20031	309
60001	50331	309
62031	21031	309
21831	22231	308
61831	21501	306
30351	50331	305
61631	31131	305
22331	20301	304
50231	21411	304
20031	21931	304
31301	30551	303
30151	11401	301
20441	22131	301
50231	60001	300
31131	22431	299
40331	21831	299
61531	62031	298
22231	20031	298
11301	10201	298
30351	30651	296
31251	30351	295
30551	60201	294
61731	20031	294
61831	60001	294
60001	20301	293
30351	60001	293
30151	31051	292
11401	20151	291
22431	20031	291
21831	21731	291
10101	22231	289
20651	21411	289
50531	20941	288
21931	20301	288
20151	21931	285
20551	20941	285
20941	20651	284
61131	21501	282
50231	30031	281
31301	10401	280
21411	21031	279
50331	11401	279
10911	21501	279
30251	30751	278
22331	22131	278
20251	21031	278
30951	30551	278
30151	30651	277
20541	20441	275
60531	61931	275
20711	20951	274
62031	22531	274
10601	40331	274
20711	21501	273
61531	60331	273
20541	11001	272
60001	30351	272
61731	62131	271
20711	20441	271
20711	40231	271
22231	22131	270
20451	20151	270
62231	21731	269
21031	21411	269
61731	60331	269
50131	60001	268
20941	11301	268
20151	60001	268
61031	60001	267
21031	20151	267
60431	60001	266
62031	11401	264
10401	20711	264
22531	21731	264
11401	10401	263
20151	21731	263
50531	31131	261
61931	21411	261
30351	30551	261
21331	22031	260
10101	20711	260
10601	21931	260
61731	60001	259
62031	10101	258
31301	30451	258
22431	22131	256
61131	60331	256
22431	10501	255
21831	11101	254
60101	10101	252
50531	20451	252
11001	20301	252
21501	30351	251
30351	50031	251
21501	62031	250
30751	50031	250
20941	22331	249
61631	62031	248
22031	10401	247
22531	20301	247
60201	30151	247
20301	21501	246
61331	60331	245
21931	40031	245
60101	60201	244
61231	60201	244
20551	21411	244
20851	21731	243
30151	20711	243
30031	21631	243
50231	50131	242
61231	60631	242
22131	20031	242
10101	22331	242
30151	30451	241
62031	62231	241
21501	20941	241
61631	20031	240
61031	60201	240
22031	22131	239
20301	40031	236
11401	62131	236
21151	62231	235
20251	21831	235
21031	11401	234
21411	10601	232
20711	21331	232
20711	20151	231
21151	22231	231
21831	20711	231
20441	20541	231
60201	20641	230
10101	21931	230
61531	61931	230
10701	20551	229
31251	30451	228
30151	30251	227
60431	31301	227
50331	60101	226
21411	20851	226
20651	60001	225
21251	20641	225
61131	60001	223
60631	11401	223
30551	11401	223
31131	30151	222
62131	22031	222
40131	21251	221
40131	11301	221
21731	20711	221
62131	11301	220
20541	22531	220
21501	31131	220
30951	31251	219
61231	60001	218
60531	60001	218
62131	21631	217
62131	21931	217
61031	60631	214
20641	62231	214
60431	61931	213
50131	20301	213
50531	61931	212
10601	21731	211
61231	60931	211
62031	21411	211
62031	22031	211
61331	60001	210
20441	21731	209
50331	30031	208
62231	22031	208
21411	20551	208
10601	20651	208
50531	10101	208
30031	62231	208
61931	60101	206
30031	22231	206
22131	20301	206
20711	60001	206
61631	60001	206
50531	60001	205
21031	20451	204
20851	20951	204
10401	40131	204
21501	30651	204
20031	10011	203
20451	21151	203
60631	62031	203
50531	21151	203
10401	20451	202
11401	21501	202
30951	30451	201
30351	11401	201
20951	10601	201
21501	20441	200
21251	20151	200
20951	60001	200
22031	22331	199
20941	10101	198
50031	60201	198
61631	22531	198
20711	22131	198
30651	50031	198
30151	30031	196
11401	21831	195
61631	22331	195
21501	31251	195
20251	20441	194
21931	10701	194
60631	60001	194
31131	21831	193
60001	20651	193
62031	21931	192
21501	20651	192
21501	30031	192
20851	60001	192
61231	61131	192
11401	61931	191
20301	40131	191
10101	22431	191
50531	20951	190
11001	20711	190
60331	60001	189
22531	22431	188
10401	20651	188
50331	31131	188
61931	11401	187
10101	10201	187
31301	30651	187
61931	21631	187
20151	22231	186
31301	20651	186
61931	22131	185
20251	22331	184
31251	60101	184
22031	21731	184
62131	21031	184
21251	11301	182
61631	61931	182
20441	22531	182
60331	62131	181
50331	50131	181
22531	22331	181
20031	20951	180
62131	20151	180
62131	21411	180
60001	30451	179
22431	10401	179
10301	10501	179
21501	50031	179
20031	22131	179
20451	60001	179
62031	10401	178
20251	20951	178
50131	60101	177
50531	20441	176
61231	61631	176
22531	22231	176
21731	10401	176
62031	21631	176
21411	10301	175
61031	60931	175
60631	62231	175
30951	30031	175
60531	20301	175
20551	60001	175
30751	30951	174
11401	62031	174
61931	62231	174
10501	10101	174
31131	21931	173
60001	20451	173
21151	21831	172
60931	60201	172
22331	21731	171
21501	30151	171
30551	50331	171
21251	20651	171
10101	11101	170
20651	21151	170
20151	22531	170
21031	62231	169
21411	21151	169
21501	60001	169
60101	20451	168
20441	22031	168
10101	10011	168
22431	22231	168
21251	21031	167
60631	21031	167
10701	21251	167
31301	60331	167
61431	20301	167
20941	62131	166
30151	30551	166
20031	21501	166
20941	11101	165
61131	60201	164
61531	60201	164
10401	11101	164
62131	20711	164
30351	20301	163
50531	20151	163
60731	60631	163
60201	62031	162
22131	21731	162
50331	60001	162
60831	61631	161
10501	40131	161
30751	60101	161
20951	20451	161
61531	61331	161
61531	60001	160
62031	21501	160
20951	20851	160
22331	10501	160
61831	60931	160
31131	22531	159
61231	60731	159
60001	40031	159
21151	10301	159
20451	21031	158
31301	30031	158
40131	20301	158
22431	21731	158
60731	61331	157
21411	40031	157
20951	21411	157
31301	21031	157
61431	60201	157
10401	20031	157
10401	20151	157
20451	10601	156
21831	20441	156
21631	20711	156
60731	61931	156
30651	60331	155
20651	21031	155
20251	20641	154
31131	10601	154
22331	22431	154
60101	30031	154
20151	22031	154
10601	10201	154
30251	60201	154
21931	20031	153
61631	20301	153
22431	20151	153
22531	20151	153
61731	61631	153
50231	30351	152
22531	20711	152
60931	31301	151
20441	21031	151
61831	61331	151
60001	30551	150
61031	61631	150
31131	50531	150
31131	20951	150
20451	21411	149
10601	22231	149
21251	21631	148
31131	20151	148
50331	61931	147
20301	21931	147
60831	60201	147
10201	11101	147
60831	62031	146
20711	22031	146
61931	50531	146
60731	60201	146
21501	21151	146
30751	21411	145
61631	22031	145
21031	22431	145
22431	22331	145
31251	31051	144
60731	60931	144
22131	10601	144
30751	30031	144
20641	21031	144
20551	21151	143
31131	20711	143
61031	31301	143
61531	60631	143
10101	10301	143
10501	21411	143
21831	22031	142
10601	21831	142
61431	60001	142
61831	20301	142
50531	31301	142
10601	60001	142
21251	21331	141
21831	22531	141
61431	61631	141
22531	22131	141
50131	10501	141
21331	11101	139
20031	40031	139
60531	60431	139
21151	20641	139
21631	10401	138
62031	61931	138
61931	21731	137
61931	21501	137
60001	30651	137
62131	50531	137
61831	60201	137
22531	21931	136
61131	60631	136
60001	21251	136
31251	30651	135
10501	21831	135
20151	22331	135
22531	22031	135
40231	21251	134
21731	40131	134
61831	31301	134
10401	21931	134
20441	21331	134
10911	50531	133
61431	60931	133
31301	31051	133
20951	21151	133
40131	40331	132
21831	40231	132
10501	20941	131
60331	60201	131
61131	60931	131
61031	60831	131
60831	60531	130
20541	10401	130
30651	30951	129
61131	31301	129
30551	30251	129
10701	20301	129
20541	22331	129
20441	22231	129
30031	21501	128
50531	30031	128
60831	31301	128
20641	21331	128
20301	21151	128
20851	21631	128
21031	60001	128
21631	22331	127
20941	20541	127
22231	22431	127
20711	22531	127
60101	62031	127
21631	40331	127
61531	60931	127
20941	11401	127
60831	60931	126
20151	11001	126
31051	60201	126
11301	40231	126
60831	60631	126
31301	30951	126
21731	20151	125
62031	20541	125
61731	60201	125
60931	61631	125
60631	20641	124
20641	20541	124
60631	61931	124
40331	21251	124
31301	30751	123
21631	22431	123
20301	40331	123
60431	60201	123
30031	22331	123
61831	61631	123
20951	21031	123
60001	20551	123
40231	20711	122
21151	21631	122
20251	21631	122
20951	20551	122
40031	40331	122
31131	30031	121
21251	20541	121
22431	22031	121
40031	20301	121
10101	22131	121
61731	61131	121
61431	60631	120
50331	60201	120
60431	21411	120
20541	21631	120
61431	60531	119
60101	30351	119
21331	20151	119
20301	21411	119
61231	61331	119
61031	61331	119
20641	11101	118
60531	60201	118
60531	60931	118
21411	20451	117
20251	21731	117
10911	31301	116
61131	60431	116
20441	62231	116
60931	60631	116
61531	60731	116
21411	20151	116
21331	11001	116
61531	61631	115
21151	21731	115
20151	20441	115
40231	40331	115
20251	60001	115
20031	22231	115
60431	61631	115
21631	20251	115
21151	22131	114
60431	61731	114
30651	60531	114
62031	20851	114
10401	20251	113
10601	20031	113
20951	20251	113
20301	22231	113
50031	62031	112
20711	21031	112
61931	31131	112
10401	20851	112
60531	61731	112
61031	61731	111
22031	22231	111
21331	22131	111
60731	61631	110
61031	61431	110
60831	61731	109
31051	30651	109
61831	60631	109
61831	61131	109
60001	40131	109
10401	40331	108
22231	20711	108
40231	20651	108
20651	20951	108
60001	31251	108
60001	30751	108
21151	10101	108
10401	21731	107
62031	60101	107
21931	22231	107
61731	60931	107
20031	22331	107
11401	31131	107
10101	20031	107
10701	10601	107
31301	21151	107
61731	61331	106
30351	30751	106
21731	22431	106
62231	20151	106
61431	61331	106
60531	61631	106
60001	21731	106
61131	61631	106
50531	20551	105
61031	61131	105
60431	60931	105
60001	30151	105
22131	10401	104
40331	20651	104
30031	20711	104
61431	61931	103
22131	22331	103
20941	10301	103
21031	21731	103
20641	11401	103
61731	60631	103
11001	20551	103
10501	21501	102
20651	20941	102
60431	20031	102
60431	62131	102
30551	10501	101
31131	61931	101
61031	61531	101
21931	21731	100
60531	60631	100
20441	21251	100
61331	60631	100
10601	22031	100
22131	22231	99
62231	21031	99
61431	60831	98
20451	21501	98
40031	11001	98
61631	60931	98
60531	61131	98
61531	61131	97
61831	60531	97
11001	22231	97
10801	10301	97
60731	61731	97
61331	60931	97
62131	60101	97
20251	21931	96
10501	20641	96
21411	61931	95
30151	20301	95
11001	20031	95
10601	20551	95
31051	30951	95
21331	21251	95
10101	22031	95
21151	11001	94
50031	30751	94
22131	20151	94
20151	21031	94
61031	60431	94
20151	21411	94
21731	40331	94
10501	40231	94
20031	22031	94
22331	22231	93
61431	61731	93
40231	20441	93
22531	21411	93
10501	21031	93
21931	10401	93
61731	60531	93
60431	60831	93
61531	60431	92
20031	21631	92
20151	20941	92
60831	61431	92
31131	30551	91
60731	60531	91
50331	10101	91
60001	31051	90
21631	22531	90
61231	61531	90
61231	60531	90
20551	21031	90
61031	60531	90
60331	61631	90
30551	60431	90
21831	22331	90
21731	22231	89
21251	20551	89
21831	21631	89
62131	22531	89
10601	21411	89
50531	60101	89
21931	22331	89
61231	61031	89
61231	61431	88
61331	60201	88
21251	11401	88
20151	20851	88
10401	22231	88
61631	60831	88
40231	20641	88
50531	21631	88
22531	10401	88
61231	60431	87
61631	60631	87
31131	50031	87
62231	10401	87
60931	61731	87
30651	60631	86
30951	30751	86
22331	22531	86
10801	10201	86
62131	22331	85
60931	61331	85
10911	60001	85
40031	11301	85
61831	60431	85
60931	61131	85
20031	60631	84
21501	20851	84
60931	61831	84
21411	62131	84
11001	40131	83
50531	62031	83
61631	61531	83
60001	30951	83
60531	61331	82
21931	20711	82
10401	20941	82
61831	61431	82
50031	30151	82
21031	20951	81
31051	11401	81
60531	60831	81
60001	21631	81
61531	60531	81
60431	60631	81
60631	61331	81
10401	22131	81
61331	61631	81
61831	60831	81
21931	22431	81
60001	30031	81
20301	20951	81
60931	61431	80
11001	22031	80
20551	21501	80
22331	10401	80
11301	20031	80
10701	20031	80
20941	50531	80
60001	20851	80
60931	60531	80
21501	22131	80
60001	10301	80
31301	30251	79
60831	60431	79
22031	20151	79
10601	22331	79
30031	50331	79
20641	21501	79
11001	20451	79
10101	21731	79
20851	10101	79
11001	40231	78
20031	20641	78
20711	40131	78
21031	21151	77
21031	22031	77
40231	20031	77
61231	61731	77
60831	61931	77
22431	21411	76
60531	21411	76
21151	21501	76
31131	21251	76
21031	50531	76
61531	61731	76
30951	60201	76
21501	60331	76
60001	31131	76
30151	30951	75
10601	20711	75
60201	50131	75
21831	22431	75
60531	62031	75
61731	61431	75
20301	22531	75
22131	22431	74
61731	60431	74
31131	22031	74
60001	60431	74
30651	50531	74
20651	40331	74
21731	20251	73
61931	10501	73
21251	60001	73
40031	10301	73
10401	21631	73
30751	30251	73
22431	22531	72
22031	21631	72
20451	21631	72
40231	11101	71
21831	20251	71
62131	20641	71
21731	22531	71
60431	60531	71
22331	20151	70
40231	21411	70
60931	60831	70
21411	60101	70
30151	30751	69
61131	60531	69
20451	20951	69
21501	30551	69
40331	21411	69
62231	10101	69
60831	61131	69
10601	22131	68
20641	22031	68
20711	22331	68
20711	40031	68
30031	21931	68
20031	22531	68
20251	22131	68
22331	20711	68
60731	60831	68
31051	60531	68
30451	31051	67
31131	21731	67
61631	61431	67
21151	11401	67
20301	21631	66
60001	21031	66
31131	50331	66
60331	61931	66
22431	20711	66
22231	22531	66
61831	61731	66
10501	20251	66
11001	21931	66
60831	61831	66
21831	20641	65
30251	21411	65
60731	60431	65
50531	20851	65
20651	22431	65
21411	31301	65
21501	30751	65
21631	22031	65
40031	20651	65
31251	30951	65
10501	60001	65
20651	40031	65
21631	10601	64
60201	30651	64
61631	60531	64
10501	50531	64
60631	11301	63
11401	21031	63
21151	31301	63
60201	31051	63
22131	21931	63
11001	22131	63
22531	10101	63
60731	61431	63
10501	10011	63
60631	60431	62
21501	50131	62
61131	61031	62
30451	11401	62
50531	21251	62
60331	20301	61
61431	61831	61
20851	20541	61
10401	60001	61
21031	21331	61
61731	31301	61
60201	11401	61
10301	10911	60
11301	21931	60
31131	30651	60
21151	60001	60
60931	60431	60
61431	60431	59
10301	20441	59
21831	22131	59
60331	60631	59
22331	21631	59
22031	62231	59
22231	21411	59
50531	50131	59
20301	10201	59
21411	40131	59
11101	11001	59
61031	61931	58
50031	31051	58
60101	30451	58
61131	60831	58
21931	10601	58
20541	62231	57
21631	62231	57
22431	62231	57
61331	20301	57
21031	22331	57
61531	61431	57
60731	21411	57
60331	60431	57
20451	21931	56
21501	20151	56
60531	30451	56
21151	50531	56
40331	20451	56
61231	60831	56
20301	22131	56
60831	61531	56
60201	60431	56
22531	61931	55
21931	22131	55
30651	31051	55
61131	60731	55
61631	60201	55
10101	20151	54
61931	62131	54
60201	30751	54
10101	11001	54
10701	20711	54
21631	22231	54
21501	21251	54
60831	61331	54
61731	60831	54
62231	22531	54
20151	21151	54
20151	20541	53
30751	31051	53
21251	22131	53
60001	61331	53
61031	20031	53
60431	20301	53
50531	30351	53
50531	50031	53
22331	22031	53
61131	61431	52
60201	60831	52
60631	30451	52
60431	61231	52
62131	62231	52
20711	50531	52
21251	20951	52
31251	30751	52
20301	21731	52
61631	21501	52
60331	60531	51
61931	50331	51
30951	30351	51
62131	10401	51
20151	21331	51
30651	30251	51
60931	60731	51
20711	11401	50
50331	21031	50
21631	20151	50
30451	30951	50
20251	22231	50
61331	60831	50
21931	21411	50
20441	21631	49
61831	62031	49
10401	22031	49
40131	20711	49
60001	20151	49
21411	62231	49
40031	60001	49
22131	22531	49
10101	21411	48
60331	60831	48
60331	61731	48
60201	61631	48
50531	21831	48
22131	21631	48
31301	50331	47
21411	10101	47
61631	61131	47
40331	20711	47
60101	30651	47
20541	22131	47
21251	20251	47
60631	30031	47
61331	62131	47
50531	10601	46
22531	21631	46
60431	62031	46
10911	10401	46
60201	20441	46
50231	10101	46
61631	61331	46
62031	20151	46
21411	40231	46
30551	31051	45
61531	22531	45
21031	22131	45
20031	21151	45
40131	21411	45
30031	21411	45
21411	21931	45
20031	31301	45
60201	50331	45
30151	50031	45
60101	50531	45
11001	21631	45
60431	61431	44
30951	31051	44
50031	30651	44
61131	61731	44
61931	20151	44
21411	21501	44
60631	61731	44
60001	60531	44
61631	61831	43
21031	62131	43
20541	22231	43
20551	21631	43
61431	61131	43
40131	60001	43
20641	10801	43
30031	11401	43
20951	31131	43
20711	40331	43
60201	60531	43
22031	20941	42
10101	22531	42
30031	20301	42
11001	21731	42
60531	61431	42
61131	61331	42
10701	40131	42
61831	61531	42
61331	60531	42
60101	30151	42
21731	20641	42
20541	21031	42
20641	21931	42
61331	61431	41
22531	10501	41
31301	20851	41
60931	21411	41
21731	21631	41
30651	20711	41
61631	61231	41
60201	30551	41
31131	30451	40
22331	21031	40
60531	21931	40
21831	40331	40
61431	21411	40
20641	20151	40
20541	21331	40
61931	22231	40
20951	40131	40
60431	60731	40
21251	40031	40
60631	60331	40
22231	20151	40
31251	50531	40
21251	22031	39
21501	30251	39
21331	20541	39
21251	20941	39
61631	60431	39
20651	21731	39
40331	21631	39
10501	21731	39
10301	11301	39
21631	20541	39
60331	61331	39
60101	10601	39
61031	60731	39
20711	21631	39
22031	20711	39
11001	22531	38
60831	60731	38
21331	22331	38
20151	20641	38
60001	30251	38
21411	22031	38
20651	22131	38
21251	22231	38
61531	60831	38
61731	61531	37
60101	60001	37
31301	60631	37
10501	22431	37
20851	31301	37
20851	21931	37
62031	21831	37
30351	30451	37
40131	11101	37
21731	22031	37
60331	61431	36
10401	21411	36
10701	40031	36
31051	50531	36
21501	20641	36
21411	62031	36
60431	61131	36
22231	22331	36
21151	40131	36
61431	20031	36
21931	20151	36
21331	20031	36
61831	10101	36
21731	21411	35
20301	60001	35
10601	21631	35
61331	31301	35
62031	20441	35
60001	62231	35
20551	22431	34
60201	61831	34
61731	60731	34
61631	60731	34
20641	21251	34
61531	61031	33
11301	22231	33
61231	11301	33
22031	40031	33
61531	61831	33
10501	20151	33
11301	40131	33
20541	20151	33
21501	20251	33
10301	20551	33
21501	60931	33
61831	62231	33
21151	22031	33
60931	20031	33
31251	61931	33
20951	20151	33
10401	22431	33
20641	10101	33
40331	20151	33
60631	61431	33
20031	10101	32
61431	60731	32
30451	60631	32
61031	22031	32
61731	61831	31
21731	21251	31
60431	20711	31
30031	11001	31
60101	62131	31
60531	60731	31
60531	61831	31
21031	20541	31
60431	61531	31
22131	62231	31
22431	10101	31
62231	62131	31
20031	60101	30
21631	20641	30
21501	50231	30
20951	50531	30
61131	61531	30
22231	21031	30
21031	10101	30
21731	20941	30
61531	31301	30
21831	21331	30
61931	10101	30
61531	61231	30
30351	20651	30
61631	61031	30
60001	10911	30
40031	21411	30
60001	20951	30
60101	20651	29
61431	61031	29
61931	20641	29
61231	62031	29
10601	20151	29
10011	10201	29
30551	60531	29
10401	21331	29
21731	62231	29
21501	50331	29
31131	11401	29
61831	60731	29
60431	30351	29
50131	50231	29
30951	60631	28
22131	20541	28
61631	61731	28
21331	62231	28
30031	50531	28
21501	21731	28
60101	50331	28
20451	21731	28
60331	60931	28
60101	60531	28
30031	61931	28
22231	22031	28
10501	21631	28
10401	22531	27
20031	50531	27
61331	61131	27
22031	10101	27
30651	30851	27
20851	21331	27
60331	61831	27
10601	10911	27
61431	61531	27
22231	20541	27
20301	31301	27
61231	61831	27
60101	31051	27
11301	21731	27
61931	10401	27
10701	20451	26
60731	61831	26
61431	61231	26
62231	20641	26
30451	60531	26
10501	40331	26
10401	62231	26
50331	30351	26
22231	21631	26
10501	20851	26
62131	22231	26
60731	61531	26
60631	60531	26
21411	20951	26
22231	21331	26
60101	21251	26
20851	10601	26
60001	11001	26
61031	21411	26
20151	20951	25
10301	20451	25
62031	30031	25
11001	11301	25
21251	40131	25
60101	21031	25
20651	21631	25
20451	10101	25
61931	62031	25
20251	20541	25
21151	31131	25
62231	21501	25
21931	21631	25
21931	20541	25
62231	20301	25
11301	22331	25
20031	40131	24
20441	22331	24
60631	60931	24
11301	22131	24
10501	31301	24
61931	30031	24
60431	30031	24
60631	31301	24
60201	60331	24
30031	62031	24
21331	20941	24
60101	61631	24
60201	61431	24
21031	30031	24
20251	50531	23
61031	61831	23
62231	60101	23
10101	20251	23
21631	20441	23
21151	22331	23
21931	22031	23
21931	21331	23
40231	60001	23
22131	22031	23
60431	61331	23
21151	30031	23
20851	11401	23
10011	10101	23
21631	10101	22
61531	21411	22
62131	20551	22
60331	21411	22
60631	60731	22
21931	10101	22
60101	21631	22
60201	30451	22
30951	60431	22
60101	20951	22
21731	20541	22
11301	20301	22
10101	62131	22
60201	61331	22
20711	62131	22
11401	20551	22
50231	31251	22
20541	21251	22
61331	60731	22
50131	30551	21
11301	10401	21
21931	21251	21
62231	21331	21
20301	22331	21
61331	60431	21
21731	10101	21
62031	31131	21
60931	61231	21
30451	60331	21
60931	61531	21
10401	20951	21
61931	21031	21
21331	20251	21
20851	21501	21
11001	21411	20
62231	30031	20
31251	62031	20
60731	61231	20
21731	22331	20
20711	50331	20
60101	21731	20
11301	10601	20
21411	30351	20
61531	22031	20
30151	60531	20
61931	20541	20
22031	20551	20
20651	21931	20
60831	61231	20
21411	22531	20
60331	62031	20
20651	11401	20
11301	22431	20
20151	10101	20
22131	10101	20
61231	20031	20
60101	30551	20
60831	61031	19
10101	21151	19
61131	61231	19
62131	20441	19
20641	20941	19
11001	62231	19
21631	21251	19
21151	10601	19
61831	61031	19
21331	10101	19
61831	61931	19
61131	20031	19
20031	62131	19
10401	10201	19
21411	30031	19
60331	60731	19
62231	20551	19
21251	20851	19
10601	20451	19
10501	21331	19
60001	60831	19
61731	62031	19
20711	60101	19
21411	60201	19
21501	22031	19
61031	61231	19
20441	20151	19
22531	60101	18
60201	30031	18
30031	20651	18
11301	20711	18
21251	21151	18
20031	40331	18
62031	21731	18
61531	62131	18
31251	60431	18
21411	60001	18
31131	20551	18
60431	61831	18
30851	30551	18
61331	61831	18
60101	61731	17
10501	10911	17
30751	30851	17
61331	61531	17
22231	21731	17
62131	11401	17
60201	60731	17
60201	61131	17
10911	50031	17
20851	30031	17
10911	20031	17
31301	50131	17
60201	60931	17
30751	60531	17
60201	21251	17
10911	10801	17
10501	60101	17
60101	60431	17
60731	61031	17
20851	62131	17
20541	11401	17
62231	22331	17
10501	11401	16
50031	31251	16
50331	50031	16
20031	62031	16
31251	20711	16
31251	30251	16
61531	10401	16
62031	20551	16
60101	61331	16
50531	20641	16
22331	20551	15
60101	60331	15
62131	10101	15
31131	20651	15
20541	10101	15
31251	60531	15
11001	40331	15
61831	61231	15
22431	20551	15
20651	21331	15
20451	22331	15
20451	10801	15
60001	50131	15
10401	21031	15
20301	62131	15
21031	21501	15
21151	20541	15
20651	22231	15
31301	60831	15
61331	61731	15
10011	10801	15
40131	20951	15
50031	11401	15
10701	10701	15
30031	21731	15
40331	20551	15
10501	10201	15
11401	61331	15
50331	10601	15
22031	60101	15
61931	21931	14
31301	62031	14
60731	61131	14
31131	50131	14
60001	61931	14
50531	31251	14
22131	40031	14
60201	61031	14
60531	30651	14
60001	61131	14
60001	61431	14
60101	61831	14
21331	30031	14
61631	10401	14
60331	61131	14
40131	21631	14
62131	20651	14
60431	11301	14
21411	20941	14
22231	62031	14
61131	61831	14
21731	20441	14
61731	61231	14
21151	22431	14
31051	30351	14
60631	61831	14
20301	22031	14
21331	21031	14
30351	20031	13
61931	22031	13
40231	21631	13
40031	20031	13
10501	10501	13
11301	11401	13
60631	61131	13
21501	61331	13
50231	60201	13
11301	62031	13
60531	61531	13
21411	21731	13
60101	31251	13
11401	22031	13
60631	60831	13
10911	60101	13
21031	31131	13
60631	31051	13
40131	20031	13
50231	50531	13
60831	21411	13
31301	60931	13
60331	61531	13
61731	61031	13
22031	21031	13
60101	20251	13
30151	60631	12
10801	11101	12
10601	20951	12
60631	61631	12
60931	61031	12
22131	60101	12
60001	60731	12
50131	31251	12
62231	20711	12
61231	20711	12
22431	21631	12
11301	20541	12
61231	31301	12
21831	62231	12
31131	30251	12
11401	20711	12
31131	62031	12
50031	30451	12
20251	10601	12
10601	22531	12
20151	21631	12
31051	20031	12
22531	62031	12
62031	10501	12
22331	30031	12
60531	30551	11
40231	20451	11
21831	20551	11
10911	11201	11
21251	62231	11
60331	11301	11
61331	62231	11
60531	61231	11
50031	50231	11
11001	21251	11
22331	20641	11
21251	20451	11
62131	62031	11
21151	62131	11
11301	20151	11
21411	21631	11
22331	20251	11
22431	10701	11
60201	61531	11
62231	10601	11
40331	20031	11
10701	20651	11
21031	21631	11
30451	60431	11
30551	50131	11
10701	10401	11
22331	10101	11
50331	62031	11
20451	60101	10
60101	21931	10
40131	21931	10
40231	20851	10
62131	20541	10
20551	22231	10
60001	10101	10
40031	20711	10
31301	60531	10
60531	61031	10
20651	22331	10
60731	30031	10
20301	60101	10
10301	20031	10
62131	61931	10
21411	50331	10
31131	21031	10
22031	21501	10
20301	50531	10
11001	22331	10
21931	20641	10
30351	21251	10
21501	10701	10
31251	11401	10
11301	62131	10
60731	20711	10
30651	21031	10
22131	21411	10
22031	21331	10
61831	22131	10
21831	21251	10
60001	61731	9
30351	21631	9
21931	62131	9
60201	61731	9
21631	10701	9
40131	20651	9
20441	62131	9
20651	62131	9
61431	62131	9
21501	22531	9
22531	20641	9
21831	40131	9
11201	11101	9
22031	30031	9
20451	11401	9
20711	31301	9
60631	61031	9
62131	20251	9
10911	50331	9
60831	20031	9
62231	61931	9
61131	61931	9
31051	60431	9
22131	30031	9
31131	10401	9
40231	21931	9
21931	40331	9
61331	61031	9
22531	21031	9
31301	60731	9
21501	10101	9
10101	20551	9
20951	60101	9
60631	30551	9
20031	11401	9
61031	62031	9
20541	62031	9
20031	31131	9
21331	21631	8
50031	30951	8
30951	20711	8
61831	20031	8
61731	10101	8
60631	10101	8
10701	20941	8
20441	11101	8
20251	11301	8
60001	20441	8
21931	62231	8
20031	21731	8
31301	10601	8
40031	20451	8
31131	30951	8
11001	20651	8
60101	61231	8
10101	10701	8
20031	61931	8
20711	62031	8
20711	31131	8
22231	20641	8
10501	21151	8
20031	40231	8
21501	62131	8
60001	20641	8
20301	31131	8
20441	21501	8
10801	10101	8
50031	60331	8
60631	10501	8
20541	61931	8
20441	20941	8
31051	30551	8
10501	22031	8
31251	20031	8
20151	40131	8
61231	21411	8
20451	50531	8
61631	20711	8
60431	61031	8
60001	22031	8
10301	11201	8
21331	21731	8
20551	10101	8
21631	40231	8
60531	31301	8
60101	60731	8
60001	11301	8
21501	31051	7
60631	61531	7
22131	21501	7
60101	61031	7
31301	61331	7
60101	61531	7
21251	21411	7
20441	20251	7
20301	40231	7
61931	22331	7
61931	20651	7
22131	62031	7
20941	10701	7
10701	11201	7
60101	21151	7
21631	60101	7
11301	10101	7
20031	50331	7
22031	20641	7
40031	20551	7
21501	10601	7
22231	10501	7
60201	20851	7
61831	62131	7
10701	21411	7
21411	31131	7
31131	30751	7
22231	20941	7
60331	61231	7
10101	21251	7
60101	20851	7
60331	30451	7
10701	40231	7
60001	20251	7
31131	60531	7
30031	60101	7
11401	60331	7
30031	22031	7
10301	20711	7
21331	20651	7
20851	50531	7
21631	21031	7
20851	62031	7
10401	21501	7
30351	61931	6
50531	62131	6
10101	50331	6
10601	62231	6
60731	10401	6
21501	30451	6
61331	61231	6
22231	10101	6
31301	61431	6
20251	21331	6
10601	21151	6
21031	21931	6
10301	10601	6
40031	20151	6
21501	30951	6
22231	62231	6
60331	20711	6
31301	30851	6
60101	20551	6
31301	20251	6
61931	21151	6
60101	60831	6
20451	31131	6
10911	10101	6
22431	21031	6
20711	30351	6
21831	20541	6
60201	20651	6
61031	10101	6
62131	10501	6
10101	21031	6
20651	10101	6
11301	61931	6
60731	20301	6
40131	21151	6
10401	21151	6
20151	11401	6
60101	60631	6
50231	20031	6
20711	60201	6
21831	10101	6
21501	20951	6
22431	62031	6
10601	10601	6
20301	60201	5
31301	61131	5
10501	22531	5
60931	30451	5
60001	21151	5
10501	31131	5
10101	20851	5
20251	22031	5
60731	31301	5
21331	22531	5
21251	10101	5
21151	62031	5
62231	31131	5
21931	20251	5
20941	22131	5
21331	20551	5
40331	21731	5
10401	31301	5
10801	10701	5
20711	50131	5
11301	21631	5
31051	30451	5
10301	20301	5
60331	61031	5
62231	62031	5
10011	10301	5
60101	50031	5
62031	62131	5
30951	60531	5
11401	60001	5
60531	30031	5
22431	20641	5
20441	10101	5
61531	20031	5
40131	20551	5
50031	20301	5
30151	60431	5
60531	20031	5
20541	20251	5
30351	30951	5
60631	61231	5
11001	20541	5
21331	21501	5
60931	61931	4
20451	40231	4
50531	20651	4
22031	20441	4
20711	10101	4
20651	22531	4
40131	21731	4
10501	20951	4
20941	11001	4
40331	20251	4
31131	61331	4
60201	61231	4
20301	20301	4
61431	20711	4
21731	20451	4
60831	20711	4
11401	61731	4
22531	20441	4
20251	40131	4
20251	10101	4
31131	21151	4
40331	20441	4
50531	30651	4
10401	40231	4
21931	20451	4
62131	30031	4
62231	20451	4
40131	20151	4
21411	31051	4
20301	62031	4
20641	20251	4
30031	20151	4
20851	40031	4
31051	60331	4
21631	20551	4
22131	20251	4
20441	61931	4
21251	21251	4
20441	11401	4
62031	60201	4
50031	10911	4
22231	20551	4
31131	20451	4
10401	10911	4
30031	20551	4
31301	20551	4
22331	20441	4
11001	60001	4
30551	20711	4
30031	30151	4
22531	20541	4
30351	31051	4
21031	61931	3
30651	20301	3
21151	60101	3
31301	61831	3
50531	50531	3
20151	61931	3
31301	61031	3
21631	20941	3
30751	20031	3
22131	20551	3
10601	11101	3
60101	61431	3
30351	10401	3
22131	20941	3
31131	10701	3
11301	22031	3
22131	20711	3
11301	22531	3
21031	62031	3
22431	20541	3
10101	10911	3
11401	50531	3
20151	40231	3
30451	60931	3
10101	20651	3
10501	21931	3
50231	20711	3
10911	21411	3
60531	30351	3
11401	31301	3
60001	60931	3
20151	10701	3
22231	10401	3
61931	20441	3
30251	20031	3
20551	21931	3
20851	22231	3
60331	31301	3
21831	10201	3
31131	22231	3
10101	10101	3
20551	22331	3
20441	20851	3
31251	10501	3
22231	30031	3
31131	60831	3
40331	20941	3
62131	20941	3
60201	30951	3
10501	22131	3
20951	31301	3
20641	61931	3
20251	10701	3
21631	21411	3
21831	20851	3
21931	22531	3
61631	22231	3
11401	20451	3
50331	50231	3
22331	20451	3
62231	11401	3
40131	20451	3
60931	20711	3
11301	40331	3
20251	21501	3
31301	20951	3
60101	22331	2
21411	60531	2
62231	20651	2
21501	21631	2
30651	10601	2
10011	10701	2
10101	21631	2
30551	40231	2
22431	62131	2
30951	50531	2
22231	21151	2
40131	20251	2
22131	20641	2
20551	31131	2
50531	22031	2
20941	31131	2
50031	60531	2
31131	60331	2
20851	31051	2
60631	62131	2
10301	10401	2
11401	21151	2
60001	62031	2
11101	10401	2
40331	21931	2
31131	60431	2
20641	60201	2
30351	30351	2
61231	61931	2
22131	11101	2
31301	60431	2
20301	22431	2
30251	31051	2
30551	20301	2
22431	61931	2
21331	20851	2
22131	20441	2
20651	22031	2
20301	30031	2
61831	20711	2
20641	62131	2
60431	30151	2
11001	11001	2
21831	21411	2
10401	60201	2
20451	30031	2
30451	50031	2
20551	30031	2
61231	30351	2
20641	1	2
20851	22331	2
20451	31251	2
20031	20031	2
20441	60001	2
61831	22531	2
31301	31301	2
21731	62131	2
30351	30251	2
22031	62031	2
10101	31301	2
20251	60101	2
21731	20551	2
60631	30751	2
20941	22231	2
50031	20851	2
21731	11401	2
21831	20651	2
22331	20651	2
21631	20651	2
60001	10701	2
22531	31131	2
50031	10101	2
60001	61231	2
20951	21501	2
31301	61731	2
22331	11101	2
20541	21501	2
60631	30651	2
61931	31301	2
10911	10911	2
61931	11001	2
21411	21411	2
40231	20541	2
20251	22431	2
21931	11401	2
30751	30751	2
31301	61531	2
20651	62031	2
20301	62231	2
40231	20151	2
21031	11301	2
21411	30451	2
22431	20651	2
21251	62131	2
21931	20551	2
62031	61331	2
10601	31131	2
40331	20951	2
62131	11001	2
20711	20711	2
30031	60001	2
10601	10801	2
20251	62231	2
30851	20651	2
20441	60101	2
60101	61131	2
10501	30351	2
31301	22231	2
30751	10501	2
21331	11301	2
20551	20551	2
61931	60201	2
11301	60001	2
21411	11001	2
40331	21031	2
60101	30951	2
20151	30031	1
10101	61931	1
30031	30451	1
parent_id	stats_frssi	1
20151	20151	1
50231	40031	1
20941	60001	1
21031	31301	1
20451	20451	1
21411	31251	1
30251	50131	1
10501	50331	1
31131	50231	1
11301	60331	1
50131	11001	1
10401	20441	1
20551	40131	1
31301	1	1
22531	20451	1
31301	61231	1
11301	30951	1
30351	60631	1
61531	21731	1
30751	20251	1
62031	60631	1
60831	60831	1
10401	31131	1
30651	1	1
60001	30851	1
31131	20251	1
40031	21631	1
30251	10301	1
62131	10601	1
20251	20251	1
61831	10011	1
21151	10701	1
61431	11301	1
10501	20541	1
31131	60931	1
20541	62131	1
30651	20851	1
31051	22031	1
60331	62231	1
62131	21151	1
20651	50531	1
50131	20451	1
60731	20031	1
20541	31131	1
61531	22231	1
22531	21501	1
22431	20441	1
30251	40231	1
60431	30451	1
20251	62131	1
21501	61831	1
20851	20851	1
21411	22431	1
21031	10601	1
30451	10911	1
20551	31301	1
31251	20851	1
61931	61731	1
62231	60831	1
20251	30351	1
61731	20151	1
61331	21731	1
10601	20541	1
60201	50031	1
10101	60201	1
21631	61931	1
30851	30351	1
11401	22331	1
60201	21151	1
61031	30151	1
22231	20651	1
21631	62131	1
21151	40331	1
60931	11301	1
30951	11301	1
30451	10401	1
21831	62131	1
21731	60101	1
11001	22431	1
20441	21411	1
10201	11001	1
60201	20941	1
60331	30351	1
20941	62031	1
20451	22431	1
61931	61531	1
50031	61431	1
40131	10101	1
30351	20451	1
21411	61531	1
50031	20941	1
40231	21031	1
50231	62131	1
20941	40231	1
20251	11401	1
11301	62231	1
40031	20941	1
61931	60431	1
60101	60101	1
20851	11001	1
10601	21501	1
60431	10401	1
60831	21631	1
50331	21731	1
50131	20031	1
21731	21031	1
30031	10101	1
61331	30151	1
30251	10601	1
50231	30151	1
60201	21031	1
60101	20151	1
30451	20651	1
21251	61931	1
21251	22531	1
60201	20451	1
50031	20031	1
20151	62131	1
21031	40031	1
20031	60431	1
30651	10501	1
30031	10601	1
30751	20301	1
30451	20711	1
30651	20651	1
60201	60201	1
22531	62231	1
20641	21631	1
10101	20451	1
62031	61431	1
20641	20641	1
61931	11301	1
60001	22431	1
60101	10701	1
50031	60631	1
21331	61931	1
30851	60201	1
22031	62131	1
62231	21151	1
20151	40031	1
40131	22231	1
30951	61731	1
50331	30451	1
20541	20851	1
62031	31301	1
10101	50531	1
31131	20941	1
10401	10401	1
21831	21031	1
10701	21501	1
62231	20441	1
61631	11301	1
10601	50531	1
22331	62231	1
20951	20951	1
61731	62231	1
60001	62131	1
20711	31251	1
20541	11101	1
40231	21151	1
10501	60201	1
60531	22131	1
20641	60001	1
40231	20551	1
50231	20451	1
61931	61631	1
22531	20651	1
22231	62131	1
30151	11001	1
30551	10101	1
21731	30031	1
61931	61331	1
61931	30151	1
20851	10701	1
21501	40231	1
50331	22531	1
20251	40331	1
20851	40231	1
10201	10201	1
50331	60931	1
30351	10601	1
11001	20151	1
60531	30751	1
21631	62031	1
30751	20451	1
30751	10601	1
30751	50131	1
11301	20551	1
22231	60101	1
22031	20651	1
30551	20251	1
20551	60101	1
40131	20941	1
31131	31131	1
20541	21411	1
50331	21151	1
60831	22131	1
60001	40231	1
61831	22031	1
11301	11001	1
30151	50131	1
60831	11301	1
31301	10701	1
21931	20441	1
62231	20251	1
30751	20711	1
30351	62231	1
30251	20651	1
50331	31051	1
20711	30151	1
22531	62131	1
30751	60631	1
20541	60001	1
20301	50131	1
50031	20251	1
22031	61931	1
21251	22331	1
11201	1	1
20541	30031	1
30451	50531	1
40031	20251	1
30151	10501	1
30651	30651	1
60101	60931	1
62231	11301	1
20641	30031	1
30751	20651	1
30251	10501	1
22331	60931	1
22331	61931	1
50031	22431	1
30251	20711	1
