result_time	node_id	parent_id	stats_frssi	stats_brssi	etx	temperature	humidity	voltage
2015-12-01 01:51:18.73	10501	10401	-79	-82	11	7.61	77.72	2.481
2015-12-01 03:05:17.87	10501	10401	-82	-82	10	7.75	77.69	2.481
2015-12-01 04:03:30.598	10501	10401	-82	-82	10	7.75	77.67	2.481
2015-12-01 05:03:32.839	10501	10401	-82	-97	10	7.75	77.6	2.481
2015-12-01 05:26:29.614	10501	10401	-82	-97	10	7.71	77.59	2.481
2015-12-01 05:30:07.586	10501	10401	-79	-97	10
2015-12-01 05:49:22.556	10501	10401	-79	-82	12	7.7	77.58	2.481
2015-12-01 06:23:16.802	10501	10401	-79	-82	15	7.63	77.52	2.481
2015-12-01 06:54:34.33	10501	10401	-79	-97	12	7.47	77.49	2.481
2015-12-01 07:52:18.151	10501	10401	-82	-79	10	7.42	77.62	2.481
2015-12-01 08:20:58.898	10501	10401	-79	-82	10
2015-12-01 08:35:24.21	10501	10401	-79	-97	10	7.39	77.79	2.481
2015-12-01 08:57:50.306	10501	10401	-79	-82	10	7.5	77.94	2.481
2015-12-01 09:24:06.003	10501	10401	-79	-82	10	7.57	78.05	2.481
2015-12-01 10:22:58.263	10501	10401	-79	-82	17
2015-12-01 10:49:50.03	10501	10401	-82	-82	14	8.07	78.48	2.481
2015-12-01 11:11:49.934	10501	10401	-79	-97	14
2015-12-01 11:21:33.406	10501	10401	-79	-97	13	8.52	79.27	2.481
2015-12-01 11:55:26.182	10501	10401	-79	-82	14
2015-12-01 13:03:36.459	10501	10401	-82	-82	11	9.83	79.38	2.481
2015-12-01 13:32:35.299	10501	10401	-79	-82	15	10.22	79.64	2.481
2015-12-01 13:58:39.347	10501	10401	-82	-82	10	10.61	79.83	2.481
2015-12-01 14:02:42.126	10501	10401	-79	-82	10
2015-12-01 14:50:49.146	10501	10401	-79	-97	14	11.33	79.76	2.486
2015-12-01 15:00:21.354	10501	10401	-79	-82	13
2015-12-01 15:26:34.786	10501	10401	-82	-97	12	11.82	79.92	2.486
2015-12-01 16:05:24.703	10501	10401	-82	-97	10	12.14	79.66	2.486
2015-12-01 18:19:14.906	10501	10401	-82	-82	10	12.72	79.42	2.486
2015-12-01 19:05:34.207	10501	10401	-82	-97	12	12.97	79.67	2.448
2015-12-01 19:53:54.806	10501	10401	-82	-82	13	13.31	79.64	2.475
2015-12-01 21:10:21.098	10501	10401	-85	-82	10	13.54	79.59	2.486
2015-12-01 22:35:16.199	10501	10401	-79	-82	10
2015-12-01 22:39:23.474	10501	10401	-82	-97	10	13.33	78.49	2.492
2015-12-01 22:42:39.566	10501	10401	-79	-97	10
2015-12-01 22:53:30.402	10501	10401	-79	-97	10	12.89	78.02	2.492
2015-12-01 23:22:05.338	10501	10401	-82	-82	10	12.14	77.6	2.486
2015-12-02 01:24:48.082	10501	10401	-82	-82	10	10.1	78.17	2.486
2015-12-02 01:26:07.42	10501	10401	-79	-82	10
2015-12-02 01:47:33.914	10501	10401	-79	-97	10
2015-12-02 02:08:28.299	10501	10401	-82	-97	10	9.53	78.2	2.486
2015-12-02 02:38:39.876	10501	10401	-79	-97	12	9.24	78.26	2.486
2015-12-02 02:57:21.626	10501	10401	-82	-82	11	9.06	78.32	2.486
2015-12-02 03:20:01.802	10501	10401	-82	-82	10
2015-12-02 03:31:53.93	10501	10401	-82	-97	10	8.78	78.46	2.486
2015-12-02 06:35:30.494	10501	10401	-82	-82	10	7.82	78.84	2.486
2015-12-02 09:29:52.026	10501	10401	-79	-97	10
2015-12-02 09:36:30.831	10501	10401	-79	-79	10	7.43	79.25	2.481
2015-12-02 09:51:33.887	10501	10401	-82	-97	10	7.53	79.39	2.486
2015-12-02 09:58:41.602	10501	10401	-79	-97	10
2015-12-02 11:02:20.034	10501	10401	-79	-79	13
2015-12-02 11:05:09.914	10501	10401	-79	-97	12	7.82	79.85	2.481
2015-12-02 11:22:44.579	10501	10401	-79	-97	11	7.96	79.85	2.486
2015-12-02 12:21:45.83	10501	10401	-79	-79	27	8.39	80.17	2.481
2015-12-02 12:34:48.163	10501	10401	-79	-97	10
2015-12-02 12:49:33.427	10501	10401	-82	-82	10
2015-12-02 13:06:15.599	10501	10401	-82	-97	10	8.61	80.14	2.481
2015-12-02 14:07:14.918	10501	10401	-79	-82	18
2015-12-02 15:39:42.442	10501	10401	-79	-82	10
2015-12-02 17:04:30.135	10501	10401	-79	-79	15	8.6	79.21	2.486
2015-12-02 17:40:22.291	10501	10401	-79	-82	13	8.11	78.91	2.486
2015-12-02 17:58:57.718	10501	10401	-79	-97	10	8.03	79.06	2.481
2015-12-02 18:25:35.219	10501	10401	-79	-82	10	7.93	79.14	2.486
2015-12-02 18:31:15.715	10501	10401	-79	-97	10
2015-12-02 18:44:37.783	10501	10401	-79	-97	10
2015-12-02 20:25:58.55	10501	10401	-79	-79	16	6.28	78.65	2.481
2015-12-02 21:04:35.347	10501	10401	-79	-79	13	5.92	78.77	2.481
2015-12-02 21:22:07.639	10501	10401	-79	-79	12
2015-12-02 21:36:41.794	10501	10401	-79	-97	10	5.64	78.8	2.481
2015-12-02 21:49:33.283	10501	10401	-79	-79	10
2015-12-02 21:53:28.455	10501	10401	-79	-97	10	5.57	78.98	2.481
2015-12-02 22:33:00.363	10501	10401	-79	-97	10	5.29	79.02	2.481
2015-12-02 23:22:00.919	10501	10401	-79	-97	13
2015-12-02 23:22:05.351	10501	10401	-79	-97	13	4.93	79.01	2.475
2015-12-02 23:58:31.938	10501	10401	-79	-79	12	4.56	78.66	2.475
2015-12-03 00:12:58.978	10501	10401	-79	-97	11
2015-12-03 00:32:56.623	10501	10401	-79	-97	11	3.85	78.29	2.475
2015-12-03 00:54:28.33	10501	10401	-79	-79	11
2015-12-03 01:01:20.654	10501	10401	-79	-97	10	3.42	78.31	2.475
2015-12-03 02:26:55.411	10501	10401	-79	-76	10
2015-12-03 02:33:52.898	10501	10401	-79	-79	10	2.29	78.5	2.475
2015-12-03 04:30:20.367	10501	10401	-79	-97	13	1.26	78.84	2.475
2015-12-03 05:26:44.666	10501	10401	-79	-82	10	1.28	79.27	2.47
2015-12-03 05:31:50.642	10501	10401	-79	-82	10
2015-12-03 05:50:17.407	10501	10401	-79	-82	10	1.28	79.39	2.475
2015-12-03 05:54:42.754	10501	10401	-79	-97	10
2015-12-03 06:53:29.166	10501	10401	-79	-79	10	1.35	79.52	2.475
2015-12-03 07:04:18.318	10501	10401	-79	-82	10
2015-12-03 07:23:59.714	10501	10401	-79	-82	12	1.39	79.6	2.47
2015-12-03 08:04:44.191	10501	10401	-79	-97	10	1.47	79.69	2.47
2015-12-03 08:29:45.687	10501	10401	-79	-82	10	1.57	79.87	2.454
2015-12-03 08:36:45.992	10501	10401	-79	-97	10
2015-12-03 08:45:33.823	10501	10401	-79	-82	10
2015-12-03 09:53:11.955	10501	10401	-79	-82	12	2.1	80.46	2.475
2015-12-03 10:09:13.922	10501	10401	-79	-97	12
2015-12-03 11:36:25.114	10501	10401	-82	-79	10
2015-12-03 11:41:41.459	10501	10401	-79	-97	10
2015-12-03 12:25:56.882	10501	10401	-79	-97	10	3.74	81.07	2.475
2015-12-03 12:59:29.635	10501	10401	-79	-82	13	3.85	80.7	2.475
2015-12-03 13:14:09.911	10501	10401	-79	-97	13
2015-12-03 13:29:21.662	10501	10401	-82	-82	13	3.9	80.33	2.475
2015-12-03 13:56:00.002	10501	10401	-79	-79	13	4.1	80.68	2.459
2015-12-03 14:27:16.79	10501	10401	-82	-82	12
2015-12-03 14:37:40.631	10501	10401	-82	-97	12	4.08	80.3	2.475
2015-12-03 14:46:36.506	10501	10401	-79	-97	11
2015-12-03 14:49:03.139	10501	10401	-82	-97	11	4.1	80.23	2.475
2015-12-03 15:20:40.702	10501	10401	-79	-97	10	4.42	80.78	2.475
2015-12-03 16:01:25.575	10501	10401	-79	-82	14	4.64	80.43	2.438
2015-12-03 16:19:04.287	10501	10401	-85	-82	14
2015-12-03 16:49:14.298	10501	10401	-79	-82	10	4.43	79.93	2.475
2015-12-03 17:18:08.496	10501	10401	-82	-82	17
2015-12-03 17:51:32.686	10501	10401	-79	-79	13
2015-12-03 18:36:19.651	10501	10401	-82	-82	13	4.15	79.82	2.475
2015-12-03 19:24:42.975	10501	10401	-79	-97	14	4.0	79.78	2.475
2015-12-03 21:08:33.098	10501	10401	-82	-82	10	3.68	79.78	2.47
2015-12-03 21:36:39.078	10501	10401	-82	-79	10	3.6	79.86	2.475
2015-12-03 22:59:51.47	10501	10401	-79	-79	10
2015-12-04 00:20:04.074	10501	10401	-79	-82	11	3.38	79.95	2.475
2015-12-04 01:50:43.158	10501	10401	-79	-97	10
2015-12-04 02:01:11.851	10501	10401	-79	-82	10	3.28	80.1	2.475
2015-12-04 02:33:01.178	10501	10401	-79	-82	10	3.25	80.11	2.47
2015-12-04 04:38:56.427	10501	10401	-79	-79	10
2015-12-04 04:41:44.222	10501	10401	-85	-82	10
2015-12-04 04:49:08.73	10501	10401	-79	-97	10	3.21	80.24	2.475
2015-12-04 07:32:26.014	10501	10401	-79	-97	10
2015-12-04 07:43:40.946	10501	10401	-79	-82	10
2015-12-04 08:06:20.43	10501	10401	-79	-82	10	3.1	80.32	2.475
2015-12-04 09:36:12.502	10501	10401	-79	-97	15	3.9	82.11	2.47
2015-12-04 11:36:36.406	10501	10401	-79	-82	14	8.32	83.52	2.475
2015-12-04 11:50:15.858	10501	10401	-79	-82	12	9.42	84.9	2.481
2015-12-04 12:21:15.026	10501	10401	-79	-82	11
2015-12-04 13:14:08.782	10501	10401	-82	-79	15
2015-12-04 14:09:16.138	10501	10401	-82	-82	10	11.64	79.78	2.486
2015-12-04 15:25:58.831	10501	10401	-79	-82	10
2015-12-04 15:26:09.986	10501	10401	-79	-82	10
2015-12-04 15:52:52.81	10501	10401	-82	-79	10	12.22	77.42	2.486
2015-12-04 18:56:54.722	10501	10401	-79	-79	19	4.56	77.2	2.481
2015-12-04 19:39:51.518	10501	10401	-79	-79	10	3.6	77.68	2.475
2015-12-04 20:03:21.658	10501	10401	-79	-79	10
2015-12-04 20:38:11.362	10501	10401	-79	-97	10	2.24	77.74	2.475
2015-12-04 21:35:49.374	10501	10401	-79	-79	10
2015-12-04 21:46:42.887	10501	10401	-79	-79	10
2015-12-04 22:23:28.655	10501	10401	-79	-79	10	0.5	78.29	2.47
2015-12-04 22:58:16.138	10501	10401	-76	-79	10	-0.02	78.29	2.47
2015-12-04 23:08:17.559	10501	10401	-79	-79	10
2015-12-04 23:40:20.367	10501	10401	-79	-79	14	-0.56	78.43	2.464
2015-12-04 23:49:43.887	10501	10401	-79	-97	13	-0.66	78.41	2.47
2015-12-05 01:08:29.299	10501	10401	-76	-79	10	-1.39	78.71	2.464
2015-12-05 02:13:12.514	10501	10401	-76	-76	10
2015-12-05 02:30:07.207	10501	10401	-76	-79	10	-1.92	78.87	2.464
2015-12-05 03:10:13.065	10501	10401	-79	-79	17	-2.04	79.1	2.459
2015-12-05 03:28:26.223	10501	10401	-76	-97	17
2015-12-05 03:37:11.699	10501	10401	-76	-76	17	-2.28	79.0	2.464
2015-12-05 03:45:41.01	10501	10401	-79	-97	18
2015-12-05 03:52:47.327	10501	10401	-79	-76	18	-2.35	78.96	2.464
2015-12-05 09:10:09.503	10501	10401	-76	-79	10
2015-12-05 09:29:55.306	10501	10401	-76	-79	14	-0.92	84.33	2.459
2015-12-05 09:57:34.471	10501	10401	-79	-97	12	1.42	87.76	2.459
2015-12-05 10:51:56.251	10501	10401	-79	-79	17	5.6	88.35	2.464
2015-12-05 11:25:22.251	10501	10401	-79	-79	15	6.53	86.58	2.47
2015-12-05 11:27:57.898	10501	10401	-79	-97	15
2015-12-05 12:01:01.646	10501	10401	-79	-79	16
2015-12-05 13:34:52.686	10501	10401	-79	-79	17	12.04	80.09	2.481
2015-12-05 14:32:53.531	10501	10401	-79	-97	13
2015-12-05 14:51:52.442	10501	10401	-79	-82	12
2015-12-05 21:57:05.522	10501	10401	-79	-97	10	0.14	77.78	2.47
2015-12-05 22:15:11.666	10501	10401	-79	-79	14
2015-12-05 23:24:58.318	10501	10401	-76	-97	10	-1.07	78.08	2.464
2015-12-06 00:22:45.33	10501	10401	-76	-76	10	-1.34	78.54	2.464
2015-12-06 01:02:06.274	10501	10401	-76	-97	19	-1.42	78.84	2.464
2015-12-06 01:20:06.87	10501	10401	-76	-97	17
2015-12-06 01:47:58.471	10501	10401	-76	-97	10	-1.46	79.07	2.464
2015-12-06 04:09:31.851	10501	10401	-76	-97	12	-1.82	79.12	2.459
2015-12-06 04:25:01.935	10501	10401	-76	-76	10
2015-12-06 04:34:54.266	10501	10401	-76	-79	12	-1.89	79.13	2.464
2015-12-06 05:06:10.923	10501	10401	-76	-76	10
2015-12-06 05:09:15.623	10501	10401	-76	-97	10	-2.02	79.17	2.443
2015-12-06 05:24:12.15	10501	10401	-76	-97	10	-2.03	79.19	2.464
2015-12-06 07:25:35.459	10501	10401	-76	-76	14	-2.28	79.35	2.464
2015-12-06 07:29:57.49	10501	10401	-76	-97	14
2015-12-06 07:57:02.495	10501	10401	-76	-76	10
2015-12-06 08:04:20.831	10501	10401	-76	-79	10	-2.11	79.75	2.459
2015-12-06 09:24:36.859	10501	10401	-79	-79	10	-0.98	81.34	2.459
2015-12-06 10:18:01.322	10501	10401	-79	-79	19	0.47	82.77	2.464
2015-12-06 16:31:40.723	10501	10401	-82	-97	10	9.29	78.42	2.481
2015-12-06 16:44:42.707	10501	10401	-79	-97	10
2015-12-06 18:00:30.522	10501	10401	-79	-97	10	6.01	77.32	2.475
2015-12-06 18:50:24.951	10501	10401	-79	-79	12	4.7	77.82	2.475
2015-12-06 19:18:58.666	10501	10401	-79	-97	10	4.01	78.06	2.475
2015-12-06 22:08:23.191	10501	10401	-79	-97	10	1.65	78.81	2.464
2015-12-06 22:11:18.818	10501	10401	-79	-97	10
2015-12-06 22:54:33.715	10501	10401	-79	-97	10
2015-12-06 23:33:23.435	10501	10401	-79	-97	13	0.74	78.86	2.47
2015-12-07 00:00:15.335	10501	10401	-79	-79	10	0.29	78.76	2.464
2015-12-07 01:02:11.191	10501	10401	-79	-97	11
2015-12-07 01:30:04.33	10501	10401	-79	-79	10	-0.46	79.13	2.464
2015-12-07 01:59:29.339	10501	10401	-79	-79	10
2015-12-07 05:04:23.807	10501	10401	-79	-79	10
2015-12-07 05:54:45.807	10501	10401	-76	-97	17	-1.75	79.63	2.464
2015-12-07 07:30:27.631	10501	10401	-76	-97	12	-2.21	79.54	2.459
2015-12-07 08:01:10.714	10501	10401	-76	-79	15	-2.18	79.78	2.459
2015-12-07 08:09:19.719	10501	10401	-76	-97	13
2015-12-07 10:29:29.431	10501	10401	-79	-79	10	2.61	84.59	2.464
2015-12-07 12:25:36.842	10501	10401	-82	-97	14
2015-12-07 12:34:43.794	10501	10401	-79	-97	13	6.86	84.04	2.47
2015-12-07 12:46:42.971	10501	10401	-79	-79	12
2015-12-07 13:53:07.162	10501	10401	-79	-82	10	10.65	83.47	2.481
2015-12-07 14:39:53.938	10501	10401	-79	-79	16	12.22	82.17	2.475
2015-12-07 14:54:10.966	10501	10401	-79	-97	13	13.4	81.82	2.481
2015-12-07 15:16:28.435	10501	10401	-79	-97	11
2015-12-07 15:21:54.231	10501	10401	-79	-79	11	13.22	78.42	2.486
2015-12-07 15:52:15.432	10501	10401	-79	-97	14	12.43	78.65	2.481
2015-12-07 16:49:24.239	10501	10401	-79	-97	12	9.58	76.33	2.481
2015-12-07 17:18:11.486	10501	10401	-79	-79	10	8.14	76.15	2.475
2015-12-07 17:24:04.982	10501	10401	-79	-79	10
2015-12-07 18:03:19.971	10501	10401	-79	-82	10	6.28	76.79	2.475
2015-12-07 18:07:19.695	10501	10401	-79	-97	10
2015-12-07 18:26:05.699	10501	10401	-79	-97	10	5.5	76.97	2.475
2015-12-07 21:06:36.524	10501	10401	-79	-79	10	2.24	78.68	2.47
2015-12-07 22:37:29.506	10501	10401	-79	-79	15	1.03	78.98	2.464
2015-12-07 22:57:10.339	10501	10401	-79	-79	14	0.92	79.09	2.454
2015-12-07 23:36:39.562	10501	10401	-79	-79	10	0.67	79.32	2.464
2015-12-08 00:36:07.998	10501	10401	-79	-97	13	0.28	79.44	2.47
2015-12-08 04:00:43.962	10501	10401	-97	-79	13	-0.92	79.84	2.406
2015-12-08 04:28:10.462	10501	10401	-79	-79	10	-0.82	79.91	2.464
2015-12-08 04:51:36.767	10501	10401	-76	-97	10	-0.95	79.79	2.464
2015-12-08 05:19:06.051	10501	10401	-76	-97	10	-1.18	79.59	2.448
2015-12-08 05:43:46.747	10501	10401	-79	-79	19
2015-12-08 05:49:08.084	10501	10401	-79	-97	18	-1.32	79.66	2.464
2015-12-08 06:30:50.15	10501	10401	-79	-97	12	-0.89	80.86	2.448
2015-12-08 06:53:28.742	10501	10401	-79	-97	10	-0.57	81.25	2.464
2015-12-08 07:16:15.814	10501	10401	-79	-97	10
2015-12-08 08:07:51.031	10501	10401	-79	-79	12	0.29	81.64	2.464
2015-12-08 08:21:38.411	10501	10401	-79	-97	10
2015-12-08 08:36:45.626	10501	10401	-79	-79	10	0.7	81.73	2.464
2015-12-08 08:47:52.411	10501	10401	-79	-97	10	0.85	81.89	2.47
2015-12-08 08:48:41.587	10501	10401	-79	-97	10
2015-12-08 09:23:33.982	10501	10401	-79	-79	12	1.46	82.21	2.464
2015-12-08 10:21:09.299	10501	10401	-79	-97	10
2015-12-08 10:35:12.65	10501	10401	-79	-97	10	2.89	83.05	2.464
2015-12-08 11:02:50.631	10501	10401	-79	-79	18	3.56	83.23	2.47
2015-12-08 11:53:37.563	10501	10401	-79	-97	10
2015-12-08 12:06:55.923	10501	10401	-79	-97	10	4.68	82.92	2.47
2015-12-08 13:26:04.662	10501	10401	-79	-79	10
2015-12-08 13:40:21.094	10501	10401	-79	-97	10	6.14	82.61	2.47
2015-12-08 14:09:05.387	10501	10401	-79	-82	14	6.61	82.93	2.47
2015-12-08 14:18:00.515	10501	10401	-79	-97	13	6.79	82.95	2.475
2015-12-08 15:36:34.083	10501	10401	-79	-97	10	7.93	82.37	2.47
2015-12-08 16:54:12.678	10501	10401	-79	-82	14
2015-12-08 18:37:03.287	10501	10401	-79	-97	12	6.97	80.21	2.475
2015-12-08 20:52:09.831	10501	10401	-79	-79	12	4.36	79.53	2.475
2015-12-08 21:08:22.451	10501	10401	-79	-97	11
2015-12-08 21:18:40.991	10501	10401	-76	-97	10	4.0	79.64	2.47
2015-12-08 21:57:49.326	10501	10401	-79	-79	10	3.46	79.71	2.47
2015-12-08 22:40:50.655	10501	10401	-79	-79	10
2015-12-08 23:05:57.131	10501	10401	-79	-79	13	2.65	79.88	2.47
2015-12-09 00:24:33.046	10501	10401	-79	-79	13	1.92	79.93	2.47
2015-12-09 01:26:01.775	10501	10401	-79	-79	15	1.64	80.24	2.464
2015-12-09 01:26:46.654	10501	10401	-79	-79	14
2015-12-09 01:45:45.098	10501	10401	-79	-97	13
2015-12-09 01:55:01.994	10501	10401	-79	-97	12	1.4	80.19	2.464
2015-12-09 02:39:40.147	10501	10401	-79	-79	15	1.14	80.27	2.464
2015-12-09 03:04:55.575	10501	10401	-76	-79	14	1.0	80.23	2.464
2015-12-09 03:18:12.991	10501	10401	-79	-97	13
2015-12-09 03:37:12.782	10501	10401	-79	-82	11	0.75	80.27	2.464
2015-12-09 03:55:41.539	10501	10401	-79	-97	10	0.72	80.29	2.464
2015-12-09 04:17:38.149	10501	10401	-79	-97	10
2015-12-09 04:35:47.522	10501	10401	-79	-82	11	0.47	80.25	2.464
2015-12-09 04:55:43.571	10501	10401	-79	-97	11	0.43	80.41	2.464
2015-12-09 05:51:08.843	10501	10401	-79	-79	10	0.47	80.72	2.464
2015-12-09 07:01:27.714	10501	10401	-79	-97	11	0.43	80.73	2.464
2015-12-09 07:08:29.967	10501	10401	-79	-97	10
2015-12-09 09:37:30.115	10501	10401	-79	-79	18	3.11	84.62	2.464
2015-12-09 09:59:21.054	10501	10401	-79	-79	10
2015-12-09 10:05:49.262	10501	10401	-79	-97	10	4.0	85.0	2.47
2015-12-09 10:18:56.002	10501	10401	-82	-79	65535	4.78	86.02	2.459
2015-12-09 11:00:30.767	10501	10401	-79	-97	10
2015-12-09 11:00:52.139	10501	10401	-79	-97	10	6.79	86.2	2.47
2015-12-09 11:53:31.634	10501	10401	-79	-97	10	9.46	86.02	2.475
2015-12-09 12:19:29.091	10501	10401	-79	-82	10	10.89	86.23	2.475
2015-12-09 12:32:58.898	10501	10401	-79	-97	10
2015-12-09 12:50:12.294	10501	10401	-82	-97	10
2015-12-09 14:05:25.998	10501	10401	-82	-97	10
2015-12-09 15:01:02.511	10501	10401	-82	-97	13	15.68	81.57	2.481
2015-12-09 15:29:29.28	10501	10401	-79	-82	10	15.32	80.48	2.481
2015-12-09 16:50:13.203	10501	10401	-79	-79	10	13.47	79.55	2.486
2015-12-09 17:18:34.103	10501	10401	-79	-82	19	12.83	79.49	2.481
2015-12-09 18:42:49.278	10501	10401	-82	-97	10
2015-12-09 21:04:38.706	10501	10401	-79	-79	12	9.57	80.01	2.481
2015-12-09 21:22:47.13	10501	10401	-79	-97	11
2015-12-09 21:32:24.822	10501	10401	-79	-97	10	9.46	80.28	2.481
2015-12-09 22:06:41.306	10501	10401	-79	-82	18	9.42	80.61	2.481
2015-12-09 22:24:48.743	10501	10401	-79	-97	17	9.45	80.76	2.481
2015-12-09 23:20:11.667	10501	10401	-79	-82	10
2015-12-09 23:52:08.543	10501	10401	-82	-79	14	9.57	81.18	2.475
2015-12-10 00:13:38.403	10501	10401	-79	-82	10
2015-12-10 00:35:19.619	10501	10401	-82	-82	10	9.64	81.25	2.475
2015-12-10 00:52:39.823	10501	10401	-82	-97	13
2015-12-10 01:07:28.446	10501	10401	-79	-97	12	9.67	81.25	2.475
2015-12-10 01:29:34.37	10501	10401	-79	-82	10	9.7	81.23	2.475
2015-12-10 02:25:07.323	10501	10401	-82	-97	15
2015-12-10 02:31:33.596	10501	10401	-82	-97	14	9.5	80.8	2.475
2015-12-10 02:49:27.563	10501	10401	-79	-97	13	9.21	80.47	2.481
2015-12-10 03:57:34.75	10501	10401	-79	-82	26
2015-12-10 04:00:54.003	10501	10401	-79	-97	26	8.11	79.57	2.481
2015-12-10 04:22:19.967	10501	10401	-79	-82	10	7.61	79.31	2.481
2015-12-10 04:57:52.53	10501	10401	-79	-97	10	6.85	79.29	2.481
2015-12-10 05:30:02.071	10501	10401	-79	-97	11
2015-12-10 05:34:39.934	10501	10401	-79	-79	11	6.24	79.47	2.475
2015-12-10 05:55:21.066	10501	10401	-79	-79	10
2015-12-10 07:21:29.578	10501	10401	-79	-97	10	5.26	80.35	2.475
2015-12-10 08:06:46.735	10501	10401	-79	-97	13	5.28	80.88	2.475
2015-12-10 08:46:12.722	10501	10401	-79	-97	10
2015-12-10 09:01:38.71	10501	10401	-79	-97	10	6.45	83.2	2.475
2015-12-10 10:38:08.631	10501	10401	-79	-97	10	11.38	87.45	2.481
2015-12-10 11:01:47.403	10501	10401	-79	-82	10	11.25	85.08	2.481
2015-12-10 12:21:53.142	10501	10401	-79	-97	10	11.65	82.67	2.47
2015-12-10 12:55:10.667	10501	10401	-82	-82	10	12.25	82.83	2.481
2015-12-10 13:12:19.843	10501	10401	-79	-97	10
2015-12-10 13:22:19.587	10501	10401	-79	-97	10	13.27	83.04	2.481
2015-12-10 14:03:02.115	10501	10401	-82	-97	10	14.54	82.45	2.486
2015-12-10 14:18:30.051	10501	10401	-82	-97	10	15.42	83.14	2.486
2015-12-10 14:44:48.631	10501	10401	-82	-82	10
2015-12-10 15:35:21.051	10501	10401	-82	-97	10	15.04	79.79	2.486
2015-12-10 15:58:44.239	10501	10401	-82	-97	13	15.08	79.9	2.486
2015-12-10 16:17:14.879	10501	10401	-79	-82	13
2015-12-10 16:26:43.774	10501	10401	-82	-97	12	14.24	79.34	2.492
2015-12-10 17:18:47.026	10501	10401	-79	-79	11
2015-12-10 18:02:09.298	10501	10401	-79	-97	13	10.88	78.32	2.481
2015-12-10 19:04:11.726	10501	10401	-79	-97	10	9.5	78.89	2.481
2015-12-10 19:18:39.682	10501	10401	-79	-82	10	9.21	79.0	2.481
2015-12-10 19:22:10.394	10501	10401	-79	-97	10
2015-12-10 20:29:10.223	10501	10401	-79	-79	14	8.43	79.86	2.481
2015-12-10 20:54:38.271	10501	10401	-79	-97	12
2015-12-10 21:21:15.875	10501	10401	-82	-97	11	8.1	80.08	2.481
2015-12-10 22:04:05.651	10501	10401	-79	-79	18	8.11	80.56	2.475
2015-12-10 22:27:06.019	10501	10401	-79	-97	12
2015-12-10 22:39:38.25	10501	10401	-79	-97	11	7.95	80.5	2.481
2015-12-10 23:58:48.218	10501	10401	-79	-79	10	8.28	81.13	2.481
2015-12-11 00:25:43.295	10501	10401	-79	-82	10	8.14	80.81	2.481
2015-12-11 01:20:10.622	10501	10401	-79	-82	10	7.49	80.11	2.481
2015-12-11 01:32:00.574	10501	10401	-82	-97	10
2015-12-11 02:34:54.511	10501	10401	-79	-97	10	7.42	80.94	2.481
2015-12-11 05:25:16.654	10501	10401	-79	-82	14	8.42	82.69	2.475
2015-12-11 05:52:08.447	10501	10401	-79	-97	10	8.89	82.9	2.481
2015-12-11 06:09:24.242	10501	10401	-79	-79	12
2015-12-11 06:34:29.75	10501	10401	-79	-97	11	9.46	82.69	2.481
2015-12-11 06:50:58.367	10501	10401	-82	-82	13	9.64	82.61	2.481
2015-12-11 07:18:22.966	10501	10401	-82	-97	11	9.92	82.51	2.481
2015-12-11 08:23:56.282	10501	10401	-79	-82	12	10.43	82.25	2.481
2015-12-11 09:04:32.006	10501	10401	-79	-97	11	10.72	82.36	2.486
2015-12-11 10:23:55.159	10501	10401	-79	-97	10
2015-12-11 10:29:15.258	10501	10401	-82	-82	10	12.92	84.81	2.481
2015-12-11 11:55:06.478	10501	10401	-79	-97	10	13.74	82.8	2.486
2015-12-11 12:51:50.055	10501	10401	-82	-82	10	14.0	82.4	2.486
2015-12-11 14:00:42.078	10501	10401	-79	-82	10	14.96	82.98	2.486
2015-12-11 14:56:32.591	10501	10401	-82	-82	12	15.64	82.55	2.481
2015-12-11 15:24:29.546	10501	10401	-82	-82	10
2015-12-11 15:37:29.135	10501	10401	-79	-97	10	15.81	82.04	2.486
2015-12-11 15:55:55.639	10501	10401	-82	-97	10	15.75	81.78	2.492
2015-12-11 16:05:38.094	10501	10401	-79	-97	10
2015-12-11 16:27:31.711	10501	10401	-82	-97	10	15.6	81.45	2.486
2015-12-11 16:49:35.874	10501	10401	-82	-97	10	15.35	81.14	2.492
2015-12-11 16:56:36.218	10501	10401	-79	-82	10
2015-12-11 17:19:30.198	10501	10401	-82	-97	10	14.61	79.93	2.486
2015-12-11 17:48:41.09	10501	10401	-82	-82	10	13.78	79.42	2.486
2015-12-11 18:20:36.798	10501	10401	-82	-82	10	13.0	79.43	2.486
2015-12-11 18:56:29.134	10501	10401	-79	-82	17
2015-12-11 19:04:32.402	10501	10401	-79	-82	17	12.0	79.49	2.486
2015-12-11 19:28:50.902	10501	10401	-82	-82	10	11.6	79.62	2.486
2015-12-11 20:26:56.282	10501	10401	-82	-97	11	10.65	80.01	2.486
2015-12-11 21:33:59.087	10501	10401	-79	-97	10
2015-12-11 21:39:31.503	10501	10401	-79	-97	10	10.47	81.02	2.486
2015-12-11 21:47:20.467	10501	10401	-82	-97	10
2015-12-11 21:50:57.391	10501	10401	-82	-97	10	10.52	81.2	2.492
2015-12-11 22:37:06.542	10501	10401	-79	-97	10	10.6	81.41	2.481
2015-12-11 22:51:58.143	10501	10401	-79	-82	10	10.52	81.2	2.486
2015-12-11 23:06:26.562	10501	10401	-79	-97	10
2015-12-11 23:26:35.67	10501	10401	-82	-97	10	10.24	80.82	2.486
2015-12-11 23:49:52.807	10501	10401	-82	-82	24	10.11	80.84	2.481
2015-12-12 00:38:54.411	10501	10401	-82	-97	10
2015-12-12 01:21:00.942	10501	10401	-79	-82	10	9.75	80.83	2.486
2015-12-12 02:11:22.07	10501	10401	-79	-82	20
2015-12-12 02:27:32.611	10501	10401	-82	-97	18	9.93	81.55	2.481
2015-12-12 03:09:10.786	10501	10401	-82	-97	13	10.13	81.89	2.481
2015-12-12 03:28:32.631	10501	10401	-82	-82	10	10.31	82.0	2.486
2015-12-12 03:43:49.806	10501	10401	-82	-97	10
2015-12-12 04:25:59.576	10501	10401	-79	-97	10	10.72	82.02	2.486
2015-12-12 04:51:41.43	10501	10401	-82	-97	10	10.83	81.93	2.481
2015-12-12 05:36:39.686	10501	10401	-82	-82	11	11.07	81.83	2.486
2015-12-12 07:07:32.203	10501	10401	-79	-97	10	11.25	81.66	2.486
2015-12-12 08:08:04.442	10501	10401	-79	-97	12	11.53	81.91	2.486
2015-12-12 08:19:28.18	10501	10401	-79	-97	11	11.64	82.06	2.492
2015-12-12 08:21:12.303	10501	10401	-79	-97	11
2015-12-12 08:51:46.363	10501	10401	-82	-82	13	12.54	83.64	2.486
2015-12-12 09:10:46.314	10501	10401	-82	-97	11
2015-12-12 09:39:15.135	10501	10401	-79	-97	12	13.97	85.18	2.481
2015-12-12 09:53:39.859	10501	10401	-82	-97	11
2015-12-12 09:54:09.287	10501	10401	-82	-97	11	14.92	86.11	2.486
2015-12-12 10:54:25.702	10501	10401	-82	-97	12	16.92	85.07	2.492
2015-12-12 11:39:10.718	10501	10401	-79	-97	10	18.32	84.68	2.492
2015-12-12 11:49:33.679	10501	10401	-82	-97	10	18.33	84.15	2.486
2015-12-12 12:01:37.447	10501	10401	-82	-82	10
2015-12-12 12:38:12.687	10501	10401	-79	-79	13	19.45	84.2	2.486
2015-12-12 12:48:33.014	10501	10401	-82	-97	11	19.64	84.2	2.492
2015-12-12 12:58:46.875	10501	10401	-82	-97	11
2015-12-12 14:23:00.491	10501	10401	-82	-97	10	20.25	82.4	2.492
2015-12-12 14:31:02.282	10501	10401	-82	-97	10
2015-12-12 15:21:58.314	10501	10401	-82	-97	11	20.47	82.25	2.492
2015-12-12 16:03:30.463	10501	10401	-82	-97	11
2015-12-12 16:09:18.235	10501	10401	-82	-97	11	20.21	81.68	2.497
2015-12-12 16:36:40.827	10501	10401	-82	-97	11	19.83	81.32	2.497
2015-12-12 17:22:06.954	10501	10401	-82	-97	10	19.25	80.96	2.497
2015-12-12 17:35:58.079	10501	10401	-82	-82	10
2015-12-12 17:43:21.095	10501	10401	-79	-97	10
2015-12-12 17:53:39.334	10501	10401	-82	-97	10	18.83	81.0	2.492
2015-12-12 18:35:34.806	10501	10401	-79	-97	12	18.47	81.22	2.497
2015-12-12 18:59:00.346	10501	10401	-82	-82	14	18.4	81.46	2.492
2015-12-12 19:08:25.002	10501	10401	-79	-82	14
2015-12-12 19:20:00.314	10501	10401	-82	-97	12	18.38	81.61	2.497
2015-12-12 20:00:32.371	10501	10401	-82	-97	14	18.32	81.67	2.492
2015-12-12 20:34:11.666	10501	10401	-79	-82	24
2015-12-12 20:34:25.063	10501	10401	-79	-97	22	18.27	81.68	2.492
2015-12-12 20:40:53.198	10501	10401	-82	-97	22
2015-12-12 21:10:05.319	10501	10401	-82	-97	14	17.93	81.33	2.492
2015-12-12 21:18:09.034	10501	10401	-82	-97	10	17.85	81.24	2.497
2015-12-12 21:50:07.55	10501	10401	-79	-82	10	17.64	81.32	2.492
2015-12-12 22:13:20.443	10501	10401	-79	-97	10
2015-12-12 22:35:42.422	10501	10401	-82	-82	10	17.24	80.98	2.492
2015-12-12 23:03:56.355	10501	10401	-79	-82	10	16.61	80.34	2.497
2015-12-12 23:30:40.267	10501	10401	-82	-82	20	16.11	80.33	2.492
2015-12-13 00:26:00.439	10501	10401	-79	-97	10	15.38	80.75	2.492
2015-12-13 01:06:41.087	10501	10401	-82	-97	11	15.14	80.94	2.486
2015-12-13 01:18:14.891	10501	10401	-82	-97	10
2015-12-13 01:31:30.274	10501	10401	-79	-97	10	14.93	81.1	2.492
2015-12-13 02:02:57.088	10501	10401	-79	-82	10	14.83	81.28	2.492
2015-12-13 02:21:45.367	10501	10401	-79	-82	10	14.82	81.35	2.492
2015-12-13 02:50:43.091	10501	10401	-82	-97	10
2015-12-13 02:58:25.322	10501	10401	-79	-97	10	14.75	81.41	2.492
2015-12-13 03:22:24.154	10501	10401	-82	-97	10	14.5	81.1	2.492
2015-12-13 03:53:37.342	10501	10401	-79	-97	10	14.07	80.79	2.492
2015-12-13 04:23:10.678	10501	10401	-79	-97	10
2015-12-13 04:32:41.914	10501	10401	-82	-97	10	13.64	80.76	2.492
2015-12-13 04:52:22.082	10501	10401	-79	-97	10	13.6	81.05	2.492
2015-12-13 05:06:45.871	10501	10401	-79	-97	10
2015-12-13 05:29:29.414	10501	10401	-79	-82	15	13.42	81.26	2.492
2015-12-13 05:55:38.05	10501	10401	-79	-82	13
2015-12-13 07:28:05.19	10501	10401	-79	-82	12
2015-12-13 08:22:52.127	10501	10401	-82	-97	10	13.39	82.26	2.492
2015-12-13 08:58:27.206	10501	10401	-79	-82	10	13.81	82.72	2.492
2015-12-13 09:00:32.75	10501	10401	-82	-97	10
2015-12-13 10:01:07.735	10501	10401	-82	-82	10	15.06	84.01	2.486
2015-12-13 10:20:41.695	10501	10401	-79	-82	18	15.67	84.49	2.492
2015-12-13 10:48:28.398	10501	10401	-82	-97	12
2015-12-13 11:09:00.19	10501	10401	-79	-97	11	16.32	83.64	2.492
2015-12-13 11:20:40.738	10501	10401	-79	-82	12	16.38	83.31	2.492
2015-12-13 11:58:38.851	10501	10401	-79	-97	10	16.82	83.31	2.486
2015-12-13 12:05:28.818	10501	10401	-82	-97	10
2015-12-13 12:34:00.163	10501	10401	-82	-97	10	17.22	83.28	2.492
2015-12-13 12:51:15.082	10501	10401	-82	-82	10	17.47	83.43	2.492
2015-12-13 14:10:07.351	10501	10401	-82	-97	10	18.24	82.83	2.497
2015-12-13 15:01:00.079	10501	10401	-79	-97	10	18.29	82.24	2.492
2015-12-13 15:10:23.518	10501	10401	-82	-97	10
2015-12-13 15:23:49.29	10501	10401	-79	-82	10	18.28	82.09	2.492
2015-12-13 15:53:14.366	10501	10401	-82	-97	10	18.04	81.63	2.497
2015-12-13 16:24:44.895	10501	10401	-79	-97	10	17.75	81.17	2.497
2015-12-13 16:42:58.307	10501	10401	-82	-97	10
2015-12-13 17:07:25.406	10501	10401	-82	-97	10	16.68	80.15	2.497
2015-12-13 17:32:50.806	10501	10401	-79	-97	10	15.97	79.72	2.497
2015-12-13 17:50:07.366	10501	10401	-79	-82	12	15.49	79.56	2.492
2015-12-13 18:15:18.151	10501	10401	-82	-97	10
2015-12-13 18:36:09.77	10501	10401	-82	-82	12	14.57	79.97	2.492
2015-12-13 18:55:58.902	10501	10401	-79	-97	10	14.29	80.23	2.492
2015-12-13 19:21:03.13	10501	10401	-79	-97	12
2015-12-13 19:47:46.434	10501	10401	-79	-82	10
2015-12-13 19:48:25.015	10501	10401	-79	-82	10	13.45	80.17	2.492
2015-12-13 21:07:40.755	10501	10401	-79	-82	10	12.46	80.63	2.492
2015-12-13 21:20:13.631	10501	10401	-79	-97	10
2015-12-13 21:30:31.631	10501	10401	-82	-97	10	12.39	80.86	2.492
2015-12-13 21:50:17.503	10501	10401	-79	-97	10	12.27	81.0	2.492
2015-12-13 22:11:53.958	10501	10401	-82	-97	10
2015-12-13 22:24:14.978	10501	10401	-79	-97	10	12.14	81.15	2.492
2015-12-13 23:24:28.874	10501	10401	-79	-82	10	12.0	81.26	2.486
2015-12-14 01:02:36.41	10501	10401	-79	-79	14	11.79	81.39	2.486
2015-12-14 01:34:32.07	10501	10401	-79	-82	13	11.57	81.14	2.492
2015-12-14 01:57:36.18	10501	10401	-82	-97	10
2015-12-14 01:59:39.171	10501	10401	-82	-97	10	11.42	81.08	2.486
2015-12-14 02:23:57.762	10501	10401	-82	-97	10	11.32	81.16	2.486
2015-12-14 02:52:12.026	10501	10401	-82	-97	17	11.22	81.26	2.486
2015-12-14 03:28:22.162	10501	10401	-82	-97	18	11.13	81.34	2.486
2015-12-14 03:30:03.443	10501	10401	-79	-97	18
2015-12-14 03:53:37.158	10501	10401	-79	-97	15
2015-12-14 04:04:17.075	10501	10401	-79	-97	14	10.97	81.3	2.492
2015-12-14 04:39:21.586	10501	10401	-79	-97	10	10.85	81.25	2.486
2015-12-14 04:58:50.474	10501	10401	-79	-97	13	10.83	81.49	2.492
2015-12-14 05:02:31.126	10501	10401	-79	-97	12
2015-12-14 05:21:46.806	10501	10401	-82	-82	10	10.88	81.55	2.486
2015-12-14 06:34:42.859	10501	10401	-79	-82	10	10.29	81.05	2.486
2015-12-14 06:34:58.387	10501	10401	-82	-97	10
2015-12-14 06:44:28.403	10501	10401	-79	-97	10
2015-12-14 06:52:24.967	10501	10401	-82	-97	10	10.18	81.08	2.486
2015-12-14 08:26:27.758	10501	10401	-79	-97	10	9.57	81.23	2.486
2015-12-14 08:52:23.523	10501	10401	-79	-97	11	10.39	83.79	2.47
2015-12-14 09:35:19.47	10501	10401	-79	-82	10
2015-12-14 09:37:04.443	10501	10401	-79	-97	10	12.36	87.3	2.486
2015-12-14 09:50:04.734	10501	10401	-79	-97	10	13.32	87.56	2.492
2015-12-14 10:54:03.791	10501	10401	-79	-97	12	15.28	85.07	2.492
2015-12-14 11:12:22.171	10501	10401	-79	-97	10
2015-12-14 11:56:40.622	10501	10401	-82	-97	13	16.04	83.28	2.492
2015-12-14 12:27:53.882	10501	10401	-82	-82	13	16.47	83.35	2.492
2015-12-14 12:44:49.502	10501	10401	-79	-97	11
2015-12-14 12:52:37.546	10501	10401	-79	-97	10	16.68	82.98	2.492
2015-12-14 13:27:52.639	10501	10401	-82	-97	10	16.96	82.25	2.492
2015-12-14 14:02:58.679	10501	10401	-82	-82	10	16.68	81.63	2.492
2015-12-14 14:17:16.567	10501	10401	-82	-97	10
2015-12-14 14:26:19.223	10501	10401	-82	-97	10	16.54	81.56	2.492
2015-12-14 15:06:04.294	10501	10401	-85	-97	10	15.92	81.02	2.492
2015-12-14 15:06:15.438	10501	10401	-85	-97	10	15.92	81.02	2.492
2015-12-14 17:22:11.803	10501	10401	-82	-97	10
2015-12-14 17:27:54.614	10501	10401	-82	-82	10	14.83	81.55	2.492
2015-12-14 17:49:31.01	10501	10401	-82	-82	10	14.82	81.72	2.492
2015-12-14 18:54:38.766	10501	10401	-79	-85	18
2015-12-14 18:54:47.707	10501	10401	-82	-97	18	14.82	81.87	2.492
2015-12-14 19:18:49.651	10501	10401	-82	-97	16	14.63	81.73	2.492
2015-12-14 19:50:44.819	10501	10401	-85	-97	13	14.32	81.51	2.492
2015-12-14 20:27:07.254	10501	10401	-85	-97	10
2015-12-14 20:29:37.383	10501	10401	-85	-97	10	14.25	81.89	2.492
2015-12-14 20:52:04.102	10501	10401	-82	-97	10	14.27	82.04	2.492
2015-12-14 20:58:45.514	10501	10401	-85	-82	10
2015-12-14 21:18:25.89	10501	10401	-79	-97	10	14.24	82.11	2.492
2015-12-14 21:59:34.87	10501	10401	-82	-97	11
2015-12-14 22:00:53.687	10501	10401	-82	-97	11	14.2	82.15	2.492
2015-12-14 22:37:38.967	10501	10401	-82	-97	10	14.11	81.91	2.492
2015-12-14 22:54:01.01	10501	10401	-79	-97	10	13.82	81.33	2.492
2015-12-14 23:25:48.775	10501	10401	-82	-82	13	13.02	80.58	2.492
2015-12-14 23:49:36.25	10501	10401	-82	-97	11
2015-12-14 23:52:22.995	10501	10401	-82	-97	11	12.57	80.63	2.486
2015-12-15 02:07:30.418	10501	10401	-82	-97	11	10.89	81.14	2.492
2015-12-15 02:19:38.178	10501	10401	-82	-85	13	10.82	81.17	2.492
2015-12-15 02:36:56.95	10501	10401	-85	-85	12
2015-12-15 02:40:28.283	10501	10401	-85	-97	12
2015-12-15 03:05:53.859	10501	10401	-82	-97	11	10.32	81.01	2.492
2015-12-15 04:09:24.27	10501	10401	-85	-82	12
2015-12-15 05:00:29.548	10501	10401	-82	-82	10	9.07	81.07	2.486
2015-12-15 05:36:12.862	10501	10401	-82	-97	10	8.83	81.21	2.486
2015-12-15 05:41:52.258	10501	10401	-82	-97	10
2015-12-15 06:25:17.538	10501	10401	-79	-85	13	8.7	81.37	2.486
2015-12-15 06:50:22.906	10501	10401	-82	-85	13	8.57	81.39	2.486
2015-12-15 07:14:20.015	10501	10401	-82	-82	10
2015-12-15 08:46:47.29	10501	10401	-82	-85	10
2015-12-15 09:09:11.379	10501	10401	-79	-97	10	7.89	81.86	2.432
2015-12-15 10:19:17.526	10501	10401	-82	-97	10
2015-12-15 10:19:26.314	10501	10401	-82	-97	10
2015-12-15 11:13:02.3	10501	10401	-82	-82	10
2015-12-15 11:19:58.406	10501	10401	-79	-82	10	8.03	82.36	2.486
2015-12-15 12:48:31.071	10501	10401	-79	-97	10	8.08	82.14	2.486
2015-12-15 13:24:10.45	10501	10401	-79	-97	12
2015-12-15 13:57:37.63	10501	10401	-79	-82	18	8.24	82.32	2.486
2015-12-15 16:23:00.426	10501	10401	-82	-97	13	7.92	81.65	2.486
2015-12-15 16:29:05.731	10501	10401	-82	-85	13
2015-12-15 16:54:45.079	10501	10401	-82	-82	10
2015-12-15 18:02:31.614	10501	10401	-82	-82	10	7.51	81.46	2.464
2015-12-15 18:58:30.774	10501	10401	-82	-82	10	7.33	81.54	2.481
2015-12-15 19:34:00.099	10501	10401	-82	-97	10
2015-12-15 19:51:38.902	10501	10401	-82	-85	12	7.22	81.61	2.464
2015-12-15 20:20:22.174	10501	10401	-85	-82	10	7.15	81.59	2.47
2015-12-15 21:55:36.806	10501	10401	-82	-82	10	6.97	81.62	2.481
2015-12-15 22:36:30.178	10501	10401	-82	-82	10
2015-12-15 22:38:56.71	10501	10401	-82	-97	10
2015-12-15 23:26:25.023	10501	10401	-79	-82	10	6.78	81.58	2.481
2015-12-16 00:06:56.994	10501	10401	-79	-82	12	6.71	81.59	2.475
2015-12-16 01:43:50.458	10501	10401	-79	-82	11
2015-12-16 02:25:32.414	10501	10401	-79	-97	10	6.43	81.62	2.481
2015-12-16 02:51:22.358	10501	10401	-82	-82	10	6.39	81.66	2.481
2015-12-16 03:16:18.466	10501	10401	-82	-97	10
2015-12-16 04:18:10.59	10501	10401	-82	-82	13
2015-12-16 05:56:04.086	10501	10401	-82	-97	10	6.18	81.7	2.481
2015-12-16 06:21:13.755	10501	10401	-82	-97	10
2015-12-16 07:09:15.447	10501	10401	-79	-97	10	6.17	81.77	2.481
2015-12-16 07:27:03.354	10501	10401	-79	-97	10	6.14	81.74	2.481
2015-12-16 08:21:05.65	10501	10401	-82	-97	14	6.11	81.85	2.481
2015-12-16 09:59:39.166	10501	10401	-79	-97	14	8.15	85.57	2.481
2015-12-16 09:59:54.726	10501	10401	-79	-97	14
2015-12-16 10:58:37.362	10501	10401	-79	-82	10
2015-12-16 11:25:23.728	10501	10401	-79	-82	10	12.1	85.16	2.481
2015-12-16 11:49:21.495	10501	10401	-79	-97	10	13.38	85.49	2.486
2015-12-16 12:31:04.378	10501	10401	-82	-97	10
2015-12-16 12:36:12.578	10501	10401	-79	-97	10	17.0	85.4	2.481
2015-12-16 12:50:45.411	10501	10401	-79	-82	14
2015-12-16 13:28:39.726	10501	10401	-79	-97	11	16.61	81.09	2.492
2015-12-16 14:06:00.371	10501	10401	-82	-97	10	17.04	80.43	2.492
2015-12-16 14:21:07.923	10501	10401	-82	-97	10	17.82	81.48	2.497
2015-12-16 15:17:48.654	10501	10401	-82	-82	10	18.72	78.01	2.497
2015-12-16 15:41:36.903	10501	10401	-85	-97	10
2015-12-16 16:10:05.562	10501	10401	-82	-97	11	17.61	78.04	2.492
2015-12-16 16:36:18.23	10501	10401	-82	-97	10	15.92	76.85	2.492
2015-12-16 17:02:10.934	10501	10401	-82	-82	13	14.39	76.59	2.475
2015-12-16 18:32:27.731	10501	10401	-82	-97	10
2015-12-16 18:38:44.486	10501	10401	-82	-97	10	10.78	78.52	2.486
2015-12-16 18:40:54.474	10501	10401	-85	-85	10
2015-12-16 18:52:23.318	10501	10401	-79	-97	10	10.54	78.82	2.486
2015-12-16 19:27:04.443	10501	10401	-82	-97	17	10.07	79.46	2.481
2015-12-16 19:49:51.678	10501	10401	-79	-97	14	9.82	79.62	2.486
2015-12-16 20:13:22.083	10501	10401	-82	-97	10
2015-12-16 20:40:05.258	10501	10401	-82	-97	10	9.61	80.27	2.481
2015-12-16 21:57:17.275	10501	10401	-85	-85	10	9.18	80.46	2.481
2015-12-16 22:23:22.054	10501	10401	-82	-97	10	8.89	80.35	2.464
2015-12-16 23:02:02.995	10501	10401	-85	-82	13	8.53	80.34	2.475
2015-12-16 23:18:17.202	10501	10401	-82	-82	13
2015-12-16 23:19:14.222	10501	10401	-85	-97	13	8.57	80.57	2.481
2015-12-17 00:04:35.111	10501	10401	-82	-82	12	8.35	80.71	2.481
2015-12-17 00:14:11.291	10501	10401	-82	-97	12
2015-12-17 00:17:58.867	10501	10401	-82	-97	12	8.39	80.82	2.486
2015-12-17 01:31:42.218	10501	10401	-82	-85	10	8.42	81.16	2.481
2015-12-17 02:23:12.271	10501	10401	-82	-85	17
2015-12-17 03:07:20.355	10501	10401	-82	-85	15	8.83	81.57	2.47
2015-12-17 03:29:54.614	10501	10401	-79	-97	10	8.92	81.61	2.486
2015-12-17 05:21:11.518	10501	10401	-82	-97	10	9.21	81.49	2.481
2015-12-17 06:05:16.671	10501	10401	-82	-82	10	9.17	81.48	2.486
2015-12-17 06:39:46.134	10501	10401	-82	-97	13	9.15	81.62	2.481
2015-12-17 07:00:35.331	10501	10401	-82	-85	13
2015-12-17 07:53:18.866	10501	10401	-79	-97	18	9.43	81.92	2.486
2015-12-17 08:28:57.823	10501	10401	-82	-82	10	9.52	81.94	2.47
2015-12-17 08:33:02.567	10501	10401	-79	-97	10
2015-12-17 08:46:45.687	10501	10401	-82	-97	10
2015-12-17 08:52:03.879	10501	10401	-82	-97	15	9.6	81.96	2.481
2015-12-17 09:40:04.23	10501	10401	-82	-97	11	9.74	82.09	2.481
2015-12-17 10:01:08.887	10501	10401	-82	-97	10	9.86	82.19	2.486
2015-12-17 10:05:29.911	10501	10401	-82	-97	10
2015-12-17 10:34:40.615	10501	10401	-82	-82	15	10.0	82.24	2.481
2015-12-17 11:00:18.855	10501	10401	-82	-97	12	10.08	82.26	2.486
2015-12-17 11:35:08.719	10501	10401	-82	-97	16	10.21	82.29	2.486
2015-12-17 11:37:36.567	10501	10401	-82	-97	16
2015-12-17 11:37:58.647	10501	10401	-82	-97	16
2015-12-17 12:06:20.802	10501	10401	-82	-82	10	10.36	82.32	2.481
2015-12-17 12:32:47.49	10501	10401	-82	-97	10	10.43	82.34	2.486
2015-12-17 13:10:25.022	10501	10401	-82	-85	10
2015-12-17 14:28:28.946	10501	10401	-82	-85	10
2015-12-17 14:42:52.774	10501	10401	-82	-97	10
2015-12-17 14:56:19.99	10501	10401	-82	-85	10	9.79	80.94	2.486
2015-12-17 15:35:45.747	10501	10401	-79	-97	10	9.0	80.52	2.486
2015-12-17 15:56:33.455	10501	10401	-82	-97	10	8.61	80.7	2.486
2015-12-17 16:15:19.942	10501	10401	-82	-82	10
2015-12-17 16:18:17.003	10501	10401	-82	-97	10	8.33	80.83	2.481
2015-12-17 17:19:18.89	10501	10401	-82	-82	10
2015-12-17 18:09:18.894	10501	10401	-82	-97	13	6.75	80.62	2.481
2015-12-17 19:25:20.314	10501	10401	-82	-82	14	4.85	79.5	2.481
2015-12-17 19:58:05.527	10501	10401	-79	-97	10	4.28	80.01	2.475
2015-12-17 20:10:10.711	10501	10401	-82	-97	10
2015-12-17 20:32:14.671	10501	10401	-79	-82	15	3.93	80.48	2.475
2015-12-17 21:24:27.623	10501	10401	-79	-97	17	3.4	80.69	2.475
2015-12-17 21:51:23.506	10501	10401	-82	-97	14	3.14	80.77	2.475
2015-12-17 22:25:11.611	10501	10401	-82	-97	13
2015-12-17 22:30:50.206	10501	10401	-79	-97	12	2.83	80.89	2.47
2015-12-17 23:01:02.262	10501	10401	-82	-82	10
2015-12-17 23:02:46.422	10501	10401	-79	-82	10	2.6	80.95	2.475
2015-12-17 23:39:59.11	10501	10401	-82	-97	12	2.35	81.03	2.475
2015-12-17 23:56:56.683	10501	10401	-82	-79	12	2.25	81.03	2.475
2015-12-17 23:57:38.382	10501	10401	-82	-97	11
2015-12-18 00:23:08.062	10501	10401	-79	-97	10	2.1	81.09	2.475
2015-12-18 01:01:57.85	10501	10401	-79	-97	10	1.89	81.14	2.47
2015-12-18 01:30:06.092	10501	10401	-82	-97	10
2015-12-18 01:51:53.983	10501	10401	-79	-97	10
2015-12-18 01:54:42.431	10501	10401	-82	-97	10	1.61	81.14	2.47
2015-12-18 03:56:32.838	10501	10401	-82	-97	10	1.0	81.26	2.47
2015-12-18 05:03:57.746	10501	10401	-82	-82	19	0.85	81.45	2.47
2015-12-18 05:28:30.48	10501	10401	-82	-85	14	0.82	81.49	2.47
2015-12-18 06:07:29.662	10501	10401	-82	-82	12
2015-12-18 06:10:08.334	10501	10401	-82	-82	12	0.78	81.57	2.47
2015-12-18 06:30:45.987	10501	10401	-82	-97	11	0.74	81.56	2.47
2015-12-18 07:33:37.122	10501	10401	-82	-82	19
2015-12-18 07:39:57.187	10501	10401	-82	-97	19
2015-12-18 08:39:16.519	10501	10401	-82	-97	11	0.51	81.6	2.47
2015-12-18 08:56:20.946	10501	10401	-82	-82	15	0.47	81.64	2.432
2015-12-18 09:12:24.463	10501	10401	-82	-97	13
2015-12-18 09:19:08.447	10501	10401	-82	-97	11	0.5	81.78	2.464
2015-12-18 09:59:36.983	10501	10401	-82	-82	14	0.6	82.05	2.464
2015-12-18 10:24:28.599	10501	10401	-85	-97	12
2015-12-18 10:28:44.003	10501	10401	-82	-97	12	0.7	82.19	2.47
2015-12-18 10:44:51.655	10501	10401	-82	-97	10
2015-12-18 10:55:46.254	10501	10401	-79	-97	10	0.9	82.51	2.47
2015-12-18 12:07:49.746	10501	10401	-82	-82	10	1.6	82.93	2.47
2015-12-18 12:17:19.966	10501	10401	-79	-97	10
2015-12-18 12:39:07.074	10501	10401	-88	-97	10	1.6	82.49	2.448
2015-12-18 12:55:51.811	10501	10401	-82	-82	10	1.46	82.07	2.47
2015-12-18 13:49:47.883	10501	10401	-82	-97	17
2015-12-18 14:02:59.618	10501	10401	-82	-97	16	1.67	82.38	2.47
2015-12-18 16:03:38.727	10501	10401	-82	-79	10	0.7	81.41	2.464
2015-12-18 16:06:12.007	10501	10401	-79	-97	10
2015-12-18 16:53:25.931	10501	10401	-79	-79	10	0.39	81.29	2.47
2015-12-18 16:54:42.751	10501	10401	-79	-97	10
2015-12-18 17:25:23.65	10501	10401	-79	-79	14	0.2	81.25	2.47
2015-12-18 17:54:32.635	10501	10401	-79	-82	13	0.01	81.21	2.464
2015-12-18 19:08:20.331	10501	10401	-79	-79	10	-0.32	81.22	2.47
2015-12-18 19:59:37.714	10501	10401	-79	-97	10
2015-12-18 20:02:14.626	10501	10401	-79	-97	10	-0.42	81.43	2.464
2015-12-18 20:31:47.682	10501	10401	-79	-97	21	-0.56	81.35	2.464
2015-12-18 21:08:03.806	10501	10401	-79	-97	18	-0.84	81.05	2.459
2015-12-18 23:04:33.026	10501	10401	-76	-79	12
2015-12-18 23:09:55.747	10501	10401	-79	-97	11	-1.52	80.94	2.464
2015-12-18 23:29:46.362	10501	10401	-79	-79	10	-1.7	80.9	2.464
2015-12-19 00:01:03.294	10501	10401	-79	-97	10	-1.79	81.08	2.464
2015-12-19 00:37:39.591	10501	10401	-76	-79	10	-2.06	81.04	2.391
2015-12-19 02:06:50.81	10501	10401	-76	-97	12	-2.35	81.06	2.459
2015-12-19 02:09:28.939	10501	10401	-79	-97	11
2015-12-19 02:25:40.558	10501	10401	-76	-97	10	-2.42	81.05	2.459
2015-12-19 03:01:28.714	10501	10401	-76	-79	10	-2.53	81.11	2.459
2015-12-19 03:18:06.574	10501	10401	-79	-79	10	-2.54	81.15	2.459
2015-12-19 03:29:38.235	10501	10401	-79	-97	10
2015-12-19 03:41:56.314	10501	10401	-76	-79	10
2015-12-19 04:00:23.506	10501	10401	-76	-97	10	-2.82	80.98	2.454
2015-12-19 04:29:47.459	10501	10401	-79	-97	10	-2.92	81.02	2.454
2015-12-19 04:53:50.114	10501	10401	-79	-79	10	-3.0	81.02	2.459
2015-12-19 05:14:24.042	10501	10401	-76	-97	10
2015-12-19 05:36:40.182	10501	10401	-76	-97	10	-3.25	80.95	2.459
2015-12-19 05:49:31.059	10501	10401	-76	-97	10	-3.29	80.93	2.459
2015-12-19 06:20:29.635	10501	10401	-76	-97	10
2015-12-19 06:38:38.47	10501	10401	-76	-79	14	-3.46	81.01	2.454
2015-12-19 06:46:51.487	10501	10401	-76	-97	13
2015-12-19 07:07:48.37	10501	10401	-79	-97	12	-3.48	81.14	2.459
2015-12-19 07:30:59.194	10501	10401	-76	-79	15	-3.34	81.57	2.459
2015-12-19 08:19:18.903	10501	10401	-76	-97	13
2015-12-19 08:25:35.834	10501	10401	-79	-97	12	-2.98	82.24	2.459
2015-12-19 09:49:11.698	10501	10401	-76	-82	13	-1.02	85.03	2.464
2015-12-19 09:51:46.994	10501	10401	-79	-82	13
2015-12-19 11:04:17.022	10501	10401	-79	-79	10	1.6	86.07	2.464
2015-12-19 11:17:54.982	10501	10401	-79	-97	10	1.71	85.27	2.464
2015-12-19 11:24:14.534	10501	10401	-82	-79	10
2015-12-19 12:34:42.474	10501	10401	-79	-82	10	2.45	81.54	2.464
2015-12-19 14:09:41.426	10501	10401	-79	-82	10	1.14	81.1	2.464
2015-12-19 14:29:10.314	10501	10401	-79	-97	10
2015-12-19 14:53:05.034	10501	10401	-79	-82	13
2015-12-19 15:39:21.598	10501	10401	-79	-79	10	1.03	81.31	2.459
2015-12-19 15:55:56.923	10501	10401	-79	-79	10	1.07	81.48	2.427
2015-12-19 16:27:20.175	10501	10401	-79	-97	10	1.01	81.17	2.459
2015-12-19 18:50:03.186	10501	10401	-82	-82	12	-0.71	80.35	2.464
2015-12-19 19:06:32.93	10501	10401	-79	-97	12
2015-12-19 19:22:34.406	10501	10401	-79	-79	11	-0.99	80.42	2.459
2015-12-19 19:50:29.571	10501	10401	-79	-97	10	-1.21	80.47	2.459
2015-12-19 19:50:41.134	10501	10401	-79	-97	10	-1.21	80.47	2.459
2015-12-19 20:24:32.21	10501	10401	-79	-97	10	-1.41	80.53	2.459
2015-12-19 20:34:47.49	10501	10401	-79	-97	10
2015-12-19 20:39:00.874	10501	10401	-79	-97	10
2015-12-19 21:24:12.171	10501	10401	-79	-97	10	-1.78	80.54	2.459
2015-12-19 22:05:18.775	10501	10401	-76	-79	10	-2.07	80.67	2.459
2015-12-19 22:11:28.586	10501	10401	-79	-97	10
2015-12-19 22:38:38.083	10501	10401	-76	-97	14	-2.39	80.46	2.454
2015-12-19 23:25:38.851	10501	10401	-76	-79	12
2015-12-19 23:30:47.591	10501	10401	-76	-97	11	-2.93	80.25	2.459
2015-12-20 00:47:47.114	10501	10401	-76	-76	14	-3.79	80.05	2.454
2015-12-20 01:16:35.022	10501	10401	-76	-76	12
2015-12-20 02:16:30.503	10501	10401	-76	-76	10
2015-12-20 02:39:05.938	10501	10401	-76	-76	18	-4.99	80.09	2.454
2015-12-20 02:48:51.646	10501	10401	-76	-97	17
2015-12-20 02:49:33.546	10501	10401	-76	-97	17	-5.04	80.16	2.459
2015-12-20 07:26:14.771	10501	10401	-76	-79	10
2015-12-20 10:03:33.723	10501	10401	-82	-82	14	-1.6	87.67	2.459
2015-12-20 11:36:56.595	10501	10401	-79	-85	10	3.21	86.3	2.459
2015-12-20 12:03:37.69	10501	10401	-76	-82	10
2015-12-20 13:39:57.211	10501	10401	-79	-79	12
2015-12-20 15:07:20.854	10501	10401	-79	-97	11	6.28	81.54	2.464
2015-12-20 15:08:32.727	10501	10401	-79	-97	11
2015-12-20 16:32:03.011	10501	10401	-79	-97	10	5.47	79.92	2.47
2015-12-20 17:05:38.615	10501	10401	-79	-97	12	4.17	78.48	2.464
2015-12-20 17:31:43.982	10501	10401	-79	-79	11	3.25	78.47	2.464
2015-12-20 18:33:29.682	10501	10401	-79	-97	11	1.83	79.49	2.454
2015-12-20 18:49:31.774	10501	10401	-79	-79	11	1.6	79.67	2.464
2015-12-20 19:21:40.054	10501	10401	-79	-79	10
2015-12-20 19:45:55.863	10501	10401	-79	-79	17
2015-12-20 19:55:10.612	10501	10401	-79	-97	17	0.93	80.24	2.459
2015-12-20 20:26:04.495	10501	10401	-79	-79	14	0.74	80.41	2.459
2015-12-20 22:12:31.503	10501	10401	-79	-79	10
2015-12-20 22:35:33.452	10501	10401	-79	-79	12	0.65	81.22	2.459
2015-12-20 23:05:44.842	10501	10401	-79	-82	11	0.57	81.11	2.459
2015-12-20 23:48:18.411	10501	10401	-79	-97	10	1.0	82.31	2.459
2015-12-21 00:23:18.306	10501	10401	-79	-82	15
2015-12-21 01:03:23.502	10501	10401	-79	-79	10
2015-12-21 03:28:14.41	10501	10401	-79	-82	10
2015-12-21 03:54:15.285	10501	10401	-79	-82	10
2015-12-21 04:39:04.339	10501	10401	-79	-82	10	3.97	82.52	2.464
2015-12-21 06:24:19.338	10501	10401	-79	-82	13	5.11	83.05	2.464
2015-12-21 06:33:09.575	10501	10401	-85	-97	12
2015-12-21 06:45:11.151	10501	10401	-79	-97	11
2015-12-21 07:04:35.347	10501	10401	-79	-97	10	5.51	83.12	2.464
2015-12-21 08:05:36.662	10501	10401	-79	-82	13
2015-12-21 08:30:44.451	10501	10401	-79	-97	12	6.46	83.1	2.47
2015-12-21 09:29:51.254	10501	10401	-79	-97	10	7.01	83.49	2.47
2015-12-21 09:59:00.302	10501	10401	-82	-82	13	7.57	84.04	2.47
2015-12-21 11:07:31.055	10501	10401	-79	-82	10	9.0	84.03	2.47
2015-12-21 11:10:32.286	10501	10401	-82	-97	10
2015-12-21 11:26:01.347	10501	10401	-82	-97	10	9.29	84.08	2.475
2015-12-21 11:55:26.923	10501	10401	-79	-97	10	9.88	84.09	2.47
2015-12-21 13:36:59.566	10501	10401	-82	-97	12	9.78	82.02	2.475
2015-12-21 14:15:27.603	10501	10401	-79	-97	10
2015-12-21 15:17:40.667	10501	10401	-82	-82	10
2015-12-21 15:31:45.623	10501	10401	-82	-82	10	9.15	81.86	2.475
2015-12-21 15:47:54.907	10501	10401	-85	-97	10
2015-12-21 17:20:23.182	10501	10401	-82	-97	10
2015-12-21 17:27:37.475	10501	10401	-79	-97	10	9.65	83.26	2.475
2015-12-21 19:07:23.011	10501	10401	-79	-82	11	10.7	83.55	2.47
2015-12-21 19:55:32.611	10501	10401	-82	-97	10	10.86	83.06	2.475
2015-12-21 20:25:17.435	10501	10401	-82	-82	12
2015-12-21 20:59:23.535	10501	10401	-82	-82	10
2015-12-21 21:57:45.934	10501	10401	-82	-97	10
2015-12-21 23:30:12.647	10501	10401	-82	-79	17
2015-12-21 23:34:42.951	10501	10401	-82	-97	16	10.75	82.94	2.475
2015-12-21 23:50:15.854	10501	10401	-82	-97	15
2015-12-22 00:00:40.535	10501	10401	-82	-82	10	10.81	82.91	2.47
2015-12-22 00:25:38.074	10501	10401	-82	-97	10	10.79	82.85	2.475
2015-12-22 01:32:48.15	10501	10401	-79	-82	10	10.83	82.87	2.475
2015-12-22 02:22:25.566	10501	10401	-82	-82	10	11.03	82.96	2.475
2015-12-22 02:41:06.459	10501	10401	-82	-97	10
2015-12-22 04:07:35.551	10501	10401	-82	-97	10
2015-12-22 05:28:14.819	10501	10401	-79	-79	17	11.56	83.27	2.475
2015-12-22 06:53:15.298	10501	10401	-82	-97	10	11.78	83.23	2.475
2015-12-22 07:12:32.326	10501	10401	-79	-97	10
2015-12-22 07:24:06.494	10501	10401	-82	-97	10	11.85	83.17	2.481
2015-12-22 08:45:02.17	10501	10401	-82	-82	12
2015-12-22 09:34:57.322	10501	10401	-82	-82	10	12.42	83.54	2.475
2015-12-22 11:27:17.27	10501	10401	-82	-82	12	13.14	83.85	2.481
2015-12-22 12:56:21.919	10501	10401	-82	-82	10	15.71	85.73	2.481
2015-12-22 13:22:20.651	10501	10401	-79	-82	10
2015-12-22 13:55:00.182	10501	10401	-85	-97	10	15.78	83.37	2.481
2015-12-22 14:48:04.462	10501	10401	-85	-97	10	16.68	83.79	2.486
2015-12-22 14:54:48.134	10501	10401	-85	-97	10
2015-12-22 15:19:43.123	10501	10401	-85	-97	10	17.39	82.84	2.481
2015-12-22 16:27:16.038	10501	10401	-82	-97	17
2015-12-22 16:36:45.938	10501	10401	-82	-97	16	16.07	81.48	2.481
2015-12-22 17:59:43.39	10501	10401	-82	-82	10
2015-12-22 18:26:41.498	10501	10401	-82	-97	10	12.15	80.81	2.481
2015-12-22 18:54:20.339	10501	10401	-79	-82	10	11.52	81.03	2.475
2015-12-22 19:32:10.798	10501	10401	-82	-97	10
2015-12-22 19:32:46.79	10501	10401	-82	-97	10	10.7	81.19	2.481
2015-12-22 19:46:14.339	10501	10401	-79	-82	65535
2015-12-22 19:53:10.159	10501	10401	-82	-82	19	10.35	81.45	2.475
2015-12-22 20:17:53.247	10501	10401	-79	-82	18	10.03	81.77	2.481
2015-12-22 20:54:04.711	10501	10401	-82	-97	10	9.65	82.04	2.475
2015-12-22 21:51:56.205	10501	10401	-79	-82	14	9.29	82.46	2.475
2015-12-22 22:30:49.951	10501	10401	-82	-97	10	9.07	82.58	2.475
2015-12-22 22:37:06.751	10501	10401	-79	-82	10
2015-12-22 22:37:08.551	10501	10401	-79	-97	10
2015-12-22 23:03:25.626	10501	10401	-79	-97	12	8.96	82.74	2.475
2015-12-22 23:32:31.486	10501	10401	-82	-97	12	8.85	82.79	2.475
2015-12-22 23:59:10.863	10501	10401	-82	-82	10	8.79	82.94	2.475
2015-12-23 00:09:33.503	10501	10401	-82	-82	10
2015-12-23 00:18:15.25	10501	10401	-82	-97	10	8.86	83.15	2.475
2015-12-23 00:49:46.175	10501	10401	-82	-82	11	8.85	83.12	2.475
2015-12-23 01:27:58.047	10501	10401	-82	-82	14
2015-12-23 01:36:18.946	10501	10401	-82	-82	14	8.79	83.16	2.475
2015-12-23 01:42:01.507	10501	10401	-79	-97	13
2015-12-23 02:05:02.302	10501	10401	-82	-97	12	8.75	83.15	2.475
2015-12-23 02:30:08.854	10501	10401	-79	-97	10	8.71	83.19	2.475
2015-12-23 02:57:48.99	10501	10401	-82	-97	10	8.75	83.34	2.475
2015-12-23 03:14:28.427	10501	10401	-79	-97	13
2015-12-23 03:27:13.751	10501	10401	-82	-82	11	8.74	83.38	2.475
2015-12-23 04:04:47.378	10501	10401	-82	-82	13	8.68	83.32	2.475
2015-12-23 04:18:48.914	10501	10401	-79	-97	12
2015-12-23 04:27:14.567	10501	10401	-79	-82	12	8.68	83.37	2.475
2015-12-23 07:51:19.446	10501	10401	-79	-97	11	8.32	83.47	2.475
2015-12-23 07:51:51.227	10501	10401	-82	-97	11
2015-12-23 08:21:00.686	10501	10401	-82	-97	17	8.39	83.72	2.475
2015-12-23 08:50:32.49	10501	10401	-82	-97	12	8.78	84.49	2.475
2015-12-23 09:24:19.263	10501	10401	-79	-97	10
2015-12-23 09:36:23.287	10501	10401	-82	-82	10	10.02	85.93	2.475
2015-12-23 10:00:31.931	10501	10401	-82	-82	10
2015-12-23 10:01:22.374	10501	10401	-82	-97	10	10.58	86.2	2.448
2015-12-23 10:34:15.066	10501	10401	-82	-97	14	11.67	86.69	2.475
2015-12-23 10:54:38.766	10501	10401	-85	-97	13	12.22	86.62	2.481
2015-12-23 10:56:47.047	10501	10401	-82	-97	13
2015-12-23 12:07:38.415	10501	10401	-82	-97	11	13.79	86.13	2.481
2015-12-23 12:24:51.323	10501	10401	-82	-82	10	14.2	86.39	2.475
2015-12-23 12:29:14.767	10501	10401	-82	-97	10
2015-12-23 12:47:40.73	10501	10401	-82	-97	10	15.04	87.16	2.481
2015-12-23 12:51:23.603	10501	10401	-85	-82	10
2015-12-23 16:34:10.702	10501	10401	-85	-97	10	16.77	84.38	2.486
2015-12-23 18:04:22.658	10501	10401	-82	-97	10	15.72	83.74	2.481
2015-12-23 19:29:06.654	10501	10401	-82	-82	10	15.06	83.88	2.486
2015-12-23 20:40:05.151	10501	10401	-82	-85	13	14.7	84.19	2.481
2015-12-23 21:27:03.987	10501	10401	-82	-82	10	14.39	84.05	2.481
2015-12-23 21:43:59.755	10501	10401	-82	-97	10
2015-12-23 22:36:05.723	10501	10401	-82	-97	15	14.11	84.25	2.481
2015-12-23 22:55:01.979	10501	10401	-82	-97	12	14.15	84.57	2.486
2015-12-23 23:16:27.43	10501	10401	-82	-97	12
2015-12-23 23:37:09.954	10501	10401	-82	-97	12	14.65	85.48	2.481
2015-12-24 00:03:23.783	10501	10401	-82	-97	10	14.78	85.34	2.481
2015-12-24 00:14:48.607	10501	10401	-82	-85	10
2015-12-24 00:48:54.687	10501	10401	-82	-97	10
2015-12-24 01:01:03.887	10501	10401	-82	-82	14	14.7	84.67	2.481
2015-12-24 02:07:12.815	10501	10401	-82	-97	12	14.24	84.28	2.481
2015-12-24 02:38:46.411	10501	10401	-82	-97	16	14.07	84.29	2.481
2015-12-24 02:53:38.767	10501	10401	-82	-82	14	14.04	84.4	2.486
2015-12-24 03:05:40.494	10501	10401	-82	-82	12
2015-12-24 03:53:49.675	10501	10401	-82	-82	10
2015-12-24 03:55:57.587	10501	10401	-82	-97	10	14.02	84.66	2.481
2015-12-24 04:24:00.266	10501	10401	-82	-97	10	13.97	84.67	2.481
2015-12-24 05:26:17.631	10501	10401	-82	-97	13
2015-12-24 05:26:22.04	10501	10401	-82	-97	13
2015-12-24 05:34:17.718	10501	10401	-82	-97	11	13.96	84.74	2.481
2015-12-24 05:56:31.195	10501	10401	-82	-97	10
2015-12-24 05:57:47.567	10501	10401	-82	-97	10	13.86	84.65	2.486
2015-12-24 06:27:23.963	10501	10401	-82	-97	13	13.68	84.48	2.481
2015-12-24 06:58:46.102	10501	10401	-82	-82	10
2015-12-24 07:08:02.619	10501	10401	-82	-97	10	13.43	84.38	2.481
2015-12-24 07:31:28.93	10501	10401	-79	-97	10	13.32	84.3	2.454
2015-12-24 07:54:35.482	10501	10401	-82	-82	10	13.14	84.21	2.481
2015-12-24 08:18:55.523	10501	10401	-79	-97	10	12.93	84.26	2.481
2015-12-24 10:00:44.286	10501	10401	-82	-97	10	13.89	86.15	2.481
2015-12-24 10:03:39.895	10501	10401	-82	-97	10
2015-12-24 10:30:16.306	10501	10401	-82	-97	11	14.74	87.16	2.481
2015-12-24 10:57:07.775	10501	10401	-79	-97	10	15.18	86.98	2.486
2015-12-24 11:29:06.666	10501	10401	-85	-97	10	15.85	87.0	2.486
2015-12-24 11:36:07.386	10501	10401	-82	-97	10
2015-12-24 11:38:14.19	10501	10401	-79	-97	10
2015-12-24 12:37:34.927	10501	10401	-82	-97	10	19.11	87.18	2.486
2015-12-24 12:50:21.503	10501	10401	-85	-82	10	18.71	85.85	2.486
2015-12-24 13:08:43.632	10501	10401	-82	-97	10
2015-12-24 13:34:36.65	10501	10401	-82	-82	10	19.43	84.72	2.486
2015-12-24 14:29:05.37	10501	10401	-85	-97	13
2015-12-24 14:34:00.719	10501	10401	-79	-82	12	21.24	83.81	2.486
2015-12-24 14:41:02.37	10501	10401	-82	-97	12
2015-12-24 14:52:23.346	10501	10401	-82	-97	11	21.86	84.05	2.486
2015-12-24 15:35:05.062	10501	10401	-79	-97	17	23.28	79.28	2.486
2015-12-24 16:39:14.266	10501	10401	-79	-82	10	19.2	78.34	2.481
2015-12-24 17:07:45.959	10501	10401	-79	-97	10	17.28	78.41	2.481
2015-12-24 17:19:56.578	10501	10401	-79	-97	10
2015-12-24 17:25:39.042	10501	10401	-79	-97	10	16.25	78.65	2.481
2015-12-24 18:58:55.298	10501	10401	-79	-97	10	12.2	80.59	2.475
2015-12-24 19:18:24.966	10501	10401	-79	-82	10
2015-12-24 19:32:54.402	10501	10401	-79	-97	10	11.2	81.21	2.481
2015-12-24 19:47:42.826	10501	10401	-79	-79	14	10.86	81.47	2.481
2015-12-24 20:10:47.787	10501	10401	-79	-97	12
2015-12-24 20:38:41.535	10501	10401	-79	-97	10	9.71	81.99	2.47
2015-12-24 20:50:39.086	10501	10401	-79	-97	10	9.57	82.17	2.475
2015-12-24 20:50:53.238	10501	10401	-82	-97	10
2015-12-24 21:23:22.974	10501	10401	-79	-79	17	9.11	82.42	2.475
2015-12-24 21:55:37.09	10501	10401	-79	-97	10	8.63	82.41	2.475
2015-12-24 23:01:39.331	10501	10401	-79	-82	14
2015-12-24 23:06:41.71	10501	10401	-79	-97	14	7.88	82.85	2.47
2015-12-24 23:34:45.612	10501	10401	-79	-97	12	7.64	82.93	2.475
2015-12-24 23:55:48.154	10501	10401	-79	-82	15
2015-12-24 23:59:48.614	10501	10401	-79	-97	15	7.36	82.85	2.475
2015-12-25 00:17:34.726	10501	10401	-79	-97	14	7.2	82.88	2.475
2015-12-25 00:56:06.659	10501	10401	-79	-82	19	7.15	83.41	2.475
2015-12-25 01:19:09.27	10501	10401	-79	-79	10	7.11	83.47	2.475
2015-12-25 01:28:15.619	10501	10401	-79	-97	10
2015-12-25 01:49:54.215	10501	10401	-79	-79	10	7.42	84.35	2.475
2015-12-25 01:52:31.815	10501	10401	-79	-97	10
2015-12-25 03:04:19.291	10501	10401	-79	-82	10	7.99	84.98	2.47
2015-12-25 04:33:11.338	10501	10401	-79	-97	12
2015-12-25 04:36:59.294	10501	10401	-79	-82	12	8.79	84.98	2.475
2015-12-25 04:43:22.607	10501	10401	-79	-97	11
2015-12-25 04:57:16.914	10501	10401	-79	-82	13	8.97	84.96	2.475
2015-12-25 06:20:54.158	10501	10401	-79	-97	13	9.14	84.6	2.475
2015-12-25 09:10:34.503	10501	10401	-82	-97	13
2015-12-25 09:21:12.835	10501	10401	-79	-97	13	9.63	85.48	2.438
2015-12-25 10:18:43.679	10501	10401	-79	-82	13	10.47	86.31	2.438
2015-12-25 10:25:05.799	10501	10401	-79	-82	13
2015-12-25 10:52:34.459	10501	10401	-79	-82	12	11.29	86.88	2.475
2015-12-25 12:15:29.286	10501	10401	-82	-97	11
2015-12-25 12:29:02.383	10501	10401	-82	-82	11	14.93	87.49	2.475
2015-12-25 13:15:56.832	10501	10401	-82	-82	12
2015-12-25 13:47:56.599	10501	10401	-82	-82	10
2015-12-25 16:01:42.667	10501	10401	-82	-82	10	14.1	84.1	2.481
2015-12-25 16:06:47.926	10501	10401	-79	-97	10
2015-12-25 16:26:16.087	10501	10401	-79	-79	10	13.92	84.03	2.481
2015-12-25 16:50:17.03	10501	10401	-79	-97	10	13.7	83.96	2.481
2015-12-25 16:52:51.471	10501	10401	-79	-97	10
2015-12-25 17:34:27.099	10501	10401	-82	-85	10	13.18	83.79	2.481
2015-12-25 18:25:19.63	10501	10401	-82	-82	10
2015-12-25 18:32:54.934	10501	10401	-79	-82	10	12.68	83.82	2.475
2015-12-25 18:57:39.438	10501	10401	-82	-82	10
2015-12-25 19:57:46.095	10501	10401	-79	-97	13
2015-12-25 20:03:02.767	10501	10401	-79	-97	12	11.46	83.25	2.475
2015-12-25 21:48:30.535	10501	10401	-79	-82	10
2015-12-25 23:02:42.255	10501	10401	-79	-82	15
2015-12-25 23:07:49.414	10501	10401	-79	-97	13	8.78	83.29	2.475
2015-12-25 23:29:14.495	10501	10401	-79	-97	12	8.74	83.59	2.475
2015-12-26 01:09:21.931	10501	10401	-79	-97	14	8.27	83.88	2.475
2015-12-26 01:26:56.715	10501	10401	-79	-97	13	8.24	84.01	2.475
2015-12-26 03:02:08.43	10501	10401	-79	-97	13	8.14	84.11	2.475
2015-12-26 03:30:14.503	10501	10401	-79	-82	16
2015-12-26 03:32:40.059	10501	10401	-79	-82	15	8.15	84.18	2.475
2015-12-26 03:40:04.663	10501	10401	-79	-97	15
2015-12-26 04:05:52.035	10501	10401	-79	-97	12	8.17	84.32	2.475
2015-12-26 04:35:27.427	10501	10401	-79	-79	14	8.1	84.07	2.475
2015-12-26 05:02:07.803	10501	10401	-79	-97	18	7.97	83.91	2.47
2015-12-26 05:12:31.986	10501	10401	-79	-82	17
2015-12-26 05:20:23.323	10501	10401	-79	-97	15	7.97	83.95	2.475
2015-12-26 06:21:06.134	10501	10401	-79	-79	10
2015-12-26 06:30:03.631	10501	10401	-79	-97	10	8.11	84.17	2.475
2015-12-26 06:44:59.667	10501	10401	-79	-97	10
2015-12-26 08:17:27.539	10501	10401	-79	-79	10
2015-12-26 08:56:36.055	10501	10401	-79	-79	14	8.36	84.6	2.464
2015-12-26 09:11:59.403	10501	10401	-79	-97	12
2015-12-26 09:22:33.026	10501	10401	-79	-97	12	8.56	84.95	2.475
2015-12-26 09:49:55.191	10501	10401	-82	-79	13
2015-12-26 09:53:19.219	10501	10401	-79	-97	13	9.02	85.71	2.475
2015-12-26 11:31:42.199	10501	10401	-79	-82	10	9.88	85.43	2.47
2015-12-26 12:02:35.895	10501	10401	-79	-82	10	10.33	85.96	2.475
2015-12-26 12:24:03.623	10501	10401	-79	-97	10	10.71	86.09	2.475
2015-12-26 15:59:45.398	10501	10401	-79	-82	13
2015-12-26 16:33:49.267	10501	10401	-79	-97	13	12.97	84.56	2.475
2015-12-26 17:32:12.73	10501	10401	-79	-82	10
2015-12-26 17:44:31.042	10501	10401	-82	-82	10
2015-12-26 18:05:41.146	10501	10401	-79	-82	10	12.2	83.59	2.475
2015-12-26 18:37:30.486	10501	10401	-85	-85	12	11.79	83.54	2.475
2015-12-26 20:24:19.702	10501	10401	-82	-82	12	11.27	84.21	2.475
2015-12-26 20:35:22.778	10501	10401	-82	-82	15
2015-12-26 20:37:07.931	10501	10401	-82	-82	15
2015-12-26 21:31:01.738	10501	10401	-79	-82	22	11.38	84.61	2.475
2015-12-26 22:05:40.966	10501	10401	-79	-97	10	11.57	84.89	2.475
2015-12-26 22:09:35.174	10501	10401	-82	-97	10
2015-12-26 22:36:38.906	10501	10401	-82	-97	10	11.74	84.98	2.475
2015-12-26 23:26:13.615	10501	10401	-79	-82	13
2015-12-26 23:35:28.71	10501	10401	-82	-82	12	11.88	84.82	2.475
2015-12-26 23:42:02.834	10501	10401	-82	-82	12
2015-12-27 00:03:10.387	10501	10401	-82	-97	10	11.88	84.73	2.475
2015-12-27 00:37:41.522	10501	10401	-79	-97	16	11.93	84.79	2.475
2015-12-27 00:49:14.246	10501	10401	-79	-82	13	11.97	84.82	2.475
2015-12-27 01:14:30.918	10501	10401	-79	-82	10
2015-12-27 01:20:58.306	10501	10401	-79	-97	10	12.07	84.97	2.475
2015-12-27 02:46:57.698	10501	10401	-79	-82	10
2015-12-27 03:02:17.698	10501	10401	-82	-82	10	12.61	85.38	2.475
2015-12-27 03:34:39.707	10501	10401	-79	-97	10	12.81	85.33	2.475
2015-12-27 04:18:59.914	10501	10401	-79	-97	14	13.07	85.44	2.475
2015-12-27 04:19:26.198	10501	10401	-82	-97	14
2015-12-27 04:57:39.25	10501	10401	-79	-79	10	13.46	85.86	2.475
2015-12-27 05:07:56.783	10501	10401	-82	-85	10
2015-12-27 05:51:53.127	10501	10401	-79	-82	14
2015-12-27 06:54:15.002	10501	10401	-85	-82	13	15.36	86.83	2.475
2015-12-27 07:24:20.882	10501	10401	-82	-85	10
2015-12-27 07:27:08.954	10501	10401	-85	-85	10	15.96	86.93	2.475
2015-12-27 08:52:47.887	10501	10401	-85	-82	10	17.28	86.91	2.481
2015-12-27 11:59:54.974	10501	10401	-79	-79	12	16.49	84.16	2.481
2015-12-27 18:11:33.854	10501	10401	-76	-79	10
2015-12-27 18:35:07.591	10501	10401	-76	-79	10	6.78	83.53	2.459
2015-12-27 19:07:32.634	10501	10401	-79	-79	10	6.36	83.48	2.47
2015-12-27 19:44:01.43	10501	10401	-79	-79	12
2015-12-27 20:04:05.495	10501	10401	-79	-79	11	5.68	83.53	2.475
2015-12-27 21:16:29.387	10501	10401	-79	-79	10
2015-12-27 21:26:11.706	10501	10401	-79	-97	10	4.81	83.67	2.406
2015-12-27 21:26:14.087	10501	10401	-79	-97	10	4.81	83.67	2.406
2015-12-27 22:48:55.902	10501	10401	-79	-97	10
2015-12-27 22:55:12.838	10501	10401	-79	-97	10	4.14	83.67	2.47
2015-12-27 23:25:22.806	10501	10401	-79	-79	10	3.93	83.69	2.47
2015-12-28 01:03:57.362	10501	10401	-79	-79	10
2015-12-28 03:26:19.73	10501	10401	-82	-97	11
2015-12-28 03:54:47.955	10501	10401	-79	-82	10
2015-12-28 04:06:27.142	10501	10401	-79	-97	10	2.56	84.08	2.464
2015-12-28 05:37:54.83	10501	10401	-79	-82	13	1.82	83.75	2.464
2015-12-28 06:45:39.515	10501	10401	-79	-97	10
2015-12-28 07:04:49.822	10501	10401	-82	-97	10	1.76	84.28	2.464
2015-12-28 08:03:42.802	10501	10401	-82	-79	10
2015-12-28 08:24:51.42	10501	10401	-79	-82	10	1.75	84.47	2.47
2015-12-28 09:26:45.386	10501	10401	-82	-82	13	1.97	84.93	2.47
2015-12-28 09:51:52.102	10501	10401	-79	-82	13	2.07	84.86	2.464
2015-12-28 11:05:21.566	10501	10401	-82	-82	11	2.32	84.93	2.464
2015-12-28 11:08:37.77	10501	10401	-79	-97	11
2015-12-28 11:57:53.842	10501	10401	-82	-82	13	2.78	85.35	2.464
2015-12-28 12:27:22.758	10501	10401	-82	-82	14
2015-12-28 14:13:33.083	10501	10401	-82	-97	12
2015-12-28 14:34:35.479	10501	10401	-82	-79	11	2.78	84.5	2.464
2015-12-28 14:58:45.214	10501	10401	-82	-82	10	2.93	84.9	2.464
2015-12-28 15:18:14.534	10501	10401	-82	-97	10
2015-12-28 15:31:36.554	10501	10401	-82	-97	10	3.03	85.05	2.459
2015-12-28 15:46:00.842	10501	10401	-82	-82	15
2015-12-28 15:59:48.75	10501	10401	-79	-97	13	3.15	85.08	2.464
2015-12-28 16:27:49.479	10501	10401	-79	-97	12	3.25	85.06	2.464
2015-12-28 16:48:14.142	10501	10401	-82	-97	10	3.15	84.72	2.464
2015-12-28 17:18:28.09	10501	10401	-79	-97	10
2015-12-28 17:25:45.358	10501	10401	-79	-82	10	2.96	84.5	2.459
2015-12-28 18:09:05.96	10501	10401	-79	-97	10
2015-12-28 18:09:16.746	10501	10401	-79	-97	10	2.97	84.73	2.464
2015-12-28 18:34:22.606	10501	10401	-79	-82	11	3.03	84.9	2.464
2015-12-28 18:50:55.814	10501	10401	-82	-97	10
2015-12-28 20:02:21.275	10501	10401	-79	-82	10	3.56	85.14	2.464
2015-12-28 20:22:05.63	10501	10401	-82	-97	10	3.64	85.18	2.464
2015-12-28 20:23:23.111	10501	10401	-85	-97	10
2015-12-28 20:59:57.307	10501	10401	-82	-88	12
2015-12-28 21:33:21.562	10501	10401	-79	-97	10	4.1	85.31	2.464
2015-12-28 21:52:31.646	10501	10401	-79	-79	10	4.07	85.22	2.464
2015-12-28 21:55:50.81	10501	10401	-76	-79	10
2015-12-28 23:03:26.249	10501	10401	-79	-97	13	4.18	85.31	2.47
2015-12-28 23:17:52.21	10501	10401	-76	-97	12	4.25	85.39	2.47
2015-12-28 23:28:19.043	10501	10401	-79	-97	11
2015-12-28 23:50:48.511	10501	10401	-79	-97	14
2015-12-28 23:51:31.134	10501	10401	-79	-97	13	4.36	85.4	2.464
2015-12-29 00:18:12.734	10501	10401	-79	-97	12	4.42	85.37	2.464
2015-12-29 00:56:57.19	10501	10401	-76	-97	10	4.65	85.56	2.47
2015-12-29 01:00:46.126	10501	10401	-79	-79	10
2015-12-29 01:24:07.902	10501	10401	-79	-79	10	4.79	85.62	2.464
2015-12-29 01:53:12.066	10501	10401	-79	-97	10	4.96	85.63	2.47
2015-12-29 02:26:48.366	10501	10401	-79	-97	10	5.24	85.86	2.464
2015-12-29 02:33:14.15	10501	10401	-79	-97	10
2015-12-29 02:41:40.382	10501	10401	-79	-97	10
2015-12-29 03:31:29.527	10501	10401	-79	-82	10	5.79	86.13	2.47
2015-12-29 04:05:41.818	10501	10401	-79	-79	10
2015-12-29 04:57:03.702	10501	10401	-79	-97	12	6.92	86.63	2.47
2015-12-29 05:20:44.35	10501	10401	-79	-97	12	7.07	86.38	2.47
2015-12-29 05:32:31.443	10501	10401	-79	-79	12
2015-12-29 05:38:08.751	10501	10401	-79	-79	11
2015-12-29 05:52:50.643	10501	10401	-79	-79	14	7.2	86.2	2.47
2015-12-29 06:27:24.395	10501	10401	-79	-79	11	7.32	86.05	2.47
2015-12-29 07:05:40.554	10501	10401	-79	-82	12	7.43	86.04	2.438
2015-12-29 08:06:54.726	10501	10401	-82	-97	14	7.6	86.01	2.47
2015-12-29 08:37:07.455	10501	10401	-79	-82	10	7.68	86.05	2.47
2015-12-29 11:02:40.87	10501	10401	-82	-82	12	9.68	87.72	2.464
2015-12-29 11:14:14.138	10501	10401	-79	-97	11
2015-12-29 11:47:59.675	10501	10401	-79	-82	17
2015-12-29 12:07:37.826	10501	10401	-82	-97	16	10.38	87.0	2.475
2015-12-29 12:21:29.771	10501	10401	-82	-97	15	10.5	86.99	2.475
2015-12-29 13:04:34.086	10501	10401	-79	-82	12	10.82	86.98	2.475
2015-12-29 13:22:00.694	10501	10401	-82	-82	10	10.82	86.7	2.475
2015-12-29 13:49:41.374	10501	10401	-79	-79	13	10.7	86.34	2.47
2015-12-29 13:49:45.107	10501	10401	-79	-79	13	10.7	86.34	2.47
2015-12-29 14:05:06.046	10501	10401	-79	-82	13
2015-12-29 14:35:30.575	10501	10401	-79	-82	13	10.47	85.94	2.475
2015-12-29 17:57:52.066	10501	10401	-79	-97	10
2015-12-29 18:07:45.335	10501	10401	-82	-82	10	8.97	85.49	2.475
2015-12-29 18:32:53.415	10501	10401	-79	-85	17	8.89	85.51	2.47
2015-12-29 19:04:44.918	10501	10401	-79	-97	15	8.74	85.52	2.47
2015-12-29 20:39:29.019	10501	10401	-82	-85	14	8.38	85.55	2.47
2015-12-29 21:02:45.098	10501	10401	-85	-82	15
2015-12-29 21:08:40.255	10501	10401	-82	-82	15	8.21	85.49	2.47
2015-12-29 21:26:36.522	10501	10401	-79	-97	14	8.14	85.47	2.475
2015-12-29 22:35:12.882	10501	10401	-82	-97	10
2015-12-29 22:37:40.215	10501	10401	-82	-97	10
2015-12-29 22:37:53.267	10501	10401	-85	-97	10	7.79	85.41	2.47
2015-12-29 23:04:59.811	10501	10401	-85	-82	10	7.64	85.35	2.47
2015-12-29 23:39:18.642	10501	10401	-85	-97	10	7.39	85.29	2.47
2015-12-30 00:07:15.723	10501	10401	-82	-97	11	7.14	85.14	2.47
2015-12-30 00:07:40.143	10501	10401	-82	-97	10
2015-12-30 00:19:29.034	10501	10401	-82	-82	10	7.03	85.11	2.475
2015-12-30 02:36:24.063	10501	10401	-82	-97	10	6.07	85.16	2.47
2015-12-30 02:53:14.971	10501	10401	-82	-97	10	6.0	85.19	2.47
2015-12-30 03:12:35.151	10501	10401	-82	-97	10
2015-12-30 03:21:30.122	10501	10401	-82	-82	18	5.86	85.22	2.47
2015-12-30 03:55:13.682	10501	10401	-82	-97	15	5.71	85.27	2.47
2015-12-30 04:18:44.883	10501	10401	-82	-97	14	5.65	85.33	2.47
2015-12-30 04:19:22.811	10501	10401	-79	-97	14
2015-12-30 04:45:03.326	10501	10401	-82	-97	12
2015-12-30 05:58:16.423	10501	10401	-79	-82	10	5.32	85.32	2.464
2015-12-30 06:17:30.843	10501	10401	-79	-82	10
2015-12-30 06:28:28.09	10501	10401	-79	-97	10	5.2	85.31	2.47
2015-12-30 06:57:22.259	10501	10401	-82	-97	13	5.15	85.39	2.47
2015-12-30 07:10:14.447	10501	10401	-79	-97	12
2015-12-30 07:35:36.216	10501	10401	-82	-97	17	5.08	85.42	2.464
2015-12-30 07:49:58.894	10501	10401	-82	-97	16
2015-12-30 07:52:02.207	10501	10401	-82	-97	16	5.04	85.41	2.47
2015-12-30 09:22:26.274	10501	10401	-82	-82	17
2015-12-30 09:56:11.422	10501	10401	-82	-82	15	5.97	87.3	2.47
2015-12-30 10:01:06.538	10501	10401	-82	-97	14
2015-12-30 10:26:07.675	10501	10401	-82	-97	18	6.46	87.55	2.47
2015-12-30 10:54:53.614	10501	10401	-82	-97	15
2015-12-30 12:07:58.703	10501	10401	-82	-97	10	8.25	88.2	2.47
2015-12-30 12:27:21.959	10501	10401	-82	-82	17
2015-12-30 12:51:57.398	10501	10401	-82	-82	16
2015-12-30 12:52:38.991	10501	10401	-79	-97	16	8.82	87.73	2.475
2015-12-30 14:38:16.815	10501	10401	-82	-82	10	9.89	87.04	2.47
2015-12-30 14:48:16.886	10501	10401	-82	-82	10	10.0	86.98	2.475
2015-12-30 15:42:48.987	10501	10401	-82	-82	23
2015-12-30 17:29:49.682	10501	10401	-82	-82	13	9.06	85.42	2.47
2015-12-30 17:50:08.711	10501	10401	-82	-97	13	8.82	85.22	2.47
2015-12-30 18:33:40.507	10501	10401	-85	-97	10
2015-12-30 18:34:56.359	10501	10401	-82	-97	10	8.21	85.03	2.47
2015-12-30 18:37:11.215	10501	10401	-82	-97	10
2015-12-30 18:59:13.446	10501	10401	-82	-82	10	7.95	85.01	2.47
2015-12-30 20:38:24.434	10501	10401	-97	-82	10	7.14	85.28	2.464
2015-12-30 20:53:58.43	10501	10401	-82	-82	10	7.07	85.31	2.47
2015-12-30 21:24:32.186	10501	10401	-82	-82	10
2015-12-30 21:29:57.511	10501	10401	-82	-82	10	6.83	85.34	2.454
2015-12-30 21:42:07.371	10501	10401	-82	-82	10
2015-12-30 21:55:30.235	10501	10401	-79	-97	10	6.71	85.34	2.47
2015-12-30 22:29:12.058	10501	10401	-82	-97	12	6.53	85.34	2.47
2015-12-30 23:14:34.271	10501	10401	-82	-82	10
2015-12-30 23:37:39.25	10501	10401	-82	-85	12	6.18	85.37	2.464
2015-12-31 00:37:53.55	10501	10401	-79	-82	14	5.89	85.3	2.464
2015-12-31 00:47:01.866	10501	10401	-85	-97	14
2015-12-31 00:58:54.659	10501	10401	-82	-82	13	5.68	85.09	2.47
2015-12-31 01:22:23.994	10501	10401	-79	-97	10	5.43	85.0	2.47
2015-12-31 02:02:41.502	10501	10401	-82	-97	10	5.0	84.81	2.464
2015-12-31 02:19:29.427	10501	10401	-79	-97	10
2015-12-31 02:20:07.774	10501	10401	-82	-97	10	4.82	84.81	2.47
2015-12-31 03:06:14.851	10501	10401	-79	-97	10
2015-12-31 03:51:57.263	10501	10401	-82	-82	12
2015-12-31 05:57:06.202	10501	10401	-82	-82	13
2015-12-31 07:29:43.987	10501	10401	-79	-82	10	3.03	85.12	2.464
2015-12-31 08:18:44.419	10501	10401	-82	-97	15	2.89	85.2	2.422
2015-12-31 10:01:47.85	10501	10401	-79	-82	10
2015-12-31 10:31:09.666	10501	10401	-85	-97	14	2.68	85.39	2.459
2015-12-31 10:56:52.124	10501	10401	-79	-82	14	2.68	85.5	2.464
2015-12-31 11:34:15.218	10501	10401	-79	-97	12
2015-12-31 11:38:33.218	10501	10401	-85	-82	12	2.7	85.6	2.464
2015-12-31 11:38:49.875	10501	10401	-79	-97	11
2015-12-31 13:03:58.726	10501	10401	-79	-97	10	2.47	85.34	2.464
2015-12-31 13:06:42.838	10501	10401	-85	-97	10
2015-12-31 13:26:30.342	10501	10401	-82	-97	10	2.46	85.45	2.464
2015-12-31 14:29:54.446	10501	10401	-82	-79	13
2015-12-31 14:39:10.459	10501	10401	-82	-82	13
2015-12-31 15:02:20.818	10501	10401	-82	-97	13	2.01	84.98	2.464
2015-12-31 15:27:37.338	10501	10401	-82	-82	15	1.89	84.95	2.464
2015-12-31 16:06:11.058	10501	10401	-79	-82	10	1.72	84.89	2.459
2015-12-31 16:11:37.467	10501	10401	-79	-79	10
2015-12-31 16:19:55.899	10501	10401	-82	-97	10	1.67	84.9	2.459
2015-12-31 17:39:16.79	10501	10401	-79	-79	14	1.46	85.02	2.459
2015-12-31 18:30:20.568	10501	10401	-82	-82	13	1.29	85.03	2.459
2015-12-31 19:16:33.591	10501	10401	-82	-82	10
2015-12-31 21:20:45.827	10501	10401	-79	-82	15	0.97	85.08	2.459
2015-12-31 21:56:22.022	10501	10401	-79	-82	10	0.85	85.03	2.459
2015-12-31 22:21:28.434	10501	10401	-82	-97	10
2015-12-31 22:34:22.854	10501	10401	-82	-82	13	0.68	84.92	2.459
2015-12-31 23:01:10.246	10501	10401	-79	-82	11	0.6	84.9	2.459
2015-12-31 23:02:15.794	10501	10401	-79	-97	11
2016-01-01 00:24:24.646	10501	10401	-82	-82	17	0.21	84.76	2.459
2016-01-01 00:48:42.718	10501	10401	-79	-97	16	0.08	84.75	2.459
2016-01-01 01:26:24.174	10501	10401	-79	-97	17
2016-01-01 01:27:28.567	10501	10401	-79	-97	17	-0.03	84.83	2.459
2016-01-01 02:02:05.903	10501	10401	-79	-79	18	-0.14	84.85	2.459
2016-01-01 02:37:44.294	10501	10401	-79	-97	10	-0.21	84.9	2.459
2016-01-01 02:58:51.315	10501	10401	-79	-97	10
2016-01-01 03:06:43.682	10501	10401	-76	-97	10	-0.28	84.91	2.459
2016-01-01 04:27:17.614	10501	10401	-79	-82	11	-0.46	84.91	2.454
2016-01-01 04:31:19.478	10501	10401	-79	-97	11
2016-01-01 05:07:04.279	10501	10401	-79	-82	10	-0.56	84.92	2.454
2016-01-01 05:30:06.242	10501	10401	-79	-97	10	-0.57	84.96	2.459
2016-01-01 08:01:40.118	10501	10401	-79	-97	13	-0.6	85.13	2.454
2016-01-01 09:08:43.307	10501	10401	-76	-79	10
2016-01-01 10:25:53.591	10501	10401	-76	-79	10
2016-01-01 10:30:42.726	10501	10401	-76	-79	10	0.04	85.95	2.454
2016-01-01 10:41:09.97	10501	10401	-76	-79	10
2016-01-01 11:33:39.939	10501	10401	-79	-82	12	0.93	86.71	2.459
2016-01-01 11:55:07.838	10501	10401	-76	-82	13	1.85	88.28	2.459
2016-01-01 12:13:37.39	10501	10401	-79	-97	12
2016-01-01 12:31:58.442	10501	10401	-76	-97	11	2.1	86.81	2.459
2016-01-01 13:16:33.971	10501	10401	-79	-97	10
2016-01-01 13:46:05.639	10501	10401	-85	-79	10
2016-01-01 14:08:57.274	10501	10401	-82	-97	10	2.78	86.06	2.459
2016-01-01 15:18:32.659	10501	10401	-82	-97	10
2016-01-01 15:26:18.826	10501	10401	-79	-97	10	2.67	84.96	2.459
2016-01-01 18:21:34.854	10501	10401	-85	-85	10	1.21	84.08	2.459
2016-01-01 18:23:28.491	10501	10401	-82	-82	10
2016-01-01 18:49:09.854	10501	10401	-79	-82	10	1.1	84.22	2.459
2016-01-01 19:18:34.611	10501	10401	-82	-79	17	1.0	84.33	2.459
2016-01-01 19:59:54.971	10501	10401	-82	-82	10	0.86	84.39	2.422
2016-01-01 21:31:00.534	10501	10401	-79	-79	10	0.6	84.42	2.459
2016-01-01 22:56:40.915	10501	10401	-79	-82	12	0.15	84.22	2.459
2016-01-01 23:00:51.139	10501	10401	-79	-97	12
2016-01-02 00:33:19.194	10501	10401	-79	-97	16
2016-01-02 00:37:46.311	10501	10401	-79	-97	16	-0.53	84.0	2.454
2016-01-02 00:40:00.515	10501	10401	-76	-79	10
2016-01-02 00:53:59.391	10501	10401	-79	-97	10	-0.6	84.01	2.454
2016-01-02 01:18:38.787	10501	10401	-76	-79	10	-0.78	84.08	2.422
2016-01-02 02:33:24.91	10501	10401	-79	-79	10	-0.99	84.23	2.454
2016-01-02 02:51:30.415	10501	10401	-79	-79	10	-1.03	84.24	2.454
2016-01-02 03:30:51.822	10501	10401	-76	-79	10
2016-01-02 04:06:45.646	10501	10401	-76	-79	10	-1.35	84.16	2.443
2016-01-02 05:49:41.61	10501	10401	-76	-79	11	-1.71	84.16	2.454
2016-01-02 06:21:43.098	10501	10401	-76	-79	21
2016-01-02 06:53:25.378	10501	10401	-76	-79	10	-1.85	84.21	2.448
2016-01-02 07:18:00.33	10501	10401	-76	-79	10	-1.89	84.29	2.454
2016-01-02 08:39:55.951	10501	10401	-76	-79	12	-1.89	84.53	2.448
2016-01-02 08:50:46.903	10501	10401	-79	-79	12	-1.85	84.6	2.454
2016-01-02 09:12:34.491	10501	10401	-76	-97	10
2016-01-02 09:33:47.006	10501	10401	-76	-97	10	-1.7	84.86	2.448
2016-01-02 10:34:24.067	10501	10401	-79	-79	14	-1.31	85.39	2.448
2016-01-02 11:06:02.283	10501	10401	-76	-97	12	-1.03	85.46	2.448
2016-01-02 11:20:31.843	10501	10401	-76	-97	11
2016-01-02 11:23:59.931	10501	10401	-79	-97	11	-0.88	85.52	2.454
2016-01-02 12:00:20.978	10501	10401	-79	-97	10	-0.64	85.52	2.448
2016-01-02 12:03:25.506	10501	10401	-79	-79	10
2016-01-02 13:08:40.934	10501	10401	-79	-79	15	-0.2	85.49	2.448
2016-01-02 14:25:28.242	10501	10401	-82	-79	10
2016-01-02 17:48:33.082	10501	10401	-82	-82	13	0.85	83.81	2.454
2016-01-02 19:02:19.967	10501	10401	-79	-82	10	0.68	84.21	2.454
2016-01-02 20:06:20.194	10501	10401	-79	-82	10	0.57	84.25	2.454
2016-01-02 20:17:36.731	10501	10401	-82	-82	10	0.53	84.22	2.459
2016-01-02 20:35:19.018	10501	10401	-82	-97	10
2016-01-02 20:36:00.598	10501	10401	-82	-79	10
2016-01-02 21:18:13.539	10501	10401	-79	-97	10	0.29	84.19	2.454
2016-01-02 22:07:45.554	10501	10401	-79	-82	10
2016-01-02 23:22:14.762	10501	10401	-79	-79	17	-0.14	84.12	2.454
2016-01-02 23:26:52.134	10501	10401	-82	-97	17
2016-01-02 23:40:13.806	10501	10401	-79	-97	17
2016-01-02 23:57:55.63	10501	10401	-82	-97	14	-0.06	84.43	2.454
2016-01-03 00:25:43.937	10501	10401	-79	-82	12	-0.03	84.53	2.454
2016-01-03 01:02:44.498	10501	10401	-79	-82	14	-0.03	84.48	2.454
2016-01-03 01:12:55.211	10501	10401	-79	-82	13
2016-01-03 01:27:24.787	10501	10401	-82	-82	10	-0.03	84.48	2.454
2016-01-03 01:54:41.679	10501	10401	-82	-82	10	0.1	84.76	2.454
2016-01-03 02:17:48.603	10501	10401	-82	-97	10
2016-01-03 03:03:36.215	10501	10401	-82	-82	10	0.42	84.9	2.454
2016-01-03 05:27:27.687	10501	10401	-82	-82	13	0.2	84.32	2.454
2016-01-03 05:50:04.287	10501	10401	-79	-82	13
2016-01-03 06:08:09.831	10501	10401	-79	-79	15	0.04	84.28	2.454
2016-01-03 06:36:55.707	10501	10401	-79	-82	14	-0.11	84.15	2.454
2016-01-03 07:22:32.234	10501	10401	-82	-79	10
2016-01-03 08:55:11.407	10501	10401	-79	-79	14
2016-01-03 08:59:01.551	10501	10401	-76	-97	13	0.46	85.22	2.448
2016-01-03 09:32:36.299	10501	10401	-79	-97	12	0.57	85.25	2.454
2016-01-03 09:55:49.875	10501	10401	-82	-82	10	0.64	85.18	2.454
2016-01-03 10:50:18.814	10501	10401	-79	-82	10
2016-01-03 12:38:03.082	10501	10401	-79	-97	14	0.74	84.76	2.448
2016-01-03 13:31:24.51	10501	10401	-79	-79	19	0.93	85.29	2.454
2016-01-03 13:32:22.522	10501	10401	-79	-97	19
2016-01-03 13:41:09.971	10501	10401	-82	-97	19
2016-01-03 13:51:15.646	10501	10401	-76	-97	13	0.96	85.26	2.448
2016-01-03 14:24:28.075	10501	10401	-82	-82	10	1.11	85.34	2.454
2016-01-03 15:03:52.695	10501	10401	-82	-82	10	1.1	85.07	2.454
2016-01-03 15:04:50.242	10501	10401	-79	-97	10
2016-01-03 15:55:03.262	10501	10401	-79	-82	12	1.14	84.9	2.454
2016-01-03 17:27:11.102	10501	10401	-82	-97	10	0.85	84.43	2.454
2016-01-03 17:49:06.106	10501	10401	-82	-82	10	0.78	84.39	2.454
2016-01-03 18:09:45.835	10501	10401	-82	-97	10
2016-01-03 19:22:53.215	10501	10401	-79	-82	10
2016-01-03 19:34:56.326	10501	10401	-79	-97	10	0.28	84.18	2.454
2016-01-03 20:00:13.495	10501	10401	-79	-82	14	0.15	84.13	2.454
2016-01-03 20:31:24.559	10501	10401	-79	-82	13	0.03	84.17	2.454
2016-01-03 20:57:48.111	10501	10401	-79	-79	10	-0.06	84.17	2.454
2016-01-03 20:57:59.831	10501	10401	-79	-79	10	-0.06	84.17	2.454
2016-01-03 21:14:40.835	10501	10401	-79	-79	10
2016-01-03 21:24:57.006	10501	10401	-79	-97	10	-0.17	84.18	2.454
2016-01-03 22:13:44.927	10501	10401	-79	-82	14
2016-01-03 22:24:41.566	10501	10401	-79	-97	11	-0.36	84.16	2.448
2016-01-04 01:35:42.115	10501	10401	-76	-79	10	-1.5	83.59	2.417
2016-01-04 01:52:04.446	10501	10401	-79	-79	10
2016-01-04 02:25:52.446	10501	10401	-79	-76	14	-1.85	83.66	2.454
2016-01-04 02:48:03.466	10501	10401	-76	-76	12	-1.96	83.68	2.448
2016-01-04 11:07:02.04	10501	10401	-79	-76	10
2016-01-04 12:22:49.738	10501	10401	-79	-79	10	4.0	88.72	2.448
2016-01-04 12:39:17.29	10501	10401	-76	-79	13
2016-01-04 13:03:31.211	10501	10401	-76	-97	12	3.01	83.65	2.448
2016-01-04 16:17:54.274	10501	10401	-76	-76	13	1.2	77.35	2.454
2016-01-05 06:29:02.503	10501	10401	-73	-73	12	-13.66	80.39	2.438
2016-01-05 08:01:38.338	10501	10401	-73	-73	17	-14.1	80.41	2.438
2016-01-05 08:24:04.478	10501	10401	-73	-73	10
2016-01-05 08:32:28.514	10501	10401	-73	-73	10	-13.98	80.74	2.432
2016-01-05 08:41:18.91	10501	10401	-73	-73	10
2016-01-05 08:51:32.218	10501	10401	-73	-97	10	-13.16	84.13	2.438
2016-01-05 11:01:27.779	10501	10401	-76	-73	16	-5.29	88.48	2.443
2016-01-05 11:15:19.555	10501	10401	-73	-76	13
2016-01-05 11:46:13.938	10501	10401	-76	-97	10
2016-01-05 13:18:42.551	10501	10401	-76	-97	22
2016-01-05 14:24:50.006	10501	10401	-76	-76	12	1.93	87.46	2.454
2016-01-05 14:51:09.334	10501	10401	-79	-97	11
2016-01-05 15:01:07.382	10501	10401	-79	-79	11	4.0	85.33	2.454
2016-01-05 15:58:03.227	10501	10401	-79	-82	10	3.46	82.38	2.459
2016-01-05 16:17:47.43	10501	10401	-79	-97	10	2.75	79.27	2.459
2016-01-05 17:35:35.075	10501	10401	-76	-79	10	-1.53	77.51	2.454
2016-01-05 17:53:40.59	10501	10401	-76	-97	10	-2.28	77.58	2.454
2016-01-05 17:56:05.291	10501	10401	-76	-97	10
2016-01-05 18:21:07.854	10501	10401	-76	-76	10	-3.32	78.0	2.454
2016-01-05 18:21:17.059	10501	10401	-76	-76	10	-3.32	78.0	2.454
2016-01-06 05:54:39.867	10501	10401	-70	-76	11	-10.56	80.86	2.443
2016-01-06 06:15:52.263	10501	10401	-73	-73	10
2016-01-06 06:38:55.911	10501	10401	-73	-73	12	-10.72	80.97	2.427
2016-01-06 07:34:25.438	10501	10401	-73	-73	12	-10.89	80.98	2.438
2016-01-06 07:48:14.418	10501	10401	-73	-73	10
2016-01-06 09:01:05.27	10501	10401	-73	-76	12	-9.62	86.07	2.443
2016-01-06 09:32:20.234	10501	10401	-73	-76	13	-7.8	88.73	2.443
2016-01-06 09:48:47.726	10501	10401	-76	-97	13	-6.74	89.32	2.443
2016-01-06 10:54:46.166	10501	10401	-79	-79	19	0.97	90.22	2.448
2016-01-06 11:30:38.638	10501	10401	-79	-82	21	1.97	89.9	2.448
2016-01-06 12:06:10.043	10501	10401	-79	-79	11	4.38	89.04	2.448
2016-01-06 12:25:38.323	10501	10401	-79	-79	13
2016-01-06 13:03:54.754	10501	10401	-82	-79	12	6.7	90.48	2.448
2016-01-06 14:02:43.434	10501	10401	-79	-82	10	8.1	87.78	2.454
2016-01-06 14:24:10.782	10501	10401	-79	-97	10	8.07	86.51	2.459
2016-01-06 15:30:33.27	10501	10401	-79	-82	25
2016-01-06 15:43:32.942	10501	10401	-79	-79	24
2016-01-06 15:57:59.778	10501	10401	-79	-82	18	9.13	81.85	2.464
2016-01-06 16:38:42.326	10501	10401	-79	-97	17	6.61	78.19	2.464
2016-01-06 18:34:24.434	10501	10401	-79	-82	10
2016-01-06 18:35:27.919	10501	10401	-79	-97	10
2016-01-06 19:00:12.522	10501	10401	-76	-79	10	0.78	79.77	2.454
2016-01-06 19:26:08.682	10501	10401	-79	-79	10	0.21	80.38	2.459
2016-01-06 20:07:56.11	10501	10401	-79	-97	10
2016-01-06 21:00:06.398	10501	10401	-76	-82	14	-1.48	80.91	2.454
2016-01-06 22:55:51.594	10501	10401	-76	-79	18	-2.71	81.34	2.454
2016-01-06 23:12:50.41	10501	10401	-76	-79	13
2016-01-07 00:16:08.254	10501	10401	-76	-79	10
2016-01-07 01:48:59.55	10501	10401	-76	-76	16	-4.39	81.48	2.448
2016-01-07 02:54:19.267	10501	10401	-76	-79	14	-4.92	81.53	2.448
2016-01-07 03:07:00.042	10501	10401	-76	-79	13
2016-01-07 08:27:37.195	10501	10401	-76	-76	17
2016-01-07 08:48:43.175	10501	10401	-76	-79	17
2016-01-07 08:57:02.487	10501	10401	-76	-97	17	-6.34	84.69	2.448
2016-01-07 10:00:05.183	10501	10401	-79	-79	13
2016-01-07 10:32:05.203	10501	10401	-85	-88	10	1.07	91.3	2.448
2016-01-07 11:08:58.091	10501	10401	-85	-97	10	4.21	90.91	2.454
2016-01-07 12:22:15.19	10501	10401	-82	-82	10	10.42	89.28	2.459
2016-01-07 13:05:00.178	10501	10401	-82	-97	10
2016-01-07 13:09:24.028	10501	10401	-82	-97	10	10.7	90.73	2.464
2016-01-07 14:09:11.291	10501	10401	-82	-97	10	11.82	89.16	2.464
2016-01-07 14:19:16.111	10501	10401	-85	-85	10	11.75	89.28	2.47
2016-01-07 14:30:25.454	10501	10401	-82	-82	10
2016-01-07 14:37:40.063	10501	10401	-82	-97	10
2016-01-07 16:09:55.27	10501	10401	-79	-85	12
2016-01-07 16:23:33.899	10501	10401	-79	-97	12	12.11	77.27	2.47
2016-01-07 17:21:17.15	10501	10401	-82	-97	10
2016-01-07 17:38:24.838	10501	10401	-79	-82	22	6.78	76.54	2.464
2016-01-07 17:42:22.862	10501	10401	-79	-97	22
2016-01-07 17:48:37.015	10501	10401	-79	-97	22	6.2	76.77	2.47
2016-01-07 19:00:21.635	10501	10401	-79	-97	10	3.18	78.77	2.464
2016-01-07 19:14:50.602	10501	10401	-79	-82	13
2016-01-07 20:12:09.666	10501	10401	-79	-97	14
2016-01-07 20:29:19.746	10501	10401	-79	-97	13	0.92	80.26	2.464
2016-01-07 20:47:18.251	10501	10401	-79	-82	10
2016-01-07 22:07:32.926	10501	10401	-76	-79	12	-0.42	80.92	2.459
2016-01-07 22:19:45.809	10501	10401	-79	-97	12
2016-01-07 22:38:27.919	10501	10401	-76	-97	10	-0.75	81.03	2.459
2016-01-07 22:55:46.51	10501	10401	-76	-97	10	-0.95	81.07	2.459
2016-01-07 23:25:46.378	10501	10401	-76	-97	10	-1.36	81.02	2.454
2016-01-07 23:52:13.043	10501	10401	-76	-79	10
2016-01-07 23:54:48.223	10501	10401	-76	-79	10	-1.75	80.93	2.454
2016-01-08 01:52:30.778	10501	10401	-76	-76	10	-2.93	81.15	2.443
2016-01-08 01:53:52.482	10501	10401	-76	-97	10
2016-01-08 02:57:09.074	10501	10401	-76	-97	15
2016-01-08 03:24:36.763	10501	10401	-76	-76	13	-3.46	81.39	2.454
2016-01-08 03:55:10.995	10501	10401	-76	-76	12	-3.42	81.69	2.454
2016-01-08 04:19:48.35	10501	10401	-76	-79	15	-3.43	81.8	2.454
2016-01-08 04:29:36.458	10501	10401	-76	-97	15
2016-01-08 04:44:43.502	10501	10401	-76	-76	15
2016-01-08 04:53:15.007	10501	10401	-76	-97	15	-3.52	81.82	2.454
2016-01-08 06:33:57.922	10501	10401	-76	-79	12	-3.38	82.21	2.454
2016-01-08 07:35:34.895	10501	10401	-76	-97	11
2016-01-08 08:05:18.974	10501	10401	-79	-79	13	-3.11	82.72	2.454
2016-01-08 09:32:34.651	10501	10401	-76	-79	12	-1.86	84.58	2.454
2016-01-08 09:54:46.57	10501	10401	-79	-97	11	-1.32	85.11	2.454
2016-01-08 10:26:26.658	10501	10401	-79	-82	12
2016-01-08 11:19:59.035	10501	10401	-79	-97	10	0.85	86.02	2.459
2016-01-08 12:11:54.99	10501	10401	-79	-97	12
2016-01-08 13:19:58.142	10501	10401	-79	-82	13	3.31	85.7	2.459
2016-01-08 13:44:22.462	10501	10401	-82	-97	12
2016-01-08 14:52:27.53	10501	10401	-79	-97	10	3.68	83.31	2.454
2016-01-08 15:16:50.938	10501	10401	-79	-85	10
2016-01-08 15:36:21.554	10501	10401	-79	-97	10	3.32	82.99	2.459
2016-01-08 16:49:17.214	10501	10401	-79	-79	10
2016-01-08 17:05:08.554	10501	10401	-76	-82	10	3.0	83.1	2.459
2016-01-08 17:20:37.607	10501	10401	-79	-97	10	2.93	83.08	2.464
2016-01-08 18:21:45.431	10501	10401	-79	-79	10
2016-01-08 18:31:55.247	10501	10401	-79	-79	10	2.83	83.24	2.459
2016-01-08 18:56:12.639	10501	10401	-79	-97	10	2.85	83.36	2.464
2016-01-08 18:59:01.906	10501	10401	-79	-97	10
2016-01-08 19:36:38.699	10501	10401	-79	-97	10	2.92	83.47	2.459
2016-01-08 19:54:13.525	10501	10401	-79	-97	10
2016-01-08 19:55:50.611	10501	10401	-79	-97	10	2.96	83.55	2.464
2016-01-08 21:24:53.434	10501	10401	-79	-97	10	3.2	83.83	2.459
2016-01-08 21:26:40.602	10501	10401	-79	-97	10
2016-01-08 21:49:53.55	10501	10401	-79	-79	13
2016-01-08 22:03:23.627	10501	10401	-79	-79	13	3.31	83.83	2.459
2016-01-08 22:18:42.194	10501	10401	-79	-82	12	3.35	83.82	2.464
2016-01-08 22:53:46.387	10501	10401	-79	-82	10	3.46	83.87	2.459
2016-01-08 22:59:08.806	10501	10401	-79	-79	10
2016-01-08 23:26:57.154	10501	10401	-79	-97	10	3.71	84.18	2.464
2016-01-09 00:04:53.162	10501	10401	-79	-97	10	3.99	84.41	2.459
2016-01-09 00:21:22.543	10501	10401	-79	-97	10	4.14	84.37	2.464
2016-01-09 00:31:36.091	10501	10401	-79	-97	10
2016-01-09 02:06:04.382	10501	10401	-79	-97	10	4.53	84.01	2.464
2016-01-09 02:27:05.871	10501	10401	-79	-79	13	4.46	83.84	2.464
2016-01-09 03:34:33.258	10501	10401	-79	-82	10	3.74	83.16	2.464
2016-01-09 05:06:52.86	10501	10401	-82	-82	13	3.28	83.53	2.464
2016-01-09 05:58:06.246	10501	10401	-82	-82	10	3.63	84.54	2.459
2016-01-09 07:18:58.339	10501	10401	-82	-82	12	4.03	84.17	2.464
2016-01-09 08:00:59.139	10501	10401	-82	-82	12	4.42	84.71	2.464
2016-01-09 08:32:13.666	10501	10401	-82	-82	12	4.65	84.95	2.464
2016-01-09 08:50:45.519	10501	10401	-82	-85	10	5.1	85.63	2.464
2016-01-09 09:46:21.659	10501	10401	-82	-82	14
2016-01-09 10:08:30.363	10501	10401	-82	-97	13	7.1	87.89	2.464
2016-01-09 10:23:46.051	10501	10401	-82	-85	10	7.83	88.43	2.47
2016-01-09 11:33:48.271	10501	10401	-85	-85	10	12.36	90.04	2.47
2016-01-09 11:48:34.211	10501	10401	-85	-85	10	12.77	88.99	2.47
2016-01-09 12:51:16.615	10501	10401	-85	-85	22
2016-01-09 13:07:11.467	10501	10401	-85	-88	21	16.14	86.45	2.475
2016-01-09 13:24:39.803	10501	10401	-85	-82	17	15.4	84.28	2.459
2016-01-09 13:54:18.218	10501	10401	-85	-85	10	14.82	83.73	2.475
2016-01-09 14:34:56.406	10501	10401	-85	-85	13	15.11	83.85	2.47
2016-01-09 14:55:01.798	10501	10401	-85	-94	11
2016-01-09 16:00:07.918	10501	10401	-82	-85	10	13.38	82.87	2.475
2016-01-09 16:18:13.367	10501	10401	-85	-85	10	12.88	82.56	2.475
2016-01-09 17:05:48.698	10501	10401	-85	-97	13	11.64	82.33	2.475
2016-01-09 17:45:53.203	10501	10401	-82	-82	14
2016-01-09 18:00:02.118	10501	10401	-82	-88	14	9.95	81.85	2.47
2016-01-09 18:38:42.995	10501	10401	-85	-97	12	8.93	81.86	2.47
2016-01-09 18:54:12.955	10501	10401	-85	-85	12	8.54	81.98	2.475
2016-01-09 19:01:07.319	10501	10401	-85	-85	12
2016-01-09 22:06:02.167	10501	10401	-85	-82	11
2016-01-09 23:01:03.194	10501	10401	-82	-85	10	7.07	84.09	2.47
2016-01-09 23:23:59.443	10501	10401	-88	-88	10	7.03	84.01	2.475
2016-01-09 23:38:29.286	10501	10401	-82	-91	10
2016-01-10 00:20:27.655	10501	10401	-82	-85	11	7.07	84.16	2.47
2016-01-10 00:53:50.642	10501	10401	-79	-97	10	7.14	84.22	2.47
2016-01-10 01:10:57.014	10501	10401	-79	-97	10
2016-01-10 01:33:21.671	10501	10401	-85	-82	10	7.14	84.26	2.464
2016-01-10 01:51:51.359	10501	10401	-82	-82	10	7.14	84.26	2.47
2016-01-10 02:18:27.783	10501	10401	-82	-82	13
2016-01-10 02:33:03.49	10501	10401	-82	-85	13	7.11	84.26	2.464
2016-01-10 02:43:25.046	10501	10401	-82	-82	12
2016-01-10 03:09:31.455	10501	10401	-79	-82	13	7.11	84.28	2.47
2016-01-10 03:38:36.738	10501	10401	-85	-97	12	7.03	84.22	2.47
2016-01-10 04:05:30.25	10501	10401	-82	-82	10	7.0	84.18	2.47
2016-01-10 06:39:12.642	10501	10401	-82	-97	10	7.03	84.63	2.47
2016-01-10 06:54:48.679	10501	10401	-82	-82	14	7.06	84.61	2.475
2016-01-10 07:20:48.063	10501	10401	-79	-97	12
2016-01-10 08:01:01.882	10501	10401	-82	-97	10	7.45	85.17	2.459
2016-01-10 08:53:15.738	10501	10401	-79	-82	13
2016-01-10 10:25:43.23	10501	10401	-88	-82	10
2016-01-10 10:51:01.786	10501	10401	-79	-85	10
2016-01-10 11:39:31.682	10501	10401	-85	-88	13	8.68	86.2	2.47
2016-01-10 12:21:55.194	10501	10401	-79	-88	10	8.43	84.81	2.47
2016-01-10 13:30:38.45	10501	10401	-82	-82	10
2016-01-10 13:55:52.906	10501	10401	-82	-82	10	5.92	81.62	2.464
2016-01-10 15:03:05.742	10501	10401	-82	-82	11
2016-01-10 16:32:49.354	10501	10401	-76	-82	10
2016-01-10 16:38:36.426	10501	10401	-82	-79	10	1.38	82.62	2.464
2016-01-10 18:08:24.315	10501	10401	-76	-76	13
2016-01-10 18:20:42.263	10501	10401	-79	-79	11	-0.02	82.97	2.459
2016-01-10 19:31:04.534	10501	10401	-76	-79	10	-0.64	83.31	2.459
2016-01-10 19:40:28.871	10501	10401	-76	-79	14
2016-01-10 20:01:46.302	10501	10401	-76	-97	13	-1.0	83.12	2.459
2016-01-10 20:24:46.47	10501	10401	-76	-97	12	-1.34	82.97	2.459
2016-01-10 21:13:05.91	10501	10401	-76	-97	10
2016-01-11 04:55:20.695	10501	10401	-73	-76	10
2016-01-11 13:30:59.815	10501	10401	-73	-76	10	-1.43	83.76	2.448
2016-01-11 17:14:57.247	10501	10401	-73	-97	10
2016-01-11 18:47:25.422	10501	10401	-73	-76	13
2016-01-12 05:55:39.706	10501	10401	-76	-76	10	-3.39	84.01	2.448
2016-01-12 06:56:42.427	10501	10401	-76	-79	13	-3.09	84.08	2.448
2016-01-12 08:24:54.482	10501	10401	-79	-97	10	-2.6	84.25	2.448
2016-01-12 11:34:33.043	10501	10401	-76	-79	13	-0.74	85.19	2.427
2016-01-12 12:29:01.415	10501	10401	-82	-97	10	-0.14	85.47	2.391
2016-01-12 14:23:52.107	10501	10401	-79	-76	10	-0.89	83.96	2.448
2016-01-12 14:49:36.263	10501	10401	-82	-97	10
2016-01-12 15:04:08.746	10501	10401	-76	-97	10	-0.99	84.14	2.448
2016-01-12 15:34:53.138	10501	10401	-76	-76	10	-1.42	83.53	2.448
2016-01-12 15:50:43.674	10501	10401	-76	-76	10	-1.66	83.16	2.454
2016-01-12 16:36:44.755	10501	10401	-73	-76	12	-2.46	82.21	2.448
2016-01-13 15:09:55.311	10501	10401	-73	-97	10	-2.07	83.52	2.448
2016-01-13 15:26:37.258	10501	10401	-73	-76	10	-2.03	83.07	2.448
2016-01-13 15:28:49.254	10501	10401	-73	-97	10
2016-01-14 05:21:10.522	10501	10401	-76	-97	10
2016-01-14 05:31:47.426	10501	10401	-73	-97	10	-3.96	84.3	2.443
2016-01-14 07:25:59.298	10501	10401	-76	-97	10	-3.1	84.02	2.443
2016-01-14 08:20:15.607	10501	10401	-76	-97	10	-2.71	84.11	2.448
2016-01-14 08:25:53.903	10501	10401	-73	-97	10
2016-01-14 08:49:32.258	10501	10401	-76	-97	10
2016-01-14 09:27:12.651	10501	10401	-76	-76	10	-1.32	86.08	2.448
2016-01-14 09:58:21.126	10501	10401	-79	-97	10
2016-01-14 10:30:50.818	10501	10401	-82	-97	10	1.85	88.65	2.443
2016-01-14 11:04:03.106	10501	10401	-79	-97	10	3.65	89.24	2.438
2016-01-14 11:24:15.735	10501	10401	-76	-79	10	3.99	88.27	2.454
2016-01-14 11:30:48.823	10501	10401	-79	-79	10
2016-01-14 11:40:18.575	10501	10401	-82	-97	10
2016-01-14 11:52:30.975	10501	10401	-79	-79	10	5.07	87.38	2.454
2016-01-14 12:22:15.687	10501	10401	-79	-97	10	6.15	87.03	2.454
2016-01-14 12:50:11.367	10501	10401	-79	-97	10	7.86	88.34	2.459
2016-01-14 13:27:50.062	10501	10401	-79	-97	10	8.7	87.09	2.459
2016-01-14 13:58:10.542	10501	10401	-79	-97	10	8.92	85.66	2.454
2016-01-14 14:35:10.619	10501	10401	-79	-82	10	8.28	83.98	2.454
2016-01-14 14:56:00.419	10501	10401	-85	-97	10	8.79	84.61	2.459
2016-01-14 16:56:42.435	10501	10401	-79	-82	10	7.86	81.63	2.448
2016-01-14 17:30:21.774	10501	10401	-82	-82	10	6.96	82.0	2.443
2016-01-14 17:59:45.855	10501	10401	-79	-82	10	6.29	82.11	2.443
2016-01-14 18:38:31.058	10501	10401	-79	-82	10	5.45	82.4	2.448
2016-01-14 19:01:46.646	10501	10401	-79	-82	10	5.15	82.68	2.448
2016-01-14 19:24:37.695	10501	10401	-79	-79	10	4.93	82.89	2.448
2016-01-14 20:12:53.579	10501	10401	-79	-97	10
2016-01-14 20:34:33.407	10501	10401	-79	-97	10	4.14	83.19	2.448
