result_time	node_id	parent_id	stats_frssi	stats_brssi	etx	temperature	humidity	voltage
2015-12-01 00:02:51.842	21331	21831	-70	-62	10	6.96	49.26	3.694
2015-12-01 00:48:54.499	21331	21831	-69	-62	10	7.07	49.28	3.694
2015-12-01 01:08:10.378	21331	21831	-70	-62	10
2015-12-01 01:09:13.474	21331	21831	-69	-62	10
2015-12-01 01:27:03.615	21331	21831	-69	-62	10	7.14	49.28	3.694
2015-12-01 01:53:32.96	21331	21831	-69	-62	10	7.17	49.26	3.694
2015-12-01 02:43:07.738	21331	21831	-69	-62	10
2015-12-01 03:28:47.795	21331	21831	-69	-62	10	7.24	49.21	3.694
2015-12-01 04:09:03.466	21331	21831	-69	-62	10
2015-12-01 04:20:47.298	21331	21831	-69	-62	10	7.25	49.24	3.683
2015-12-01 05:25:48.698	21331	21831	-70	-62	10	7.07	49.28	3.694
2015-12-01 05:52:40.098	21331	21831	-70	-62	10	7.07	49.25	3.694
2015-12-01 05:52:56.798	21331	21831	-69	-62	10
2015-12-01 06:21:19.575	21331	21831	-69	-64	10	6.86	49.31	3.683
2015-12-01 07:08:53.587	21331	21831	-70	-64	10
2015-12-01 07:15:54.7	21331	21831	-69	-63	10	6.75	49.26	3.694
2015-12-01 08:21:28.746	21331	21831	-69	-63	10	6.85	49.31	3.694
2015-12-01 09:02:47.99	21331	21831	-69	-63	10
2015-12-01 09:57:42.262	21331	21831	-69	-64	10	7.42	49.38	3.694
2015-12-01 10:08:43.311	21331	21831	-69	-64	10
2015-12-01 10:37:43.807	21331	21831	-69	-63	10
2015-12-01 11:50:16.366	21331	21831	-69	-64	10	9.02	49.9	3.694
2015-12-01 12:12:39.103	21331	21831	-69	-64	10
2015-12-01 12:35:00.838	21331	21831	-71	-64	10	9.61	49.83	3.694
2015-12-01 12:45:24.59	21331	21831	-70	-64	10	9.68	49.84	3.694
2015-12-01 13:08:44.751	21331	21831	-70	-64	10
2015-12-01 13:32:50.63	21331	21831	-70	-64	10	10.39	49.84	3.683
2015-12-01 13:47:33.987	21331	21831	-70	-64	10
2015-12-01 14:05:58.903	21331	21831	-70	-64	10	10.92	49.85	3.694
2015-12-01 14:24:37.155	21331	21831	-70	-64	10	11.18	50.01	3.694
2015-12-01 14:51:25.978	21331	21831	-70	-64	10	11.4	50.07	3.694
2015-12-01 15:22:30.006	21331	21831	-71	-64	10
2015-12-01 15:26:09.934	21331	21831	-70	-64	10	11.99	50.11	3.694
2015-12-01 16:08:22.978	21331	21831	-70	-64	10
2015-12-01 16:21:10.338	21331	21831	-72	-64	10	12.15	50.14	3.694
2015-12-01 16:56:04.663	21331	21831	-71	-66	10	12.13	50.13	3.694
2015-12-01 16:57:25.87	21331	21831	-70	-65	10
2015-12-01 17:18:52.198	21331	21831	-71	-66	10	12.28	50.09	3.694
2015-12-01 18:03:51.25	21331	21831	-71	-65	10	12.47	50.18	3.694
2015-12-01 18:32:20.763	21331	21831	-70	-64	10
2015-12-01 19:32:55.818	21331	21831	-71	-65	10	13.17	50.4	3.705
2015-12-01 20:02:58.226	21331	21831	-71	-66	10	13.28	50.35	3.705
2015-12-01 20:07:26.692	21331	21831	-72	-66	10
2015-12-01 20:35:41.902	21331	21831	-71	-65	10	13.32	50.35	3.694
2015-12-01 21:01:32.746	21331	21831	-72	-65	10	13.43	50.37	3.694
2015-12-01 21:17:35.838	21331	21831	-71	-65	10	13.43	50.37	3.705
2015-12-01 21:42:11.907	21331	21831	-71	-65	10
2015-12-01 21:46:12.914	21331	21831	-71	-65	10	13.43	50.34	3.705
2015-12-01 22:08:02.302	21331	21831	-72	-66	10
2015-12-01 22:27:32.122	21331	21831	-71	-66	10	13.06	49.92	3.694
2015-12-01 23:17:09.202	21331	21831	-69	-65	10
2015-12-01 23:21:51.318	21331	21831	-71	-65	10	10.64	49.51	3.694
2015-12-02 00:04:40.139	21331	21831	-70	-66	10	9.89	49.31	3.694
2015-12-02 00:20:06.606	21331	21831	-71	-66	10	9.64	49.34	3.705
2015-12-02 00:47:48.246	21331	21831	-72	-66	10	9.28	49.32	3.694
2015-12-02 00:52:02.506	21331	21831	-72	-66	10
2015-12-02 01:07:51.714	21331	21831	-71	-66	10
2015-12-02 01:34:15.327	21331	21831	-71	-65	10	8.83	49.36	3.705
2015-12-02 02:01:58.346	21331	21831	-71	-65	10	8.42	49.45	3.694
2015-12-02 02:26:57.855	21331	21831	-71	-65	10
2015-12-02 02:28:48.415	21331	21831	-71	-65	10	8.21	49.4	3.694
2015-12-02 02:56:16.559	21331	21831	-71	-64	10	8.0	49.46	3.694
2015-12-02 03:15:15.218	21331	21831	-71	-64	10	7.93	49.51	3.694
2015-12-02 04:02:04.995	21331	21831	-70	-64	10
2015-12-02 04:03:50.795	21331	21831	-71	-64	10	7.57	49.56	3.694
2015-12-02 04:07:41.73	21331	21831	-70	-65	10
2015-12-02 04:18:25.839	21331	21831	-70	-64	10	7.5	49.48	3.694
2015-12-02 05:05:43.527	21331	21831	-71	-65	10	7.4	49.5	3.694
2015-12-02 05:33:15.563	21331	21831	-72	-66	10	7.32	49.49	3.694
2015-12-02 05:36:48.895	21331	21831	-71	-66	10
2015-12-02 05:51:42.858	21331	21831	-70	-65	10	7.22	49.54	3.694
2015-12-02 06:36:25.275	21331	21831	-71	-66	10	7.07	49.49	3.694
2015-12-02 07:05:59.018	21331	21831	-71	-65	10	7.08	49.52	3.694
2015-12-02 07:07:32.038	21331	21831	-71	-65	10
2015-12-02 07:11:44.339	21331	21831	-72	-66	10
2015-12-02 07:26:24.283	21331	21831	-72	-65	10	7.0	49.42	3.694
2015-12-02 07:58:53.99	21331	21831	-72	-66	10	6.78	49.42	3.694
2015-12-02 08:45:56.202	21331	21831	-71	-65	10	6.88	49.43	3.694
2015-12-02 08:46:40.53	21331	21831	-71	-65	10
2015-12-02 09:17:23.582	21331	21831	-70	-64	10	6.81	49.42	3.694
2015-12-02 09:50:12.742	21331	21831	-70	-64	10	7.04	49.46	3.694
2015-12-02 10:07:32.463	21331	21831	-70	-64	10
2015-12-02 10:16:04.458	21331	21831	-70	-64	10	7.18	49.41	3.694
2015-12-02 10:21:58.178	21331	21831	-70	-64	10
2015-12-02 10:45:01.603	21331	21831	-71	-65	10	7.33	49.43	3.694
2015-12-02 11:29:17.183	21331	21831	-71	-65	10	7.67	49.6	3.694
2015-12-02 11:56:43.334	21331	21831	-70	-64	10
2015-12-02 12:04:45.526	21331	21831	-70	-64	10	8.11	49.29	3.694
2015-12-02 12:22:28.794	21331	21831	-70	-64	10	8.1	49.26	3.694
2015-12-02 13:03:54.595	21331	21831	-71	-65	10	8.33	49.38	3.694
2015-12-02 13:07:22.814	21331	21831	-71	-65	10
2015-12-02 13:29:47.546	21331	21831	-70	-65	10	8.32	49.44	3.694
2015-12-02 13:31:27.302	21331	21831	-70	-65	10
2015-12-02 13:57:16.846	21331	21831	-70	-65	10	8.29	49.44	3.694
2015-12-02 14:31:24.374	21331	21831	-70	-64	10	8.17	49.33	3.694
2015-12-02 14:50:03.691	21331	21831	-70	-64	10	8.68	49.24	3.694
2015-12-02 15:06:22.806	21331	21831	-70	-64	10
2015-12-02 15:21:12.79	21331	21831	-70	-64	10	8.71	49.34	3.694
2015-12-02 15:49:48.778	21331	21831	-70	-64	10	8.61	49.3	3.694
2015-12-02 16:07:01.246	21331	21831	-70	-64	10
2015-12-02 16:34:35.159	21331	21831	-70	-64	10	8.2	49.46	3.694
2015-12-02 16:41:17.867	21331	21831	-70	-64	10
2015-12-02 16:45:47.754	21331	21831	-70	-64	10	8.17	49.36	3.683
2015-12-02 17:19:18.375	21331	21831	-70	-64	10	7.28	49.67	3.694
2015-12-02 18:16:13.654	21331	21831	-70	-64	10
2015-12-02 18:27:38.05	21331	21831	-69	-64	10	7.0	49.33	3.694
2015-12-02 18:54:08.959	21331	21831	-69	-64	10	6.25	49.47	3.683
2015-12-02 19:06:50.73	21331	21831	-70	-64	10
2015-12-02 19:19:07.335	21331	21831	-69	-64	10	5.78	49.68	3.694
2015-12-02 19:51:08.254	21331	21831	-70	-64	10
2015-12-02 19:56:40.795	21331	21831	-70	-64	10	5.51	49.1	3.683
2015-12-02 21:26:03.919	21331	21831	-69	-64	10
2015-12-02 22:00:50.252	21331	21831	-69	-64	10	4.64	49.07	3.683
2015-12-02 22:06:51.615	21331	21831	-69	-64	10
2015-12-02 23:00:59.988	21331	21831	-69	-62	10
2015-12-02 23:05:48.935	21331	21831	-68	-64	10	4.1	49.0	3.683
2015-12-02 23:18:59.781	21331	21831	-69	-63	10	4.0	48.99	3.683
2015-12-02 23:45:37.967	21331	21831	-69	-62	10	3.75	48.99	3.683
2015-12-03 00:35:55.166	21331	21831	-68	-63	10
2015-12-03 01:06:30.167	21331	21831	-68	-64	10
2015-12-03 01:21:15.374	21331	21831	-69	-64	10	1.83	48.37	3.683
2015-12-03 01:53:13.491	21331	21831	-69	-62	10	1.46	48.32	3.683
2015-12-03 02:21:24.4	21331	21831	-69	-62	10	1.17	48.61	3.683
2015-12-03 02:57:47.939	21331	21831	-68	-63	10	0.6	48.56	3.683
2015-12-03 03:44:53.47	21331	21831	-68	-62	10	0.45	48.63	3.683
2015-12-03 04:06:20.106	21331	21831	-67	-62	10
2015-12-03 04:57:09.626	21331	21831	-67	-62	10	0.5	48.67	3.672
2015-12-03 05:33:25.186	21331	21831	-68	-62	10	0.56	48.83	3.672
2015-12-03 06:17:13.194	21331	21831	-68	-62	10	0.68	48.76	3.672
2015-12-03 07:03:38.719	21331	21831	-67	-62	10	0.74	48.76	3.672
2015-12-03 07:53:51.158	21331	21831	-67	-62	10	0.85	48.75	3.672
2015-12-03 08:30:33.167	21331	21831	-68	-62	10
2015-12-03 09:36:54.303	21331	21831	-68	-62	10	1.6	48.55	3.672
2015-12-03 09:56:41.403	21331	21831	-70	-62	10	1.96	48.54	3.672
2015-12-03 10:25:42.011	21331	21831	-68	-62	10	2.7	48.87	3.672
2015-12-03 11:07:01.715	21331	21831	-68	-62	10	3.07	48.35	3.672
2015-12-03 11:40:24.29	21331	21831	-68	-64	10
2015-12-03 12:36:38.546	21331	21831	-68	-62	10	4.01	48.23	3.672
2015-12-03 12:51:06.322	21331	21831	-68	-62	10	3.7	48.43	3.672
2015-12-03 13:15:19.211	21331	21831	-68	-62	10
2015-12-03 13:55:47.234	21331	21831	-67	-62	10	4.01	48.26	3.672
2015-12-03 14:50:14.65	21331	21831	-68	-61	10
2015-12-03 16:07:01.25	21331	21831	-68	-61	10	4.01	48.69	3.672
2015-12-03 16:25:10.434	21331	21831	-68	-61	10
2015-12-03 17:15:03.387	21331	21831	-68	-60	10	3.68	48.88	3.694
2015-12-03 18:00:05.862	21331	21831	-68	-61	10
2015-12-03 19:05:30.158	21331	21831	-68	-61	10
2015-12-03 21:09:57.338	21331	21831	-68	-60	10
2015-12-03 22:05:19.218	21331	21831	-68	-60	10
2015-12-03 22:27:53.962	21331	21831	-68	-60	10	2.85	48.92	3.672
2015-12-03 23:21:07.782	21331	21831	-69	-61	10	2.78	48.92	3.672
2015-12-04 01:36:40.226	21331	21831	-68	-61	10	2.6	48.92	3.672
2015-12-04 01:54:59.122	21331	21831	-68	-61	10	2.61	48.95	3.672
2015-12-04 03:03:38.946	21331	21831	-68	-60	10	2.53	48.91	3.672
2015-12-04 03:34:58.33	21331	21831	-68	-61	10	2.51	48.94	3.672
2015-12-04 04:04:59.006	21331	21831	-68	-61	10
2015-12-04 04:54:55.262	21331	21831	-68	-61	10	2.51	48.91	3.661
2015-12-04 05:51:02.302	21331	21831	-68	-61	10	2.5	48.97	3.661
2015-12-04 06:16:15.002	21331	21831	-68	-60	10	2.49	48.94	3.661
2015-12-04 06:47:05.65	21331	21831	-68	-60	10	2.46	48.96	3.661
2015-12-04 07:53:53.406	21331	21831	-68	-61	10	2.42	48.96	3.661
2015-12-04 08:51:05.016	21331	21831	-69	-60	10	2.92	48.9	3.661
2015-12-04 09:58:09.106	21331	21831	-68	-62	10	3.76	48.72	3.661
2015-12-04 10:23:58.651	21331	21831	-68	-60	10	4.97	49.87	3.661
2015-12-04 12:34:00.978	21331	21831	-68	-62	10	8.5	50.14	3.672
2015-12-04 14:29:19.578	21331	21831	-71	-63	10	9.78	49.51	3.672
2015-12-04 14:58:55.267	21331	21831	-71	-64	10	9.56	49.36	3.661
2015-12-04 16:03:21.298	21331	21831	-69	-62	10	8.63	49.18	3.672
2015-12-04 16:09:02.507	21331	21831	-69	-62	10
2015-12-04 18:33:29.078	21331	21831	-68	-62	10	3.18	48.97	3.672
2015-12-04 19:04:07.898	21331	21831	-68	-61	10
2015-12-04 20:53:49.89	21331	21831	-68	-60	10
2015-12-04 22:03:57.894	21331	21831	-67	-60	10
2015-12-04 22:28:46.25	21331	21831	-67	-60	10
2015-12-05 00:48:52.25	21331	21831	-65	-58	10	-2.28	48.62	3.661
2015-12-05 01:03:48.406	21331	21831	-65	-58	10
2015-12-05 01:38:36.787	21331	21831	-64	-58	10
2015-12-05 01:50:59.319	21331	21831	-64	-58	10	-2.46	48.72	3.651
2015-12-05 03:13:32.882	21331	21831	-65	-55	10
2015-12-05 03:49:01.887	21331	21831	-64	-55	10	-3.2	48.56	3.694
2015-12-05 04:20:02.811	21331	21831	-64	-55	10	-3.11	48.42	3.651
2015-12-05 04:48:28.499	21331	21831	-64	-55	10
2015-12-05 05:28:13.947	21331	21831	-64	-54	10	-3.52	48.55	3.651
2015-12-05 05:45:45.487	21331	21831	-64	-54	10	-3.48	48.46	3.694
2015-12-05 06:23:24.139	21331	21831	-64	-54	10
2015-12-05 06:54:54.119	21331	21831	-64	-54	10	-3.92	48.49	3.651
2015-12-05 07:25:58.008	21331	21831	-64	-54	10	-4.03	48.53	3.651
2015-12-05 09:33:14.863	21331	21831	-64	-56	10
2015-12-05 10:03:18.291	21331	21831	-65	-58	10
2015-12-05 10:33:26.491	21331	21831	-67	-60	10	2.9	49.86	3.651
2015-12-05 11:30:42.443	21331	21831	-68	-60	10	6.43	52.14	3.651
2015-12-05 12:19:08.158	21331	21831	-69	-62	10	7.15	51.89	3.651
2015-12-05 12:43:06.494	21331	21831	-71	-63	10
2015-12-05 13:03:07.458	21331	21831	-72	-64	10
2015-12-05 13:47:38.195	21331	21831	-72	-64	10	9.21	49.87	3.651
2015-12-05 14:57:39.366	21331	21831	-73	-64	10	9.79	49.42	3.661
2015-12-05 16:29:33.054	21331	21831	-70	-62	10	7.36	49.59	3.661
2015-12-05 19:02:47.946	21331	21831	-69	-62	10
2015-12-05 19:05:20.571	21331	21831	-69	-61	10	1.7	48.74	3.651
2015-12-05 20:54:44.078	21331	21831	-68	-61	10	-0.28	48.72	3.651
2015-12-05 22:02:51.687	21331	21831	-67	-60	10	-1.07	48.46	3.651
2015-12-05 22:29:15.222	21331	21831	-67	-60	10	-1.24	48.59	3.651
2015-12-05 23:18:57.718	21331	21831	-66	-59	10	-1.96	48.34	3.651
2015-12-05 23:47:34.755	21331	21831	-66	-58	10
2015-12-06 00:33:30.042	21331	21831	-65	-56	10	-2.25	48.42	3.651
2015-12-06 01:05:24.554	21331	21831	-64	-58	10	-2.28	48.45	3.651
2015-12-06 01:31:59.454	21331	21831	-64	-58	10	-2.29	48.44	3.651
2015-12-06 01:59:01.926	21331	21831	-64	-56	10	-2.34	48.38	3.64
2015-12-06 02:18:43.571	21331	21831	-65	-56	10	-2.36	48.32	3.651
2015-12-06 02:57:26.042	21331	21831	-65	-56	10
2015-12-06 03:04:28.098	21331	21831	-64	-56	10	-2.53	48.26	3.651
2015-12-06 03:36:09.399	21331	21831	-65	-56	10	-2.66	48.22	3.64
2015-12-06 04:02:16.895	21331	21831	-65	-55	10
2015-12-06 04:24:29.454	21331	21831	-64	-55	10	-2.85	48.22	3.64
2015-12-06 04:47:48.451	21331	21831	-64	-55	10	-2.98	48.23	3.64
2015-12-06 06:07:17.695	21331	21831	-64	-55	10
2015-12-06 06:35:09.102	21331	21831	-64	-55	10	-3.14	48.18	3.64
2015-12-06 06:58:40.738	21331	21831	-64	-55	10	-3.18	48.18	3.64
2015-12-06 07:42:12.31	21331	21831	-64	-55	10
2015-12-06 08:19:18.402	21331	21831	-64	-55	10	-2.39	48.46	3.64
2015-12-06 09:15:45.391	21331	21831	-65	-58	10	-1.14	48.3	3.64
2015-12-06 09:17:18.71	21331	21831	-67	-58	10
2015-12-06 09:52:16.742	21331	21831	-66	-60	10	-0.17	48.49	3.64
2015-12-06 10:34:22.574	21331	21831	-67	-60	10	1.21	48.29	3.64
2015-12-06 10:59:44.662	21331	21831	-68	-61	10	2.89	48.0	3.64
2015-12-06 11:22:04.227	21331	21831	-68	-62	10	3.38	48.42	3.64
2015-12-06 11:48:11.394	21331	21831	-68	-62	10	4.65	49.83	3.64
2015-12-06 12:25:49.462	21331	21831	-70	-62	10	6.38	49.91	3.64
2015-12-06 12:26:59.539	21331	21831	-70	-63	10
2015-12-06 12:47:13.366	21331	21831	-70	-63	10	7.18	49.56	3.64
2015-12-06 13:01:47.41	21331	21831	-69	-62	10
2015-12-06 13:49:29.306	21331	21831	-71	-64	10	9.11	49.3	3.64
2015-12-06 14:31:50.771	21331	21831	-71	-62	10	9.68	49.22	3.651
2015-12-06 15:36:49.862	21331	21831	-70	-63	10
2015-12-06 16:07:10.655	21331	21831	-70	-63	10	8.25	49.59	3.651
2015-12-06 17:11:45.443	21331	21831	-70	-62	10
2015-12-06 19:30:35.262	21331	21831	-69	-62	10	2.32	49.12	3.651
2015-12-06 20:32:31.614	21331	21831	-68	-62	10	1.89	49.01	3.651
2015-12-06 22:21:49.464	21331	21831	-68	-61	10	0.54	48.74	3.64
2015-12-06 22:47:14.315	21331	21831	-68	-61	10	0.32	48.68	3.64
2015-12-06 23:46:51.939	21331	21831	-68	-61	10	-0.75	48.86	3.64
2015-12-07 01:06:23.575	21331	21831	-67	-60	10
2015-12-07 02:20:59.13	21331	21831	-66	-60	10	-1.54	48.78	3.64
2015-12-07 02:41:18.878	21331	21831	-66	-59	10
2015-12-07 03:33:02.907	21331	21831	-66	-58	10	-2.02	48.54	3.64
2015-12-07 04:00:56.399	21331	21831	-65	-58	10
2015-12-07 04:16:13.387	21331	21831	-65	-58	10
2015-12-07 04:27:54.518	21331	21831	-65	-58	10	-2.32	48.62	3.64
2015-12-07 05:22:24.886	21331	21831	-65	-58	10	-2.32	48.53	3.63
2015-12-07 06:04:13.399	21331	21831	-64	-58	10	-2.56	48.41	3.64
2015-12-07 06:21:42.823	21331	21831	-64	-58	10	-2.71	48.48	3.63
2015-12-07 07:04:59.638	21331	21831	-65	-56	10	-2.85	48.58	3.64
2015-12-07 07:26:05.358	21331	21831	-64	-56	10
2015-12-07 07:57:25.242	21331	21831	-64	-56	10	-2.79	48.64	3.63
2015-12-07 08:23:24.507	21331	21831	-65	-58	10	-2.11	48.71	3.63
2015-12-07 09:01:00.362	21331	21831	-67	-60	10
2015-12-07 09:45:01.422	21331	21831	-68	-60	10	0.96	48.91	3.63
2015-12-07 10:00:36.267	21331	21831	-68	-60	10
2015-12-07 10:33:29.062	21331	21831	-68	-60	10	2.89	48.54	3.64
2015-12-07 10:36:07.231	21331	21831	-68	-60	10
2015-12-07 11:31:06.571	21331	21831	-68	-62	10	5.43	48.63	3.63
2015-12-07 12:20:33.847	21331	21831	-69	-62	10	6.72	48.68	3.63
2015-12-07 13:00:26.147	21331	21831	-70	-62	10
2015-12-07 13:45:47.074	21331	21831	-71	-63	10
2015-12-07 13:51:40.67	21331	21831	-71	-64	10	9.29	49.27	3.64
2015-12-07 14:30:49.119	21331	21831	-71	-63	10	10.07	49.46	3.64
2015-12-07 15:20:42.807	21331	21831	-71	-64	10
2015-12-07 15:52:19.29	21331	21831	-70	-62	10	9.39	49.34	3.64
2015-12-07 16:00:15.623	21331	21831	-70	-62	10
2015-12-07 16:50:28.142	21331	21831	-69	-62	10	6.47	49.62	3.64
2015-12-07 17:28:41.886	21331	21831	-69	-62	10	4.92	49.32	3.64
2015-12-07 18:26:25.695	21331	21831	-69	-62	10	3.31	49.14	3.64
2015-12-07 19:00:05.927	21331	21831	-69	-62	10
2015-12-07 20:57:32.215	21331	21831	-67	-61	10	1.26	49.04	3.63
2015-12-07 21:59:55.578	21331	21831	-68	-61	10
2015-12-07 23:54:14.062	21331	21831	-68	-61	10	0.14	49.04	3.64
2015-12-08 00:50:15.442	21331	21831	-68	-60	10
2015-12-08 00:59:45.422	21331	21831	-68	-60	10
2015-12-08 02:25:11.93	21331	21831	-68	-60	10
2015-12-08 03:04:11.979	21331	21831	-67	-60	10	-1.25	48.64	3.63
2015-12-08 03:20:25.195	21331	21831	-66	-60	10	-1.53	48.52	3.63
2015-12-08 03:59:35.19	21331	21831	-67	-60	10
2015-12-08 04:27:58.087	21331	21831	-67	-60	10	-1.46	48.47	3.63
2015-12-08 05:35:02.308	21331	21831	-65	-59	10
2015-12-08 06:34:51.919	21331	21831	-67	-60	10	-1.0	48.86	3.63
2015-12-08 06:59:24.851	21331	21831	-66	-60	10
2015-12-08 07:06:42.874	21331	21831	-67	-60	10	-0.6	48.88	3.63
2015-12-08 07:23:14.411	21331	21831	-67	-60	10	-0.39	48.88	3.63
2015-12-08 08:15:47.926	21331	21831	-68	-61	10	0.31	49.03	3.63
2015-12-08 08:45:10.999	21331	21831	-68	-61	10	0.76	49.09	3.619
2015-12-08 09:45:13.919	21331	21831	-69	-62	10	1.89	49.28	3.63
2015-12-08 09:59:15.194	21331	21831	-68	-61	10
2015-12-08 10:19:58.119	21331	21831	-69	-62	10	3.0	49.19	3.63
2015-12-08 11:34:51.026	21331	21831	-69	-62	10	4.71	48.99	3.63
2015-12-08 12:00:39.135	21331	21831	-70	-62	10	5.01	48.91	3.63
2015-12-08 12:28:34.811	21331	21831	-69	-62	10	5.75	49.22	3.63
2015-12-08 12:55:36.71	21331	21831	-69	-62	10	6.21	48.98	3.63
2015-12-08 12:59:05.447	21331	21831	-70	-62	10
2015-12-08 13:31:46.358	21331	21831	-69	-62	10	6.11	49.09	3.63
2015-12-08 14:19:27.674	21331	21831	-69	-62	10	7.06	49.15	3.63
2015-12-08 14:56:54.587	21331	21831	-70	-62	10	7.38	49.23	3.63
2015-12-08 15:18:32.275	21331	21831	-70	-62	10	7.95	49.24	3.63
2015-12-08 15:58:55.187	21331	21831	-70	-62	10
2015-12-08 16:58:58.203	21331	21831	-69	-62	10	7.06	49.52	3.63
2015-12-08 17:26:58.692	21331	21831	-70	-62	10	7.03	49.51	3.63
2015-12-08 18:14:26.495	21331	21831	-69	-62	10
2015-12-08 18:34:04.307	21331	21831	-70	-62	10	5.93	49.49	3.63
2015-12-08 18:48:05.935	21331	21831	-70	-62	10	5.64	49.54	3.64
2015-12-08 18:58:44.147	21331	21831	-69	-62	10
2015-12-08 19:49:22.078	21331	21831	-69	-62	10
2015-12-08 19:57:26.131	21331	21831	-69	-62	10	4.06	49.24	3.63
2015-12-08 20:24:13.426	21331	21831	-69	-62	10	3.53	49.32	3.63
2015-12-08 21:01:07.914	21331	21831	-69	-62	10	3.33	49.23	3.63
2015-12-08 21:22:39.243	21331	21831	-69	-62	10	3.03	49.07	3.63
2015-12-08 21:24:17.399	21331	21831	-68	-62	10
2015-12-08 22:01:35.491	21331	21831	-68	-61	10	2.45	49.23	3.63
2015-12-08 22:36:18.143	21331	21831	-68	-61	10	2.1	48.92	3.63
2015-12-08 22:52:27.331	21331	21831	-68	-61	10	1.88	49.15	3.63
2015-12-08 22:59:12.659	21331	21831	-68	-61	10
2015-12-08 23:48:27.427	21331	21831	-68	-61	10	1.64	49.09	3.63
2015-12-09 00:23:09.706	21331	21831	-68	-61	10	1.21	49.22	3.63
2015-12-09 00:53:27.871	21331	21831	-68	-61	10	1.2	49.03	3.63
2015-12-09 01:18:53.091	21331	21831	-68	-61	10	1.1	48.96	3.63
2015-12-09 02:09:03.994	21331	21831	-67	-60	10
2015-12-09 02:20:44.506	21331	21831	-68	-60	10	0.6	49.13	3.63
2015-12-09 03:18:27.315	21331	21831	-67	-60	10	0.25	48.85	3.63
2015-12-09 03:58:14.202	21331	21831	-67	-60	10
2015-12-09 04:06:58.567	21331	21831	-68	-60	10	0.24	48.9	3.63
2015-12-09 04:52:10.939	21331	21831	-67	-60	10	0.06	49.09	3.63
2015-12-09 05:18:55.327	21331	21831	-67	-60	10
2015-12-09 05:27:48.751	21331	21831	-68	-60	10	0.15	49.04	3.619
2015-12-09 06:47:50.495	21331	21831	-68	-61	10	0.1	48.94	3.619
2015-12-09 06:58:03.984	21331	21831	-67	-61	10
2015-12-09 07:51:39.431	21331	21831	-68	-60	10	0.03	49.05	3.619
2015-12-09 08:36:13.451	21331	21831	-68	-61	10	0.97	49.39	3.619
2015-12-09 09:35:55.442	21331	21831	-68	-61	10	3.42	49.06	3.619
2015-12-09 10:03:41.663	21331	21831	-68	-60	10
2015-12-09 10:21:50.342	21331	21831	-68	-61	10	5.18	51.19	3.619
2015-12-09 11:20:51.834	21331	21831	-69	-62	10	8.28	51.14	3.619
2015-12-09 12:22:59.423	21331	21831	-70	-63	10	11.0	50.47	3.619
2015-12-09 12:57:44.111	21331	21831	-72	-64	10
2015-12-09 13:13:44.515	21331	21831	-71	-64	10
2015-12-09 13:35:03.022	21331	21831	-73	-64	10	13.61	50.46	3.63
2015-12-09 13:47:08.363	21331	21831	-72	-63	10	13.43	50.86	3.63
2015-12-09 14:48:28.922	21331	21831	-71	-64	10
2015-12-09 14:55:31.655	21331	21831	-71	-64	10	14.24	50.29	3.64
2015-12-09 15:57:33.351	21331	21831	-71	-63	10
2015-12-09 16:23:23.926	21331	21831	-71	-63	10
2015-12-09 16:28:20.374	21331	21831	-71	-63	10	12.54	50.25	3.64
2015-12-09 16:48:12.662	21331	21831	-71	-63	10	12.08	50.47	3.64
2015-12-09 17:36:14.438	21331	21831	-70	-63	10	11.52	50.21	3.64
2015-12-09 17:58:19.327	21331	21831	-70	-62	10
2015-12-09 18:57:23.194	21331	21831	-70	-63	10
2015-12-09 19:05:13.73	21331	21831	-70	-63	10	10.0	51.25	3.64
2015-12-09 19:33:15.155	21331	21831	-70	-62	10
2015-12-09 19:46:20.538	21331	21831	-69	-62	10	9.21	50.63	3.64
2015-12-09 20:25:58.523	21331	21831	-69	-62	10	8.79	50.48	3.64
2015-12-09 21:08:10.087	21331	21831	-69	-62	10
2015-12-09 21:18:41.882	21331	21831	-68	-62	10	8.53	50.26	3.64
2015-12-09 21:58:42.546	21331	21831	-68	-62	10	8.81	50.24	3.64
2015-12-09 22:43:05.906	21331	21831	-68	-62	10
2015-12-10 00:02:12.263	21331	21831	-69	-62	10	9.21	50.36	3.64
2015-12-10 00:18:16.127	21331	21831	-69	-62	10	9.21	50.39	3.64
2015-12-10 00:57:02.851	21331	21831	-69	-62	10
2015-12-10 01:27:52.278	21331	21831	-69	-62	10	9.2	50.29	3.64
2015-12-10 01:57:59.778	21331	21831	-68	-62	10	9.11	50.28	3.64
2015-12-10 02:49:03.59	21331	21831	-70	-62	10	8.25	50.41	3.64
2015-12-10 03:27:52.778	21331	21831	-69	-62	10
2015-12-10 03:46:13.091	21331	21831	-69	-62	10	7.26	50.24	3.64
2015-12-10 04:15:03.215	21331	21831	-69	-62	10	6.71	50.11	3.64
2015-12-10 04:52:44.65	21331	21831	-69	-62	10	5.97	49.86	3.64
2015-12-10 05:02:47.227	21331	21831	-69	-62	10
2015-12-10 05:34:21.038	21331	21831	-69	-62	10	5.56	50.01	3.63
2015-12-10 05:58:19.944	21331	21831	-69	-62	10	5.11	49.74	3.63
2015-12-10 06:24:32.094	21331	21831	-69	-62	10	4.85	49.65	3.63
2015-12-10 07:00:38.699	21331	21831	-69	-62	10	4.83	49.49	3.63
2015-12-10 08:02:29.455	21331	21831	-68	-62	10	5.1	49.98	3.63
2015-12-10 08:31:16.415	21331	21831	-69	-62	10	5.57	49.95	3.63
2015-12-10 09:00:46.043	21331	21831	-69	-62	10	6.9	49.92	3.63
2015-12-10 09:15:26.434	21331	21831	-69	-62	10	7.25	50.09	3.63
2015-12-10 09:47:36.358	21331	21831	-69	-62	10
2015-12-10 09:56:42.647	21331	21831	-69	-62	10	8.93	50.17	3.63
2015-12-10 10:32:56.596	21331	21831	-69	-62	10	10.52	50.71	3.63
2015-12-10 11:47:33.195	21331	21831	-69	-62	10	10.47	50.1	3.63
2015-12-10 17:17:01.45	21331	21831	-70	-62	10	10.36	50.51	3.64
2015-12-10 17:42:11.967	21331	21831	-70	-62	10
2015-12-10 17:51:35.506	21331	21831	-69	-62	10	9.65	50.2	3.64
2015-12-10 18:18:57.186	21331	21831	-69	-62	10	9.28	49.97	3.64
2015-12-10 20:52:03.07	21331	21831	-69	-62	10
2015-12-11 00:03:18.894	21331	21831	-70	-62	10	8.43	50.52	3.63
2015-12-11 03:30:02.791	21331	21831	-69	-62	10	7.21	50.36	3.63
2015-12-11 03:55:31.39	21331	21831	-69	-62	10
2015-12-11 04:06:12.223	21331	21831	-69	-62	10	7.49	50.3	3.63
2015-12-11 05:30:20.638	21331	21831	-70	-62	10	9.02	50.51	3.63
2015-12-11 06:21:36.382	21331	21831	-69	-62	10
2015-12-11 08:35:50.651	21331	21831	-70	-63	10	10.39	50.55	3.63
2015-12-11 09:36:32.138	21331	21831	-70	-63	10	11.58	50.37	3.63
2015-12-11 11:06:23.014	21331	21831	-71	-63	10
2015-12-11 11:24:56.19	21331	21831	-70	-64	10	13.9	50.68	3.63
2015-12-11 13:31:16.534	21331	21831	-71	-63	10	15.04	50.83	3.63
2015-12-11 13:57:17.018	21331	21831	-71	-64	10	15.14	50.78	3.63
2015-12-11 14:51:48.878	21331	21831	-71	-63	10	15.43	51.01	3.63
2015-12-11 15:21:37.768	21331	21831	-70	-64	10	15.65	50.79	3.64
2015-12-11 22:52:12.034	21331	21831	-70	-62	10	10.2	50.49	3.63
2015-12-12 00:05:39.018	21331	21831	-69	-62	10	9.86	50.56	3.63
2015-12-12 00:50:01.055	21331	21831	-69	-62	10	9.36	50.53	3.63
2015-12-12 01:20:41.106	21331	21831	-70	-62	10
2015-12-12 02:05:16.226	21331	21831	-70	-62	10	9.67	50.54	3.63
2015-12-12 03:54:09.051	21331	21831	-71	-63	10
2015-12-12 05:53:29.503	21331	21831	-70	-63	10	11.11	50.95	3.63
2015-12-12 06:49:58.53	21331	21831	-70	-63	10	11.17	50.93	3.619
2015-12-12 07:25:09.23	21331	21831	-70	-63	10	11.2	50.87	3.63
2015-12-12 07:40:23.41	21331	21831	-70	-63	10
2015-12-12 08:50:51.334	21331	21831	-71	-64	10	13.14	50.7	3.63
2015-12-12 11:29:01.81	21331	21831	-71	-65	10	18.97	51.33	3.63
2015-12-12 12:25:11.811	21331	21831	-73	-64	10
2015-12-12 12:53:38.082	21331	21831	-72	-64	10
2015-12-12 12:53:49.599	21331	21831	-72	-64	10
2015-12-12 15:35:01.135	21331	21831	-72	-64	10
2015-12-12 15:53:28.007	21331	21831	-72	-64	10
2015-12-12 17:09:56.702	21331	21831	-72	-64	10
2015-12-12 17:22:02.586	21331	21831	-72	-64	10	18.6	51.4	3.64
2015-12-12 18:44:51.627	21331	21831	-71	-64	10
2015-12-12 23:35:20.978	21331	21831	-72	-64	10	15.53	51.33	3.64
2015-12-13 02:52:27.423	21331	21831	-71	-64	10	14.65	51.28	3.64
2015-12-13 07:32:45.382	21331	21831	-71	-64	10	12.67	51.31	3.63
2015-12-13 09:32:43.59	21331	21831	-71	-64	10	14.89	51.15	3.63
2015-12-13 10:34:06.834	21331	21831	-72	-64	10
2015-12-13 12:09:01.639	21331	21831	-72	-64	10
2015-12-13 12:48:06.694	21331	21831	-73	-65	10	17.86	51.24	3.63
2015-12-13 12:52:28.566	21331	21831	-72	-64	10
2015-12-13 13:43:57.406	21331	21831	-73	-64	10
2015-12-13 14:22:09.002	21331	21831	-72	-64	10	18.29	51.27	3.63
2015-12-13 15:35:36.063	21331	21831	-72	-64	10	17.79	51.27	3.63
2015-12-13 19:03:19.482	21331	21831	-70	-63	10	13.33	51.04	3.63
2015-12-13 22:54:49.035	21331	21831	-70	-63	10	11.75	51.19	3.63
2015-12-13 23:24:26.575	21331	21831	-70	-63	10	11.68	51.06	3.619
2015-12-14 01:33:42.456	21331	21831	-70	-63	10	11.11	51.16	3.619
2015-12-14 06:05:01.986	21331	21831	-70	-62	10	10.43	51.16	3.619
2015-12-14 08:26:22.724	21331	21831	-70	-62	10	9.28	50.76	3.609
2015-12-14 10:23:01.058	21331	21831	-71	-64	10	15.46	51.29	3.609
2015-12-14 11:36:49.306	21331	21831	-71	-64	10	16.25	51.49	3.609
2015-12-14 13:17:43.543	21331	21831	-72	-65	10	17.54	51.26	3.609
2015-12-14 15:02:44.11	21331	21831	-71	-65	10
2015-12-14 15:50:44.678	21331	21831	-72	-66	10
2015-12-14 16:36:52.374	21331	21831	-71	-66	10	14.5	51.19	3.609
2015-12-14 16:37:42.207	21331	21831	-71	-66	10
2015-12-14 17:00:42.003	21331	21831	-72	-66	10	14.47	51.31	3.619
2015-12-14 17:25:14.514	21331	21831	-71	-66	10	14.25	51.53	3.619
2015-12-14 17:59:19.67	21331	21831	-71	-65	10	14.43	51.43	3.619
2015-12-14 18:12:35.346	21331	21831	-70	-66	10
2015-12-14 18:16:41.422	21331	21831	-70	-66	10	14.36	51.39	3.619
2015-12-14 18:50:33.762	21331	21831	-70	-64	10
2015-12-14 19:03:12.286	21331	21831	-70	-65	10	14.13	51.42	3.619
2015-12-14 19:15:49.69	21331	21831	-70	-64	10	14.02	51.56	3.609
2015-12-14 19:47:42.746	21331	21831	-70	-65	10
2015-12-14 20:19:23.286	21331	21831	-69	-64	10	13.58	51.47	3.609
2015-12-14 21:22:26.502	21331	21831	-70	-62	10
2015-12-14 22:57:22.274	21331	21831	-70	-63	10
2015-12-14 23:22:17.718	21331	21831	-70	-63	10	11.56	51.28	3.609
2015-12-15 00:29:53.058	21331	21831	-69	-62	10	10.82	50.88	3.609
2015-12-15 00:50:13.334	21331	21831	-70	-63	10
2015-12-15 01:59:06.61	21331	21831	-70	-62	10	9.96	50.79	3.609
2015-12-15 02:31:03.262	21331	21831	-70	-62	10	9.78	50.74	3.598
2015-12-15 03:35:52.878	21331	21831	-69	-62	10	8.5	50.68	3.598
2015-12-15 03:50:03.482	21331	21831	-70	-62	10
2015-12-15 04:37:17.726	21331	21831	-69	-62	10	8.28	50.62	3.598
2015-12-15 05:17:09.75	21331	21831	-69	-62	10
2015-12-15 05:33:55.058	21331	21831	-70	-62	10	7.88	50.63	3.598
2015-12-15 06:50:27.358	21331	21831	-69	-62	10	7.71	50.52	3.598
2015-12-15 07:33:13.986	21331	21831	-69	-62	10	7.39	50.59	3.598
2015-12-15 08:34:25.402	21331	21831	-69	-62	10	7.33	50.53	3.598
2015-12-15 09:05:20.219	21331	21831	-69	-62	10	7.36	50.47	3.588
2015-12-15 09:47:48.882	21331	21831	-69	-62	10	7.01	50.33	3.588
2015-12-15 11:22:54.994	21331	21831	-70	-62	10	7.74	50.16	3.588
2015-12-15 11:58:28.33	21331	21831	-70	-62	10	7.75	50.1	3.588
2015-12-15 12:25:12.594	21331	21831	-69	-62	10	7.7	50.09	3.588
2015-12-15 12:50:31.326	21331	21831	-69	-62	10	7.75	50.16	3.588
2015-12-15 13:32:16.098	21331	21831	-69	-63	10	7.79	50.16	3.588
2015-12-15 14:23:50.795	21331	21831	-70	-62	10	7.86	50.14	3.588
2015-12-15 15:03:02.562	21331	21831	-69	-62	10	7.68	50.15	3.588
2015-12-15 15:49:22.215	21331	21831	-69	-62	10
2015-12-15 15:52:16.711	21331	21831	-69	-62	10	7.5	50.18	3.578
2015-12-15 16:27:32.026	21331	21831	-70	-62	10	7.28	50.21	3.578
2015-12-15 17:21:54.931	21331	21831	-69	-62	10	6.92	50.29	3.578
2015-12-15 17:59:39.29	21331	21831	-68	-62	10	6.75	50.36	3.578
2015-12-15 18:18:51.631	21331	21831	-69	-62	10	6.7	50.35	3.578
2015-12-15 19:21:56.37	21331	21831	-69	-62	10	6.57	50.39	3.578
2015-12-15 20:34:49.022	21331	21831	-68	-62	10	6.45	50.43	3.578
2015-12-15 20:47:15.555	21331	21831	-70	-62	10	6.46	50.47	3.578
2015-12-15 21:27:28.366	21331	21831	-69	-62	10	6.4	50.4	3.578
2015-12-15 22:16:29.966	21331	21831	-69	-62	10	6.28	50.41	3.578
2015-12-16 00:19:02.75	21331	21831	-69	-62	10	6.0	50.37	3.578
2015-12-16 01:25:17.295	21331	21831	-70	-62	10	5.92	50.39	3.578
2015-12-16 01:51:04.75	21331	21831	-68	-62	10
2015-12-16 02:22:03.172	21331	21831	-69	-62	10	5.82	50.38	3.567
2015-12-16 03:33:15.854	21331	21831	-70	-62	10	5.76	50.34	3.567
2015-12-16 03:48:54.707	21331	21831	-69	-62	10
2015-12-16 04:30:59.034	21331	21831	-70	-62	10	5.7	50.36	3.567
2015-12-16 06:34:08.226	21331	21831	-69	-62	10	5.6	50.38	3.567
2015-12-16 06:48:32.37	21331	21831	-68	-62	10
2015-12-16 07:18:06.844	21331	21831	-70	-62	10	5.57	50.37	3.567
2015-12-16 08:02:36.367	21331	21831	-70	-62	10	5.53	50.34	3.567
2015-12-16 11:20:38.274	21331	21831	-70	-64	10
2015-12-16 12:48:10.383	21331	21831	-71	-64	10
2015-12-16 13:00:45.914	21331	21831	-72	-64	10	13.75	51.09	3.567
2015-12-16 13:23:05.614	21331	21831	-73	-66	10	14.07	50.95	3.567
2015-12-16 14:30:30.499	21331	21831	-74	-66	10
2015-12-16 15:48:12.495	21331	21831	-72	-64	10
2015-12-16 16:05:37.314	21331	21831	-71	-64	10
2015-12-16 17:40:20.679	21331	21831	-70	-63	10
2015-12-16 18:47:50.286	21331	21831	-70	-63	10
2015-12-16 19:15:15.882	21331	21831	-70	-63	10
2015-12-16 20:24:53.342	21331	21831	-71	-63	10	9.0	50.84	3.567
2015-12-16 20:50:12.334	21331	21831	-71	-63	10
2015-12-16 21:51:54.53	21331	21831	-70	-63	10	8.82	50.88	3.567
2015-12-16 23:52:24.279	21331	21831	-70	-63	10	7.99	50.98	3.567
2015-12-17 00:00:14.358	21331	21831	-70	-62	10
2015-12-17 00:47:30.496	21331	21831	-70	-62	10
2015-12-17 01:18:08.546	21331	21831	-70	-63	10	8.03	50.92	3.567
2015-12-17 01:34:58.315	21331	21831	-70	-62	10
2015-12-17 02:00:39.799	21331	21831	-70	-62	10	8.6	50.73	3.567
2015-12-17 03:47:20.162	21331	21831	-71	-62	10
2015-12-17 04:01:00.418	21331	21831	-70	-63	10	9.24	50.85	3.557
2015-12-17 04:33:39.902	21331	21831	-70	-63	10	8.97	51.66	3.557
2015-12-17 05:03:36.446	21331	21831	-69	-64	10	8.75	51.63	3.567
2015-12-17 05:47:47.022	21331	21831	-69	-64	10	8.68	51.1	3.567
2015-12-17 06:32:25.947	21331	21831	-70	-64	10	8.78	50.93	3.557
2015-12-17 06:47:09.282	21331	21831	-70	-64	10
2015-12-17 07:03:24.871	21331	21831	-70	-64	10	8.89	50.89	3.557
2015-12-17 07:32:44.246	21331	21831	-70	-64	10	9.06	50.94	3.557
2015-12-17 07:54:39.967	21331	21831	-70	-64	10
2015-12-17 08:46:06.666	21331	21831	-70	-64	10	9.2	50.9	3.557
2015-12-17 09:29:36.067	21331	21831	-70	-64	10
2015-12-17 10:05:13.851	21331	21831	-70	-64	10	9.6	50.92	3.557
2015-12-17 10:26:12.814	21331	21831	-69	-64	10	9.68	50.91	3.557
2015-12-17 11:04:31.623	21331	21831	-70	-64	10
2015-12-17 12:26:07.21	21331	21831	-69	-64	10	10.1	50.99	3.557
2015-12-17 12:39:38.28	21331	21831	-70	-64	10
2015-12-17 12:48:07.294	21331	21831	-70	-64	10	10.18	50.97	3.557
2015-12-17 13:27:19.099	21331	21831	-70	-64	10	10.53	50.99	3.557
2015-12-17 14:07:43.052	21331	21831	-70	-64	10	10.56	50.99	3.557
2015-12-17 14:14:38.494	21331	21831	-70	-64	10
2015-12-17 14:22:58.958	21331	21831	-70	-64	10	9.7	50.33	3.557
2015-12-17 15:07:51.93	21331	21831	-70	-64	10	8.24	50.04	3.557
2015-12-17 15:49:17.359	21331	21831	-71	-64	10
2015-12-17 16:07:49.247	21331	21831	-70	-64	10	7.2	49.96	3.557
2015-12-17 17:03:22.218	21331	21831	-70	-64	10	6.25	50.08	3.547
2015-12-17 17:23:41.642	21331	21831	-69	-64	10	6.03	50.23	3.547
2015-12-17 17:24:12.93	21331	21831	-69	-64	10
2015-12-17 18:06:30.546	21331	21831	-69	-64	10	5.1	50.28	3.547
2015-12-17 18:32:42.946	21331	21831	-69	-63	10	4.38	50.42	3.547
2015-12-17 18:46:29.242	21331	21831	-69	-63	10
2015-12-17 18:52:00.37	21331	21831	-69	-63	10	3.89	50.3	3.547
2015-12-17 18:59:08.371	21331	21831	-69	-64	10
2015-12-17 19:24:11.118	21331	21831	-69	-63	10	3.1	50.13	3.547
2015-12-17 20:01:30.603	21331	21831	-69	-63	10	2.92	50.01	3.547
2015-12-17 20:18:23.667	21331	21831	-68	-63	10	2.89	50.04	3.547
2015-12-17 20:34:15.259	21331	21831	-68	-62	10
2015-12-17 20:47:21.459	21331	21831	-68	-62	10	2.61	49.79	3.547
2015-12-17 22:30:59.891	21331	21831	-68	-62	10	1.81	49.71	3.537
2015-12-17 22:49:21.739	21331	21831	-68	-62	10	1.67	49.7	3.537
2015-12-17 23:23:47.315	21331	21831	-69	-62	10	1.5	49.64	3.537
2015-12-17 23:43:55.287	21331	21831	-68	-62	10
2015-12-18 00:03:22.735	21331	21831	-68	-62	10	1.29	49.58	3.537
2015-12-18 00:46:08.366	21331	21831	-68	-62	10
2015-12-18 02:22:07.114	21331	21831	-68	-60	10	0.5	49.48	3.527
2015-12-18 03:00:58.127	21331	21831	-67	-60	10	0.33	49.51	3.537
2015-12-18 03:30:21.691	21331	21831	-67	-60	10	0.25	49.47	3.527
2015-12-18 06:27:25.411	21331	21831	-67	-60	10	-0.03	49.55	3.527
2015-12-18 07:37:43.347	21331	21831	-68	-60	10	-0.2	49.5	3.527
2015-12-18 08:06:00.842	21331	21831	-67	-60	10	-0.24	49.52	3.527
2015-12-18 09:13:39.934	21331	21831	-67	-60	10
2015-12-18 09:23:10.119	21331	21831	-68	-60	10	-0.03	49.46	3.517
2015-12-18 10:48:40.283	21331	21831	-68	-61	10
2015-12-18 10:54:36.206	21331	21831	-68	-60	10	0.65	49.14	3.517
2015-12-18 12:30:11.555	21331	21831	-68	-60	10	1.25	48.59	3.517
2015-12-18 12:54:33.067	21331	21831	-68	-60	10	0.92	48.64	3.517
2015-12-18 13:49:30.279	21331	21831	-68	-61	10	1.28	48.77	3.517
2015-12-18 14:46:36.572	21331	21831	-67	-61	10	0.15	48.83	3.517
2015-12-18 15:33:10.111	21331	21831	-68	-60	10
2015-12-18 15:45:17.274	21331	21831	-68	-61	10
2015-12-18 17:52:56.858	21331	21831	-67	-60	10	-1.03	49.27	3.507
2015-12-18 18:43:01.182	21331	21831	-66	-60	10
2015-12-18 19:18:13.163	21331	21831	-66	-60	10	-1.38	49.22	3.507
2015-12-18 21:36:58.106	21331	21831	-65	-58	10	-2.0	49.08	3.507
2015-12-18 21:49:47.743	21331	21831	-67	-58	10	-2.09	49.09	3.507
2015-12-19 00:44:47.511	21331	21831	-64	-55	10
2015-12-19 03:44:37.651	21331	21831	-64	-54	10
2015-12-19 04:37:03.134	21331	21831	-66	-54	10	-3.91	49.23	3.498
2015-12-19 05:21:13.038	21331	21831	-64	-54	10	-4.21	49.36	3.498
2015-12-19 06:16:23.65	21331	21831	-64	-54	10	-4.35	49.4	3.488
2015-12-19 06:51:11.41	21331	21831	-65	-54	10	-4.43	49.33	3.498
2015-12-19 07:36:38.022	21331	21831	-64	-54	10	-3.88	49.64	3.488
2015-12-19 07:50:00.37	21331	21831	-64	-54	10	-3.85	49.53	3.488
2015-12-19 08:55:08.835	21331	21831	-65	-55	10	-2.74	49.45	3.488
2015-12-19 08:57:23.834	21331	21831	-64	-55	10
2015-12-19 09:21:59.138	21331	21831	-64	-55	10	-2.38	49.5	3.488
2015-12-19 09:44:16.983	21331	21831	-64	-56	10
2015-12-19 10:30:58.326	21331	21831	-65	-58	10	-0.28	50.46	3.488
2015-12-19 10:53:00.747	21331	21831	-66	-60	10	0.88	50.06	3.488
2015-12-19 11:50:15.947	21331	21831	-66	-60	10	1.71	50.77	3.488
2015-12-19 12:07:11.51	21331	21831	-67	-60	10
2015-12-19 12:17:30.999	21331	21831	-67	-60	10	1.36	49.21	3.488
2015-12-19 12:44:06.967	21331	21831	-67	-60	10
2015-12-19 13:04:36.111	21331	21831	-67	-60	10	0.24	48.96	3.488
2015-12-19 14:04:28.242	21331	21831	-66	-60	10	0.14	48.65	3.488
2015-12-19 15:43:56.891	21331	21831	-67	-60	10
2015-12-19 17:02:33.131	21331	21831	-66	-60	10	-0.79	49.33	3.488
2015-12-19 17:33:21.15	21331	21831	-66	-60	10	-1.16	49.43	3.488
2015-12-19 18:21:57.302	21331	21831	-66	-58	10	-1.71	49.53	3.488
2015-12-19 18:43:46.579	21331	21831	-66	-59	10
2015-12-19 19:59:56.606	21331	21831	-65	-58	10	-2.32	49.62	3.488
2015-12-19 20:18:46.07	21331	21831	-65	-58	10	-2.45	49.55	3.488
2015-12-19 21:36:45.63	21331	21831	-65	-56	10
2015-12-19 21:56:21.138	21331	21831	-64	-55	10	-3.23	49.29	3.488
2015-12-19 22:58:57.602	21331	21831	-64	-54	10	-3.68	49.49	3.478
2015-12-19 23:11:41.003	21331	21831	-64	-54	10
2015-12-19 23:54:31.27	21331	21831	-64	-54	10	-4.25	49.33	3.478
2015-12-20 00:43:26.171	21331	21831	-64	-59	10
2015-12-20 00:53:37.106	21331	21831	-63	-59	10	-5.04	49.07	3.478
2015-12-20 01:35:53.979	21331	21831	-62	-59	10	-5.64	49.14	3.478
2015-12-20 01:53:55.946	21331	21831	-63	-59	10	-5.84	49.17	3.478
2015-12-20 02:34:48.267	21331	21831	-63	-59	10	-5.78	49.15	3.478
2015-12-20 02:57:45.366	21331	21831	-63	-59	10	-5.74	49.21	3.469
2015-12-20 03:43:15.822	21331	21831	-63	-59	10
2015-12-20 03:56:27.014	21331	21831	-62	-59	10
2015-12-20 05:21:02.91	21331	21831	-63	-59	10	-6.3	49.31	3.469
2015-12-20 06:07:05.298	21331	21831	-63	-59	10	-6.53	49.48	3.469
2015-12-20 07:06:18.838	21331	21831	-63	-59	10
2015-12-20 09:42:57.459	21331	21831	-64	-55	10
2015-12-20 10:01:15.087	21331	21831	-65	-58	10	-1.89	49.74	3.459
2015-12-20 10:16:20.754	21331	21831	-65	-55	10
2015-12-20 10:31:08.415	21331	21831	-66	-58	10	0.32	50.28	3.469
2015-12-20 11:07:27.806	21331	21831	-68	-59	10	1.42	49.9	3.469
2015-12-20 12:07:57.719	21331	21831	-67	-60	10	2.96	50.56	3.469
2015-12-20 12:23:02.678	21331	21831	-66	-60	10	3.21	50.8	3.469
2015-12-20 13:26:03.462	21331	21831	-69	-61	10
2015-12-20 13:58:05.003	21331	21831	-69	-61	10	4.64	49.68	3.478
2015-12-20 14:16:26.57	21331	21831	-70	-62	10	5.42	49.72	3.478
2015-12-20 15:06:12.075	21331	21831	-69	-62	10	4.78	49.52	3.478
2015-12-20 16:35:52.383	21331	21831	-68	-62	10
2015-12-20 18:52:12.002	21331	21831	-68	-60	10	0.2	49.32	3.478
2015-12-20 21:20:38.758	21331	21831	-68	-60	10
2015-12-20 21:42:15.686	21331	21831	-67	-60	10
2015-12-20 22:55:34.763	21331	21831	-67	-60	10
2015-12-20 23:52:02.118	21331	21831	-68	-60	10	1.51	49.88	3.469
2015-12-21 01:19:03.335	21331	21831	-68	-61	10	2.88	50.22	3.469
2015-12-21 01:50:34.922	21331	21831	-68	-61	10	3.04	50.24	3.469
2015-12-21 02:24:38.838	21331	21831	-68	-61	10	3.29	50.21	3.469
2015-12-21 03:37:36.054	21331	21831	-68	-61	10	4.07	50.26	3.478
2015-12-21 03:41:56.175	21331	21831	-68	-61	10
2015-12-21 05:15:16.515	21331	21831	-69	-62	10
2015-12-21 06:21:40.107	21331	21831	-69	-62	10	5.36	50.44	3.478
2015-12-21 06:50:12.406	21331	21831	-69	-62	10
2015-12-21 07:37:50.655	21331	21831	-70	-62	10	6.33	50.54	3.478
2015-12-21 07:58:46.351	21331	21831	-70	-62	10	6.46	50.56	3.478
2015-12-21 08:36:21.858	21331	21831	-70	-62	10	6.56	50.42	3.478
2015-12-21 09:23:56.707	21331	21831	-69	-62	10	7.33	50.53	3.478
2015-12-21 09:50:25.895	21331	21831	-69	-62	10	7.9	50.6	3.478
2015-12-21 10:32:51.59	21331	21831	-69	-62	10	8.78	50.72	3.478
2015-12-21 11:33:41.426	21331	21831	-70	-62	10	10.02	50.98	3.478
2015-12-21 12:17:28.799	21331	21831	-69	-62	10	10.07	50.78	3.478
2015-12-21 13:02:00.063	21331	21831	-69	-62	10	9.96	50.76	3.488
2015-12-21 13:09:53.299	21331	21831	-69	-62	10
2015-12-21 14:25:31.767	21331	21831	-70	-62	10	9.43	50.81	3.488
2015-12-21 15:00:45.547	21331	21831	-69	-62	10	8.64	51.13	3.488
2015-12-21 15:41:14.583	21331	21831	-69	-62	10
2015-12-21 17:17:10.459	21331	21831	-69	-62	10	9.46	51.21	3.488
2015-12-21 18:18:01.663	21331	21831	-70	-62	10	10.18	51.28	3.488
2015-12-21 19:29:35.635	21331	21831	-70	-63	10
2015-12-21 21:16:54.063	21331	21831	-70	-63	10	10.1	51.18	3.488
2015-12-21 23:52:29.114	21331	21831	-70	-63	10	10.46	51.29	3.488
2015-12-22 00:26:09.91	21331	21831	-69	-62	10	10.46	51.32	3.488
2015-12-22 00:40:43.811	21331	21831	-70	-63	10
2015-12-22 01:57:21.543	21331	21831	-70	-63	10	10.86	51.31	3.488
2015-12-22 02:32:03.763	21331	21831	-70	-64	10	10.68	51.41	3.488
2015-12-22 03:20:58.511	21331	21831	-70	-63	10	10.82	51.3	3.488
2015-12-22 03:24:24.746	21331	21831	-70	-63	10
2015-12-22 03:40:45.742	21331	21831	-70	-64	10
2015-12-22 04:07:01.271	21331	21831	-70	-63	10	10.96	51.32	3.488
2015-12-22 04:25:59.266	21331	21831	-70	-64	10	11.02	51.36	3.488
2015-12-22 04:56:19.987	21331	21831	-70	-64	10	11.17	51.38	3.488
2015-12-22 04:59:08.661	21331	21831	-70	-63	10
2015-12-22 05:15:50.262	21331	21831	-70	-64	10	11.28	51.43	3.488
2015-12-22 05:57:17.722	21331	21831	-70	-64	10	11.39	51.41	3.488
2015-12-22 06:16:51.222	21331	21831	-70	-63	10	11.45	51.45	3.488
2015-12-22 06:34:04.314	21331	21831	-70	-63	10
2015-12-22 06:40:35.534	21331	21831	-70	-64	10
2015-12-22 06:52:43.591	21331	21831	-70	-63	10	11.54	51.4	3.488
2015-12-22 07:29:01.454	21331	21831	-70	-62	10	11.57	51.47	3.488
2015-12-22 08:07:44.271	21331	21831	-70	-62	10	11.77	51.5	3.488
2015-12-22 08:08:59.29	21331	21831	-70	-62	10
2015-12-22 08:27:32.03	21331	21831	-70	-63	10	11.85	51.54	3.488
2015-12-22 08:47:22.59	21331	21831	-70	-63	10	11.92	51.52	3.488
2015-12-22 09:22:02.559	21331	21831	-70	-63	10	12.22	51.5	3.488
2015-12-22 09:40:25.243	21331	21831	-70	-62	10
2015-12-22 09:43:54.43	21331	21831	-70	-63	10
2015-12-22 10:04:14.619	21331	21831	-70	-62	10	12.54	51.75	3.488
2015-12-22 10:31:27.655	21331	21831	-69	-64	10	12.77	51.66	3.488
2015-12-22 10:59:47.882	21331	21831	-70	-63	10	13.06	51.61	3.488
2015-12-22 11:16:52.034	21331	21831	-70	-63	10	13.0	51.48	3.488
2015-12-22 11:18:50.346	21331	21831	-70	-64	10
2015-12-22 11:59:42.718	21331	21831	-70	-62	10	14.42	51.64	3.488
2015-12-22 12:32:05.546	21331	21831	-70	-64	10	15.32	51.43	3.488
2015-12-22 12:53:45.932	21331	21831	-70	-63	10
2015-12-22 13:22:14.011	21331	21831	-70	-63	10	15.7	51.11	3.488
2015-12-22 13:53:37.183	21331	21831	-70	-63	10	14.83	51.27	3.488
2015-12-22 14:28:41.162	21331	21831	-70	-64	10
2015-12-22 14:56:22.755	21331	21831	-71	-63	10	15.13	51.4	3.488
2015-12-22 15:25:12.015	21331	21831	-72	-62	10	15.25	51.79	3.488
2015-12-22 15:40:03.974	21331	21831	-70	-64	10
2015-12-22 15:51:04.622	21331	21831	-70	-62	10	14.97	51.63	3.498
2015-12-22 16:03:37.527	21331	21831	-70	-62	10
2015-12-22 16:17:01.799	21331	21831	-70	-63	10	14.85	51.67	3.488
2015-12-22 16:46:36.282	21331	21831	-69	-62	10	13.64	51.75	3.488
2015-12-22 17:27:03.775	21331	21831	-69	-62	10	11.89	51.45	3.498
2015-12-22 17:38:32.647	21331	21831	-69	-62	10
2015-12-22 18:01:58.815	21331	21831	-70	-62	10	11.18	51.2	3.488
2015-12-22 18:15:40.878	21331	21831	-69	-62	10	10.89	51.1	3.488
2015-12-22 18:39:42.839	21331	21831	-69	-62	10
2015-12-22 18:54:42.594	21331	21831	-69	-62	10	10.25	51.29	3.488
2015-12-22 19:13:27.982	21331	21831	-69	-62	10
2015-12-22 19:31:05.539	21331	21831	-69	-62	10	9.52	51.34	3.488
2015-12-22 19:56:20.822	21331	21831	-69	-62	10	9.42	51.23	3.488
2015-12-22 20:32:49.182	21331	21831	-69	-62	10	9.25	51.03	3.488
2015-12-22 20:48:24.883	21331	21831	-69	-62	10
2015-12-22 20:52:02.095	21331	21831	-68	-62	10	9.15	51.08	3.488
2015-12-22 21:19:57.502	21331	21831	-68	-62	10	8.96	51.17	3.478
2015-12-22 21:39:33.007	21331	21831	-69	-62	10
2015-12-22 22:00:33.014	21331	21831	-69	-62	10	8.96	51.08	3.478
2015-12-22 22:23:19.178	21331	21831	-69	-62	10
2015-12-22 22:33:31.906	21331	21831	-69	-62	10	8.68	51.07	3.478
2015-12-22 22:54:14.479	21331	21831	-69	-62	10	8.68	51.13	3.478
2015-12-22 23:22:09.247	21331	21831	-69	-62	10	8.58	51.06	3.478
2015-12-22 23:58:14.366	21331	21831	-69	-62	10
2015-12-23 00:02:28.218	21331	21831	-69	-62	10	8.68	51.25	3.478
2015-12-23 00:26:42.29	21331	21831	-69	-62	10	8.71	51.14	3.478
2015-12-23 00:39:22.13	21331	21831	-69	-62	10
2015-12-23 00:49:21.318	21331	21831	-69	-62	10	8.5	51.17	3.478
2015-12-23 01:27:23.931	21331	21831	-69	-62	10	8.64	51.19	3.478
2015-12-23 01:33:10.07	21331	21831	-69	-62	10
2015-12-23 01:48:34.53	21331	21831	-69	-62	10	8.64	51.13	3.478
2015-12-23 02:26:38.87	21331	21831	-69	-62	10	8.54	51.24	3.469
2015-12-23 02:53:44.782	21331	21831	-69	-62	10	8.52	51.29	3.478
2015-12-23 03:08:04.966	21331	21831	-69	-62	10
2015-12-23 03:31:14.882	21331	21831	-69	-62	10	8.57	51.18	3.469
2015-12-23 03:39:11.755	21331	21831	-69	-62	10
2015-12-23 04:04:04.43	21331	21831	-69	-62	10	8.5	51.17	3.469
2015-12-23 04:29:11.31	21331	21831	-69	-62	10	8.53	51.3	3.469
2015-12-23 04:43:01.043	21331	21831	-69	-62	10
2015-12-23 04:45:45.651	21331	21831	-69	-62	10	8.42	51.25	3.469
2015-12-23 05:23:30.27	21331	21831	-68	-62	10	8.46	51.16	3.469
2015-12-23 05:56:48.022	21331	21831	-68	-62	10	8.33	51.3	3.469
2015-12-23 06:16:22.398	21331	21831	-69	-62	10	8.25	51.2	3.469
2015-12-23 06:17:56.114	21331	21831	-69	-62	10
2015-12-23 06:39:01.97	21331	21831	-69	-62	10
2015-12-23 06:50:46.415	21331	21831	-69	-62	10	8.0	51.28	3.469
2015-12-23 07:32:55.091	21331	21831	-68	-62	10	8.11	51.15	3.469
2015-12-23 07:52:51.434	21331	21831	-69	-62	10
2015-12-23 08:06:15.363	21331	21831	-69	-62	10	8.18	51.13	3.469
2015-12-23 08:36:14.647	21331	21831	-69	-62	10	8.68	51.19	3.469
2015-12-23 09:06:34.714	21331	21831	-69	-62	10	9.75	51.22	3.459
2015-12-23 09:27:47.546	21331	21831	-69	-62	10
2015-12-23 09:31:32.55	21331	21831	-69	-62	10	10.57	51.33	3.469
2015-12-23 09:38:52.219	21331	21831	-69	-62	10
2015-12-23 10:02:19.505	21331	21831	-70	-62	10	11.46	51.51	3.469
2015-12-23 10:33:57.939	21331	21831	-70	-62	10	12.64	51.46	3.459
2015-12-23 10:56:22.071	21331	21831	-70	-62	10	13.21	51.69	3.469
2015-12-23 11:02:42.958	21331	21831	-70	-62	10
2015-12-23 11:30:37.171	21331	21831	-70	-63	10	14.07	51.81	3.469
2015-12-23 12:04:17.29	21331	21831	-70	-62	10	15.14	51.81	3.469
2015-12-23 12:25:01.411	21331	21831	-71	-64	10	15.6	51.87	3.469
2015-12-23 12:37:38.499	21331	21831	-71	-63	10
2015-12-23 12:38:42.063	21331	21831	-71	-63	10
2015-12-23 12:55:07.146	21331	21831	-70	-63	10	16.46	51.64	3.469
2015-12-23 13:37:30.187	21331	21831	-71	-64	10	16.92	51.86	3.469
2015-12-23 13:53:18.407	21331	21831	-71	-64	10	17.04	51.85	3.469
2015-12-23 14:12:34.294	21331	21831	-71	-64	10
2015-12-23 14:34:02.835	21331	21831	-70	-64	10	17.29	51.88	3.469
2015-12-23 15:07:29.911	21331	21831	-71	-64	10	17.38	51.89	3.478
2015-12-23 15:25:02.059	21331	21831	-72	-64	10	17.24	51.87	3.478
2015-12-23 15:38:31.394	21331	21831	-71	-64	10
2015-12-23 15:47:29.283	21331	21831	-71	-64	10
2015-12-23 15:48:41.391	21331	21831	-71	-64	10	17.1	51.95	3.478
2015-12-23 16:17:26.899	21331	21831	-71	-64	10	16.81	51.88	3.478
2015-12-23 16:51:13.782	21331	21831	-71	-64	10	16.15	51.94	3.478
2015-12-23 17:22:36.411	21331	21831	-70	-64	10
2015-12-23 17:36:33.031	21331	21831	-71	-63	10	15.61	51.9	3.478
2015-12-23 18:01:41.871	21331	21831	-70	-63	10	15.33	51.92	3.478
2015-12-23 18:31:02.931	21331	21831	-70	-64	10	15.14	51.84	3.469
2015-12-23 18:38:21.015	21331	21831	-70	-63	10
2015-12-23 18:55:07.787	21331	21831	-70	-63	10	14.95	51.93	3.478
2015-12-23 18:57:20.246	21331	21831	-70	-63	10
2015-12-23 19:31:31.979	21331	21831	-70	-63	10	14.57	51.85	3.478
2015-12-23 20:03:48.655	21331	21831	-70	-63	10	14.35	51.76	3.478
2015-12-23 20:21:15.162	21331	21831	-70	-62	10	14.29	52.03	3.478
2015-12-23 20:32:15.322	21331	21831	-70	-63	10
2015-12-23 20:54:30.827	21331	21831	-70	-62	10	14.36	51.88	3.478
2015-12-23 21:38:10.383	21331	21831	-70	-63	10
2015-12-23 22:07:24.063	21331	21831	-70	-63	10
2015-12-23 22:07:56.075	21331	21831	-70	-63	10	13.85	51.9	3.469
2015-12-23 22:20:26.867	21331	21831	-70	-63	10	13.88	52.03	3.469
2015-12-23 22:55:52.59	21331	21831	-70	-64	10	14.28	51.96	3.469
2015-12-23 23:22:31.291	21331	21831	-71	-64	10	15.13	52.05	3.469
2015-12-23 23:42:06.255	21331	21831	-71	-64	10
2015-12-24 00:02:39.203	21331	21831	-71	-64	10	15.15	52.48	3.469
2015-12-24 00:19:25.119	21331	21831	-71	-65	10	15.18	52.03	3.469
2015-12-24 00:38:01.195	21331	21831	-75	-68	10
2015-12-24 00:47:00.182	21331	21831	-74	-68	10	14.54	52.06	3.469
2015-12-24 01:17:01.915	21331	21831	-74	-68	10
2015-12-24 01:21:48.254	21331	21831	-73	-67	10	14.14	51.79	3.469
2015-12-24 01:46:18.73	21331	21831	-72	-66	10	13.77	51.68	3.469
2015-12-24 02:24:41.907	21331	21831	-72	-66	10	13.6	51.69	3.469
2015-12-24 02:51:57.551	21331	21831	-71	-66	10
2015-12-24 03:03:37.026	21331	21831	-71	-66	10	13.63	51.78	3.469
2015-12-24 03:32:23.875	21331	21831	-71	-66	10	13.61	51.81	3.469
2015-12-24 03:37:50.234	21331	21831	-71	-66	10
2015-12-24 04:00:26.446	21331	21831	-72	-66	10	13.6	51.81	3.469
2015-12-24 04:26:52.447	21331	21831	-71	-66	10
2015-12-24 04:33:24.279	21331	21831	-71	-65	10	13.6	51.87	3.469
2015-12-24 04:50:06.663	21331	21831	-71	-65	10	13.57	51.87	3.469
2015-12-24 05:21:11.295	21331	21831	-71	-65	10	13.6	51.87	3.459
2015-12-24 06:01:48.191	21331	21831	-71	-65	10
2015-12-24 06:06:13.615	21331	21831	-71	-66	10	13.31	51.77	3.459
2015-12-24 06:36:29.279	21331	21831	-70	-65	10	13.08	51.74	3.469
2015-12-24 06:46:48.688	21331	21831	-70	-64	10	13.03	51.73	3.469
2015-12-24 08:18:50.578	21331	21831	-70	-64	10	12.38	51.76	3.459
2015-12-24 08:54:17.015	21331	21831	-70	-64	10	12.75	51.82	3.459
2015-12-24 09:29:52.182	21331	21831	-71	-65	10	13.65	51.63	3.459
2015-12-24 09:37:41.694	21331	21831	-71	-66	10
2015-12-24 09:52:08.299	21331	21831	-71	-65	10	13.79	51.9	3.459
2015-12-24 10:20:03.654	21331	21831	-72	-65	10	14.46	51.74	3.459
2015-12-24 11:00:40.362	21331	21831	-71	-66	10	15.0	52.06	3.459
2015-12-24 11:24:48.747	21331	21831	-71	-65	10	15.75	52.23	3.459
2015-12-24 12:02:48.474	21331	21831	-72	-64	10	16.18	53.06	3.459
2015-12-24 12:21:30.902	21331	21831	-71	-64	10
2015-12-24 12:37:19.19	21331	21831	-72	-64	10
2015-12-24 13:05:55.963	21331	21831	-74	-64	10	17.79	51.64	3.459
2015-12-24 13:36:13.774	21331	21831	-75	-65	10	17.93	51.97	3.459
2015-12-24 13:46:41.202	21331	21831	-74	-66	10	18.0	52.07	3.459
2015-12-24 13:56:25.842	21331	21831	-75	-66	10
2015-12-24 14:16:10.098	21331	21831	-74	-66	10	18.22	52.26	3.459
2015-12-24 15:03:20.438	21331	21831	-74	-65	10	18.28	52.02	3.469
2015-12-24 15:31:21.686	21331	21831	-75	-66	10
2015-12-24 15:37:09.51	21331	21831	-74	-66	10
2015-12-24 15:56:58.15	21331	21831	-72	-64	10	17.68	51.87	3.459
2015-12-24 16:34:52.394	21331	21831	-71	-64	10	15.68	52.13	3.469
2015-12-24 16:52:57.874	21331	21831	-71	-64	10	14.56	52.19	3.45
2015-12-24 17:06:28.458	21331	21831	-71	-64	10
2015-12-24 17:31:14.339	21331	21831	-71	-63	10	12.82	51.7	3.459
2015-12-24 17:54:49.438	21331	21831	-71	-63	10	12.13	51.48	3.459
2015-12-24 18:36:59.67	21331	21831	-70	-63	10
2015-12-24 18:37:36.542	21331	21831	-70	-63	10	10.65	51.59	3.459
2015-12-24 18:41:11.866	21331	21831	-70	-62	10
2015-12-24 19:05:46.771	21331	21831	-70	-62	10	10.07	51.42	3.459
2015-12-24 19:21:23.151	21331	21831	-70	-62	10	9.75	51.31	3.45
2015-12-24 20:29:57.094	21331	21831	-70	-62	10	8.67	51.58	3.45
2015-12-24 20:52:23.118	21331	21831	-69	-62	10	8.7	51.32	3.45
2015-12-24 21:32:25.642	21331	21831	-69	-62	10	8.21	51.19	3.45
2015-12-24 21:37:00.758	21331	21831	-69	-62	10
2015-12-24 21:51:02.922	21331	21831	-69	-62	10
2015-12-24 22:03:03.91	21331	21831	-70	-62	10	7.75	51.28	3.45
2015-12-24 22:23:54.238	21331	21831	-69	-62	10	7.54	51.46	3.45
2015-12-24 23:07:55.77	21331	21831	-69	-62	10	7.15	51.26	3.44
2015-12-24 23:25:59.018	21331	21831	-69	-62	10
2015-12-24 23:26:54.759	21331	21831	-70	-62	10	6.93	51.1	3.44
2015-12-24 23:59:43.462	21331	21831	-69	-62	10	6.64	51.12	3.469
2015-12-25 00:36:38.831	21331	21831	-70	-62	10
2015-12-25 00:58:56.198	21331	21831	-69	-62	10	6.93	51.25	3.44
2015-12-25 01:01:05.134	21331	21831	-69	-62	10
2015-12-25 01:56:33.302	21331	21831	-69	-62	10	7.56	51.16	3.431
2015-12-25 02:16:46.634	21331	21831	-69	-62	10	7.43	51.56	3.44
2015-12-25 02:36:00.71	21331	21831	-70	-62	10
2015-12-25 02:59:41.41	21331	21831	-69	-62	10	8.21	51.43	3.431
2015-12-25 03:19:48.167	21331	21831	-69	-62	10	8.24	51.53	3.431
2015-12-25 03:36:28.706	21331	21831	-69	-62	10
2015-12-25 03:46:37.718	21331	21831	-70	-62	10	8.36	51.69	3.431
2015-12-25 04:10:56.726	21331	21831	-69	-62	10
2015-12-25 04:20:44.291	21331	21831	-70	-62	10	8.89	51.59	3.431
2015-12-25 04:59:26.914	21331	21831	-70	-63	10	9.14	51.5	3.431
2015-12-25 05:26:59.946	21331	21831	-71	-62	10	9.0	51.6	3.431
2015-12-25 05:45:40.695	21331	21831	-69	-62	10
2015-12-25 06:06:25.75	21331	21831	-70	-62	10	8.95	51.59	3.431
2015-12-25 06:31:54.37	21331	21831	-70	-62	10	8.96	51.5	3.431
2015-12-25 06:36:30.042	21331	21831	-69	-62	10
2015-12-25 06:50:46.215	21331	21831	-70	-62	10	9.07	51.43	3.431
2015-12-25 07:20:36.086	21331	21831	-70	-62	10
2015-12-25 07:37:21.267	21331	21831	-70	-62	10	8.78	51.33	3.431
2015-12-25 08:01:48.175	21331	21831	-70	-62	10	8.78	51.6	3.421
2015-12-25 08:29:58.955	21331	21831	-67	-62	10	8.71	51.29	3.431
2015-12-25 08:55:31.407	21331	21831	-70	-62	10
2015-12-25 08:56:01.347	21331	21831	-70	-62	10	9.32	51.16	3.431
2015-12-25 09:20:40.822	21331	21831	-70	-62	10	9.78	51.28	3.431
2015-12-25 09:36:08.142	21331	21831	-70	-63	10
2015-12-25 10:02:35.111	21331	21831	-70	-63	10	10.5	51.51	3.421
2015-12-25 10:20:53.971	21331	21831	-70	-63	10	11.31	51.19	3.421
2015-12-25 10:30:27.459	21331	21831	-70	-63	10
2015-12-25 11:03:15.655	21331	21831	-70	-63	10	12.6	51.55	3.421
2015-12-25 11:17:10.695	21331	21831	-70	-64	10	12.95	51.35	3.421
2015-12-25 12:00:49.19	21331	21831	-71	-64	10	15.75	51.39	3.421
2015-12-25 12:05:22.395	21331	21831	-71	-64	10
2015-12-25 12:20:17.912	21331	21831	-72	-64	10	15.61	51.59	3.431
2015-12-25 12:35:57.686	21331	21831	-71	-64	10
2015-12-25 12:48:13.503	21331	21831	-71	-64	10	15.07	51.83	3.431
2015-12-25 13:28:54.579	21331	21831	-71	-64	10	15.32	51.27	3.431
2015-12-25 13:40:17.95	21331	21831	-71	-64	10
2015-12-25 13:59:55.89	21331	21831	-71	-64	10	14.88	51.49	3.431
2015-12-25 14:17:14.835	21331	21831	-71	-64	10	14.61	51.46	3.431
2015-12-25 14:58:19.015	21331	21831	-71	-64	10	14.06	51.6	3.431
2015-12-25 15:15:13.667	21331	21831	-71	-64	10
2015-12-25 15:30:27.59	21331	21831	-71	-64	10	13.82	51.56	3.431
2015-12-25 15:35:47.579	21331	21831	-71	-64	10
2015-12-25 15:55:08.971	21331	21831	-71	-64	10	13.57	51.59	3.431
2015-12-25 16:20:09.255	21331	21831	-71	-63	10	13.39	51.66	3.431
2015-12-25 16:47:58.083	21331	21831	-71	-63	10	13.04	51.58	3.431
2015-12-25 16:50:08.959	21331	21831	-70	-63	10
2015-12-25 17:34:35.423	21331	21831	-71	-63	10	12.67	51.68	3.431
2015-12-25 17:57:27.223	21331	21831	-70	-63	10	12.47	51.65	3.431
2015-12-25 18:25:15.575	21331	21831	-71	-63	10
2015-12-25 18:25:21.007	21331	21831	-70	-64	10	12.08	51.66	3.431
2015-12-25 18:35:36.843	21331	21831	-70	-63	10
2015-12-25 18:50:00.027	21331	21831	-71	-63	10	11.75	51.65	3.431
2015-12-25 19:29:30.227	21331	21831	-70	-62	10	11.29	51.55	3.431
2015-12-25 20:00:10.69	21331	21831	-70	-63	10
2015-12-25 20:05:59.859	21331	21831	-70	-62	10	10.54	51.51	3.421
2015-12-25 20:20:29.451	21331	21831	-70	-63	10	10.21	51.53	3.421
2015-12-25 20:56:19.606	21331	21831	-70	-62	10	9.85	51.45	3.421
2015-12-25 21:28:21.415	21331	21831	-70	-62	10	9.39	51.32	3.421
2015-12-25 21:34:55.303	21331	21831	-70	-62	10
2015-12-25 21:35:27.431	21331	21831	-70	-62	10
2015-12-25 21:46:14.871	21331	21831	-70	-62	10	9.02	51.45	3.421
2015-12-25 22:22:38.522	21331	21831	-70	-62	10	8.54	51.42	3.421
2015-12-25 22:47:18.271	21331	21831	-69	-62	10	8.38	51.39	3.412
2015-12-25 23:10:02.387	21331	21831	-70	-62	10
2015-12-25 23:34:22.222	21331	21831	-70	-62	10	8.15	51.24	3.412
2015-12-25 23:54:43.503	21331	21831	-70	-62	10	8.0	51.22	3.412
2015-12-26 00:35:16.284	21331	21831	-69	-62	10
2015-12-26 00:36:05.207	21331	21831	-69	-62	10	7.61	51.41	3.412
2015-12-26 00:44:46.267	21331	21831	-69	-62	10
2015-12-26 00:50:02.063	21331	21831	-69	-62	10	7.68	51.3	3.412
2015-12-26 01:22:13.65	21331	21831	-70	-62	10	7.74	51.28	3.412
2015-12-26 01:57:19.535	21331	21831	-68	-62	10	7.72	51.24	3.412
2015-12-26 02:19:53.935	21331	21831	-70	-62	10
2015-12-26 02:27:03.399	21331	21831	-70	-62	10	7.71	51.24	3.412
2015-12-26 03:00:39.858	21331	21831	-69	-62	10	7.57	51.28	3.403
2015-12-26 03:31:48.539	21331	21831	-70	-62	10	7.64	51.23	3.403
2015-12-26 03:35:07.43	21331	21831	-69	-62	10
2015-12-26 03:47:57.195	21331	21831	-69	-62	10	7.61	51.32	3.403
2015-12-26 03:47:59.362	21331	21831	-69	-62	10	7.61	51.32	3.403
2015-12-26 03:54:37.395	21331	21831	-69	-62	10
2015-12-26 04:16:09.675	21331	21831	-70	-62	10	7.71	51.12	3.403
2015-12-26 04:57:46.779	21331	21831	-69	-62	10	7.14	51.46	3.403
2015-12-26 05:17:59.234	21331	21831	-70	-62	10	7.24	51.6	3.403
2015-12-26 05:29:32.942	21331	21831	-69	-62	10
2015-12-26 06:04:13.375	21331	21831	-71	-62	10	7.7	51.39	3.403
2015-12-26 06:15:46.927	21331	21831	-70	-63	10	7.61	51.26	3.403
2015-12-26 06:35:09.646	21331	21831	-70	-63	10
2015-12-26 07:05:10.57	21331	21831	-70	-62	10	7.74	51.43	3.403
2015-12-26 07:16:13.215	21331	21831	-70	-62	10	7.78	51.43	3.403
2015-12-26 07:46:41.163	21331	21831	-70	-63	10	7.78	51.25	3.403
2015-12-26 08:18:49.655	21331	21831	-70	-63	10	7.68	51.24	3.403
2015-12-26 08:39:23.91	21331	21831	-70	-62	10
2015-12-26 08:48:00.762	21331	21831	-70	-63	10	7.86	51.14	3.393
2015-12-26 09:20:35.542	21331	21831	-70	-62	10	8.32	50.99	3.403
2015-12-26 10:06:10.594	21331	21831	-70	-64	10	9.25	50.85	3.393
2015-12-26 10:14:31.547	21331	21831	-71	-62	10
2015-12-26 10:34:29.042	21331	21831	-70	-64	10	9.43	50.99	3.403
2015-12-26 10:45:51.691	21331	21831	-70	-63	10	9.4	51.05	3.393
2015-12-26 11:26:47.987	21331	21831	-71	-63	10	9.89	51.06	3.393
2015-12-26 11:49:26.235	21331	21831	-71	-64	10
2015-12-26 11:58:25.747	21331	21831	-72	-63	10	10.77	50.84	3.393
2015-12-26 12:34:35.842	21331	21831	-72	-64	10
2015-12-26 13:04:47.846	21331	21831	-72	-64	10	12.0	50.95	3.393
2015-12-26 13:24:10.207	21331	21831	-71	-64	10
2015-12-26 13:25:24.283	21331	21831	-72	-64	10	12.18	51.19	3.403
2015-12-26 13:50:03.095	21331	21831	-71	-64	10	12.74	51.41	3.403
2015-12-26 14:19:26.286	21331	21831	-72	-64	10	12.99	51.36	3.403
2015-12-26 14:56:50.086	21331	21831	-72	-64	10	13.18	51.48	3.403
2015-12-26 14:59:05.694	21331	21831	-72	-64	10
2015-12-26 15:23:05.003	21331	21831	-72	-64	10	13.07	51.55	3.403
2015-12-26 15:34:26.219	21331	21831	-72	-64	10
2015-12-26 16:07:21.535	21331	21831	-71	-64	10	12.78	51.51	3.403
2015-12-26 16:25:26.951	21331	21831	-71	-64	10	12.61	51.52	3.403
2015-12-26 16:34:11.862	21331	21831	-71	-64	10
2015-12-26 16:54:32.735	21331	21831	-72	-64	10	12.31	51.57	3.403
2015-12-26 17:34:38.64	21331	21831	-72	-64	10	12.08	51.57	3.403
2015-12-26 17:53:48.962	21331	21831	-71	-64	10	11.33	51.77	3.403
2015-12-26 18:08:59.13	21331	21831	-70	-65	10
2015-12-26 18:25:09.826	21331	21831	-71	-64	10	10.78	51.66	3.403
2015-12-26 18:34:15.654	21331	21831	-71	-64	10
2015-12-26 18:49:02.054	21331	21831	-70	-65	10	10.7	51.56	3.393
2015-12-26 19:32:06.263	21331	21831	-71	-64	10	10.57	51.51	3.393
2015-12-26 19:43:52.319	21331	21831	-71	-64	10
2015-12-26 19:54:02.711	21331	21831	-70	-64	10	10.57	51.55	3.393
2015-12-26 20:21:34.702	21331	21831	-70	-64	10	10.7	51.62	3.393
2015-12-26 20:56:37.019	21331	21831	-71	-64	10	10.79	51.7	3.393
2015-12-26 21:18:47.698	21331	21831	-71	-64	10
2015-12-26 21:34:04.726	21331	21831	-71	-64	10
2015-12-26 21:35:15.571	21331	21831	-71	-65	10	11.04	51.82	3.393
2015-12-26 21:46:34.598	21331	21831	-73	-66	10	11.15	51.78	3.393
2015-12-26 22:18:02.758	21331	21831	-73	-66	10	11.38	51.87	3.393
2015-12-26 22:53:43.395	21331	21831	-72	-66	10
2015-12-26 22:55:02.832	21331	21831	-73	-66	10	11.52	51.86	3.393
2015-12-26 23:24:21.47	21331	21831	-72	-66	10	11.54	51.89	3.393
2015-12-27 00:25:12.923	21331	21831	-71	-65	10	11.58	51.9	3.393
2015-12-27 00:34:05.714	21331	21831	-72	-66	10
2015-12-27 00:47:00.438	21331	21831	-72	-66	10	11.65	51.94	3.393
2015-12-27 01:27:40.638	21331	21831	-72	-66	10	11.88	51.94	3.393
2015-12-27 02:04:42.278	21331	21831	-73	-66	10	12.11	52.06	3.393
2015-12-27 02:27:31.719	21331	21831	-71	-65	10	12.38	52.01	3.393
2015-12-27 03:23:15.762	21331	21831	-71	-66	10	12.72	52.12	3.393
2015-12-27 03:33:55.467	21331	21831	-72	-66	10
2015-12-27 03:38:40.103	21331	21831	-72	-66	10
2015-12-27 03:51:23.403	21331	21831	-72	-66	10	12.96	52.21	3.393
2015-12-27 04:26:21.955	21331	21831	-71	-66	10	13.17	52.3	3.375
2015-12-27 05:13:24.85	21331	21831	-71	-66	10
2015-12-27 06:06:05.726	21331	21831	-71	-66	10	15.2	52.52	3.384
2015-12-27 06:30:10.851	21331	21831	-70	-66	10	15.52	52.5	3.393
2015-12-27 06:33:45.915	21331	21831	-71	-64	10
2015-12-27 06:47:48.126	21331	21831	-69	-64	10	15.82	52.45	3.393
2015-12-27 06:48:20.326	21331	21831	-71	-64	10
2015-12-27 07:52:11.91	21331	21831	-71	-64	10	16.86	52.69	3.393
2015-12-27 08:23:10.983	21331	21831	-72	-64	10	17.29	52.72	3.393
2015-12-27 08:23:16.047	21331	21831	-72	-64	10
2015-12-27 09:04:09.302	21331	21831	-71	-64	10	17.67	52.65	3.393
2015-12-27 09:32:34.622	21331	21831	-71	-64	10	17.25	52.81	3.393
2015-12-27 09:33:35.207	21331	21831	-71	-64	10
2015-12-27 09:58:11.143	21331	21831	-70	-64	10
2015-12-27 10:02:46.65	21331	21831	-71	-64	10	17.68	52.93	3.393
2015-12-27 10:26:23.354	21331	21831	-71	-64	10	17.93	52.96	3.393
2015-12-27 10:57:24.986	21331	21831	-71	-66	10	16.97	52.67	3.393
2015-12-27 11:29:22.127	21331	21831	-72	-66	10	15.89	52.16	3.393
2015-12-27 11:33:07.174	21331	21831	-72	-66	10
2015-12-27 12:04:28.966	21331	21831	-71	-66	10	14.89	51.49	3.393
2015-12-27 12:19:12.018	21331	21831	-72	-66	10	14.65	51.65	3.393
2015-12-27 12:33:14.783	21331	21831	-71	-66	10
2015-12-27 12:49:19.883	21331	21831	-71	-65	10	14.36	51.51	3.393
2015-12-27 13:08:02.994	21331	21831	-74	-68	10
2015-12-27 13:31:44.155	21331	21831	-74	-67	10	13.29	51.46	3.393
2015-12-27 14:04:06.975	21331	21831	-71	-66	10	11.78	50.98	3.384
2015-12-27 14:31:35.815	21331	21831	-72	-66	10	10.43	50.86	3.393
2015-12-27 14:43:09.011	21331	21831	-72	-66	10
2015-12-27 14:59:02.235	21331	21831	-73	-66	10	9.46	50.69	3.384
2015-12-27 15:32:26.215	21331	21831	-71	-67	10	8.29	50.41	3.384
2015-12-27 15:33:03.579	21331	21831	-72	-66	10
2015-12-27 16:02:19.67	21331	21831	-72	-66	10	7.2	50.45	3.384
2015-12-27 16:17:53.15	21331	21831	-71	-66	10
2015-12-27 16:36:18.883	21331	21831	-72	-66	10	6.28	50.38	3.375
2015-12-27 16:53:24.21	21331	21831	-71	-66	10	6.11	50.45	3.375
2015-12-27 17:20:38.038	21331	21831	-71	-65	10	5.82	50.53	3.384
2015-12-27 17:52:48.554	21331	21831	-71	-64	10
2015-12-27 18:02:10.602	21331	21831	-70	-65	10	5.57	50.68	3.375
2015-12-27 18:28:06.15	21331	21831	-71	-64	10	5.36	50.74	3.375
2015-12-27 18:32:53.027	21331	21831	-71	-64	10
2015-12-27 18:58:31.344	21331	21831	-71	-65	10	4.96	50.65	3.375
2015-12-27 19:17:28.542	21331	21831	-71	-65	10	4.7	50.68	3.375
2015-12-27 19:27:43.971	21331	21831	-71	-64	10
2015-12-27 19:47:13.502	21331	21831	-70	-65	10	4.35	50.6	3.366
2015-12-27 20:33:21.406	21331	21831	-70	-64	10	3.95	50.57	3.366
2015-12-27 21:00:21.05	21331	21831	-71	-65	10	3.71	50.6	3.366
2015-12-27 21:02:39.923	21331	21831	-70	-65	10
2015-12-27 21:18:50.231	21331	21831	-70	-64	10	3.58	50.52	3.366
2015-12-27 21:32:45.962	21331	21831	-70	-64	10
2015-12-27 21:46:38.799	21331	21831	-70	-64	10	3.29	50.54	3.357
2015-12-27 22:20:29.063	21331	21831	-70	-64	10	3.13	50.58	3.357
2015-12-27 22:37:35.467	21331	21831	-69	-64	10
2015-12-27 22:46:27.706	21331	21831	-69	-64	10	2.9	50.46	3.357
2015-12-27 23:26:27.746	21331	21831	-69	-64	10	2.71	50.49	3.357
2015-12-27 23:57:35.682	21331	21831	-69	-64	10	2.51	50.35	3.357
2015-12-28 00:12:30.722	21331	21831	-69	-64	10
2015-12-28 00:31:50.903	21331	21831	-69	-64	10	2.07	50.26	3.357
2015-12-28 00:32:33.142	21331	21831	-70	-64	10
2015-12-28 00:47:33.271	21331	21831	-69	-63	10	2.03	50.4	3.357
2015-12-28 01:18:40.586	21331	21831	-69	-64	10	1.92	50.41	3.357
2015-12-28 01:47:26.054	21331	21831	-69	-64	10
2015-12-28 02:00:47.774	21331	21831	-70	-64	10	1.79	50.4	3.348
2015-12-28 02:33:53.174	21331	21831	-69	-64	10	1.81	50.43	3.348
2015-12-28 02:51:36.778	21331	21831	-68	-64	10	1.82	50.43	3.348
2015-12-28 03:22:21.658	21331	21831	-69	-63	10
2015-12-28 03:23:41.099	21331	21831	-68	-64	10	1.79	50.37	3.348
2015-12-28 03:32:23.067	21331	21831	-69	-64	10
2015-12-28 04:28:10.598	21331	21831	-69	-64	10	1.17	50.19	3.348
2015-12-28 04:59:10.911	21331	21831	-69	-63	10	0.7	50.72	3.348
2015-12-28 05:35:21.266	21331	21831	-69	-64	10	0.7	50.33	3.348
2015-12-28 05:46:39.542	21331	21831	-69	-64	10	0.67	50.45	3.348
2015-12-28 06:25:58.695	21331	21831	-69	-64	10	0.88	50.51	3.348
2015-12-28 06:32:13.378	21331	21831	-68	-63	10
2015-12-28 06:32:15.098	21331	21831	-68	-64	10
2015-12-28 07:01:55.919	21331	21831	-69	-64	10	0.9	50.48	3.339
2015-12-28 07:29:45.062	21331	21831	-69	-63	10	0.82	50.44	3.339
2015-12-28 07:48:01.974	21331	21831	-68	-63	10	0.85	50.53	3.339
2015-12-28 08:07:08.418	21331	21831	-69	-62	10
2015-12-28 08:33:23.143	21331	21831	-69	-62	10	1.08	50.51	3.339
2015-12-28 09:06:53.694	21331	21831	-69	-62	10	1.42	50.25	3.339
2015-12-28 09:29:36.858	21331	21831	-68	-62	10	1.5	50.35	3.339
2015-12-28 09:32:03.107	21331	21831	-68	-61	10
2015-12-28 09:42:04.111	21331	21831	-68	-62	10
2015-12-28 10:06:38.491	21331	21831	-68	-62	10	1.57	50.57	3.339
2015-12-28 10:16:10.398	21331	21831	-69	-62	10	1.6	50.63	3.339
2015-12-28 11:04:24.479	21331	21831	-69	-62	10	1.92	50.62	3.33
2015-12-28 11:16:59.206	21331	21831	-69	-62	10
2015-12-28 11:26:45.258	21331	21831	-69	-62	10	2.32	50.56	3.339
2015-12-28 11:46:01.699	21331	21831	-68	-62	10	2.67	50.34	3.339
2015-12-28 12:31:52.731	21331	21831	-69	-62	10
2015-12-28 12:37:04.863	21331	21831	-69	-62	10	2.56	50.77	3.33
2015-12-28 12:51:55.235	21331	21831	-69	-62	10
2015-12-28 12:54:53.551	21331	21831	-69	-62	10	2.47	50.67	3.33
2015-12-28 13:18:27.891	21331	21831	-69	-62	10	2.2	50.96	3.33
2015-12-28 13:56:09.894	21331	21831	-69	-64	10	2.1	50.88	3.33
2015-12-28 14:17:55.199	21331	21831	-69	-64	10	1.92	50.8	3.33
2015-12-28 14:26:50.778	21331	21831	-69	-64	10
2015-12-28 15:01:16.63	21331	21831	-68	-62	10	2.35	50.59	3.33
2015-12-28 15:21:48.298	21331	21831	-69	-63	10	2.42	50.93	3.33
2015-12-28 15:31:42.894	21331	21831	-68	-62	10
2015-12-28 16:01:46.79	21331	21831	-69	-62	10
2015-12-28 16:06:17.503	21331	21831	-68	-62	10	2.61	50.81	3.33
2015-12-28 16:20:05.626	21331	21831	-69	-62	10	2.64	50.84	3.33
2015-12-28 16:51:03.59	21331	21831	-70	-64	10	2.2	50.84	3.33
2015-12-28 17:18:38.034	21331	21831	-70	-64	10	2.03	50.87	3.33
2015-12-28 17:36:41.543	21331	21831	-69	-64	10
2015-12-28 17:58:06.742	21331	21831	-68	-64	10	2.17	50.77	3.33
2015-12-28 18:26:51.27	21331	21831	-69	-64	10	2.46	50.81	3.33
2015-12-28 18:31:32.242	21331	21831	-69	-64	10
2015-12-28 18:53:21.642	21331	21831	-69	-64	10	2.54	50.89	3.33
2015-12-28 19:11:37.146	21331	21831	-69	-64	10
2015-12-28 19:34:08.11	21331	21831	-68	-64	10	3.07	50.75	3.321
2015-12-28 20:07:22.795	21331	21831	-69	-64	10	2.86	51.26	3.33
2015-12-28 20:25:26.383	21331	21831	-69	-64	10	3.04	51.4	3.321
2015-12-28 20:46:32.566	21331	21831	-69	-64	10
2015-12-28 20:54:52.262	21331	21831	-70	-64	10	3.25	51.52	3.321
2015-12-28 21:31:21.662	21331	21831	-69	-64	10
2015-12-28 21:57:48.362	21331	21831	-70	-65	10	3.35	51.32	3.321
2015-12-28 22:21:38.95	21331	21831	-70	-64	10	3.38	51.09	3.321
2015-12-28 22:58:49.079	21331	21831	-69	-64	10	3.57	51.09	3.321
2015-12-28 23:56:24.455	21331	21831	-69	-64	10
2015-12-29 00:31:12.223	21331	21831	-69	-64	10
2015-12-29 01:27:53.803	21331	21831	-69	-64	10	4.42	51.26	3.321
2015-12-29 01:47:06.627	21331	21831	-69	-64	10	4.53	51.16	3.321
2015-12-29 02:30:15.57	21331	21831	-69	-63	10	5.0	51.23	3.321
2015-12-29 03:06:14.922	21331	21831	-68	-64	10
2015-12-29 03:31:01.682	21331	21831	-68	-63	10
2015-12-29 04:41:10.691	21331	21831	-68	-62	10
2015-12-29 04:57:13.126	21331	21831	-69	-64	10	6.83	51.33	3.321
2015-12-29 05:31:36.163	21331	21831	-69	-65	10	6.83	51.39	3.321
2015-12-29 06:00:23.974	21331	21831	-70	-64	10	6.93	51.31	3.321
2015-12-29 06:16:05.727	21331	21831	-70	-64	10
2015-12-29 06:23:51.23	21331	21831	-70	-64	10	6.93	51.28	3.321
2015-12-29 06:30:52.17	21331	21831	-70	-64	10
2015-12-29 06:52:57.602	21331	21831	-70	-64	10	7.0	51.26	3.321
2015-12-29 07:18:10.518	21331	21831	-69	-64	10	7.04	51.24	3.321
2015-12-29 07:51:01.495	21331	21831	-69	-64	10
2015-12-29 07:59:04.878	21331	21831	-69	-64	10	7.11	51.28	3.321
2015-12-29 08:26:39.927	21331	21831	-69	-64	10	7.21	51.29	3.321
2015-12-29 08:57:12.93	21331	21831	-69	-64	10	7.4	51.32	3.321
2015-12-29 09:25:56.874	21331	21831	-69	-64	10
2015-12-29 09:31:43.751	21331	21831	-69	-64	10	7.88	51.32	3.321
2015-12-29 09:56:43.251	21331	21831	-69	-64	10	8.15	51.48	3.321
2015-12-29 10:16:10.867	21331	21831	-71	-64	10	9.06	51.18	3.313
2015-12-29 10:59:32.302	21331	21831	-70	-64	10	9.96	51.28	3.313
2015-12-29 11:01:04.374	21331	21831	-69	-64	10
2015-12-29 11:32:36.243	21331	21831	-69	-64	10	10.25	51.53	3.321
2015-12-29 11:52:32.623	21331	21831	-69	-64	10	10.18	51.7	3.321
2015-12-29 12:30:31.595	21331	21831	-70	-64	10
2015-12-29 12:35:48.102	21331	21831	-68	-64	10
2015-12-29 12:49:12.63	21331	21831	-69	-64	10	10.56	51.66	3.321
2015-12-29 14:10:43.29	21331	21831	-68	-64	10
2015-12-29 14:31:27.87	21331	21831	-70	-62	10	9.89	51.18	3.321
2015-12-29 15:21:50.838	21331	21831	-70	-62	10	9.27	51.27	3.321
2015-12-29 15:30:20.855	21331	21831	-70	-64	10
2015-12-29 15:45:38.51	21331	21831	-69	-62	10
2015-12-29 16:02:52.982	21331	21831	-69	-63	10	8.96	51.08	3.321
2015-12-29 16:18:47.09	21331	21831	-68	-62	10	8.78	51.18	3.321
2015-12-29 17:04:08.854	21331	21831	-69	-62	10	8.45	51.28	3.321
2015-12-29 17:20:34.598	21331	21831	-69	-62	10
2015-12-29 17:24:53.451	21331	21831	-70	-62	10	8.32	51.29	3.321
2015-12-29 17:46:56.867	21331	21831	-70	-62	10	8.21	51.34	3.321
2015-12-29 18:17:09.623	21331	21831	-70	-62	10	8.14	51.42	3.321
2015-12-29 18:30:12.166	21331	21831	-68	-62	10
2015-12-29 18:54:27.171	21331	21831	-69	-62	10	8.03	51.47	3.321
2015-12-29 18:55:29.771	21331	21831	-69	-62	10
2015-12-29 19:18:34.947	21331	21831	-69	-62	10	7.93	51.45	3.313
2015-12-29 19:48:15.586	21331	21831	-69	-62	10	7.88	51.48	3.313
2015-12-29 20:26:33.047	21331	21831	-68	-62	10	7.68	51.42	3.313
2015-12-29 20:46:57.183	21331	21831	-70	-62	10	7.53	51.4	3.313
2015-12-29 21:30:01.119	21331	21831	-70	-62	10
2015-12-29 21:36:37.271	21331	21831	-69	-62	10	7.32	51.4	3.313
2015-12-29 21:51:06.339	21331	21831	-69	-62	10	7.25	51.33	3.313
2015-12-29 22:05:21.031	21331	21831	-69	-62	10
2015-12-29 22:31:41.279	21331	21831	-70	-62	10	7.0	51.29	3.313
2015-12-29 22:48:01.119	21331	21831	-69	-62	10	6.88	51.31	3.313
2015-12-29 23:40:15.991	21331	21831	-69	-62	10
2015-12-30 00:01:18.559	21331	21831	-69	-62	10	6.18	51.12	3.304
2015-12-30 00:17:54.406	21331	21831	-69	-62	10	6.0	51.13	3.304
2015-12-30 00:29:50.558	21331	21831	-69	-62	10
2015-12-30 01:01:38.07	21331	21831	-69	-62	10	5.7	51.05	3.304
2015-12-30 01:15:11.299	21331	21831	-69	-62	10
2015-12-30 01:26:42.387	21331	21831	-69	-62	10	5.51	51.03	3.313
2015-12-30 01:51:42.691	21331	21831	-69	-62	10	5.35	51.07	3.304
2015-12-30 02:21:58.655	21331	21831	-69	-62	10	5.21	51.05	3.304
2015-12-30 02:50:07.551	21331	21831	-68	-62	10
2015-12-30 03:05:09.099	21331	21831	-68	-62	10	5.03	51.11	3.304
2015-12-30 03:23:58.723	21331	21831	-69	-62	10	5.0	51.11	3.304
2015-12-30 03:29:40.134	21331	21831	-68	-62	10
2015-12-30 03:49:38.526	21331	21831	-68	-62	10	4.93	51.13	3.304
2015-12-30 04:24:20.835	21331	21831	-69	-62	10	4.81	51.08	3.295
2015-12-30 04:25:14.271	21331	21831	-68	-62	10
2015-12-30 04:56:21.774	21331	21831	-68	-62	10	4.7	51.06	3.295
2015-12-30 05:26:06.463	21331	21831	-69	-62	10	4.65	51.09	3.295
2015-12-30 05:54:53.867	21331	21831	-68	-62	10	4.53	50.98	3.295
2015-12-30 06:00:09.911	21331	21831	-69	-62	10
2015-12-30 06:29:30.991	21331	21831	-68	-62	10
2015-12-30 06:35:11.367	21331	21831	-69	-62	10	4.35	51.11	3.295
2015-12-30 06:54:33.034	21331	21831	-68	-62	10	4.35	51.08	3.295
2015-12-30 07:18:36.771	21331	21831	-69	-62	10	4.29	51.07	3.295
2015-12-30 07:34:53.662	21331	21831	-69	-62	10
2015-12-30 07:47:36.999	21331	21831	-69	-61	10	4.21	51.06	3.295
2015-12-30 08:33:08.258	21331	21831	-69	-62	10	4.46	51.15	3.295
2015-12-30 09:02:04.599	21331	21831	-69	-62	10	4.89	51.09	3.295
2015-12-30 09:09:49.091	21331	21831	-69	-62	10
2015-12-30 09:29:19.999	21331	21831	-69	-62	10
2015-12-30 09:38:17.071	21331	21831	-69	-62	10	5.68	50.99	3.295
2015-12-30 09:53:03.07	21331	21831	-69	-62	10	6.0	51.04	3.287
2015-12-30 10:20:31.243	21331	21831	-70	-62	10	6.56	50.9	3.295
2015-12-30 10:44:44.455	21331	21831	-70	-62	10
2015-12-30 10:54:32.159	21331	21831	-69	-62	10	6.82	50.94	3.287
2015-12-30 11:22:02.45	21331	21831	-69	-62	10	7.97	51.07	3.295
2015-12-30 11:51:05.623	21331	21831	-69	-62	10	8.29	50.84	3.295
2015-12-30 12:16:27.983	21331	21831	-69	-62	10	8.86	50.73	3.295
2015-12-30 12:19:41.247	21331	21831	-69	-62	10
2015-12-30 12:29:10.151	21331	21831	-69	-62	10
2015-12-30 13:04:30.47	21331	21831	-70	-62	10	9.38	50.8	3.295
2015-12-30 13:18:47.726	21331	21831	-70	-62	10	9.6	50.83	3.295
2015-12-30 13:54:35.846	21331	21831	-70	-62	10
2015-12-30 14:07:54.826	21331	21831	-70	-62	10	9.92	50.79	3.295
2015-12-30 14:23:38.062	21331	21831	-70	-62	10	9.67	51.15	3.295
2015-12-30 15:01:50.315	21331	21831	-69	-62	10	9.74	50.94	3.295
2015-12-30 15:23:58.326	21331	21831	-70	-62	10	9.46	51.12	3.295
2015-12-30 15:29:00.571	21331	21831	-69	-62	10
2015-12-30 15:29:31.138	21331	21831	-69	-62	10
2015-12-30 16:04:16.467	21331	21831	-69	-62	10	9.25	51.03	3.295
2015-12-30 16:34:12.243	21331	21831	-69	-62	10	8.88	51.16	3.295
2015-12-30 16:51:25.947	21331	21831	-69	-62	10	8.68	51.22	3.295
2015-12-30 17:04:26.987	21331	21831	-69	-62	10
2015-12-30 17:32:57.682	21331	21831	-69	-62	10	8.0	51.22	3.295
2015-12-30 17:50:54.182	21331	21831	-69	-62	10	7.65	51.2	3.295
2015-12-30 18:20:28.23	21331	21831	-69	-62	10	7.18	51.11	3.295
2015-12-30 18:28:49.778	21331	21831	-69	-62	10
2015-12-30 18:39:22.427	21331	21831	-69	-62	10
2015-12-30 18:56:25.099	21331	21831	-69	-62	10	6.75	51.08	3.287
2015-12-30 19:28:24.519	21331	21831	-69	-62	10	6.5	51.13	3.287
2015-12-30 19:46:57.798	21331	21831	-69	-62	10	6.4	51.09	3.287
2015-12-30 20:14:18.57	21331	21831	-69	-62	10
2015-12-30 20:19:30.803	21331	21831	-69	-62	10	6.2	51.15	3.287
2015-12-30 21:23:06.907	21331	21831	-69	-62	10	5.9	51.23	3.287
2015-12-30 21:28:39.499	21331	21831	-69	-62	10
2015-12-30 21:49:13.598	21331	21831	-70	-62	10
2015-12-30 21:53:56.227	21331	21831	-70	-62	10	5.76	51.15	3.287
2015-12-30 22:36:30.578	21331	21831	-69	-62	10	5.51	51.18	3.278
2015-12-30 22:52:20.919	21331	21831	-70	-62	10	5.47	51.17	3.287
2015-12-30 23:24:08.71	21331	21831	-68	-62	10
2015-12-30 23:33:55.846	21331	21831	-69	-62	10	5.29	51.18	3.278
2015-12-30 23:46:59.111	21331	21831	-68	-62	10	5.26	51.17	3.278
2015-12-31 00:28:30.074	21331	21831	-69	-62	10
2015-12-31 00:34:54.074	21331	21831	-69	-62	10	4.85	50.97	3.278
2015-12-31 00:59:04.306	21331	21831	-69	-62	10
2015-12-31 01:04:33.619	21331	21831	-69	-62	10	4.46	50.97	3.278
2015-12-31 01:32:10.578	21331	21831	-69	-62	10	4.17	50.81	3.278
2015-12-31 02:01:14.559	21331	21831	-69	-62	10	3.75	50.75	3.278
2015-12-31 02:32:17.574	21331	21831	-68	-62	10	3.46	50.75	3.278
2015-12-31 02:33:59.671	21331	21831	-68	-62	10
2015-12-31 03:25:43.69	21331	21831	-68	-62	10	3.13	50.82	3.278
2015-12-31 03:28:18.903	21331	21831	-68	-62	10
2015-12-31 04:07:45.858	21331	21831	-69	-62	10	2.99	50.8	3.278
2015-12-31 04:08:55.266	21331	21831	-68	-62	10
2015-12-31 04:29:28.423	21331	21831	-69	-62	10	2.88	50.78	3.269
2015-12-31 04:56:57.398	21331	21831	-68	-61	10	2.74	50.79	3.269
2015-12-31 05:26:49.362	21331	21831	-68	-62	10	2.51	50.73	3.269
2015-12-31 05:43:53.326	21331	21831	-69	-62	10
2015-12-31 06:05:04.502	21331	21831	-68	-61	10	2.35	50.83	3.269
2015-12-31 06:28:09.638	21331	21831	-68	-61	10
2015-12-31 06:38:10.127	21331	21831	-68	-61	10	2.33	50.86	3.269
2015-12-31 06:51:59.755	21331	21831	-68	-62	10	2.31	50.85	3.269
2015-12-31 07:18:47.211	21331	21831	-69	-61	10
2015-12-31 07:26:15.09	21331	21831	-68	-60	10	2.1	50.76	3.269
2015-12-31 07:51:16.331	21331	21831	-68	-61	10	2.03	50.78	3.269
2015-12-31 08:36:14.574	21331	21831	-68	-61	10	2.01	50.84	3.269
2015-12-31 08:53:41.75	21331	21831	-68	-61	10
2015-12-31 09:05:44.495	21331	21831	-69	-61	10	2.01	50.81	3.269
2015-12-31 09:27:58.551	21331	21831	-68	-62	10
2015-12-31 09:34:22.899	21331	21831	-68	-62	10	1.89	50.71	3.261
2015-12-31 10:05:56.494	21331	21831	-68	-61	10	1.96	50.68	3.261
2015-12-31 10:28:37.762	21331	21831	-69	-62	10
2015-12-31 10:30:34.794	21331	21831	-68	-62	10	1.89	50.68	3.261
2015-12-31 11:01:23.243	21331	21831	-68	-62	10	1.97	50.54	3.261
2015-12-31 11:52:38.05	21331	21831	-68	-60	10	1.92	50.56	3.261
2015-12-31 12:03:33.163	21331	21831	-68	-60	10
2015-12-31 12:27:42.683	21331	21831	-68	-61	10	1.78	50.42	3.261
2015-12-31 12:27:49.419	21331	21831	-68	-61	10
2015-12-31 12:52:01.03	21331	21831	-68	-60	10	1.68	50.44	3.261
2015-12-31 13:38:01.91	21331	21831	-68	-62	10	1.75	50.33	3.261
2015-12-31 13:38:28.395	21331	21831	-68	-61	10
2015-12-31 14:02:01.779	21331	21831	-68	-62	10	1.57	50.28	3.261
2015-12-31 15:03:07.494	21331	21831	-68	-61	10	1.04	50.38	3.261
2015-12-31 15:13:36.691	21331	21831	-68	-60	10
2015-12-31 15:27:38.835	21331	21831	-68	-60	10
2015-12-31 15:30:24.763	21331	21831	-68	-60	10	0.9	50.33	3.252
2015-12-31 16:05:42.766	21331	21831	-68	-60	10	0.71	50.33	3.252
2015-12-31 16:33:16.175	21331	21831	-68	-60	10	0.64	50.41	3.252
2015-12-31 16:47:50.902	21331	21831	-68	-61	10	0.61	50.44	3.252
2015-12-31 16:48:19.463	21331	21831	-68	-60	10
2015-12-31 17:18:46.182	21331	21831	-68	-60	10	0.53	50.58	3.252
2015-12-31 17:54:23.434	21331	21831	-67	-61	10	0.46	50.59	3.252
2015-12-31 18:23:16.302	21331	21831	-68	-60	10
2015-12-31 18:24:44.146	21331	21831	-67	-60	10	0.35	50.58	3.252
2015-12-31 18:27:28.095	21331	21831	-68	-60	10
2015-12-31 18:59:23.386	21331	21831	-68	-60	10	0.33	50.61	3.252
2015-12-31 19:24:07.902	21331	21831	-68	-61	10	0.28	50.51	3.252
2015-12-31 19:57:30.295	21331	21831	-67	-60	10	0.25	50.57	3.244
2015-12-31 19:58:10.542	21331	21831	-68	-60	10
2015-12-31 20:16:58.563	21331	21831	-67	-60	10	0.21	50.59	3.244
2015-12-31 20:51:25.106	21331	21831	-68	-60	10	0.14	50.49	3.244
2015-12-31 21:18:35.435	21331	21831	-68	-60	10	0.03	50.57	3.252
2015-12-31 21:27:18.22	21331	21831	-68	-60	10
2015-12-31 21:33:05.974	21331	21831	-68	-60	10
2015-12-31 22:28:53.282	21331	21831	-68	-60	10	-0.31	50.37	3.244
2015-12-31 23:08:02.499	21331	21831	-68	-60	10
2015-12-31 23:34:20.678	21331	21831	-68	-60	10	-0.57	50.3	3.244
2016-01-01 00:05:00.646	21331	21831	-67	-60	10	-0.78	50.31	3.244
2016-01-01 00:21:32.078	21331	21831	-67	-60	10	-0.88	50.29	3.244
2016-01-01 00:27:08.139	21331	21831	-66	-60	10
2016-01-01 00:42:56.854	21331	21831	-67	-60	10
2016-01-01 00:59:55.266	21331	21831	-67	-60	10	-1.02	50.3	3.244
2016-01-01 01:27:22.27	21331	21831	-67	-60	10	-1.07	50.26	3.244
2016-01-01 02:05:58.268	21331	21831	-68	-60	10	-1.14	50.28	3.244
2016-01-01 02:47:19.79	21331	21831	-67	-59	10	-1.21	50.3	3.236
2016-01-01 03:26:58.443	21331	21831	-67	-60	10
2016-01-01 03:52:48.074	21331	21831	-66	-60	10
2016-01-01 04:25:56.747	21331	21831	-66	-60	10	-1.42	50.28	3.236
2016-01-01 05:27:44.259	21331	21831	-66	-60	10
2016-01-01 05:54:09.063	21331	21831	-67	-60	10	-1.5	50.32	3.236
2016-01-01 06:21:26.466	21331	21831	-66	-59	10	-1.5	50.35	3.236
2016-01-01 06:26:59.459	21331	21831	-66	-59	10
2016-01-01 06:46:51.558	21331	21831	-67	-60	10	-1.52	50.35	3.236
2016-01-01 07:02:39.427	21331	21831	-66	-60	10
2016-01-01 08:21:16.155	21331	21831	-66	-60	10	-1.32	50.46	3.236
2016-01-01 08:37:34.826	21331	21831	-66	-60	10
2016-01-01 09:02:21.598	21331	21831	-66	-60	10	-1.2	50.42	3.227
2016-01-01 09:26:38.218	21331	21831	-66	-60	10
2016-01-01 09:32:30.21	21331	21831	-67	-60	10	-1.06	50.47	3.227
2016-01-01 09:47:22.018	21331	21831	-67	-60	10	-0.98	50.39	3.227
2016-01-01 10:12:30.334	21331	21831	-66	-60	10
2016-01-01 11:38:02.778	21331	21831	-69	-60	10	0.57	50.14	3.227
2016-01-01 11:47:38.363	21331	21831	-67	-61	10
2016-01-01 12:26:38.019	21331	21831	-68	-61	10	1.46	50.56	3.227
2016-01-01 12:57:54.859	21331	21831	-68	-61	10	1.42	50.43	3.227
2016-01-01 13:21:00.591	21331	21831	-69	-62	10	1.97	49.91	3.227
2016-01-01 14:02:17.346	21331	21831	-69	-62	10	1.96	50.95	3.227
2016-01-01 14:23:47.646	21331	21831	-68	-61	10	1.97	49.97	3.219
2016-01-01 14:50:21.01	21331	21831	-68	-62	10	1.78	50.19	3.227
2016-01-01 15:26:17.331	21331	21831	-68	-62	10
2016-01-01 15:30:52.515	21331	21831	-70	-61	10	1.61	50.07	3.227
2016-01-01 15:53:57.346	21331	21831	-68	-61	10	1.45	50.14	3.227
2016-01-01 16:32:12.251	21331	21831	-68	-61	10
2016-01-01 16:33:26.943	21331	21831	-69	-60	10	1.03	50.2	3.219
2016-01-01 16:49:19.815	21331	21831	-68	-62	10	0.82	50.26	3.227
2016-01-01 18:07:08.418	21331	21831	-70	-61	10
2016-01-01 18:17:35.895	21331	21831	-68	-60	10	0.06	50.54	3.227
2016-01-01 18:26:07.234	21331	21831	-68	-60	10
2016-01-01 19:34:18.002	21331	21831	-68	-60	10	-0.07	50.46	3.219
2016-01-01 19:42:04.134	21331	21831	-68	-60	10
2016-01-01 19:49:19.362	21331	21831	-67	-60	10	-0.14	50.42	3.219
2016-01-01 20:27:25.759	21331	21831	-68	-60	10	-0.25	50.44	3.219
2016-01-01 21:16:59.631	21331	21831	-68	-61	10
2016-01-01 21:25:57.798	21331	21831	-67	-60	10
2016-01-01 21:30:26.206	21331	21831	-68	-60	10	-0.43	50.38	3.219
2016-01-01 21:51:29.666	21331	21831	-67	-60	10	-0.53	50.4	3.219
2016-01-01 22:31:58.323	21331	21831	-67	-60	10	-0.82	50.24	3.211
2016-01-01 22:51:54.95	21331	21831	-67	-60	10
2016-01-01 23:04:42.602	21331	21831	-67	-60	10	-1.03	50.3	3.211
2016-01-01 23:24:17.494	21331	21831	-67	-60	10	-1.17	50.19	3.211
2016-01-02 00:17:00.627	21331	21831	-67	-60	10	-1.64	50.13	3.211
2016-01-02 00:26:50.255	21331	21831	-67	-60	10
2016-01-02 01:21:54.603	21331	21831	-67	-60	10	-1.88	50.15	3.211
2016-01-02 01:57:48.838	21331	21831	-66	-60	10	-1.98	50.23	3.211
2016-01-02 02:32:42.246	21331	21831	-66	-59	10	-2.02	50.22	3.211
2016-01-02 03:00:52.614	21331	21831	-66	-59	10	-2.07	50.18	3.202
2016-01-02 03:19:45.33	21331	21831	-67	-59	10	-2.16	50.17	3.211
2016-01-02 03:36:42.078	21331	21831	-65	-58	10
2016-01-02 04:04:14.006	21331	21831	-64	-58	10	-2.41	50.23	3.211
2016-01-02 04:25:46.847	21331	21831	-65	-58	10	-2.42	50.19	3.202
2016-01-02 05:11:36.914	21331	21831	-65	-55	10
2016-01-02 05:54:41.442	21331	21831	-65	-56	10	-2.71	50.18	3.202
2016-01-02 06:27:17.826	21331	21831	-65	-55	10	-2.79	50.11	3.202
2016-01-02 06:49:55.518	21331	21831	-64	-55	10	-2.85	50.1	3.202
2016-01-02 07:36:57.463	21331	21831	-64	-55	10	-2.82	50.17	3.202
2016-01-02 08:21:28.306	21331	21831	-65	-55	10
2016-01-02 09:19:00.835	21331	21831	-64	-56	10	-2.49	50.27	3.202
2016-01-02 09:50:19.271	21331	21831	-65	-56	10	-2.25	50.22	3.202
2016-01-02 10:26:49.123	21331	21831	-65	-58	10	-1.85	50.1	3.194
2016-01-02 11:31:19.35	21331	21831	-66	-59	10
2016-01-02 12:18:08.734	21331	21831	-65	-58	10	-0.85	50.15	3.194
2016-01-02 12:25:06.642	21331	21831	-66	-59	10
2016-01-02 12:51:44.821	21331	21831	-65	-59	10	-0.7	49.96	3.194
2016-01-02 13:37:02.375	21331	21831	-66	-60	10	-0.24	49.97	3.194
2016-01-02 14:29:22.063	21331	21831	-67	-60	10	0.33	50.14	3.194
2016-01-02 14:41:10.147	21331	21831	-67	-60	10
2016-01-02 15:07:26.774	21331	21831	-68	-60	10	0.79	50.11	3.194
2016-01-02 15:29:10.539	21331	21831	-68	-60	10	0.88	50.18	3.194
2016-01-02 15:46:46.458	21331	21831	-68	-61	10	1.0	50.2	3.186
2016-01-02 16:27:08.326	21331	21831	-68	-60	10	1.0	49.99	3.194
2016-01-02 17:25:03.274	21331	21831	-67	-60	10	-0.25	50.58	3.194
2016-01-02 17:46:46.955	21331	21831	-67	-60	10	-0.28	50.67	3.186
2016-01-02 18:24:47.003	21331	21831	-67	-60	10
2016-01-02 19:37:43.806	21331	21831	-68	-60	10	-0.28	50.96	3.186
2016-01-02 20:18:41.03	21331	21831	-67	-60	10	-0.5	50.93	3.186
2016-01-02 20:57:38.642	21331	21831	-67	-60	10	-0.67	51.02	3.186
2016-01-02 21:24:36.146	21331	21831	-67	-60	10
2016-01-02 21:47:25.703	21331	21831	-67	-60	10	-0.82	50.92	3.186
2016-01-02 22:26:07.826	21331	21831	-67	-60	10	-0.88	50.94	3.186
2016-01-02 23:05:44.367	21331	21831	-67	-60	10	-1.06	50.74	3.186
2016-01-02 23:53:23.483	21331	21831	-67	-60	10	-0.79	51.09	3.178
2016-01-03 00:10:43.023	21331	21831	-67	-60	10
2016-01-03 00:28:17.422	21331	21831	-67	-60	10	-0.75	51.07	3.186
2016-01-03 01:16:22.134	21331	21831	-66	-60	10	-0.84	51.06	3.178
2016-01-03 02:20:00.419	21331	21831	-66	-60	10	-0.48	51.2	3.178
2016-01-03 02:48:54.519	21331	21831	-67	-60	10	-0.34	51.28	3.178
2016-01-03 03:19:42.532	21331	21831	-67	-60	10	-0.25	51.2	3.178
2016-01-03 03:20:35.167	21331	21831	-66	-60	10
2016-01-03 03:24:15.963	21331	21831	-67	-60	10
2016-01-03 04:19:00.379	21331	21831	-66	-60	10	-0.5	51.08	3.178
2016-01-03 04:59:12.712	21331	21831	-67	-60	10	-0.67	50.97	3.178
2016-01-03 05:46:41.727	21331	21831	-66	-60	10	-0.88	50.91	3.17
2016-01-03 06:24:01.754	21331	21831	-66	-59	10	-1.1	50.85	3.17
2016-01-03 06:30:26.17	21331	21831	-66	-60	10
2016-01-03 07:26:32.998	21331	21831	-66	-60	10	-0.57	50.89	3.17
2016-01-03 07:56:32.778	21331	21831	-66	-60	10	-0.49	50.87	3.17
2016-01-03 08:05:20.806	21331	21831	-67	-60	10
2016-01-03 08:46:52.231	21331	21831	-68	-59	10	-0.21	50.74	3.17
2016-01-03 09:23:56.083	21331	21831	-67	-60	10
2016-01-03 09:54:29.759	21331	21831	-68	-60	10	-0.06	50.55	3.17
2016-01-03 10:31:59.798	21331	21831	-66	-60	10	0.0	50.5	3.17
2016-01-03 10:53:55.29	21331	21831	-66	-60	10	0.1	50.43	3.17
2016-01-03 11:15:12.006	21331	21831	-67	-60	10
2016-01-03 11:23:45.466	21331	21831	-67	-60	10	0.14	50.31	3.17
2016-01-03 11:56:20.722	21331	21831	-68	-60	10	0.07	50.31	3.17
2016-01-03 12:23:46.03	21331	21831	-67	-60	10
2016-01-03 12:35:26.179	21331	21831	-68	-60	10	-0.1	50.28	3.17
2016-01-03 13:05:10.402	21331	21831	-68	-60	10	0.26	50.21	3.162
2016-01-03 13:35:59.022	21331	21831	-68	-61	10	0.29	50.22	3.162
2016-01-03 14:25:04.079	21331	21831	-68	-61	10
2016-01-03 14:33:06.599	21331	21831	-67	-61	10	0.57	50.14	3.162
2016-01-03 15:05:07.165	21331	21831	-68	-62	10	0.42	50.24	3.162
2016-01-03 15:23:35.547	21331	21831	-68	-61	10
2016-01-03 15:31:19.262	21331	21831	-68	-61	10	0.46	50.3	3.162
2016-01-03 15:47:56.398	21331	21831	-69	-61	10	0.45	50.36	3.162
2016-01-03 16:00:09.886	21331	21831	-68	-61	10
2016-01-03 16:37:12.963	21331	21831	-68	-61	10	0.15	50.32	3.162
2016-01-03 17:07:10.895	21331	21831	-68	-62	10	-0.02	50.35	3.162
2016-01-03 17:34:54.498	21331	21831	-68	-61	10
2016-01-03 17:52:30.518	21331	21831	-68	-61	10	-0.2	50.41	3.162
2016-01-03 18:23:25.314	21331	21831	-67	-61	10
2016-01-03 18:36:45.495	21331	21831	-68	-60	10	-0.53	50.37	3.162
2016-01-03 18:58:14.954	21331	21831	-67	-60	10	-0.64	50.35	3.162
2016-01-03 19:09:49.763	21331	21831	-66	-60	10
2016-01-03 19:46:48.247	21331	21831	-66	-60	10	-0.88	50.29	3.154
2016-01-03 20:33:29.695	21331	21831	-67	-60	10	-1.07	50.32	3.154
2016-01-03 21:01:32.423	21331	21831	-67	-60	10	-1.21	50.45	3.154
2016-01-03 21:23:15.875	21331	21831	-67	-60	10
2016-01-03 22:01:59.474	21331	21831	-67	-60	10	-1.43	50.54	3.154
2016-01-03 22:54:04.123	21331	21831	-65	-60	10	-1.67	50.62	3.154
2016-01-03 23:28:58.599	21331	21831	-66	-60	10	-1.82	50.48	3.154
2016-01-03 23:54:36.302	21331	21831	-67	-59	10
2016-01-04 00:23:05.579	21331	21831	-66	-59	10
2016-01-04 00:24:55.367	21331	21831	-66	-59	10	-2.07	50.36	3.146
2016-01-04 01:24:31.715	21331	21831	-64	-56	10	-2.74	50.12	3.146
2016-01-04 01:29:32.183	21331	21831	-64	-56	10
2016-01-04 01:56:57.238	21331	21831	-64	-56	10	-2.92	50.18	3.146
2016-01-04 03:52:03.822	21331	21831	-65	-56	10	-3.46	50.11	3.146
2016-01-04 04:36:05.079	21331	21831	-65	-56	10	-3.71	50.13	3.138
2016-01-04 04:39:23.303	21331	21831	-65	-55	10
2016-01-04 06:17:43.719	21331	21831	-64	-55	10	-4.09	50.14	3.13
2016-01-04 08:48:24.895	21331	21831	-64	-55	10	-4.42	50.0	3.13
2016-01-04 09:34:25.503	21331	21831	-64	-55	10	-3.39	49.8	3.13
2016-01-04 10:27:33.158	21331	21831	-64	-54	10	-2.56	49.85	3.13
2016-01-04 11:17:42.958	21331	21831	-65	-58	10	-1.11	50.9	3.13
2016-01-04 12:29:04.159	21331	21831	-64	-58	10	-0.25	51.26	3.13
2016-01-04 12:54:29.966	21331	21831	-66	-58	10	-0.41	49.53	3.13
2016-01-04 13:50:13.395	21331	21831	-66	-60	10	-2.56	49.53	3.13
2016-01-04 15:03:41.834	21331	21831	-67	-60	10	-1.5	49.53	3.123
2016-01-04 15:22:15.054	21331	21831	-66	-60	10
2016-01-04 15:27:54.226	21331	21831	-66	-60	10	-2.2	49.29	3.123
2016-01-04 15:43:52.19	21331	21831	-65	-58	10
2016-01-04 16:32:53.495	21331	21831	-64	-55	10	-4.7	49.18	3.123
2016-01-04 17:25:02.394	21331	21831	-64	-54	10	-6.57	49.24	3.123
2016-01-04 20:27:05.854	21331	21831	-62	-58	10	-10.12	49.15	3.107
2016-01-04 21:59:23.838	21331	21831	-62	-58	10	-11.25	49.22	3.099
