result_time	node_id	parent_id	stats_frssi	stats_brssi	etx	temperature	humidity	voltage
2015-12-01 00:19:37.422	30151	21501	-79	-67	10	6.89	81.72	3.348
2015-12-01 03:13:47.15	30151	21501	-79	-68	10	7.15	81.59	3.348
2015-12-01 04:20:04.478	30151	21501	-82	-68	10	7.17	81.55	3.348
2015-12-01 07:14:48.394	30151	21501	-82	-69	10
2015-12-01 07:59:07.258	30151	21501	-82	-69	10	6.79	81.87	3.348
2015-12-01 17:16:52.102	30151	21501	-85	-72	10	11.89	82.65	3.348
2015-12-01 17:53:25.699	30151	21501	-85	-72	10	12.04	82.73	3.348
2015-12-01 19:59:27.382	30151	21501	-85	-73	10
2015-12-01 20:19:58.274	30151	21501	-85	-72	10	12.86	82.8	3.348
2015-12-02 00:48:43.494	30151	21501	-82	-71	10	9.43	82.49	3.348
2015-12-02 05:26:03.587	30151	21501	-85	-72	10	7.6	83.07	3.339
2015-12-02 05:43:58.099	30151	21501	-82	-73	10
2015-12-02 08:48:46.587	30151	21501	-85	-73	10	7.01	83.12	3.339
2015-12-02 09:19:35.922	30151	21501	-85	-74	10	6.97	83.2	3.339
2015-12-02 10:22:38.406	30151	21501	-85	-73	10	7.14	83.29	3.339
2015-12-02 12:53:01.999	30151	21501	-85	-74	10	8.22	83.4	3.339
2015-12-02 17:13:55.678	30151	21501	-85	-73	10
2015-12-02 18:18:51.358	30151	21501	-85	-72	10	7.56	83.08	3.33
2015-12-02 19:21:22.435	30151	21501	-82	-72	10
2015-12-02 19:47:38.911	30151	21501	-82	-73	10	6.24	82.87	3.33
2015-12-02 21:56:54.17	30151	21501	-82	-72	10	5.07	82.9	3.33
2015-12-03 01:43:43.698	30151	21501	-82	-72	10
2015-12-03 02:49:57.651	30151	21501	-82	-71	10	1.36	82.71	3.321
2015-12-03 03:29:15.13	30151	21501	-85	-70	10	1.06	82.87	3.321
2015-12-03 03:50:35.439	30151	21501	-82	-68	10
2015-12-03 03:57:26.018	30151	21501	-85	-70	10	0.92	82.84	3.321
2015-12-03 05:58:48.815	30151	21501	-82	-70	10	0.97	82.91	3.321
2015-12-03 09:55:23.618	30151	21501	-82	-69	10	1.78	82.86	3.313
2015-12-03 10:13:30.431	30151	21501	-82	-70	10
2015-12-03 11:38:59.286	30151	21501	-82	-68	10	3.03	82.85	3.321
2015-12-03 12:20:57.571	30151	21501	-82	-68	10
2015-12-03 12:21:08.95	30151	21501	-82	-68	10
2015-12-03 14:48:28.727	30151	21501	-82	-69	10	3.46	82.47	3.313
2015-12-03 16:29:16.015	30151	21501	-82	-68	10	3.82	82.51	3.313
2015-12-03 20:12:37.474	30151	21501	-82	-68	10	3.25	82.52	3.304
2015-12-03 21:46:03.49	30151	21501	-82	-68	10	3.11	82.62	3.304
2015-12-03 22:14:07.47	30151	21501	-79	-68	10	3.07	82.61	3.313
2015-12-03 22:58:12.343	30151	21501	-79	-68	10
2015-12-04 01:05:38.31	30151	21501	-79	-68	10
2015-12-04 01:16:21.179	30151	21501	-82	-68	10	2.82	82.69	3.304
2015-12-04 01:57:12.539	30151	21501	-82	-68	10
2015-12-04 02:41:27.63	30151	21501	-79	-68	10	2.76	82.72	3.304
2015-12-04 06:29:09.031	30151	21501	-79	-66	10	2.65	82.72	3.304
2015-12-04 06:59:45.97	30151	21501	-82	-67	10	2.67	82.72	3.304
2015-12-04 09:40:29.619	30151	21501	-79	-67	10	3.28	82.84	3.304
2015-12-04 10:14:40.546	30151	21501	-82	-67	10
2015-12-04 11:09:26.102	30151	21501	-82	-68	10	5.25	83.54	3.304
2015-12-04 11:45:27.258	30151	21501	-79	-67	10	6.2	83.35	3.304
2015-12-04 15:42:51.898	30151	21501	-97	-68	10	8.97	83.25	3.304
2015-12-04 15:57:46.262	30151	21501	-79	-67	10
2015-12-04 18:05:25.214	30151	21501	-79	-66	10
2015-12-04 21:50:36.299	30151	21501	-79	-66	10	2.03	82.87	3.295
2015-12-04 23:27:47.815	30151	21501	-79	-66	10	0.42	83.07	3.295
2015-12-05 00:03:52.706	30151	21501	-79	-66	10
2015-12-05 00:27:34.498	30151	21501	-79	-66	10
2015-12-05 01:20:35.019	30151	21501	-79	-66	10	-0.53	83.3	3.287
2015-12-05 02:39:20.679	30151	21501	-79	-66	10	-1.07	83.21	3.287
2015-12-05 04:42:40.25	30151	21501	-79	-65	10
2015-12-05 05:09:18.062	30151	21501	-79	-65	10	-1.75	83.27	3.287
2015-12-05 05:53:26.883	30151	21501	-76	-65	10	-2.0	83.14	3.287
2015-12-05 06:49:59.818	30151	21501	-79	-66	10
2015-12-05 06:54:37.343	30151	21501	-79	-66	10	-2.24	83.15	3.278
2015-12-05 07:22:56.555	30151	21501	-79	-65	10	-2.39	83.16	3.278
2015-12-05 08:21:17.771	30151	21501	-76	-66	10
2015-12-05 08:57:24.263	30151	21501	-79	-66	10
2015-12-05 15:19:41.818	30151	21501	-82	-69	10
2015-12-05 16:09:10.794	30151	21501	-79	-67	10	9.71	83.44	3.287
2015-12-05 16:38:48.078	30151	21501	-82	-67	10
2015-12-05 17:09:03.659	30151	21501	-79	-67	10	6.92	82.91	3.287
2015-12-05 18:21:43.791	30151	21501	-79	-66	10	4.54	82.91	3.287
2015-12-05 19:24:38.023	30151	21501	-79	-66	10
2015-12-05 19:34:35.283	30151	21501	-79	-66	10
2015-12-05 19:55:48.846	30151	21501	-79	-66	10	2.35	82.88	3.278
2015-12-05 20:25:04.759	30151	21501	-79	-66	10	1.99	83.04	3.278
2015-12-05 20:48:50.323	30151	21501	-79	-66	10	1.67	83.06	3.278
2015-12-05 21:28:36.535	30151	21501	-79	-66	10	1.01	83.04	3.278
2015-12-05 21:42:01.862	30151	21501	-79	-66	10
2015-12-05 21:53:55.691	30151	21501	-79	-66	10	0.65	83.11	3.278
2015-12-05 22:10:28.279	30151	21501	-79	-66	10
2015-12-05 22:29:22.831	30151	21501	-79	-66	10	0.21	83.05	3.269
2015-12-05 22:57:52.794	30151	21501	-79	-66	10	-0.2	82.97	3.269
2015-12-05 23:20:03.95	30151	21501	-79	-66	10	-0.61	83.03	3.278
2015-12-05 23:49:29.094	30151	21501	-79	-65	10
2015-12-05 23:56:25.427	30151	21501	-76	-65	10	-0.98	83.12	3.269
2015-12-06 00:27:43.614	30151	21501	-79	-65	10	-1.21	83.11	3.269
2015-12-06 00:48:24.298	30151	21501	-79	-65	10	-1.38	83.14	3.269
2015-12-06 00:56:17.834	30151	21501	-79	-65	10
2015-12-06 01:22:38.43	30151	21501	-79	-65	10	-1.5	83.26	3.269
2015-12-06 01:56:56.066	30151	21501	-79	-66	10
2015-12-06 01:59:05.378	30151	21501	-79	-65	10	-1.7	83.08	3.269
2015-12-06 02:25:27.818	30151	21501	-79	-66	10	-1.82	83.16	3.269
2015-12-06 02:50:41.803	30151	21501	-79	-66	10	-1.89	83.28	3.269
2015-12-06 03:14:55.406	30151	21501	-79	-66	10	-1.96	83.22	3.269
2015-12-06 03:42:29.883	30151	21501	-79	-66	10
2015-12-06 03:58:32.139	30151	21501	-79	-66	10	-2.1	83.34	3.261
2015-12-06 04:04:23.223	30151	21501	-79	-66	10
2015-12-06 04:14:57.031	30151	21501	-79	-66	10	-2.17	83.21	3.261
2015-12-06 04:58:34.194	30151	21501	-79	-66	10	-2.32	83.26	3.261
2015-12-06 05:21:44.847	30151	21501	-79	-66	10	-2.32	83.39	3.261
2015-12-06 05:56:21.579	30151	21501	-79	-66	10	-2.29	83.31	3.261
2015-12-06 06:11:48.918	30151	21501	-79	-66	10
2015-12-06 06:12:32.363	30151	21501	-79	-66	10	-2.38	83.29	3.261
2015-12-06 06:27:56.578	30151	21501	-79	-66	10
2015-12-06 06:46:16.958	30151	21501	-79	-66	10	-2.39	83.2	3.261
2015-12-06 07:11:31.898	30151	21501	-79	-66	10	-2.43	83.28	3.261
2015-12-06 07:49:13.578	30151	21501	-79	-66	10	-2.29	83.42	3.261
2015-12-06 08:17:24.955	30151	21501	-79	-66	10	-2.03	83.55	3.261
2015-12-06 08:19:16.755	30151	21501	-79	-66	10
2015-12-06 10:43:26.183	30151	21501	-79	-66	10	0.82	83.89	3.261
2015-12-06 11:40:03.527	30151	21501	-79	-66	10	2.79	84.16	3.261
2015-12-06 11:59:36.29	30151	21501	-79	-66	10
2015-12-06 12:13:24.25	30151	21501	-79	-67	10	4.14	84.12	3.252
2015-12-06 12:34:11.182	30151	21501	-79	-67	10
2015-12-06 12:38:23.955	30151	21501	-79	-67	10	5.32	84.04	3.261
2015-12-06 13:22:08.198	30151	21501	-79	-67	10	6.53	83.45	3.261
2015-12-06 13:46:49.706	30151	21501	-79	-67	10	7.24	83.24	3.261
2015-12-06 14:11:26.834	30151	21501	-79	-68	10	7.78	83.11	3.261
2015-12-06 14:38:54.435	30151	21501	-79	-67	10	8.22	83.1	3.261
2015-12-06 14:41:37.115	30151	21501	-82	-67	10
2015-12-06 14:45:24.915	30151	21501	-79	-67	10
2015-12-06 15:26:21.291	30151	21501	-79	-67	10	8.38	83.01	3.261
2015-12-06 15:53:25.022	30151	21501	-79	-67	10	8.18	82.85	3.261
2015-12-06 16:20:33.463	30151	21501	-79	-67	10	7.57	82.52	3.261
2015-12-06 16:41:10.774	30151	21501	-79	-67	10	6.93	82.4	3.261
2015-12-06 16:49:03.627	30151	21501	-79	-66	10
2015-12-06 17:08:09.023	30151	21501	-79	-67	10	6.07	82.24	3.269
2015-12-06 17:08:11.619	30151	21501	-79	-67	10	6.07	82.24	3.269
2015-12-06 17:31:15.919	30151	21501	-79	-66	10
2015-12-06 17:58:24.23	30151	21501	-79	-66	10	4.92	82.3	3.261
2015-12-06 18:10:21.819	30151	21501	-79	-66	10	4.74	82.26	3.261
2015-12-06 18:56:30.942	30151	21501	-79	-66	10
2015-12-06 18:59:01.307	30151	21501	-79	-66	10	4.08	82.5	3.269
2015-12-06 19:23:28.638	30151	21501	-79	-66	10	3.88	82.5	3.261
2015-12-06 19:57:04.938	30151	21501	-79	-66	10	3.61	82.51	3.261
2015-12-06 20:07:39.879	30151	21501	-79	-66	10	3.53	82.44	3.261
2015-12-06 20:17:05.187	30151	21501	-79	-66	10
2015-12-06 20:43:54.238	30151	21501	-79	-66	10	3.08	82.52	3.261
2015-12-06 21:03:57.43	30151	21501	-79	-67	10
2015-12-06 21:11:32.207	30151	21501	-79	-67	10	2.79	82.69	3.261
2015-12-06 21:43:49.155	30151	21501	-79	-66	10	2.42	82.6	3.261
2015-12-06 22:10:20.766	30151	21501	-79	-66	10	2.18	82.52	3.261
2015-12-06 23:00:01.907	30151	21501	-79	-66	10	1.56	82.76	3.252
2015-12-06 23:02:55.251	30151	21501	-76	-66	10
2015-12-06 23:11:24.659	30151	21501	-79	-66	10
2015-12-06 23:27:43.034	30151	21501	-79	-66	10	1.25	82.6	3.252
2015-12-06 23:47:48.871	30151	21501	-79	-66	10	1.14	82.86	3.252
2015-12-07 00:10:45.452	30151	21501	-79	-66	10	1.08	82.87	3.252
2015-12-07 00:38:13.619	30151	21501	-79	-66	10	0.99	82.76	3.252
2015-12-07 01:13:33.139	30151	21501	-79	-66	10	0.67	82.82	3.252
2015-12-07 01:18:50.742	30151	21501	-79	-66	10
2015-12-07 01:48:44.29	30151	21501	-79	-66	10
2015-12-07 01:53:05.343	30151	21501	-79	-66	10	0.33	82.72	3.252
2015-12-07 02:08:30.87	30151	21501	-79	-66	10	0.2	82.75	3.252
2015-12-07 02:56:21.446	30151	21501	-79	-66	10	-0.24	82.83	3.252
2015-12-07 03:24:40.915	30151	21501	-79	-66	10	-0.43	82.8	3.252
2015-12-07 03:26:17.827	30151	21501	-79	-66	10
2015-12-07 03:45:20.383	30151	21501	-79	-66	10	-0.5	82.92	3.252
2015-12-07 04:27:16.115	30151	21501	-79	-66	10	-0.61	82.87	3.244
2015-12-07 04:34:34.395	30151	21501	-79	-66	10
2015-12-07 04:55:43.978	30151	21501	-79	-66	10	-0.82	82.87	3.252
2015-12-07 05:10:48.143	30151	21501	-79	-66	10	-0.89	82.85	3.252
2015-12-07 05:33:44.939	30151	21501	-79	-66	10
2015-12-07 05:56:59.018	30151	21501	-79	-66	10	-1.32	82.92	3.244
2015-12-07 06:22:08.579	30151	21501	-79	-66	10	-1.29	82.95	3.244
2015-12-07 06:47:55.507	30151	21501	-79	-66	10	-1.38	83.0	3.244
2015-12-07 07:20:24.091	30151	21501	-79	-66	10
2015-12-07 07:27:54.363	30151	21501	-79	-66	10	-1.5	82.91	3.244
2015-12-07 07:41:11.919	30151	21501	-79	-66	10
2015-12-07 07:47:20.29	30151	21501	-79	-66	10	-1.39	83.2	3.244
2015-12-07 08:23:41.547	30151	21501	-79	-66	10	-1.1	83.25	3.244
2015-12-07 08:41:41.402	30151	21501	-79	-66	10	-0.57	83.53	3.244
2015-12-07 09:13:54.767	30151	21501	-79	-66	10	0.39	83.56	3.244
2015-12-07 09:52:08.787	30151	21501	-79	-66	10	1.24	83.7	3.244
2015-12-07 10:06:13.438	30151	21501	-79	-66	10
2015-12-07 10:53:48.394	30151	21501	-79	-66	10	2.95	83.88	3.236
2015-12-07 11:25:56.434	30151	21501	-79	-66	10	4.32	83.82	3.244
2015-12-07 11:51:00.147	30151	21501	-79	-66	10	4.83	83.58	3.244
2015-12-07 11:56:05.471	30151	21501	-79	-66	10
2015-12-07 12:27:03.439	30151	21501	-79	-66	10	5.79	83.58	3.244
2015-12-07 12:52:06.407	30151	21501	-79	-67	10
2015-12-07 12:55:52.61	30151	21501	-79	-67	10	6.33	83.43	3.236
2015-12-07 13:19:27.766	30151	21501	-79	-67	10	7.82	83.73	3.244
2015-12-07 13:39:17.085	30151	21501	-82	-67	10	8.61	83.77	3.244
2015-12-07 14:03:31.962	30151	21501	-97	-68	10
2015-12-07 14:12:58.259	30151	21501	-79	-67	10	8.32	83.38	3.244
2015-12-07 14:56:08.574	30151	21501	-79	-67	10	9.1	82.94	3.244
2015-12-07 15:28:39.022	30151	21501	-79	-66	10	8.86	83.12	3.244
2015-12-07 15:37:51.994	30151	21501	-79	-66	10
2015-12-07 15:40:38.487	30151	21501	-79	-66	10	9.15	83.1	3.252
2015-12-07 16:10:59.298	30151	21501	-79	-66	10
2015-12-07 16:23:45.31	30151	21501	-79	-66	10	8.43	82.93	3.252
2015-12-07 16:43:59.13	30151	21501	-79	-66	10	7.75	82.84	3.252
2015-12-07 17:10:49.57	30151	21501	-79	-66	10	6.75	82.68	3.252
2015-12-07 17:47:57.298	30151	21501	-79	-66	10	5.58	82.69	3.252
2015-12-07 18:08:35.994	30151	21501	-79	-66	10	5.03	82.7	3.252
2015-12-07 18:18:25.99	30151	21501	-79	-66	10
2015-12-07 18:23:42.179	30151	21501	-79	-66	10
2015-12-07 18:49:41.334	30151	21501	-79	-66	10	4.38	82.9	3.252
2015-12-07 19:19:55.307	30151	21501	-79	-66	10	4.43	82.98	3.252
2015-12-07 19:45:05.92	30151	21501	-79	-66	10	4.11	82.9	3.252
2015-12-07 20:16:14.21	30151	21501	-79	-66	10	3.61	82.83	3.244
2015-12-07 20:25:52.666	30151	21501	-79	-66	10
2015-12-07 20:49:54.903	30151	21501	-79	-66	10	2.96	82.86	3.244
2015-12-07 21:17:13.066	30151	21501	-76	-66	10	2.68	82.86	3.244
2015-12-07 21:56:38.618	30151	21501	-79	-66	10	2.75	83.18	3.244
2015-12-07 22:14:12.21	30151	21501	-79	-66	10	2.7	83.12	3.244
2015-12-07 22:33:19.238	30151	21501	-79	-66	10
2015-12-07 22:50:56.83	30151	21501	-79	-65	10	2.32	83.35	3.244
2015-12-07 23:29:03.262	30151	21501	-79	-65	10	2.24	83.28	3.236
2015-12-07 23:53:47.122	30151	21501	-79	-66	10	2.03	83.19	3.244
2015-12-07 23:55:21.21	30151	21501	-79	-66	10
2015-12-08 00:10:40.678	30151	21501	-79	-65	10	1.83	83.32	3.236
2015-12-08 00:40:45.734	30151	21501	-79	-65	10
2015-12-08 00:48:52.306	30151	21501	-79	-65	10	1.92	83.37	3.236
2015-12-08 01:27:07.026	30151	21501	-79	-66	10	1.51	83.2	3.236
2015-12-08 01:42:20.226	30151	21501	-79	-66	10	1.28	83.24	3.236
2015-12-08 02:18:02.806	30151	21501	-79	-66	10	1.03	83.16	3.236
2015-12-08 02:41:10.996	30151	21501	-79	-66	10
2015-12-08 02:48:13.906	30151	21501	-79	-66	10
2015-12-08 02:48:15.342	30151	21501	-79	-66	10	0.5	83.12	3.236
2015-12-08 03:28:44.299	30151	21501	-79	-66	10	0.0	83.11	3.236
2015-12-08 03:55:19.803	30151	21501	-79	-65	10	-0.02	83.33	3.236
2015-12-08 04:20:32.239	30151	21501	-79	-66	10	-0.02	83.22	3.236
2015-12-08 04:54:14.826	30151	21501	-79	-66	10	-0.34	83.1	3.236
2015-12-08 04:55:40.739	30151	21501	-79	-65	10
2015-12-08 05:08:46.59	30151	21501	-79	-65	10	-0.46	83.09	3.236
2015-12-08 05:27:01.175	30151	21501	-79	-65	10
2015-12-08 05:55:57.983	30151	21501	-79	-66	10	-0.6	83.32	3.227
2015-12-08 06:13:25.47	30151	21501	-79	-66	10	-0.42	83.41	3.227
2015-12-08 06:51:49.962	30151	21501	-79	-66	10	0.01	83.38	3.236
2015-12-08 07:20:13.074	30151	21501	-79	-66	10	0.25	83.42	3.227
2015-12-08 08:58:40.447	30151	21501	-79	-66	10	1.35	83.48	3.227
2015-12-08 09:10:33.939	30151	21501	-79	-66	10
2015-12-08 09:15:23.11	30151	21501	-79	-66	10	1.64	83.48	3.227
2015-12-08 09:57:57.099	30151	21501	-79	-66	10	2.33	83.51	3.227
2015-12-08 10:12:09.655	30151	21501	-79	-66	10	2.64	83.56	3.227
2015-12-08 10:44:05.719	30151	21501	-79	-66	10	3.43	83.59	3.227
2015-12-08 10:58:40.594	30151	21501	-79	-66	10
2015-12-08 11:10:03.015	30151	21501	-79	-66	10	3.99	83.49	3.227
2015-12-08 11:18:01.07	30151	21501	-79	-66	10
2015-12-08 11:38:25.578	30151	21501	-79	-66	10	4.28	83.36	3.227
2015-12-08 12:12:20.691	30151	21501	-79	-66	10	4.71	83.34	3.227
2015-12-08 12:52:32.983	30151	21501	-79	-66	10	5.57	83.29	3.227
2015-12-08 13:17:02.162	30151	21501	-79	-67	10	5.65	83.13	3.227
2015-12-08 13:25:29.139	30151	21501	-82	-67	10
2015-12-08 13:44:30.227	30151	21501	-79	-67	10
2015-12-08 13:58:46.698	30151	21501	-79	-67	10	6.11	83.16	3.227
2015-12-08 14:25:33.81	30151	21501	-79	-67	10	6.42	83.12	3.227
2015-12-08 14:43:35.798	30151	21501	-79	-66	10	6.68	83.11	3.227
2015-12-08 15:18:24.535	30151	21501	-79	-66	10	7.24	83.1	3.227
2015-12-08 15:32:54.81	30151	21501	-79	-67	10
2015-12-08 15:50:05.307	30151	21501	-79	-66	10	7.14	82.94	3.227
2015-12-08 16:15:01.747	30151	21501	-79	-66	10	7.11	82.93	3.227
2015-12-08 16:30:21.072	30151	21501	-79	-67	10
2015-12-08 16:52:02.603	30151	21501	-79	-67	10	6.78	82.88	3.227
2015-12-08 17:22:49.287	30151	21501	-79	-67	10	6.61	82.88	3.227
2015-12-08 17:40:28.05	30151	21501	-79	-66	10
2015-12-08 17:45:36.639	30151	21501	-79	-66	10	6.53	82.79	3.227
2015-12-08 18:13:31.563	30151	21501	-79	-67	10	6.32	82.77	3.227
2015-12-08 18:47:26.17	30151	21501	-79	-67	10	5.83	82.7	3.227
2015-12-08 19:16:09.631	30151	21501	-79	-66	10
2015-12-08 19:27:38.698	30151	21501	-79	-66	10	5.1	82.65	3.227
2015-12-08 19:46:39.395	30151	21501	-79	-66	10	4.89	82.69	3.227
2015-12-08 19:47:48.871	30151	21501	-79	-66	10
2015-12-08 20:21:06.583	30151	21501	-79	-66	10	4.5	82.67	3.227
2015-12-08 21:47:38.231	30151	21501	-79	-66	10	3.54	82.82	3.227
2015-12-08 21:55:17.167	30151	21501	-79	-66	10
2015-12-08 22:01:58.491	30151	21501	-79	-66	10
2015-12-08 22:20:00.359	30151	21501	-79	-66	10	3.32	82.86	3.227
2015-12-08 22:37:42.054	30151	21501	-79	-66	10	3.15	82.82	3.227
2015-12-08 23:24:48.311	30151	21501	-79	-66	10	2.67	82.88	3.227
2015-12-08 23:48:46.646	30151	21501	-79	-66	10	2.51	82.94	3.227
2015-12-09 00:02:40.707	30151	21501	-79	-66	10
2015-12-09 00:43:08.63	30151	21501	-79	-66	10	2.17	83.0	3.227
2015-12-09 01:24:51.943	30151	21501	-79	-66	10	1.97	82.99	3.219
2015-12-09 01:51:38.287	30151	21501	-79	-66	10	1.88	82.95	3.219
2015-12-09 02:10:08.586	30151	21501	-79	-66	10
2015-12-09 02:15:12.566	30151	21501	-79	-66	10	1.85	82.97	3.219
2015-12-09 02:42:05.254	30151	21501	-79	-66	10	1.61	82.98	3.219
2015-12-09 03:23:23.411	30151	21501	-79	-66	10	1.42	82.95	3.219
2015-12-09 03:33:38.523	30151	21501	-79	-66	10
2015-12-09 03:44:08.638	30151	21501	-79	-66	10	1.31	82.97	3.219
2015-12-09 04:17:35.898	30151	21501	-79	-66	10
2015-12-09 04:21:25.583	30151	21501	-79	-66	10	1.24	83.0	3.211
2015-12-09 04:49:23.014	30151	21501	-79	-66	10	1.26	83.05	3.219
2015-12-09 05:23:08.423	30151	21501	-79	-66	10	1.17	83.01	3.211
2015-12-09 05:54:54.303	30151	21501	-97	-66	10	1.07	83.12	3.211
2015-12-09 06:19:28.85	30151	21501	-79	-66	10
2015-12-09 06:25:01.846	30151	21501	-79	-66	10
2015-12-09 06:29:26.023	30151	21501	-79	-67	10	1.06	83.09	3.211
2015-12-09 06:46:38.458	30151	21501	-79	-66	10	0.96	83.02	3.211
2015-12-09 07:10:38.723	30151	21501	-79	-66	10	0.99	83.1	3.211
2015-12-09 07:47:30.811	30151	21501	-79	-66	10	0.89	83.1	3.211
2015-12-09 08:32:29.099	30151	21501	-79	-67	10
2015-12-09 09:21:21.487	30151	21501	-79	-66	10	3.03	83.7	3.202
2015-12-09 09:56:08.918	30151	21501	-79	-66	10	3.76	83.78	3.202
2015-12-09 10:39:55.986	30151	21501	-79	-66	10
2015-12-09 10:41:19.494	30151	21501	-79	-66	10	5.25	83.98	3.194
2015-12-09 11:08:07.727	30151	21501	-79	-66	10	6.25	84.06	3.202
2015-12-09 11:51:07.767	30151	21501	-79	-67	10
2015-12-09 11:51:09.543	30151	21501	-79	-66	10	8.25	84.09	3.202
2015-12-09 12:25:46.798	30151	21501	-79	-67	10	9.5	84.08	3.202
2015-12-09 12:47:23.147	30151	21501	-82	-67	10
2015-12-09 12:50:16.526	30151	21501	-82	-66	10	10.74	84.06	3.202
2015-12-09 13:11:21.775	30151	21501	-79	-67	10	11.33	83.87	3.202
2015-12-09 13:42:53.986	30151	21501	-79	-66	10	12.0	83.47	3.202
2015-12-09 14:22:50.882	30151	21501	-82	-68	10	12.72	83.2	3.211
2015-12-09 14:36:56.454	30151	21501	-79	-66	10
2015-12-09 15:00:07.771	30151	21501	-79	-67	10	13.02	83.0	3.211
2015-12-09 15:44:34.53	30151	21501	-79	-68	10	12.46	82.85	3.211
2015-12-09 16:09:23.731	30151	21501	-79	-66	10	12.21	82.79	3.211
2015-12-09 16:50:04.59	30151	21501	-79	-67	10	11.5	82.73	3.211
2015-12-09 17:22:47.102	30151	21501	-79	-67	10
2015-12-09 17:55:14.278	30151	21501	-79	-67	10	10.89	82.83	3.202
2015-12-09 18:15:50.37	30151	21501	-79	-67	10	10.85	82.89	3.202
2015-12-09 18:47:48.73	30151	21501	-79	-66	10	10.74	82.72	3.202
2015-12-09 19:09:43.762	30151	21501	-79	-66	10
2015-12-09 19:16:25.218	30151	21501	-79	-66	10	10.18	82.74	3.194
2015-12-09 19:52:51.118	30151	21501	-79	-66	10	9.43	83.09	3.194
2015-12-09 20:08:49.1	30151	21501	-82	-67	10
2015-12-09 20:29:53.552	30151	21501	-79	-66	10	9.07	83.01	3.178
2015-12-09 20:59:54.438	30151	21501	-82	-66	10	8.82	82.97	3.17
2015-12-09 21:17:12.154	30151	21501	-79	-66	10
2015-12-09 21:17:55.071	30151	21501	-79	-66	10	8.78	83.01	3.154
2015-12-09 21:50:10.214	30151	21501	-79	-66	10	8.79	83.02	3.138
2015-12-09 22:11:05.959	30151	21501	-79	-67	10	8.78	83.11	3.138
2015-12-09 22:50:41.786	30151	21501	-79	-66	10	8.68	83.08	3.092
2015-12-09 22:54:26.183	30151	21501	-97	-67	10
2015-12-09 23:24:14.902	30151	21501	-79	-67	10	8.71	83.02	2.872
2015-12-09 23:24:49.266	30151	21501	-79	-66	10
2015-12-09 23:52:13.978	30151	21501	-79	-66	10	8.72	82.81	2.571
2015-12-10 00:27:55.615	30151	21501	-79	-66	10	8.64	82.79	2.354
2015-12-10 00:49:19.907	30151	21501	-79	-66	10	8.61	82.76	2.332
2015-12-10 01:26:00.942	30151	21501	-79	-66	10	8.6	82.83	2.314
2015-12-10 01:32:03.735	30151	21501	-79	-66	10
2015-12-10 01:40:15.25	30151	21501	-79	-66	10
2015-12-10 01:41:50.522	30151	21501	-79	-66	10	8.61	82.76	2.306
2015-12-10 02:22:28.443	30151	21501	-79	-66	10	8.36	82.65	2.289
2015-12-10 02:38:06.075	30151	21501	-79	-66	10	8.11	82.72	2.293
2015-12-10 03:18:11.623	30151	21501	-79	-66	10	7.71	82.62	2.281
2015-12-10 03:53:17.278	30151	21501	-79	-66	10	7.14	82.63	2.272
2015-12-10 04:26:05.71	30151	21501	-82	-66	10
2015-12-10 05:16:52.111	30151	21501	-79	-66	10	5.99	82.74	2.256
2015-12-10 05:46:57.034	30151	21501	-79	-67	10
2015-12-10 05:48:31.114	30151	21501	-79	-66	10	5.7	82.76	2.26
2015-12-10 06:09:06.619	30151	21501	-79	-66	10	5.56	82.78	2.26
2015-12-10 06:48:06.622	30151	21501	-79	-67	10	5.29	82.79	2.256
2015-12-10 07:11:56.307	30151	21501	-79	-66	10
2015-12-10 07:24:06.974	30151	21501	-82	-66	10	5.1	82.86	2.252
2015-12-10 07:40:20.038	30151	21501	-79	-67	10	4.97	82.78	2.252
2015-12-10 07:54:26.786	30151	21501	-79	-66	10
2015-12-10 08:23:08.219	30151	21501	-79	-66	10	5.2	82.97	2.256
2015-12-10 08:54:03.903	30151	21501	-79	-67	10	5.78	83.29	2.252
2015-12-10 09:29:32.966	30151	21501	-79	-67	10	6.7	83.32	2.252
2015-12-10 09:57:45.155	30151	21501	-79	-66	10
2015-12-10 09:59:47.755	30151	21501	-79	-66	10	7.56	83.39	2.252
2015-12-10 10:01:51.979	30151	21501	-79	-66	10
2015-12-10 10:27:02.879	30151	21501	-79	-66	10	8.28	83.51	2.252
2015-12-10 10:43:09.006	30151	21501	-79	-66	10	8.71	83.37	2.256
2015-12-10 11:14:25.93	30151	21501	-79	-66	10	9.03	83.19	2.256
2015-12-10 11:41:23.659	30151	21501	-79	-66	10	9.14	82.95	2.256
2015-12-10 12:10:04.555	30151	21501	-79	-67	10
2015-12-10 12:13:15.083	30151	21501	-82	-66	10	9.71	82.85	2.256
2015-12-10 12:43:34.575	30151	21501	-79	-67	10
2015-12-10 13:21:01.787	30151	21501	-79	-68	10	11.04	83.03	2.26
2015-12-10 13:58:52.891	30151	21501	-82	-67	10	11.74	83.07	2.26
2015-12-10 14:16:45.051	30151	21501	-79	-68	10
2015-12-10 15:26:46.907	30151	21501	-79	-66	10	12.08	82.65	2.264
2015-12-10 15:29:23.942	30151	21501	-79	-66	10
2015-12-10 15:56:03.451	30151	21501	-79	-66	10	12.38	82.69	2.268
2015-12-10 16:19:06.855	30151	21501	-79	-66	10	11.82	82.66	2.268
2015-12-10 16:46:20.587	30151	21501	-79	-67	10	11.04	82.58	2.26
2015-12-10 17:23:18.415	30151	21501	-79	-66	10	10.0	82.58	2.264
2015-12-10 18:31:38.303	30151	21501	-79	-66	10
2015-12-10 19:10:46.586	30151	21501	-79	-66	10	8.43	82.65	2.26
2015-12-10 20:46:16.89	30151	21501	-79	-66	10	7.83	82.79	2.252
2015-12-10 21:57:34.491	30151	21501	-79	-66	10	7.6	82.81	2.256
2015-12-10 22:53:25.419	30151	21501	-79	-66	10	7.43	82.86	2.256
2015-12-10 23:26:27.124	30151	21501	-79	-66	10	7.72	82.91	2.256
2015-12-10 23:46:52.854	30151	21501	-79	-66	10
2015-12-10 23:50:17.966	30151	21501	-79	-66	10	7.78	82.87	2.256
2015-12-11 00:26:16.662	30151	21501	-79	-66	10	7.6	82.71	2.256
2015-12-11 00:46:56.874	30151	21501	-79	-66	10	7.36	82.68	2.256
2015-12-11 00:53:59.27	30151	21501	-79	-66	10
2015-12-11 01:39:11.098	30151	21501	-79	-66	10	7.0	82.76	2.256
2015-12-11 02:24:08.567	30151	21501	-79	-66	10	6.92	82.77	2.252
2015-12-11 02:32:42.895	30151	21501	-79	-66	10
2015-12-11 03:48:03.642	30151	21501	-79	-66	10	6.78	82.83	2.252
2015-12-11 04:30:14.187	30151	21501	-79	-67	10	6.78	82.92	2.252
2015-12-11 04:42:13.989	30151	21501	-79	-66	10	6.92	83.0	2.252
2015-12-11 05:18:35.462	30151	21501	-79	-66	10
2015-12-11 05:44:03.614	30151	21501	-79	-66	10	8.0	83.11	2.252
2015-12-11 06:47:04.307	30151	21501	-79	-66	10	8.68	83.01	2.256
2015-12-11 07:25:59.219	30151	21501	-79	-66	10	9.0	82.99	2.256
2015-12-11 08:04:23.49	30151	21501	-79	-66	10
2015-12-11 08:19:59.734	30151	21501	-79	-65	10	9.46	83.03	2.256
2015-12-11 09:28:51.747	30151	21501	-79	-66	10	10.1	83.13	2.256
2015-12-11 11:31:13.283	30151	21501	-79	-66	10
2015-12-11 11:57:27.578	30151	21501	-79	-66	10	12.46	82.95	2.26
2015-12-11 12:42:54.815	30151	21501	-79	-66	10	12.64	82.84	2.26
2015-12-11 13:50:41.306	30151	21501	-79	-66	10	13.63	82.97	2.264
2015-12-11 14:45:23.27	30151	21501	-79	-66	10	14.14	82.94	2.268
2015-12-11 14:45:32.143	30151	21501	-79	-66	10	14.14	82.94	2.268
2015-12-11 15:20:54.89	30151	21501	-79	-66	10	14.43	82.91	2.264
2015-12-11 15:43:29.186	30151	21501	-79	-66	10	14.38	82.9	2.264
2015-12-11 15:46:06.035	30151	21501	-79	-66	10
2015-12-11 16:21:51.647	30151	21501	-79	-66	10
2015-12-11 16:26:23.439	30151	21501	-79	-66	10	14.18	82.85	2.268
2015-12-11 16:44:35.519	30151	21501	-79	-66	10	13.93	82.8	2.268
2015-12-11 17:18:42.042	30151	21501	-79	-66	10	13.24	82.76	2.268
2015-12-11 17:53:32.682	30151	21501	-79	-66	10
2015-12-11 18:11:45.923	30151	21501	-79	-66	10	12.54	82.87	2.268
2015-12-11 18:41:55.756	30151	21501	-79	-66	10	12.06	82.83	2.268
2015-12-11 19:09:48.467	30151	21501	-79	-66	10	11.52	82.78	2.264
2015-12-11 19:38:51.126	30151	21501	-79	-66	10	11.07	82.78	2.264
2015-12-11 20:00:59.034	30151	21501	-79	-66	10
2015-12-11 20:11:35.77	30151	21501	-82	-66	10	10.64	82.87	2.264
2015-12-11 20:42:32.97	30151	21501	-79	-66	10	10.63	82.91	2.264
2015-12-11 22:08:26.782	30151	21501	-79	-66	10
2015-12-11 22:15:20.134	30151	21501	-79	-66	10	10.54	82.97	2.264
2015-12-11 22:58:35.122	30151	21501	-79	-66	10	10.25	82.83	2.26
2015-12-11 23:20:31.118	30151	21501	-79	-67	10	10.02	82.85	2.264
2015-12-11 23:45:36.338	30151	21501	-79	-66	10	10.02	82.89	2.26
2015-12-12 00:54:20.914	30151	21501	-79	-66	10	9.5	82.85	2.26
2015-12-12 01:19:20.258	30151	21501	-79	-66	10	9.47	82.86	2.26
2015-12-12 02:23:20.374	30151	21501	-79	-67	10
2015-12-12 03:25:10.174	30151	21501	-79	-67	10
2015-12-12 04:19:52.898	30151	21501	-79	-67	10	10.25	82.99	2.26
2015-12-12 04:30:47.204	30151	21501	-79	-67	10
2015-12-12 04:40:49.647	30151	21501	-79	-66	10	10.25	83.07	2.26
2015-12-12 05:08:49.351	30151	21501	-79	-66	10	10.33	83.16	2.256
2015-12-12 06:10:58.656	30151	21501	-79	-66	10
2015-12-12 06:29:29.958	30151	21501	-79	-66	10	10.54	83.16	2.26
2015-12-12 06:38:16.626	30151	21501	-79	-66	10
2015-12-12 06:50:49.834	30151	21501	-79	-66	10	10.61	83.1	2.26
2015-12-12 07:57:34.41	30151	21501	-79	-67	10	10.83	83.06	2.256
2015-12-12 08:14:36.231	30151	21501	-82	-66	10	10.89	83.07	2.256
2015-12-12 08:44:15.746	30151	21501	-79	-67	10	11.54	83.29	2.256
2015-12-12 09:14:11.582	30151	21501	-79	-67	10	12.24	83.38	2.26
2015-12-12 09:58:28.135	30151	21501	-79	-67	10	13.64	83.56	2.26
2015-12-12 10:53:07.299	30151	21501	-79	-67	10
2015-12-12 11:13:34.214	30151	21501	-79	-66	10	16.29	83.46	2.26
2015-12-12 11:42:38.359	30151	21501	-82	-66	10
2015-12-12 11:43:45.378	30151	21501	-79	-67	10	16.95	83.29	2.264
2015-12-12 14:24:37.686	30151	21501	-79	-67	10	18.86	83.0	2.277
2015-12-12 14:28:28.138	30151	21501	-79	-67	10
2015-12-12 14:41:03.015	30151	21501	-82	-67	10	18.88	82.95	2.277
2015-12-12 16:19:58.795	30151	21501	-82	-67	10	18.46	82.93	2.281
2015-12-12 16:48:06.294	30151	21501	-82	-67	10	18.06	82.97	2.277
2015-12-12 17:14:17.314	30151	21501	-79	-67	10
2015-12-12 17:26:50.954	30151	21501	-82	-67	10	17.61	82.94	2.281
2015-12-12 17:46:40.863	30151	21501	-79	-67	10	17.46	82.96	2.277
2015-12-12 18:20:37.866	30151	21501	-79	-67	10	17.29	82.97	2.277
2015-12-12 20:00:06.766	30151	21501	-79	-66	10
2015-12-12 20:43:28.462	30151	21501	-79	-67	10	17.1	83.15	2.277
2015-12-12 21:30:21.582	30151	21501	-79	-67	10
2015-12-12 21:55:08.042	30151	21501	-79	-66	10	16.5	83.16	2.277
2015-12-12 22:13:49.066	30151	21501	-79	-66	10	16.46	83.13	2.277
2015-12-12 22:56:03.627	30151	21501	-79	-67	10	15.88	83.04	2.277
2015-12-12 23:12:00.87	30151	21501	-79	-67	10	15.64	83.09	2.277
2015-12-12 23:37:48.886	30151	21501	-82	-67	10
2015-12-12 23:48:12.723	30151	21501	-79	-66	10	15.27	83.1	2.277
2015-12-13 00:20:04.934	30151	21501	-79	-66	10	14.93	83.07	2.277
2015-12-13 00:41:51.242	30151	21501	-79	-66	10	14.77	83.09	2.272
2015-12-13 01:22:15.986	30151	21501	-79	-66	10	14.52	83.1	2.277
2015-12-13 01:31:45.263	30151	21501	-79	-66	10
2015-12-13 01:45:15.656	30151	21501	-79	-66	10
2015-12-13 01:51:25.854	30151	21501	-79	-66	10	14.29	83.1	2.277
2015-12-13 02:11:45.755	30151	21501	-82	-67	10	14.22	83.11	2.277
2015-12-13 02:46:26.594	30151	21501	-79	-66	10	14.06	83.12	2.272
2015-12-13 03:12:13.066	30151	21501	-79	-66	10	14.0	83.11	2.272
2015-12-13 03:39:34.574	30151	21501	-97	-66	10	13.97	83.05	2.272
2015-12-13 03:52:41.507	30151	21501	-79	-66	10
2015-12-13 04:13:07.762	30151	21501	-82	-66	10	13.75	83.1	2.272
2015-12-13 04:17:35.662	30151	21501	-79	-66	10
2015-12-13 04:42:56.343	30151	21501	-79	-66	10	13.57	83.08	2.268
2015-12-13 07:00:12.262	30151	21501	-79	-67	10	12.77	83.02	2.272
2015-12-13 07:03:27.839	30151	21501	-79	-67	10
2015-12-13 07:45:03.93	30151	21501	-79	-67	10	12.7	83.1	2.268
2015-12-13 08:07:35.678	30151	21501	-79	-67	10
2015-12-13 08:21:46.631	30151	21501	-79	-67	10	13.0	83.17	2.268
2015-12-13 08:43:45.435	30151	21501	-79	-67	10	13.22	83.22	2.268
2015-12-13 09:49:14.979	30151	21501	-79	-67	10
2015-12-13 09:59:48.142	30151	21501	-82	-67	10	14.53	83.32	2.268
2015-12-13 10:15:01.771	30151	21501	-82	-67	10
2015-12-13 10:16:12.931	30151	21501	-82	-66	10	15.0	83.36	2.268
2015-12-13 10:44:23.618	30151	21501	-79	-67	10	15.33	83.27	2.272
2015-12-13 11:23:51.682	30151	21501	-82	-66	10	15.6	83.13	2.272
2015-12-13 11:51:16.377	30151	21501	-79	-67	10	15.75	83.12	2.272
2015-12-13 13:26:07.746	30151	21501	-79	-68	10	16.86	83.04	2.272
2015-12-13 13:54:09.442	30151	21501	-82	-68	10	16.96	82.99	2.272
2015-12-13 14:29:58.095	30151	21501	-82	-68	10
2015-12-13 14:49:02.474	30151	21501	-79	-67	10	17.04	82.96	2.272
2015-12-13 15:20:53.59	30151	21501	-82	-67	10
2015-12-13 15:24:28.447	30151	21501	-82	-68	10	16.97	82.9	2.272
2015-12-13 15:42:13.431	30151	21501	-82	-67	10	16.79	82.86	2.272
2015-12-13 16:50:46.911	30151	21501	-82	-67	10	15.89	82.8	2.272
2015-12-13 17:10:17.315	30151	21501	-79	-68	10	15.57	82.65	2.277
2015-12-13 18:06:43.923	30151	21501	-79	-67	10
2015-12-13 18:18:00.686	30151	21501	-79	-66	10	14.31	82.79	2.272
2015-12-13 18:44:48.538	30151	21501	-79	-66	10
2015-12-13 19:13:37.158	30151	21501	-79	-66	10	13.83	82.83	2.268
2015-12-13 20:46:19.686	30151	21501	-79	-66	10	12.82	82.86	2.268
2015-12-13 20:52:16.31	30151	21501	-79	-66	10
2015-12-13 20:52:34.766	30151	21501	-79	-66	10
2015-12-13 22:08:39.167	30151	21501	-79	-67	10	12.63	82.94	2.264
2015-12-13 22:56:43.327	30151	21501	-79	-67	10	12.5	83.01	2.268
2015-12-13 22:59:42.359	30151	21501	-79	-66	10
2015-12-13 23:29:28.242	30151	21501	-79	-66	10	12.53	82.96	2.264
2015-12-13 23:38:23.686	30151	21501	-79	-67	10
2015-12-13 23:38:48.899	30151	21501	-79	-66	10	12.54	82.92	2.264
2015-12-14 00:27:49.054	30151	21501	-82	-67	10	12.33	82.97	2.268
2015-12-14 00:40:12.666	30151	21501	-79	-66	10	12.39	82.96	2.264
2015-12-14 01:07:09.678	30151	21501	-79	-66	10
2015-12-14 01:29:51.586	30151	21501	-79	-67	10	11.89	82.87	2.268
2015-12-14 02:13:13.61	30151	21501	-79	-66	10	11.89	82.89	2.26
2015-12-14 02:24:11.93	30151	21501	-79	-66	10
2015-12-14 03:44:38.69	30151	21501	-79	-66	10	11.67	82.96	2.264
2015-12-14 04:23:47.151	30151	21501	-79	-66	10	11.64	82.98	2.264
2015-12-14 04:42:47.062	30151	21501	-79	-67	10	11.72	82.9	2.264
2015-12-14 05:59:41.983	30151	21501	-79	-66	10	11.32	82.83	2.26
2015-12-14 06:11:10.834	30151	21501	-79	-66	10	11.32	82.93	2.264
2015-12-14 06:51:38.315	30151	21501	-79	-66	10	11.0	82.86	2.264
2015-12-14 07:55:18.618	30151	21501	-79	-66	10	10.33	82.89	2.256
2015-12-14 08:17:03.366	30151	21501	-79	-66	10	10.21	82.96	2.26
2015-12-14 08:58:40.61	30151	21501	-82	-66	10	11.03	83.29	2.256
2015-12-14 09:10:15.53	30151	21501	-79	-67	10	11.43	83.41	2.26
2015-12-14 09:52:27.954	30151	21501	-79	-66	10	13.29	83.82	2.26
2015-12-14 11:00:22.234	30151	21501	-79	-67	10	14.92	83.41	2.264
2015-12-14 11:54:41.922	30151	21501	-79	-66	10	15.57	83.17	2.264
2015-12-14 12:49:52.506	30151	21501	-79	-67	10	16.22	83.17	2.264
2015-12-14 13:42:56.351	30151	21501	-82	-67	10	16.25	82.96	2.264
2015-12-14 13:51:50.153	30151	21501	-79	-68	10
2015-12-14 14:30:20.654	30151	21501	-79	-66	10	15.68	82.46	2.268
2015-12-14 15:29:48.571	30151	21501	-85	-70	10	14.25	82.77	2.264
2015-12-14 15:59:18.439	30151	21501	-85	-72	10
2015-12-14 16:13:20.79	30151	21501	-82	-72	10
2015-12-14 16:15:09.518	30151	21501	-85	-72	10	14.0	83.01	2.264
2015-12-14 16:59:21.294	30151	21501	-85	-72	10	13.93	83.21	2.264
2015-12-14 17:15:26.171	30151	21501	-85	-72	10	13.86	83.17	2.264
2015-12-14 17:56:36.218	30151	21501	-85	-72	10	13.78	83.4	2.26
2015-12-14 18:06:48.59	30151	21501	-85	-71	10
2015-12-14 18:25:41.79	30151	21501	-82	-70	10	13.72	83.33	2.264
2015-12-14 18:51:54.018	30151	21501	-82	-71	10	13.63	83.09	2.264
2015-12-14 19:16:52.474	30151	21501	-82	-70	10	13.33	83.15	2.264
2015-12-14 19:43:03.838	30151	21501	-82	-70	10	13.06	83.3	2.264
2015-12-14 21:30:21.451	30151	21501	-82	-70	10	13.03	83.47	2.264
2015-12-14 21:58:39.882	30151	21501	-82	-68	10	13.04	83.47	2.26
2015-12-14 22:53:15.603	30151	21501	-82	-68	10	12.43	82.99	2.264
2015-12-15 00:29:06.686	30151	21501	-82	-69	10
2015-12-15 00:40:38.982	30151	21501	-82	-68	10	10.46	82.85	2.256
2015-12-15 01:56:33.574	30151	21501	-79	-67	10	9.65	82.81	2.256
2015-12-15 02:36:31.486	30151	21501	-82	-68	10
2015-12-15 03:09:29.682	30151	21501	-79	-68	10	8.88	82.39	2.256
2015-12-15 03:41:12.103	30151	21501	-79	-69	10	8.36	82.72	2.256
2015-12-15 04:12:23.851	30151	21501	-79	-68	10	8.24	82.74	2.252
2015-12-15 04:54:12.066	30151	21501	-79	-68	10	7.89	82.76	2.252
2015-12-15 06:02:28.495	30151	21501	-82	-68	10
2015-12-15 06:51:25.078	30151	21501	-79	-68	10
2015-12-15 07:50:02.562	30151	21501	-79	-66	10	7.03	82.72	2.248
2015-12-15 08:19:26.507	30151	21501	-79	-67	10	6.89	82.79	2.248
2015-12-15 08:50:00.702	30151	21501	-79	-68	10	6.88	82.78	2.248
2015-12-15 10:27:18.726	30151	21501	-79	-66	10	6.7	82.67	2.244
2015-12-15 11:06:18.875	30151	21501	-79	-66	10
2015-12-15 11:34:08.666	30151	21501	-79	-66	10
2015-12-15 11:39:13.746	30151	21501	-79	-67	10	7.0	82.69	2.248
2015-12-15 12:20:24.09	30151	21501	-79	-66	10	6.95	82.59	2.244
2015-12-15 12:40:41.283	30151	21501	-79	-66	10	7.03	82.68	2.244
2015-12-15 13:20:00.235	30151	21501	-79	-66	10	7.01	82.56	2.244
2015-12-15 13:52:40.678	30151	21501	-79	-66	10	7.15	82.68	2.244
2015-12-15 14:17:17.211	30151	21501	-79	-67	10	7.15	82.61	2.244
2015-12-15 14:19:59.326	30151	21501	-79	-66	10
2015-12-15 14:47:49.586	30151	21501	-79	-66	10	7.18	82.66	2.244
2015-12-15 15:20:18.322	30151	21501	-79	-66	10	7.0	82.55	2.244
2015-12-15 15:21:11.75	30151	21501	-82	-66	10
2015-12-15 15:56:47.542	30151	21501	-79	-66	10	6.93	82.63	2.244
2015-12-15 16:17:52.035	30151	21501	-79	-66	10	6.92	82.65	2.244
2015-12-15 17:05:47.51	30151	21501	-79	-66	10
2015-12-15 17:21:21.567	30151	21501	-79	-66	10	6.64	82.66	2.24
2015-12-15 17:28:37.995	30151	21501	-79	-66	10
2015-12-15 17:44:05.159	30151	21501	-79	-67	10	6.53	82.68	2.24
2015-12-15 18:19:14.594	30151	21501	-79	-66	10	6.42	82.74	2.24
2015-12-15 18:57:22.882	30151	21501	-79	-66	10	6.36	82.78	2.24
2015-12-15 19:28:33.002	30151	21501	-79	-66	10	6.32	82.82	2.24
2015-12-15 19:36:06.01	30151	21501	-79	-66	10
2015-12-15 19:51:36.875	30151	21501	-79	-66	10
2015-12-15 19:53:52.51	30151	21501	-79	-66	10	6.28	82.85	2.24
2015-12-15 21:22:22.855	30151	21501	-79	-66	10	6.15	82.89	2.24
2015-12-15 21:45:54.675	30151	21501	-79	-66	10	6.14	82.87	2.24
2015-12-15 22:30:30.735	30151	21501	-79	-66	10	6.01	82.89	2.24
2015-12-15 22:37:27.458	30151	21501	-79	-66	10
2015-12-15 22:52:31.394	30151	21501	-79	-66	10	5.97	82.88	2.24
2015-12-15 23:12:53.766	30151	21501	-79	-66	10	5.96	82.92	2.24
2015-12-15 23:42:49.634	30151	21501	-79	-66	10	5.89	82.9	2.24
2015-12-15 23:50:59.467	30151	21501	-79	-66	10
2015-12-16 00:09:22.494	30151	21501	-79	-66	10	5.88	82.92	2.24
2015-12-16 00:48:26.239	30151	21501	-79	-66	10	5.78	82.92	2.236
2015-12-16 01:19:07.178	30151	21501	-79	-66	10	5.82	82.95	2.236
2015-12-16 01:23:32.21	30151	21501	-79	-66	10
2015-12-16 01:44:32.33	30151	21501	-79	-66	10	5.78	82.97	2.24
2015-12-16 02:23:47.098	30151	21501	-79	-66	10	5.72	83.0	2.236
2015-12-16 02:53:31.198	30151	21501	-79	-66	10	5.72	83.0	2.236
2015-12-16 04:05:53.343	30151	21501	-79	-66	10
2015-12-16 04:26:37.358	30151	21501	-79	-66	10	5.64	83.03	2.236
2015-12-16 04:50:44.383	30151	21501	-79	-66	10	5.63	83.03	2.236
2015-12-16 05:08:37.99	30151	21501	-79	-66	10	5.64	83.03	2.236
2015-12-16 06:11:09.291	30151	21501	-79	-66	10	5.56	83.06	2.236
2015-12-16 06:13:19.724	30151	21501	-79	-66	10
2015-12-16 06:54:55.227	30151	21501	-79	-66	10
2015-12-16 07:44:28.628	30151	21501	-79	-66	10	5.43	83.03	2.236
2015-12-16 08:20:45.987	30151	21501	-79	-66	10
2015-12-16 08:51:56.306	30151	21501	-79	-66	10	5.56	83.08	2.232
2015-12-16 09:40:46.79	30151	21501	-82	-67	10
2015-12-16 10:46:26.006	30151	21501	-79	-67	10	7.46	83.81	2.236
2015-12-16 11:23:28.574	30151	21501	-79	-66	10	8.68	84.02	2.236
2015-12-16 11:58:00.19	30151	21501	-79	-68	10	9.68	84.05	2.236
2015-12-16 12:25:06.862	30151	21501	-79	-67	10	10.5	84.12	2.24
2015-12-16 12:26:35.807	30151	21501	-79	-67	10
2015-12-16 12:35:41.754	30151	21501	-82	-66	10
2015-12-16 13:59:49.927	30151	21501	-82	-67	10	12.56	83.48	2.24
2015-12-16 15:12:25.099	30151	21501	-79	-67	10
2015-12-16 15:29:45.366	30151	21501	-79	-67	10	13.38	83.28	2.244
2015-12-16 15:39:38.246	30151	21501	-79	-67	10	13.72	83.6	2.244
2015-12-16 16:26:24.479	30151	21501	-82	-67	10	13.35	83.66	2.244
2015-12-16 16:45:19.354	30151	21501	-79	-66	10	12.61	83.47	2.248
2015-12-16 16:50:34.078	30151	21501	-79	-67	10
2015-12-16 17:11:28.847	30151	21501	-82	-67	10	11.71	83.35	2.244
2015-12-16 18:39:20.239	30151	21501	-79	-66	10	9.61	83.16	2.244
2015-12-16 18:58:00.754	30151	21501	-79	-67	10
2015-12-16 19:19:57.503	30151	21501	-79	-66	10	9.2	83.08	2.24
2015-12-16 20:14:27.466	30151	21501	-82	-66	10	9.07	83.32	2.236
2015-12-16 20:44:02.806	30151	21501	-82	-66	10
2015-12-16 20:48:25.455	30151	21501	-79	-66	10	9.03	83.35	2.24
2015-12-16 22:25:00.03	30151	21501	-79	-66	10	8.39	83.09	2.24
2015-12-16 23:29:53.675	30151	21501	-79	-66	10
2015-12-16 23:47:00.751	30151	21501	-79	-66	10	8.25	83.17	2.236
2015-12-17 00:57:06.934	30151	21501	-79	-67	10	8.27	83.22	2.236
2015-12-17 01:20:21.675	30151	21501	-79	-66	10
2015-12-17 01:27:13.742	30151	21501	-79	-66	10	8.36	83.2	2.24
2015-12-17 02:21:06.239	30151	21501	-79	-66	10	8.61	83.19	2.236
2015-12-17 02:41:09.37	30151	21501	-79	-66	10	8.68	83.2	2.24
2015-12-17 03:47:24.171	30151	21501	-79	-66	10	8.96	83.2	2.236
2015-12-17 04:20:26.947	30151	21501	-79	-66	10	9.2	83.25	2.236
2015-12-17 05:01:33.314	30151	21501	-79	-66	10
2015-12-17 05:29:38.382	30151	21501	-82	-67	10	8.57	83.25	2.236
2015-12-17 05:35:14.535	30151	21501	-82	-68	10
2015-12-17 05:48:04.359	30151	21501	-79	-69	10	8.52	83.28	2.236
2015-12-17 06:49:52.979	30151	21501	-82	-72	10	8.46	83.48	2.236
2015-12-17 07:42:42.887	30151	21501	-85	-74	10
2015-12-17 07:54:30.051	30151	21501	-85	-74	10	8.65	83.6	2.236
2015-12-17 08:17:27.607	30151	21501	-85	-74	10	8.71	83.61	2.236
2015-12-17 08:58:48.363	30151	21501	-85	-73	10	8.71	83.61	2.236
2015-12-17 09:50:08.026	30151	21501	-85	-74	10
2015-12-17 09:53:04.87	30151	21501	-85	-73	10	8.93	83.76	2.236
2015-12-17 10:29:27.739	30151	21501	-85	-71	10	9.08	83.74	2.232
2015-12-17 10:48:34.07	30151	21501	-82	-72	10	9.18	83.76	2.236
2015-12-17 11:26:39.982	30151	21501	-85	-73	10	9.32	83.77	2.24
2015-12-17 11:49:29.931	30151	21501	-85	-73	10	9.42	83.82	2.236
2015-12-17 11:57:35.002	30151	21501	-82	-73	10
2015-12-17 12:09:28.179	30151	21501	-85	-72	10	9.47	83.79	2.236
2015-12-17 12:42:08.494	30151	21501	-85	-72	10	9.53	83.8	2.236
2015-12-17 13:19:01.727	30151	21501	-85	-73	10
2015-12-17 13:27:28.842	30151	21501	-85	-73	10	9.82	83.94	2.236
2015-12-17 13:48:23.37	30151	21501	-85	-72	10	9.88	83.88	2.236
2015-12-17 14:05:01.471	30151	21501	-85	-73	10
2015-12-17 14:10:18.934	30151	21501	-85	-72	10	9.93	83.87	2.24
2015-12-17 16:12:31.394	30151	21501	-82	-70	10
2015-12-17 16:26:58.382	30151	21501	-82	-71	10	6.46	83.24	2.232
2015-12-17 16:40:17.546	30151	21501	-85	-71	10	6.35	83.52	2.232
2015-12-17 17:19:45.227	30151	21501	-85	-70	10	5.83	83.4	2.232
2015-12-17 17:41:40.48	30151	21501	-82	-70	10	5.64	83.42	2.232
2015-12-17 18:10:55.63	30151	21501	-82	-70	10	5.1	83.46	2.232
2015-12-17 18:19:54.747	30151	21501	-82	-69	10
2015-12-17 18:39:40.362	30151	21501	-82	-69	10	4.53	83.46	2.228
2015-12-17 18:50:40.219	30151	21501	-82	-70	10
2015-12-17 19:29:23.619	30151	21501	-82	-70	10	3.57	83.53	2.232
2015-12-17 20:27:22.363	30151	21501	-85	-69	10
2015-12-17 20:29:59.111	30151	21501	-82	-68	10	2.92	83.17	2.224
2015-12-17 20:46:04.307	30151	21501	-82	-69	10	2.68	83.25	2.224
2015-12-17 21:51:57.432	30151	21501	-82	-70	10	2.13	83.46	2.224
2015-12-17 22:11:04.843	30151	21501	-82	-70	10	1.92	83.34	2.224
2015-12-17 22:34:49.19	30151	21501	-82	-69	10
2015-12-17 22:54:23.739	30151	21501	-82	-69	10	1.6	83.33	2.22
2015-12-17 23:57:30.211	30151	21501	-82	-69	10	1.22	83.31	2.22
2015-12-18 00:10:35.078	30151	21501	-82	-70	10	1.15	83.34	2.22
2015-12-18 00:22:19.726	30151	21501	-82	-69	10
2015-12-18 01:00:44.438	30151	21501	-82	-70	10	0.86	83.27	2.22
2015-12-18 01:16:51.89	30151	21501	-79	-69	10	0.78	83.16	2.22
2015-12-18 03:08:10.486	30151	21501	-85	-69	10
2015-12-18 03:13:11.49	30151	21501	-82	-69	10	0.22	83.34	2.22
2015-12-18 03:41:37.446	30151	21501	-82	-70	10	0.15	83.37	2.216
2015-12-18 04:26:07.506	30151	21501	-82	-70	10	0.07	83.4	2.216
2015-12-18 05:19:22.39	30151	21501	-82	-69	10	0.03	83.39	2.216
2015-12-18 05:54:01.051	30151	21501	-82	-69	10
2015-12-18 05:57:36.119	30151	21501	-82	-68	10	0.01	83.38	2.216
2015-12-18 07:04:36.73	30151	21501	-82	-68	10
2015-12-18 07:57:33.171	30151	21501	-79	-68	10	-0.29	83.31	2.216
2015-12-18 09:12:03.039	30151	21501	-79	-66	10
2015-12-18 10:11:36.711	30151	21501	-79	-66	10	-0.21	83.15	2.212
2015-12-18 11:13:03.954	30151	21501	-79	-67	10	0.25	83.19	2.212
2015-12-18 11:19:31.094	30151	21501	-79	-66	10
2015-12-18 11:25:39.031	30151	21501	-79	-67	10
2015-12-18 11:44:18.091	30151	21501	-82	-67	10	0.43	82.85	2.216
2015-12-18 12:21:38.039	30151	21501	-79	-67	10	0.56	82.84	2.212
2015-12-18 12:41:02.679	30151	21501	-79	-68	10	0.46	82.79	2.212
2015-12-18 13:26:36.419	30151	21501	-79	-67	10	0.21	82.49	2.212
2015-12-18 14:11:30.423	30151	21501	-79	-66	10
2015-12-18 14:16:57.176	30151	21501	-79	-66	10	0.1	82.37	2.212
2015-12-18 14:40:54.066	30151	21501	-79	-66	10	-0.18	82.46	2.216
2015-12-18 15:18:44.683	30151	21501	-79	-66	10	-0.52	82.45	2.212
2015-12-18 15:34:24.591	30151	21501	-82	-65	10
2015-12-18 15:52:54.251	30151	21501	-79	-67	10	-0.64	82.55	2.212
2015-12-18 16:56:44.706	30151	21501	-79	-66	10	-0.86	82.7	2.208
2015-12-18 16:57:18.698	30151	21501	-79	-66	10
2015-12-18 17:17:27.12	30151	21501	-79	-66	10	-0.93	82.79	2.212
2015-12-18 17:41:51.126	30151	21501	-79	-66	10
2015-12-18 19:12:43.822	30151	21501	-79	-66	10	-1.39	82.89	2.208
2015-12-18 19:43:08.003	30151	21501	-79	-66	10
2015-12-18 19:49:18.119	30151	21501	-79	-66	10
2015-12-18 19:55:04.479	30151	21501	-79	-67	10	-1.43	83.01	2.208
2015-12-18 20:29:25.559	30151	21501	-79	-66	10	-1.56	82.85	2.212
2015-12-18 22:25:02.17	30151	21501	-76	-66	10	-2.16	82.86	2.204
2015-12-18 22:28:58.691	30151	21501	-79	-64	10
2015-12-18 23:09:24.346	30151	21501	-79	-66	10	-2.82	82.74	2.2
2015-12-19 00:04:11.318	30151	21501	-79	-66	10
2015-12-19 00:30:15.927	30151	21501	-79	-65	10	-3.11	83.03	2.204
2015-12-19 01:38:38.95	30151	21501	-79	-66	10	-3.29	83.11	2.204
2015-12-19 02:28:54.502	30151	21501	-76	-65	10	-3.53	83.3	2.204
2015-12-19 03:24:18.987	30151	21501	-79	-65	10	-3.64	83.16	2.2
2015-12-19 03:46:48.319	30151	21501	-79	-65	10	-3.81	83.36	2.204
2015-12-19 04:00:37.498	30151	21501	-76	-65	10
2015-12-19 04:19:05.546	30151	21501	-79	-66	10
2015-12-19 04:27:42.699	30151	21501	-79	-65	10	-3.85	83.48	2.2
2015-12-19 04:42:23.226	30151	21501	-79	-65	10	-3.93	83.33	2.204
2015-12-19 05:59:37.198	30151	21501	-79	-65	10	-4.32	83.48	2.2
2015-12-19 06:10:44.974	30151	21501	-76	-64	10	-4.34	83.47	2.2
2015-12-19 06:26:31.294	30151	21501	-76	-64	10
2015-12-19 06:46:27.666	30151	21501	-79	-64	10
2015-12-19 06:53:09.846	30151	21501	-76	-66	10	-4.34	83.56	2.204
2015-12-19 07:16:31.502	30151	21501	-79	-65	10	-4.2	83.79	2.2
2015-12-19 07:43:37.546	30151	21501	-79	-64	10	-4.0	83.73	2.2
2015-12-19 08:24:34.95	30151	21501	-79	-65	10	-3.64	83.86	2.2
2015-12-19 08:33:58.937	30151	21501	-76	-64	10
2015-12-19 08:55:50.311	30151	21501	-79	-64	10	-3.24	83.83	2.2
2015-12-19 09:28:08.311	30151	21501	-79	-65	10	-2.85	83.97	2.2
2015-12-19 09:32:17.218	30151	21501	-79	-65	10
2015-12-19 09:51:09.455	30151	21501	-79	-64	10	-2.45	83.94	2.2
2015-12-19 10:26:57.07	30151	21501	-79	-65	10	-1.92	83.89	2.2
2015-12-19 10:41:26.354	30151	21501	-79	-64	10
2015-12-19 10:50:16.138	30151	21501	-79	-66	10	-1.29	83.95	2.2
2015-12-19 11:29:20.066	30151	21501	-79	-65	10	-0.82	83.58	2.2
2015-12-19 11:45:19.275	30151	21501	-79	-66	10	-0.57	83.68	2.204
2015-12-19 12:17:39.57	30151	21501	-79	-66	10	-0.21	82.88	2.204
2015-12-19 12:18:06.722	30151	21501	-79	-65	10
2015-12-19 12:40:42.878	30151	21501	-79	-66	10	-0.63	82.71	2.204
2015-12-19 12:48:53.127	30151	21501	-79	-64	10
2015-12-19 13:27:28.074	30151	21501	-76	-64	10	-0.89	82.58	2.204
2015-12-19 14:29:08.739	30151	21501	-79	-65	10	-0.78	82.79	2.204
2015-12-19 14:57:56.571	30151	21501	-79	-66	10	-0.73	82.85	2.204
2015-12-19 15:09:51.61	30151	21501	-79	-66	10	-0.71	82.85	2.2
2015-12-19 15:58:16.262	30151	21501	-79	-65	10	-0.2	83.44	2.204
2015-12-19 16:42:03.698	30151	21501	-79	-66	10	-0.56	82.93	2.204
2015-12-19 17:09:16.203	30151	21501	-79	-66	10	-0.96	82.97	2.204
2015-12-19 17:49:59.966	30151	21501	-79	-66	10
2015-12-19 19:11:15.682	30151	21501	-79	-66	10
2015-12-19 19:50:49.783	30151	21501	-79	-65	10	-2.25	83.37	2.2
2015-12-19 20:15:29.806	30151	21501	-79	-65	10	-2.42	83.33	2.2
2015-12-19 20:35:36.686	30151	21501	-79	-66	10
2015-12-19 20:47:25.67	30151	21501	-79	-66	10	-2.57	83.38	2.2
2015-12-19 21:18:39.882	30151	21501	-79	-65	10
2015-12-19 22:21:43.091	30151	21501	-79	-66	10	-3.24	83.37	2.2
2015-12-20 02:07:16.094	30151	21501	-79	-64	10
2015-12-20 03:41:01.874	30151	21501	-79	-65	10
2015-12-20 04:53:05.49	30151	21501	-76	-65	10
2015-12-20 05:48:27.799	30151	21501	-79	-64	10
2015-12-20 10:24:45.019	30151	21501	-79	-65	10
2015-12-20 12:10:49.707	30151	21501	-79	-67	10
2015-12-20 13:00:51.067	30151	21501	-79	-66	10	2.4	83.91	2.2
2015-12-20 13:10:34.523	30151	21501	-79	-66	10
2015-12-20 13:24:54.394	30151	21501	-79	-66	10	2.65	83.66	2.2
2015-12-20 13:42:04.626	30151	21501	-79	-67	10	2.83	83.56	2.2
2015-12-20 14:18:15.539	30151	21501	-79	-68	10
2015-12-20 14:24:44.215	30151	21501	-79	-67	10	3.75	83.48	2.2
2015-12-20 14:56:45.623	30151	21501	-79	-66	10	3.65	83.16	2.204
2015-12-20 15:29:58.166	30151	21501	-79	-67	10	3.58	82.92	2.204
2015-12-20 15:56:26.002	30151	21501	-79	-67	10
2015-12-20 16:25:42.454	30151	21501	-79	-67	10
2015-12-20 17:22:57.43	30151	21501	-79	-66	10	1.35	82.55	2.204
2015-12-20 17:57:06.07	30151	21501	-79	-66	10	0.79	82.71	2.2
2015-12-20 18:30:53.727	30151	21501	-79	-66	10	0.39	82.87	2.2
2015-12-20 18:33:08.966	30151	21501	-79	-66	10
2015-12-20 18:42:14.078	30151	21501	-79	-66	10
2015-12-20 18:43:53.118	30151	21501	-79	-66	10	0.29	82.87	2.2
2015-12-20 19:11:56.203	30151	21501	-79	-66	10	0.11	83.0	2.2
2015-12-20 19:51:28.571	30151	21501	-79	-66	10	-0.06	83.03	2.2
2015-12-20 20:40:35.958	30151	21501	-79	-66	10
2015-12-20 21:28:03.934	30151	21501	-79	-66	10
2015-12-20 22:21:57.694	30151	21501	-79	-66	10	0.07	83.26	2.2
2015-12-20 23:57:38.466	30151	21501	-79	-66	10	0.82	83.71	2.2
2015-12-21 00:13:55.866	30151	21501	-79	-66	10
2015-12-21 00:16:35.563	30151	21501	-79	-66	10	1.07	83.77	2.2
2015-12-21 00:55:29.603	30151	21501	-79	-66	10
2015-12-21 01:53:56.714	30151	21501	-79	-66	10	1.83	83.53	2.2
2015-12-21 02:23:29.362	30151	21501	-79	-66	10	2.07	83.38	2.2
2015-12-21 02:47:16.583	30151	21501	-79	-66	10	2.24	83.4	2.2
2015-12-21 03:02:57.334	30151	21501	-79	-66	10
2015-12-21 03:49:27.267	30151	21501	-79	-66	10	2.86	83.43	2.2
2015-12-21 04:17:27.879	30151	21501	-79	-67	10	2.93	83.45	2.2
2015-12-21 04:50:07.946	30151	21501	-79	-66	10	3.21	83.47	2.2
2015-12-21 05:11:20.89	30151	21501	-79	-67	10	3.47	83.51	2.2
2015-12-21 06:21:30.23	30151	21501	-79	-67	10	4.11	83.46	2.204
2015-12-21 06:45:43.358	30151	21501	-79	-66	10	4.33	83.46	2.204
2015-12-21 07:17:50.134	30151	21501	-79	-66	10
2015-12-21 07:18:19.923	30151	21501	-79	-66	10	4.64	83.39	2.2
2015-12-21 08:00:32.03	30151	21501	-82	-66	10	5.07	83.4	2.204
2015-12-21 08:20:18.95	30151	21501	-79	-66	10	5.21	83.32	2.204
2015-12-21 08:31:22.838	30151	21501	-79	-66	10
2015-12-21 08:49:41.178	30151	21501	-79	-66	10	5.28	83.27	2.204
2015-12-21 09:25:17.159	30151	21501	-79	-66	10
2015-12-21 09:27:10.852	30151	21501	-79	-67	10	5.82	83.44	2.208
2015-12-21 09:49:36.186	30151	21501	-79	-66	10	6.24	83.5	2.204
2015-12-21 10:30:35.488	30151	21501	-79	-66	10	7.06	83.5	2.204
2015-12-21 10:59:23.846	30151	21501	-79	-67	10	7.71	83.51	2.208
2015-12-21 11:49:04.062	30151	21501	-79	-66	10	8.61	83.54	2.208
2015-12-21 12:58:51.503	30151	21501	-79	-68	10	8.74	83.14	2.212
2015-12-21 13:08:51.199	30151	21501	-79	-67	10	8.78	83.25	2.212
2015-12-21 13:40:11.12	30151	21501	-82	-66	10
2015-12-21 13:45:29.339	30151	21501	-79	-66	10	8.56	83.08	2.212
2015-12-21 14:03:01.806	30151	21501	-79	-67	10
2015-12-21 14:21:48.646	30151	21501	-79	-67	10	8.52	83.07	2.212
2015-12-21 14:45:17.259	30151	21501	-82	-66	10	8.38	83.06	2.212
2015-12-21 16:54:07.911	30151	21501	-79	-66	10	8.29	83.46	2.216
2015-12-21 17:15:00.023	30151	21501	-79	-66	10	8.49	83.53	2.212
2015-12-21 17:55:04.688	30151	21501	-79	-67	10
2015-12-21 17:58:47.99	30151	21501	-79	-66	10	8.83	83.64	2.212
2015-12-21 18:13:18.263	30151	21501	-79	-67	10	9.02	83.7	2.212
2015-12-21 18:58:07.603	30151	21501	-82	-67	10	9.39	83.7	2.212
2015-12-21 19:12:12.051	30151	21501	-79	-67	10	9.47	83.69	2.212
2015-12-21 19:34:40.911	30151	21501	-79	-67	10
2015-12-21 19:52:54.018	30151	21501	-79	-67	10	9.52	83.58	2.212
2015-12-21 20:02:31.247	30151	21501	-79	-67	10
2015-12-21 20:55:48.419	30151	21501	-79	-67	10	9.25	83.45	2.212
2015-12-21 21:14:47.791	30151	21501	-79	-67	10	9.22	83.49	2.216
2015-12-21 21:50:56.786	30151	21501	-82	-66	10	9.11	83.44	2.212
2015-12-21 22:09:57.811	30151	21501	-79	-66	10
2015-12-21 22:20:30.814	30151	21501	-79	-67	10
2015-12-21 22:25:17.791	30151	21501	-79	-66	10	9.18	83.55	2.208
2015-12-21 22:51:13.63	30151	21501	-79	-66	10	9.29	83.6	2.208
2015-12-21 23:23:20.154	30151	21501	-79	-66	10	9.43	83.61	2.204
2015-12-21 23:52:41.003	30151	21501	-79	-67	10	9.47	83.58	2.216
2015-12-22 00:13:27.055	30151	21501	-82	-66	10	9.47	83.55	2.212
2015-12-22 00:17:25.547	30151	21501	-79	-66	10
2015-12-22 00:40:07.835	30151	21501	-79	-67	10	9.47	83.6	2.216
2015-12-22 01:06:19.914	30151	21501	-79	-66	10
2015-12-22 01:20:48.898	30151	21501	-82	-67	10	9.54	83.52	2.212
2015-12-22 01:56:09.878	30151	21501	-79	-66	10	9.72	83.61	2.216
2015-12-22 02:09:38.146	30151	21501	-79	-67	10	9.81	83.63	2.212
2015-12-22 02:24:52.147	30151	21501	-82	-68	10
2015-12-22 02:44:13.382	30151	21501	-82	-68	10	9.79	83.6	2.216
2015-12-22 03:20:37.43	30151	21501	-79	-69	10	9.89	83.86	2.216
2015-12-22 03:52:13.138	30151	21501	-82	-71	10
2015-12-22 03:59:31.734	30151	21501	-82	-70	10	9.97	83.9	2.216
2015-12-22 04:24:07.059	30151	21501	-82	-70	10	10.1	83.98	2.216
2015-12-22 04:32:18.35	30151	21501	-85	-70	10
2015-12-22 04:47:21.615	30151	21501	-82	-70	10	10.18	84.02	2.216
2015-12-22 05:16:45.459	30151	21501	-85	-72	10	10.32	84.13	2.216
2015-12-22 05:58:21.931	30151	21501	-85	-71	10	10.43	84.11	2.216
2015-12-22 06:10:36.438	30151	21501	-82	-70	10	10.5	84.12	2.216
2015-12-22 06:39:49.011	30151	21501	-85	-71	10
2015-12-22 07:27:34.384	30151	21501	-82	-70	10	10.63	84.18	2.216
2015-12-22 07:56:20.658	30151	21501	-82	-71	10	10.79	84.29	2.216
2015-12-22 08:12:45.651	30151	21501	-85	-70	10	10.88	84.3	2.216
2015-12-22 08:41:20.11	30151	21501	-85	-71	10	10.96	84.25	2.216
2015-12-22 09:16:09.482	30151	21501	-82	-70	10	11.11	84.36	2.216
2015-12-22 09:39:05.159	30151	21501	-85	-70	10	11.27	84.4	2.216
2015-12-22 10:48:58.934	30151	21501	-82	-71	10	11.88	84.52	2.216
2015-12-22 10:54:38.73	30151	21501	-85	-71	10
2015-12-22 11:23:27.266	30151	21501	-85	-70	10	11.97	84.47	2.216
2015-12-22 11:44:17.342	30151	21501	-85	-70	10	12.33	84.65	2.216
2015-12-22 12:58:04.902	30151	21501	-85	-71	10	13.85	84.52	2.22
2015-12-22 13:02:05.703	30151	21501	-82	-70	10
2015-12-22 13:24:27.571	30151	21501	-82	-71	10	13.86	84.19	2.224
2015-12-22 14:16:52.826	30151	21501	-82	-71	10	13.77	84.55	2.224
2015-12-22 14:49:14.491	30151	21501	-85	-71	10	13.89	84.49	2.224
2015-12-22 14:55:28.202	30151	21501	-85	-70	10
2015-12-22 15:09:32.162	30151	21501	-82	-71	10
2015-12-22 15:16:56.674	30151	21501	-85	-70	10	14.02	84.49	2.224
2015-12-22 16:00:38.31	30151	21501	-85	-70	10	14.04	84.64	2.224
2015-12-22 16:14:44.219	30151	21501	-82	-70	10	14.04	84.57	2.224
2015-12-22 16:42:10.295	30151	21501	-85	-70	10	13.53	84.38	2.224
2015-12-22 17:16:02.092	30151	21501	-85	-71	10	12.64	84.29	2.224
2015-12-22 17:16:59.403	30151	21501	-82	-70	10
2015-12-22 17:41:18.046	30151	21501	-82	-70	10
2015-12-22 17:41:22.819	30151	21501	-82	-71	10	12.1	84.26	2.224
2015-12-22 18:09:47.586	30151	21501	-82	-70	10	11.54	84.29	2.224
2015-12-22 18:44:33.69	30151	21501	-82	-71	10	10.97	84.18	2.22
2015-12-22 19:24:28.758	30151	21501	-82	-70	10
2015-12-22 20:18:04.579	30151	21501	-82	-70	10	9.78	84.14	2.22
2015-12-22 20:27:07.983	30151	21501	-82	-70	10
2015-12-22 20:51:16.175	30151	21501	-85	-70	10	9.43	84.23	2.22
2015-12-22 21:31:53.492	30151	21501	-82	-70	10
2015-12-22 21:44:50.898	30151	21501	-82	-70	10	9.11	84.27	2.216
2015-12-22 22:23:17.958	30151	21501	-82	-70	10	8.86	84.25	2.22
2015-12-22 22:53:33.21	30151	21501	-82	-70	10	8.85	84.23	2.216
2015-12-22 23:12:57.394	30151	21501	-82	-70	10
2015-12-22 23:26:58.146	30151	21501	-82	-70	10	8.75	84.32	2.212
2015-12-22 23:39:19.027	30151	21501	-82	-70	10
2015-12-22 23:57:14.454	30151	21501	-82	-70	10	8.75	84.32	2.216
2015-12-23 00:24:02.406	30151	21501	-82	-70	10	8.74	84.32	2.216
2015-12-23 00:52:11.454	30151	21501	-82	-70	10	8.75	84.28	2.212
2015-12-23 01:45:34.095	30151	21501	-82	-70	10	8.68	84.17	2.216
2015-12-23 01:46:46.862	30151	21501	-82	-70	10
2015-12-23 01:58:48.507	30151	21501	-82	-70	10
2015-12-23 02:16:32.958	30151	21501	-82	-70	10	8.71	84.17	2.216
2015-12-23 02:54:26.499	30151	21501	-82	-70	10	8.89	84.19	2.212
2015-12-23 03:16:10.546	30151	21501	-82	-70	10	8.86	84.07	2.212
2015-12-23 03:54:12.646	30151	21501	-82	-71	10
2015-12-23 03:54:59.07	30151	21501	-82	-70	10	8.7	84.05	2.216
2015-12-23 04:27:51.558	30151	21501	-82	-71	10	8.72	84.11	2.212
2015-12-23 04:44:38.443	30151	21501	-82	-70	10
2015-12-23 04:53:32.07	30151	21501	-82	-70	10	8.75	84.04	2.212
2015-12-23 05:17:27.35	30151	21501	-82	-70	10	8.71	84.03	2.212
2015-12-23 05:45:52.306	30151	21501	-82	-70	10	8.68	84.17	2.212
2015-12-23 06:01:40.382	30151	21501	-82	-70	10
2015-12-23 06:25:35.891	30151	21501	-82	-70	10	8.53	84.01	2.212
2015-12-23 07:10:09.543	30151	21501	-82	-70	10	8.47	84.12	2.212
2015-12-23 07:30:26.086	30151	21501	-82	-70	10
2015-12-23 07:58:19.73	30151	21501	-82	-70	10	8.82	84.2	2.216
2015-12-23 08:09:06.358	30151	21501	-82	-70	10
2015-12-23 08:22:22.203	30151	21501	-82	-70	10	9.06	84.23	2.212
2015-12-23 08:40:06.427	30151	21501	-82	-70	10	9.32	84.27	2.212
2015-12-23 09:17:48.487	30151	21501	-82	-70	10	10.11	84.31	2.212
2015-12-23 09:45:13.211	30151	21501	-85	-70	10	10.63	84.34	2.212
2015-12-23 10:16:15.167	30151	21501	-82	-70	10
2015-12-23 10:16:33.871	30151	21501	-82	-71	10
2015-12-23 10:24:28.203	30151	21501	-82	-70	10	11.72	84.45	2.212
2015-12-23 10:47:42.567	30151	21501	-82	-70	10	12.39	84.47	2.212
2015-12-23 11:22:24.875	30151	21501	-85	-71	10	13.42	84.42	2.216
2015-12-23 11:41:32.475	30151	21501	-85	-71	10	13.65	84.38	2.212
2015-12-23 12:24:00.071	30151	21501	-85	-70	10
2015-12-23 12:28:04.722	30151	21501	-82	-70	10	14.36	84.28	2.216
2015-12-23 12:59:04.698	30151	21501	-82	-70	10	14.95	84.27	2.22
2015-12-23 13:02:05.615	30151	21501	-85	-71	10
2015-12-23 13:27:36.039	30151	21501	-82	-70	10	15.25	84.25	2.212
2015-12-23 13:46:44.211	30151	21501	-85	-70	10	15.46	84.22	2.22
2015-12-23 14:10:11.115	30151	21501	-82	-70	10	15.64	84.19	2.224
2015-12-23 14:31:48.123	30151	21501	-85	-70	10
2015-12-23 14:40:27.607	30151	21501	-85	-70	10	15.82	84.21	2.22
2015-12-23 15:19:26.83	30151	21501	-82	-70	10	15.92	84.13	2.224
2015-12-23 15:47:56.23	30151	21501	-82	-70	10
2015-12-23 15:58:21.534	30151	21501	-82	-70	10	15.78	84.1	2.224
2015-12-23 16:14:57.55	30151	21501	-85	-71	10	15.68	84.08	2.224
2015-12-23 16:38:54.198	30151	21501	-82	-71	10
2015-12-23 16:57:05.143	30151	21501	-82	-70	10	15.28	84.03	2.224
2015-12-23 17:11:08.351	30151	21501	-82	-70	10	15.14	84.0	2.224
2015-12-23 17:59:12.775	30151	21501	-82	-70	10	14.71	84.05	2.224
2015-12-23 18:27:16.639	30151	21501	-82	-70	10	14.57	84.16	2.22
2015-12-23 18:33:44.015	30151	21501	-85	-71	10
2015-12-23 18:46:21.431	30151	21501	-82	-70	10
2015-12-23 18:48:34.714	30151	21501	-82	-70	10	14.57	84.16	2.224
2015-12-23 19:10:02.438	30151	21501	-82	-70	10	14.49	84.14	2.224
2015-12-23 20:18:23.03	30151	21501	-82	-70	10	14.22	84.18	2.224
2015-12-23 20:53:47.782	30151	21501	-82	-70	10
2015-12-23 21:19:04.643	30151	21501	-82	-70	10	14.07	84.19	2.224
2015-12-23 21:19:34.138	30151	21501	-82	-70	10
2015-12-23 21:53:25.271	30151	21501	-85	-70	10	13.92	84.25	2.224
2015-12-23 22:21:03.499	30151	21501	-82	-70	10	13.78	84.27	2.22
2015-12-23 23:00:16.507	30151	21501	-82	-71	10	14.04	84.45	2.224
2015-12-23 23:01:13.803	30151	21501	-82	-69	10
2015-12-23 23:14:27.991	30151	21501	-82	-69	10	14.22	84.56	2.224
2015-12-23 23:57:23.314	30151	21501	-82	-70	10	14.54	84.3	2.22
2015-12-24 00:05:23.738	30151	21501	-82	-69	10
2015-12-24 00:19:45.747	30151	21501	-85	-73	10	14.52	84.29	2.22
2015-12-24 00:56:10.195	30151	21501	-88	-75	10	13.89	84.17	2.224
2015-12-24 01:08:40.439	30151	21501	-88	-74	10
2015-12-24 01:53:35.051	30151	21501	-88	-74	10	13.29	84.32	2.224
2015-12-24 02:29:39.675	30151	21501	-85	-73	10	13.14	84.5	2.224
2015-12-24 02:50:06.95	30151	21501	-85	-73	10	13.06	84.58	2.22
2015-12-24 02:51:12.915	30151	21501	-85	-73	10
2015-12-24 03:16:09.571	30151	21501	-85	-73	10
2015-12-24 03:22:14.699	30151	21501	-85	-73	10	13.03	84.67	2.224
2015-12-24 03:43:51.191	30151	21501	-88	-74	10	13.02	84.69	2.22
2015-12-24 04:12:57.983	30151	21501	-85	-75	10	12.93	84.74	2.22
2015-12-24 05:00:11.799	30151	21501	-85	-72	10	12.89	84.8	2.22
2015-12-24 05:08:42.063	30151	21501	-85	-72	10	12.93	84.81	2.22
2015-12-24 05:23:35.771	30151	21501	-85	-72	10
2015-12-24 05:37:03.579	30151	21501	-85	-72	10
2015-12-24 05:44:50.671	30151	21501	-85	-72	10	12.81	84.76	2.22
2015-12-24 06:45:44.307	30151	21501	-82	-70	10	12.45	84.77	2.22
2015-12-24 07:22:57.503	30151	21501	-82	-70	10	12.14	84.74	2.22
2015-12-24 07:31:03.534	30151	21501	-82	-71	10
2015-12-24 07:40:09.202	30151	21501	-85	-70	10	11.97	84.73	2.22
2015-12-24 08:22:53.082	30151	21501	-82	-71	10
2015-12-24 08:24:32.831	30151	21501	-82	-70	10	11.74	84.98	2.216
2015-12-24 09:27:30.526	30151	21501	-85	-70	10	12.32	85.21	2.216
2015-12-24 09:38:27.834	30151	21501	-85	-71	10
2015-12-24 09:45:23.594	30151	21501	-82	-70	10	12.57	85.13	2.22
2015-12-24 10:27:05.35	30151	21501	-82	-71	10	13.14	85.22	2.216
2015-12-24 10:45:48.55	30151	21501	-82	-70	10	13.36	85.12	2.22
2015-12-24 11:08:43.078	30151	21501	-82	-67	10
2015-12-24 11:19:38.818	30151	21501	-82	-69	10	13.75	85.22	2.216
2015-12-24 11:45:54.998	30151	21501	-82	-68	10
2015-12-24 11:54:40.931	30151	21501	-82	-69	10	14.11	85.06	2.22
2015-12-24 12:20:38.034	30151	21501	-82	-70	10	14.46	85.02	2.216
2015-12-24 12:49:55.046	30151	21501	-82	-71	10	14.92	85.01	2.22
2015-12-24 13:10:45.678	30151	21501	-82	-70	10	15.31	84.89	2.22
2015-12-24 13:53:21.078	30151	21501	-82	-70	10
2015-12-24 13:54:32.118	30151	21501	-82	-70	10
2015-12-24 13:55:49.858	30151	21501	-85	-70	10	15.96	84.94	2.22
2015-12-24 14:10:40.558	30151	21501	-85	-70	10	16.22	84.88	2.22
2015-12-24 14:56:44.555	30151	21501	-82	-71	10	16.5	84.63	2.224
2015-12-24 15:16:34.302	30151	21501	-85	-70	10	16.31	84.49	2.216
2015-12-24 15:55:39.558	30151	21501	-82	-70	10	16.46	84.86	2.224
2015-12-24 16:00:49.955	30151	21501	-82	-70	10
2015-12-24 16:22:34.486	30151	21501	-85	-70	10	16.11	84.98	2.224
2015-12-24 16:40:21.003	30151	21501	-82	-70	10
2015-12-24 16:46:03.107	30151	21501	-82	-70	10	15.25	84.87	2.22
2015-12-24 17:14:43.367	30151	21501	-82	-70	10	14.17	84.81	2.224
2015-12-24 17:53:41.151	30151	21501	-82	-69	10	13.04	84.79	2.22
2015-12-24 18:08:14.895	30151	21501	-82	-68	10
2015-12-24 18:59:38.008	30151	21501	-82	-69	10	11.61	84.67	2.216
2015-12-24 19:26:11.042	30151	21501	-82	-68	10
2015-12-24 19:26:25.994	30151	21501	-82	-69	10	11.22	84.67	2.216
2015-12-24 20:01:05.382	30151	21501	-82	-69	10	10.79	84.66	2.216
2015-12-24 20:11:17.047	30151	21501	-79	-68	10	10.64	84.72	2.216
2015-12-24 20:15:42.406	30151	21501	-79	-68	10
2015-12-24 21:24:11.943	30151	21501	-82	-69	10	9.5	84.78	2.212
2015-12-24 22:12:00.963	30151	21501	-82	-68	10
2015-12-24 22:23:09.155	30151	21501	-82	-68	10
2015-12-24 22:58:07.122	30151	21501	-82	-68	10	8.33	84.69	2.212
2015-12-24 23:09:41.814	30151	21501	-82	-68	10	8.18	84.7	2.212
2015-12-24 23:39:25.118	30151	21501	-82	-68	10	7.75	84.8	2.212
2015-12-25 00:11:29.855	30151	21501	-82	-68	10	7.79	85.0	2.208
2015-12-25 00:30:36.202	30151	21501	-82	-68	10
2015-12-25 00:51:17.319	30151	21501	-82	-68	10	7.83	84.94	2.204
2015-12-25 00:57:54.094	30151	21501	-79	-68	10
2015-12-25 01:26:33.598	30151	21501	-79	-68	10	7.78	84.97	2.208
2015-12-25 01:42:24.943	30151	21501	-82	-68	10	7.92	85.1	2.208
2015-12-25 02:14:07.21	30151	21501	-82	-68	10	7.97	84.95	2.2
2015-12-25 02:38:02.534	30151	21501	-79	-68	10
2015-12-25 02:44:02.643	30151	21501	-82	-68	10	8.13	85.08	2.2
2015-12-25 03:43:39.739	30151	21501	-82	-68	10
2015-12-25 03:59:19.786	30151	21501	-82	-68	10	8.54	84.92	2.204
2015-12-25 04:21:41.778	30151	21501	-82	-68	10	8.74	84.92	2.204
2015-12-25 04:45:29.619	30151	21501	-82	-68	10
2015-12-25 04:57:36.318	30151	21501	-82	-68	10	8.96	84.84	2.204
2015-12-25 05:28:03.446	30151	21501	-82	-69	10	9.11	84.78	2.204
2015-12-25 05:54:13.651	30151	21501	-82	-68	10	9.15	84.7	2.204
2015-12-25 06:16:49.227	30151	21501	-82	-68	10	9.14	84.7	2.204
2015-12-25 06:29:29.795	30151	21501	-82	-68	10
2015-12-25 06:52:15.874	30151	21501	-82	-68	10	9.2	84.71	2.204
2015-12-25 06:52:57.042	30151	21501	-82	-69	10
2015-12-25 07:15:48.226	30151	21501	-82	-68	10	9.22	84.69	2.204
2015-12-25 07:46:17.867	30151	21501	-82	-69	10	9.06	84.63	2.204
2015-12-25 08:28:47.243	30151	21501	-82	-69	10	9.06	84.63	2.204
2015-12-25 08:56:46.731	30151	21501	-82	-69	10	9.42	84.76	2.2
2015-12-25 09:00:23.047	30151	21501	-82	-68	10
2015-12-25 09:15:19.531	30151	21501	-82	-68	10
2015-12-25 09:24:24.986	30151	21501	-82	-69	10	9.74	84.74	2.204
2015-12-25 09:53:09.159	30151	21501	-82	-69	10	10.0	84.76	2.204
2015-12-25 10:27:12.603	30151	21501	-82	-69	10	10.78	84.89	2.204
2015-12-25 10:48:37.187	30151	21501	-82	-69	10	11.04	84.79	2.204
2015-12-25 11:07:50.467	30151	21501	-82	-69	10
2015-12-25 11:15:22.864	30151	21501	-82	-69	10	11.82	84.95	2.208
2015-12-25 11:43:09.543	30151	21501	-82	-69	10	13.07	85.11	2.204
2015-12-25 12:01:09.203	30151	21501	-82	-69	10
2015-12-25 12:21:27.998	30151	21501	-82	-69	10	13.97	84.89	2.208
2015-12-25 12:40:36.194	30151	21501	-82	-69	10	13.85	84.64	2.208
2015-12-25 13:15:17.631	30151	21501	-82	-69	10
2015-12-25 13:24:27.098	30151	21501	-82	-69	10	14.02	84.61	2.212
2015-12-25 13:56:12.622	30151	21501	-82	-69	10	13.88	84.53	2.208
2015-12-25 14:18:45.235	30151	21501	-82	-69	10	13.68	84.44	2.208
2015-12-25 14:46:58.175	30151	21501	-82	-69	10
2015-12-25 14:52:08.007	30151	21501	-85	-69	10	13.36	84.38	2.208
2015-12-25 15:11:38.15	30151	21501	-82	-69	10	13.25	84.38	2.208
2015-12-25 15:22:43.471	30151	21501	-82	-69	10
2015-12-25 15:44:12.035	30151	21501	-82	-68	10	13.08	84.37	2.208
2015-12-25 16:09:07.07	30151	21501	-82	-69	10	12.99	84.39	2.208
2015-12-25 16:52:47.155	30151	21501	-82	-69	10	12.72	84.36	2.208
2015-12-25 17:29:11.235	30151	21501	-82	-69	10	12.43	84.38	2.208
2015-12-25 17:30:11.683	30151	21501	-79	-68	10
2015-12-25 17:32:48.135	30151	21501	-82	-67	10
2015-12-25 17:40:36.45	30151	21501	-82	-68	10	12.39	84.37	2.208
2015-12-25 18:27:48.891	30151	21501	-82	-69	10	11.93	84.27	2.208
2015-12-25 18:55:46.471	30151	21501	-82	-69	10	11.61	84.34	2.208
2015-12-25 19:27:40.406	30151	21501	-82	-69	10	11.29	84.33	2.208
2015-12-25 19:37:41.943	30151	21501	-82	-68	10
2015-12-25 20:18:38.191	30151	21501	-82	-69	10
2015-12-25 20:39:51.811	30151	21501	-82	-68	10	10.24	84.3	2.208
2015-12-25 21:20:56.799	30151	21501	-79	-68	10	9.75	84.27	2.204
2015-12-25 21:21:08.534	30151	21501	-79	-68	10	9.75	84.27	2.204
2015-12-25 21:45:02.955	30151	21501	-79	-68	10
2015-12-25 21:57:57.167	30151	21501	-79	-68	10	9.22	84.39	2.204
2015-12-25 22:52:37.235	30151	21501	-82	-67	10	8.64	84.43	2.2
2015-12-25 23:04:27.974	30151	21501	-82	-68	10
2015-12-25 23:30:57.519	30151	21501	-82	-68	10	8.28	84.4	2.2
2015-12-25 23:48:36.427	30151	21501	-82	-67	10	8.13	84.36	2.2
2015-12-25 23:52:38.443	30151	21501	-82	-68	10
2015-12-26 00:30:05.534	30151	21501	-82	-68	10	7.74	84.5	2.2
2015-12-26 01:50:29.331	30151	21501	-79	-67	10
2015-12-26 02:00:08.919	30151	21501	-82	-68	10
2015-12-26 04:07:23.818	30151	21501	-82	-68	10
2015-12-26 04:36:07.355	30151	21501	-82	-70	10
2015-12-26 06:14:50.766	30151	21501	-82	-67	10
2015-12-26 07:21:56.612	30151	21501	-79	-68	10
2015-12-26 10:07:46.702	30151	21501	-79	-67	10
2015-12-26 12:37:12.253	30151	21501	-82	-68	10
2015-12-26 12:53:36.454	30151	21501	-79	-67	10
2015-12-26 14:44:38.855	30151	21501	-82	-68	10
2015-12-26 14:57:09.886	30151	21501	-79	-67	10	11.96	84.7	2.2
2015-12-26 15:39:25.414	30151	21501	-82	-67	10
2015-12-26 16:52:07.231	30151	21501	-79	-68	10
2015-12-26 16:57:06.538	30151	21501	-79	-67	10	11.56	84.39	2.2
2015-12-26 18:59:31.111	30151	21501	-82	-70	10
2015-12-26 21:06:58.41	30151	21501	-82	-72	10
2015-12-26 21:11:04.503	30151	21501	-85	-71	10
2015-12-26 23:56:54.938	30151	21501	-85	-71	10
2015-12-27 01:21:53.026	30151	21501	-82	-70	10
2015-12-27 02:42:46.863	30151	21501	-82	-69	10
2015-12-27 03:29:19.267	30151	21501	-82	-70	10
2015-12-27 05:28:34.426	30151	21501	-85	-70	10
2015-12-27 05:36:48.331	30151	21501	-85	-70	10
2015-12-27 07:58:47.979	30151	21501	-85	-72	10	15.45	85.86	2.2
2015-12-27 08:24:49.028	30151	21501	-85	-72	10	15.86	85.86	2.2
2015-12-27 09:50:56.034	30151	21501	-85	-73	10	16.56	85.69	2.204
2015-12-27 10:08:51.006	30151	21501	-85	-73	10	16.75	85.71	2.204
2015-12-27 10:55:37.534	30151	21501	-85	-72	10	16.39	84.8	2.204
2015-12-27 11:00:26.398	30151	21501	-82	-71	10
2015-12-27 11:16:45.774	30151	21501	-85	-71	10	15.61	85.03	2.208
2015-12-27 11:54:03.282	30151	21501	-85	-73	10	14.45	84.64	2.204
2015-12-27 11:59:06.334	30151	21501	-82	-71	10
2015-12-27 12:29:21.403	30151	21501	-85	-71	10	13.68	85.23	2.204
2015-12-27 12:58:12.11	30151	21501	-85	-71	10	13.47	85.15	2.204
2015-12-27 13:10:16.466	30151	21501	-85	-73	10	13.14	84.98	2.204
2015-12-27 13:43:24.31	30151	21501	-85	-70	10	12.22	84.76	2.2
2015-12-27 13:46:01.97	30151	21501	-82	-71	10
2015-12-27 16:31:52.151	30151	21501	-85	-74	10
2015-12-27 18:21:26.394	30151	21501	-82	-70	10
2015-12-27 19:17:42.259	30151	21501	-85	-71	10
2015-12-27 20:28:55.374	30151	21501	-82	-72	10
2015-12-27 22:03:32.294	30151	21501	-85	-71	10
2015-12-27 22:36:19.806	30151	21501	-85	-71	10
2015-12-28 00:43:46.722	30151	21501	-82	-71	10
2015-12-28 00:49:21.818	30151	21501	-85	-71	10
2015-12-28 02:51:13.911	30151	21501	-82	-71	10
2015-12-28 03:35:10.751	30151	21501	-82	-69	10
2015-12-28 04:58:44.051	30151	21501	-82	-71	10
2015-12-28 07:06:09.906	30151	21501	-85	-70	10
2015-12-28 09:06:50.319	30151	21501	-85	-70	10
2015-12-28 09:13:34.458	30151	21501	-82	-70	10
2015-12-28 13:28:28.547	30151	21501	-85	-72	10
2015-12-28 17:43:23.946	30151	21501	-85	-71	10
2015-12-28 19:50:49.278	30151	21501	-85	-72	10
2015-12-28 20:10:09.008	30151	21501	-85	-74	10
2015-12-28 21:58:16.123	30151	21501	-85	-72	10
2015-12-28 22:55:58.703	30151	21501	-85	-70	10
2015-12-29 00:05:42.119	30151	21501	-82	-70	10
2015-12-29 01:41:47.963	30151	21501	-85	-71	10
2015-12-29 04:20:36.018	30151	21501	-85	-71	10
2015-12-29 04:27:37.914	30151	21501	-82	-71	10
2015-12-29 06:28:02.847	30151	21501	-85	-71	10
2015-12-29 07:13:28.927	30151	21501	-85	-71	10
2015-12-29 10:42:57.222	30151	21501	-85	-71	10
2015-12-29 12:50:24.139	30151	21501	-82	-68	10
2015-12-29 17:05:17.422	30151	21501	-82	-70	10
2015-12-29 18:16:46.567	30151	21501	-82	-70	10
2015-12-29 19:12:45.146	30151	21501	-82	-70	10
2015-12-29 23:48:25.903	30151	21501	-82	-70	10
2015-12-30 01:35:05.127	30151	21501	-82	-70	10
2015-12-30 02:34:16.123	30151	21501	-82	-70	10
2015-12-30 03:42:31.303	30151	21501	-82	-70	10
2015-12-30 05:20:05.671	30151	21501	-85	-70	10
2015-12-30 07:57:24.615	30151	21501	-82	-70	10
2015-12-30 10:04:51.571	30151	21501	-82	-70	10
2015-12-30 10:51:44.586	30151	21501	-82	-70	10
2015-12-30 13:37:33.798	30151	21501	-82	-70	10
2015-12-30 14:19:45.23	30151	21501	-82	-70	10
2015-12-30 16:23:23.519	30151	21501	-82	-70	10
2015-12-30 16:27:13.271	30151	21501	-82	-69	10
2015-12-30 18:34:38.915	30151	21501	-82	-69	10
2015-12-30 19:09:13.487	30151	21501	-82	-69	10
2015-12-30 20:42:06.959	30151	21501	-82	-69	10
2015-12-30 22:49:35.058	30151	21501	-82	-68	10
2015-12-31 00:40:53.402	30151	21501	-79	-68	10
2015-12-31 06:12:31.95	30151	21501	-79	-67	10
2015-12-31 07:19:32.266	30151	21501	-79	-66	10
2015-12-31 13:41:40.791	30151	21501	-79	-66	10
2015-12-31 15:49:09.211	30151	21501	-82	-66	10
2015-12-31 17:15:53.638	30151	21501	-79	-66	10
2015-12-31 20:04:02.098	30151	21501	-79	-65	10
2016-01-01 01:33:19.591	30151	21501	-79	-64	10
2016-01-01 02:26:22.204	30151	21501	-79	-64	10
2016-01-01 07:05:01.731	30151	21501	-79	-65	10
2016-01-01 08:48:42.943	30151	21501	-79	-65	10
2016-01-01 09:50:49.718	30151	21501	-79	-65	10
2016-01-01 12:36:49.915	30151	21501	-79	-66	10
2016-01-01 15:11:02.714	30151	21501	-79	-64	10
2016-01-01 17:18:30.103	30151	21501	-76	-66	10
2016-01-01 21:33:25.024	30151	21501	-79	-65	10
2016-01-02 01:48:19.618	30151	21501	-79	-64	10
2016-01-02 02:25:48.702	30151	21501	-76	-64	10
2016-01-02 03:55:45.327	30151	21501	-79	-64	10
2016-01-02 05:11:42.583	30151	21501	-76	-64	10
2016-01-02 07:57:28.754	30151	21501	-79	-65	10
2016-01-02 08:10:40.411	30151	21501	-79	-64	10
2016-01-02 10:18:05.411	30151	21501	-79	-64	10
2016-01-02 10:43:17.359	30151	21501	-79	-64	10
2016-01-02 16:40:26.143	30151	21501	-79	-65	10
2016-01-02 19:00:47.739	30151	21501	-79	-65	10
2016-01-02 20:55:21.598	30151	21501	-79	-65	10
2016-01-02 21:46:41.338	30151	21501	-79	-65	10
2016-01-03 00:32:26.41	30151	21501	-79	-65	10
2016-01-03 01:10:13.918	30151	21501	-79	-65	10
2016-01-03 03:17:40.611	30151	21501	-79	-65	10
2016-01-03 09:40:01.979	30151	21501	-79	-65	10
2016-01-03 13:54:55.194	30151	21501	-76	-65	10
2016-01-03 14:21:44.454	30151	21501	-79	-65	10
2016-01-03 16:02:22.618	30151	21501	-79	-64	10
2016-01-03 17:07:24.314	30151	21501	-79	-65	10
2016-01-04 01:24:53.722	30151	21501	-76	-64	10
2016-01-04 02:39:36.991	30151	21501	-76	-65	10
2016-01-04 06:56:33.202	30151	21501	-79	-64	10
2016-01-04 09:42:22.671	30151	21501	-79	-64	10
2016-01-04 13:16:51.278	30151	21501	-79	-64	10
2016-01-04 19:39:10.586	30151	21501	-76	-62	10
2016-01-04 21:46:38.654	30151	21501	-76	-62	10
2016-01-04 23:31:30.911	30151	21501	-76	-62	10
2016-01-04 23:54:04.979	30151	21501	-76	-62	10
2016-01-05 02:01:32.098	30151	21501	-76	-62	10
2016-01-05 02:17:21.834	30151	21501	-76	-62	10
2016-01-05 04:08:58.706	30151	21501	-76	-62	10
2016-01-05 08:23:52.842	30151	21501	-73	-62	10
2016-01-05 10:34:51.694	30151	21501	-76	-62	10
2016-01-05 14:46:15.75	30151	21501	-76	-64	10
2016-01-05 21:38:10.658	30151	21501	-76	-64	10
2016-01-05 23:16:02.231	30151	21501	-76	-63	10
2016-01-06 00:24:00.562	30151	21501	-76	-63	10
2016-01-06 01:23:29.238	30151	21501	-76	-63	10
2016-01-06 03:09:53.018	30151	21501	-76	-63	10
2016-01-06 03:31:19.119	30151	21501	-76	-63	10
2016-01-06 05:38:23.078	30151	21501	-76	-63	10
2016-01-06 05:55:42.638	30151	21501	-76	-63	10
