result_time	node_id	parent_id	stats_frssi	stats_brssi	etx	temperature	humidity	voltage
2015-12-01 00:42:44.074	31051	21501	-91	-93	10
2015-12-01 01:34:55.471	31051	21501	-91	-92	10	7.21	71.43	3.609
2015-12-01 02:14:57.266	31051	21501	-91	-93	10
2015-12-01 03:47:11.351	31051	21501	-88	-93	10
2015-12-01 06:58:08.739	31051	21501	-88	-92	10	6.96	71.28	3.609
2015-12-01 14:32:54.362	31051	21501	-91	-92	10	10.96	71.0	3.609
2015-12-01 16:28:55.114	31051	21501	-88	-92	10	12.17	70.72	3.609
2015-12-01 17:36:38.791	31051	21501	-94	-94	10	12.46	70.7	3.609
2015-12-01 17:44:05.194	31051	21501	-91	-94	10
2015-12-01 18:32:28.251	31051	21501	-91	-94	10	12.83	70.63	3.609
2015-12-01 19:09:28.67	31051	21501	-91	-94	10
2015-12-01 20:32:03.606	31051	21501	-88	-93	10	13.33	70.54	3.609
2015-12-01 20:41:48.599	31051	21501	-97	-93	10
2015-12-01 20:48:37.589	31051	21501	-88	-93	10
2015-12-02 01:18:23.73	31051	21501	-88	-93	10
2015-12-02 05:30:08.662	31051	21501	-88	-92	10	7.79	72.51	3.609
2015-12-02 08:44:11.286	31051	21501	-88	-91	10	7.18	72.85	3.609
2015-12-02 09:06:57.57	31051	21501	-88	-91	10
2015-12-02 11:01:22.306	31051	21501	-88	-91	10	7.72	73.04	3.609
2015-12-02 12:02:30.962	31051	21501	-88	-91	10	8.33	73.16	3.609
2015-12-02 12:11:30.747	31051	21501	-88	-91	10
2015-12-02 12:33:30.526	31051	21501	-88	-92	10	8.36	73.09	3.609
2015-12-02 14:40:25.086	31051	21501	-88	-91	10	8.43	73.13	3.609
2015-12-02 15:08:28.082	31051	21501	-88	-91	10
2015-12-02 17:00:47.315	31051	21501	-88	-92	10	8.1	73.11	3.609
2015-12-02 18:12:55.715	31051	21501	-88	-92	10
2015-12-02 19:45:09.478	31051	21501	-91	-92	10
2015-12-02 20:38:42.767	31051	21501	-91	-92	10	5.61	73.33	3.609
2015-12-02 21:31:37.235	31051	21501	-88	-92	10	5.21	73.6	3.598
2015-12-03 00:21:50.747	31051	21501	-91	-94	10
2015-12-03 01:28:53.235	31051	21501	-91	-93	10	2.68	73.87	3.598
2015-12-03 02:29:07.61	31051	21501	-88	-92	10	1.9	74.1	3.598
2015-12-03 03:26:18.871	31051	21501	-88	-92	10
2015-12-03 03:36:54.851	31051	21501	-91	-92	10	1.17	74.23	3.598
2015-12-03 05:41:51.742	31051	21501	-88	-94	10	1.03	74.32	3.598
2015-12-03 07:37:19.683	31051	21501	-91	-95	10	1.15	74.27	3.588
2015-12-03 09:38:58.938	31051	21501	-91	-94	10	1.82	74.21	3.588
2015-12-03 12:12:32.274	31051	21501	-88	-94	10	3.47	74.0	3.588
2015-12-03 13:05:47.682	31051	21501	-88	-93	10	3.7	73.7	3.588
2015-12-03 18:17:48.026	31051	21501	-91	-92	10	3.67	73.44	3.588
2015-12-03 22:01:53.043	31051	21501	-88	-93	10
2015-12-03 23:56:35.527	31051	21501	-91	-94	10	2.97	73.5	3.588
2015-12-04 00:41:38.243	31051	21501	-91	-93	10	2.89	73.53	3.588
2015-12-04 00:59:44.795	31051	21501	-91	-92	10	2.89	73.53	3.588
2015-12-04 01:46:12.086	31051	21501	-91	-93	10	2.88	73.53	3.588
2015-12-04 02:29:47.542	31051	21501	-91	-92	10
2015-12-04 04:11:00.538	31051	21501	-91	-93	10
2015-12-04 05:38:21.403	31051	21501	-88	-93	10	2.78	73.54	3.588
2015-12-04 06:25:53.507	31051	21501	-88	-93	10	2.75	73.53	3.588
2015-12-04 07:37:22.182	31051	21501	-91	-94	10	2.67	73.49	3.588
2015-12-04 08:28:08.874	31051	21501	-94	-90	10	2.79	73.54	3.588
2015-12-04 10:16:00.364	31051	21501	-88	-94	10	5.32	74.18	3.588
2015-12-04 10:26:51.066	31051	21501	-88	-90	10	5.67	74.83	3.578
2015-12-04 11:43:09.966	31051	21501	-94	-93	10
2015-12-04 14:47:37.622	31051	21501	-94	-94	10
2015-12-04 15:37:22.255	31051	21501	-94	-94	10	12.32	69.32	3.588
2015-12-04 16:19:50.03	31051	21501	-88	-93	10
2015-12-04 17:06:06.594	31051	21501	-91	-93	10	8.06	71.2	3.598
2015-12-04 17:26:56.243	31051	21501	-91	-94	10	7.33	71.48	3.588
2015-12-04 20:27:21.762	31051	21501	-88	-92	10	3.57	72.86	3.588
2015-12-04 23:29:26.582	31051	21501	-91	-92	10	0.82	73.43	3.588
2015-12-05 00:00:59.451	31051	21501	-91	-92	10
2015-12-05 01:33:25.975	31051	21501	-91	-92	10
2015-12-05 01:43:04.758	31051	21501	-88	-92	10
2015-12-05 02:41:47.127	31051	21501	-88	-91	10	-0.67	73.86	3.588
2015-12-05 04:03:48.043	31051	21501	-88	-92	10	-1.16	73.91	3.578
2015-12-05 04:37:41.271	31051	21501	-88	-91	10
2015-12-05 04:47:38.72	31051	21501	-88	-91	10
2015-12-05 05:44:15.007	31051	21501	-88	-90	10	-1.64	74.0	3.578
2015-12-05 06:09:54.826	31051	21501	-88	-91	10
2015-12-05 07:42:17.975	31051	21501	-88	-90	10
2015-12-05 07:52:13.327	31051	21501	-88	-90	10
2015-12-05 09:01:08.863	31051	21501	-88	-90	10	-1.1	74.99	3.578
2015-12-05 10:29:29.719	31051	21501	-91	-92	10	5.39	75.98	3.578
2015-12-05 14:04:35.794	31051	21501	-91	-95	10	15.53	69.48	3.588
2015-12-05 15:27:25.134	31051	21501	-91	-94	10	15.89	67.94	3.598
2015-12-05 16:42:54.87	31051	21501	-91	-93	10	10.68	69.77	3.588
2015-12-05 17:05:58.934	31051	21501	-91	-93	10
2015-12-05 18:27:46.366	31051	21501	-91	-93	10
2015-12-05 18:36:28.223	31051	21501	-91	-93	10	5.46	72.12	3.588
2015-12-05 19:06:13.367	31051	21501	-94	-93	10	4.6	72.46	3.588
2015-12-05 19:46:26.083	31051	21501	-91	-94	10	3.56	72.79	3.588
2015-12-05 19:59:59.45	31051	21501	-94	-93	10
2015-12-05 20:00:00.938	31051	21501	-91	-93	10	3.32	72.94	3.588
2015-12-05 20:10:32.238	31051	21501	-91	-93	10
2015-12-05 20:38:20.935	31051	21501	-91	-93	10	2.6	73.25	3.588
2015-12-05 21:07:08.602	31051	21501	-88	-92	10	2.17	73.36	3.588
2015-12-05 21:32:13.795	31051	21501	-91	-92	10
2015-12-05 21:38:32.315	31051	21501	-91	-92	10	1.58	73.44	3.588
2015-12-05 22:08:40.042	31051	21501	-91	-92	10	1.2	73.54	3.588
2015-12-05 22:43:40.32	31051	21501	-88	-91	10	0.75	73.62	3.588
2015-12-05 23:03:21.336	31051	21501	-88	-91	10	0.43	73.63	3.588
2015-12-05 23:04:27.146	31051	21501	-88	-91	10
2015-12-05 23:15:06.99	31051	21501	-85	-91	10
2015-12-05 23:42:43.231	31051	21501	-88	-90	10	-0.07	73.49	3.588
2015-12-06 00:07:36.354	31051	21501	-88	-90	10	-0.24	73.73	3.578
2015-12-06 00:27:47.31	31051	21501	-91	-90	10	-0.39	73.77	3.578
2015-12-06 00:36:43.335	31051	21501	-88	-90	10
2015-12-06 01:03:37.727	31051	21501	-85	-90	10	-0.6	73.83	3.578
2015-12-06 01:38:49.19	31051	21501	-88	-90	10	-0.7	73.93	3.578
2015-12-06 02:02:18.214	31051	21501	-88	-90	10	-0.79	73.94	3.578
2015-12-06 02:08:54.882	31051	21501	-85	-89	10
2015-12-06 02:19:41.986	31051	21501	-88	-89	10
2015-12-06 02:47:52.414	31051	21501	-85	-89	10	-1.0	73.99	3.578
2015-12-06 02:58:52.634	31051	21501	-85	-88	10	-1.06	73.98	3.578
2015-12-06 03:41:09.162	31051	21501	-88	-89	10
2015-12-06 03:43:35.715	31051	21501	-85	-89	10	-1.21	73.99	3.578
2015-12-06 03:57:01.47	31051	21501	-85	-89	10	-1.28	74.01	3.578
2015-12-06 04:31:18.646	31051	21501	-88	-89	10	-1.42	74.0	3.578
2015-12-06 05:00:26.415	31051	21501	-85	-89	10	-1.53	74.0	3.567
2015-12-06 05:13:23.567	31051	21501	-85	-89	10
2015-12-06 05:24:17.487	31051	21501	-91	-89	10
2015-12-06 05:44:17.862	31051	21501	-85	-89	10	-1.66	74.05	3.578
2015-12-06 06:05:59.887	31051	21501	-85	-89	10	-1.74	74.11	3.578
2015-12-06 06:40:26.882	31051	21501	-85	-89	10	-1.84	74.13	3.567
2015-12-06 06:45:36.294	31051	21501	-85	-89	10
2015-12-06 07:14:27.655	31051	21501	-85	-89	10	-1.89	74.07	3.578
2015-12-06 07:47:08.046	31051	21501	-85	-89	10	-1.82	74.19	3.567
2015-12-06 08:01:16.607	31051	21501	-85	-89	10	-1.66	74.27	3.567
2015-12-06 08:17:51.035	31051	21501	-85	-89	10
2015-12-06 08:39:53.254	31051	21501	-85	-89	10	-1.16	74.42	3.578
2015-12-06 09:03:39.462	31051	21501	-85	-89	10	-0.84	74.54	3.578
2015-12-06 09:50:04.962	31051	21501	-88	-89	10
2015-12-06 10:43:40.127	31051	21501	-85	-90	10	2.35	74.47	3.567
2015-12-06 10:59:00.858	31051	21501	-88	-90	10	3.51	74.74	3.567
2015-12-06 11:33:20.199	31051	21501	-94	-94	10	5.24	75.02	3.567
2015-12-06 11:33:26.454	31051	21501	-91	-93	10
2015-12-06 12:01:40.355	31051	21501	-94	-92	10	7.4	73.44	3.578
2015-12-06 12:33:25.082	31051	21501	-91	-94	10	8.95	72.69	3.578
2015-12-06 12:54:31.955	31051	21501	-94	-94	10
2015-12-06 13:08:18.526	31051	21501	-91	-93	10	9.47	72.19	3.578
2015-12-06 13:38:51.596	31051	21501	-91	-93	10	10.43	71.72	3.578
2015-12-06 13:58:10.522	31051	21501	-94	-94	10	11.0	71.4	3.578
2015-12-06 14:26:06.49	31051	21501	-91	-94	10	11.11	71.43	3.578
2015-12-06 14:26:45.359	31051	21501	-94	-94	10
2015-12-06 14:38:01.723	31051	21501	-91	-94	10
2015-12-06 15:08:38.783	31051	21501	-94	-93	10	11.46	71.04	3.578
2015-12-06 15:32:46.67	31051	21501	-91	-94	10	10.68	71.16	3.578
2015-12-06 15:56:12.454	31051	21501	-91	-94	10	9.99	71.16	3.578
2015-12-06 15:58:59.208	31051	21501	-91	-94	10
2015-12-06 16:43:27.347	31051	21501	-94	-94	10	8.15	71.28	3.578
2015-12-06 17:06:01.118	31051	21501	-91	-94	10	7.42	71.47	3.578
2015-12-06 17:31:13.695	31051	21501	-91	-93	10
2015-12-06 17:42:35.519	31051	21501	-94	-94	10
2015-12-06 17:47:16.071	31051	21501	-91	-94	10	6.2	72.04	3.578
2015-12-06 18:14:20.519	31051	21501	-91	-93	10	5.56	72.35	3.578
2015-12-06 18:36:27.583	31051	21501	-91	-94	10	5.13	72.54	3.578
2015-12-06 19:03:27.458	31051	21501	-91	-93	10
2015-12-06 19:17:06.618	31051	21501	-94	-94	10	4.43	72.89	3.578
2015-12-06 19:29:18.288	31051	21501	-91	-94	10	4.25	72.98	3.578
2015-12-06 20:11:18.794	31051	21501	-91	-94	10	3.85	73.25	3.578
2015-12-06 20:27:02.978	31051	21501	-94	-93	10	3.79	73.32	3.578
2015-12-06 20:35:41.574	31051	21501	-91	-93	10
2015-12-06 20:47:10.33	31051	21501	-94	-93	10
2015-12-06 21:02:10.274	31051	21501	-94	-94	10	3.51	73.31	3.578
2015-12-06 21:43:23.134	31051	21501	-91	-92	10	2.82	73.32	3.578
2015-12-06 22:07:54.906	31051	21501	-94	-93	10
2015-12-06 22:13:40.943	31051	21501	-91	-93	10	2.56	73.41	3.578
2015-12-06 22:34:45.23	31051	21501	-91	-93	10	2.47	73.47	3.578
2015-12-06 23:13:43.871	31051	21501	-91	-93	10	2.06	73.49	3.578
2015-12-06 23:28:44.719	31051	21501	-91	-93	10	1.72	73.47	3.578
2015-12-06 23:40:07.866	31051	21501	-94	-92	10
2015-12-06 23:51:45.274	31051	21501	-91	-93	10
2015-12-07 00:03:40.139	31051	21501	-91	-93	10	1.42	73.58	3.578
2015-12-07 00:32:45.651	31051	21501	-94	-93	10	1.25	73.7	3.578
2015-12-07 01:12:23.271	31051	21501	-91	-93	10
2015-12-07 01:14:30.834	31051	21501	-91	-93	10	1.0	73.77	3.567
2015-12-07 01:27:28.055	31051	21501	-91	-93	10	0.89	73.77	3.578
2015-12-07 02:07:44.33	31051	21501	-91	-93	10	0.56	73.77	3.578
2015-12-07 02:42:10.442	31051	21501	-91	-93	10	0.42	73.75	3.567
2015-12-07 02:44:37.562	31051	21501	-91	-93	10
2015-12-07 02:55:50.443	31051	21501	-91	-93	10	0.32	73.75	3.567
2015-12-07 02:56:19.656	31051	21501	-91	-93	10
2015-12-07 04:14:04.338	31051	21501	-91	-93	10	-0.38	73.9	3.567
2015-12-07 04:16:50.324	31051	21501	-94	-93	10
2015-12-07 04:36:35.31	31051	21501	-91	-93	10	-0.41	73.99	3.567
2015-12-07 05:10:45.378	31051	21501	-91	-92	10	-0.48	73.93	3.567
2015-12-07 05:42:47.831	31051	21501	-91	-92	10	-0.81	73.88	3.567
2015-12-07 05:49:05.155	31051	21501	-91	-92	10
2015-12-07 06:00:55.671	31051	21501	-91	-92	10
2015-12-07 06:15:13.662	31051	21501	-88	-92	10	-0.96	74.02	3.567
2015-12-07 06:44:43.738	31051	21501	-88	-91	10	-0.95	73.98	3.567
2015-12-07 07:13:10.578	31051	21501	-91	-92	10	-1.1	74.09	3.567
2015-12-07 07:21:18.351	31051	21501	-88	-91	10
2015-12-07 07:29:47.651	31051	21501	-88	-92	10	-1.07	74.12	3.567
2015-12-07 08:09:08.314	31051	21501	-91	-91	10	-0.96	74.2	3.567
2015-12-07 08:39:26.262	31051	21501	-91	-93	10	-0.07	74.99	3.567
2015-12-07 09:09:59.61	31051	21501	-91	-93	10	1.03	75.57	3.567
2015-12-07 10:04:05.06	31051	21501	-91	-93	10	2.5	75.07	3.567
2015-12-07 10:34:26.111	31051	21501	-94	-92	10	4.06	74.33	3.567
2015-12-07 11:16:39.686	31051	21501	-91	-94	10	5.64	73.69	3.567
2015-12-07 11:26:12.79	31051	21501	-88	-93	10	6.11	73.53	3.567
2015-12-07 11:57:59.542	31051	21501	-91	-93	10
2015-12-07 12:07:59.014	31051	21501	-94	-93	10	7.01	72.97	3.567
2015-12-07 12:10:03.991	31051	21501	-91	-94	10
2015-12-07 12:34:20.394	31051	21501	-94	-94	10	7.97	72.62	3.567
2015-12-07 12:58:12.203	31051	21501	-91	-94	10	8.42	72.89	3.567
2015-12-07 13:28:05.331	31051	21501	-94	-94	10	11.2	71.95	3.567
2015-12-07 13:30:13.646	31051	21501	-94	-95	10
2015-12-07 14:04:11.33	31051	21501	-91	-95	10	11.11	71.8	3.567
2015-12-07 14:47:32.314	31051	21501	-94	-95	10	14.7	69.76	3.567
2015-12-07 14:59:27.863	31051	21501	-94	-95	10	14.14	70.42	3.567
2015-12-07 15:02:27.802	31051	21501	-94	-95	10
2015-12-07 15:14:38.926	31051	21501	-94	-95	10
2015-12-07 15:43:33.419	31051	21501	-94	-95	10	11.72	70.1	3.578
2015-12-07 16:09:27.458	31051	21501	-91	-95	10	10.36	70.56	3.578
2015-12-07 16:34:41.943	31051	21501	-94	-94	10
2015-12-07 16:46:16.162	31051	21501	-94	-94	10	8.82	71.04	3.578
2015-12-07 16:59:36.386	31051	21501	-94	-94	10	8.33	71.13	3.567
2015-12-07 17:40:35.61	31051	21501	-94	-94	10	6.93	71.72	3.567
2015-12-07 17:59:04.71	31051	21501	-94	-94	10	6.4	71.92	3.578
2015-12-07 18:06:55.83	31051	21501	-94	-94	10
2015-12-07 18:19:14.503	31051	21501	-94	-94	10
2015-12-07 18:29:04.091	31051	21501	-94	-93	10	5.57	72.3	3.578
2015-12-07 19:11:55.454	31051	21501	-94	-93	10	5.24	73.02	3.567
2015-12-07 19:28:50.714	31051	21501	-91	-93	10	5.1	73.07	3.567
2015-12-07 19:39:10.098	31051	21501	-91	-93	10
2015-12-07 20:03:20.05	31051	21501	-91	-93	10	4.28	72.99	3.567
2015-12-07 20:26:03.362	31051	21501	-94	-93	10	3.99	73.05	3.567
2015-12-07 21:11:21.855	31051	21501	-91	-93	10
2015-12-07 21:23:48.414	31051	21501	-91	-93	10
2015-12-07 22:10:28.091	31051	21501	-91	-93	10	3.04	73.57	3.567
2015-12-07 22:26:12.667	31051	21501	-94	-93	10	2.83	73.5	3.567
2015-12-07 22:43:38.723	31051	21501	-91	-94	10
2015-12-07 23:05:25.514	31051	21501	-91	-94	10	2.65	73.59	3.567
2015-12-07 23:38:22.466	31051	21501	-91	-93	10	2.56	73.62	3.567
2015-12-08 00:02:30.167	31051	21501	-94	-93	10	2.28	73.66	3.567
2015-12-08 00:15:52.038	31051	21501	-91	-94	10
2015-12-08 00:28:22.906	31051	21501	-91	-93	10
2015-12-08 00:30:40.806	31051	21501	-88	-93	10	2.15	73.76	3.567
2015-12-08 01:04:07.734	31051	21501	-91	-93	10	2.1	73.82	3.567
2015-12-08 01:48:05.791	31051	21501	-91	-93	10
2015-12-08 02:47:57.716	31051	21501	-91	-94	10	0.97	73.49	3.567
2015-12-08 03:02:29.458	31051	21501	-91	-93	10	0.78	73.45	3.567
2015-12-08 03:20:19.683	31051	21501	-88	-93	10
2015-12-08 03:33:09.805	31051	21501	-91	-93	10
2015-12-08 03:40:00.47	31051	21501	-94	-93	10	0.39	73.62	3.567
2015-12-08 04:47:17.198	31051	21501	-91	-93	10	0.07	73.85	3.567
2015-12-08 04:52:32.207	31051	21501	-94	-93	10
2015-12-08 05:06:13.947	31051	21501	-91	-93	10	-0.11	73.88	3.557
2015-12-08 05:28:35.459	31051	21501	-91	-93	10	-0.28	73.89	3.557
2015-12-08 06:01:31.127	31051	21501	-88	-93	10	-0.06	74.07	3.557
2015-12-08 06:24:45.675	31051	21501	-91	-93	10
2015-12-08 06:37:32.235	31051	21501	-94	-94	10
2015-12-08 06:40:55.922	31051	21501	-94	-93	10	0.31	74.19	3.567
2015-12-08 07:45:22.111	31051	21501	-94	-93	10	0.68	74.22	3.557
2015-12-08 07:56:59.871	31051	21501	-94	-94	10
2015-12-08 08:14:00.211	31051	21501	-91	-93	10	0.96	74.23	3.557
2015-12-08 08:26:07.619	31051	21501	-94	-94	10	1.07	74.2	3.557
2015-12-08 09:03:38.015	31051	21501	-91	-94	10	1.67	74.28	3.557
2015-12-08 09:29:13.978	31051	21501	-94	-93	10
2015-12-08 09:41:49.511	31051	21501	-91	-94	10	2.28	74.16	3.557
2015-12-08 09:42:07.331	31051	21501	-94	-94	10
2015-12-08 10:14:05.251	31051	21501	-91	-93	10	2.97	74.15	3.557
2015-12-08 10:46:08.511	31051	21501	-91	-94	10	3.79	74.05	3.557
2015-12-08 11:01:27.091	31051	21501	-94	-93	10
2015-12-08 11:11:22.799	31051	21501	-91	-94	10	4.38	73.81	3.557
2015-12-08 11:34:24.243	31051	21501	-94	-93	10	4.56	73.77	3.557
2015-12-08 12:12:04.871	31051	21501	-94	-93	10	4.99	73.71	3.557
2015-12-08 12:33:40.531	31051	21501	-94	-94	10
2015-12-08 12:37:15.439	31051	21501	-94	-94	10	5.7	73.5	3.557
2015-12-08 12:46:42.363	31051	21501	-88	-95	10
2015-12-08 13:06:50.511	31051	21501	-94	-93	10	5.86	73.38	3.557
2015-12-08 13:42:07.706	31051	21501	-91	-94	10	6.14	73.26	3.557
2015-12-08 14:05:54.666	31051	21501	-94	-94	10
2015-12-08 14:16:08.335	31051	21501	-94	-94	10	6.57	73.17	3.557
2015-12-08 14:28:20.624	31051	21501	-94	-94	10	6.82	73.19	3.567
2015-12-08 15:04:25.007	31051	21501	-91	-94	10	7.21	73.14	3.557
2015-12-08 15:38:08.735	31051	21501	-94	-94	10
2015-12-08 15:42:29.159	31051	21501	-91	-94	10	7.43	73.19	3.557
2015-12-08 15:51:16.619	31051	21501	-91	-94	10
2015-12-08 16:17:26.862	31051	21501	-94	-94	10	7.42	72.8	3.557
2015-12-08 16:40:39.398	31051	21501	-91	-94	10	7.25	72.74	3.557
2015-12-08 16:59:21.967	31051	21501	-94	-94	10	7.15	72.74	3.557
2015-12-08 17:10:22.928	31051	21501	-94	-95	10
2015-12-08 17:37:02.738	31051	21501	-94	-94	10	7.03	72.85	3.567
2015-12-08 17:55:45.055	31051	21501	-94	-94	10	6.93	72.83	3.557
2015-12-08 18:33:50.475	31051	21501	-91	-94	10	6.57	72.86	3.567
2015-12-08 18:42:36.655	31051	21501	-91	-94	10
2015-12-08 18:55:51.439	31051	21501	-94	-94	10
2015-12-08 19:12:03.619	31051	21501	-94	-93	10	6.03	72.8	3.557
2015-12-08 19:28:16.483	31051	21501	-94	-93	10	5.78	72.85	3.557
2015-12-08 20:05:05.423	31051	21501	-88	-94	10	5.43	72.96	3.557
2015-12-08 20:14:50.091	31051	21501	-91	-94	10
2015-12-08 20:44:05.013	31051	21501	-91	-94	10	4.97	73.02	3.557
2015-12-08 21:02:03.126	31051	21501	-91	-94	10	4.75	73.08	3.557
2015-12-08 21:32:49.511	31051	21501	-91	-94	10	4.32	73.14	3.557
2015-12-08 21:47:03.283	31051	21501	-91	-94	10
2015-12-08 22:00:26.047	31051	21501	-94	-94	10
2015-12-08 22:09:36.398	31051	21501	-94	-94	10	4.06	73.32	3.557
2015-12-08 22:27:28.755	31051	21501	-91	-93	10	3.89	73.39	3.557
2015-12-08 23:04:18.335	31051	21501	-91	-94	10	3.6	73.45	3.557
2015-12-08 23:19:18.77	31051	21501	-94	-93	10
2015-12-08 23:36:24.611	31051	21501	-91	-94	10	3.29	73.47	3.557
2015-12-09 00:06:36.159	31051	21501	-94	-93	10	2.99	73.55	3.557
2015-12-09 00:51:32.327	31051	21501	-94	-93	10
2015-12-09 01:05:00.226	31051	21501	-94	-94	10
2015-12-09 01:07:50.067	31051	21501	-94	-93	10	2.74	73.7	3.557
2015-12-09 01:39:42.163	31051	21501	-91	-93	10	2.53	73.74	3.557
2015-12-09 01:56:25.994	31051	21501	-94	-94	10	2.38	73.7	3.557
2015-12-09 02:23:46.239	31051	21501	-91	-93	10
2015-12-09 02:27:18.291	31051	21501	-91	-94	10	2.2	73.72	3.557
2015-12-09 02:56:52.402	31051	21501	-94	-94	10	2.01	73.78	3.557
2015-12-09 03:28:20.378	31051	21501	-91	-93	10	1.74	73.8	3.557
2015-12-09 03:55:59.835	31051	21501	-91	-93	10
2015-12-09 04:03:52.227	31051	21501	-94	-93	10	1.78	73.9	3.557
2015-12-09 04:09:35.871	31051	21501	-91	-94	10
2015-12-09 04:47:19.919	31051	21501	-88	-94	10	1.7	74.01	3.557
2015-12-09 05:05:54.667	31051	21501	-94	-94	10	1.67	74.03	3.557
2015-12-09 05:28:13.087	31051	21501	-91	-94	10
2015-12-09 05:42:33.443	31051	21501	-94	-94	10	1.57	73.96	3.547
2015-12-09 06:16:42.175	31051	21501	-91	-93	10	1.57	74.01	3.557
2015-12-09 06:32:12.091	31051	21501	-94	-93	10	1.61	74.02	3.557
2015-12-09 06:57:50.323	31051	21501	-91	-93	10	1.51	74.0	3.557
2015-12-09 07:00:27.431	31051	21501	-91	-94	10
2015-12-09 07:14:09.783	31051	21501	-94	-94	10
2015-12-09 07:38:28.515	31051	21501	-94	-94	10	1.5	73.99	3.557
2015-12-09 08:15:25.863	31051	21501	-91	-93	10	1.74	74.34	3.557
2015-12-09 08:32:41.038	31051	21501	-94	-94	10
2015-12-09 08:39:39.682	31051	21501	-94	-94	10	2.6	74.82	3.547
2015-12-09 09:02:07.507	31051	21501	-91	-94	10	3.28	75.01	3.547
2015-12-09 10:09:02.754	31051	21501	-94	-94	10	5.61	74.47	3.557
2015-12-09 10:36:11.142	31051	21501	-94	-94	10	7.0	74.17	3.557
2015-12-09 11:15:09.115	31051	21501	-91	-95	10	8.24	73.63	3.557
2015-12-09 11:37:09.163	31051	21501	-91	-93	10
2015-12-09 11:39:14.342	31051	21501	-91	-94	10	10.36	73.04	3.547
2015-12-09 12:06:52.475	31051	21501	-91	-94	10	10.72	72.91	3.557
2015-12-09 12:45:55.37	31051	21501	-94	-93	10	13.18	72.57	3.557
2015-12-09 13:08:23.114	31051	21501	-91	-94	10	13.56	71.93	3.557
2015-12-09 13:37:36.774	31051	21501	-94	-95	10	14.24	71.33	3.557
2015-12-09 14:06:20.691	31051	21501	-94	-94	10	15.15	70.94	3.557
2015-12-09 14:39:26.182	31051	21501	-94	-92	10	15.4	70.99	3.557
2015-12-09 15:13:01.742	31051	21501	-91	-94	10	14.83	70.88	3.567
2015-12-09 16:13:31.014	31051	21501	-91	-95	11	13.38	71.11	3.567
2015-12-09 16:13:50.111	31051	21501	-91	-93	11
2015-12-09 16:28:05.983	31051	21501	-91	-94	11
2015-12-09 17:07:54.258	31051	21501	-91	-95	11	12.39	71.49	3.567
2015-12-09 17:28:02.578	31051	21501	-94	-95	10	12.18	71.63	3.567
2015-12-09 17:46:03.402	31051	21501	-88	-95	10
2015-12-09 18:17:04.37	31051	21501	-91	-94	10	11.83	71.99	3.567
2015-12-09 18:33:42.562	31051	21501	-94	-95	10	11.88	72.13	3.567
2015-12-09 19:12:50.15	31051	21501	-94	-91	10	10.46	72.33	3.588
2015-12-09 19:18:20.214	31051	21501	-94	-95	10
2015-12-09 19:32:28.662	31051	21501	-91	-94	10
2015-12-09 19:36:04.242	31051	21501	-91	-93	10	10.31	72.46	3.567
2015-12-09 20:06:08.666	31051	21501	-91	-93	10	9.79	72.36	3.567
2015-12-09 20:47:05.763	31051	21501	-91	-93	10	9.33	72.5	3.567
2015-12-09 20:50:31.567	31051	21501	-91	-94	10
2015-12-09 21:14:06.182	31051	21501	-91	-93	10	9.2	72.73	3.567
2015-12-09 21:35:27.186	31051	21501	-94	-94	10	9.18	72.92	3.567
2015-12-09 22:02:49.386	31051	21501	-91	-94	10	9.15	73.04	3.567
2015-12-09 22:22:45.022	31051	21501	-94	-93	10
2015-12-09 22:37:02.911	31051	21501	-91	-95	10
2015-12-09 22:45:14.834	31051	21501	-91	-94	10	9.15	73.07	3.567
2015-12-09 23:14:59.626	31051	21501	-91	-94	10	9.2	73.18	3.567
2015-12-09 23:31:39.098	31051	21501	-91	-93	10	9.32	73.17	3.567
2015-12-09 23:54:58.847	31051	21501	-91	-94	10
2015-12-10 00:16:58.922	31051	21501	-88	-92	10	9.29	73.09	3.567
2015-12-10 00:35:36.447	31051	21501	-91	-94	10	9.32	73.05	3.567
2015-12-10 01:02:50.363	31051	21501	-91	-94	10	9.32	72.97	3.567
2015-12-10 01:27:12.902	31051	21501	-91	-94	10
2015-12-10 01:41:38.414	31051	21501	-88	-93	10
2015-12-10 01:42:08.067	31051	21501	-94	-92	10	9.28	72.96	3.567
2015-12-10 02:11:23.21	31051	21501	-88	-94	10	9.15	72.94	3.567
2015-12-10 02:43:52.863	31051	21501	-91	-94	10	8.68	72.87	3.567
2015-12-10 02:59:26.142	31051	21501	-94	-94	10
2015-12-10 03:11:44.571	31051	21501	-94	-94	10	8.5	72.86	3.567
2015-12-10 03:42:18.658	31051	21501	-91	-94	10	8.06	72.92	3.567
2015-12-10 04:26:43.523	31051	21501	-91	-93	10	7.57	72.96	3.567
2015-12-10 04:46:12.486	31051	21501	-91	-94	10
2015-12-10 05:43:26.627	31051	21501	-94	-93	10	7.0	73.25	3.567
2015-12-10 06:00:58.878	31051	21501	-94	-93	10	6.86	73.27	3.557
2015-12-10 06:03:55.254	31051	21501	-94	-94	10
2015-12-10 06:33:50.39	31051	21501	-91	-94	10	6.7	73.34	3.567
2015-12-10 06:59:52.27	31051	21501	-94	-94	10	6.53	73.36	3.567
2015-12-10 07:29:12.198	31051	21501	-94	-94	10	6.36	73.35	3.557
2015-12-10 07:36:07.122	31051	21501	-91	-93	10
2015-12-10 07:50:46.471	31051	21501	-91	-93	10
2015-12-10 08:03:24.446	31051	21501	-94	-93	10	6.28	73.49	3.567
2015-12-10 08:33:00.907	31051	21501	-91	-92	10	6.5	73.82	3.557
2015-12-10 08:59:20.13	31051	21501	-94	-93	10	7.39	74.2	3.557
2015-12-10 09:08:21.754	31051	21501	-91	-94	10
2015-12-10 09:35:32.559	31051	21501	-94	-94	10	8.78	75.15	3.557
2015-12-10 10:16:51.994	31051	21501	-94	-95	10	10.33	73.48	3.557
2015-12-10 10:38:58.478	31051	21501	-91	-94	10	11.82	73.26	3.557
2015-12-10 10:40:37.579	31051	21501	-94	-93	10
2015-12-10 10:55:22.155	31051	21501	-94	-94	10
2015-12-10 11:17:45.138	31051	21501	-91	-94	10	11.32	72.47	3.557
2015-12-10 11:27:19.886	31051	21501	-91	-94	10	11.14	72.41	3.557
2015-12-10 12:09:45.351	31051	21501	-94	-94	10	11.46	72.39	3.557
2015-12-10 12:37:11.039	31051	21501	-94	-93	10	11.85	72.5	3.557
2015-12-10 12:59:37.664	31051	21501	-91	-95	10	12.82	72.24	3.557
2015-12-10 13:35:55.727	31051	21501	-91	-95	10	13.93	72.21	3.557
2015-12-10 13:59:58.115	31051	21501	-94	-93	10
2015-12-10 14:14:50.799	31051	21501	-94	-92	10	15.61	71.13	3.567
2015-12-10 14:57:52.495	31051	21501	-94	-94	10	15.79	70.41	3.567
2015-12-10 15:17:18.719	31051	21501	-94	-93	10
2015-12-10 15:44:44.579	31051	21501	-94	-94	10	14.36	71.38	3.567
2015-12-10 16:31:07.578	31051	21501	-91	-94	10	13.11	71.36	3.567
2015-12-10 16:49:43.263	31051	21501	-94	-95	10
2015-12-10 17:04:45.606	31051	21501	-94	-93	10
2015-12-10 17:12:09.598	31051	21501	-94	-93	10	11.86	71.6	3.567
2015-12-10 17:38:52.223	31051	21501	-91	-94	10	11.35	71.9	3.567
2015-12-10 18:21:45.05	31051	21501	-94	-94	10
2015-12-10 18:42:56.851	31051	21501	-94	-94	10	10.39	72.45	3.567
2015-12-10 19:00:36.939	31051	21501	-94	-94	10	10.15	72.53	3.557
2015-12-10 20:09:06.438	31051	21501	-94	-94	10
2015-12-10 20:36:04.691	31051	21501	-91	-94	10	9.46	72.99	3.567
2015-12-10 21:16:02.985	31051	21501	-91	-93	10	9.32	73.1	3.567
2015-12-10 21:26:12.835	31051	21501	-91	-95	10
2015-12-10 21:27:47.995	31051	21501	-91	-95	10	9.33	73.1	3.567
2015-12-10 22:04:26.593	31051	21501	-94	-95	10	9.13	73.03	3.567
2015-12-10 22:39:12.834	31051	21501	-91	-94	10	8.79	73.02	3.567
2015-12-10 22:58:25.83	31051	21501	-94	-94	10
2015-12-10 23:10:22.083	31051	21501	-88	-94	10	9.1	73.29	3.567
2015-12-10 23:13:40.458	31051	21501	-94	-94	10
2015-12-10 23:28:39.43	31051	21501	-91	-93	10	9.15	73.27	3.557
2015-12-11 00:00:36.482	31051	21501	-94	-95	10	9.14	73.16	3.557
2015-12-11 00:28:41.314	31051	21501	-94	-94	10	8.88	73.11	3.557
2015-12-11 00:30:39.762	31051	21501	-94	-94	10
2015-12-11 01:05:18.174	31051	21501	-91	-94	10	8.47	73.06	3.557
2015-12-11 01:38:37.278	31051	21501	-91	-95	10	8.36	73.16	3.557
2015-12-11 01:56:05.175	31051	21501	-94	-94	10	8.25	73.19	3.557
2015-12-11 02:02:58.216	31051	21501	-91	-94	10
2015-12-11 02:18:14.843	31051	21501	-94	-94	10
2015-12-11 02:32:38.778	31051	21501	-94	-94	10	8.31	73.28	3.557
2015-12-11 03:04:27.986	31051	21501	-94	-93	10	8.14	73.33	3.557
2015-12-11 03:35:07.619	31051	21501	-94	-94	10
2015-12-11 03:44:48.055	31051	21501	-91	-94	10	8.11	73.35	3.557
2015-12-11 04:03:15.422	31051	21501	-94	-93	10	8.18	73.39	3.557
2015-12-11 04:44:25.986	31051	21501	-91	-94	10	8.5	73.5	3.557
2015-12-11 05:06:10.006	31051	21501	-91	-94	10	8.82	73.54	3.557
2015-12-11 05:07:21.884	31051	21501	-91	-94	10
2015-12-11 05:22:49.54	31051	21501	-91	-94	10
2015-12-11 05:46:46.054	31051	21501	-91	-94	11	9.43	73.48	3.557
2015-12-11 06:18:24.303	31051	21501	-94	-93	11	9.68	73.35	3.557
2015-12-11 06:32:45.998	31051	21501	-94	-95	11	9.78	73.29	3.557
2015-12-11 06:39:35.099	31051	21501	-94	-95	11
2015-12-11 08:11:55.186	31051	21501	-82	-86	11
2015-12-11 08:27:24.882	31051	21501	-82	-84	11
2015-12-11 10:14:00.186	31051	21501	-82	-86	11	12.2	73.09	3.557
2015-12-11 10:56:12.05	31051	21501	-82	-82	11	13.07	72.74	3.557
2015-12-11 11:33:33.203	31051	21501	-82	-86	11	13.68	72.3	3.557
2015-12-11 12:48:30.639	31051	21501	-82	-84	10
2015-12-11 13:56:52.426	31051	21501	-82	-86	10	14.78	72.22	3.557
2015-12-11 14:36:33.998	31051	21501	-82	-84	10
2015-12-11 15:17:57.27	31051	21501	-82	-86	10	15.33	71.84	3.557
2015-12-11 15:38:35.751	31051	21501	-82	-84	10	15.29	71.89	3.557
2015-12-11 15:52:58.12	31051	21501	-82	-84	10
2015-12-11 16:12:56.687	31051	21501	-82	-86	10	15.0	71.78	3.557
2015-12-11 16:38:00.042	31051	21501	-82	-84	10	14.89	71.67	3.567
2015-12-11 17:25:12.307	31051	21501	-82	-84	10
2015-12-11 17:27:07.094	31051	21501	-82	-84	10	13.92	71.78	3.557
2015-12-11 18:07:21.87	31051	21501	-82	-84	10	13.29	71.98	3.557
2015-12-11 18:30:39.006	31051	21501	-82	-84	10	12.9	72.07	3.557
2015-12-11 18:59:46.906	31051	21501	-82	-84	10	12.39	72.13	3.557
2015-12-11 20:07:30.431	31051	21501	-82	-84	10	11.45	72.45	3.557
2015-12-11 20:29:38.298	31051	21501	-82	-84	10
2015-12-11 21:04:06.09	31051	21501	-82	-84	10	11.45	72.79	3.557
2015-12-11 21:35:14.346	31051	21501	-82	-84	10	11.4	72.83	3.557
2015-12-11 22:16:30.99	31051	21501	-82	-84	10	11.54	72.91	3.557
2015-12-11 23:03:44.194	31051	21501	-82	-84	10	11.28	72.89	3.557
2015-12-11 23:34:06.851	31051	21501	-82	-84	10
2015-12-11 23:48:03.783	31051	21501	-82	-84	10	11.04	72.84	3.557
2015-12-11 23:50:17.886	31051	21501	-82	-84	10
2015-12-12 01:06:25.123	31051	21501	-82	-84	10
2015-12-12 02:04:45.083	31051	21501	-82	-83	10	10.72	73.12	3.557
2015-12-12 03:13:21.622	31051	21501	-82	-84	10	11.0	73.14	3.557
2015-12-12 04:10:49.35	31051	21501	-82	-84	10
2015-12-12 04:39:08.31	31051	21501	-82	-84	10	11.24	73.14	3.557
2015-12-12 05:09:52.878	31051	21501	-82	-84	10	11.39	73.25	3.557
2015-12-12 05:43:02.994	31051	21501	-85	-84	10
2015-12-12 05:59:27.262	31051	21501	-82	-84	10
2015-12-12 06:28:07.367	31051	21501	-82	-84	10	11.75	73.14	3.557
2015-12-12 07:15:15.706	31051	21501	-82	-84	10
2015-12-12 07:42:03.722	31051	21501	-82	-84	10	12.0	73.0	3.557
2015-12-12 08:35:55.302	31051	21501	-82	-84	10	12.53	73.34	3.557
2015-12-12 09:04:01.894	31051	21501	-82	-85	10
2015-12-12 09:29:16.902	31051	21501	-82	-84	10	14.15	73.38	3.557
2015-12-12 09:58:07.895	31051	21501	-85	-86	10	15.53	73.22	3.557
2015-12-12 11:51:57.407	31051	21501	-85	-84	10
2015-12-12 13:33:45.911	31051	21501	-85	-86	10	20.08	70.99	3.567
2015-12-12 14:12:17.962	31051	21501	-82	-87	10	19.86	70.95	3.567
2015-12-12 14:43:51.242	31051	21501	-82	-86	10	19.92	70.99	3.567
2015-12-12 15:30:59.33	31051	21501	-85	-86	10	19.93	71.04	3.567
2015-12-12 16:41:49.802	31051	21501	-82	-84	10	19.1	71.11	3.567
2015-12-12 17:36:54.179	31051	21501	-82	-85	10	18.67	71.33	3.567
2015-12-12 18:00:52.339	31051	21501	-82	-84	10
2015-12-12 18:09:01.767	31051	21501	-82	-86	10	18.42	71.45	3.567
2015-12-12 18:17:44.631	31051	21501	-82	-86	10
2015-12-12 18:26:45.878	31051	21501	-82	-86	10	18.36	71.49	3.567
2015-12-12 19:33:06.63	31051	21501	-82	-87	10
2015-12-12 21:09:36.146	31051	21501	-85	-84	10	17.75	71.76	3.567
2015-12-12 21:22:19.462	31051	21501	-82	-85	10
2015-12-12 21:36:16.767	31051	21501	-82	-86	10	17.68	71.8	3.567
2015-12-12 22:03:04.419	31051	21501	-82	-84	10	17.5	71.85	3.567
2015-12-13 00:09:47.227	31051	21501	-82	-84	10
2015-12-13 00:26:53.995	31051	21501	-82	-84	10
2015-12-13 00:42:21.722	31051	21501	-82	-86	10	16.02	72.29	3.567
2015-12-13 01:16:06.419	31051	21501	-82	-84	10	15.83	72.31	3.567
2015-12-13 01:32:04.391	31051	21501	-82	-86	10	15.72	72.4	3.567
2015-12-13 01:42:01.143	31051	21501	-82	-86	10
2015-12-13 02:45:18.77	31051	21501	-82	-84	10	15.35	72.54	3.567
2015-12-13 03:02:23.57	31051	21501	-82	-84	10	15.36	72.6	3.567
2015-12-13 03:14:15.431	31051	21501	-82	-84	10
2015-12-13 03:29:10.862	31051	21501	-82	-84	10	15.22	72.62	3.567
2015-12-13 03:31:28.75	31051	21501	-82	-84	10
2015-12-13 04:08:25.027	31051	21501	-82	-84	10	14.99	72.63	3.557
2015-12-13 04:32:27.81	31051	21501	-82	-84	10	14.86	72.69	3.567
2015-12-13 04:46:28.417	31051	21501	-82	-84	10
2015-12-13 05:04:43.826	31051	21501	-82	-84	10	14.65	72.65	3.567
2015-12-13 06:36:03.518	31051	21501	-82	-84	10
2015-12-13 07:50:57.35	31051	21501	-82	-84	10
2015-12-13 08:26:43.75	31051	21501	-82	-84	10	14.21	73.01	3.557
2015-12-13 09:32:56.242	31051	21501	-82	-84	10	15.02	72.96	3.557
2015-12-13 09:40:39.118	31051	21501	-82	-86	10
2015-12-13 09:58:10.254	31051	21501	-82	-86	10	15.57	72.91	3.557
2015-12-13 10:55:24.682	31051	21501	-82	-86	10
2015-12-13 11:43:01.183	31051	21501	-82	-86	10	16.54	72.34	3.557
2015-12-13 12:05:26.195	31051	21501	-82	-86	10	16.99	72.18	3.557
2015-12-13 12:27:38.09	31051	21501	-82	-87	10
2015-12-13 12:42:34.926	31051	21501	-82	-86	10	17.39	72.15	3.557
2015-12-13 13:05:30.114	31051	21501	-82	-85	10	17.74	72.0	3.557
2015-12-13 13:48:22.49	31051	21501	-85	-84	10	17.79	71.93	3.557
2015-12-13 14:47:32.383	31051	21501	-82	-85	10	17.97	71.83	3.557
2015-12-13 15:12:28.226	31051	21501	-82	-86	10	17.92	71.85	3.557
2015-12-13 15:32:05.499	31051	21501	-82	-84	10
2015-12-13 15:41:03.059	31051	21501	-82	-86	10	17.71	71.83	3.557
2015-12-13 15:49:46.554	31051	21501	-82	-86	10
2015-12-13 16:12:11.407	31051	21501	-82	-84	10	17.52	71.82	3.557
2015-12-13 17:02:38.226	31051	21501	-82	-85	10	16.65	71.99	3.557
2015-12-13 17:04:18.872	31051	21501	-82	-84	10
2015-12-13 17:27:49.531	31051	21501	-82	-84	10	16.0	72.07	3.557
2015-12-13 18:36:41.63	31051	21501	-85	-84	10
2015-12-13 18:54:22.146	31051	21501	-82	-84	10
2015-12-13 19:11:26.218	31051	21501	-82	-84	10	14.75	72.64	3.557
2015-12-13 19:36:36.902	31051	21501	-82	-86	10	14.45	72.69	3.557
2015-12-13 20:08:46.842	31051	21501	-82	-84	10
2015-12-13 20:56:38.335	31051	21501	-82	-84	10	13.77	73.01	3.557
2015-12-13 21:38:51.478	31051	21501	-82	-84	10	13.5	73.04	3.557
2015-12-13 21:41:00.716	31051	21501	-82	-84	10
2015-12-13 21:58:56.28	31051	21501	-82	-84	10
2015-12-13 22:08:55.45	31051	21501	-82	-84	10	13.47	73.14	3.557
2015-12-13 22:38:09.531	31051	21501	-82	-84	10	13.5	73.19	3.557
2015-12-13 23:13:14.63	31051	21501	-82	-85	10
2015-12-13 23:13:42.598	31051	21501	-82	-84	10	13.39	73.17	3.557
2015-12-14 01:03:34.746	31051	21501	-82	-84	10
2015-12-14 02:17:41.402	31051	21501	-82	-84	10
2015-12-14 03:11:05.206	31051	21501	-82	-84	10	12.74	73.36	3.547
2015-12-14 03:49:55.523	31051	21501	-82	-86	10
2015-12-14 04:08:05.006	31051	21501	-82	-84	10
2015-12-14 04:37:58.964	31051	21501	-82	-84	10	12.65	73.45	3.547
2015-12-14 06:42:48.183	31051	21501	-82	-84	10	12.18	73.38	3.547
2015-12-14 06:57:18.683	31051	21501	-82	-84	10	12.1	73.36	3.547
2015-12-14 07:30:53.311	31051	21501	-82	-84	10	11.75	73.32	3.547
2015-12-14 09:01:30.134	31051	21501	-82	-84	10	12.49	74.36	3.547
2015-12-14 09:26:54.998	31051	21501	-82	-86	10	13.92	74.59	3.547
2015-12-14 09:58:51.25	31051	21501	-85	-86	10
2015-12-14 10:57:40.072	31051	21501	-85	-87	10	16.43	72.59	3.547
2015-12-14 12:36:53.654	31051	21501	-82	-85	10	17.35	72.25	3.547
2015-12-14 13:21:49.423	31051	21501	-85	-88	10
2015-12-14 13:34:18.522	31051	21501	-85	-87	10	16.9	72.14	3.547
2015-12-14 14:35:32.278	31051	21501	-82	-87	10
2015-12-14 15:38:42.226	31051	21501	-85	-88	10	15.11	72.33	3.547
2015-12-14 16:07:46.667	31051	21501	-82	-87	10
2015-12-14 16:26:23.754	31051	21501	-82	-87	10
2015-12-14 17:16:13.319	31051	21501	-82	-87	10	14.57	73.3	3.547
2015-12-14 17:47:43.366	31051	21501	-82	-87	10	14.67	73.48	3.547
2015-12-14 18:02:43.634	31051	21501	-82	-86	10	14.7	73.56	3.547
2015-12-14 19:30:59.382	31051	21501	-82	-85	10
2015-12-14 21:01:08.466	31051	21501	-82	-87	10	13.7	73.94	3.547
2015-12-14 22:44:21.551	31051	21501	-85	-86	10	13.04	73.81	3.547
2015-12-14 23:26:41.519	31051	21501	-82	-86	10	12.07	73.8	3.547
2015-12-14 23:49:06.05	31051	21501	-85	-88	10
2015-12-15 00:07:30.914	31051	21501	-82	-88	10	11.47	73.89	3.537
2015-12-15 01:06:25.574	31051	21501	-82	-83	10	10.97	73.95	3.537
2015-12-15 01:21:08.991	31051	21501	-82	-86	10
2015-12-15 01:40:08.918	31051	21501	-82	-84	10
2015-12-15 02:07:52.343	31051	21501	-82	-83	10	10.36	74.21	3.537
2015-12-15 04:13:14.13	31051	21501	-82	-84	10	9.25	74.45	3.537
2015-12-15 04:25:36.499	31051	21501	-82	-84	10
2015-12-15 04:39:59.015	31051	21501	-82	-84	10	9.08	74.57	3.537
2015-12-15 05:46:09.347	31051	21501	-82	-84	10	8.65	74.74	3.537
2015-12-15 05:57:50.803	31051	21501	-82	-83	10
2015-12-15 06:00:14.51	31051	21501	-82	-84	10	8.64	74.74	3.537
2015-12-15 06:39:34.986	31051	21501	-82	-84	10	8.53	74.67	3.527
2015-12-15 07:15:56.158	31051	21501	-82	-86	10	8.24	74.6	3.537
2015-12-15 07:30:03.986	31051	21501	-82	-84	10
2015-12-15 07:47:36.282	31051	21501	-82	-82	10	8.0	74.55	3.527
2015-12-15 07:49:18.254	31051	21501	-82	-83	10
2015-12-15 08:07:03.286	31051	21501	-82	-84	10	7.82	74.62	3.527
2015-12-15 08:26:23.51	31051	21501	-79	-83	10	7.83	74.65	3.527
2015-12-15 09:02:16.902	31051	21501	-82	-84	10
2015-12-15 09:44:27.962	31051	21501	-82	-83	10	7.61	74.65	3.527
2015-12-15 10:09:05.831	31051	21501	-82	-82	10	7.53	74.66	3.527
2015-12-15 10:34:31.255	31051	21501	-82	-83	10
2015-12-15 10:42:50.506	31051	21501	-82	-85	10	7.88	74.84	3.527
2015-12-15 10:53:52.006	31051	21501	-82	-83	10
2015-12-15 11:35:06.354	31051	21501	-79	-82	10	8.06	74.75	3.527
2015-12-15 12:02:18.154	31051	21501	-82	-82	10	8.06	74.69	3.527
2015-12-15 12:39:47.15	31051	21501	-82	-83	10	8.06	74.67	3.527
2015-12-15 13:33:50.319	31051	21501	-82	-84	10	8.17	74.56	3.527
2015-12-15 14:16:23.227	31051	21501	-82	-84	10	8.18	74.62	3.527
2015-12-15 14:58:37.179	31051	21501	-82	-84	10	8.14	74.61	3.527
2015-12-15 15:27:50.503	31051	21501	-82	-84	10	8.01	74.61	3.527
2015-12-15 16:04:36.206	31051	21501	-82	-84	10	7.93	74.67	3.517
2015-12-15 16:46:12.014	31051	21501	-82	-84	10	7.65	74.66	3.517
2015-12-15 17:16:53.642	31051	21501	-82	-84	10	7.53	74.69	3.517
2015-12-15 18:15:40.966	31051	21501	-79	-83	10
2015-12-15 18:17:10.75	31051	21501	-82	-83	10	7.31	74.74	3.517
2015-12-15 18:47:43.238	31051	21501	-82	-84	10	7.26	74.76	3.517
2015-12-15 19:14:51.598	31051	21501	-82	-83	10	7.2	74.77	3.517
2015-12-15 19:31:39.786	31051	21501	-82	-84	10	7.18	74.82	3.517
2015-12-15 19:47:54.207	31051	21501	-82	-83	10
2015-12-15 20:47:52.582	31051	21501	-79	-84	10	7.03	74.81	3.517
2015-12-15 21:20:07.642	31051	21501	-82	-83	10
2015-12-15 22:17:52.003	31051	21501	-79	-83	10	6.86	74.8	3.517
2015-12-15 22:52:22.722	31051	21501	-82	-83	10
2015-12-15 23:12:10.078	31051	21501	-82	-83	10
2015-12-16 00:24:36.142	31051	21501	-79	-82	10
2015-12-16 01:15:54.135	31051	21501	-79	-83	10	6.61	74.88	3.517
2015-12-16 02:03:34.874	31051	21501	-82	-83	10	6.57	74.9	3.517
2015-12-16 02:34:05.867	31051	21501	-82	-82	10	6.51	74.88	3.517
2015-12-16 03:29:04.484	31051	21501	-82	-83	10
2015-12-16 04:38:23.523	31051	21501	-79	-83	10	6.39	74.93	3.507
2015-12-16 05:12:01.095	31051	21501	-82	-82	10	6.36	74.9	3.507
2015-12-16 05:31:23.284	31051	21501	-79	-83	10	6.29	74.89	3.507
2015-12-16 06:30:27.878	31051	21501	-79	-83	10	6.25	74.88	3.507
2015-12-16 07:08:31.134	31051	21501	-82	-83	10	6.2	74.89	3.507
2015-12-16 07:37:35.834	31051	21501	-82	-83	10	6.15	74.89	3.507
2015-12-16 08:05:44.706	31051	21501	-79	-83	10
2015-12-16 08:09:20.622	31051	21501	-82	-83	10	6.11	74.85	3.527
2015-12-16 08:25:53.978	31051	21501	-79	-83	10
2015-12-16 08:57:56.695	31051	21501	-82	-83	10	6.31	74.92	3.507
2015-12-16 09:38:02.938	31051	21501	-82	-84	10	7.5	76.5	3.507
2015-12-16 11:10:12.463	31051	21501	-82	-84	10
2015-12-16 11:30:30.558	31051	21501	-82	-86	10
2015-12-16 11:33:45.822	31051	21501	-82	-84	10	14.79	73.82	3.507
2015-12-16 12:14:04.967	31051	21501	-82	-86	10	16.29	72.94	3.507
2015-12-16 12:27:39.367	31051	21501	-82	-85	10	16.7	72.02	3.507
2015-12-16 12:42:25.578	31051	21501	-82	-84	10
2015-12-16 15:38:44.742	31051	21501	-82	-86	10	17.61	71.08	3.517
2015-12-16 15:58:27.322	31051	21501	-82	-84	10	17.32	71.43	3.527
2015-12-16 16:38:39.047	31051	21501	-82	-84	10	14.96	71.55	3.527
2015-12-16 17:19:07.662	31051	21501	-82	-84	10
2015-12-16 18:46:34.635	31051	21501	-82	-84	10	10.97	73.53	3.517
2015-12-16 18:51:21.978	31051	21501	-82	-84	10
2015-12-16 19:05:45.6	31051	21501	-82	-87	10	10.7	73.74	3.517
2015-12-16 20:39:11.19	31051	21501	-82	-84	10	10.22	74.37	3.517
2015-12-16 20:44:12.331	31051	21501	-82	-86	10
2015-12-16 21:04:25.15	31051	21501	-82	-84	10	10.03	74.38	3.517
2015-12-16 21:30:02.915	31051	21501	-82	-84	10	9.88	74.4	3.517
2015-12-16 21:59:22.271	31051	21501	-79	-83	10	9.74	74.42	3.517
2015-12-16 22:30:01.024	31051	21501	-82	-84	10	9.42	74.41	3.517
2015-12-16 23:28:03.821	31051	21501	-82	-83	10
2015-12-16 23:46:23.322	31051	21501	-82	-83	10	9.32	74.54	3.517
2015-12-16 23:48:47.887	31051	21501	-82	-83	10
2015-12-17 00:05:53.431	31051	21501	-82	-84	10	9.29	74.49	3.507
2015-12-17 02:28:18.551	31051	21501	-82	-83	10	9.6	74.65	3.507
2015-12-17 02:32:30.374	31051	21501	-82	-83	10
2015-12-17 04:04:45.718	31051	21501	-82	-84	10
2015-12-17 04:17:27.186	31051	21501	-85	-84	10	9.88	74.71	3.507
2015-12-17 04:56:32.214	31051	21501	-82	-86	10	9.42	74.2	3.507
2015-12-17 05:26:22.87	31051	21501	-85	-87	10	9.21	74.21	3.507
2015-12-17 05:36:59.474	31051	21501	-85	-84	10
2015-12-17 05:57:56.339	31051	21501	-82	-84	10
2015-12-17 06:01:55.879	31051	21501	-85	-86	10	9.07	74.29	3.507
2015-12-17 07:45:49.914	31051	21501	-85	-86	10	9.36	74.55	3.507
2015-12-17 07:46:01.375	31051	21501	-85	-86	10	9.36	74.55	3.507
2015-12-17 08:41:25.331	31051	21501	-85	-87	10
2015-12-17 08:42:00.615	31051	21501	-85	-87	10	9.45	74.49	3.507
2015-12-17 09:40:44.67	31051	21501	-85	-87	10	9.64	74.56	3.507
2015-12-17 10:11:31.487	31051	21501	-85	-88	10	9.81	74.54	3.507
2015-12-17 10:13:40.107	31051	21501	-85	-88	10
2015-12-17 10:35:37.527	31051	21501	-85	-87	10	9.89	74.51	3.507
2015-12-17 11:37:22.066	31051	21501	-82	-87	10	10.11	74.45	3.498
2015-12-17 11:45:52.695	31051	21501	-85	-88	10
2015-12-17 12:07:09.227	31051	21501	-85	-86	10
2015-12-17 12:09:19.675	31051	21501	-82	-86	10	10.22	74.42	3.498
2015-12-17 12:46:42.266	31051	21501	-85	-87	10	10.32	74.41	3.507
2015-12-17 13:02:49.558	31051	21501	-85	-88	10	10.43	74.41	3.498
2015-12-17 13:18:06.691	31051	21501	-85	-87	10
2015-12-17 13:40:29.462	31051	21501	-85	-88	10	10.64	74.38	3.507
2015-12-17 14:08:53.967	31051	21501	-85	-87	10	10.68	74.36	3.498
2015-12-17 15:03:42.358	31051	21501	-85	-91	10	9.1	73.65	3.498
2015-12-17 15:33:51.007	31051	21501	-85	-89	10	8.33	73.73	3.498
2015-12-17 16:09:28.835	31051	21501	-85	-90	10	7.9	74.2	3.507
2015-12-17 16:09:41.447	31051	21501	-85	-90	10	7.9	74.2	3.507
2015-12-17 16:22:46.571	31051	21501	-85	-89	10
2015-12-17 17:13:15.33	31051	21501	-85	-89	10	7.1	74.55	3.498
2015-12-17 17:54:48.342	31051	21501	-85	-88	10
2015-12-17 18:08:27.075	31051	21501	-85	-89	10	6.18	74.69	3.498
2015-12-17 18:16:15.102	31051	21501	-85	-89	10
2015-12-17 18:44:19.162	31051	21501	-85	-88	10	5.36	74.62	3.498
2015-12-17 19:07:53.27	31051	21501	-88	-90	10	4.92	74.73	3.498
2015-12-17 19:27:03.474	31051	21501	-88	-89	10
2015-12-17 19:43:35.659	31051	21501	-85	-89	10	4.47	74.89	3.498
2015-12-17 20:39:18.927	31051	21501	-85	-90	10	3.96	75.1	3.498
2015-12-17 22:32:40.431	31051	21501	-88	-90	10	2.9	75.3	3.488
2015-12-17 23:41:32.822	31051	21501	-85	-89	10	2.43	75.43	3.488
2015-12-18 00:03:43.727	31051	21501	-88	-90	10
2015-12-18 00:25:24.158	31051	21501	-88	-89	10
2015-12-18 01:18:17.03	31051	21501	-88	-89	10	1.9	75.54	3.488
2015-12-18 01:58:19.699	31051	21501	-85	-89	10	1.71	75.54	3.488
2015-12-18 03:08:13.062	31051	21501	-88	-89	10
2015-12-18 03:29:59.642	31051	21501	-85	-88	10
2015-12-18 03:42:50.134	31051	21501	-88	-88	10	1.15	75.64	3.488
2015-12-18 03:57:27.866	31051	21501	-88	-88	10	1.04	75.67	3.488
2015-12-18 04:33:02.482	31051	21501	-85	-88	10	0.97	75.8	3.478
2015-12-18 04:40:25.567	31051	21501	-85	-88	10
2015-12-18 07:15:09.326	31051	21501	-85	-88	10	0.56	75.76	3.478
2015-12-18 07:39:06.799	31051	21501	-85	-88	10	0.57	75.86	3.478
2015-12-18 07:44:56.031	31051	21501	-85	-87	10
2015-12-18 08:02:17.855	31051	21501	-85	-88	10	0.51	75.8	3.478
2015-12-18 08:34:56.367	31051	21501	-85	-87	10	0.5	75.84	3.478
2015-12-18 09:17:07.351	31051	21501	-85	-87	10
2015-12-18 09:39:09.611	31051	21501	-82	-87	10
2015-12-18 11:48:02.735	31051	21501	-85	-87	10	1.5	75.52	3.478
2015-12-18 12:17:58.238	31051	21501	-85	-88	10	1.78	75.51	3.478
2015-12-18 12:21:34.131	31051	21501	-85	-88	10
2015-12-18 12:34:25.471	31051	21501	-85	-88	10	1.56	75.44	3.478
2015-12-18 12:43:43.907	31051	21501	-85	-89	10
2015-12-18 13:53:49.723	31051	21501	-85	-87	10
2015-12-18 14:31:40.154	31051	21501	-82	-87	10	1.01	75.44	3.478
2015-12-18 15:26:02.935	31051	21501	-82	-86	10
2015-12-18 15:38:42.082	31051	21501	-85	-84	10	0.39	75.43	3.478
2015-12-18 15:48:26.703	31051	21501	-82	-86	10
2015-12-18 16:37:41.715	31051	21501	-82	-82	10	0.06	75.73	3.478
2015-12-18 17:00:08.907	31051	21501	-82	-83	10	-0.11	75.76	3.478
2015-12-18 18:30:30.274	31051	21501	-82	-81	10
2015-12-18 18:52:55.123	31051	21501	-79	-82	10
2015-12-18 19:39:41.003	31051	21501	-82	-82	10	-0.75	75.89	3.469
2015-12-18 20:02:43.875	31051	21501	-79	-81	10
2015-12-18 20:04:50.778	31051	21501	-82	-81	10	-0.75	75.94	3.469
2015-12-18 20:27:25.058	31051	21501	-79	-82	10	-0.85	75.87	3.469
2015-12-18 22:04:31.134	31051	21501	-76	-82	10	-1.32	76.06	3.469
2015-12-18 22:29:27.03	31051	21501	-79	-80	10	-1.41	75.87	3.469
2015-12-18 23:07:11.886	31051	21501	-79	-80	10
2015-12-19 00:27:52.158	31051	21501	-79	-80	10	-2.25	75.88	3.469
2015-12-19 01:02:02.035	31051	21501	-82	-81	10
2015-12-19 03:36:59.182	31051	21501	-79	-80	10	-3.03	76.14	3.459
2015-12-19 04:06:46.867	31051	21501	-79	-81	10
2015-12-19 05:09:57.314	31051	21501	-82	-81	10	-3.36	76.16	3.459
2015-12-19 06:06:07.766	31051	21501	-79	-82	10	-3.59	76.21	3.459
2015-12-19 06:37:19.73	31051	21501	-79	-81	10	-3.59	76.25	3.459
2015-12-19 07:08:46.446	31051	21501	-79	-81	10	-3.53	76.36	3.459
2015-12-19 07:31:31.994	31051	21501	-82	-81	10	-3.29	76.41	3.459
2015-12-19 08:30:08.47	31051	21501	-79	-82	10	-2.75	76.53	3.459
2015-12-19 09:48:45.238	31051	21501	-82	-82	10	-0.59	77.57	3.459
2015-12-19 10:07:15.282	31051	21501	-79	-82	10	-0.16	77.05	3.459
2015-12-19 11:00:29.822	31051	21501	-82	-83	10	2.01	76.8	3.459
2015-12-19 11:41:05.287	31051	21501	-82	-83	10	2.56	76.31	3.459
2015-12-19 12:57:16.646	31051	21501	-82	-82	10
2015-12-19 13:20:23.646	31051	21501	-82	-82	10
2015-12-19 14:44:59.762	31051	21501	-82	-84	10	0.53	75.54	3.459
2015-12-19 15:03:23.795	31051	21501	-82	-82	10	0.5	75.6	3.459
2015-12-19 16:01:09.418	31051	21501	-82	-83	10	0.7	75.89	3.459
2015-12-19 16:24:56.775	31051	21501	-82	-84	10
2015-12-19 17:27:03.098	31051	21501	-79	-82	10	-0.39	75.63	3.459
2015-12-19 18:33:19.97	31051	21501	-79	-81	10	-1.13	75.81	3.45
2015-12-19 19:03:01.862	31051	21501	-79	-81	10	-1.34	75.88	3.459
2015-12-19 19:40:02.998	31051	21501	-79	-81	10	-1.61	75.92	3.45
2015-12-19 20:38:24.962	31051	21501	-79	-81	10
2015-12-19 21:45:24.44	31051	21501	-82	-81	10	-2.29	76.01	3.45
2015-12-19 22:10:39.823	31051	21501	-79	-81	10
2015-12-20 01:37:21.435	31051	21501	-79	-82	10	-3.85	75.98	3.45
2015-12-20 02:14:56.898	31051	21501	-76	-80	10	-4.06	76.1	3.45
2015-12-20 02:41:16.471	31051	21501	-79	-80	10	-4.14	76.16	3.45
2015-12-20 03:09:37.53	31051	21501	-79	-80	10	-4.21	76.21	3.45
2015-12-20 03:28:32.102	31051	21501	-79	-80	10	-4.27	76.22	3.45
2015-12-20 04:08:56.462	31051	21501	-79	-80	10	-4.34	76.28	3.45
2015-12-20 05:51:49.843	31051	21501	-79	-80	10
2015-12-20 08:29:17.426	31051	21501	-79	-80	10	-4.48	76.58	3.44
2015-12-20 10:28:31.207	31051	21501	-82	-84	10
2015-12-20 10:52:36.858	31051	21501	-82	-85	10
2015-12-20 11:32:23.238	31051	21501	-85	-84	10	3.71	75.8	3.44
2015-12-20 12:00:43.479	31051	21501	-85	-86	10
2015-12-20 12:07:31.087	31051	21501	-85	-86	10	4.57	74.36	3.44
2015-12-20 12:39:11.506	31051	21501	-82	-86	10	5.03	74.5	3.44
2015-12-20 12:59:58.91	31051	21501	-85	-86	10	5.29	74.03	3.44
2015-12-20 13:32:57.966	31051	21501	-82	-87	10
2015-12-20 13:46:11.623	31051	21501	-85	-86	10	5.14	74.17	3.45
2015-12-20 13:57:01.162	31051	21501	-85	-87	10
2015-12-20 14:14:56.027	31051	21501	-85	-87	10	6.07	73.96	3.45
2015-12-20 14:47:53.39	31051	21501	-85	-87	10	5.53	74.48	3.45
2015-12-20 14:57:45.274	31051	21501	-85	-87	10	5.36	74.42	3.45
2015-12-20 15:05:12.254	31051	21501	-82	-87	10
2015-12-20 15:30:37.97	31051	21501	-85	-87	10	5.36	74.39	3.45
2015-12-20 16:13:18.339	31051	21501	-85	-86	10	4.74	74.42	3.45
2015-12-20 16:30:38.7	31051	21501	-85	-86	10	4.28	74.17	3.45
2015-12-20 16:56:32.683	31051	21501	-85	-87	10	3.43	74.07	3.45
2015-12-20 17:47:14.079	31051	21501	-82	-86	10	2.35	74.52	3.45
2015-12-20 17:58:52.886	31051	21501	-82	-85	10	2.14	74.65	3.45
2015-12-20 18:09:39.826	31051	21501	-82	-86	10
2015-12-20 18:43:17.522	31051	21501	-82	-86	10	1.6	75.05	3.45
2015-12-20 18:58:36.514	31051	21501	-82	-85	10	1.43	75.17	3.45
2015-12-20 19:41:53.942	31051	21501	-82	-86	10
2015-12-20 19:47:12.846	31051	21501	-82	-85	10	1.28	75.4	3.45
2015-12-20 20:06:09.266	31051	21501	-82	-85	10
2015-12-20 20:08:36.755	31051	21501	-82	-86	10	1.25	75.47	3.45
2015-12-20 20:32:33.015	31051	21501	-82	-86	10	1.17	75.5	3.45
2015-12-20 21:14:06.942	31051	21501	-85	-86	10
2015-12-20 21:16:53.838	31051	21501	-82	-85	10	1.0	75.54	3.44
2015-12-20 22:08:20.726	31051	21501	-85	-85	10	1.21	75.63	3.45
2015-12-20 22:30:34.578	31051	21501	-82	-84	10	1.22	75.61	3.44
2015-12-20 22:46:20.73	31051	21501	-85	-86	10
2015-12-20 23:14:16.822	31051	21501	-82	-85	10	1.15	75.69	3.45
2015-12-20 23:37:56.094	31051	21501	-82	-85	10	1.82	76.13	3.44
2015-12-21 00:17:23.907	31051	21501	-82	-86	10	2.47	76.05	3.44
2015-12-21 00:18:35.627	31051	21501	-82	-86	10
2015-12-21 00:43:47.85	31051	21501	-82	-85	10	2.88	76.01	3.44
2015-12-21 00:58:41.026	31051	21501	-82	-84	10	3.07	75.91	3.44
2015-12-21 01:50:51.33	31051	21501	-82	-86	10
2015-12-21 02:12:48.722	31051	21501	-82	-87	10	3.57	75.57	3.44
2015-12-21 02:15:19.135	31051	21501	-82	-86	10
2015-12-21 03:08:33.286	31051	21501	-85	-87	10	4.01	75.46	3.44
2015-12-21 03:23:02.494	31051	21501	-82	-86	10
2015-12-21 03:44:01.535	31051	21501	-82	-86	10	4.53	75.45	3.44
2015-12-21 03:58:33.615	31051	21501	-82	-86	10	4.5	75.34	3.44
2015-12-21 04:55:17.114	31051	21501	-85	-85	10
2015-12-21 05:19:55.59	31051	21501	-82	-86	10
2015-12-21 06:27:00.227	31051	21501	-85	-86	10	5.76	75.13	3.45
2015-12-21 06:27:30.431	31051	21501	-82	-87	10
2015-12-21 07:18:51.818	31051	21501	-82	-86	10	6.32	75.09	3.44
2015-12-21 07:40:43.567	31051	21501	-82	-85	10	6.57	75.0	3.44
2015-12-21 07:58:18.635	31051	21501	-85	-87	10	6.64	74.96	3.45
2015-12-21 07:59:45.174	31051	21501	-85	-86	10
2015-12-21 08:24:27.403	31051	21501	-85	-86	10
2015-12-21 08:32:17.43	31051	21501	-85	-87	10	6.79	74.71	3.44
2015-12-21 09:00:00.014	31051	21501	-82	-86	10	6.93	74.74	3.45
2015-12-21 09:31:57.626	31051	21501	-85	-86	10
2015-12-21 09:36:27.522	31051	21501	-82	-87	10	7.57	74.82	3.45
2015-12-21 10:17:03.45	31051	21501	-85	-87	10	8.33	74.75	3.45
2015-12-21 10:45:50.698	31051	21501	-82	-86	10	8.96	74.78	3.45
2015-12-21 11:08:13.082	31051	21501	-82	-86	10	8.96	74.88	3.45
2015-12-21 11:29:01.807	31051	21501	-82	-86	10
2015-12-21 12:36:26.223	31051	21501	-82	-86	10
2015-12-21 12:44:10.902	31051	21501	-82	-84	10	9.29	74.72	3.45
2015-12-21 12:58:30.084	31051	21501	-85	-84	10	9.08	74.55	3.45
2015-12-21 13:39:11.287	31051	21501	-85	-84	10	8.64	74.0	3.45
2015-12-21 14:03:44.043	31051	21501	-85	-84	10	8.82	74.34	3.45
2015-12-21 14:08:39.899	31051	21501	-82	-87	10
2015-12-21 14:33:53.799	31051	21501	-82	-86	10
2015-12-21 14:36:44.423	31051	21501	-82	-86	10	8.75	74.4	3.45
2015-12-21 15:27:17.755	31051	21501	-82	-86	10	8.14	74.25	3.45
2015-12-21 16:48:55.627	31051	21501	-82	-86	10	8.58	74.96	3.45
2015-12-21 16:59:31.838	31051	21501	-82	-85	10	8.77	74.99	3.45
2015-12-21 17:13:07.119	31051	21501	-85	-87	10
2015-12-21 17:31:19.871	31051	21501	-82	-86	10	9.18	74.92	3.45
2015-12-21 17:38:13.115	31051	21501	-85	-87	10
2015-12-21 18:11:07.246	31051	21501	-85	-86	10	9.78	74.77	3.45
2015-12-21 18:37:50.614	31051	21501	-85	-86	10	10.11	74.71	3.44
2015-12-21 18:45:20.802	31051	21501	-88	-88	10
2015-12-21 19:16:07.199	31051	21501	-85	-88	10	10.49	74.42	3.45
2015-12-21 19:33:39.967	31051	21501	-85	-88	10	10.32	74.47	3.45
2015-12-21 20:12:42.738	31051	21501	-85	-88	10	10.32	74.26	3.45
2015-12-21 20:42:41.007	31051	21501	-88	-87	10	10.14	74.17	3.45
2015-12-21 20:42:46.152	31051	21501	-85	-88	10
2015-12-21 21:11:51.466	31051	21501	-85	-88	10	10.06	74.23	3.45
2015-12-21 21:48:56.071	31051	21501	-85	-88	10	10.0	74.24	3.45
2015-12-21 21:49:48.398	31051	21501	-85	-88	10
2015-12-21 22:00:56.514	31051	21501	-82	-86	10	10.0	74.24	3.45
2015-12-21 22:30:31.623	31051	21501	-82	-87	10	10.07	74.44	3.45
2015-12-21 23:09:45.146	31051	21501	-85	-87	10	10.33	74.52	3.45
2015-12-21 23:22:04.722	31051	21501	-85	-87	10
2015-12-21 23:33:24.835	31051	21501	-85	-88	10	10.38	74.45	3.45
2015-12-21 23:47:20.699	31051	21501	-82	-88	10
2015-12-22 00:16:46.67	31051	21501	-85	-88	10	10.43	74.36	3.45
2015-12-22 00:47:55.627	31051	21501	-85	-88	10	10.5	74.4	3.45
2015-12-22 00:54:16.551	31051	21501	-85	-87	10
2015-12-22 01:11:47.967	31051	21501	-82	-88	10	10.52	74.4	3.45
2015-12-22 01:35:35.018	31051	21501	-88	-88	10	10.58	74.54	3.45
2015-12-22 02:11:43.106	31051	21501	-85	-88	10	10.75	74.45	3.45
2015-12-22 02:26:29.711	31051	21501	-85	-89	10
2015-12-22 02:29:31.935	31051	21501	-85	-88	10	10.78	74.35	3.45
2015-12-22 02:51:55.954	31051	21501	-85	-88	10
2015-12-22 03:14:23.79	31051	21501	-85	-88	10	10.83	74.41	3.45
2015-12-22 03:58:43.551	31051	21501	-85	-88	10
2015-12-22 04:07:14.31	31051	21501	-85	-88	10	11.04	74.4	3.45
2015-12-22 04:48:43.043	31051	21501	-85	-89	10	11.22	74.41	3.45
2015-12-22 05:03:38.566	31051	21501	-88	-88	10	11.32	74.46	3.45
2015-12-22 05:30:56.875	31051	21501	-88	-88	10
2015-12-22 05:56:30.486	31051	21501	-85	-89	10
2015-12-22 06:05:12.378	31051	21501	-85	-88	10	11.54	74.37	3.45
2015-12-22 06:27:22.998	31051	21501	-85	-88	10	11.61	74.39	3.45
2015-12-22 07:03:11.851	31051	21501	-85	-88	10
2015-12-22 07:03:36.682	31051	21501	-85	-88	10	11.65	74.35	3.45
2015-12-22 07:48:00.178	31051	21501	-85	-88	10	11.78	74.34	3.45
2015-12-22 08:04:03.29	31051	21501	-85	-89	10	11.86	74.36	3.45
2015-12-22 08:34:28.234	31051	21501	-85	-88	10	11.99	74.36	3.45
2015-12-22 09:01:08.231	31051	21501	-85	-88	10
2015-12-22 10:07:41.418	31051	21501	-85	-90	10
2015-12-22 10:38:09.654	31051	21501	-88	-89	10	12.7	74.3	3.45
2015-12-22 11:39:53.219	31051	21501	-85	-89	10
2015-12-22 12:05:40.014	31051	21501	-85	-90	10
2015-12-22 12:59:22.878	31051	21501	-88	-91	10	15.61	73.8	3.45
2015-12-22 13:12:06.458	31051	21501	-85	-91	10
2015-12-22 13:29:10.542	31051	21501	-88	-91	10	15.24	73.43	3.45
2015-12-22 14:02:25.634	31051	21501	-88	-90	10	15.04	73.26	3.45
2015-12-22 14:30:25.103	31051	21501	-85	-91	10	15.75	72.89	3.459
2015-12-22 14:44:20.987	31051	21501	-88	-90	10
2015-12-22 15:03:35.471	31051	21501	-88	-91	10	16.54	72.21	3.45
2015-12-22 15:10:14.262	31051	21501	-88	-90	10
2015-12-22 15:38:40.863	31051	21501	-88	-91	10	15.83	72.72	3.459
2015-12-22 16:07:48.85	31051	21501	-88	-91	10	15.32	72.88	3.459
2015-12-22 16:16:34.23	31051	21501	-85	-90	10
2015-12-22 16:38:22.235	31051	21501	-88	-90	10	14.67	72.94	3.459
2015-12-22 17:17:04.974	31051	21501	-88	-90	10	13.65	73.14	3.45
2015-12-22 17:34:55.172	31051	21501	-85	-90	10	13.33	73.32	3.459
2015-12-22 17:48:49.166	31051	21501	-88	-90	10
2015-12-22 18:03:25.154	31051	21501	-85	-89	10	12.82	73.53	3.459
2015-12-22 18:14:48.886	31051	21501	-88	-90	10
2015-12-22 18:40:47.258	31051	21501	-88	-90	10	12.32	73.85	3.45
2015-12-22 19:21:01.427	31051	21501	-85	-89	10
2015-12-22 20:00:26.591	31051	21501	-88	-89	10	11.15	74.3	3.45
2015-12-22 20:45:05.446	31051	21501	-88	-90	10	10.75	74.48	3.469
2015-12-22 20:53:15.835	31051	21501	-88	-90	10
2015-12-22 21:12:41.815	31051	21501	-85	-90	10	10.52	74.48	3.45
2015-12-22 21:19:36.138	31051	21501	-88	-90	10
2015-12-22 21:47:45.962	31051	21501	-85	-90	10	10.28	74.58	3.45
2015-12-22 22:13:19.859	31051	21501	-88	-90	10	10.15	74.64	3.45
2015-12-22 22:25:28.602	31051	21501	-85	-90	10
2015-12-22 22:31:40.1	31051	21501	-85	-89	10	10.06	74.67	3.45
2015-12-22 23:04:17.622	31051	21501	-88	-90	10	10.02	74.79	3.45
2015-12-22 23:28:11.658	31051	21501	-88	-89	10	10.0	74.81	3.45
2015-12-22 23:57:42.69	31051	21501	-85	-90	10
2015-12-23 00:12:20.279	31051	21501	-85	-90	10	10.0	74.84	3.44
2015-12-23 00:23:58.022	31051	21501	-88	-90	10
2015-12-23 00:46:58.01	31051	21501	-85	-90	10	9.96	74.86	3.45
2015-12-23 00:59:48.647	31051	21501	-88	-89	10	9.95	74.83	3.45
2015-12-23 01:29:42.036	31051	21501	-85	-90	10	9.89	74.86	3.44
2015-12-23 02:13:02.922	31051	21501	-88	-89	10	9.7	74.85	3.45
2015-12-23 02:38:03.914	31051	21501	-85	-90	10	9.82	75.0	3.44
2015-12-23 03:02:10.05	31051	21501	-85	-90	10
2015-12-23 03:03:55.271	31051	21501	-88	-90	10	9.97	74.99	3.44
2015-12-23 03:28:32.835	31051	21501	-85	-90	10
2015-12-23 03:36:22.611	31051	21501	-88	-90	10	9.82	74.9	3.44
2015-12-23 04:06:29.856	31051	21501	-85	-90	10	9.77	74.89	3.44
2015-12-23 04:34:24.566	31051	21501	-85	-90	10
2015-12-23 04:39:16.05	31051	21501	-88	-90	10	9.64	74.86	3.44
2015-12-23 05:02:12.975	31051	21501	-88	-90	10	9.6	74.88	3.44
2015-12-23 05:48:51.206	31051	21501	-88	-89	10	9.47	74.88	3.44
2015-12-23 06:06:14.862	31051	21501	-88	-90	10	9.39	74.86	3.44
2015-12-23 06:06:38.102	31051	21501	-88	-90	10
2015-12-23 06:33:18.259	31051	21501	-88	-90	10
2015-12-23 07:01:54.806	31051	21501	-88	-90	10	9.1	74.91	3.44
2015-12-23 07:38:52.742	31051	21501	-88	-90	10
2015-12-23 07:47:41.219	31051	21501	-85	-90	10	9.5	75.09	3.431
2015-12-23 08:10:30.278	31051	21501	-88	-90	10	9.5	75.12	3.44
2015-12-23 08:41:25.799	31051	21501	-88	-90	10	10.03	75.25	3.44
2015-12-23 09:11:05.747	31051	21501	-88	-91	10
2015-12-23 09:18:59.986	31051	21501	-88	-90	10	10.86	75.45	3.44
2015-12-23 09:27:06.014	31051	21501	-88	-91	10	11.06	75.44	3.431
2015-12-23 09:37:42.015	31051	21501	-85	-91	10
2015-12-23 10:07:44.347	31051	21501	-85	-91	10	11.93	75.23	3.44
2015-12-23 10:33:03.131	31051	21501	-88	-90	10	13.29	74.65	3.44
2015-12-23 11:47:07.702	31051	21501	-88	-90	10	14.97	74.01	3.44
2015-12-23 12:04:00.683	31051	21501	-88	-90	10	15.22	73.9	3.44
2015-12-23 12:15:33.571	31051	21501	-88	-91	10
2015-12-23 12:37:25.399	31051	21501	-88	-93	10	15.82	73.68	3.44
2015-12-23 12:42:17.239	31051	21501	-91	-92	10
2015-12-23 12:58:13.683	31051	21501	-91	-91	10	16.14	73.63	3.44
2015-12-23 13:32:11.446	31051	21501	-88	-92	10	16.43	73.5	3.44
2015-12-23 13:47:46.895	31051	21501	-91	-93	10
2015-12-23 14:09:40.543	31051	21501	-88	-92	10	16.74	73.35	3.44
2015-12-23 14:41:24.019	31051	21501	-88	-92	10	17.0	73.32	3.44
2015-12-23 15:09:59.555	31051	21501	-88	-91	10	17.07	73.31	3.44
2015-12-23 15:20:00.49	31051	21501	-88	-92	10
2015-12-23 15:31:16.192	31051	21501	-88	-92	10	17.03	73.3	3.44
2015-12-23 15:46:51.587	31051	21501	-88	-91	10
2015-12-23 16:15:11.93	31051	21501	-88	-91	10	16.75	73.27	3.44
2015-12-23 16:37:48.246	31051	21501	-88	-91	10	16.57	73.26	3.44
2015-12-23 16:52:27.719	31051	21501	-91	-92	10
2015-12-23 17:12:37.487	31051	21501	-91	-91	10	16.14	73.29	3.44
2015-12-23 17:37:36.111	31051	21501	-91	-91	10	15.97	73.39	3.44
2015-12-23 18:03:46.747	31051	21501	-88	-91	10	15.82	73.52	3.44
2015-12-23 18:27:19.21	31051	21501	-88	-91	10	15.72	73.68	3.45
2015-12-23 18:51:26.083	31051	21501	-88	-92	10
2015-12-23 19:11:10.17	31051	21501	-88	-90	10	15.61	73.72	3.45
2015-12-23 19:56:42.459	31051	21501	-91	-91	10
2015-12-23 20:41:44.927	31051	21501	-88	-90	10	15.39	73.83	3.44
2015-12-23 21:10:45.099	31051	21501	-88	-90	10	15.32	73.84	3.45
2015-12-23 21:28:55.823	31051	21501	-88	-90	10
2015-12-23 21:56:00.967	31051	21501	-91	-90	10
2015-12-23 22:17:48.747	31051	21501	-88	-90	10	15.0	73.91	3.45
2015-12-23 22:36:51.323	31051	21501	-88	-90	10	15.07	73.96	3.44
2015-12-23 23:00:34.938	31051	21501	-88	-91	10	15.36	74.07	3.44
2015-12-23 23:01:09.379	31051	21501	-88	-90	10
2015-12-23 23:26:45.658	31051	21501	-88	-90	10	15.78	74.15	3.44
2015-12-24 00:15:04.091	31051	21501	-91	-92	10	15.72	73.84	3.44
2015-12-24 00:33:24.255	31051	21501	-91	-94	10
2015-12-24 00:35:53.595	31051	21501	-88	-92	10	15.25	73.51	3.44
2015-12-24 01:00:35.051	31051	21501	-88	-92	10
2015-12-24 01:02:09.379	31051	21501	-88	-91	10	14.89	73.79	3.44
2015-12-24 02:12:21.491	31051	21501	-88	-91	10	14.11	74.34	3.44
2015-12-24 03:03:43.667	31051	21501	-88	-91	10	13.93	74.68	3.44
2015-12-24 03:37:51.53	31051	21501	-91	-89	10
2015-12-24 03:47:49.286	31051	21501	-88	-91	10	13.83	74.84	3.44
2015-12-24 04:05:08.939	31051	21501	-88	-91	10
2015-12-24 04:13:13.026	31051	21501	-88	-90	10	13.85	74.95	3.44
2015-12-24 04:30:41.019	31051	21501	-88	-91	10	13.83	75.05	3.44
2015-12-24 05:01:04.435	31051	21501	-88	-91	10	13.82	75.12	3.44
2015-12-24 05:10:05.927	31051	21501	-88	-90	10
2015-12-24 05:33:18.979	31051	21501	-85	-90	10	13.72	75.13	3.44
2015-12-24 06:05:58.146	31051	21501	-88	-90	10	13.52	75.14	3.44
2015-12-24 06:36:35.631	31051	21501	-88	-90	10	13.32	75.18	3.431
2015-12-24 06:59:18.802	31051	21501	-88	-90	10	13.18	75.23	3.44
2015-12-24 07:10:10.519	31051	21501	-88	-91	10
2015-12-24 07:42:29.11	31051	21501	-88	-91	10	12.81	75.36	3.431
2015-12-24 08:14:33.923	31051	21501	-88	-91	10
2015-12-24 08:18:37.951	31051	21501	-88	-91	10	12.67	75.51	3.431
2015-12-24 08:47:24.715	31051	21501	-88	-91	10	12.79	75.77	3.431
2015-12-24 09:03:45.342	31051	21501	-88	-90	10	12.96	75.86	3.431
2015-12-24 09:39:13.118	31051	21501	-88	-91	10	13.57	76.01	3.431
2015-12-24 09:46:47.75	31051	21501	-88	-91	10
2015-12-24 10:14:19.503	31051	21501	-91	-90	10
2015-12-24 10:18:06.047	31051	21501	-88	-91	10	14.13	76.25	3.431
2015-12-24 10:46:46.811	31051	21501	-85	-92	10	15.0	75.91	3.431
2015-12-24 11:00:34.906	31051	21501	-88	-92	10	15.02	75.84	3.431
2015-12-24 11:18:59.486	31051	21501	-91	-91	10
2015-12-24 11:43:33.106	31051	21501	-85	-90	10	17.25	74.71	3.431
2015-12-24 11:58:09.686	31051	21501	-88	-91	10	17.25	75.34	3.431
2015-12-24 12:47:36.07	31051	21501	-91	-91	10	18.86	73.52	3.431
2015-12-24 12:51:14.402	31051	21501	-88	-92	10
2015-12-24 13:05:40.59	31051	21501	-88	-92	10	19.38	73.79	3.44
2015-12-24 13:18:54.15	31051	21501	-91	-92	10
2015-12-24 13:37:51.231	31051	21501	-88	-92	10	19.24	73.76	3.431
2015-12-24 14:13:39.194	31051	21501	-88	-93	10	21.46	71.55	3.44
2015-12-24 14:23:28.388	31051	21501	-88	-92	10
2015-12-24 14:40:41.587	31051	21501	-88	-91	10	21.74	71.19	3.431
2015-12-24 15:17:16.334	31051	21501	-91	-92	10	21.29	71.69	3.44
2015-12-24 15:35:31.102	31051	21501	-88	-92	10	20.32	71.67	3.44
2015-12-24 15:55:41.538	31051	21501	-91	-90	10
2015-12-24 16:08:46.722	31051	21501	-88	-91	10	18.97	72.43	3.44
2015-12-24 16:23:28.079	31051	21501	-88	-91	10
2015-12-24 16:32:39.37	31051	21501	-88	-91	10	17.89	72.6	3.44
2015-12-24 17:04:47.255	31051	21501	-91	-92	10	16.39	73.12	3.44
2015-12-24 17:27:55.435	31051	21501	-91	-91	10
2015-12-24 17:45:25.911	31051	21501	-88	-90	10	14.89	73.81	3.44
2015-12-24 17:57:35.614	31051	21501	-88	-91	10	14.57	74.04	3.44
2015-12-24 19:16:37.755	31051	21501	-88	-90	10	12.38	74.96	3.431
2015-12-24 19:28:02.754	31051	21501	-88	-91	10
2015-12-24 19:44:06.106	31051	21501	-88	-91	10	12.02	75.25	3.431
2015-12-24 20:09:52.074	31051	21501	-88	-91	10	11.5	75.35	3.431
2015-12-24 20:32:34.971	31051	21501	-88	-90	10
2015-12-24 20:38:32.195	31051	21501	-88	-90	10	11.2	75.49	3.431
2015-12-24 21:45:13.982	31051	21501	-91	-91	10	10.35	75.65	3.431
2015-12-24 22:05:30.746	31051	21501	-88	-91	10	10.18	75.74	3.431
2015-12-24 22:32:38.003	31051	21501	-85	-90	10
2015-12-24 22:42:57.17	31051	21501	-88	-91	10	9.83	75.8	3.431
2015-12-24 23:08:07.194	31051	21501	-88	-90	10	9.46	75.75	3.431
2015-12-24 23:36:50.99	31051	21501	-88	-90	10
2015-12-24 23:48:17.902	31051	21501	-85	-89	10	8.96	75.92	3.421
2015-12-25 00:12:15.511	31051	21501	-88	-90	10	9.03	76.16	3.421
2015-12-25 00:47:12.766	31051	21501	-85	-90	10	9.03	76.22	3.421
2015-12-25 00:57:55.539	31051	21501	-88	-90	10	9.03	76.22	3.421
2015-12-25 01:09:04.406	31051	21501	-88	-89	10
2015-12-25 01:37:11.87	31051	21501	-88	-90	10
2015-12-25 01:42:32.91	31051	21501	-88	-91	10	9.11	76.33	3.412
2015-12-25 02:31:58.882	31051	21501	-88	-90	10	9.24	76.26	3.421
2015-12-25 02:41:18.746	31051	21501	-88	-91	10
2015-12-25 03:13:03.123	31051	21501	-88	-90	10	9.61	76.18	3.421
2015-12-25 03:44:40.855	31051	21501	-88	-90	10	9.61	76.08	3.412
2015-12-25 03:59:28.494	31051	21501	-88	-90	10	9.75	76.11	3.421
2015-12-25 04:13:35.102	31051	21501	-88	-90	10
2015-12-25 04:41:47.142	31051	21501	-88	-90	10
2015-12-25 04:47:07.074	31051	21501	-85	-90	10	10.13	76.06	3.412
2015-12-25 04:59:33.946	31051	21501	-88	-90	10	10.17	76.02	3.412
2015-12-25 05:34:05.593	31051	21501	-88	-90	10	10.11	75.88	3.412
2015-12-25 05:45:46.17	31051	21501	-88	-90	10
2015-12-25 06:13:08.903	31051	21501	-88	-90	10	10.07	75.82	3.412
2015-12-25 06:27:31.174	31051	21501	-91	-90	10	10.11	75.88	3.412
2015-12-25 07:04:21.826	31051	21501	-88	-90	10	10.22	75.88	3.412
2015-12-25 07:18:00.371	31051	21501	-88	-90	10
2015-12-25 07:31:06.367	31051	21501	-88	-90	10	10.13	75.76	3.412
2015-12-25 07:46:22.354	31051	21501	-88	-91	10
2015-12-25 07:58:01.087	31051	21501	-88	-91	10	10.08	75.75	3.412
2015-12-25 08:35:06.783	31051	21501	-88	-90	10	10.11	75.99	3.412
2015-12-25 08:50:14.699	31051	21501	-91	-90	10
2015-12-25 09:01:52.199	31051	21501	-88	-90	10	10.58	75.93	3.412
2015-12-25 09:31:07.699	31051	21501	-88	-91	10	10.82	75.78	3.412
2015-12-25 10:18:23.8	31051	21501	-88	-90	10	11.67	75.64	3.412
2015-12-25 10:22:27.875	31051	21501	-88	-90	10
2015-12-25 10:30:51.27	31051	21501	-88	-90	10	11.96	75.6	3.412
2015-12-25 10:50:56.851	31051	21501	-88	-90	10
2015-12-25 11:09:28.403	31051	21501	-88	-90	10	13.14	75.5	3.412
2015-12-25 11:36:45.699	31051	21501	-88	-91	10	15.2	75.14	3.412
2015-12-25 11:54:41.086	31051	21501	-88	-91	10
2015-12-25 12:13:43.602	31051	21501	-91	-92	10	16.2	74.34	3.412
2015-12-25 12:33:09.086	31051	21501	-88	-91	10	15.74	74.48	3.412
2015-12-25 13:13:23.034	31051	21501	-88	-91	10	15.36	74.28	3.412
2015-12-25 13:26:56.031	31051	21501	-91	-90	10
2015-12-25 13:44:05.555	31051	21501	-88	-91	10	15.14	74.39	3.412
2015-12-25 13:55:30.546	31051	21501	-88	-90	10
2015-12-25 14:07:53.826	31051	21501	-91	-91	10	14.96	74.41	3.412
2015-12-25 14:45:39.334	31051	21501	-88	-90	10	14.5	74.47	3.412
2015-12-25 14:59:08.978	31051	21501	-88	-90	10
2015-12-25 15:16:03.266	31051	21501	-91	-91	10	14.18	74.52	3.412
2015-12-25 15:35:21.018	31051	21501	-88	-91	10	14.08	74.63	3.412
2015-12-25 15:56:57.794	31051	21501	-88	-91	10	13.88	74.72	3.412
2015-12-25 16:31:22.943	31051	21501	-88	-91	10
2015-12-25 16:31:32.983	31051	21501	-88	-91	10	13.64	74.8	3.412
2015-12-25 17:00:05.307	31051	21501	-88	-91	10
2015-12-25 17:10:16.57	31051	21501	-88	-90	10	13.25	74.9	3.412
2015-12-25 17:30:28.411	31051	21501	-85	-90	10	13.14	74.96	3.412
2015-12-25 18:03:35.615	31051	21501	-88	-92	10
2015-12-25 18:05:54.919	31051	21501	-88	-91	10	12.82	75.0	3.412
2015-12-25 18:47:32.627	31051	21501	-91	-90	10	12.32	75.08	3.412
2015-12-25 19:17:16.539	31051	21501	-88	-91	10	12.04	75.15	3.412
2015-12-25 19:29:16.37	31051	21501	-91	-90	10	11.89	75.2	3.403
2015-12-25 19:35:50.48	31051	21501	-88	-91	10
2015-12-25 19:59:07.559	31051	21501	-88	-91	10	11.49	75.22	3.403
2015-12-25 20:46:13.979	31051	21501	-88	-91	10	10.82	75.31	3.403
2015-12-25 21:02:31.026	31051	21501	-88	-90	10	10.7	75.39	3.403
2015-12-25 21:08:03.519	31051	21501	-88	-90	10
2015-12-25 21:44:26.938	31051	21501	-85	-90	10	10.1	75.5	3.403
2015-12-25 22:14:01.979	31051	21501	-88	-90	10	9.75	75.55	3.403
2015-12-25 22:40:17.015	31051	21501	-88	-89	10
2015-12-25 22:46:35.939	31051	21501	-88	-90	10	9.46	75.65	3.403
2015-12-25 23:00:13.419	31051	21501	-88	-90	10	9.35	75.67	3.403
2015-12-25 23:09:14.728	31051	21501	-85	-90	10
2015-12-25 23:32:08.359	31051	21501	-88	-90	10	9.14	75.71	3.403
2015-12-26 00:09:18.463	31051	21501	-88	-90	10	8.78	75.73	3.403
2015-12-26 00:12:31.223	31051	21501	-88	-90	10
2015-12-26 00:46:35.654	31051	21501	-88	-90	10	8.6	75.85	3.403
2015-12-26 01:03:16.983	31051	21501	-88	-91	10	8.53	75.88	3.403
2015-12-26 01:44:50.531	31051	21501	-88	-90	10
2015-12-26 02:19:07.767	31051	21501	-88	-90	10	8.39	75.98	3.393
2015-12-26 03:10:38.779	31051	21501	-88	-89	10	8.29	76.01	3.393
2015-12-26 03:16:59.287	31051	21501	-88	-90	10
2015-12-26 04:18:53.747	31051	21501	-88	-90	10	8.36	76.0	3.393
2015-12-26 04:44:00.087	31051	21501	-85	-90	10	8.1	75.92	3.393
2015-12-26 04:49:12.939	31051	21501	-88	-90	10
2015-12-26 05:18:23.538	31051	21501	-88	-89	10
2015-12-26 06:01:05.455	31051	21501	-88	-89	10	8.38	76.08	3.393
2015-12-26 06:21:26.519	31051	21501	-88	-89	10
2015-12-26 06:38:57.879	31051	21501	-88	-90	10	8.32	76.02	3.393
2015-12-26 07:00:28.039	31051	21501	-88	-89	10	8.36	75.97	3.393
2015-12-26 07:27:07.547	31051	21501	-88	-89	10	8.35	75.92	3.393
2015-12-26 07:53:41.675	31051	21501	-88	-89	10
2015-12-26 08:07:20.175	31051	21501	-88	-90	10	8.17	75.83	3.393
2015-12-26 08:42:04.859	31051	21501	-85	-89	10	8.18	75.84	3.393
2015-12-26 09:10:36.259	31051	21501	-88	-90	10	8.39	75.96	3.393
2015-12-26 09:25:59.247	31051	21501	-88	-90	10
2015-12-26 10:07:25.846	31051	21501	-91	-90	10	9.2	75.92	3.384
2015-12-26 10:29:35.258	31051	21501	-88	-91	10	9.36	75.9	3.384
2015-12-26 10:58:08.01	31051	21501	-88	-90	10
2015-12-26 11:01:25.379	31051	21501	-91	-90	10	9.53	75.84	3.384
2015-12-26 11:27:34.055	31051	21501	-88	-90	10
2015-12-26 11:33:18.139	31051	21501	-85	-89	10	9.81	75.77	3.393
2015-12-26 12:10:54.218	31051	21501	-91	-90	10	10.54	75.61	3.393
2015-12-26 12:30:21.826	31051	21501	-88	-91	10
2015-12-26 13:01:27.602	31051	21501	-88	-90	10	11.32	75.47	3.393
2015-12-26 13:47:48.35	31051	21501	-88	-90	10	11.95	75.49	3.384
2015-12-26 14:02:35.926	31051	21501	-88	-90	10
2015-12-26 14:14:15.894	31051	21501	-88	-91	10	12.43	75.33	3.384
2015-12-26 14:32:07.879	31051	21501	-88	-90	10
2015-12-26 14:40:09.207	31051	21501	-88	-90	10	12.64	75.25	3.393
2015-12-26 15:18:45.334	31051	21501	-88	-90	10	12.77	75.12	3.384
2015-12-26 15:32:19.154	31051	21501	-88	-90	10	12.82	75.1	3.384
2015-12-26 15:34:49.731	31051	21501	-88	-90	10
2015-12-26 16:06:33.53	31051	21501	-88	-90	10	12.64	75.01	3.393
2015-12-26 16:59:32.326	31051	21501	-88	-90	10	12.31	75.0	3.393
2015-12-26 17:07:05.107	31051	21501	-88	-90	10
2015-12-26 17:36:42.491	31051	21501	-88	-90	10
2015-12-26 17:39:45.547	31051	21501	-88	-90	10	12.13	75.06	3.393
2015-12-26 18:32:44.43	31051	21501	-88	-91	10	11.18	75.0	3.384
2015-12-26 19:59:39.086	31051	21501	-88	-91	10	10.86	75.76	3.384
2015-12-26 20:11:31.715	31051	21501	-91	-92	10
2015-12-26 20:41:29.03	31051	21501	-88	-90	10
2015-12-26 20:46:42.227	31051	21501	-88	-90	10	10.97	75.98	3.384
2015-12-26 20:59:33.791	31051	21501	-91	-91	10	11.1	76.04	3.384
2015-12-26 21:39:31.882	31051	21501	-88	-91	10	11.28	76.2	3.384
2015-12-26 21:43:43.89	31051	21501	-91	-92	10
2015-12-26 22:14:36.442	31051	21501	-91	-92	10	11.5	76.22	3.384
2015-12-26 22:40:39.771	31051	21501	-91	-92	10	11.67	76.23	3.384
2015-12-26 23:18:16.695	31051	21501	-88	-93	10	11.78	76.23	3.384
2015-12-26 23:45:51.402	31051	21501	-91	-93	10
2015-12-26 23:47:13.414	31051	21501	-91	-93	10	11.79	76.21	3.384
2015-12-27 00:00:57.522	31051	21501	-91	-93	10	11.79	76.23	3.384
2015-12-27 00:48:12.366	31051	21501	-88	-92	10
2015-12-27 01:35:41.451	31051	21501	-88	-92	10	12.07	76.34	3.384
2015-12-27 02:04:54.082	31051	21501	-88	-92	10	12.29	76.41	3.393
2015-12-27 02:20:31.571	31051	21501	-91	-92	10
2015-12-27 02:39:14.883	31051	21501	-88	-92	10	12.56	76.47	3.384
2015-12-27 02:50:29.231	31051	21501	-91	-91	10
2015-12-27 02:57:02.642	31051	21501	-91	-92	10	12.7	76.5	3.384
2015-12-27 03:47:47.634	31051	21501	-88	-92	10	12.97	76.53	3.384
2015-12-27 03:57:00.09	31051	21501	-91	-92	10	13.04	76.49	3.384
2015-12-27 04:45:50.97	31051	21501	-91	-93	10	13.57	76.65	3.384
2015-12-27 05:13:38.591	31051	21501	-88	-91	10	14.15	76.67	3.384
2015-12-27 05:24:56.29	31051	21501	-88	-91	10
2015-12-27 05:44:59.531	31051	21501	-88	-92	10	14.7	76.52	3.384
2015-12-27 06:16:18.235	31051	21501	-91	-92	10	15.17	76.49	3.384
2015-12-27 06:57:13.967	31051	21501	-91	-92	10
2015-12-27 07:59:43.19	31051	21501	-91	-92	10	16.79	76.28	3.384
2015-12-27 08:46:28.974	31051	21501	-91	-90	10	17.39	76.09	3.393
2015-12-27 09:59:07.303	31051	21501	-88	-94	10	17.32	75.83	3.384
2015-12-27 10:47:28.806	31051	21501	-91	-91	10	17.25	75.64	3.384
2015-12-27 11:00:11.934	31051	21501	-94	-95	10	17.02	75.35	3.384
2015-12-27 11:33:49.082	31051	21501	-88	-92	10
2015-12-27 11:39:09.291	31051	21501	-88	-93	10	16.07	75.08	3.384
2015-12-27 12:02:43.406	31051	21501	-91	-92	10	15.54	75.24	3.384
2015-12-27 12:04:10.002	31051	21501	-91	-92	10
2015-12-27 12:29:35.242	31051	21501	-88	-92	10	15.15	75.37	3.384
2015-12-27 13:06:02.834	31051	21501	-91	-92	10
2015-12-27 13:11:29.974	31051	21501	-88	-93	10	14.38	75.29	3.384
2015-12-27 13:47:07.334	31051	21501	-88	-92	10	13.56	75.51	3.384
2015-12-27 14:38:45.962	31051	21501	-88	-91	10
2015-12-27 16:10:30.33	31051	21501	-85	-90	10
2015-12-27 16:15:12.371	31051	21501	-88	-90	10	8.11	75.59	3.375
2015-12-27 16:42:04.918	31051	21501	-85	-90	10	7.42	76.15	3.375
2015-12-27 17:16:27.26	31051	21501	-88	-90	10	6.93	76.72	3.375
2015-12-27 17:28:49.419	31051	21501	-85	-89	10	6.78	76.89	3.375
2015-12-27 17:42:43.466	31051	21501	-88	-88	10
2015-12-27 18:11:22.23	31051	21501	-88	-90	10	6.53	77.34	3.366
2015-12-27 18:13:19.194	31051	21501	-85	-89	10
2015-12-27 18:32:12.146	31051	21501	-88	-89	10	6.36	77.37	3.375
2015-12-27 19:06:07.855	31051	21501	-88	-88	10	5.85	77.11	3.375
2015-12-27 19:14:58.151	31051	21501	-85	-89	10
2015-12-27 19:44:59.974	31051	21501	-88	-89	10	5.33	77.2	3.366
2015-12-27 20:02:11.986	31051	21501	-88	-89	10	5.2	77.32	3.366
2015-12-27 20:47:41.459	31051	21501	-85	-89	10	4.82	77.46	3.366
2015-12-27 21:42:22.622	31051	21501	-88	-88	10	4.39	77.58	3.366
2015-12-27 21:57:00.423	31051	21501	-85	-89	10	4.28	77.61	3.366
2015-12-27 22:19:25.446	31051	21501	-85	-89	10
2015-12-27 22:43:47.982	31051	21501	-85	-88	10	3.96	77.56	3.357
2015-12-27 23:00:31.679	31051	21501	-88	-88	10	3.78	77.52	3.357
2015-12-27 23:51:38.554	31051	21501	-85	-88	10
2015-12-28 00:22:29.822	31051	21501	-85	-89	10
2015-12-28 00:42:58.495	31051	21501	-85	-89	10	3.15	77.7	3.357
2015-12-28 01:01:44.026	31051	21501	-85	-88	10	3.06	77.75	3.357
2015-12-28 01:23:53.474	31051	21501	-88	-88	10
2015-12-28 01:34:19.251	31051	21501	-88	-89	10	2.93	77.78	3.357
2015-12-28 02:16:04.67	31051	21501	-88	-88	10	2.71	77.75	3.357
2015-12-28 02:27:17.278	31051	21501	-85	-89	10	2.7	77.77	3.357
2015-12-28 02:56:06.958	31051	21501	-85	-89	10
2015-12-28 03:12:32.131	31051	21501	-88	-88	10	2.6	77.85	3.357
2015-12-28 03:27:04.599	31051	21501	-85	-89	10
2015-12-28 04:41:07.01	31051	21501	-85	-88	10	1.86	77.66	3.348
2015-12-28 06:31:37.583	31051	21501	-85	-88	10
2015-12-28 07:14:48.378	31051	21501	-85	-88	10	1.67	77.93	3.348
2015-12-28 07:30:46.078	31051	21501	-85	-88	10	1.63	77.9	3.348
2015-12-28 08:06:11.978	31051	21501	-88	-88	10	1.57	77.81	3.348
2015-12-28 09:05:03.055	31051	21501	-88	-88	10
2015-12-28 09:43:01.963	31051	21501	-85	-88	10	1.88	77.98	3.339
2015-12-28 10:42:59.33	31051	21501	-88	-89	10	1.89	77.88	3.348
2015-12-28 11:41:25.695	31051	21501	-88	-89	10	2.39	78.11	3.339
2015-12-28 12:09:30.718	31051	21501	-88	-90	10
2015-12-28 12:39:24.774	31051	21501	-88	-88	10	2.51	77.8	3.339
2015-12-28 13:01:32.98	31051	21501	-85	-88	10	2.42	77.69	3.339
2015-12-28 13:41:45.054	31051	21501	-88	-90	10
2015-12-28 14:06:50.987	31051	21501	-85	-89	10	2.21	77.52	3.339
2015-12-28 16:45:17.042	31051	21501	-91	-89	10	2.53	77.59	3.339
2015-12-28 17:14:06.755	31051	21501	-91	-90	10	2.38	77.48	3.339
2015-12-28 17:28:35.49	31051	21501	-88	-91	10	2.36	77.55	3.339
2015-12-28 18:35:22.566	31051	21501	-88	-90	10	2.61	77.9	3.339
2015-12-28 18:49:56.834	31051	21501	-88	-90	10
2015-12-28 19:00:42.331	31051	21501	-88	-90	10	2.78	78.05	3.33
2015-12-28 19:47:28.17	31051	21501	-91	-90	10	3.08	77.9	3.33
2015-12-28 19:50:39.667	31051	21501	-91	-91	10
2015-12-28 20:05:46.979	31051	21501	-88	-90	10	3.14	77.92	3.339
2015-12-28 20:42:07.527	31051	21501	-91	-92	10	3.39	77.92	3.33
2015-12-28 21:18:06.635	31051	21501	-88	-91	10	3.7	77.97	3.33
2015-12-28 21:22:52.422	31051	21501	-85	-90	10
2015-12-28 21:29:56.866	31051	21501	-88	-92	10	3.65	77.79	3.33
2015-12-28 21:54:32.026	31051	21501	-88	-90	10
2015-12-28 22:36:27.09	31051	21501	-91	-91	10	3.68	77.55	3.33
2015-12-28 22:55:07.107	31051	21501	-88	-89	10
2015-12-28 23:02:08.219	31051	21501	-85	-90	10	3.83	77.66	3.33
2015-12-28 23:40:08.315	31051	21501	-88	-90	10	4.0	77.67	3.33
2015-12-29 00:12:58.943	31051	21501	-91	-90	10	4.03	77.63	3.33
2015-12-29 00:27:21.511	31051	21501	-88	-91	10
2015-12-29 00:32:33.062	31051	21501	-88	-91	10	4.24	77.72	3.33
2015-12-29 00:59:06.518	31051	21501	-91	-90	10
2015-12-29 01:08:32.406	31051	21501	-91	-92	10	4.4	77.71	3.33
2015-12-29 01:47:39.67	31051	21501	-91	-92	10	4.7	77.67	3.33
2015-12-29 02:03:53.131	31051	21501	-91	-92	10	4.81	77.72	3.33
2015-12-29 02:48:21.798	31051	21501	-88	-91	10	5.25	77.72	3.33
2015-12-29 03:08:12.366	31051	21501	-88	-91	10	5.43	77.66	3.33
2015-12-29 03:31:48.791	31051	21501	-91	-91	10
2015-12-29 04:03:04.006	31051	21501	-91	-91	10	6.29	77.75	3.33
2015-12-29 04:03:44.434	31051	21501	-85	-89	10
2015-12-29 04:35:30.367	31051	21501	-91	-91	10	6.79	77.61	3.33
2015-12-29 05:04:02.575	31051	21501	-94	-93	10
2015-12-29 05:12:07.662	31051	21501	-91	-94	10	6.86	77.38	3.33
2015-12-29 05:44:42.307	31051	21501	-91	-92	10	6.97	77.28	3.33
2015-12-29 06:00:32.238	31051	21501	-91	-91	10	7.0	77.26	3.33
2015-12-29 06:34:21.702	31051	21501	-88	-91	10	7.06	77.2	3.33
2015-12-29 06:36:15.834	31051	21501	-88	-92	10
2015-12-29 07:08:16.034	31051	21501	-88	-91	10
2015-12-29 07:15:05.57	31051	21501	-88	-92	10	7.15	77.17	3.33
2015-12-29 07:49:00.415	31051	21501	-91	-91	10	7.18	77.13	3.33
2015-12-29 08:02:20.311	31051	21501	-91	-91	10	7.24	77.16	3.33
2015-12-29 08:38:20.679	31051	21501	-88	-91	10	7.36	77.16	3.33
2015-12-29 09:46:57.782	31051	21501	-91	-92	10	7.99	77.27	3.321
2015-12-29 10:17:23.318	31051	21501	-91	-91	10	8.77	77.22	3.33
2015-12-29 10:31:06.974	31051	21501	-88	-91	10	9.14	77.19	3.33
2015-12-29 11:12:58.51	31051	21501	-88	-91	10
2015-12-29 11:13:06.967	31051	21501	-88	-90	10	9.65	77.2	3.33
2015-12-29 11:40:26.762	31051	21501	-88	-92	10	9.86	76.97	3.33
2015-12-29 12:00:03.134	31051	21501	-88	-89	10	9.96	76.94	3.33
2015-12-29 12:45:11.511	31051	21501	-88	-91	10
2015-12-29 13:11:32.159	31051	21501	-88	-88	10	10.29	76.55	3.33
2015-12-29 13:17:25.39	31051	21501	-88	-90	10
2015-12-29 13:17:29.618	31051	21501	-88	-90	10
2015-12-29 13:40:14.814	31051	21501	-85	-89	10	10.1	76.39	3.33
2015-12-29 14:17:25.674	31051	21501	-85	-90	10
2015-12-29 16:16:28.782	31051	21501	-88	-89	10	8.83	76.53	3.33
2015-12-29 16:47:38.395	31051	21501	-88	-90	10	8.58	76.63	3.33
2015-12-29 17:03:24.871	31051	21501	-88	-90	10	8.53	76.69	3.33
2015-12-29 17:21:52.806	31051	21501	-91	-90	10
2015-12-29 17:33:52.906	31051	21501	-88	-90	10	8.36	76.78	3.33
2015-12-29 18:57:19.379	31051	21501	-91	-91	10	8.06	76.91	3.33
2015-12-29 19:35:29.963	31051	21501	-88	-91	10	7.89	76.93	3.321
2015-12-29 20:01:28.879	31051	21501	-88	-91	10	7.86	76.95	3.321
2015-12-29 20:35:25.971	31051	21501	-85	-91	10	7.71	76.94	3.321
2015-12-29 21:27:24.214	31051	21501	-88	-88	10	7.43	76.93	3.321
2015-12-29 21:58:34.322	31051	21501	-88	-90	10
2015-12-29 22:02:32.331	31051	21501	-88	-90	10	7.29	77.0	3.321
2015-12-29 22:27:26.847	31051	21501	-88	-90	10	7.17	76.97	3.321
2015-12-29 22:31:10.743	31051	21501	-88	-90	10
2015-12-29 23:30:47.711	31051	21501	-88	-89	10
2015-12-29 23:47:58.247	31051	21501	-88	-89	10	6.64	77.01	3.321
2015-12-30 00:11:42.951	31051	21501	-88	-90	10	6.38	76.98	3.321
2015-12-30 01:03:09.303	31051	21501	-88	-89	10
2015-12-30 01:10:02.163	31051	21501	-88	-89	10	6.0	77.12	3.321
2015-12-30 01:35:43.683	31051	21501	-88	-89	10
2015-12-30 01:59:18.351	31051	21501	-88	-89	10	5.7	77.2	3.321
2015-12-30 02:32:21.819	31051	21501	-88	-89	10	5.56	77.3	3.321
2015-12-30 02:35:15.487	31051	21501	-88	-89	10
2015-12-30 03:01:40.083	31051	21501	-88	-90	10	5.4	77.34	3.313
2015-12-30 03:33:38.858	31051	21501	-85	-89	10	5.36	77.4	3.321
2015-12-30 04:07:30.03	31051	21501	-88	-90	10
2015-12-30 04:18:13.083	31051	21501	-85	-90	10	5.24	77.4	3.313
2015-12-30 04:38:18.327	31051	21501	-88	-89	10	5.18	77.44	3.313
2015-12-30 04:40:19.474	31051	21501	-88	-89	10
2015-12-30 05:15:59.515	31051	21501	-85	-90	10	5.07	77.44	3.313
2015-12-30 05:39:44.603	31051	21501	-88	-90	10
2015-12-30 07:11:57.383	31051	21501	-85	-89	10
2015-12-30 08:07:56.875	31051	21501	-88	-89	10	4.74	77.58	3.313
2015-12-30 08:44:11.135	31051	21501	-88	-89	10
2015-12-30 08:44:32.739	31051	21501	-88	-89	10	4.92	77.65	3.313
2015-12-30 09:04:20.11	31051	21501	-88	-89	10	5.21	77.71	3.313
2015-12-30 09:32:33.459	31051	21501	-88	-90	10	5.64	77.73	3.304
2015-12-30 10:06:14.138	31051	21501	-88	-89	10	6.21	77.56	3.313
2015-12-30 10:16:24.491	31051	21501	-88	-90	10
2015-12-30 10:27:41.806	31051	21501	-88	-90	10	6.5	77.47	3.313
2015-12-30 10:49:28.695	31051	21501	-88	-90	10
2015-12-30 10:58:28.791	31051	21501	-88	-90	10	6.71	77.37	3.313
2015-12-30 11:48:38.351	31051	21501	-88	-90	10
2015-12-30 12:46:08.735	31051	21501	-88	-90	10	8.89	76.69	3.304
2015-12-30 13:10:42.499	31051	21501	-88	-90	10	9.29	76.73	3.304
2015-12-30 13:32:54.202	31051	21501	-88	-90	10	9.38	76.72	3.313
2015-12-30 13:54:07.674	31051	21501	-91	-90	10
2015-12-30 14:17:00.666	31051	21501	-88	-91	10	9.65	76.55	3.313
2015-12-30 14:43:41.502	31051	21501	-88	-91	10	10.14	76.35	3.313
2015-12-30 14:53:06.198	31051	21501	-88	-91	10
2015-12-30 15:11:51.187	31051	21501	-91	-90	10	9.7	76.46	3.313
2015-12-30 15:34:14.562	31051	21501	-88	-91	10	9.5	76.44	3.313
2015-12-30 16:08:46.779	31051	21501	-88	-91	10	9.21	76.48	3.304
2015-12-30 16:25:20.843	31051	21501	-88	-90	10
2015-12-30 16:33:44.864	31051	21501	-88	-91	10	8.99	76.56	3.313
2015-12-30 16:58:36.847	31051	21501	-88	-91	10
2015-12-30 17:08:06.45	31051	21501	-88	-90	10	8.57	76.62	3.304
2015-12-30 17:32:17.522	31051	21501	-88	-90	10	8.28	76.64	3.304
2015-12-30 17:57:34.598	31051	21501	-88	-90	10
2015-12-30 18:19:01.766	31051	21501	-88	-91	10	7.61	76.7	3.304
2015-12-30 18:42:08.323	31051	21501	-88	-90	10	7.36	76.79	3.304
2015-12-30 19:14:18.635	31051	21501	-88	-90	10	7.03	76.9	3.304
2015-12-30 19:46:24.182	31051	21501	-85	-88	10	6.81	77.05	3.304
2015-12-30 20:14:01.974	31051	21501	-88	-90	10	6.61	77.1	3.304
2015-12-30 20:41:00.578	31051	21501	-88	-89	10	6.51	77.18	3.304
2015-12-30 21:02:04.342	31051	21501	-88	-89	10
2015-12-30 21:08:20.335	31051	21501	-85	-90	10	6.36	77.2	3.304
2015-12-30 22:34:14.486	31051	21501	-88	-89	10	5.92	77.25	3.304
2015-12-30 22:34:15.991	31051	21501	-97	-90	10
2015-12-30 23:07:46.85	31051	21501	-85	-89	10
2015-12-30 23:11:43.718	31051	21501	-88	-89	10	5.75	77.29	3.304
2015-12-30 23:36:20.267	31051	21501	-85	-90	10	5.68	77.35	3.304
2015-12-31 00:06:30.238	31051	21501	-88	-90	10
2015-12-31 00:08:11.611	31051	21501	-85	-89	10	5.61	77.38	3.295
2015-12-31 00:31:28.83	31051	21501	-85	-88	10	5.42	77.36	3.304
2015-12-31 01:38:42.89	31051	21501	-88	-90	10
2015-12-31 02:12:21.298	31051	21501	-85	-89	10
2015-12-31 02:14:55.495	31051	21501	-85	-88	10	4.33	77.3	3.295
2015-12-31 02:42:26.663	31051	21501	-88	-89	10	4.18	77.42	3.295
2015-12-31 03:16:27.87	31051	21501	-88	-89	10	3.96	77.51	3.295
2015-12-31 03:43:48.559	31051	21501	-88	-89	10	3.82	77.56	3.295
2015-12-31 04:04:19.431	31051	21501	-85	-88	10	3.71	77.58	3.295
2015-12-31 04:43:10.27	31051	21501	-88	-89	10
2015-12-31 06:15:24.098	31051	21501	-88	-89	10
2015-12-31 06:28:07.174	31051	21501	-88	-89	10	3.03	77.72	3.295
2015-12-31 07:34:30.351	31051	21501	-88	-88	10	2.74	77.71	3.295
2015-12-31 09:33:39.19	31051	21501	-88	-88	10	2.53	77.78	3.287
2015-12-31 10:52:07.651	31051	21501	-85	-89	10
2015-12-31 12:15:00.442	31051	21501	-85	-88	10	2.39	77.75	3.287
2015-12-31 13:05:30.139	31051	21501	-85	-88	10	2.28	77.78	3.287
2015-12-31 13:57:10.378	31051	21501	-85	-86	10	2.18	77.78	3.287
2015-12-31 14:59:13.734	31051	21501	-88	-89	10	1.78	77.76	3.287
2015-12-31 16:49:12.998	31051	21501	-85	-87	10	1.24	77.95	3.278
2015-12-31 17:07:24.359	31051	21501	-85	-88	10	1.17	77.96	3.278
2015-12-31 18:15:15.218	31051	21501	-85	-88	10	1.03	77.98	3.278
2015-12-31 19:04:06.259	31051	21501	-85	-86	10	1.0	78.07	3.278
2015-12-31 20:18:26.102	31051	21501	-85	-88	10	0.83	78.03	3.278
2015-12-31 20:40:03.842	31051	21501	-85	-87	10
2015-12-31 21:32:28.502	31051	21501	-85	-86	10	0.67	77.99	3.269
2015-12-31 23:11:19.774	31051	21501	-85	-88	10	0.21	77.97	3.269
2015-12-31 23:44:24.842	31051	21501	-85	-87	10
2016-01-01 00:44:44.094	31051	21501	-82	-86	10	-0.32	78.04	3.269
2016-01-01 01:44:43.202	31051	21501	-82	-86	10	-0.42	78.08	3.269
2016-01-01 02:08:46.002	31051	21501	-85	-85	10	-0.49	78.12	3.269
2016-01-01 02:49:02.814	31051	21501	-82	-86	10
2016-01-01 03:32:54.683	31051	21501	-82	-84	10	-0.71	78.09	3.269
2016-01-01 04:04:10.77	31051	21501	-82	-84	10	-0.75	78.15	3.261
2016-01-01 05:18:52.251	31051	21501	-82	-83	10
2016-01-01 05:53:33.931	31051	21501	-82	-83	10
2016-01-01 07:13:58.667	31051	21501	-82	-84	10	-1.0	78.24	3.261
2016-01-01 09:46:29.746	31051	21501	-82	-83	10	-0.63	78.32	3.261
2016-01-01 09:55:34.311	31051	21501	-82	-83	10
2016-01-01 10:15:44.634	31051	21501	-82	-83	10	-0.32	78.32	3.261
2016-01-01 11:27:47.85	31051	21501	-82	-85	10
2016-01-01 12:02:42.687	31051	21501	-82	-84	10
2016-01-01 13:00:01.839	31051	21501	-82	-87	10
2016-01-01 13:37:04.318	31051	21501	-85	-88	10	2.33	77.55	3.261
2016-01-01 14:32:15.026	31051	21501	-82	-87	10
2016-01-01 15:07:17.738	31051	21501	-85	-88	10
2016-01-01 16:48:26.507	31051	21501	-85	-86	10	1.33	77.59	3.261
2016-01-01 17:36:43.539	31051	21501	-85	-87	10
2016-01-01 18:11:52.554	31051	21501	-85	-86	10
2016-01-01 19:08:58.228	31051	21501	-82	-86	10
2016-01-01 20:41:10.423	31051	21501	-85	-87	10
2016-01-01 21:34:46.25	31051	21501	-85	-87	10	0.0	78.01	3.252
2016-01-01 22:13:24.446	31051	21501	-85	-86	10
2016-01-01 23:17:12.999	31051	21501	-82	-86	10	-0.46	78.0	3.244
2016-01-02 02:50:06.43	31051	21501	-82	-83	10
2016-01-02 03:25:36.195	31051	21501	-82	-82	10
2016-01-02 04:17:08.179	31051	21501	-82	-83	10	-1.78	78.16	3.244
2016-01-02 05:06:25.863	31051	21501	-82	-82	10	-2.03	78.12	3.244
2016-01-02 05:54:34.162	31051	21501	-97	-83	10
2016-01-02 06:30:11.914	31051	21501	-82	-82	10
2016-01-02 07:02:54.795	31051	21501	-82	-83	10	-2.29	78.25	3.236
2016-01-02 07:43:41.527	31051	21501	-82	-83	10	-2.27	78.35	3.236
2016-01-02 08:09:20.647	31051	21501	-82	-83	10	-2.28	78.35	3.236
2016-01-02 08:59:06.783	31051	21501	-82	-84	10
2016-01-02 09:29:45.126	31051	21501	-82	-82	10	-1.98	78.39	3.236
2016-01-02 10:31:20.003	31051	21501	-82	-83	10
2016-01-02 11:29:38.438	31051	21501	-82	-82	10	-1.07	78.27	3.227
2016-01-02 11:59:54.146	31051	21501	-82	-84	10	-0.82	78.28	3.236
2016-01-02 12:39:21.247	31051	21501	-82	-82	10
2016-01-02 15:07:58.467	31051	21501	-82	-83	10
2016-01-02 20:30:37.782	31051	21501	-82	-85	10	-0.02	78.06	3.227
2016-01-03 03:32:27.035	31051	21501	-82	-84	10	0.15	78.26	3.219
2016-01-03 04:02:15.279	31051	21501	-85	-84	10
2016-01-03 04:58:01.283	31051	21501	-82	-84	10
2016-01-03 06:48:07.151	31051	21501	-82	-84	10	-0.57	78.14	3.219
2016-01-03 07:38:17.466	31051	21501	-82	-84	10	-0.24	78.2	3.219
2016-01-03 08:18:40.634	31051	21501	-82	-84	10	-0.13	78.17	3.219
2016-01-03 10:27:31.038	31051	21501	-82	-84	10	0.2	78.03	3.219
2016-01-03 11:08:42.11	31051	21501	-82	-84	10	0.35	78.02	3.211
2016-01-03 13:01:58.659	31051	21501	-82	-84	10	0.42	78.06	3.211
2016-01-03 14:32:32.663	31051	21501	-82	-84	10	0.71	78.0	3.211
2016-01-03 15:28:24.154	31051	21501	-82	-86	10	0.63	77.99	3.211
2016-01-03 16:20:34.302	31051	21501	-82	-84	10
2016-01-03 17:15:52.682	31051	21501	-82	-85	10
2016-01-03 18:19:05.982	31051	21501	-85	-84	10	0.01	77.99	3.211
2016-01-03 19:18:01.126	31051	21501	-82	-84	10	-0.23	78.06	3.211
2016-01-03 19:46:51.555	31051	21501	-82	-84	10	-0.38	78.05	3.211
2016-01-03 20:14:06.33	31051	21501	-82	-84	10	-0.48	78.07	3.202
2016-01-03 22:42:36.303	31051	21501	-85	-83	10	-1.03	78.14	3.202
2016-01-03 23:24:48.495	31051	21501	-82	-84	10
2016-01-04 00:47:52.222	31051	21501	-85	-84	10	-1.61	78.12	3.202
2016-01-04 00:57:02.507	31051	21501	-82	-85	10
2016-01-04 01:34:18.443	31051	21501	-82	-84	10
2016-01-04 02:29:14.959	31051	21501	-85	-86	10
2016-01-04 04:31:00.447	31051	21501	-85	-86	10	-2.82	78.3	3.194
2016-01-04 05:33:43.502	31051	21501	-82	-86	10
2016-01-04 07:05:56.031	31051	21501	-82	-84	10
2016-01-04 07:07:30.65	31051	21501	-82	-85	10	-3.27	78.47	3.186
2016-01-04 07:42:20.239	31051	21501	-79	-85	10	-3.34	78.48	3.186
2016-01-04 07:43:29.39	31051	21501	-82	-82	10
2016-01-04 09:59:11.134	31051	21501	-82	-82	10	-2.28	79.67	3.186
2016-01-04 10:10:28.758	31051	21501	-82	-82	10
2016-01-04 10:46:46.038	31051	21501	-82	-82	10	-0.77	78.66	3.186
2016-01-04 10:48:08.83	31051	21501	-82	-84	10
2016-01-04 13:41:31.414	31051	21501	-82	-82	10	1.03	75.18	3.186
2016-01-04 14:47:09.754	31051	21501	-82	-82	10
2016-01-04 15:40:07.158	31051	21501	-82	-86	10	0.11	74.3	3.186
2016-01-04 16:15:36.742	31051	21501	-82	-84	10	-1.5	75.8	3.186
2016-01-04 17:17:47.735	31051	21501	-82	-82	10	-4.07	76.48	3.186
2016-01-04 19:05:46.322	31051	21501	-82	-82	10	-6.82	77.53	3.178
2016-01-04 19:33:42.058	31051	21501	-82	-84	10	-7.31	77.74	3.178
2016-01-04 20:01:46.078	31051	21501	-82	-82	10
2016-01-04 20:04:58.742	31051	21501	-82	-82	10	-7.72	77.95	3.178
2016-01-04 21:34:35.77	31051	21501	-79	-83	10	-8.76	78.07	3.17
2016-01-04 22:05:16.77	31051	21501	-82	-83	10	-9.06	78.07	3.17
2016-01-04 22:28:15.326	31051	21501	-82	-83	10
2016-01-04 22:36:02.19	31051	21501	-82	-83	10	-9.3	78.1	3.17
2016-01-04 23:00:29.139	31051	21501	-82	-83	10	-9.5	78.1	3.17
2016-01-04 23:06:20.982	31051	21501	-82	-83	10
2016-01-04 23:40:22.982	31051	21501	-82	-83	10	-9.78	78.06	3.162
2016-01-05 00:00:28.859	31051	21501	-82	-83	10
2016-01-05 00:19:18.03	31051	21501	-82	-83	10	-10.06	77.95	3.162
2016-01-05 00:47:27.603	31051	21501	-82	-83	10	-10.34	77.69	3.162
2016-01-05 01:17:44.947	31051	21501	-82	-83	10	-10.52	77.38	3.162
2016-01-05 01:32:42.875	31051	21501	-82	-83	10
2016-01-05 01:47:14.626	31051	21501	-82	-83	10	-10.7	76.89	3.162
2016-01-05 02:10:27.11	31051	21501	-82	-83	10	-10.9	76.71	3.154
2016-01-05 02:10:55.563	31051	21501	-82	-83	10
2016-01-05 02:43:56.302	31051	21501	-82	-83	10	-11.16	76.49	3.154
2016-01-05 03:04:42.991	31051	21501	-82	-82	10	-11.3	76.41	3.154
2016-01-05 03:04:57.134	31051	21501	-82	-83	10
2016-01-05 03:29:39.374	31051	21501	-82	-83	10	-11.38	76.42	3.154
2016-01-05 04:11:50.61	31051	21501	-82	-82	10	-11.63	75.96	3.154
2016-01-05 04:37:10.906	31051	21501	-82	-83	10
2016-01-05 05:04:45.682	31051	21501	-82	-83	10	-12.02	75.6	3.154
2016-01-05 05:15:30.502	31051	21501	-82	-83	10
2016-01-05 05:40:05.138	31051	21501	-82	-83	10	-12.22	75.28	3.154
2016-01-05 06:09:25.007	31051	21501	-82	-83	10
2016-01-05 06:15:31.743	31051	21501	-82	-83	10	-12.45	75.05	3.146
2016-01-05 11:24:41.334	31051	21501	-79	-83	10
2016-01-05 11:33:41.802	31051	21501	-82	-83	10	-3.07	82.88	3.138
2016-01-05 12:16:53.118	31051	21501	-82	-83	10	0.83	79.12	3.138
2016-01-05 12:43:15.242	31051	21501	-82	-82	10	2.5	77.51	3.146
2016-01-05 13:50:35.458	31051	21501	-82	-83	10
2016-01-05 14:37:57.154	31051	21501	-88	-88	10	5.92	72.8	3.154
2016-01-05 16:49:49.867	31051	21501	-82	-87	10	0.42	75.83	3.162
2016-01-05 17:17:12.843	31051	21501	-85	-85	10	-0.99	76.77	3.162
2016-01-05 19:47:48.254	31051	21501	-82	-83	10	-4.85	78.69	3.154
2016-01-05 20:04:58.122	31051	21501	-82	-82	10	-5.07	78.78	3.154
2016-01-05 20:34:59.299	31051	21501	-82	-83	10	-5.39	78.73	3.146
2016-01-05 21:33:19.238	31051	21501	-82	-82	10	-5.86	78.92	3.138
2016-01-05 22:49:32.41	31051	21501	-82	-83	10	-6.57	79.07	3.138
2016-01-05 22:59:50.779	31051	21501	-82	-83	10	-6.68	79.07	3.138
2016-01-05 23:03:57.75	31051	21501	-82	-83	10
2016-01-05 23:30:14.662	31051	21501	-82	-83	10	-6.88	79.0	3.138
2016-01-05 23:42:59.794	31051	21501	-82	-82	10
2016-01-06 00:12:14.351	31051	21501	-82	-82	10	-7.18	78.9	3.13
2016-01-06 00:36:11.554	31051	21501	-82	-82	10
2016-01-06 00:49:46.734	31051	21501	-82	-82	10	-7.42	78.9	3.13
2016-01-06 01:17:52.807	31051	21501	-82	-82	10	-7.57	78.81	3.123
2016-01-06 01:38:38.819	31051	21501	-82	-83	10	-7.66	78.86	3.13
2016-01-06 02:08:27.894	31051	21501	-82	-82	10
2016-01-06 02:18:15.739	31051	21501	-82	-83	10	-7.86	78.79	3.123
2016-01-06 02:28:33.138	31051	21501	-82	-82	10	-7.86	78.75	3.123
2016-01-06 02:47:36.81	31051	21501	-82	-83	10
2016-01-06 03:14:05.734	31051	21501	-82	-82	10	-8.12	78.64	3.123
2016-01-06 05:18:58.634	31051	21501	-79	-83	10	-8.9	78.35	3.107
2016-01-06 06:29:03.458	31051	21501	-79	-83	10	-9.22	78.17	3.077
2016-01-06 07:18:05.091	31051	21501	-79	-82	10	-9.64	78.14	3.054
