result_time	node_id	parent_id	stats_frssi	stats_brssi	etx	temperature	humidity	voltage
2015-07-11 20:11:16.338	10501	11101	-94	-97	18	24.66	85.04	3.621
2015-07-11 20:47:28.562	10501	11101	-94	-97	17	23.7	84.31	3.621
2015-07-11 21:08:59.783	10501	11101	-94	-97	16	23.09	84.12	3.621
2015-07-11 21:45:31.122	10501	11101	-94	-97	14
2015-07-11 22:46:40.402	10501	11101	-94	-97	12	21.1	84.58	3.621
2015-07-12 00:36:22.33	10501	11101	-94	-97	10
2015-07-12 00:54:48.938	10501	11101	-94	-97	10	19.31	85.21	3.61
2015-07-12 01:07:20.89	10501	11101	-94	-97	10	19.14	85.17	3.621
2015-07-12 01:12:56.758	10501	11101	-94	-97	10
2015-07-12 01:35:56.518	10501	11101	-94	-97	10	18.79	85.14	3.61
2015-07-12 03:27:13.798	10501	11101	-94	-97	28
2015-07-12 03:35:53.199	10501	11101	-94	-97	26	17.7	85.71	3.621
2015-07-12 04:07:49.551	10501	11101	-94	-97	24	17.5	85.91	3.61
2015-07-12 05:12:04.659	10501	11101	-94	-94	20	17.28	86.14	3.61
2015-07-12 05:50:18.587	10501	11101	-94	-97	14
2015-07-12 05:53:02.535	10501	11101	-94	-97	13	17.14	86.35	3.61
2015-07-12 06:15:49.983	10501	11101	-94	-97	10	17.11	86.42	3.61
2015-07-12 06:18:05.163	10501	11101	-94	-97	10
2015-07-12 06:50:48.371	10501	11101	-94	-97	10	17.21	86.73	3.61
2015-07-12 07:22:34.883	10501	11101	-94	-97	10	17.33	87.12	3.61
2015-07-12 07:22:45.843	10501	11101	-94	-97	10
2015-07-12 07:42:20.659	10501	11101	-94	-97	10	17.57	87.34	3.61
2015-07-12 09:08:57.347	10501	11101	-94	-94	10
2015-07-12 09:28:08.315	10501	11101	-94	-97	10	19.21	88.83	3.61
2015-07-12 12:19:38.743	10501	11101	-94	-97	10	24.49	90.5	3.61
2015-07-12 13:19:24.727	10501	11101	-94	-97	10	25.13	89.18	3.61
2015-07-12 17:41:30.526	10501	11101	-94	-94	14
2015-07-12 18:10:01.699	10501	11101	-94	-97	13
2015-07-12 18:53:18.075	10501	11101	-94	-97	13	22.15	86.04	3.61
2015-07-13 04:09:31.55	10501	11101	-94	-94	19	19.54	86.53	3.61
2015-07-13 04:57:11.455	10501	11101	-94	-97	23
2015-07-13 06:11:53.299	10501	11101	-94	-97	15	19.25	86.56	3.598
2015-07-13 06:29:38.955	10501	11101	-94	-97	25
2015-07-13 13:15:20.291	10501	11101	-94	-94	18	26.71	90.72	3.61
2015-07-13 13:43:50.122	10501	11101	-94	-97	17	27.1	89.67	3.61
2015-07-13 14:11:57.21	10501	11101	-94	-97	15
2015-07-13 15:44:24.27	10501	11101	-94	-97	12
2015-07-13 15:57:17.928	10501	11101	-94	-97	12	27.24	86.43	3.61
2015-07-13 16:28:21.038	10501	11101	-94	-97	10
2015-07-13 16:48:08.46	10501	11101	-94	-97	10	27.19	86.85	3.61
2015-07-13 17:06:57.77	10501	11101	-94	-97	10	26.86	85.71	3.61
2015-07-13 17:55:47.806	10501	11101	-94	-97	10	26.49	86.87	3.61
2015-07-13 18:40:46.983	10501	11101	-91	-97	10	26.49	86.79	3.61
2015-07-13 19:19:12.09	10501	11101	-94	-97	10
2015-07-13 19:51:45.202	10501	11101	-94	-97	10	25.22	85.49	3.61
2015-07-13 20:24:41.398	10501	11101	-94	-97	10	24.82	85.5	3.61
2015-07-13 20:40:57.702	10501	11101	-94	-94	10	24.63	85.58	3.61
2015-07-13 21:21:56.331	10501	11101	-94	-97	10	24.13	85.49	3.61
2015-07-13 21:54:14.307	10501	11101	-94	-97	10
2015-07-13 22:10:03.563	10501	11101	-94	-97	10
2015-07-13 22:53:54.686	10501	11101	-94	-97	10	23.07	85.43	3.61
2015-07-13 23:26:41.975	10501	11101	-94	-97	10
2015-07-13 23:28:17.084	10501	11101	-94	-97	10	22.63	85.38	3.61
2015-07-14 00:59:09.971	10501	11101	-94	-97	10
2015-07-14 01:00:55.871	10501	11101	-94	-97	10
2015-07-14 01:16:17.191	10501	11101	-94	-94	10	21.83	86.09	3.61
2015-07-14 02:14:33.522	10501	11101	-94	-97	10	21.72	86.26	3.61
2015-07-14 02:31:36.651	10501	11101	-94	-97	10
2015-07-14 02:40:32.583	10501	11101	-94	-97	10	21.58	86.13	3.61
2015-07-14 04:04:04.419	10501	11101	-94	-97	10
2015-07-14 04:47:32.351	10501	11101	-94	-97	10	21.1	86.21	3.598
2015-07-14 07:56:26.326	10501	11101	-94	-97	10	20.75	86.62	3.598
2015-07-14 08:06:20.091	10501	11101	-94	-97	10	20.74	86.72	3.61
2015-07-14 08:39:28.011	10501	11101	-94	-97	10	21.06	87.2	3.587
2015-07-14 08:41:34.711	10501	11101	-94	-97	10
2015-07-14 16:23:48.799	10501	11101	-94	-94	19
2015-07-14 17:12:30.51	10501	11101	-94	-94	17	26.15	85.09	3.61
2015-07-14 17:56:21.295	10501	11101	-94	-97	14
2015-07-14 19:28:41.079	10501	11101	-94	-97	13
2015-07-14 19:44:34.803	10501	11101	-94	-97	15	22.36	83.17	3.61
2015-07-14 20:47:33.11	10501	11101	-94	-97	10	21.47	84.41	3.598
2015-07-14 21:01:06.751	10501	11101	-94	-97	10
2015-07-14 21:08:51.867	10501	11101	-94	-97	10	21.22	84.63	3.61
2015-07-14 22:08:50.659	10501	11101	-94	-97	10	20.79	85.4	3.598
2015-07-14 22:33:35.147	10501	11101	-94	-97	10
2015-07-15 00:06:01.95	10501	11101	-94	-97	10
2015-07-15 00:44:47.975	10501	11101	-94	-97	10	20.49	86.27	3.598
2015-07-15 04:17:12.218	10501	11101	-94	-97	19	20.43	86.74	3.598
2015-07-15 05:21:37.063	10501	11101	-94	-97	16	20.46	86.84	3.587
2015-07-15 05:29:37.039	10501	11101	-94	-97	16
2015-07-15 06:38:00.174	10501	11101	-94	-94	13	20.49	87.0	3.598
2015-07-15 07:36:20.058	10501	11101	-94	-97	11	20.61	87.17	3.598
2015-07-15 07:48:24.09	10501	11101	-94	-97	11
2015-07-15 08:20:50.074	10501	11101	-94	-97	12	20.7	87.29	3.598
2015-07-15 19:11:01.174	10501	11101	-94	-94	18	24.8	87.08	3.598
2015-07-15 20:08:10.674	10501	11101	-94	-97	16
2015-07-15 20:49:30.826	10501	11101	-94	-94	13	22.49	84.79	3.598
2015-07-15 21:50:19.018	10501	11101	-94	-97	11	20.92	84.51	3.598
2015-07-15 22:26:46.067	10501	11101	-94	-97	10	20.06	84.49	3.587
2015-07-15 22:34:41.938	10501	11101	-94	-97	10
2015-07-15 22:47:48.026	10501	11101	-94	-97	10	19.53	84.47	3.598
2015-07-15 23:12:54.791	10501	11101	-94	-97	10
2015-07-16 00:23:18.994	10501	11101	-94	-97	10	17.4	84.69	3.598
2015-07-16 00:45:26.815	10501	11101	-94	-97	10
2015-07-16 00:48:56.762	10501	11101	-94	-97	10	16.97	84.72	3.587
2015-07-16 01:10:09.383	10501	11101	-94	-97	10	16.63	84.76	3.587
2015-07-16 01:25:26.274	10501	11101	-94	-97	10
2015-07-16 01:48:04.318	10501	11101	-94	-97	10	16.02	85.05	3.587
2015-07-16 02:16:13.974	10501	11101	-94	-97	13	15.65	85.19	3.587
2015-07-16 02:17:53.006	10501	11101	-94	-97	12
2015-07-16 02:53:31.467	10501	11101	-94	-97	10	15.18	85.36	3.587
2015-07-16 03:18:44.726	10501	11101	-94	-97	10	14.89	85.44	3.587
2015-07-16 03:46:03.478	10501	11101	-94	-97	10	14.64	85.67	3.587
2015-07-16 03:50:16.61	10501	11101	-94	-97	10
2015-07-16 04:16:17.53	10501	11101	-94	-97	10
2015-07-16 04:25:46.002	10501	11101	-94	-97	10	14.28	85.82	3.587
2015-07-16 04:40:41.002	10501	11101	-94	-97	10	14.22	85.85	3.598
2015-07-16 05:45:05.147	10501	11101	-94	-94	10	13.58	86.03	3.587
2015-07-16 06:11:43.155	10501	11101	-94	-97	10	13.49	86.22	3.587
2015-07-16 07:07:10.011	10501	11101	-94	-97	10
2015-07-16 07:11:03.514	10501	11101	-94	-94	10	13.22	86.51	3.587
2015-07-16 07:43:35.055	10501	11101	-94	-97	10	13.32	87.03	3.587
2015-07-16 08:11:02.014	10501	11101	-94	-94	10	13.89	87.68	3.587
2015-07-16 08:27:39.607	10501	11101	-94	-97	10
2015-07-16 10:00:07.238	10501	11101	-94	-97	10
2015-07-16 10:20:22.795	10501	11101	-94	-97	10	16.93	89.93	3.575
2015-07-16 11:51:15.89	10501	11101	-94	-97	10	19.92	90.89	3.575
2015-07-16 12:08:00.894	10501	11101	-94	-94	10	20.38	90.81	3.587
2015-07-16 12:48:52.27	10501	11101	-94	-94	10
2015-07-16 12:53:56.331	10501	11101	-94	-97	10	22.1	91.38	3.575
2015-07-16 13:05:02.483	10501	11101	-94	-97	10
2015-07-16 13:16:23.303	10501	11101	-94	-97	10	23.52	92.51	3.587
2015-07-16 13:52:09.082	10501	11101	-94	-97	10	24.35	90.66	3.587
2015-07-16 14:18:25.467	10501	11101	-94	-97	10	24.94	90.32	3.587
2015-07-16 15:17:46.738	10501	11101	-94	-94	10	25.96	89.76	3.587
2015-07-16 16:10:08.923	10501	11101	-94	-97	10
2015-07-16 17:42:25.35	10501	11101	-94	-97	10
2015-07-16 17:49:32.97	10501	11101	-94	-97	10	26.76	87.55	3.587
2015-07-16 18:18:47.602	10501	11101	-94	-97	10	26.02	86.53	3.587
2015-07-16 19:12:51.25	10501	11101	-94	-94	10	25.18	86.39	3.587
2015-07-16 19:43:18.455	10501	11101	-94	-97	10	24.6	85.9	3.587
2015-07-16 20:11:35.894	10501	11101	-94	-97	10	23.79	85.19	3.587
2015-07-16 20:45:42.143	10501	11101	-94	-97	10	22.86	84.4	3.575
2015-07-16 20:47:20.13	10501	11101	-94	-97	10
2015-07-16 21:24:54.322	10501	11101	-94	-97	10	21.7	83.78	3.587
2015-07-16 22:06:02.271	10501	11101	-94	-94	10	20.47	83.74	3.587
2015-07-16 22:19:47.038	10501	11101	-94	-97	10
2015-07-16 23:26:56.31	10501	11101	-94	-97	10	18.89	84.52	3.587
2015-07-16 23:52:14.682	10501	11101	-94	-97	10
2015-07-17 00:12:16.502	10501	11101	-94	-94	10
2015-07-17 00:56:19.794	10501	11101	-94	-97	10	17.92	85.59	3.587
2015-07-17 01:24:41.751	10501	11101	-94	-97	10
2015-07-17 02:17:37.974	10501	11101	-94	-97	10	17.72	86.35	3.587
2015-07-17 02:47:09.85	10501	11101	-94	-97	10	17.65	86.33	3.587
2015-07-17 02:57:09.602	10501	11101	-94	-97	10
2015-07-17 03:03:08.187	10501	11101	-94	-97	10
2015-07-17 03:13:13.899	10501	11101	-94	-97	10	17.61	86.34	3.587
2015-07-17 03:49:03.755	10501	11101	-94	-97	10	17.42	86.22	3.575
2015-07-17 04:06:51.995	10501	11101	-94	-97	10	17.27	86.0	3.587
2015-07-17 04:29:37.23	10501	11101	-94	-97	10
2015-07-17 04:57:07.966	10501	11101	-94	-97	10	16.86	85.8	3.575
2015-07-17 05:21:54.091	10501	11101	-94	-97	10	16.64	85.8	3.587
2015-07-17 05:43:38.607	10501	11101	-94	-97	10	16.49	85.84	3.587
2015-07-17 05:53:59.439	10501	11101	-94	-97	10
2015-07-17 06:02:04.446	10501	11101	-94	-97	10
2015-07-17 06:13:44.242	10501	11101	-94	-97	10	16.29	85.91	3.575
2015-07-17 06:48:33.174	10501	11101	-94	-97	10	16.24	86.38	3.575
2015-07-17 07:17:42.534	10501	11101	-94	-97	10	16.46	87.0	3.575
2015-07-17 07:34:32.355	10501	11101	-94	-97	10
2015-07-17 07:47:46.774	10501	11101	-94	-97	10	16.82	87.61	3.575
2015-07-17 08:25:09.666	10501	11101	-94	-97	10	17.75	88.64	3.575
2015-07-17 08:44:50.874	10501	11101	-94	-97	10
2015-07-17 08:47:17.198	10501	11101	-94	-97	10	18.14	88.92	3.575
2015-07-17 09:07:11.123	10501	11101	-94	-97	10
2015-07-17 09:18:49.842	10501	11101	-94	-97	10	18.83	89.02	3.575
2015-07-17 09:43:23.466	10501	11101	-94	-97	10	19.47	89.56	3.575
2015-07-17 10:39:27.394	10501	11101	-94	-94	10
2015-07-17 10:51:31.238	10501	11101	-94	-97	10	21.83	90.2	3.575
2015-07-17 11:16:15.899	10501	11101	-94	-97	10	22.6	90.3	3.575
2015-07-17 12:11:55.358	10501	11101	-94	-97	10
2015-07-17 12:39:45.766	10501	11101	-94	-97	14	25.69	91.27	3.587
2015-07-17 13:40:40.854	10501	11101	-94	-97	11	25.77	88.22	3.587
2015-07-17 13:44:22.338	10501	11101	-94	-94	10
2015-07-17 15:08:45.338	10501	11101	-94	-97	10	26.4	87.92	3.587
2015-07-17 17:12:07.047	10501	11101	-94	-97	10	27.32	88.04	3.587
2015-07-17 17:48:29.118	10501	11101	-94	-97	10	27.29	87.7	3.587
2015-07-17 18:21:45.01	10501	11101	-94	-94	10
2015-07-17 18:26:15.79	10501	11101	-94	-97	10	27.74	88.24	3.598
2015-07-17 20:08:16.479	10501	11101	-94	-97	10
2015-07-17 21:50:06.651	10501	11101	-94	-94	10	26.04	86.11	3.587
2015-07-17 22:59:09.207	10501	11101	-94	-97	10
2015-07-18 00:56:50.798	10501	11101	-94	-97	10	25.13	86.4	3.587
2015-07-18 01:49:58.655	10501	11101	-94	-97	10
2015-07-18 02:04:11.263	10501	11101	-94	-97	10
2015-07-18 02:15:25.791	10501	11101	-94	-97	10	24.88	86.62	3.587
2015-07-18 04:39:03.734	10501	11101	-94	-97	10	24.47	86.42	3.587
2015-07-18 05:08:58.223	10501	11101	-94	-94	10
2015-07-18 07:31:41.071	10501	11101	-94	-94	11
2015-07-18 07:45:38.671	10501	11101	-94	-97	14	24.0	87.16	3.587
2015-07-18 08:13:57.159	10501	11101	-94	-97	11
2015-07-18 09:54:37.523	10501	11101	-94	-97	17	25.69	88.57	3.575
2015-07-18 14:39:22.506	10501	11101	-94	-97	20	31.08	88.1	3.598
2015-07-18 19:27:53.963	10501	11101	-94	-97	10	29.91	84.8	3.598
2015-07-18 20:33:32.423	10501	11101	-94	-94	10
2015-07-18 21:12:36.902	10501	11101	-94	-97	10	27.3	83.83	3.587
2015-07-18 21:39:56.091	10501	11101	-94	-97	10	26.74	83.89	3.587
2015-07-18 21:45:57.834	10501	11101	-94	-97	10
2015-07-18 22:38:04.655	10501	11101	-94	-97	10	25.76	84.31	3.598
2015-07-18 23:21:32.53	10501	11101	-94	-97	10	25.36	84.89	3.587
2015-07-18 23:52:01.695	10501	11101	-94	-94	10	25.22	85.31	3.587
2015-07-19 01:10:55.118	10501	11101	-94	-97	10
2015-07-19 02:43:22.547	10501	11101	-94	-97	10
2015-07-19 02:56:50.143	10501	11101	-94	-97	10	24.21	85.59	3.587
2015-07-19 03:25:53.695	10501	11101	-94	-97	10	24.11	85.66	3.587
2015-07-19 03:27:40.126	10501	11101	-94	-97	10
2015-07-19 04:15:35.458	10501	11101	-94	-97	10	23.94	85.6	3.575
2015-07-19 04:50:17.703	10501	11101	-94	-97	10	23.77	85.71	3.575
2015-07-19 05:21:51.56	10501	11101	-94	-97	10	23.82	85.85	3.575
2015-07-19 05:48:17.042	10501	11101	-94	-97	10
2015-07-19 05:54:11.291	10501	11101	-94	-97	10	23.67	85.76	3.575
2015-07-19 06:18:31.334	10501	11101	-94	-97	10
2015-07-19 06:20:30.327	10501	11101	-94	-97	10	23.47	85.69	3.575
2015-07-19 06:42:04.776	10501	11101	-94	-97	10	23.43	85.78	3.575
2015-07-19 07:15:59.643	10501	11101	-94	-97	10	23.44	86.04	3.575
2015-07-19 07:20:45.314	10501	11101	-94	-97	28
2015-07-19 08:07:33.358	10501	11101	-94	-94	23	23.9	86.76	3.575
2015-07-19 10:23:29.67	10501	11101	-94	-94	18	25.93	87.98	3.575
2015-07-19 10:40:05.002	10501	11101	-94	-97	19	26.19	88.1	3.575
2015-07-19 12:53:05.599	10501	11101	-94	-94	28	29.47	88.57	3.575
2015-07-19 15:03:04.69	10501	11101	-94	-97	18
2015-07-19 15:09:45.734	10501	11101	-94	-97	15	31.38	87.43	3.587
2015-07-19 15:42:17.195	10501	11101	-94	-97	12	31.66	87.34	3.587
2015-07-19 17:37:56.355	10501	11101	-94	-97	22	30.88	85.36	3.587
2015-07-19 18:06:53.986	10501	11101	-94	-97	17	30.69	85.39	3.587
2015-07-19 18:07:59.154	10501	11101	-94	-97	17
2015-07-20 09:32:32.596	10501	11101	-94	-97	25
2015-07-20 09:56:52.675	10501	11101	-94	-97	26	23.34	86.91	3.564
2015-07-20 10:06:37.942	10501	11101	-94	-97	18	23.52	87.05	3.575
2015-07-20 14:44:19.974	10501	11101	-94	-94	19	30.19	87.24	3.575
2015-07-20 16:19:39.051	10501	11101	-94	-97	23	30.49	85.94	3.575
2015-07-20 17:14:50.187	10501	11101	-94	-97	20
2015-07-21 13:27:07.039	10501	11101	-94	-97	10	28.04	88.55	3.553
2015-07-21 13:27:14.078	10501	11101	-94	-97	10	28.04	88.55	3.553
2015-07-21 13:50:00.531	10501	11101	-94	-94	13	27.94	87.0	3.564
2015-07-21 14:49:14.958	10501	11101	-94	-97	10
2015-07-21 14:53:39.951	10501	11101	-94	-97	11	25.69	83.58	3.542
2015-07-21 15:12:54.619	10501	11101	-94	-97	10	25.02	83.28	3.553
2015-07-21 15:15:36.806	10501	11101	-94	-97	11
2015-07-21 15:48:50.046	10501	11101	-94	-97	10	24.04	83.52	3.553
2015-07-21 16:14:09.799	10501	11101	-94	-97	10	24.01	84.79	3.553
2015-07-21 16:21:43.994	10501	11101	-94	-97	10
2015-07-21 16:44:44.999	10501	11101	-94	-97	11	24.74	86.81	3.553
2015-07-21 17:18:39.298	10501	11101	-94	-97	12	25.22	87.25	3.553
2015-07-21 17:44:10.782	10501	11101	-94	-97	10	25.11	86.77	3.553
2015-07-21 17:54:09.606	10501	11101	-94	-97	10
2015-07-21 18:06:28.154	10501	11101	-94	-97	11
2015-07-21 18:22:32.987	10501	11101	-94	-97	11	25.32	87.14	3.553
2015-07-21 18:51:55.162	10501	11101	-94	-97	16	25.26	86.53	3.553
2015-07-21 19:11:09.654	10501	11101	-94	-97	10	25.13	86.25	3.553
2015-07-21 19:26:37.331	10501	11101	-94	-97	10
2015-07-21 19:42:23.523	10501	11101	-94	-97	10	24.72	85.75	3.553
2015-07-21 20:57:21.826	10501	11101	-94	-97	16
2015-07-21 20:59:05.198	10501	11101	-94	-97	15
2015-07-21 21:25:31.694	10501	11101	-94	-97	10	22.1	83.34	3.542
2015-07-21 21:44:32.443	10501	11101	-94	-97	10	21.56	83.12	3.542
2015-07-21 22:21:42.239	10501	11101	-94	-97	10	20.47	83.03	3.542
2015-07-21 22:31:32.05	10501	11101	-94	-97	10
2015-07-21 22:39:48.222	10501	11101	-94	-97	10	20.03	83.21	3.553
2015-07-21 23:07:29.307	10501	11101	-94	-97	10	19.43	83.58	3.542
2015-07-21 23:41:26.371	10501	11101	-94	-97	10	18.67	83.33	3.542
2015-07-21 23:48:10.387	10501	11101	-94	-97	10
2015-07-22 00:04:00.634	10501	11101	-94	-97	10
2015-07-22 00:16:45.607	10501	11101	-94	-94	10	17.96	83.42	3.542
2015-07-22 00:38:09.859	10501	11101	-94	-97	10	17.61	83.69	3.542
2015-07-22 01:13:36.239	10501	11101	-94	-97	10	17.04	83.9	3.542
2015-07-22 01:36:27.486	10501	11101	-94	-97	10
2015-07-22 01:48:31.275	10501	11101	-94	-97	10	16.64	84.22	3.542
2015-07-22 02:23:42.042	10501	11101	-94	-97	10	16.2	84.32	3.542
2015-07-22 02:39:01.75	10501	11101	-94	-97	10
2015-07-22 02:47:48.19	10501	11101	-94	-97	10	15.97	84.46	3.542
2015-07-22 03:08:55.026	10501	11101	-94	-97	10
2015-07-22 03:23:02.538	10501	11101	-94	-97	10	15.63	84.67	3.531
2015-07-22 03:49:11.302	10501	11101	-94	-97	10	15.4	84.81	3.542
2015-07-22 04:06:31.611	10501	11101	-94	-97	10	15.32	84.82	3.542
2015-07-22 04:39:07.166	10501	11101	-94	-97	10	15.08	85.0	3.531
2015-07-22 04:41:24.69	10501	11101	-94	-97	10
2015-07-22 05:07:22.442	10501	11101	-94	-97	10	15.04	85.26	3.531
2015-07-22 05:29:53.702	10501	11101	-94	-97	10
2015-07-22 05:43:10.119	10501	11101	-94	-97	10	14.86	85.38	3.531
2015-07-22 06:13:49.647	10501	11101	-94	-97	10
2015-07-22 06:17:10.07	10501	11101	-94	-97	10	14.79	85.61	3.531
2015-07-22 06:54:48.683	10501	11101	-94	-97	10	14.72	85.73	3.531
2015-07-22 07:07:52.255	10501	11101	-94	-97	10	14.81	85.97	3.542
2015-07-22 07:38:07.886	10501	11101	-94	-94	10	15.06	86.41	3.531
2015-07-22 07:46:17.979	10501	11101	-94	-97	10
2015-07-22 08:20:44.903	10501	11101	-94	-97	12
2015-07-22 08:25:35.126	10501	11101	-94	-97	10	15.99	87.6	3.531
2015-07-22 08:50:27.794	10501	11101	-94	-97	13	16.57	88.14	3.52
2015-07-22 09:18:45.144	10501	11101	-94	-97	11
2015-07-22 09:26:22.771	10501	11101	-94	-97	10	17.49	88.74	3.531
2015-07-22 09:42:28.955	10501	11101	-94	-97	10	17.92	89.01	3.531
2015-07-22 10:06:36.806	10501	11101	-94	-97	10	18.65	89.19	3.531
2015-07-22 10:51:13.047	10501	11101	-94	-97	12
2015-07-22 10:56:22.087	10501	11101	-94	-97	10	20.07	89.44	3.52
2015-07-22 11:09:18.955	10501	11101	-94	-97	11	20.45	89.44	3.531
2015-07-22 11:11:38.115	10501	11101	-94	-97	11
2015-07-22 11:37:25.306	10501	11101	-94	-97	11	21.38	89.67	3.531
2015-07-22 12:14:45.739	10501	11101	-94	-97	15	22.58	89.55	3.531
2015-07-22 13:56:09.719	10501	11101	-94	-97	27
2015-07-22 14:02:31.315	10501	11101	-94	-97	24
2015-07-22 14:23:02.539	10501	11101	-94	-97	20	24.58	87.62	3.531
2015-07-22 14:37:56.771	10501	11101	-94	-97	22	24.57	87.89	3.531
2015-07-22 15:26:18.687	10501	11101	-94	-97	17	25.1	87.64	3.531
2015-07-22 15:28:34.638	10501	11101	-94	-97	23
2015-07-22 15:50:18.299	10501	11101	-94	-97	17	25.04	87.53	3.531
2015-07-22 16:12:03.406	10501	11101	-94	-97	11	24.88	86.62	3.531
2015-07-22 16:38:52.258	10501	11101	-94	-97	17	24.9	86.5	3.531
2015-07-22 16:53:18.583	10501	11101	-94	-97	11
2015-07-22 17:01:11.327	10501	11101	-94	-97	11
2015-07-22 17:06:41.366	10501	11101	-94	-97	12	25.08	87.39	3.531
2015-07-22 17:39:36.618	10501	11101	-94	-97	12	25.3	87.61	3.531
2015-07-22 18:19:16.835	10501	11101	-94	-97	15	24.77	86.29	3.531
2015-07-22 18:33:41.198	10501	11101	-94	-94	16
2015-07-22 18:55:54.33	10501	11101	-94	-97	16	24.29	85.36	3.52
2015-07-22 19:08:55.019	10501	11101	-94	-94	21	24.2	85.58	3.531
2015-07-22 19:44:09.991	10501	11101	-94	-97	27
2015-07-22 19:53:17.711	10501	11101	-94	-97	25	23.29	84.52	3.531
2015-07-22 20:05:57.223	10501	11101	-94	-97	23
2015-07-22 21:08:03.859	10501	11101	-94	-97	10	21.46	83.76	3.531
2015-07-22 21:38:25.319	10501	11101	-94	-97	10
2015-07-22 21:50:44.127	10501	11101	-94	-97	10	20.56	83.88	3.531
2015-07-22 22:24:46.087	10501	11101	-94	-97	10	19.89	84.0	3.531
2015-07-22 22:35:00.943	10501	11101	-94	-97	10
2015-07-22 22:36:34.51	10501	11101	-94	-97	10	19.72	84.11	3.531
2015-07-22 23:10:52.443	10501	11101	-94	-97	10
2015-07-22 23:21:58.73	10501	11101	-94	-97	10	18.89	84.08	3.531
2015-07-22 23:46:08.002	10501	11101	-94	-97	10	18.49	84.11	3.531
2015-07-23 00:08:17.098	10501	11101	-94	-97	10	18.14	84.13	3.531
2015-07-23 00:43:19.647	10501	11101	-94	-97	10
2015-07-23 00:56:12.858	10501	11101	-94	-97	10	17.54	84.6	3.52
2015-07-23 01:15:44.127	10501	11101	-94	-97	10	17.33	84.7	3.531
2015-07-23 01:25:51.987	10501	11101	-94	-97	10
2015-07-23 01:37:17.298	10501	11101	-94	-97	10	17.18	84.86	3.531
2015-07-23 02:06:40.646	10501	11101	-94	-97	10	16.93	85.07	3.531
2015-07-23 02:15:47.627	10501	11101	-94	-97	10
2015-07-23 02:36:10.918	10501	11101	-94	-97	10	16.86	85.37	3.52
2015-07-23 03:27:47.866	10501	11101	-94	-97	10	16.52	85.29	3.52
2015-07-23 03:48:15.09	10501	11101	-94	-97	10
2015-07-23 03:51:47.718	10501	11101	-94	-97	10	16.32	85.05	3.531
2015-07-23 04:16:43.85	10501	11101	-94	-97	10
2015-07-23 04:26:31.21	10501	11101	-94	-97	10	15.96	84.97	3.52
2015-07-23 04:53:36.87	10501	11101	-94	-97	10	15.74	85.06	3.52
2015-07-23 05:20:43.191	10501	11101	-94	-97	10
2015-07-23 05:26:31.186	10501	11101	-94	-97	10	15.54	85.26	3.52
2015-07-23 05:56:35.578	10501	11101	-94	-97	10	15.42	85.39	3.52
2015-07-23 06:12:39.95	10501	11101	-94	-97	10	15.39	85.48	3.531
2015-07-23 06:42:43.006	10501	11101	-94	-97	10	15.32	85.73	3.52
2015-07-23 06:53:10.199	10501	11101	-94	-97	10
2015-07-23 07:07:34.927	10501	11101	-94	-94	10
2015-07-23 07:23:05.983	10501	11101	-94	-97	10	15.57	86.29	3.509
2015-07-23 07:48:53.586	10501	11101	-94	-97	10	15.68	86.53	3.52
2015-07-23 08:25:04.814	10501	11101	-94	-97	10	16.43	87.75	3.509
2015-07-23 08:25:37.622	10501	11101	-94	-97	10
2015-07-23 08:54:48.174	10501	11101	-94	-97	10	17.17	88.36	3.509
2015-07-23 09:12:38.798	10501	11101	-94	-97	10	17.65	88.64	3.52
2015-07-23 09:47:18.291	10501	11101	-94	-97	10	18.64	89.07	3.509
2015-07-23 09:58:04.943	10501	11101	-94	-97	10
2015-07-23 09:58:25.871	10501	11101	-94	-97	10
2015-07-23 10:07:33.087	10501	11101	-94	-97	10	19.18	89.27	3.509
2015-07-23 10:36:25.587	10501	11101	-94	-97	10	20.11	89.5	3.509
2015-07-23 11:21:20.255	10501	11101	-94	-97	10	21.44	89.68	3.509
2015-07-23 11:30:32.258	10501	11101	-94	-97	10
2015-07-23 11:55:17.635	10501	11101	-94	-97	15	22.38	88.95	3.509
2015-07-23 12:19:37.206	10501	11101	-94	-97	10	22.9	89.13	3.52
2015-07-23 12:49:26.93	10501	11101	-94	-97	10
2015-07-23 12:54:45.959	10501	11101	-94	-97	10	24.34	90.34	3.52
2015-07-23 13:42:38.967	10501	11101	-94	-97	18	26.33	89.76	3.52
2015-07-23 14:10:04.555	10501	11101	-94	-97	11	26.69	88.01	3.52
2015-07-23 14:35:27.667	10501	11101	-94	-97	10
2015-07-23 14:43:03.683	10501	11101	-94	-97	11	27.18	87.93	3.531
2015-07-23 15:51:18.923	10501	11101	-94	-97	21	27.96	88.26	3.531
2015-07-23 16:07:55.567	10501	11101	-94	-97	14
2015-07-23 22:15:19.823	10501	11101	-94	-94	27	21.4	82.68	3.531
2015-07-23 22:47:33.632	10501	11101	-94	-94	10	20.72	82.86	3.531
2015-07-23 23:16:54.007	10501	11101	-94	-97	10	20.11	82.8	3.52
2015-07-23 23:43:31.114	10501	11101	-94	-97	10	19.47	82.78	3.52
2015-07-23 23:50:13.046	10501	11101	-94	-97	10
2015-07-24 00:12:42.922	10501	11101	-94	-97	10
2015-07-24 00:19:37.955	10501	11101	-94	-97	10	18.81	82.96	3.52
2015-07-24 00:38:09.894	10501	11101	-94	-97	10	18.47	83.09	3.531
2015-07-24 01:21:08.406	10501	11101	-94	-97	10	17.75	83.12	3.52
2015-07-24 01:22:40.927	10501	11101	-94	-97	10
2015-07-24 01:47:20.522	10501	11101	-94	-97	10	17.22	83.03	3.52
2015-07-24 02:07:17.142	10501	11101	-94	-97	10	16.86	83.07	3.52
2015-07-24 02:55:07.291	10501	11101	-94	-97	10
2015-07-24 02:57:31.226	10501	11101	-94	-97	10	16.07	83.29	3.509
2015-07-24 03:03:34.146	10501	11101	-94	-97	10
2015-07-24 03:09:17.202	10501	11101	-94	-97	10	15.97	83.31	3.531
2015-07-24 03:42:52.803	10501	11101	-94	-97	10	15.52	83.45	3.509
2015-07-24 04:14:27.234	10501	11101	-94	-97	10	15.15	83.62	3.509
2015-07-24 04:27:34.934	10501	11101	-94	-97	10
2015-07-24 04:47:05.055	10501	11101	-94	-97	10	14.89	83.99	3.509
2015-07-24 05:22:02.466	10501	11101	-94	-97	10	14.65	84.08	3.509
2015-07-24 05:41:21.931	10501	11101	-94	-97	10	14.54	84.15	3.52
2015-07-24 05:54:24.986	10501	11101	-94	-97	10
2015-07-24 06:00:02.45	10501	11101	-94	-97	10
2015-07-24 06:09:06.351	10501	11101	-94	-97	10	14.31	84.17	3.509
2015-07-24 06:57:23.363	10501	11101	-94	-97	10	14.14	84.64	3.498
2015-07-24 07:19:11.083	10501	11101	-94	-97	10	14.22	85.02	3.509
2015-07-24 07:32:30.278	10501	11101	-94	-97	10
2015-07-24 07:45:26.31	10501	11101	-94	-97	10	14.52	85.59	3.509
2015-07-24 08:09:31.595	10501	11101	-94	-97	10	14.92	86.28	3.509
2015-07-24 08:39:24.227	10501	11101	-94	-97	10	15.67	87.36	3.509
2015-07-24 08:45:16.542	10501	11101	-94	-97	10
2015-07-24 09:04:57.495	10501	11101	-94	-97	10
2015-07-24 09:10:32.931	10501	11101	-94	-97	10	16.75	88.21	3.498
2015-07-24 09:51:01.37	10501	11101	-94	-97	10	18.18	89.12	3.498
2015-07-24 10:23:56.426	10501	11101	-94	-97	10	19.53	89.52	3.498
2015-07-24 10:37:24.967	10501	11101	-94	-97	10
2015-07-24 10:48:51.915	10501	11101	-94	-97	10	20.56	89.75	3.509
2015-07-24 11:23:18.175	10501	11101	-94	-97	10	21.83	89.59	3.498
2015-07-24 11:36:07.559	10501	11101	-94	-97	10
2015-07-24 11:38:49.219	10501	11101	-94	-97	10	22.42	89.51	3.52
2015-07-24 12:08:05.386	10501	11101	-94	-97	11	23.52	89.42	3.509
2015-07-24 12:09:52.799	10501	11101	-94	-97	12
2015-07-24 12:54:04.418	10501	11101	-94	-97	13	25.41	90.26	3.509
2015-07-24 13:13:54.383	10501	11101	-94	-97	10	26.72	90.63	3.509
2015-07-24 13:39:52.398	10501	11101	-94	-97	15	27.47	89.27	3.531
2015-07-24 13:42:20.055	10501	11101	-94	-97	13
2015-07-24 14:25:35.895	10501	11101	-94	-97	10	28.11	87.39	3.509
2015-07-24 14:26:59.218	10501	11101	-94	-97	10
2015-07-24 14:51:07.99	10501	11101	-94	-97	10	28.61	87.46	3.509
2015-07-24 15:09:00.747	10501	11101	-94	-97	10	28.96	87.49	3.52
2015-07-24 15:14:47.827	10501	11101	-94	-97	10
2015-07-24 15:44:01.279	10501	11101	-94	-97	13	29.32	87.87	3.52
2015-07-24 16:12:40.151	10501	11101	-94	-97	10	29.29	86.31	3.52
2015-07-24 16:47:18.103	10501	11101	-94	-97	12
2015-07-24 16:52:07.887	10501	11101	-94	-97	11	29.18	85.39	3.52
2015-07-24 17:17:49.999	10501	11101	-94	-97	10
2015-07-24 17:26:48.518	10501	11101	-94	-97	10	29.21	85.86	3.52
2015-07-24 17:37:25.318	10501	11101	-94	-97	10	29.32	86.19	3.52
2015-07-24 18:19:42.834	10501	11101	-94	-97	13
2015-07-24 18:26:49.191	10501	11101	-94	-94	11	29.07	85.0	3.52
2015-07-24 18:37:15.819	10501	11101	-94	-97	10	28.83	84.48	3.531
2015-07-24 19:13:23.067	10501	11101	-94	-97	10	28.02	83.7	3.52
2015-07-24 19:46:05.723	10501	11101	-94	-97	10	27.1	83.16	3.52
2015-07-24 19:52:09.915	10501	11101	-94	-97	10
2015-07-24 20:08:41.383	10501	11101	-94	-97	10
2015-07-24 20:11:07.107	10501	11101	-94	-97	10	26.36	82.85	3.52
2015-07-24 20:51:03.011	10501	11101	-94	-97	10	25.21	82.33	3.52
2015-07-24 21:18:53.407	10501	11101	-94	-97	10	24.43	82.29	3.52
2015-07-24 21:24:37.799	10501	11101	-94	-97	10
2015-07-24 21:44:59.338	10501	11101	-94	-97	10	23.78	82.36	3.52
2015-07-24 22:10:43.119	10501	11101	-94	-97	10	23.2	82.39	3.509
2015-07-24 22:37:38.367	10501	11101	-94	-97	10	22.59	82.59	3.509
2015-07-24 22:57:05.044	10501	11101	-94	-97	10
2015-07-24 22:59:33.071	10501	11101	-94	-97	10
2015-07-24 23:08:00.666	10501	11101	-94	-97	10	22.0	82.79	3.498
2015-07-24 23:37:30.49	10501	11101	-94	-97	10	21.45	82.84	3.509
2015-07-25 00:22:10.507	10501	11101	-94	-97	10	20.76	83.02	3.509
2015-07-25 00:29:32.67	10501	11101	-94	-97	10
2015-07-25 00:35:54.602	10501	11101	-94	-97	10	20.57	83.1	3.509
2015-07-25 01:13:24.047	10501	11101	-94	-97	10	20.1	83.4	3.509
2015-07-25 01:44:24.746	10501	11101	-94	-97	10	19.75	83.42	3.509
2015-07-25 01:50:24.198	10501	11101	-94	-97	10
2015-07-25 02:02:00.306	10501	11101	-94	-97	10
2015-07-25 02:16:19.694	10501	11101	-94	-97	10	19.31	83.42	3.498
2015-07-25 02:40:01.79	10501	11101	-94	-97	10	19.13	83.66	3.509
2015-07-25 03:21:19.626	10501	11101	-94	-97	10	18.74	83.64	3.498
2015-07-25 03:34:28.046	10501	11101	-94	-97	10
2015-07-25 03:56:48.574	10501	11101	-94	-97	10	18.29	83.44	3.498
2015-07-25 04:07:07.647	10501	11101	-94	-97	10	18.18	83.42	3.509
2015-07-25 04:41:15.666	10501	11101	-94	-97	10
2015-07-25 04:44:34.259	10501	11101	-94	-97	10	17.68	83.38	3.498
2015-07-25 05:06:55.778	10501	11101	-94	-97	10
2015-07-25 05:14:25.838	10501	11101	-94	-97	10	17.38	83.43	3.498
2015-07-25 05:37:01.731	10501	11101	-94	-97	10	17.17	83.53	3.498
2015-07-25 06:15:22.15	10501	11101	-94	-97	10	16.77	83.66	3.498
2015-07-25 06:39:22.398	10501	11101	-94	-97	10
2015-07-25 06:56:45.239	10501	11101	-94	-97	10	16.54	83.98	3.498
2015-07-25 07:25:00.491	10501	11101	-94	-97	10	16.47	84.33	3.498
2015-07-25 07:32:06.903	10501	11101	-94	-97	10
2015-07-25 07:55:28.087	10501	11101	-94	-97	10	16.82	85.17	3.498
2015-07-25 08:11:50.207	10501	11101	-94	-97	10
2015-07-25 08:22:54.719	10501	11101	-94	-97	10	17.36	86.21	3.498
2015-07-25 08:53:23.391	10501	11101	-94	-97	10	18.22	87.14	3.498
2015-07-25 09:07:51.97	10501	11101	-94	-97	10	18.64	87.48	3.498
2015-07-25 09:38:26.351	10501	11101	-94	-97	10	19.64	88.05	3.498
2015-07-25 15:54:07.978	10501	11101	-94	-97	16
2015-07-25 16:04:40.587	10501	11101	-94	-97	11
2015-07-25 16:14:47.618	10501	11101	-94	-97	10	31.27	86.66	3.509
2015-07-25 16:44:56.838	10501	11101	-94	-97	14	31.22	85.69	3.509
2015-07-25 17:26:35.367	10501	11101	-94	-97	18
2015-07-25 17:39:10.438	10501	11101	-94	-97	11	31.33	85.45	3.509
2015-07-25 18:15:03.462	10501	11101	-94	-97	10	31.13	84.84	3.509
2015-07-25 18:49:27.358	10501	11101	-94	-97	10	30.47	83.88	3.509
2015-07-25 18:55:32.474	10501	11101	-94	-97	10
2015-07-25 18:59:03.147	10501	11101	-94	-97	10
2015-07-25 19:14:50.846	10501	11101	-94	-97	10	29.93	83.26	3.509
2015-07-25 19:39:06.862	10501	11101	-94	-97	10	29.3	82.96	3.509
2015-07-25 20:21:47.17	10501	11101	-94	-97	10	27.86	81.84	3.509
2015-07-25 20:31:30.795	10501	11101	-94	-97	10
2015-07-25 20:45:31.003	10501	11101	-94	-97	10	27.04	81.58	3.509
2015-07-25 21:10:30.067	10501	11101	-94	-97	10	26.22	81.53	3.509
2015-07-25 21:38:55.171	10501	11101	-94	-97	10	25.51	81.62	3.509
2015-07-25 21:46:23.422	10501	11101	-94	-97	10
2015-07-25 22:03:58.166	10501	11101	-94	-97	10
2015-07-25 22:13:56.59	10501	11101	-94	-97	10	24.68	81.67	3.509
2015-07-25 22:47:03.806	10501	11101	-94	-97	10	24.0	82.17	3.509
2015-07-25 23:09:11.554	10501	11101	-94	-97	10	23.72	82.45	3.509
2015-07-25 23:36:25.738	10501	11101	-94	-97	10
2015-07-25 23:40:56.027	10501	11101	-94	-97	10	23.36	82.7	3.498
2015-07-26 00:09:43.71	10501	11101	-94	-97	10	22.95	82.72	3.498
2015-07-26 00:37:14.755	10501	11101	-94	-97	10
2015-07-26 00:56:58.986	10501	11101	-94	-97	10	22.26	82.92	3.498
2015-07-26 01:08:54.31	10501	11101	-94	-97	10
2015-07-26 01:20:25.147	10501	11101	-94	-97	10	22.22	83.47	3.498
2015-07-26 01:55:16.275	10501	11101	-94	-97	10	22.11	83.75	3.498
2015-07-26 02:23:08.772	10501	11101	-94	-97	10	21.96	83.67	3.498
2015-07-26 02:36:22.263	10501	11101	-94	-97	10	21.81	83.46	3.498
2015-07-26 02:41:20.323	10501	11101	-94	-97	10
2015-07-26 03:20:13.867	10501	11101	-94	-97	10	21.4	83.41	3.487
2015-07-26 03:28:05.907	10501	11101	-94	-97	10
2015-07-26 03:54:06.847	10501	11101	-94	-97	10	21.14	83.48	3.487
2015-07-26 04:13:48.366	10501	11101	-94	-97	10
2015-07-26 04:21:06.059	10501	11101	-94	-97	10	20.96	83.59	3.487
2015-07-26 04:36:11.506	10501	11101	-94	-97	10	20.89	83.63	3.498
2015-07-26 05:14:02.207	10501	11101	-94	-97	10	20.68	83.63	3.487
2015-07-26 05:46:15.455	10501	11101	-94	-97	10
2015-07-26 05:55:01.223	10501	11101	-94	-97	10	20.58	83.98	3.487
2015-07-26 06:11:15.939	10501	11101	-94	-97	10	20.54	84.15	3.498
2015-07-26 06:18:57.495	10501	11101	-94	-97	10
2015-07-26 06:44:00.914	10501	11101	-94	-97	10	20.39	83.97	3.487
2015-07-26 07:18:42.754	10501	11101	-94	-97	10
2015-07-26 07:25:02.15	10501	11101	-94	-97	10	20.42	84.32	3.487
2015-07-26 07:48:02.806	10501	11101	-94	-97	10	20.54	84.73	3.487
2015-07-26 08:07:45.527	10501	11101	-94	-97	10	20.83	85.11	3.487
2015-07-26 08:44:49.711	10501	11101	-94	-97	10	21.4	85.89	3.487
2015-07-26 08:51:10.255	10501	11101	-94	-97	10
2015-07-26 09:09:44.095	10501	11101	-94	-97	10	21.94	86.46	3.487
2015-07-26 09:09:48.139	10501	11101	-94	-97	10
2015-07-26 09:39:34.482	10501	11101	-94	-97	10	22.75	86.99	3.487
2015-07-26 10:11:49.406	10501	11101	-94	-97	10	23.7	87.48	3.487
2015-07-26 10:23:38.23	10501	11101	-94	-97	10
2015-07-26 10:56:14.962	10501	11101	-94	-97	10	25.13	87.85	3.487
2015-07-26 11:08:57.122	10501	11101	-94	-97	10	25.6	87.91	3.476
2015-07-26 11:48:54.206	10501	11101	-94	-97	18	26.76	87.88	3.476
2015-07-26 11:56:05.438	10501	11101	-94	-97	13
2015-07-27 10:45:34.214	10501	11101	-94	-97	11	23.84	87.12	3.465
2015-07-27 10:47:30.119	10501	11101	-94	-97	12
2015-07-27 11:02:58.01	10501	11101	-94	-97	10
2015-07-27 11:08:00.986	10501	11101	-94	-97	10	24.6	87.4	3.476
2015-07-27 11:39:22.891	10501	11101	-94	-97	19	25.47	88.0	3.465
2015-07-27 12:20:55.643	10501	11101	-94	-97	10	26.96	88.33	3.476
2015-07-27 12:35:25.343	10501	11101	-94	-97	10
2015-07-27 12:38:32.991	10501	11101	-94	-97	15	27.41	87.93	3.476
2015-07-27 13:16:41.942	10501	11101	-94	-97	10	28.38	86.97	3.476
2015-07-27 13:38:23.538	10501	11101	-94	-97	16
2015-07-27 13:48:38.854	10501	11101	-94	-97	10	28.57	86.79	3.476
2015-07-27 14:07:55.324	10501	11101	-94	-97	10
2015-07-27 14:23:00.394	10501	11101	-94	-97	10	29.57	87.14	3.476
2015-07-27 14:35:54.506	10501	11101	-94	-97	10	29.77	86.73	3.476
2015-07-27 15:27:42.038	10501	11101	-94	-94	12	29.83	85.04	3.476
2015-07-27 15:40:20.859	10501	11101	-94	-97	10
2015-07-27 15:48:28.43	10501	11101	-94	-97	10	30.08	86.47	3.476
2015-07-27 16:12:22.003	10501	11101	-94	-97	10	30.52	86.52	3.476
2015-07-27 16:29:12.194	10501	11101	-94	-97	10
2015-07-27 16:46:13.07	10501	11101	-94	-97	10	30.71	85.84	3.476
2015-07-27 17:12:47.806	10501	11101	-94	-97	10
2015-07-27 17:25:21.346	10501	11101	-94	-97	10	30.72	85.42	3.476
2015-07-27 17:53:07.446	10501	11101	-94	-97	10	30.68	85.26	3.476
2015-07-27 18:11:15.531	10501	11101	-94	-97	10	30.44	84.73	3.476
2015-07-27 18:37:59.446	10501	11101	-94	-97	10	29.97	83.98	3.487
2015-07-27 18:45:15.334	10501	11101	-94	-97	10
2015-07-27 19:17:32.462	10501	11101	-94	-97	10	29.25	83.35	3.476
2015-07-27 19:20:03.595	10501	11101	-94	-97	10
2015-07-27 19:45:41.318	10501	11101	-94	-97	10	28.61	82.81	3.465
2015-07-27 20:17:43.231	10501	11101	-94	-97	10
2015-07-27 20:19:43.562	10501	11101	-94	-94	10	27.68	82.14	3.476
2015-07-27 20:57:20.403	10501	11101	-94	-97	10	26.63	81.54	3.476
2015-07-27 21:22:59.839	10501	11101	-94	-97	10	25.97	81.4	3.476
2015-07-27 21:39:54.966	10501	11101	-94	-97	10	25.6	81.43	3.476
2015-07-27 21:50:10.626	10501	11101	-94	-97	10
2015-07-27 22:08:54.058	10501	11101	-94	-97	10	24.91	81.54	3.476
2015-07-27 22:10:55.23	10501	11101	-94	-97	10
2015-07-27 22:51:27.574	10501	11101	-94	-97	10	24.22	82.09	3.465
2015-07-27 23:22:38.467	10501	11101	-94	-97	10
2015-07-27 23:24:33.43	10501	11101	-94	-97	10	23.72	82.32	3.465
2015-07-27 23:35:47.27	10501	11101	-94	-97	10	23.56	82.36	3.476
2015-07-28 00:23:49.567	10501	11101	-94	-94	10	23.04	82.79	3.465
2015-07-28 00:39:14.842	10501	11101	-94	-97	10	22.88	82.8	3.465
2015-07-28 00:55:05.814	10501	11101	-94	-97	10
2015-07-28 01:01:47.075	10501	11101	-94	-97	10
2015-07-28 01:15:21.334	10501	11101	-94	-97	10	22.5	82.92	3.465
2015-07-28 01:56:09.414	10501	11101	-94	-97	10	22.24	83.17	3.465
2015-07-28 02:12:23.947	10501	11101	-94	-97	10	22.06	83.08	3.465
2015-07-28 02:27:32.918	10501	11101	-94	-97	10
2015-07-28 02:47:50.843	10501	11101	-94	-97	10	21.79	83.15	3.465
2015-07-28 03:49:30.155	10501	11101	-94	-97	10	21.46	83.4	3.465
2015-07-28 03:52:37.818	10501	11101	-94	-97	10
2015-07-28 04:00:02.406	10501	11101	-94	-97	10
2015-07-28 04:19:44.986	10501	11101	-94	-97	10	21.24	83.33	3.455
2015-07-28 06:46:13.155	10501	11101	-94	-97	22	20.61	83.82	3.455
2015-07-28 07:04:55.65	10501	11101	-94	-97	15
2015-07-28 07:14:30.254	10501	11101	-94	-97	11	20.6	84.01	3.455
2015-07-28 07:38:17.543	10501	11101	-94	-97	15	20.67	84.3	3.455
2015-07-28 08:14:10.947	10501	11101	-94	-97	11	21.03	84.86	3.455
2015-07-28 08:37:23.519	10501	11101	-94	-97	10
2015-07-28 08:45:47.346	10501	11101	-94	-97	10	21.46	85.46	3.455
2015-07-28 09:25:49.743	10501	11101	-94	-97	10	22.29	86.34	3.444
2015-07-28 09:34:20.39	10501	11101	-94	-97	10
2015-07-28 09:45:08.31	10501	11101	-94	-97	10	22.84	86.76	3.455
2015-07-28 10:05:25.511	10501	11101	-94	-97	10	23.47	87.11	3.455
2015-07-28 10:09:50.427	10501	11101	-94	-97	10
2015-07-28 10:56:02.558	10501	11101	-94	-97	10	25.22	87.84	3.455
2015-07-28 11:13:56.679	10501	11101	-94	-97	10	25.74	87.82	3.455
2015-07-28 11:42:18.063	10501	11101	-94	-97	10
2015-07-28 11:53:53.235	10501	11101	-94	-97	10	27.19	88.23	3.444
2015-07-28 12:15:12.918	10501	11101	-91	-97	10	27.94	88.18	3.455
2015-07-28 12:25:11.591	10501	11101	-94	-97	10
2015-07-28 12:50:42.402	10501	11101	-94	-97	10	29.41	89.05	3.455
2015-07-28 13:12:36.946	10501	11101	-91	-97	10	30.44	88.57	3.444
2015-07-28 13:14:45.823	10501	11101	-94	-97	10
2015-07-28 13:57:29.567	10501	11101	-94	-97	10	31.47	87.04	3.465
2015-07-28 14:12:41.895	10501	11101	-94	-97	10	31.74	86.84	3.465
2015-07-28 14:45:37.53	10501	11101	-94	-97	10	31.97	85.6	3.465
2015-07-28 14:47:12.982	10501	11101	-94	-97	10
2015-07-28 15:10:42.922	10501	11101	-91	-97	10	31.13	83.73	3.465
2015-07-28 15:16:02.883	10501	11101	-94	-97	10
2015-07-28 15:45:45.646	10501	11101	-94	-97	10	31.77	86.02	3.465
2015-07-28 16:19:40.21	10501	11101	-94	-97	10
2015-07-28 16:21:26.026	10501	11101	-94	-97	10	31.96	84.89	3.465
2015-07-28 16:43:45.815	10501	11101	-94	-97	10	31.3	84.03	3.465
2015-07-28 17:22:37.374	10501	11101	-94	-97	10	31.38	84.36	3.465
2015-07-28 17:42:28.727	10501	11101	-94	-97	10	31.32	84.51	3.465
2015-07-28 17:52:07.955	10501	11101	-94	-97	10
2015-07-28 18:06:53.65	10501	11101	-94	-97	10
2015-07-28 18:11:30.975	10501	11101	-94	-97	10	30.96	83.9	3.465
2015-07-28 18:40:17.762	10501	11101	-94	-97	10	30.49	83.27	3.465
2015-07-28 19:24:32.678	10501	11101	-94	-97	10	29.63	82.69	3.465
2015-07-28 19:24:35.77	10501	11101	-94	-97	10
2015-07-28 19:55:06.562	10501	11101	-94	-97	10	28.79	82.03	3.465
2015-07-28 20:18:14.863	10501	11101	-94	-97	10	28.11	81.7	3.465
2015-07-28 20:40:49.267	10501	11101	-94	-97	10	27.51	81.55	3.465
2015-07-28 20:57:03.383	10501	11101	-94	-97	10
2015-07-28 20:57:45.462	10501	11101	-94	-97	10
2015-07-28 21:24:49.338	10501	11101	-94	-97	10	26.47	81.27	3.455
2015-07-28 21:39:08.403	10501	11101	-94	-97	10	26.1	81.4	3.465
2015-07-28 22:25:12.683	10501	11101	-94	-97	10	25.4	81.96	3.455
2015-07-28 22:29:30.754	10501	11101	-94	-97	10
2015-07-28 22:35:33.262	10501	11101	-94	-97	10	25.22	82.08	3.465
2015-07-28 23:17:07.958	10501	11101	-94	-97	10	24.77	82.55	3.455
2015-07-28 23:48:36.262	10501	11101	-94	-97	10
2015-07-28 23:56:39.219	10501	11101	-94	-97	10	24.4	82.57	3.455
2015-07-29 00:01:58.075	10501	11101	-94	-97	10
2015-07-29 00:21:23.614	10501	11101	-94	-97	10	24.04	82.49	3.455
2015-07-29 00:55:49.09	10501	11101	-94	-97	10	23.69	82.57	3.455
2015-07-29 01:10:35.975	10501	11101	-94	-97	10	23.53	82.59	3.455
2015-07-29 01:34:25.822	10501	11101	-94	-97	10
2015-07-29 01:49:04.89	10501	11101	-94	-97	10	23.1	82.49	3.455
2015-07-29 02:15:18.25	10501	11101	-94	-97	10	22.9	82.68	3.444
2015-07-29 02:39:27.77	10501	11101	-94	-97	10
2015-07-29 02:56:04.491	10501	11101	-94	-97	10	22.57	82.81	3.444
2015-07-29 03:06:16.968	10501	11101	-94	-97	10	22.49	82.79	3.455
2015-07-29 03:06:52.75	10501	11101	-94	-97	10
2015-07-29 03:57:07.558	10501	11101	-94	-97	10	21.97	82.73	3.444
2015-07-29 04:25:07.975	10501	11101	-94	-97	10	21.76	82.76	3.444
2015-07-29 04:39:20.519	10501	11101	-94	-97	10
2015-07-29 04:42:33.703	10501	11101	-94	-97	10	21.61	82.78	3.444
2015-07-29 05:16:58.794	10501	11101	-94	-97	10	21.38	82.98	3.444
2015-07-29 05:30:19.219	10501	11101	-94	-97	10
2015-07-29 05:46:23.815	10501	11101	-94	-97	10	21.26	83.16	3.444
2015-07-29 06:11:47.899	10501	11101	-94	-97	10
2015-07-29 06:24:03.918	10501	11101	-94	-97	10	20.93	82.93	3.444
2015-07-29 06:42:29.575	10501	11101	-94	-97	10	20.78	83.0	3.444
2015-07-29 07:16:15.675	10501	11101	-94	-97	10	20.72	83.39	3.444
2015-07-29 07:44:15.755	10501	11101	-94	-97	10
2015-07-29 07:52:38.903	10501	11101	-94	-97	10	20.9	84.01	3.444
2015-07-29 08:15:09.546	10501	11101	-94	-97	10	21.13	84.43	3.444
2015-07-29 08:21:10.526	10501	11101	-94	-97	10
2015-07-29 08:44:57.27	10501	11101	-94	-97	10	21.54	85.08	3.444
2015-07-29 09:07:45.239	10501	11101	-94	-97	10	22.1	85.7	3.444
2015-07-29 09:16:42.874	10501	11101	-94	-97	10
2015-07-29 09:44:43.891	10501	11101	-94	-97	10	23.17	86.67	3.434
2015-07-29 10:25:35.335	10501	11101	-94	-97	10	24.61	87.38	3.434
2015-07-29 10:37:34.978	10501	11101	-94	-97	10	25.04	87.48	3.444
2015-07-29 10:49:10.886	10501	11101	-94	-97	10
2015-07-29 11:06:29.778	10501	11101	-94	-97	10	25.94	87.51	3.434
2015-07-29 11:12:01.659	10501	11101	-94	-97	10
2015-07-29 11:36:04.426	10501	11101	-94	-97	10	27.02	87.64	3.444
2015-07-29 12:17:47.755	10501	11101	-94	-97	10	28.35	87.62	3.444
2015-07-29 12:21:38.451	10501	11101	-94	-97	10
2015-07-29 12:55:27.848	10501	11101	-94	-97	10	29.93	88.19	3.444
2015-07-29 13:26:39.886	10501	11101	-94	-97	10	30.72	86.82	3.444
2015-07-29 13:51:40.394	10501	11101	-94	-97	10	30.72	85.73	3.444
2015-07-29 13:54:05.846	10501	11101	-94	-97	10
2015-07-29 14:02:52.85	10501	11101	-94	-97	10
2015-07-29 14:13:42.77	10501	11101	-94	-97	10	30.8	85.03	3.444
2015-07-29 14:42:00.23	10501	11101	-94	-97	11	30.97	85.27	3.444
2015-07-29 15:07:20.478	10501	11101	-94	-97	10	31.63	86.02	3.444
2015-07-29 15:26:32.806	10501	11101	-94	-97	10
2015-07-29 15:48:58.99	10501	11101	-94	-97	10	32.16	85.3	3.455
2015-07-29 16:20:57.906	10501	11101	-94	-97	10	32.47	85.74	3.455
2015-07-29 16:49:46.41	10501	11101	-94	-97	10	32.33	84.58	3.455
2015-07-29 16:53:44.418	10501	11101	-94	-94	10
2015-07-29 16:59:00.53	10501	11101	-94	-97	10
2015-07-29 17:05:57.531	10501	11101	-94	-97	10	32.0	83.76	3.455
2015-07-29 17:53:15.391	10501	11101	-94	-94	10	31.86	83.92	3.455
2015-07-29 18:21:10.132	10501	11101	-94	-97	10	31.58	83.67	3.444
2015-07-29 18:31:27.992	10501	11101	-94	-97	10
2015-07-29 18:55:55.05	10501	11101	-94	-97	10	31.26	83.47	3.455
2015-07-29 19:18:30.079	10501	11101	-94	-97	10	31.0	83.23	3.455
2015-07-29 19:44:37.947	10501	11101	-94	-97	10
2015-07-29 19:57:24.463	10501	11101	-94	-97	11	30.22	82.34	3.455
2015-07-29 20:03:56.134	10501	11101	-94	-97	10
2015-07-29 20:17:45.954	10501	11101	-94	-97	10	29.66	81.85	3.455
2015-07-29 20:38:56.438	10501	11101	-94	-97	10	29.08	81.59	3.455
2015-07-29 21:26:44.695	10501	11101	-94	-97	10	27.9	81.34	3.444
2015-07-29 21:36:22.946	10501	11101	-94	-97	10
2015-07-29 21:38:43.343	10501	11101	-94	-97	10	27.71	81.51	3.444
2015-07-29 22:07:32.166	10501	11101	-94	-97	10	27.11	81.75	3.434
2015-07-29 22:35:26.963	10501	11101	-94	-97	10
2015-07-29 22:35:53.046	10501	11101	-94	-97	10	26.63	81.91	3.444
2015-07-29 23:08:50.786	10501	11101	-94	-97	10
2015-07-29 23:20:14.939	10501	11101	-94	-97	10	25.99	82.11	3.444
2015-07-29 23:52:26.663	10501	11101	-94	-97	10	25.58	82.31	3.444
2015-07-30 00:11:08.474	10501	11101	-94	-97	10	25.36	82.42	3.444
2015-07-30 00:39:36.279	10501	11101	-94	-97	10	25.11	82.57	3.444
2015-07-30 00:41:17.751	10501	11101	-94	-97	10
2015-07-30 01:09:19.967	10501	11101	-94	-97	10	24.88	82.78	3.434
2015-07-30 01:26:18.219	10501	11101	-94	-97	10
2015-07-30 01:37:17.738	10501	11101	-94	-97	10	24.76	83.01	3.434
2015-07-30 02:10:00.398	10501	11101	-94	-97	10	24.58	83.1	3.434
2015-07-30 02:13:45.355	10501	11101	-94	-97	10
2015-07-30 02:53:33.767	10501	11101	-94	-97	10	24.49	83.29	3.434
2015-07-30 03:14:02.791	10501	11101	-94	-97	10	24.52	83.5	3.434
2015-07-30 03:46:13.011	10501	11101	-94	-97	10
2015-07-30 03:46:44.518	10501	11101	-94	-97	10	24.49	83.62	3.434
2015-07-30 21:22:16.878	10501	11101	-94	-97	20
2015-07-30 21:25:27.439	10501	11101	-94	-97	19	25.66	79.59	3.423
2015-07-30 21:56:30.482	10501	11101	-94	-97	10	24.91	79.81	3.423
2015-07-30 22:13:48.783	10501	11101	-94	-97	10	24.52	79.91	3.423
2015-07-30 22:15:42.906	10501	11101	-94	-97	10
2015-07-30 22:35:46.206	10501	11101	-94	-97	10	24.09	80.16	3.423
2015-07-30 23:27:18.067	10501	11101	-94	-97	10	23.02	80.17	3.403
2015-07-30 23:40:40.054	10501	11101	-94	-97	10	22.72	80.26	3.423
2015-07-30 23:48:10.998	10501	11101	-94	-97	10
2015-07-31 00:13:07.876	10501	11101	-94	-97	10
2015-07-31 00:25:14.83	10501	11101	-94	-97	10	21.95	80.33	3.413
2015-07-31 00:55:37.611	10501	11101	-94	-97	10	21.47	80.49	3.413
2015-07-31 01:16:49.291	10501	11101	-94	-97	10	21.17	80.55	3.413
2015-07-31 01:20:38.098	10501	11101	-94	-97	10
2015-07-31 01:56:32.827	10501	11101	-94	-97	10	20.6	80.66	3.413
2015-07-31 02:14:23.879	10501	11101	-94	-97	10	20.36	80.71	3.413
2015-07-31 02:53:05.551	10501	11101	-94	-97	10
2015-07-31 02:53:37.803	10501	11101	-94	-97	10	19.9	80.98	3.413
2015-07-31 03:03:59.603	10501	11101	-94	-97	10
2015-07-31 03:16:05.758	10501	11101	-94	-97	10	19.61	80.96	3.413
2015-07-31 03:39:16.512	10501	11101	-94	-97	10	19.39	81.07	3.413
2015-07-31 04:06:01.73	10501	11101	-94	-97	10	19.13	81.16	3.413
2015-07-31 04:25:33.111	10501	11101	-94	-97	10
2015-07-31 04:40:05.763	10501	11101	-94	-97	10	18.86	81.26	3.413
2015-07-31 05:11:01.906	10501	11101	-94	-97	10	18.6	81.33	3.403
2015-07-31 05:54:06.302	10501	11101	-94	-97	10	18.28	81.48	3.392
2015-07-31 05:54:50.606	10501	11101	-94	-94	10
2015-07-31 05:58:00.447	10501	11101	-94	-97	10
2015-07-31 06:27:37.795	10501	11101	-94	-97	10	18.06	81.56	3.403
2015-07-31 06:50:18.322	10501	11101	-94	-97	10	17.96	81.67	3.403
2015-07-31 07:10:45.483	10501	11101	-94	-97	10	17.92	81.98	3.403
2015-07-31 07:30:28.394	10501	11101	-94	-97	10
2015-07-31 07:47:42.538	10501	11101	-94	-97	10	18.2	82.82	3.403
2015-07-31 08:09:47.458	10501	11101	-94	-97	10	18.54	83.35	3.403
2015-07-31 08:40:18.631	10501	11101	-94	-97	10	19.18	84.16	3.403
2015-07-31 08:45:42.266	10501	11101	-94	-97	10
2015-07-31 09:02:55.479	10501	11101	-94	-97	10
2015-07-31 09:16:50.635	10501	11101	-94	-97	10	20.11	85.05	3.382
2015-07-31 09:50:12.503	10501	11101	-94	-97	10	21.2	85.69	3.403
2015-07-31 10:10:27.746	10501	11101	-94	-97	10	21.82	85.98	3.392
2015-07-31 10:35:23.167	10501	11101	-94	-97	10
2015-07-31 10:45:30.655	10501	11101	-94	-97	10	23.24	86.26	3.403
2015-07-31 11:27:37.479	10501	11101	-94	-97	10	24.66	86.49	3.392
2015-07-31 11:36:33.811	10501	11101	-94	-97	10
2015-07-31 14:55:20.331	10501	11101	-94	-97	29	30.33	83.35	3.413
2015-07-31 15:12:47.278	10501	11101	-94	-97	23
2015-07-31 16:37:44.827	10501	11101	-94	-97	21	30.02	82.27	3.413
2015-07-31 17:18:15.978	10501	11101	-94	-97	17
2015-07-31 17:21:16.43	10501	11101	-94	-97	16	29.66	81.66	3.413
2015-07-31 17:54:05.554	10501	11101	-94	-97	23	28.77	80.72	3.413
2015-07-31 18:37:38.318	10501	11101	-94	-97	19	28.74	81.73	3.403
2015-07-31 19:22:22.158	10501	11101	-94	-97	10	28.4	81.5	3.403
2015-07-31 19:48:52.652	10501	11101	-94	-97	10	28.13	81.23	3.403
2015-07-31 19:50:10.95	10501	11101	-94	-97	10
2015-07-31 20:09:09.179	10501	11101	-94	-97	10
2015-07-31 20:14:46.723	10501	11101	-94	-97	10	27.55	80.41	3.403
2015-07-31 20:39:52.827	10501	11101	-94	-97	10	26.61	79.58	3.403
2015-07-31 21:12:52.283	10501	11101	-94	-97	10	25.47	79.07	3.403
2015-07-31 21:22:36.115	10501	11101	-94	-97	10
2015-07-31 21:41:18.234	10501	11101	-94	-97	10	24.66	79.12	3.403
2015-07-31 22:08:47.89	10501	11101	-94	-97	10	24.04	79.28	3.403
2015-07-31 22:45:08.987	10501	11101	-94	-97	10	23.47	80.08	3.403
2015-07-31 22:55:03.491	10501	11101	-94	-97	10
2015-07-31 22:59:58.594	10501	11101	-94	-97	10
2015-07-31 23:12:58.127	10501	11101	-94	-97	10	23.18	80.39	3.403
2015-07-31 23:46:56.087	10501	11101	-94	-97	10	22.86	80.74	3.392
2015-08-01 00:24:32.23	10501	11101	-94	-97	10	22.69	80.98	3.392
2015-08-01 00:27:31.471	10501	11101	-94	-97	10
2015-08-01 00:56:39.963	10501	11101	-94	-97	10	22.22	80.68	3.392
2015-08-01 01:06:31.939	10501	11101	-94	-97	10	22.14	80.84	3.403
2015-08-01 01:40:12.418	10501	11101	-94	-97	10	22.26	81.74	3.392
2015-08-01 01:50:50.135	10501	11101	-94	-97	10
2015-08-01 01:59:58.367	10501	11101	-94	-97	10
2015-08-01 02:21:33.995	10501	11101	-94	-97	10	22.44	82.09	3.392
2015-08-01 02:56:14.375	10501	11101	-94	-97	10	22.26	81.59	3.392
2015-08-01 03:14:14.486	10501	11101	-94	-97	10	22.04	81.15	3.392
2015-08-01 03:32:25.534	10501	11101	-94	-97	10
2015-08-01 03:40:23.607	10501	11101	-94	-97	10	21.58	80.67	3.392
2015-08-01 04:18:48.926	10501	11101	-94	-97	10	21.04	80.5	3.392
2015-08-01 04:41:41.263	10501	11101	-94	-97	10
2015-08-01 04:45:52.574	10501	11101	-94	-97	10	20.6	80.35	3.392
2015-08-01 05:04:54.455	10501	11101	-94	-97	10
2015-08-01 05:16:49.058	10501	11101	-94	-97	10	20.17	80.36	3.382
2015-08-01 05:46:45.359	10501	11101	-94	-97	10	19.86	80.5	3.382
2015-08-01 06:05:23.503	10501	11101	-94	-97	10	19.64	80.4	3.392
2015-08-01 06:37:20.512	10501	11101	-94	-97	10	19.22	80.42	3.382
2015-08-01 06:37:21.562	10501	11101	-94	-97	10
2015-08-01 07:21:46.771	10501	11101	-94	-97	10	18.93	81.05	3.382
2015-08-01 07:32:32.415	10501	11101	-94	-97	10
2015-08-01 07:45:17.299	10501	11101	-94	-97	10	18.93	81.38	3.382
2015-08-01 08:09:48.743	10501	11101	-94	-97	10
2015-08-01 08:19:38.367	10501	11101	-94	-97	10	19.29	82.37	3.382
2015-08-01 08:51:31.827	10501	11101	-94	-97	11	19.9	83.21	3.372
2015-08-01 09:10:46.027	10501	11101	-94	-97	10	20.31	83.6	3.382
2015-08-01 09:42:16.323	10501	11101	-94	-97	10
2015-08-01 09:48:57.459	10501	11101	-94	-97	10	21.1	84.23	3.372
2015-08-01 10:19:40.67	10501	11101	-94	-97	10	21.99	84.63	3.362
2015-08-01 10:23:23.619	10501	11101	-94	-97	10
2015-08-01 10:42:54.855	10501	11101	-94	-97	10	22.88	84.81	3.372
2015-08-01 11:14:46.603	10501	11101	-94	-97	10
2015-08-01 11:17:48.755	10501	11101	-94	-97	10	23.61	84.75	3.362
2015-08-01 11:54:40.679	10501	11101	-94	-97	10	24.52	84.85	3.372
2015-08-01 12:13:29.691	10501	11101	-94	-97	10	25.22	85.31	3.362
2015-08-01 13:05:53.895	10501	11101	-94	-97	20	27.4	86.01	3.372
2015-08-01 13:14:14.926	10501	11101	-94	-97	17
2015-08-01 19:41:56.303	10501	11101	-94	-97	30	25.02	79.67	3.382
2015-08-01 20:19:14.09	10501	11101	-94	-97	24	24.54	79.62	3.382
2015-08-01 20:29:28.51	10501	11101	-94	-97	22
2015-08-01 20:35:21.39	10501	11101	-94	-97	20	24.1	79.21	3.382
2015-08-01 21:22:11.822	10501	11101	-94	-94	31	22.9	78.91	3.382
2015-08-01 21:36:09.723	10501	11101	-94	-97	28	22.6	78.85	3.382
2015-08-01 21:46:48.594	10501	11101	-94	-97	28
2015-08-01 22:01:55.658	10501	11101	-94	-97	24
2015-08-01 22:19:08.942	10501	11101	-94	-97	19	21.86	79.3	3.382
2015-08-01 22:51:33.786	10501	11101	-94	-97	10	21.31	79.34	3.372
2015-08-01 23:23:42.01	10501	11101	-94	-97	10	20.78	79.46	3.372
2015-08-01 23:34:23.939	10501	11101	-94	-97	10
2015-08-01 23:46:50.534	10501	11101	-94	-97	10	20.46	79.39	3.372
2015-08-02 00:09:53.479	10501	11101	-94	-97	10	20.1	79.65	3.372
2015-08-02 00:37:41.426	10501	11101	-94	-97	10
2015-08-02 00:46:21.567	10501	11101	-94	-97	10	19.72	79.88	3.372
2015-08-02 01:06:51.414	10501	11101	-94	-97	10
2015-08-02 01:13:34.872	10501	11101	-94	-97	10	19.47	79.93	3.372
2015-08-02 01:49:28.171	10501	11101	-94	-97	10	19.07	80.08	3.362
2015-08-02 02:23:10.311	10501	11101	-94	-97	10	18.89	80.5	3.362
2015-08-02 02:39:18.999	10501	11101	-94	-97	10
2015-08-02 02:40:10.178	10501	11101	-94	-97	10	18.88	80.65	3.372
2015-08-02 03:11:48.554	10501	11101	-94	-97	10	18.75	80.68	3.362
2015-08-02 03:28:31.736	10501	11101	-94	-97	10
2015-08-02 03:35:57.971	10501	11101	-94	-97	10	18.6	80.44	3.362
2015-08-02 04:11:45.694	10501	11101	-94	-97	10
2015-08-02 04:23:52.294	10501	11101	-94	-97	10	17.92	79.91	3.362
2015-08-02 04:37:26.878	10501	11101	-94	-97	10	17.75	79.85	3.362
2015-08-02 05:07:59.071	10501	11101	-94	-97	10	17.46	79.99	3.362
2015-08-02 05:44:13.667	10501	11101	-94	-97	10
2015-08-02 05:52:08.498	10501	11101	-94	-97	10	17.25	80.47	3.352
2015-08-02 06:17:06.082	10501	11101	-94	-97	10	17.22	80.8	3.362
2015-08-02 06:19:23.086	10501	11101	-94	-97	10
2015-08-02 06:40:48.118	10501	11101	-94	-97	10	17.28	81.26	3.362
2015-08-02 07:05:36.922	10501	11101	-94	-97	10	17.6	81.76	3.352
2015-08-02 07:16:41.222	10501	11101	-94	-97	10
2015-08-02 07:42:19.679	10501	11101	-94	-97	10	17.97	82.25	3.352
2015-08-02 08:25:38.971	10501	11101	-94	-97	10	18.64	83.02	3.352
2015-08-02 08:37:51.147	10501	11101	-94	-97	10	18.9	83.26	3.362
2015-08-02 08:49:08.346	10501	11101	-94	-97	10
2015-08-02 09:10:09.746	10501	11101	-94	-97	10	19.61	83.57	3.352
2015-08-02 09:10:13.954	10501	11101	-94	-97	10
2015-08-02 09:56:46.062	10501	11101	-94	-97	10	20.79	84.31	3.352
2015-08-02 10:05:06.606	10501	11101	-94	-97	10	21.08	84.47	3.352
2015-08-02 10:21:36.362	10501	11101	-94	-97	10
2015-08-02 10:55:16.423	10501	11101	-94	-97	10	22.82	84.67	3.332
2015-08-02 11:16:20.051	10501	11101	-94	-97	10	23.47	84.87	3.352
2015-08-02 11:54:03.274	10501	11101	-94	-97	11
2015-08-02 11:55:20.266	10501	11101	-94	-97	14	24.76	85.11	3.342
2015-08-02 12:01:05.127	10501	11101	-94	-97	19
2015-08-02 12:07:40.126	10501	11101	-94	-97	16	25.16	85.25	3.352
2015-08-02 12:54:49.335	10501	11101	-94	-97	10	26.88	85.51	3.352
2015-08-02 13:05:37.282	10501	11101	-94	-97	15	27.11	84.62	3.352
2015-08-02 13:26:31.538	10501	11101	-94	-97	21
2015-08-02 13:49:28.126	10501	11101	-94	-97	12	28.72	85.39	3.352
2015-08-02 21:08:48.622	10501	11101	-94	-97	28
2015-08-02 22:15:32.431	10501	11101	-94	-97	11	26.05	79.78	3.362
2015-08-02 22:37:10.99	10501	11101	-94	-97	10	25.76	79.85	3.362
2015-08-02 22:41:16.106	10501	11101	-94	-97	10
2015-08-02 23:05:44.115	10501	11101	-94	-97	10	25.49	79.95	3.362
2015-08-02 23:24:33.431	10501	11101	-94	-97	10
2015-08-02 23:48:00.515	10501	11101	-94	-97	10	25.1	80.14	3.352
2015-08-03 00:07:54.218	10501	11101	-94	-97	10	24.96	80.21	3.362
2015-08-03 00:13:43.327	10501	11101	-94	-97	10
2015-08-03 00:35:42.451	10501	11101	-94	-97	10	24.65	80.23	3.352
2015-08-03 01:23:51.151	10501	11101	-94	-97	10	24.34	80.37	3.352
2015-08-03 01:40:25.542	10501	11101	-94	-97	10	24.17	80.26	3.352
2015-08-03 01:46:11.17	10501	11101	-94	-97	10
2015-08-03 02:09:14.134	10501	11101	-94	-97	10	23.86	80.16	3.352
2015-08-03 02:15:21.458	10501	11101	-94	-97	10
2015-08-03 02:54:10.55	10501	11101	-94	-97	10	23.26	79.75	3.352
2015-08-03 03:18:38.342	10501	11101	-94	-97	10
2015-08-03 03:21:51.814	10501	11101	-94	-97	10	22.81	79.63	3.352
2015-08-03 03:48:23.014	10501	11101	-94	-97	10	22.36	79.32	3.352
2015-08-03 04:26:50.962	10501	11101	-94	-97	26	21.51	79.06	3.342
2015-08-03 04:40:17.778	10501	11101	-94	-97	20	21.38	79.4	3.352
2015-08-03 04:51:06.323	10501	11101	-94	-97	18
2015-08-03 05:06:13.002	10501	11101	-94	-97	11
2015-08-03 05:27:03.05	10501	11101	-94	-97	10	21.04	79.72	3.342
2015-08-03 05:35:47.199	10501	11101	-94	-97	10	20.86	79.69	3.352
2015-08-03 06:18:07.391	10501	11101	-94	-97	10	20.29	79.64	3.342
2015-08-03 06:23:33.518	10501	11101	-94	-97	10
2015-08-03 06:48:23.727	10501	11101	-94	-97	10	20.1	79.83	3.342
2015-08-03 07:18:04.807	10501	11101	-94	-97	10	19.99	80.33	3.342
2015-08-03 07:45:15.01	10501	11101	-94	-97	10	20.04	80.7	3.342
2015-08-03 07:56:00.971	10501	11101	-94	-97	10
2015-08-03 07:57:04.322	10501	11101	-94	-97	10
2015-08-03 08:17:46.739	10501	11101	-94	-97	10	20.29	81.34	3.332
2015-08-03 08:49:15.338	10501	11101	-94	-97	16	20.47	81.41	3.322
2015-08-03 09:06:31.895	10501	11101	-94	-97	10	20.58	81.61	3.332
2015-08-03 09:28:28.355	10501	11101	-94	-97	10
2015-08-03 09:37:16.442	10501	11101	-94	-97	10	20.95	82.12	3.332
2015-08-03 10:17:44.839	10501	11101	-94	-97	10	21.65	82.64	3.332
2015-08-03 10:45:28.203	10501	11101	-94	-97	10	22.15	82.74	3.332
2015-08-03 10:47:56.423	10501	11101	-94	-97	10
2015-08-03 11:00:55.863	10501	11101	-94	-97	10
2015-08-03 11:23:41.426	10501	11101	-94	-97	10	23.08	83.43	3.322
2015-08-03 11:55:04.922	10501	11101	-94	-97	10	23.88	83.74	3.332
2015-08-03 12:09:28.211	10501	11101	-94	-97	10	24.38	84.18	3.332
2015-08-03 12:33:23.218	10501	11101	-94	-97	11
2015-08-03 12:52:27.943	10501	11101	-94	-97	10	25.88	84.7	3.332
2015-08-03 13:09:55.91	10501	11101	-94	-97	10	26.41	84.18	3.332
2015-08-03 13:38:49.638	10501	11101	-94	-97	10
2015-08-03 13:51:06.544	10501	11101	-94	-94	14	27.44	83.81	3.332
2015-08-03 14:05:50.79	10501	11101	-94	-97	11
2015-08-03 14:16:27.782	10501	11101	-94	-97	10	28.19	84.03	3.332
2015-08-03 14:42:41.398	10501	11101	-94	-97	21	28.72	83.73	3.332
2015-08-03 15:10:04.938	10501	11101	-94	-97	11	28.82	82.59	3.332
2015-08-03 15:36:25.594	10501	11101	-94	-97	10	28.66	81.63	3.332
2015-08-03 15:38:18.591	10501	11101	-94	-97	10
2015-08-03 16:10:08.914	10501	11101	-94	-97	10	28.05	80.17	3.332
2015-08-03 16:29:37.799	10501	11101	-94	-97	23
2015-08-03 16:48:57.903	10501	11101	-94	-97	16	27.38	79.84	3.332
2015-08-03 17:08:54.703	10501	11101	-94	-97	10	26.86	79.25	3.342
2015-08-03 17:10:45.855	10501	11101	-94	-97	10
2015-08-03 17:46:54.358	10501	11101	-94	-97	13	25.69	78.56	3.332
2015-08-03 18:16:59.947	10501	11101	-91	-97	19	25.3	79.46	3.332
2015-08-03 18:43:13.606	10501	11101	-94	-97	10
2015-08-03 18:53:24.11	10501	11101	-94	-97	10	25.1	79.9	3.332
2015-08-03 19:20:29.13	10501	11101	-94	-97	10
2015-08-03 19:25:32.103	10501	11101	-94	-97	10	24.61	79.69	3.332
2015-08-03 19:41:51.974	10501	11101	-94	-97	10	24.39	79.7	3.332
2015-08-03 20:15:48.559	10501	11101	-94	-97	10
2015-08-03 20:26:59.382	10501	11101	-94	-97	10	23.52	78.91	3.332
2015-08-03 20:36:59.298	10501	11101	-94	-97	26	23.22	78.71	3.332
2015-08-03 21:39:26.374	10501	11101	-94	-97	31	21.9	79.02	3.332
2015-08-04 15:09:54.846	10501	11101	-94	-97	46	27.99	84.84	3.312
2015-08-04 19:22:33.586	10501	11101	-94	-97	34
2015-08-04 20:45:19.995	10501	11101	-94	-97	27	24.52	79.25	3.322
2015-08-04 20:55:01.047	10501	11101	-94	-97	23
2015-08-04 20:58:11.539	10501	11101	-94	-97	21
2015-08-04 21:14:49.695	10501	11101	-94	-97	15	23.6	79.11	3.312
2015-08-04 21:40:46.098	10501	11101	-94	-97	16	22.86	79.08	3.312
2015-08-04 22:15:14.075	10501	11101	-94	-97	10	21.97	79.61	3.312
2015-08-04 22:27:29.182	10501	11101	-94	-97	10
2015-08-04 22:40:32.519	10501	11101	-94	-97	10	21.51	79.87	3.312
2015-08-04 23:20:18.075	10501	11101	-94	-97	10	20.65	79.82	3.303
2015-08-04 23:41:40.214	10501	11101	-94	-97	10	20.22	79.86	3.303
2015-08-04 23:49:02.002	10501	11101	-94	-97	10
2015-08-04 23:59:56.37	10501	11101	-94	-97	10
2015-08-05 00:12:26.547	10501	11101	-94	-97	10	19.68	79.98	3.303
2015-08-05 00:56:58.158	10501	11101	-94	-97	10	19.07	80.26	3.293
2015-08-05 01:25:56.478	10501	11101	-94	-97	10	18.68	80.45	3.293
2015-08-05 01:32:23.351	10501	11101	-94	-97	10
2015-08-05 01:49:24.618	10501	11101	-94	-97	10	18.53	80.91	3.293
2015-08-05 02:13:11.842	10501	11101	-94	-97	10	18.25	80.82	3.293
2015-08-05 02:39:53.807	10501	11101	-94	-97	10
2015-08-05 02:52:07.894	10501	11101	-94	-97	10	17.95	81.01	3.283
2015-08-05 03:04:51.63	10501	11101	-94	-97	10
2015-08-05 03:19:17.811	10501	11101	-94	-97	10	17.7	81.0	3.283
2015-08-05 03:56:38.362	10501	11101	-94	-97	10	17.43	81.02	3.283
2015-08-05 04:05:55.498	10501	11101	-94	-97	10	17.35	81.03	3.283
2015-08-05 04:37:18.911	10501	11101	-94	-97	10
2015-08-05 04:50:24.839	10501	11101	-94	-97	10	16.97	81.12	3.274
2015-08-05 05:26:26.407	10501	11101	-94	-97	10	16.75	81.28	3.274
2015-08-05 05:30:45.074	10501	11101	-94	-97	10
2015-08-05 05:42:31.694	10501	11101	-94	-97	10	16.7	81.21	3.274
2015-08-05 06:09:46.614	10501	11101	-94	-97	10
2015-08-05 06:24:01.127	10501	11101	-94	-97	10	16.39	81.27	3.264
2015-08-05 06:36:34.083	10501	11101	-94	-97	10	16.33	81.31	3.264
2015-08-05 07:25:14.546	10501	11101	-94	-97	10	16.27	81.89	3.246
2015-08-05 07:39:38.522	10501	11101	-94	-97	17	16.4	82.12	3.236
2015-08-05 07:42:14.126	10501	11101	-94	-97	15
2015-08-05 08:20:04.363	10501	11101	-94	-97	10	16.97	83.22	3.236
2015-08-05 08:21:36.038	10501	11101	-94	-97	10
2015-08-05 08:50:08.094	10501	11101	-94	-97	31	17.72	84.11	3.227
2015-08-05 19:39:44.998	10501	11101	-94	-97	21	24.47	79.56	2.366
2015-08-05 20:01:53.943	10501	11101	-94	-97	18
2015-08-05 20:21:51.591	10501	11101	-94	-94	11	23.15	78.54	2.356
2015-08-05 20:41:37.995	10501	11101	-94	-97	10	22.49	78.37	2.346
2015-08-05 21:25:25.999	10501	11101	-94	-97	10	21.26	78.41	2.351
2015-08-05 21:34:21.751	10501	11101	-94	-97	10
2015-08-05 21:51:25.534	10501	11101	-94	-97	10	20.58	78.42	2.346
2015-08-05 22:07:17.283	10501	11101	-94	-97	10	20.2	78.45	2.346
2015-08-05 22:35:52.827	10501	11101	-94	-97	10
2015-08-05 22:35:56.167	10501	11101	-94	-97	10	19.6	78.66	2.346
2015-08-05 23:06:49.107	10501	11101	-94	-97	10
2015-08-05 23:10:00.443	10501	11101	-94	-97	10	18.97	79.02	2.346
2015-08-05 23:51:30.566	10501	11101	-94	-97	10	18.21	78.94	2.346
2015-08-06 00:25:45.635	10501	11101	-94	-97	10	17.65	79.24	2.346
2015-08-06 00:39:16.891	10501	11101	-94	-97	10
2015-08-06 00:46:38.655	10501	11101	-94	-97	10	17.46	79.48	2.322
2015-08-06 01:14:37.146	10501	11101	-94	-97	10	17.24	79.68	2.341
2015-08-06 01:26:44.079	10501	11101	-94	-97	10
2015-08-06 01:48:35.219	10501	11101	-94	-97	10	16.82	79.67	2.341
2015-08-06 02:07:28.542	10501	11101	-94	-97	10	16.64	79.76	2.327
2015-08-06 02:11:44.502	10501	11101	-94	-97	10
2015-08-06 02:54:21.906	10501	11101	-94	-97	10	16.0	79.42	2.336
2015-08-06 03:13:52.11	10501	11101	-94	-97	10	15.72	79.49	2.336
2015-08-06 03:44:11.91	10501	11101	-94	-97	10
2015-08-06 03:55:45.45	10501	11101	-94	-97	10	15.38	79.74	2.336
2015-08-06 04:17:35.863	10501	11101	-94	-97	10
2015-08-06 04:23:10.523	10501	11101	-94	-97	10	15.1	79.78	2.336
2015-08-06 04:53:57.103	10501	11101	-94	-94	29	14.88	79.98	2.332
2015-08-06 05:16:39.714	10501	11101	-94	-97	18
2015-08-06 05:25:39.654	10501	11101	-94	-97	16	14.72	80.15	2.336
2015-08-06 05:52:34.975	10501	11101	-94	-94	10	14.52	80.16	2.336
2015-08-06 06:05:39.474	10501	11101	-94	-97	10	14.45	80.14	2.336
2015-08-06 06:49:08.574	10501	11101	-94	-97	10
2015-08-06 06:49:27.643	10501	11101	-94	-97	10	14.2	80.24	2.327
2015-08-06 07:08:27.314	10501	11101	-94	-97	10
2015-08-06 07:19:37.522	10501	11101	-94	-97	10	14.15	80.53	2.332
2015-08-06 07:40:36.69	10501	11101	-94	-97	10	14.22	80.87	2.332
2015-08-06 08:12:20.138	10501	11101	-94	-97	10	14.56	81.64	2.332
2015-08-06 08:21:34.734	10501	11101	-94	-97	10
2015-08-06 08:41:12.274	10501	11101	-94	-97	11	15.11	82.48	2.327
2015-08-06 09:15:51.063	10501	11101	-94	-97	10	15.88	83.12	2.332
2015-08-06 09:50:59.65	10501	11101	-94	-97	10	16.5	83.28	2.332
2015-08-06 09:54:02.155	10501	11101	-94	-97	10
2015-08-06 09:59:18.438	10501	11101	-94	-97	10
2015-08-06 10:17:30.894	10501	11101	-94	-97	14	17.04	83.46	2.327
2015-08-06 10:42:46.499	10501	11101	-94	-97	10	17.64	83.69	2.332
2015-08-06 11:20:49.846	10501	11101	-94	-97	10	18.46	83.68	2.332
2015-08-06 11:26:29.275	10501	11101	-94	-97	11
2015-08-06 12:47:56.595	10501	11101	-94	-94	38	19.79	83.18	2.341
2015-08-06 12:50:09.562	10501	11101	-94	-97	38
2015-08-06 12:58:56.919	10501	11101	-94	-97	38
2015-08-06 13:18:30.462	10501	11101	-94	-94	38	20.0	82.65	2.341
2015-08-06 14:31:24.662	10501	11101	-94	-97	30
2015-08-06 14:39:21.498	10501	11101	-94	-97	30	20.52	82.13	2.346
2015-08-06 15:11:56.858	10501	11101	-94	-97	28	20.5	81.92	2.346
2015-08-06 15:39:16.351	10501	11101	-94	-97	20	20.61	81.92	2.346
2015-08-06 15:41:00.751	10501	11101	-94	-97	19
2015-08-06 16:03:52.059	10501	11101	-94	-97	10
2015-08-06 16:11:25.723	10501	11101	-94	-97	14	20.65	81.75	2.341
2015-08-06 16:42:13.074	10501	11101	-94	-97	10	20.64	81.67	2.341
2015-08-06 17:13:45.166	10501	11101	-94	-97	10	20.72	81.79	2.336
2015-08-06 17:36:19.802	10501	11101	-94	-97	10
2015-08-06 17:55:15.498	10501	11101	-94	-97	10	20.9	81.98	2.303
2015-08-06 18:23:11.782	10501	11101	-94	-97	10	20.7	81.4	2.336
2015-08-06 18:31:54.615	10501	11101	-94	-97	10
2015-08-06 18:49:33.982	10501	11101	-94	-97	10	20.58	81.28	2.336
2015-08-06 19:08:47.019	10501	11101	-94	-97	10
2015-08-06 19:22:16.658	10501	11101	-94	-97	10	20.82	81.89	2.336
2015-08-06 19:49:17.107	10501	11101	-94	-97	10	20.68	81.37	2.336
2015-08-06 20:05:50.371	10501	11101	-94	-97	10	20.45	80.84	2.336
2015-08-06 20:41:15.202	10501	11101	-94	-97	10
2015-08-06 20:50:19.586	10501	11101	-94	-97	10	19.57	79.72	2.336
2015-08-06 21:18:55.99	10501	11101	-94	-97	10	18.92	79.27	2.336
2015-08-06 21:22:44.246	10501	11101	-94	-97	10
2015-08-06 21:54:36.671	10501	11101	-94	-97	10	18.2	79.2	2.336
2015-08-06 22:11:06.883	10501	11101	-94	-97	10	17.97	79.33	2.317
2015-08-06 22:13:42.418	10501	11101	-94	-97	10
2015-08-06 22:41:32.314	10501	11101	-94	-97	10	17.6	79.68	2.332
2015-08-06 23:24:10.391	10501	11101	-94	-97	10	17.29	80.1	2.332
2015-08-06 23:38:35.219	10501	11101	-94	-97	10	17.18	80.18	2.332
2015-08-06 23:46:10.134	10501	11101	-94	-97	10
2015-08-07 00:13:34.806	10501	11101	-94	-97	10
2015-08-07 00:21:20.186	10501	11101	-94	-97	10	16.97	80.52	2.332
2015-08-07 00:53:45.394	10501	11101	-94	-97	10	16.82	80.61	2.332
2015-08-07 01:18:37.583	10501	11101	-94	-97	10
2015-08-07 01:23:06.079	10501	11101	-94	-97	10	16.61	80.46	2.317
2015-08-07 01:46:31.743	10501	11101	-94	-97	10	16.47	80.48	2.327
2015-08-07 02:21:56.167	10501	11101	-94	-94	11	16.15	80.29	2.327
2015-08-07 02:47:46.583	10501	11101	-94	-97	10	15.89	80.26	2.327
2015-08-07 02:51:04.735	10501	11101	-94	-97	10
2015-08-07 03:04:26.826	10501	11101	-94	-97	10
2015-08-07 03:13:41.29	10501	11101	-94	-97	10	15.78	80.36	2.327
2015-08-07 03:44:53.402	10501	11101	-94	-97	13	15.58	80.44	2.322
2015-08-07 04:12:57.899	10501	11101	-94	-97	10	15.38	80.42	2.322
2015-08-07 04:23:32.458	10501	11101	-94	-97	10
2015-08-07 04:46:00.914	10501	11101	-94	-97	10	15.22	80.49	2.327
2015-08-07 05:17:31.422	10501	11101	-94	-97	15	15.1	80.56	2.312
2015-08-07 05:55:17.803	10501	11101	-94	-97	16
2015-08-07 05:55:30.455	10501	11101	-94	-97	16	14.9	80.59	2.322
2015-08-07 05:56:00.134	10501	11101	-94	-97	15
2015-08-07 06:17:46.463	10501	11101	-94	-97	24	14.79	80.62	2.322
2015-08-07 07:26:59.423	10501	11101	-94	-97	15	14.68	81.14	2.322
2015-08-07 08:46:09.078	10501	11101	-94	-97	21
2015-08-07 09:00:54.871	10501	11101	-94	-97	18
2015-08-07 09:07:55.702	10501	11101	-94	-97	16	16.07	82.94	2.322
2015-08-07 09:54:41.511	10501	11101	-94	-97	10	17.25	84.12	2.327
2015-08-07 10:09:25.079	10501	11101	-94	-97	21	17.68	84.39	2.322
2015-08-07 11:35:36.69	10501	11101	-94	-97	22	20.76	85.24	2.332
2015-08-07 11:37:00.579	10501	11101	-94	-97	22
2015-08-07 14:16:24.007	10501	11101	-94	-97	25	23.76	82.64	2.336
2015-08-07 14:27:52.351	10501	11101	-94	-97	23
2015-08-07 14:50:20.443	10501	11101	-94	-97	17	24.02	82.7	2.341
2015-08-07 15:10:31.635	10501	11101	-94	-97	10	24.11	82.61	2.341
2015-08-07 15:10:45.247	10501	11101	-94	-97	10
2015-08-07 15:47:39.206	10501	11101	-94	-97	10	24.25	82.44	2.341
2015-08-07 16:06:13.211	10501	11101	-94	-97	10	24.25	82.23	2.336
2015-08-07 21:20:35.466	10501	11101	-94	-97	29
2015-08-07 21:36:07.343	10501	11101	-94	-97	25	21.46	79.92	2.341
2015-08-07 22:14:30.975	10501	11101	-94	-97	19	20.81	79.7	2.341
2015-08-08 09:40:17.774	10501	11101	-94	-97	13
2015-08-08 09:51:09.198	10501	11101	-94	-97	10	19.6	84.19	2.332
2015-08-08 10:22:47.09	10501	11101	-94	-97	10	20.61	84.79	2.327
2015-08-08 10:23:51.67	10501	11101	-94	-97	10
2015-08-08 10:55:06.278	10501	11101	-94	-97	10	21.9	85.26	2.327
2015-08-08 11:11:00.467	10501	11101	-94	-97	12	22.6	85.17	2.327
2015-08-08 11:12:43.599	10501	11101	-94	-97	11
2015-08-08 11:43:31.91	10501	11101	-94	-97	23	23.27	84.49	2.332
2015-08-08 12:08:12.418	10501	11101	-94	-97	17	23.93	84.56	2.336
2015-08-08 12:45:10.547	10501	11101	-94	-97	10
2015-08-08 12:52:01.567	10501	11101	-94	-97	10	25.22	85.21	2.336
2015-08-08 13:14:23.327	10501	11101	-94	-97	10	25.52	84.41	2.336
2015-08-08 13:14:42.982	10501	11101	-94	-97	10
2015-08-08 13:44:17.706	10501	11101	-94	-97	10	26.65	84.64	2.336
2015-08-08 14:17:38.735	10501	11101	-94	-94	11
2015-08-08 14:26:04.555	10501	11101	-94	-97	10	27.08	84.04	2.341
2015-08-08 14:35:25.835	10501	11101	-94	-97	10	26.99	83.17	2.341
2015-08-08 15:18:39.743	10501	11101	-94	-97	19	25.83	80.85	2.336
2015-08-08 21:40:17.055	10501	11101	-94	-97	25	22.65	80.2	2.341
2015-08-08 22:07:41.859	10501	11101	-94	-97	17	22.22	80.16	2.341
2015-08-08 22:50:43.834	10501	11101	-94	-97	10	21.72	80.18	2.336
2015-08-08 23:07:41.714	10501	11101	-94	-97	10	21.49	80.16	2.336
2015-08-08 23:32:23.686	10501	11101	-94	-97	10
2015-08-08 23:44:43.171	10501	11101	-94	-97	10	21.15	80.32	2.336
2015-08-09 02:37:18.418	10501	11101	-94	-97	24
2015-08-09 02:55:12.99	10501	11101	-94	-97	19	20.18	81.14	2.336
2015-08-09 03:14:48.286	10501	11101	-94	-97	14	20.1	81.15	2.336
2015-08-09 03:28:59.726	10501	11101	-94	-97	10
2015-08-09 03:51:21.238	10501	11101	-94	-97	10	19.89	81.03	2.332
2015-08-09 04:09:46.398	10501	11101	-94	-97	10
2015-08-09 04:23:57.594	10501	11101	-94	-97	10	19.68	80.88	2.332
2015-08-09 04:53:05.603	10501	11101	-94	-97	12	19.5	80.84	2.327
2015-08-09 05:09:03.946	10501	11101	-94	-97	10	19.43	80.87	2.327
2015-08-09 07:43:25.899	10501	11101	-94	-97	12	18.72	81.38	2.332
2015-08-09 08:15:29.558	10501	11101	-94	-97	10	18.79	81.7	2.327
2015-08-09 08:43:09.362	10501	11101	-94	-97	10	19.2	82.37	2.327
2015-08-09 08:47:08.89	10501	11101	-94	-97	10
2015-08-09 09:10:47.242	10501	11101	-94	-97	10
2015-08-09 09:18:50.247	10501	11101	-94	-97	10	19.96	83.22	2.327
2015-08-09 09:52:23.154	10501	11101	-94	-97	10	20.79	84.06	2.327
2015-08-09 10:19:36.51	10501	11101	-94	-97	10
2015-08-09 10:27:18.847	10501	11101	-94	-97	10	21.86	84.65	2.332
2015-08-09 10:50:43.555	10501	11101	-94	-97	10	22.78	84.86	2.332
2015-08-09 11:14:18.638	10501	11101	-94	-97	10	23.52	84.98	2.327
2015-08-09 11:52:03.919	10501	11101	-94	-97	10
2015-08-09 11:52:11.686	10501	11101	-94	-97	10	24.8	85.4	2.332
2015-08-09 12:01:33.378	10501	11101	-94	-97	10
2015-08-09 12:18:43.654	10501	11101	-94	-97	10	25.77	85.79	2.336
2015-08-09 12:39:30.442	10501	11101	-94	-97	10	26.19	84.84	2.336
2015-08-09 23:24:58.715	10501	11101	-94	-97	22
2015-08-09 23:48:15.65	10501	11101	-94	-97	17	21.65	79.8	2.336
2015-08-10 00:11:44.119	10501	11101	-94	-97	10
2015-08-10 00:23:34.686	10501	11101	-94	-97	10	21.43	80.25	2.336
2015-08-10 00:48:44.322	10501	11101	-94	-97	10	21.26	80.34	2.336
2015-08-10 01:17:16.511	10501	11101	-94	-97	10	21.02	80.42	2.336
2015-08-10 01:44:11.951	10501	11101	-94	-97	10
2015-08-10 01:50:53.187	10501	11101	-94	-97	10	20.85	80.54	2.332
2015-08-10 02:10:59.166	10501	11101	-94	-97	10	20.65	80.44	2.332
2015-08-10 02:15:50.075	10501	11101	-94	-97	10
2015-08-10 02:43:16.258	10501	11101	-94	-97	10	20.39	80.36	2.332
2015-08-10 03:11:33.766	10501	11101	-94	-97	10	20.14	80.31	2.332
2015-08-10 03:16:39.182	10501	11101	-94	-97	10
2015-08-10 03:52:31.482	10501	11101	-94	-97	10	19.75	80.22	2.332
2015-08-10 04:19:46.642	10501	11101	-94	-97	10	19.5	80.3	2.327
2015-08-10 04:35:05.75	10501	11101	-94	-97	10	19.42	80.38	2.327
2015-08-10 04:49:11.695	10501	11101	-94	-97	10
2015-08-10 05:06:42.111	10501	11101	-94	-97	10
2015-08-10 05:20:51.606	10501	11101	-94	-97	10	19.18	80.62	2.327
2015-08-10 15:50:40.551	10501	11101	-94	-94	30	25.35	80.3	2.336
2015-08-11 11:52:09.702	10501	11101	-94	-97	10	23.54	84.15	2.332
2015-08-11 12:26:06.726	10501	11101	-94	-97	16
2015-08-11 12:40:38.667	10501	11101	-94	-97	14	24.99	83.99	2.327
2015-08-11 13:10:45.327	10501	11101	-94	-97	10
2015-08-11 13:13:01.963	10501	11101	-94	-97	10	25.83	84.02	2.327
2015-08-11 13:53:04.362	10501	11101	-94	-97	13	25.9	82.46	2.322
2015-08-11 17:48:08.218	10501	11101	-94	-97	26
2015-08-11 18:07:53.626	10501	11101	-94	-97	24
2015-08-11 18:54:53.886	10501	11101	-94	-97	10	25.55	80.52	2.327
2015-08-11 19:19:07.039	10501	11101	-94	-97	10	25.22	80.08	2.327
2015-08-11 19:20:35.298	10501	11101	-94	-97	10
2015-08-12 08:24:34.818	10501	11101	-94	-94	40	16.5	81.75	2.317
2015-08-12 09:12:42.846	10501	11101	-94	-94	45
2015-08-12 10:25:52.831	10501	11101	-94	-94	41	19.32	83.62	2.317
2015-08-12 11:13:00.659	10501	11101	-94	-97	41
2015-08-12 11:53:35.813	10501	11101	-94	-94	38	21.75	84.87	2.322
2015-08-12 13:05:55.815	10501	11101	-94	-94	35	25.02	84.61	2.327
2015-08-12 13:47:28.208	10501	11101	-94	-94	32	25.61	82.92	2.332
2015-08-12 13:50:06.087	10501	11101	-94	-97	32
2015-08-12 14:03:50.942	10501	11101	-94	-94	32
2015-08-12 14:09:07.506	10501	11101	-94	-97	32	25.24	81.38	2.327
2015-08-12 14:48:22.971	10501	11101	-94	-97	32	23.74	79.3	2.332
2015-08-12 15:06:34.122	10501	11101	-94	-97	27	23.89	80.49	2.327
2015-08-12 15:22:37.618	10501	11101	-94	-97	23
2015-08-12 15:35:51.706	10501	11101	-94	-97	21	24.69	82.48	2.327
2015-08-12 16:05:45.77	10501	11101	-94	-97	17	24.58	81.26	2.327
2015-08-12 16:39:00.711	10501	11101	-94	-97	16	24.31	80.86	2.327
2015-08-12 16:54:42.602	10501	11101	-94	-97	14
2015-08-12 17:05:03.058	10501	11101	-94	-97	14	24.21	81.39	2.327
2015-08-12 17:53:50.046	10501	11101	-94	-97	11	24.29	81.49	2.322
2015-08-12 18:14:17.87	10501	11101	-94	-97	10	24.29	81.36	2.327
2015-08-12 18:27:28.295	10501	11101	-94	-97	10
2015-08-12 18:51:12.987	10501	11101	-94	-97	10	23.65	80.28	2.322
2015-08-12 19:38:28.302	10501	11101	-94	-97	15	22.95	79.53	2.322
2015-08-12 19:45:35.366	10501	11101	-94	-97	14
2015-08-12 20:09:55.983	10501	11101	-94	-97	13	22.09	78.77	2.322
2015-08-12 20:50:02.842	10501	11101	-94	-97	12	20.97	78.32	2.322
2015-08-12 21:07:48.307	10501	11101	-94	-97	10	20.53	78.26	2.322
2015-08-12 21:32:24.014	10501	11101	-94	-97	14
2015-08-12 21:48:33.366	10501	11101	-94	-97	10	19.45	78.03	2.317
2015-08-12 22:10:22.202	10501	11101	-94	-97	16	18.99	78.3	2.312
2015-08-12 22:36:23.046	10501	11101	-94	-97	15
2015-08-12 22:51:49.568	10501	11101	-94	-97	17	18.29	78.54	2.312
2015-08-12 23:04:54.035	10501	11101	-94	-97	15
2015-08-12 23:05:32.447	10501	11101	-94	-97	14	18.03	78.51	2.312
2015-08-12 23:56:43.363	10501	11101	-94	-97	10	17.1	78.58	2.312
2015-08-13 00:09:52.079	10501	11101	-94	-97	10	16.88	78.61	2.298
2015-08-13 00:37:21.319	10501	11101	-94	-97	10
2015-08-13 00:56:50.615	10501	11101	-94	-94	10	15.96	78.44	2.312
2015-08-13 01:18:42.758	10501	11101	-94	-97	10	15.54	78.32	2.312
2015-08-13 01:27:19.498	10501	11101	-94	-97	10
2015-08-13 21:16:48.726	10501	11101	-94	-94	28	21.69	78.05	2.322
2015-08-14 02:47:06.211	10501	11101	-94	-94	28	17.21	79.47	2.312
2015-08-14 03:04:42.558	10501	11101	-94	-97	28	17.06	79.47	2.312
2015-08-14 03:44:09.399	10501	11101	-94	-94	28	16.78	79.74	2.312
2015-08-14 04:07:29.29	10501	11101	-94	-94	28	16.7	79.69	2.312
2015-08-14 04:38:00.554	10501	11101	-94	-94	26	16.39	79.63	2.308
2015-08-14 05:47:01.918	10501	11101	-94	-94	22	15.96	79.76	2.308
2015-08-14 05:54:02.434	10501	11101	-94	-97	22
2015-08-14 05:55:48.054	10501	11101	-94	-97	22
2015-08-14 06:35:25.53	10501	11101	-94	-94	20	15.64	79.75	2.308
2015-08-14 07:24:16.551	10501	11101	-94	-94	19	15.65	80.33	2.308
2015-08-14 07:26:30.483	10501	11101	-94	-97	19
2015-08-14 07:37:00.67	10501	11101	-94	-97	18	15.72	80.57	2.308
2015-08-14 08:09:46.811	10501	11101	-94	-97	13	15.99	81.11	2.308
2015-08-14 08:42:40.719	10501	11101	-94	-97	10	16.54	81.95	2.303
2015-08-14 08:46:39.179	10501	11101	-94	-97	10
2015-08-14 08:59:15.047	10501	11101	-94	-97	14
2015-08-14 09:07:43.894	10501	11101	-94	-97	13	17.29	82.92	2.303
2015-08-14 09:52:32.819	10501	11101	-94	-94	11	18.7	83.83	2.303
