result_time	node_id	parent_id	stats_frssi	stats_brssi	etx	temperature	humidity	voltage
2015-07-25 11:40:51.774	10501	10601	-70	-97	10	24.35	89.35	3.498
2015-07-31 15:51:36.786	10501	10601	-70	-97	10	30.27	82.8	3.413
2015-07-31 18:10:41.118	10501	10601	-67	-97	10	28.72	81.44	3.413
2015-07-31 18:17:41.487	10501	10601	-70	-97	10
2015-08-01 15:40:37.463	10501	10601	-70	-97	10	29.47	86.13	3.382
2015-08-01 15:52:06.178	10501	10601	-70	-97	10
2015-08-01 16:22:09.182	10501	10601	-70	-97	10	29.8	83.68	3.382
2015-08-01 17:20:33.878	10501	10601	-70	-70	10	28.99	80.34	3.382
2015-08-01 17:24:34.614	10501	10601	-70	-97	10
2015-08-01 17:42:01.218	10501	10601	-70	-97	10	28.18	79.2	3.382
2015-08-01 18:14:46.463	10501	10601	-70	-97	10	26.9	78.48	3.382
2015-08-01 18:43:13.291	10501	10601	-70	-97	10	26.08	78.66	3.382
2015-08-01 18:55:59.131	10501	10601	-70	-97	10
2015-08-01 18:57:04.53	10501	10601	-70	-97	10
2015-08-01 19:07:30.05	10501	10601	-70	-97	10	25.71	79.31	3.382
2015-08-05 11:52:10.434	10501	10601	-70	-97	10	23.02	85.19	2.662
2015-08-05 12:06:46.719	10501	10601	-70	-97	10	23.36	85.09	2.531
2015-08-05 12:19:36.366	10501	10601	-70	-67	10
2015-08-05 13:11:14.735	10501	10601	-70	-97	10	25.15	84.23	2.492
2015-08-05 14:56:21.391	10501	10601	-70	-67	10	26.52	83.84	2.381
2015-08-05 16:35:12.482	10501	10601	-67	-97	10	27.04	82.76	2.366
2015-08-05 17:40:13.318	10501	10601	-70	-97	10	26.52	81.47	2.361
2015-08-05 18:25:18.962	10501	10601	-67	-97	10	25.93	80.92	2.361
2015-08-05 18:43:43.51	10501	10601	-70	-97	10	25.72	80.74	2.366
2015-08-05 19:45:02.858	10501	10601	-67	-67	10
2015-08-06 13:46:22.086	10501	10601	-70	-70	10	20.25	82.68	2.341
2015-08-06 14:06:13.426	10501	10601	-70	-97	10	20.43	82.57	2.346
2015-08-07 13:51:21.859	10501	10601	-70	-97	10	23.72	82.96	2.336
2015-08-09 13:16:48.486	10501	10601	-70	-97	10	27.66	85.2	2.341
2015-08-09 13:24:31.394	10501	10601	-70	-97	10
2015-08-09 13:37:51.191	10501	10601	-70	-97	10	27.47	83.09	2.312
2015-08-09 14:39:52.546	10501	10601	-70	-97	10	27.82	82.14	2.346
2015-08-09 14:52:27.547	10501	10601	-70	-97	10
2015-08-09 17:09:09.758	10501	10601	-70	-97	10	28.76	82.05	2.346
2015-08-09 17:43:16.158	10501	10601	-70	-97	10
2015-08-09 17:54:14.279	10501	10601	-70	-97	10	28.29	81.05	2.346
2015-08-09 18:01:54.45	10501	10601	-70	-97	10
2015-08-14 10:48:32.09	10501	10601	-67	-67	10	21.11	84.58	2.289
2015-08-14 10:49:30.571	10501	10601	-67	-67	10	21.18	84.57	2.289
2015-08-15 08:09:20.078	10501	10601	-64	-97	10	19.18	80.31	2.284
2015-08-15 17:03:53.126	10501	10601	-61	-61	10	31.02	79.35	3.805
2015-08-16 13:55:39.418	10501	10601	-64	-97	10	31.88	80.24	3.779
2015-08-16 16:04:38.579	10501	10601	-64	-64	10
2015-08-16 16:51:27.323	10501	10601	-64	-64	10	31.91	79.37	3.779
2015-08-16 18:07:19.515	10501	10601	-64	-64	10
2015-08-17 12:23:20.055	10501	10601	-64	-64	10	28.8	81.37	3.767
2015-08-17 13:39:03.611	10501	10601	-64	-97	10
2015-08-17 13:58:22.978	10501	10601	-64	-97	10	32.36	80.07	3.767
2015-08-17 14:03:30.07	10501	10601	-64	-97	10
2015-08-17 15:33:07.579	10501	10601	-64	-61	10	31.99	80.29	3.767
2015-08-17 16:41:14.282	10501	10601	-64	-97	10	32.43	79.67	3.767
2015-08-17 16:43:57.946	10501	10601	-64	-97	10
2015-08-17 16:54:10.078	10501	10601	-64	-97	10
2015-08-17 16:57:24.534	10501	10601	-64	-97	10	32.69	79.97	3.767
2015-08-17 17:26:56.379	10501	10601	-64	-97	10	32.76	79.68	3.767
2015-08-17 18:05:49.411	10501	10601	-64	-64	10	32.01	78.84	3.767
2015-08-17 18:16:26.738	10501	10601	-64	-64	10
2015-08-17 18:35:19.747	10501	10601	-61	-97	10	31.32	78.34	3.767
2015-08-17 19:32:38.167	10501	10601	-64	-97	10	29.9	77.73	3.767
2015-08-17 19:45:01.31	10501	10601	-64	-97	10
2015-08-17 19:48:54.647	10501	10601	-64	-61	10
2015-08-17 20:02:18.835	10501	10601	-64	-64	10	28.86	77.38	3.767
2015-08-17 21:21:21.047	10501	10601	-61	-97	10
2015-08-17 22:12:23.651	10501	10601	-61	-61	10	25.24	77.33	3.754
2015-08-17 22:35:52.415	10501	10601	-64	-64	10
2015-08-17 22:53:47.795	10501	10601	-61	-61	10
2015-08-17 23:28:45.054	10501	10601	-64	-61	10	24.07	77.9	3.754
2015-08-18 01:32:17.278	10501	10601	-61	-61	10	22.72	78.37	3.754
2015-08-18 01:58:42.95	10501	10601	-64	-64	10
2015-08-18 02:02:29.803	10501	10601	-64	-97	10	22.56	78.49	3.754
2015-08-18 02:33:31.395	10501	10601	-61	-97	10	22.31	78.63	3.754
2015-08-18 03:08:44.655	10501	10601	-64	-61	10	22.14	78.78	3.754
2015-08-18 03:31:10.618	10501	10601	-61	-97	10
2015-08-18 03:35:10.307	10501	10601	-61	-61	10	22.02	78.88	3.754
2015-08-18 04:34:34.094	10501	10601	-61	-61	10	22.1	79.21	3.754
2015-08-18 06:39:27.831	10501	10601	-64	-97	10	20.86	78.69	3.754
2015-08-18 07:12:03.55	10501	10601	-64	-64	10	20.75	78.98	3.754
2015-08-18 11:21:48.523	10501	10601	-64	-97	10	21.89	81.1	3.742
2015-08-18 16:31:15.198	10501	10601	-64	-64	10	24.63	80.72	3.742
2015-08-18 17:03:07.239	10501	10601	-64	-97	10	24.31	80.47	3.742
2015-08-18 19:51:39.574	10501	10601	-64	-64	10	23.88	80.85	3.742
2015-08-19 19:35:05.855	10501	10601	-64	-64	10
2015-08-20 00:12:27.963	10501	10601	-64	-64	10
2015-08-20 01:52:46.81	10501	10601	-64	-97	10	23.65	81.97	3.742
2015-08-20 06:22:18.015	10501	10601	-64	-64	10
2015-08-20 06:38:33.05	10501	10601	-64	-97	10	23.29	82.69	3.729
2015-08-20 07:09:05.827	10501	10601	-64	-97	10	23.33	82.77	3.729
2015-08-20 07:32:37.375	10501	10601	-64	-64	10	23.47	82.94	3.729
2015-08-20 07:32:57.575	10501	10601	-64	-97	10
2015-08-20 07:54:32.755	10501	10601	-64	-97	10	23.6	82.99	3.729
2015-08-20 08:22:50.419	10501	10601	-64	-64	10	23.69	83.11	3.729
2015-08-20 09:00:39.03	10501	10601	-64	-97	10	23.86	83.22	3.729
2015-08-20 09:27:14.478	10501	10601	-64	-64	10
2015-08-20 09:34:29.531	10501	10601	-64	-97	10	24.22	83.54	3.729
2015-08-20 10:01:25.074	10501	10601	-64	-97	10	24.39	83.27	3.729
2015-08-20 10:23:48.974	10501	10601	-64	-64	10
2015-08-20 10:32:17.391	10501	10601	-64	-97	10	24.49	83.42	3.729
2015-08-20 10:59:41.23	10501	10601	-64	-64	10
2015-08-20 11:01:08.678	10501	10601	-64	-97	10	24.91	83.54	3.729
2015-08-20 11:23:55.774	10501	10601	-67	-97	10	24.97	83.57	3.729
2015-08-20 12:03:35.13	10501	10601	-64	-61	10	25.4	83.39	3.717
2015-08-20 12:32:08.766	10501	10601	-64	-97	10
2015-08-20 12:39:16.143	10501	10601	-64	-64	10	25.22	83.06	3.729
2015-08-20 13:14:41.258	10501	10601	-61	-64	10
2015-08-20 14:04:40.846	10501	10601	-64	-64	10
2015-08-20 14:09:13.799	10501	10601	-64	-97	10	25.77	83.03	3.729
2015-08-20 14:59:45.679	10501	10601	-64	-61	10	26.35	83.41	3.729
2015-08-20 15:37:03.81	10501	10601	-64	-97	10
2015-08-20 16:03:57.242	10501	10601	-64	-61	10	27.21	83.5	3.729
2015-08-20 16:05:37.467	10501	10601	-64	-97	10
2015-08-20 16:29:15.408	10501	10601	-64	-97	10	27.58	84.0	3.729
2015-08-20 16:59:45.45	10501	10601	-64	-64	10	28.02	83.78	3.717
2015-08-20 17:29:37.266	10501	10601	-64	-64	10	28.08	83.14	3.729
2015-08-20 18:32:17.382	10501	10601	-64	-64	10	27.41	82.34	3.729
2015-08-20 18:55:58.598	10501	10601	-64	-64	10	27.24	82.07	3.729
2015-08-20 20:00:45.946	10501	10601	-64	-64	10	25.44	80.4	3.729
2015-08-20 20:14:25.671	10501	10601	-64	-97	10
2015-08-20 20:29:46.467	10501	10601	-64	-64	10	24.49	79.93	3.729
2015-08-20 21:04:58.895	10501	10601	-64	-64	10	23.21	79.66	3.729
2015-08-20 22:42:26.094	10501	10601	-64	-64	10	21.0	80.08	3.717
2015-08-20 23:11:17.918	10501	10601	-64	-64	10	20.54	80.11	3.717
2015-08-20 23:19:21.164	10501	10601	-64	-97	10
2015-08-20 23:36:16.655	10501	10601	-64	-97	10	20.07	80.34	3.717
2015-08-21 00:38:05.634	10501	10601	-64	-64	10
2015-08-21 01:05:05.546	10501	10601	-64	-97	10	18.79	80.25	3.717
2015-08-21 02:24:15.154	10501	10601	-64	-64	10
2015-08-21 02:32:26.374	10501	10601	-64	-97	10	17.83	80.63	3.717
2015-08-21 02:52:10.718	10501	10601	-64	-97	10	17.53	80.51	3.717
2015-08-21 04:00:36.975	10501	10601	-64	-64	10	16.6	80.41	3.717
2015-08-21 06:10:22.31	10501	10601	-64	-64	10	14.97	80.48	3.705
2015-08-21 06:35:03.943	10501	10601	-64	-64	10	14.78	80.59	3.717
2015-08-21 08:03:11.719	10501	10601	-64	-64	10	14.68	81.69	3.717
2015-08-21 08:34:05.862	10501	10601	-64	-97	10
2015-08-21 09:58:23.56	10501	10601	-64	-64	10	18.07	84.23	3.705
2015-08-21 10:06:33.59	10501	10601	-64	-64	10
2015-08-21 10:42:24.535	10501	10601	-64	-67	10	20.17	83.34	3.705
2015-08-21 11:00:38.946	10501	10601	-64	-64	10	20.64	83.57	3.717
2015-08-21 11:31:23.314	10501	10601	-64	-97	10	21.49	83.96	3.705
2015-08-21 11:39:00.214	10501	10601	-64	-97	10
2015-08-21 12:01:31.242	10501	10601	-64	-97	10
2015-08-21 12:09:49.943	10501	10601	-64	-64	10	24.22	83.13	3.717
2015-08-21 12:33:46.383	10501	10601	-67	-97	10	26.91	84.44	3.717
2015-08-21 12:56:49.794	10501	10601	-67	-67	10	28.9	83.48	3.717
2015-08-21 13:11:28.519	10501	10601	-64	-97	10
2015-08-21 13:35:56.639	10501	10601	-67	-64	10	28.32	81.46	3.717
2015-08-21 14:06:20.799	10501	10601	-64	-97	10	28.54	80.84	3.717
2015-08-21 14:38:20.782	10501	10601	-64	-67	10	28.05	80.55	3.717
2015-08-21 14:43:55.622	10501	10601	-64	-97	10
2015-08-21 14:52:21.742	10501	10601	-64	-64	10
2015-08-21 15:06:19.322	10501	10601	-64	-97	10	27.93	80.68	3.717
2015-08-21 15:36:42.559	10501	10601	-64	-97	10	28.08	81.48	3.705
2015-08-21 16:12:12.89	10501	10601	-64	-64	10	27.61	80.72	3.717
2015-08-21 16:16:26.838	10501	10601	-64	-97	10
2015-08-21 16:22:13.878	10501	10601	-64	-64	10	27.69	81.48	3.717
2015-08-21 17:04:47.97	10501	10601	-64	-64	10	27.94	81.32	3.742
2015-08-21 17:22:07.518	10501	10601	-64	-97	10	27.66	80.89	3.717
2015-08-21 17:43:13.03	10501	10601	-64	-97	10
2015-08-21 17:48:50.45	10501	10601	-64	-64	10
2015-08-21 18:01:15.087	10501	10601	-64	-97	10	26.94	80.07	3.717
2015-08-21 18:37:14.23	10501	10601	-64	-64	10	26.24	79.87	3.717
2015-08-21 19:01:35.607	10501	10601	-64	-97	10	25.83	79.68	3.717
2015-08-21 19:21:17.847	10501	10601	-64	-97	10
2015-08-21 19:21:37.474	10501	10601	-64	-97	10	25.18	79.22	3.717
2015-08-21 19:54:56.542	10501	10601	-64	-64	10	23.9	78.67	3.717
2015-08-21 20:27:06.206	10501	10601	-64	-64	10	22.72	78.34	3.717
2015-08-21 20:34:04.598	10501	10601	-64	-97	10
2015-08-21 20:53:15.274	10501	10601	-64	-97	10	21.86	78.22	3.717
2015-08-21 20:53:46.403	10501	10601	-64	-97	10
2015-08-21 21:20:40.95	10501	10601	-64	-64	10	21.0	78.25	3.717
2015-08-21 23:24:55.355	10501	10601	-64	-64	10
2015-08-21 23:55:23.847	10501	10601	-64	-64	10	18.02	79.26	3.717
2015-08-22 00:32:12.482	10501	10601	-64	-64	10	17.47	79.32	3.705
2015-08-22 01:39:00.074	10501	10601	-61	-61	10	16.46	79.21	3.705
2015-08-22 01:39:02.166	10501	10601	-61	-61	10	16.46	79.21	3.705
2015-08-22 02:29:57.215	10501	10601	-64	-64	10	15.6	79.08	3.717
2015-08-22 02:29:59.546	10501	10601	-64	-64	10	15.6	79.08	3.717
2015-08-22 03:34:46.034	10501	10601	-64	-64	10	14.75	79.35	3.705
2015-08-22 03:53:01.554	10501	10601	-64	-97	10	14.61	79.45	3.717
2015-08-22 04:25:24.915	10501	10601	-64	-97	10	14.2	79.46	3.705
2015-08-22 04:36:03.106	10501	10601	-64	-64	10
2015-08-22 04:51:42.782	10501	10601	-64	-97	10	14.02	79.55	3.705
2015-08-22 05:06:38.066	10501	10601	-64	-64	10
2015-08-22 05:27:24.147	10501	10601	-64	-97	10	13.71	79.63	3.705
2015-08-22 05:55:06.006	10501	10601	-64	-64	10	13.54	79.75	3.705
2015-08-22 06:08:30.956	10501	10601	-64	-97	10
2015-08-22 07:40:58.194	10501	10601	-64	-64	10
2015-08-22 07:57:30.191	10501	10601	-64	-64	10
2015-08-22 08:00:56.615	10501	10601	-64	-64	10	13.61	81.05	3.705
2015-08-22 08:21:59.975	10501	10601	-64	-64	10	13.92	81.64	3.705
2015-08-22 10:25:00.318	10501	10601	-64	-64	10	17.92	82.91	3.705
2015-08-22 10:45:52.843	10501	10601	-67	-97	10
2015-08-22 10:48:20.927	10501	10601	-67	-97	10
2015-08-22 11:08:41.751	10501	10601	-64	-64	10	19.6	83.09	3.693
2015-08-22 11:26:40.731	10501	10601	-64	-64	10	20.15	83.34	3.705
2015-08-22 12:04:42.435	10501	10601	-64	-64	10	23.97	82.3	3.705
2015-08-22 12:18:23.962	10501	10601	-64	-97	10
2015-08-22 12:42:31.104	10501	10601	-67	-97	10	28.1	83.96	3.705
2015-08-22 13:01:10.423	10501	10601	-67	-67	10	29.51	82.8	3.705
2015-08-22 13:20:25.607	10501	10601	-64	-97	10	28.69	81.67	3.705
2015-08-22 13:39:12.33	10501	10601	-67	-97	10
2015-08-22 13:50:47.712	10501	10601	-67	-97	10
2015-08-22 14:02:55.791	10501	10601	-67	-64	10	28.97	80.42	3.705
2015-08-22 14:31:11.551	10501	10601	-64	-97	10	28.29	79.44	3.705
2015-08-22 15:11:24.378	10501	10601	-64	-97	10	27.86	79.52	3.705
2015-08-22 15:23:16.022	10501	10601	-64	-97	10
2015-08-22 15:42:14.195	10501	10601	-64	-64	10	28.19	80.82	3.705
2015-08-22 16:06:04.202	10501	10601	-64	-64	10	28.1	80.69	3.705
2015-08-22 16:24:01.982	10501	10601	-64	-97	10	28.21	81.41	3.717
2015-08-22 16:30:03.142	10501	10601	-64	-97	10
2015-08-22 16:55:28.699	10501	10601	-64	-64	10	28.27	80.86	3.705
2015-08-22 16:55:43.383	10501	10601	-64	-97	10
2015-08-22 17:23:18.615	10501	10601	-64	-64	10	28.02	80.25	3.717
2015-08-22 18:07:21.946	10501	10601	-64	-97	10	26.88	78.96	3.705
2015-08-22 18:28:10.607	10501	10601	-64	-64	10
2015-08-22 18:36:31.782	10501	10601	-64	-97	10	26.22	78.85	3.717
2015-08-22 19:09:59.998	10501	10601	-64	-97	10	25.46	78.64	3.705
2015-08-22 19:20:55.01	10501	10601	-64	-64	10
2015-08-22 19:33:08.182	10501	10601	-64	-97	10	24.61	78.15	3.705
2015-08-22 20:00:38.343	10501	10601	-67	-97	10
2015-08-22 20:05:14.495	10501	10601	-64	-64	10	23.39	77.6	3.705
2015-08-22 22:11:47.138	10501	10601	-64	-64	10
2015-08-22 23:10:11.803	10501	10601	-64	-64	10	18.42	77.97	3.693
2015-08-23 00:39:24.074	10501	10601	-64	-64	10	17.36	78.58	3.705
2015-08-23 04:35:36.319	10501	10601	-64	-64	10	15.06	79.04	3.693
2015-08-23 08:01:35.635	10501	10601	-64	-64	10	14.5	80.35	3.693
2015-08-23 08:33:26.383	10501	10601	-64	-97	10	14.99	80.91	3.693
2015-08-23 10:52:07.215	10501	10601	-64	-64	10	19.07	82.62	3.693
2015-08-23 12:09:35.287	10501	10601	-67	-67	10	25.36	81.72	3.681
2015-08-23 12:57:53.534	10501	10601	-67	-97	10
2015-08-23 13:41:22.407	10501	10601	-64	-67	10	30.3	81.16	3.705
2015-08-23 14:07:28.038	10501	10601	-67	-97	10	30.52	80.53	3.705
2015-08-23 14:29:11.15	10501	10601	-67	-67	10	30.13	79.85	3.705
2015-08-23 14:30:08.451	10501	10601	-67	-97	10
2015-08-23 15:16:55.01	10501	10601	-67	-97	10
2015-08-23 16:02:37.931	10501	10601	-67	-67	10
2015-08-23 17:35:04.23	10501	10601	-64	-67	10
2015-08-23 17:35:35.866	10501	10601	-64	-97	10	29.94	79.62	3.705
2015-08-23 18:03:09.766	10501	10601	-64	-64	10	29.3	78.89	3.705
2015-08-23 18:07:44.759	10501	10601	-67	-97	10
2015-08-23 19:03:20.779	10501	10601	-67	-64	10	27.66	78.2	3.705
2015-08-23 19:56:16.643	10501	10601	-64	-64	10	26.21	77.77	3.705
2015-08-23 20:51:52.476	10501	10601	-67	-64	10	24.58	77.76	3.717
2015-08-23 22:12:25.923	10501	10601	-67	-64	10
2015-08-23 23:29:06.53	10501	10601	-64	-64	10	21.79	78.31	3.693
2015-08-23 23:49:27.746	10501	10601	-64	-97	10
2015-08-24 01:32:20.038	10501	10601	-67	-64	10	20.54	78.86	3.693
2015-08-24 02:40:19.574	10501	10601	-64	-64	10
2015-08-24 03:37:21.81	10501	10601	-64	-64	10	20.14	79.43	3.693
2015-08-24 04:38:59.551	10501	10601	-64	-64	10	20.1	79.63	3.693
2015-08-24 05:31:10.45	10501	10601	-67	-64	10
2015-08-24 05:58:37.87	10501	10601	-64	-64	10	19.71	79.36	3.693
2015-08-24 07:22:06.971	10501	10601	-64	-64	10	19.78	79.92	3.681
2015-08-24 07:27:11.05	10501	10601	-64	-97	10
2015-08-24 07:52:48.67	10501	10601	-64	-64	10	19.96	80.11	3.693
2015-08-24 08:21:24.187	10501	10601	-64	-64	10	19.93	79.95	3.693
2015-08-24 08:22:02.331	10501	10601	-64	-97	10
2015-08-24 08:53:42.154	10501	10601	-67	-97	10	20.08	80.19	3.693
2015-08-24 08:59:40.854	10501	10601	-67	-64	10
2015-08-24 09:22:36.258	10501	10601	-67	-67	10	20.54	80.58	3.693
2015-08-24 09:57:01.699	10501	10601	-67	-64	10	20.94	80.74	3.693
2015-08-24 10:29:35.475	10501	10601	-67	-64	10	21.44	80.64	3.693
2015-08-24 10:32:06.915	10501	10601	-67	-97	10
2015-08-24 10:55:36.618	10501	10601	-67	-64	10	21.79	80.89	3.693
2015-08-24 11:12:53.126	10501	10601	-64	-97	10
2015-08-24 11:34:08.614	10501	10601	-64	-67	10	22.74	81.64	3.693
2015-08-24 12:02:41.474	10501	10601	-64	-97	10	25.66	80.92	3.693
2015-08-24 12:04:35.27	10501	10601	-64	-97	10
2015-08-24 12:35:55.622	10501	10601	-67	-97	10	28.08	81.59	3.693
2015-08-24 12:59:31.819	10501	10601	-67	-67	10	29.3	80.94	3.693
2015-08-24 13:33:25.53	10501	10601	-64	-64	10	29.02	79.95	3.693
2015-08-24 13:37:01.76	10501	10601	-64	-97	10
2015-08-24 14:03:44.074	10501	10601	-64	-64	10
2015-08-24 14:04:34.255	10501	10601	-64	-97	10	29.11	78.91	3.693
2015-08-24 15:08:48.51	10501	10601	-64	-64	10	28.3	78.82	3.693
2015-08-24 15:09:27.598	10501	10601	-64	-97	10
2015-08-24 15:34:58.03	10501	10601	-64	-64	10	28.18	78.74	3.693
2015-08-24 15:58:57.718	10501	10601	-64	-97	10	28.05	78.85	3.693
2015-08-24 16:37:20.066	10501	10601	-64	-64	10	28.52	79.57	3.693
2015-08-24 16:41:55.859	10501	10601	-64	-97	10
2015-08-24 16:54:35.69	10501	10601	-64	-97	10
2015-08-24 16:59:00.394	10501	10601	-64	-97	10	28.19	79.02	3.693
2015-08-24 17:41:34.595	10501	10601	-64	-64	10	27.49	78.06	3.693
2015-08-24 18:08:05.439	10501	10601	-61	-97	10	26.83	77.57	3.693
2015-08-24 18:14:24.275	10501	10601	-64	-97	10
2015-08-24 18:24:16.802	10501	10601	-64	-64	10	26.58	77.6	3.693
2015-08-24 19:01:04.678	10501	10601	-64	-64	10	25.82	77.56	3.693
2015-08-24 19:22:10.426	10501	10601	-64	-97	10	25.46	77.48	3.693
2015-08-24 19:45:26.875	10501	10601	-64	-97	10
2015-08-24 19:46:51.128	10501	10601	-64	-97	10
2015-08-24 19:51:52.595	10501	10601	-64	-97	10	24.69	77.28	3.693
2015-08-24 20:39:51.994	10501	10601	-67	-64	10	23.42	76.91	3.693
2015-08-24 22:09:35.335	10501	10601	-67	-64	10	22.28	77.53	3.693
2015-08-24 22:36:18.006	10501	10601	-67	-97	10
2015-08-24 22:40:33.019	10501	10601	-67	-97	10	21.81	77.46	3.693
2015-08-24 22:51:46.983	10501	10601	-67	-64	10
2015-08-24 23:07:06.663	10501	10601	-67	-97	10	21.15	77.09	3.693
2015-08-24 23:38:21.798	10501	10601	-67	-67	10	20.38	76.8	3.693
2015-08-25 00:04:46.718	10501	10601	-67	-64	10	19.74	76.64	3.693
2015-08-25 00:21:24.367	10501	10601	-64	-97	10	19.42	76.68	3.693
2015-08-25 00:24:15.135	10501	10601	-67	-97	10
2015-08-25 00:58:02.467	10501	10601	-64	-64	10	18.64	76.68	3.681
2015-08-25 01:27:08.935	10501	10601	-67	-64	10
2015-08-25 01:40:19.915	10501	10601	-64	-97	10	17.78	76.64	3.681
2015-08-25 01:56:41.02	10501	10601	-64	-64	10
2015-08-25 01:59:35.887	10501	10601	-67	-97	10	17.35	76.63	3.693
2015-08-25 02:39:38.639	10501	10601	-64	-64	10	16.63	76.79	3.681
2015-08-25 02:50:29.155	10501	10601	-64	-97	10	16.5	76.82	3.705
2015-08-25 03:29:08.534	10501	10601	-64	-64	10
2015-08-25 03:30:28.122	10501	10601	-64	-97	10	15.92	76.91	3.681
2015-08-25 04:03:57.582	10501	10601	-64	-64	10	15.5	77.11	3.681
2015-08-25 04:17:59.99	10501	10601	-64	-97	10
2015-08-25 04:38:43.198	10501	10601	-64	-97	10	15.22	77.2	3.681
2015-08-25 05:01:36.71	10501	10601	-64	-97	10
2015-08-25 05:01:43.318	10501	10601	-64	-97	10	15.02	77.37	3.681
2015-08-25 05:42:27.162	10501	10601	-67	-67	10	14.77	77.55	3.681
2015-08-25 06:11:53.263	10501	10601	-64	-64	10	14.54	77.55	3.681
2015-08-25 06:26:22.642	10501	10601	-64	-97	10	14.43	77.55	3.693
2015-08-25 06:34:03.967	10501	10601	-64	-97	10
2015-08-25 07:03:22.55	10501	10601	-64	-64	10	14.14	77.62	3.681
2015-08-25 07:08:51.262	10501	10601	-64	-97	10
2015-08-25 07:36:37.599	10501	10601	-64	-64	10	14.04	77.93	3.681
2015-08-25 07:55:42.986	10501	10601	-67	-97	10	14.22	78.56	3.681
2015-08-25 08:06:30.826	10501	10601	-64	-64	10
2015-08-25 08:20:23.19	10501	10601	-64	-97	10	14.7	79.19	3.681
2015-08-25 08:51:20.135	10501	10601	-67	-64	10	15.38	79.79	3.681
2015-08-25 10:08:09.442	10501	10601	-67	-64	10	17.45	80.67	3.669
2015-08-25 10:34:54.967	10501	10601	-67	-64	10	18.46	80.84	3.681
2015-08-25 10:53:22.319	10501	10601	-64	-97	10	19.14	80.89	3.681
2015-08-25 11:11:27.735	10501	10601	-67	-97	10
2015-08-25 11:22:42.082	10501	10601	-64	-67	10	20.1	81.32	3.681
2015-08-25 12:06:15.883	10501	10601	-67	-64	10	20.64	80.39	3.669
2015-08-25 12:40:23.491	10501	10601	-67	-64	10	20.9	80.0	3.681
2015-08-25 12:43:54.923	10501	10601	-67	-97	10
2015-08-25 12:50:35.466	10501	10601	-64	-97	10
2015-08-25 13:06:19.338	10501	10601	-67	-97	10	20.89	79.33	3.681
2015-08-25 13:34:12.782	10501	10601	-67	-67	10	21.2	79.37	3.681
2015-08-25 13:57:02.122	10501	10601	-64	-97	10	21.5	79.79	3.681
2015-08-25 14:16:21.07	10501	10601	-67	-97	10
2015-08-25 14:24:50.515	10501	10601	-67	-64	10	21.9	79.59	3.681
2015-08-25 14:59:18.242	10501	10601	-64	-64	10	21.76	79.2	3.681
2015-08-25 15:41:25.706	10501	10601	-64	-97	10
2015-08-25 15:42:32.167	10501	10601	-67	-97	10	21.82	78.92	3.681
2015-08-25 15:48:48.742	10501	10601	-67	-97	10
2015-08-25 15:50:14.159	10501	10601	-64	-97	10	21.81	78.94	3.693
2015-08-25 16:24:18.286	10501	10601	-64	-67	10	21.68	78.76	3.681
2015-08-25 17:04:56.574	10501	10601	-64	-64	10	21.43	78.42	3.681
2015-08-25 17:21:16.199	10501	10601	-64	-97	10
2015-08-25 17:26:47.991	10501	10601	-64	-97	10	21.29	78.28	3.681
2015-08-25 18:10:18.199	10501	10601	-64	-64	10	20.6	77.88	3.681
2015-08-25 18:24:00.699	10501	10601	-64	-64	10	20.4	77.81	3.681
2015-08-25 18:32:17.238	10501	10601	-67	-64	10
2015-08-25 18:53:44.292	10501	10601	-64	-64	10
2015-08-25 18:59:45.642	10501	10601	-64	-97	10	20.0	77.75	3.669
2015-08-25 19:32:05.238	10501	10601	-64	-97	10	19.56	77.69	3.681
2015-08-25 20:02:37.406	10501	10601	-64	-64	10	19.17	77.61	3.681
2015-08-25 20:26:08.758	10501	10601	-64	-97	10	18.85	77.59	3.681
2015-08-25 20:26:12.059	10501	10601	-64	-97	10
2015-08-25 21:10:02.442	10501	10601	-64	-97	10	18.25	77.6	3.669
2015-08-25 21:23:08.839	10501	10601	-64	-64	10
2015-08-25 21:24:13.791	10501	10601	-64	-97	10	18.24	77.83	3.681
2015-08-25 21:58:38.679	10501	10601	-64	-64	10
2015-08-25 22:04:41.763	10501	10601	-64	-97	10	18.11	78.07	3.669
2015-08-25 22:25:52.53	10501	10601	-64	-97	10	17.99	78.01	3.681
2015-08-25 23:03:45.038	10501	10601	-64	-97	10	17.6	77.93	3.669
2015-08-25 23:31:06.602	10501	10601	-64	-64	10
2015-08-25 23:32:02.008	10501	10601	-64	-97	10	17.47	78.06	3.669
2015-08-26 00:09:10.255	10501	10601	-64	-64	10	17.36	78.17	3.669
2015-08-26 00:14:01.638	10501	10601	-64	-97	10
2015-08-26 00:38:25.298	10501	10601	-64	-97	10	17.18	78.08	3.669
2015-08-26 00:51:03.185	10501	10601	-64	-97	10	17.1	78.01	3.681
2015-08-26 01:03:34.219	10501	10601	-61	-97	10
2015-08-26 01:40:19.978	10501	10601	-61	-64	10	16.74	77.93	3.669
2015-08-26 02:06:02.122	10501	10601	-64	-61	10	16.24	77.49	3.669
2015-08-26 02:27:49.17	10501	10601	-64	-97	10	15.79	77.29	3.681
2015-08-26 02:36:00.998	10501	10601	-64	-97	10
2015-08-26 02:55:30.57	10501	10601	-64	-97	10	15.28	77.08	3.669
2015-08-26 03:04:50.65	10501	10601	-64	-97	10
2015-08-26 03:28:44.707	10501	10601	-64	-64	10	14.74	77.0	3.669
2015-08-26 03:56:33.459	10501	10601	-64	-64	10	14.39	77.16	3.669
2015-08-26 04:08:28.362	10501	10601	-64	-97	10
2015-08-26 04:33:31.082	10501	10601	-64	-97	10	13.96	77.2	3.669
2015-08-26 05:04:16.386	10501	10601	-64	-64	10	13.6	77.33	3.669
2015-08-26 05:40:56.73	10501	10601	-64	-64	10
2015-08-26 05:41:20.703	10501	10601	-64	-97	10	13.32	77.5	3.669
2015-08-26 05:55:42.119	10501	10601	-64	-64	10
2015-08-26 06:03:05.854	10501	10601	-64	-97	10	13.2	77.55	3.669
2015-08-26 06:38:25.882	10501	10601	-64	-64	10	12.88	77.58	3.669
2015-08-26 06:55:56.362	10501	10601	-67	-97	10	12.81	77.67	3.681
2015-08-26 07:13:23.386	10501	10601	-64	-97	10
2015-08-26 07:38:45.498	10501	10601	-64	-64	10	13.06	78.76	3.669
2015-08-26 08:12:19.079	10501	10601	-64	-64	10	13.6	79.3	3.669
2015-08-26 08:24:59.562	10501	10601	-64	-97	10	13.86	79.54	3.681
2015-08-26 08:45:51.15	10501	10601	-64	-64	10
2015-08-26 08:46:33.862	10501	10601	-67	-97	10
2015-08-26 09:00:20.343	10501	10601	-64	-97	10	14.56	79.86	3.669
2015-08-26 09:20:20.474	10501	10601	-64	-64	10	14.89	79.91	3.669
2015-08-26 09:50:59.859	10501	10601	-64	-97	10	15.79	80.39	3.669
2015-08-26 10:18:18.282	10501	10601	-64	-64	10
2015-08-26 10:32:30.714	10501	10601	-64	-64	10	17.08	80.82	3.657
2015-08-26 10:52:03.366	10501	10601	-64	-97	10	17.65	80.79	3.669
2015-08-26 11:22:42.022	10501	10601	-67	-64	10	18.65	80.93	3.669
2015-08-26 11:37:24.874	10501	10601	-67	-97	10
2015-08-26 11:50:48.703	10501	10601	-67	-97	10
2015-08-26 12:51:20.379	10501	10601	-67	-64	10	19.39	79.94	3.669
2015-08-26 13:23:15.382	10501	10601	-67	-67	10
2015-08-26 13:27:28.594	10501	10601	-67	-97	10	20.31	80.27	3.669
2015-08-26 13:56:19.975	10501	10601	-67	-97	10	21.04	80.35	3.669
2015-08-26 14:27:21.115	10501	10601	-67	-64	10	21.07	79.91	3.669
2015-08-26 14:28:16.691	10501	10601	-67	-97	10
2015-08-26 14:55:41.327	10501	10601	-67	-67	10
2015-08-26 15:02:20.947	10501	10601	-67	-97	10	21.17	79.49	3.669
2015-08-26 15:40:20.735	10501	10601	-67	-97	10	21.21	79.81	3.669
2015-08-26 15:51:34.263	10501	10601	-67	-97	10	21.42	79.52	3.681
2015-08-26 16:28:08.894	10501	10601	-67	-64	10
2015-08-26 16:33:26.711	10501	10601	-67	-67	10	21.27	79.25	3.669
2015-08-26 16:51:21.712	10501	10601	-67	-97	10	21.32	79.1	3.669
2015-08-26 17:19:06.879	10501	10601	-67	-67	10
2015-08-26 17:22:11.739	10501	10601	-67	-97	10	21.43	79.28	3.669
2015-08-26 18:00:36.839	10501	10601	-64	-64	10
2015-08-26 18:10:57.807	10501	10601	-67	-97	10	20.95	78.47	3.669
2015-08-26 18:24:18.642	10501	10601	-67	-97	10	20.79	78.28	3.669
2015-08-26 18:50:06.899	10501	10601	-67	-64	10	20.47	78.06	3.669
2015-08-26 19:33:04.591	10501	10601	-67	-67	10
2015-08-26 19:41:40.915	10501	10601	-64	-97	10	19.79	77.89	3.669
2015-08-26 19:52:59.126	10501	10601	-64	-97	10	19.68	77.87	3.681
2015-08-26 20:09:58.578	10501	10601	-67	-67	10
2015-08-26 20:35:44.514	10501	10601	-67	-97	10	19.07	77.77	3.669
2015-08-26 20:59:07.135	10501	10601	-64	-97	10	18.81	77.71	3.669
2015-08-26 21:05:31.926	10501	10601	-64	-97	10
2015-08-26 21:36:36.29	10501	10601	-64	-64	10	18.28	77.63	3.669
2015-08-26 22:05:18.63	10501	10601	-64	-64	10	17.89	77.66	3.669
2015-08-26 22:22:43.263	10501	10601	-67	-97	10	17.65	77.58	3.669
2015-08-26 22:37:59.514	10501	10601	-64	-97	10
2015-08-26 23:00:50.463	10501	10601	-64	-97	10
2015-08-26 23:06:56.829	10501	10601	-67	-97	10	17.13	77.65	3.657
2015-08-26 23:39:04.535	10501	10601	-67	-64	10	16.97	77.88	3.669
2015-08-27 00:04:47.758	10501	10601	-64	-64	10	16.82	77.98	3.669
2015-08-27 00:10:26.614	10501	10601	-64	-97	10
2015-08-27 00:26:24.466	10501	10601	-64	-97	10	16.68	78.0	3.669
2015-08-27 00:57:17.118	10501	10601	-67	-64	10	16.54	78.07	3.669
2015-08-27 01:30:27.083	10501	10601	-64	-64	10	16.38	78.12	3.657
2015-08-27 01:42:54.386	10501	10601	-64	-97	10
2015-08-27 01:51:41.491	10501	10601	-67	-97	10
2015-08-27 01:52:31.098	10501	10601	-64	-97	10	16.29	78.15	3.669
2015-08-27 02:26:11.427	10501	10601	-64	-97	10	16.1	78.16	3.657
2015-08-27 02:51:41.034	10501	10601	-64	-64	10	16.0	78.19	3.669
2015-08-27 03:15:21.51	10501	10601	-64	-64	10
2015-08-27 03:39:11.87	10501	10601	-64	-97	10	15.93	78.33	3.657
2015-08-27 03:54:48.135	10501	10601	-67	-97	10	15.88	78.4	3.669
2015-08-27 04:40:03.162	10501	10601	-67	-64	10	15.93	78.56	3.657
2015-08-27 04:42:31.834	10501	10601	-64	-97	10
2015-08-27 04:47:48.267	10501	10601	-64	-97	10
2015-08-27 04:55:04.655	10501	10601	-64	-97	10	15.93	78.56	3.669
2015-08-27 05:40:22.65	10501	10601	-64	-64	10	15.79	78.45	3.657
2015-08-27 06:06:37.682	10501	10601	-64	-64	10	15.71	78.49	3.657
2015-08-27 06:20:16.259	10501	10601	-64	-97	10
2015-08-27 06:33:21.686	10501	10601	-64	-97	10	15.65	78.5	3.657
2015-08-27 06:53:45.371	10501	10601	-64	-64	10	15.58	78.51	3.669
2015-08-27 07:32:49.311	10501	10601	-64	-64	10	15.61	78.72	3.657
2015-08-27 07:33:25.474	10501	10601	-64	-97	10
2015-08-27 07:52:44.49	10501	10601	-64	-64	10
2015-08-27 07:56:08.974	10501	10601	-64	-97	10	15.78	78.96	3.657
2015-08-27 08:40:18.827	10501	10601	-64	-64	10	16.31	79.59	3.657
2015-08-27 08:53:27.374	10501	10601	-64	-97	10	16.47	79.7	3.669
2015-08-27 09:24:37.979	10501	10601	-64	-97	10	16.93	79.87	3.657
2015-08-27 09:25:13.49	10501	10601	-64	-97	10
2015-08-27 09:50:14.419	10501	10601	-67	-64	10	17.53	80.41	3.657
2015-08-27 10:24:14.799	10501	10601	-64	-97	10
2015-08-27 10:28:22.766	10501	10601	-67	-64	10	18.22	80.38	3.657
2015-08-27 10:57:38.799	10501	10601	-64	-97	10
2015-08-27 11:02:57.046	10501	10601	-64	-97	10	19.02	80.53	3.657
2015-08-27 11:30:23.174	10501	10601	-67	-97	10	19.47	80.45	3.657
2015-08-27 11:54:12.184	10501	10601	-64	-64	10	19.53	80.0	3.657
2015-08-27 12:30:06.294	10501	10601	-64	-64	10
2015-08-27 12:37:56.422	10501	10601	-67	-97	10	20.04	79.98	3.657
2015-08-27 13:02:40.858	10501	10601	-67	-97	10	20.42	80.24	3.657
2015-08-27 13:15:07.831	10501	10601	-67	-97	10
2015-08-27 13:39:20.078	10501	10601	-67	-64	10	20.83	80.07	3.657
2015-08-27 13:59:35.254	10501	10601	-67	-67	10	21.14	80.08	3.657
2015-08-27 14:02:36.422	10501	10601	-67	-97	10
2015-08-27 14:24:57.826	10501	10601	-67	-97	10	21.03	79.51	3.657
2015-08-27 15:08:41.014	10501	10601	-64	-97	10	20.64	79.01	3.657
2015-08-27 15:23:23.355	10501	10601	-67	-64	10	20.83	79.37	3.669
2015-08-27 15:35:02.114	10501	10601	-67	-97	10
2015-08-27 16:02:36.767	10501	10601	-64	-64	10	21.22	79.58	3.657
2015-08-27 16:05:57.527	10501	10601	-64	-97	10
2015-08-27 16:31:14.606	10501	10601	-64	-97	10	21.47	79.74	3.657
2015-08-27 16:57:50.182	10501	10601	-64	-64	10	21.83	79.97	3.657
2015-08-27 17:07:29.463	10501	10601	-64	-97	10
2015-08-27 17:38:09.239	10501	10601	-64	-64	10	22.11	80.05	3.657
2015-08-27 17:53:23.919	10501	10601	-64	-97	10	22.42	80.12	3.669
2015-08-27 18:22:00.386	10501	10601	-64	-64	10	22.26	79.35	3.657
2015-08-27 18:39:56.651	10501	10601	-64	-64	10
2015-08-27 18:56:49.81	10501	10601	-64	-64	10
2015-08-27 18:58:09.579	10501	10601	-64	-97	10	21.78	78.7	3.657
2015-08-27 19:39:00.623	10501	10601	-64	-64	10	21.11	78.22	3.657
2015-08-27 20:09:54.334	10501	10601	-64	-64	10	20.52	77.96	3.657
2015-08-27 20:12:24.174	10501	10601	-64	-97	10
2015-08-27 20:40:35.967	10501	10601	-64	-97	10	20.02	77.91	3.657
2015-08-27 21:10:26.962	10501	10601	-61	-64	10	19.56	77.87	3.645
2015-08-27 21:27:54.183	10501	10601	-64	-97	10	19.32	77.85	3.669
2015-08-27 21:44:51.742	10501	10601	-61	-97	10
2015-08-27 21:47:39.95	10501	10601	-61	-61	10
2015-08-27 21:56:25.882	10501	10601	-61	-97	10	18.83	77.67	3.657
2015-08-27 22:38:19.522	10501	10601	-64	-61	10	17.92	77.4	3.657
2015-08-27 23:08:53.678	10501	10601	-64	-61	10	17.31	77.32	3.657
2015-08-27 23:17:18.802	10501	10601	-64	-97	10
2015-08-27 23:25:35.102	10501	10601	-64	-97	10	17.04	77.35	3.669
2015-08-28 00:02:00.399	10501	10601	-61	-97	10	16.47	77.41	3.657
2015-08-28 00:32:49.366	10501	10601	-64	-97	10	16.11	77.54	3.657
2015-08-28 00:38:30.963	10501	10601	-64	-97	10
2015-08-28 00:49:46.619	10501	10601	-64	-64	10
2015-08-28 01:04:18.752	10501	10601	-61	-97	10	15.79	77.68	3.657
2015-08-28 01:22:39.362	10501	10601	-61	-61	10	15.61	77.75	3.657
2015-08-28 02:01:41.095	10501	10601	-64	-97	10	15.32	77.92	3.657
2015-08-28 02:22:14.234	10501	10601	-64	-64	10
2015-08-28 02:42:09.843	10501	10601	-64	-64	10	14.97	77.97	3.657
2015-08-28 03:07:05.478	10501	10601	-61	-97	10	14.68	77.91	3.657
2015-08-28 03:29:22.978	10501	10601	-64	-64	10
2015-08-28 03:38:26.419	10501	10601	-61	-97	10	14.54	78.11	3.657
2015-08-28 03:54:42.254	10501	10601	-61	-64	10
2015-08-28 04:06:51.798	10501	10601	-61	-97	10	14.35	78.12	3.657
2015-08-28 04:40:07.091	10501	10601	-61	-61	10	14.27	78.28	3.657
2015-08-28 05:01:02.746	10501	10601	-61	-97	10	14.15	78.31	3.645
2015-08-28 05:27:08.45	10501	10601	-64	-97	10
2015-08-28 05:31:14.77	10501	10601	-61	-97	10	13.93	78.24	3.657
2015-08-28 06:06:07.938	10501	10601	-64	-64	10	13.72	78.24	3.657
2015-08-28 06:20:14.115	10501	10601	-64	-97	10
2015-08-28 06:20:18.222	10501	10601	-61	-97	10	13.65	78.28	3.669
2015-08-28 06:56:59.059	10501	10601	-61	-61	10	13.43	78.29	3.645
2015-08-28 06:59:36.995	10501	10601	-64	-97	10
2015-08-28 07:34:27.527	10501	10601	-61	-64	10	13.42	78.56	3.645
2015-08-28 07:56:53.426	10501	10601	-61	-64	10	13.54	78.89	3.657
2015-08-28 08:25:50.818	10501	10601	-61	-97	10	13.79	79.4	3.657
2015-08-28 08:32:04.179	10501	10601	-64	-97	10
2015-08-28 09:04:39.49	10501	10601	-64	-97	10	14.75	80.16	3.645
2015-08-28 09:11:08.194	10501	10601	-61	-64	10
2015-08-28 09:29:34.459	10501	10601	-64	-97	10	15.63	80.65	3.657
2015-08-28 10:03:25.638	10501	10601	-64	-64	10	17.1	81.1	3.645
2015-08-28 10:04:34.423	10501	10601	-64	-97	10
2015-08-28 10:27:04.958	10501	10601	-64	-97	10	18.04	81.51	3.657
2015-08-28 10:58:31.714	10501	10601	-64	-97	10	19.24	81.75	3.645
2015-08-28 11:29:43.151	10501	10601	-64	-64	10	20.5	81.97	3.645
2015-08-28 11:37:00.23	10501	10601	-64	-97	10
2015-08-28 13:59:00.275	10501	10601	-64	-64	10	27.19	79.89	3.657
2015-08-28 14:41:54.326	10501	10601	-64	-64	10
2015-08-28 14:52:47.287	10501	10601	-64	-64	10
2015-08-28 15:00:03.322	10501	10601	-64	-97	10	26.22	78.42	3.657
2015-08-28 15:27:43.254	10501	10601	-64	-64	10	25.83	78.61	3.657
2015-08-28 15:51:10.034	10501	10601	-64	-64	10	26.52	79.8	3.657
2015-08-28 17:42:21.186	10501	10601	-64	-64	10	27.44	79.03	3.657
2015-08-28 17:43:40.158	10501	10601	-64	-97	10
2015-08-28 17:46:49.982	10501	10601	-64	-97	10
2015-08-28 18:12:01.667	10501	10601	-64	-97	10	26.8	78.11	3.657
2015-08-28 18:29:45.539	10501	10601	-64	-97	10	26.47	77.77	3.657
2015-08-28 18:57:08.763	10501	10601	-97	-64	10	25.66	77.31	3.657
2015-08-28 19:19:16.27	10501	10601	-64	-97	10
2015-08-28 19:32:17.807	10501	10601	-64	-97	10	24.47	76.66	3.657
2015-08-28 20:00:23.791	10501	10601	-64	-64	10	23.51	76.36	3.657
2015-08-28 20:21:46.654	10501	10601	-64	-97	10	22.83	76.28	3.657
2015-08-28 20:34:31.854	10501	10601	-64	-97	10
2015-08-28 20:51:44.198	10501	10601	-64	-97	10
2015-08-28 20:59:18.21	10501	10601	-67	-64	10	21.57	76.0	3.657
2015-08-28 21:21:13.411	10501	10601	-64	-97	10	20.93	76.08	3.657
2015-08-28 22:00:37.927	10501	10601	-67	-64	10	19.97	76.24	3.657
2015-08-28 22:24:13.243	10501	10601	-64	-97	10
2015-08-28 22:26:13.95	10501	10601	-64	-97	10	19.42	76.34	3.657
2015-08-28 22:52:01.73	10501	10601	-67	-64	10	18.96	76.51	3.657
2015-08-28 23:25:21.53	10501	10601	-64	-64	10
2015-08-28 23:40:35.439	10501	10601	-64	-97	10	18.17	76.8	3.657
2015-08-28 23:56:39.494	10501	10601	-64	-97	10
2015-08-29 00:04:45.803	10501	10601	-64	-97	10	17.83	76.89	3.657
2015-08-29 00:21:22.786	10501	10601	-64	-64	10	17.63	76.89	3.657
2015-08-29 01:06:25.718	10501	10601	-64	-64	10	17.03	77.03	3.645
2015-08-29 01:29:07.598	10501	10601	-64	-97	10
2015-08-29 01:35:00.302	10501	10601	-64	-64	10	16.61	76.97	3.657
2015-08-29 02:02:26.726	10501	10601	-64	-97	10	16.29	77.01	3.657
2015-08-29 02:16:13.282	10501	10601	-64	-64	10
2015-08-29 02:27:22.986	10501	10601	-64	-97	10	15.93	76.99	3.657
2015-08-29 03:01:33.543	10501	10601	-64	-64	10
2015-08-29 03:05:59.235	10501	10601	-67	-97	10	15.49	77.18	3.645
2015-08-29 03:25:17.926	10501	10601	-64	-64	10	15.33	77.23	3.657
2015-08-29 03:56:26.61	10501	10601	-64	-97	10	15.04	77.24	3.645
2015-08-29 04:30:20.615	10501	10601	-64	-64	10	14.7	77.35	3.645
2015-08-29 04:34:01.251	10501	10601	-64	-97	10
2015-08-29 05:07:04.258	10501	10601	-64	-97	10
2015-08-29 05:10:25.05	10501	10601	-64	-97	10	14.42	77.5	3.645
2015-08-29 05:40:57.062	10501	10601	-64	-64	10	14.18	77.58	3.645
2015-08-29 06:04:36.999	10501	10601	-64	-64	10	14.02	77.59	3.657
2015-08-29 06:06:30.043	10501	10601	-64	-97	10
2015-08-29 06:27:38.507	10501	10601	-64	-97	10	13.88	77.59	3.657
2015-08-29 06:56:59.115	10501	10601	-64	-97	10	13.65	77.67	3.645
2015-08-29 07:26:31.819	10501	10601	-64	-64	10	13.58	77.94	3.645
2015-08-29 07:38:57.031	10501	10601	-64	-97	10
2015-08-29 07:57:55.435	10501	10601	-64	-97	10
2015-08-29 08:08:06.459	10501	10601	-64	-64	10	13.93	78.54	3.645
2015-08-29 08:20:22.403	10501	10601	-64	-97	10	13.95	78.82	3.657
2015-08-29 09:02:15.731	10501	10601	-64	-64	10	15.03	80.07	3.645
2015-08-29 09:11:24.515	10501	10601	-64	-97	10
2015-08-29 09:37:39.615	10501	10601	-64	-64	10	16.38	80.49	3.645
2015-08-29 10:06:03.33	10501	10601	-64	-97	10	17.82	80.57	3.645
2015-08-29 10:25:41.59	10501	10601	-64	-97	10	18.74	81.18	3.645
2015-08-29 10:43:52.556	10501	10601	-64	-97	10
2015-08-29 10:48:46.795	10501	10601	-67	-97	10
2015-08-29 10:53:51.783	10501	10601	-67	-64	10	20.08	81.76	3.645
2015-08-29 11:25:50.067	10501	10601	-64	-97	10	21.67	82.18	3.645
2015-08-29 12:03:07.707	10501	10601	-67	-64	10	23.88	82.2	3.645
2015-08-29 12:16:19.782	10501	10601	-64	-97	10
2015-08-29 12:26:28.939	10501	10601	-64	-97	10	25.05	82.35	3.645
2015-08-29 12:52:26.098	10501	10601	-64	-64	10	27.9	83.65	3.645
2015-08-29 13:20:43.671	10501	10601	-64	-97	10	29.58	81.86	3.645
2015-08-29 13:39:38.198	10501	10601	-67	-64	10
2015-08-29 13:48:46.102	10501	10601	-64	-97	10
2015-08-29 13:57:38.238	10501	10601	-64	-97	10	29.35	79.9	3.657
2015-08-29 14:32:34.71	10501	10601	-64	-67	10	29.52	79.02	3.657
2015-08-29 15:00:32.134	10501	10601	-64	-64	10	29.66	78.94	3.657
2015-08-29 16:26:20.51	10501	10601	-64	-64	10	29.16	78.51	3.657
2015-08-29 16:30:29.223	10501	10601	-64	-97	10
2015-08-29 16:53:18.479	10501	10601	-67	-64	10	28.61	78.04	3.657
2015-08-29 16:53:43.946	10501	10601	-64	-97	10
2015-08-29 19:32:50.834	10501	10601	-64	-64	10	26.72	77.06	3.657
2015-08-29 19:52:54.003	10501	10601	-64	-97	10	26.08	76.8	3.657
2015-08-29 19:58:37.494	10501	10601	-64	-97	10
2015-08-29 20:23:59.202	10501	10601	-64	-64	10	25.08	76.62	3.657
2015-08-29 20:51:43.075	10501	10601	-64	-64	10	24.44	76.66	3.657
2015-08-29 21:28:39.815	10501	10601	-64	-64	10	23.85	77.02	3.657
2015-08-29 21:31:07.283	10501	10601	-64	-97	10
2015-08-29 21:52:21.198	10501	10601	-64	-97	10	23.52	77.2	3.657
2015-08-29 22:12:12.362	10501	10601	-64	-64	10
2015-08-29 22:23:15.347	10501	10601	-64	-97	10	23.26	77.44	3.657
2015-08-29 23:02:57.803	10501	10601	-64	-64	10	22.59	77.3	3.645
2015-08-29 23:03:32.208	10501	10601	-64	-97	10
2015-08-29 23:26:41.235	10501	10601	-64	-97	10	22.28	77.4	3.645
2015-08-29 23:56:49.198	10501	10601	-64	-97	10	22.1	77.58	3.645
2015-08-30 00:25:19.8	10501	10601	-64	-64	10	21.72	77.55	3.657
2015-08-30 00:35:59.248	10501	10601	-64	-97	10
2015-08-30 01:03:04.126	10501	10601	-64	-97	10
2015-08-30 01:06:31.246	10501	10601	-64	-97	10	21.33	77.63	3.645
2015-08-30 01:38:43.554	10501	10601	-64	-64	10	21.1	77.79	3.645
2015-08-30 02:08:26.651	10501	10601	-64	-97	10
2015-08-30 02:09:58.054	10501	10601	-64	-97	10	21.13	78.2	3.645
2015-08-30 02:37:54.607	10501	10601	-64	-64	10	21.11	78.17	3.633
2015-08-30 02:51:48.819	10501	10601	-64	-64	10	21.03	78.15	3.657
2015-08-30 03:39:40.658	10501	10601	-64	-64	10	20.96	78.29	3.645
2015-08-30 03:40:54.271	10501	10601	-64	-97	10
2015-08-30 03:53:55.502	10501	10601	-64	-97	10
2015-08-30 04:02:15.766	10501	10601	-64	-97	10	20.88	78.22	3.645
2015-08-30 04:30:28.971	10501	10601	-64	-64	10	20.6	78.03	3.645
2015-08-30 04:57:20.106	10501	10601	-67	-64	10	20.39	77.94	3.645
2015-08-30 05:13:21.674	10501	10601	-64	-97	10
2015-08-30 05:33:16.414	10501	10601	-64	-64	10	20.28	78.23	3.645
2015-08-30 06:01:09.259	10501	10601	-64	-97	10	20.29	78.23	3.645
2015-08-30 06:35:59.086	10501	10601	-64	-97	10	20.11	78.22	3.645
2015-08-30 06:44:46.038	10501	10601	-64	-64	10
2015-08-30 06:45:50.195	10501	10601	-64	-97	10
2015-08-30 07:04:22.178	10501	10601	-64	-97	10	19.99	78.25	3.645
2015-08-30 07:23:28.574	10501	10601	-64	-97	10	19.89	78.31	3.645
2015-08-30 08:03:07.202	10501	10601	-64	-64	10	19.92	78.57	3.645
2015-08-30 08:18:17.939	10501	10601	-64	-64	10
2015-08-30 08:40:00.903	10501	10601	-64	-64	10	20.08	78.92	3.645
2015-08-30 09:00:36.735	10501	10601	-64	-64	10	20.28	79.15	3.645
2015-08-30 09:28:05.154	10501	10601	-64	-97	10	20.61	79.5	3.645
2015-08-30 09:35:37.655	10501	10601	-64	-97	10
2015-08-30 09:50:44.719	10501	10601	-64	-64	10
2015-08-30 10:08:36.299	10501	10601	-67	-64	10	21.24	79.71	3.645
2015-08-30 10:29:56.248	10501	10601	-67	-67	10	21.42	79.57	3.645
2015-08-30 10:30:03.663	10501	10601	-67	-67	10	21.42	79.57	3.645
2015-08-30 11:06:30.386	10501	10601	-67	-67	10	21.9	80.04	3.645
2015-08-30 11:23:12.231	10501	10601	-64	-97	10
2015-08-30 11:25:41.438	10501	10601	-64	-64	10	22.32	80.26	3.645
2015-08-30 12:03:54.543	10501	10601	-64	-64	10	23.78	80.91	3.645
2015-08-30 12:20:21.775	10501	10601	-64	-97	10	24.46	81.18	3.645
2015-08-30 12:26:30.643	10501	10601	-67	-97	10
2015-08-30 12:55:39.651	10501	10601	-67	-64	10
2015-08-30 13:09:50.966	10501	10601	-67	-97	10	27.46	81.88	3.633
2015-08-30 13:27:54.495	10501	10601	-64	-97	10	27.91	81.08	3.645
2015-08-30 14:11:08.922	10501	10601	-64	-64	10	28.68	80.28	3.645
2015-08-30 14:28:07.743	10501	10601	-67	-97	10
2015-08-30 14:42:21.639	10501	10601	-64	-64	10	28.76	79.67	3.645
2015-08-30 14:55:26.058	10501	10601	-67	-97	10	28.91	79.76	3.645
2015-08-30 15:17:20.058	10501	10601	-64	-97	10
2015-08-30 15:21:58.935	10501	10601	-64	-64	10	29.24	79.83	3.645
2015-08-30 16:42:16.09	10501	10601	-67	-67	10	29.82	79.57	3.645
2015-08-30 18:08:11.586	10501	10601	-64	-97	10
2015-08-30 18:09:44.594	10501	10601	-64	-97	10	29.33	78.63	3.645
2015-08-30 18:24:48.302	10501	10601	-64	-97	10	29.18	78.54	3.645
2015-08-30 19:05:30.783	10501	10601	-64	-97	10
2015-08-30 19:07:01.135	10501	10601	-64	-97	10	28.47	78.02	3.645
2015-08-30 19:37:22.366	10501	10601	-64	-64	10	27.65	77.52	3.645
2015-08-30 19:59:56.546	10501	10601	-64	-64	10	26.94	77.3	3.645
2015-08-30 20:22:29.778	10501	10601	-64	-64	10	26.4	77.21	3.645
2015-08-30 20:37:56.815	10501	10601	-64	-97	10
2015-08-30 20:56:33.018	10501	10601	-64	-97	10	26.05	77.52	3.645
2015-08-30 20:59:02.934	10501	10601	-64	-97	10
2015-08-30 21:28:25.31	10501	10601	-64	-97	10	25.22	77.25	3.645
2015-08-30 22:03:29.802	10501	10601	-64	-64	10	24.36	77.13	3.645
2015-08-30 22:10:25.195	10501	10601	-64	-97	10
2015-08-30 22:25:24.995	10501	10601	-67	-97	10	23.94	77.18	3.645
2015-08-30 23:03:33.755	10501	10601	-64	-64	10	23.51	77.52	3.645
2015-08-30 23:37:15.695	10501	10601	-64	-97	10	23.11	77.63	3.645
2015-08-30 23:42:52.774	10501	10601	-64	-97	10
2015-08-30 23:49:53.891	10501	10601	-64	-97	10
2015-08-31 00:08:52.53	10501	10601	-64	-64	10	22.77	77.71	3.645
2015-08-31 00:29:15.323	10501	10601	-64	-97	10	22.52	77.77	3.645
2015-08-31 01:09:32.587	10501	10601	-64	-64	10	22.06	77.78	3.645
2015-08-31 01:15:20.439	10501	10601	-64	-97	10
2015-08-31 01:22:42.255	10501	10601	-64	-97	10	21.9	77.83	3.645
2015-08-31 02:03:12.814	10501	10601	-64	-97	10	21.7	78.1	3.645
2015-08-31 02:31:15.81	10501	10601	-64	-97	10	21.5	78.09	3.645
2015-08-31 02:40:45.354	10501	10601	-64	-97	10
2015-08-31 02:47:48.666	10501	10601	-67	-97	10
2015-08-31 02:57:06.87	10501	10601	-64	-97	10	21.28	78.18	3.645
2015-08-31 03:30:27.842	10501	10601	-64	-64	10	21.14	78.33	3.633
2015-08-31 03:58:24.878	10501	10601	-64	-97	10	21.14	78.49	3.633
2015-08-31 04:20:15.39	10501	10601	-64	-64	10
2015-08-31 04:20:22.659	10501	10601	-64	-97	10	21.01	78.41	3.633
2015-08-31 04:53:54.562	10501	10601	-64	-97	10	20.75	78.28	3.633
2015-08-31 05:31:37.354	10501	10601	-64	-64	10
2015-08-31 05:35:42.387	10501	10601	-64	-97	10	20.54	78.39	3.633
2015-08-31 05:52:41.843	10501	10601	-64	-64	10
2015-08-31 06:03:05.946	10501	10601	-64	-97	10	20.47	78.48	3.633
2015-08-31 06:31:19.366	10501	10601	-64	-64	10	20.32	78.45	3.633
2015-08-31 07:05:36.882	10501	10601	-64	-64	10	20.15	78.44	3.633
2015-08-31 07:25:10.334	10501	10601	-64	-97	10
2015-08-31 07:32:52.814	10501	10601	-64	-97	10	20.06	78.63	3.633
2015-08-31 08:09:15.974	10501	10601	-64	-97	10	20.28	79.04	3.633
2015-08-31 08:22:27.595	10501	10601	-64	-64	10
2015-08-31 08:34:39.938	10501	10601	-64	-97	10	20.58	79.6	3.633
2015-08-31 08:57:37.094	10501	10601	-67	-97	10
2015-08-31 09:03:47.364	10501	10601	-64	-64	10	21.04	79.85	3.633
2015-08-31 09:24:50.558	10501	10601	-64	-97	10	21.28	79.88	3.633
2015-08-31 09:57:30.806	10501	10601	-64	-97	10	21.94	80.33	3.633
2015-08-31 10:24:05.118	10501	10601	-64	-64	10	22.68	80.64	3.633
2015-08-31 11:02:52.49	10501	10601	-64	-64	10	24.01	81.29	3.633
2015-08-31 11:36:17.918	10501	10601	-67	-64	10	25.27	81.62	3.633
2015-08-31 12:02:31.903	10501	10601	-64	-97	10
2015-08-31 12:05:46.602	10501	10601	-67	-97	10	26.54	81.79	3.633
2015-08-31 12:36:35.078	10501	10601	-67	-64	10	27.72	82.04	3.633
2015-08-31 13:05:09.718	10501	10601	-67	-64	10	28.93	81.66	3.633
2015-08-31 13:35:00.655	10501	10601	-64	-67	10
2015-08-31 13:40:40.339	10501	10601	-64	-97	10	30.07	81.32	3.633
2015-08-31 13:51:54.702	10501	10601	-64	-97	10	30.24	80.98	3.645
2015-08-31 14:04:15.879	10501	10601	-64	-97	10
2015-08-31 14:27:30.514	10501	10601	-67	-97	10	30.97	80.62	3.633
2015-08-31 14:53:45.571	10501	10601	-64	-64	10	31.3	80.31	3.645
2015-08-31 15:07:28.258	10501	10601	-67	-97	10
2015-08-31 15:20:02.082	10501	10601	-67	-97	10	31.19	79.74	3.645
2015-08-31 16:11:15.214	10501	10601	-67	-97	10	32.38	80.4	3.645
2015-08-31 16:39:55.55	10501	10601	-64	-97	10
2015-08-31 16:40:38.462	10501	10601	-64	-97	10	32.36	79.6	3.645
2015-08-31 17:32:23.055	10501	10601	-64	-64	10	31.86	78.48	3.645
2015-08-31 17:59:47.942	10501	10601	-64	-97	10	31.44	77.9	3.645
2015-08-31 19:44:50.526	10501	10601	-64	-64	10
2015-08-31 20:10:54.942	10501	10601	-64	-64	10	27.51	76.4	3.633
2015-08-31 20:27:39.855	10501	10601	-64	-97	10	26.99	76.38	3.633
2015-08-31 20:52:53.175	10501	10601	-64	-97	10	26.27	76.37	3.621
2015-08-31 21:17:16.419	10501	10601	-64	-64	10
2015-08-31 21:29:51.086	10501	10601	-64	-64	10	25.33	76.48	3.633
2015-08-31 21:57:04.962	10501	10601	-64	-97	10	24.83	76.57	3.633
2015-08-31 22:36:43.895	10501	10601	-64	-64	10
2015-08-31 22:38:23.546	10501	10601	-64	-97	10	24.04	76.74	3.633
2015-08-31 22:49:44.107	10501	10601	-64	-64	10
2015-08-31 22:57:21.039	10501	10601	-64	-97	10	23.75	76.73	3.633
2015-08-31 23:35:28.458	10501	10601	-64	-64	10	23.17	76.94	3.633
2015-08-31 23:59:15.191	10501	10601	-64	-97	10	22.82	77.08	3.633
2015-09-01 00:22:12.266	10501	10601	-64	-64	10
2015-09-01 00:23:42.694	10501	10601	-64	-97	10	22.56	77.22	3.633
2015-09-01 01:09:52.062	10501	10601	-64	-64	10	22.22	77.49	3.633
2015-09-01 01:27:34.743	10501	10601	-64	-97	10
2015-09-01 01:27:51.546	10501	10601	-64	-97	10	22.08	77.57	3.633
2015-09-01 01:54:39.784	10501	10601	-64	-97	10
2015-09-01 02:04:55.666	10501	10601	-64	-97	10	21.88	77.77	3.633
2015-09-01 02:21:47.794	10501	10601	-64	-64	10	21.7	77.71	3.633
2015-09-01 03:03:18.115	10501	10601	-64	-64	10	21.25	77.61	3.621
2015-09-01 03:27:08.851	10501	10601	-64	-97	10
2015-09-01 03:41:15.243	10501	10601	-64	-97	10	20.9	77.65	3.621
2015-09-01 04:11:02.504	10501	10601	-64	-64	10	20.65	77.68	3.621
2015-09-01 04:18:28.578	10501	10601	-64	-97	10
2015-09-01 04:35:54.358	10501	10601	-64	-97	10	20.49	77.72	3.621
2015-09-01 04:59:35.09	10501	10601	-64	-64	10
2015-09-01 05:01:01.51	10501	10601	-64	-97	10	20.35	77.85	3.61
2015-09-01 05:32:35.511	10501	10601	-64	-97	10	20.24	77.91	3.621
2015-09-01 06:11:10.199	10501	10601	-64	-64	10	20.04	78.05	3.621
2015-09-01 06:32:02.711	10501	10601	-64	-64	10
2015-09-01 06:41:25.586	10501	10601	-64	-97	10	19.89	78.04	3.621
2015-09-01 07:09:21.775	10501	10601	-64	-64	10
2015-09-01 07:09:33.291	10501	10601	-64	-64	10
2015-09-01 07:09:36.771	10501	10601	-64	-64	10
2015-09-01 07:09:39.139	10501	10601	-64	-97	10	19.86	78.14	3.621
2015-09-01 07:20:53.163	10501	10601	-64	-97	10	19.81	78.16	3.633
2015-09-01 08:04:29.347	10501	10601	-64	-64	10
2015-09-01 08:06:54.642	10501	10601	-64	-97	10	20.02	78.78	3.621
2015-09-01 08:34:41.195	10501	10601	-64	-64	10	20.33	79.24	3.621
2015-09-01 09:00:26.654	10501	10601	-64	-64	10	20.83	79.73	3.621
2015-09-01 09:33:25.931	10501	10601	-64	-64	10	21.83	80.25	3.621
2015-09-01 09:36:58.279	10501	10601	-64	-97	10
2015-09-01 10:00:09.554	10501	10601	-64	-97	10
2015-09-01 10:05:10.074	10501	10601	-64	-97	10	23.06	80.65	3.621
2015-09-01 10:20:30.838	10501	10601	-67	-67	10	23.61	80.85	3.621
2015-09-01 10:50:25.746	10501	10601	-64	-64	10	24.58	81.16	3.621
2015-09-01 11:09:25.614	10501	10601	-67	-97	10
2015-09-01 11:23:11.819	10501	10601	-64	-97	10	25.8	81.37	3.621
2015-09-01 12:42:10.81	10501	10601	-64	-64	10
2015-09-01 17:06:11.063	10501	10601	-67	-97	10	32.38	78.7	3.633
2015-09-01 17:19:15.498	10501	10601	-67	-97	10
2015-09-01 17:33:23.558	10501	10601	-67	-97	10	32.19	78.24	3.633
2015-09-01 17:54:57.97	10501	10601	-67	-97	10	31.72	77.51	3.633
2015-09-01 18:32:44.386	10501	10601	-67	-97	10
2015-09-01 18:36:44.966	10501	10601	-67	-97	10	30.51	76.96	3.633
2015-09-01 18:51:42.306	10501	10601	-67	-67	10
2015-09-01 18:56:22.631	10501	10601	-67	-97	10	29.96	76.8	3.633
2015-09-01 19:27:10.471	10501	10601	-64	-97	10	29.01	76.56	3.633
2015-09-01 20:00:45.174	10501	10601	-64	-97	10	28.02	76.36	3.621
2015-09-01 20:24:10.047	10501	10601	-64	-97	10
2015-09-01 20:25:46.439	10501	10601	-64	-97	10	27.26	76.32	3.61
2015-09-01 20:56:34.47	10501	10601	-64	-97	10	26.51	76.34	3.621
2015-09-01 21:23:34.843	10501	10601	-67	-64	10
2015-09-01 21:41:51.754	10501	10601	-64	-97	10	25.65	76.63	3.621
2015-09-01 21:56:37.842	10501	10601	-67	-64	10
2015-09-01 21:58:35.087	10501	10601	-67	-97	10	25.41	76.74	3.621
2015-09-01 22:29:57.73	10501	10601	-64	-97	10	24.96	76.9	3.621
2015-09-01 22:52:55.683	10501	10601	-64	-64	10	24.72	77.15	3.621
2015-09-01 23:28:43.227	10501	10601	-64	-64	10	24.55	77.43	3.621
2015-09-01 23:29:06.255	10501	10601	-64	-97	10
2015-09-02 00:03:05.419	10501	10601	-64	-97	10	24.15	77.44	3.621
2015-09-02 00:14:26.138	10501	10601	-64	-64	10
2015-09-02 00:34:51.282	10501	10601	-64	-97	10	23.86	77.43	3.621
2015-09-02 01:00:28.683	10501	10601	-67	-67	10	23.59	77.35	3.621
2015-09-02 01:01:31.991	10501	10601	-64	-97	10
2015-09-02 01:28:44.571	10501	10601	-67	-97	10	23.17	77.21	3.621
2015-09-02 01:52:45.571	10501	10601	-64	-97	10	22.9	77.37	3.621
2015-09-02 02:30:37.374	10501	10601	-67	-67	10	22.64	77.5	3.621
2015-09-02 02:34:00.614	10501	10601	-67	-97	10
2015-09-02 02:50:44.022	10501	10601	-64	-64	10	22.46	77.49	3.621
2015-09-02 03:05:18.029	10501	10601	-64	-97	10
2015-09-02 03:23:48.834	10501	10601	-64	-97	10	22.04	77.35	3.61
2015-09-02 04:00:35.922	10501	10601	-64	-64	10	21.74	77.45	3.61
2015-09-02 04:06:29.263	10501	10601	-64	-97	10
2015-09-02 04:29:36.107	10501	10601	-64	-97	10	21.5	77.51	3.61
2015-09-02 05:10:38.314	10501	10601	-64	-97	10	21.26	77.67	3.61
2015-09-02 05:38:08.895	10501	10601	-64	-97	10	21.06	77.63	3.61
2015-09-02 05:38:55.351	10501	10601	-64	-97	10
2015-09-02 05:51:38.062	10501	10601	-64	-97	10	20.92	77.6	3.621
2015-09-02 05:56:10.055	10501	10601	-67	-97	10
2015-09-02 06:32:04.166	10501	10601	-64	-64	10	20.7	77.71	3.61
2015-09-02 07:06:25.138	10501	10601	-64	-97	10	20.54	77.84	3.61
2015-09-02 07:11:22.53	10501	10601	-64	-97	10
2015-09-02 07:24:23.703	10501	10601	-67	-97	10	20.49	77.91	3.61
2015-09-02 07:51:03.002	10501	10601	-64	-97	10	20.5	78.17	3.61
2015-09-02 08:20:50.771	10501	10601	-64	-64	10	20.74	78.61	3.61
2015-09-02 08:43:50.042	10501	10601	-64	-97	10
2015-09-02 08:47:00.479	10501	10601	-64	-97	10
2015-09-02 09:05:00.134	10501	10601	-64	-97	10	21.65	79.75	3.61
2015-09-02 09:21:36.947	10501	10601	-64	-97	10	22.21	80.0	3.61
2015-09-02 10:05:58.471	10501	10601	-67	-67	10	23.9	80.62	3.61
2015-09-02 10:16:18.187	10501	10601	-67	-97	10
2015-09-02 10:27:10.622	10501	10601	-67	-97	10	24.66	80.84	3.61
2015-09-02 10:58:20.907	10501	10601	-64	-64	10	25.74	80.93	3.61
2015-09-02 11:28:21.811	10501	10601	-64	-64	10	26.61	80.96	3.61
2015-09-02 11:37:52.431	10501	10601	-67	-97	10
2015-09-02 11:48:56.85	10501	10601	-64	-97	10
2015-09-02 11:57:34.955	10501	10601	-64	-67	10	27.88	80.88	3.61
2015-09-02 12:30:00.846	10501	10601	-67	-97	10	28.97	81.35	3.61
2015-09-02 12:54:58.854	10501	10601	-67	-97	10	29.35	80.17	3.61
2015-09-02 13:21:14.995	10501	10601	-67	-67	10
2015-09-02 13:34:56.158	10501	10601	-67	-97	10	29.32	80.14	3.61
2015-09-02 14:02:28.514	10501	10601	-67	-67	10	30.08	80.08	3.61
2015-09-02 14:53:43.15	10501	10601	-67	-64	10
2015-09-02 14:55:34.447	10501	10601	-64	-97	10	31.22	79.61	3.621
2015-09-02 15:32:16.431	10501	10601	-67	-97	10	31.21	79.47	3.598
2015-09-02 15:52:58.338	10501	10601	-67	-97	10	31.63	79.18	3.621
2015-09-02 16:26:07.891	10501	10601	-64	-97	10
2015-09-02 17:25:59.662	10501	10601	-67	-67	10	32.25	79.14	3.621
2015-09-02 17:58:35.428	10501	10601	-67	-64	10
2015-09-02 19:02:36.638	10501	10601	-64	-67	10	30.3	76.98	3.61
2015-09-02 19:22:18.29	10501	10601	-67	-97	10	29.8	76.66	3.61
2015-09-02 19:31:02.692	10501	10601	-67	-67	10
2015-09-02 20:03:38.206	10501	10601	-67	-97	10	28.32	76.14	3.61
2015-09-02 20:10:25.591	10501	10601	-67	-97	10
2015-09-02 20:37:00.71	10501	10601	-67	-97	10	27.22	75.84	3.61
2015-09-02 20:58:24.571	10501	10601	-67	-67	10	26.63	75.81	3.598
2015-09-02 21:03:30.671	10501	10601	-67	-97	10
2015-09-02 21:41:11.486	10501	10601	-67	-97	10	25.99	76.42	3.61
2015-09-02 22:03:55.274	10501	10601	-67	-97	10	25.63	76.54	3.61
2015-09-02 22:19:58.842	10501	10601	-67	-67	10	25.38	76.63	3.61
2015-09-02 22:35:57.546	10501	10601	-67	-97	10
2015-09-02 22:50:11.847	10501	10601	-64	-67	10	24.97	76.71	3.61
2015-09-02 23:01:18.119	10501	10601	-67	-97	10
2015-09-02 23:21:09.766	10501	10601	-64	-97	10	24.55	76.84	3.598
2015-09-03 00:08:25.107	10501	10601	-67	-64	10
2015-09-03 00:11:36.926	10501	10601	-67	-97	10	23.92	76.93	3.61
2015-09-03 00:37:54.959	10501	10601	-64	-64	10	23.58	76.89	3.598
2015-09-03 00:56:05.351	10501	10601	-67	-97	10	23.36	76.87	3.61
2015-09-03 01:34:35.668	10501	10601	-67	-67	10	22.92	76.94	3.598
2015-09-03 01:40:54.295	10501	10601	-67	-97	10
2015-09-03 01:52:08.175	10501	10601	-67	-97	10
2015-09-03 01:53:24.662	10501	10601	-67	-97	10	22.75	77.04	3.598
2015-09-03 02:40:54.359	10501	10601	-67	-67	10	22.46	77.25	3.598
2015-09-03 03:05:23.246	10501	10601	-67	-97	10	22.28	77.27	3.598
2015-09-03 03:13:21.075	10501	10601	-67	-97	10
2015-09-03 03:30:05.147	10501	10601	-67	-64	10	22.04	77.27	3.598
2015-09-03 04:05:54.295	10501	10601	-67	-97	10	21.9	77.48	3.598
2015-09-03 04:24:51.234	10501	10601	-67	-64	10	21.88	77.64	3.587
2015-09-03 04:42:59.767	10501	10601	-67	-97	10
2015-09-03 04:45:48.77	10501	10601	-67	-97	10
2015-09-03 04:50:21.778	10501	10601	-64	-97	10	21.72	77.5	3.598
2015-09-03 05:33:09.263	10501	10601	-64	-97	10	21.4	77.38	3.598
2015-09-03 06:01:08.75	10501	10601	-64	-64	10	21.11	77.32	3.598
2015-09-03 06:18:15.371	10501	10601	-64	-97	10
2015-09-03 06:30:03.234	10501	10601	-64	-97	10	20.89	77.33	3.598
2015-09-03 07:10:26.346	10501	10601	-64	-64	10	20.6	77.4	3.587
2015-09-03 07:23:30.806	10501	10601	-64	-64	10	20.58	77.5	3.598
2015-09-03 07:33:51.322	10501	10601	-64	-97	10
2015-09-03 07:50:44.154	10501	10601	-64	-97	10
2015-09-03 07:51:23.694	10501	10601	-64	-97	10	20.65	77.94	3.587
2015-09-03 08:28:21.807	10501	10601	-64	-97	10	21.15	78.78	3.587
2015-09-03 08:52:42.554	10501	10601	-67	-97	10	21.65	79.2	3.587
2015-09-03 09:23:10.838	10501	10601	-64	-97	10
2015-09-03 09:37:01.43	10501	10601	-64	-64	10	22.76	79.72	3.587
2015-09-03 09:51:17.035	10501	10601	-67	-97	10	23.18	79.92	3.598
2015-09-03 10:24:41.919	10501	10601	-67	-67	10
2015-09-03 10:28:15.45	10501	10601	-67	-97	10	24.27	80.2	3.587
2015-09-03 10:51:24.371	10501	10601	-67	-67	10	24.9	80.28	3.587
2015-09-03 10:55:40.57	10501	10601	-67	-97	10
2015-09-03 11:36:29.182	10501	10601	-67	-97	10	26.22	80.22	3.587
2015-09-03 12:02:35.898	10501	10601	-67	-64	10	26.99	80.4	3.598
2015-09-03 12:28:05.671	10501	10601	-67	-97	10
2015-09-03 12:35:58.851	10501	10601	-67	-67	10	27.97	80.4	3.598
2015-09-03 12:58:45.224	10501	10601	-67	-97	10	28.41	80.41	3.598
2015-09-03 13:15:36.422	10501	10601	-64	-97	10
2015-09-03 13:30:40.95	10501	10601	-67	-64	10	29.58	80.03	3.598
2015-09-03 14:00:34.026	10501	10601	-64	-67	10
2015-09-03 14:11:48.483	10501	10601	-64	-64	10	30.24	79.68	3.598
2015-09-03 14:22:20.162	10501	10601	-67	-64	10	31.0	80.44	3.598
2015-09-03 14:50:32.039	10501	10601	-64	-64	10	31.41	79.71	3.598
2015-09-03 15:33:03.114	10501	10601	-67	-97	10
2015-09-03 15:41:24.518	10501	10601	-67	-97	10	32.61	80.17	3.598
2015-09-03 16:06:24.824	10501	10601	-67	-64	10
2015-09-03 16:11:12.726	10501	10601	-67	-97	10	31.72	78.26	3.598
2015-09-03 16:20:48.847	10501	10601	-67	-67	10	31.47	77.85	3.598
2015-09-03 16:52:26.779	10501	10601	-67	-97	10	31.5	78.46	3.598
2015-09-03 18:08:52.386	10501	10601	-67	-67	10	29.51	76.71	3.598
2015-09-03 18:50:17.034	10501	10601	-67	-67	10	28.66	76.57	3.598
2015-09-03 19:40:58.334	10501	10601	-67	-67	10	27.52	76.46	3.575
2015-09-03 20:01:44.538	10501	10601	-67	-97	10	27.13	76.6	3.598
2015-09-03 20:10:24.795	10501	10601	-67	-97	10
2015-09-03 20:41:36.214	10501	10601	-67	-64	10	26.58	76.68	3.598
2015-09-03 20:57:16.47	10501	10601	-67	-97	10	26.27	76.64	3.598
2015-09-03 21:22:19.53	10501	10601	-67	-67	10	25.86	76.64	3.587
2015-09-03 21:42:50.882	10501	10601	-67	-67	10
2015-09-03 21:48:08.951	10501	10601	-67	-97	10
2015-09-03 22:09:46.487	10501	10601	-67	-97	10	24.96	76.63	3.587
2015-09-03 22:35:08.007	10501	10601	-67	-97	10	24.55	76.68	3.587
2015-09-03 23:15:20.187	10501	10601	-67	-64	10
2015-09-03 23:51:49.647	10501	10601	-67	-67	10	23.59	76.78	3.598
2015-09-04 04:51:17.354	10501	10601	-67	-64	10	21.25	77.46	3.575
2015-09-04 05:59:16.019	10501	10601	-67	-64	10	20.9	77.52	3.575
2015-09-04 07:09:42.819	10501	10601	-64	-64	10	20.47	77.61	3.575
2015-09-04 08:30:03.304	10501	10601	-67	-64	10
2015-09-04 10:07:18.386	10501	10601	-67	-67	10	22.19	79.73	3.564
2015-09-04 12:02:24.094	10501	10601	-67	-67	10
2015-09-04 13:07:26.684	10501	10601	-64	-67	10
2015-09-04 14:06:16.855	10501	10601	-67	-67	10	31.88	79.53	3.575
2015-09-04 14:39:53.752	10501	10601	-67	-67	10
2015-09-04 14:53:14.787	10501	10601	-67	-97	10
2015-09-04 15:10:26.215	10501	10601	-64	-97	10	32.44	78.68	3.575
2015-09-04 15:40:32.675	10501	10601	-67	-97	10	32.76	78.88	3.575
2015-09-04 16:09:57.991	10501	10601	-67	-64	10	33.1	78.76	3.575
2015-09-04 16:12:20.994	10501	10601	-64	-97	10
2015-09-04 16:40:18.666	10501	10601	-67	-64	10	32.8	78.15	3.587
2015-09-04 17:00:41.539	10501	10601	-67	-97	10	33.05	78.61	3.575
2015-09-04 17:26:20.062	10501	10601	-67	-97	10	32.83	78.04	3.575
2015-09-04 17:44:07.578	10501	10601	-67	-67	10
2015-09-04 17:44:48.182	10501	10601	-70	-97	10
2015-09-04 18:06:15.24	10501	10601	-67	-97	10	31.77	76.68	3.587
2015-09-04 20:33:47.396	10501	10601	-64	-64	10	25.83	74.94	3.575
2015-09-04 22:53:38.27	10501	10601	-67	-64	10	22.9	76.08	3.564
2015-09-04 23:25:48.695	10501	10601	-67	-64	10
2015-09-05 01:00:56.566	10501	10601	-67	-64	10	21.61	76.65	3.564
2015-09-05 02:59:33.478	10501	10601	-64	-64	10
2015-09-05 04:01:53.966	10501	10601	-64	-64	10	20.11	76.66	3.553
2015-09-05 04:32:17.65	10501	10601	-64	-64	10	19.9	76.81	3.553
2015-09-05 05:58:45.242	10501	10601	-64	-64	10	19.57	77.19	3.553
2015-09-05 09:05:50.77	10501	10601	-64	-64	10	20.96	79.34	3.542
2015-09-05 09:35:01.046	10501	10601	-67	-67	10	22.04	79.83	3.542
2015-09-05 10:41:51.486	10501	10601	-67	-67	10
2015-09-05 12:21:05.226	10501	10601	-64	-67	10	28.05	80.39	3.553
2015-09-05 12:56:13.995	10501	10601	-67	-97	10	29.41	80.35	3.553
2015-09-05 13:40:05.834	10501	10601	-67	-67	10
2015-09-05 13:46:58.675	10501	10601	-67	-97	10
2015-09-05 13:54:00.59	10501	10601	-64	-97	10	31.05	79.22	3.553
2015-09-05 17:59:30.15	10501	10601	-64	-64	10	25.68	72.54	3.553
2015-09-05 18:24:08.968	10501	10601	-64	-97	10
2015-09-05 18:36:48.319	10501	10601	-64	-64	10	23.81	73.02	3.553
2015-09-05 19:02:53.763	10501	10601	-64	-97	10	23.01	73.95	3.553
2015-09-05 19:21:48.859	10501	10601	-97	-97	10
2015-09-05 19:30:32.546	10501	10601	-64	-97	10	22.46	74.82	3.542
2015-09-05 19:56:36.578	10501	10601	-64	-97	10
2015-09-05 20:03:47.17	10501	10601	-64	-97	10	21.97	75.65	3.542
2015-09-05 20:35:55.178	10501	10601	-64	-97	10	21.49	76.12	3.542
2015-09-05 20:51:05.566	10501	10601	-64	-97	10	21.4	76.37	3.553
2015-09-05 21:28:21.003	10501	10601	-64	-97	10	21.17	76.77	3.542
2015-09-05 21:29:03.955	10501	10601	-64	-97	10
2015-09-05 21:55:23.606	10501	10601	-64	-97	10	20.97	76.95	3.542
2015-09-05 22:12:41.594	10501	10601	-64	-97	10
2015-09-05 22:22:02.919	10501	10601	-64	-97	10	20.86	77.11	3.542
2015-09-05 23:01:31.194	10501	10601	-67	-97	10
2015-09-05 23:08:51.194	10501	10601	-64	-97	10	20.68	77.39	3.531
2015-09-05 23:28:44.899	10501	10601	-64	-97	10	20.6	77.45	3.542
2015-09-06 00:08:25.587	10501	10601	-64	-97	10	20.4	77.49	3.531
2015-09-06 00:28:05.227	10501	10601	-64	-64	10	20.32	77.61	3.531
2015-09-06 00:33:58.567	10501	10601	-64	-97	10
2015-09-06 01:03:20.322	10501	10601	-64	-67	10	20.18	77.71	3.531
2015-09-06 01:03:29.827	10501	10601	-64	-97	10
2015-09-06 01:23:51.951	10501	10601	-64	-97	10	20.13	77.78	3.531
2015-09-06 02:06:26.519	10501	10601	-64	-64	10
2015-09-06 02:11:10.111	10501	10601	-64	-97	10	19.96	77.93	3.531
2015-09-06 02:23:11.479	10501	10601	-64	-97	10	20.0	77.99	3.531
2015-09-06 03:07:34.906	10501	10601	-64	-64	10	19.79	78.05	3.531
2015-09-06 03:30:50.567	10501	10601	-64	-97	10	19.72	78.09	3.531
2015-09-06 03:38:54.111	10501	10601	-64	-64	10
2015-09-06 03:54:21.918	10501	10601	-64	-97	10
2015-09-06 04:04:19.414	10501	10601	-67	-97	10	19.61	78.15	3.531
2015-09-06 04:22:46.046	10501	10601	-64	-64	10	19.54	78.13	3.531
2015-09-06 04:55:36.423	10501	10601	-64	-97	10	19.42	78.13	3.52
2015-09-06 05:11:24.47	10501	10601	-67	-64	10
2015-09-06 05:36:31.638	10501	10601	-64	-64	10	19.2	78.16	3.52
2015-09-06 06:01:39.803	10501	10601	-64	-97	10	19.15	78.26	3.52
2015-09-06 06:39:13.442	10501	10601	-64	-97	10	19.0	78.28	3.498
2015-09-06 06:43:48.523	10501	10601	-64	-97	10
2015-09-06 06:45:12.079	10501	10601	-64	-97	10
2015-09-06 06:51:24.334	10501	10601	-67	-97	10	18.92	78.29	3.531
2015-09-06 07:26:16.31	10501	10601	-67	-97	10	18.85	78.48	3.509
2015-09-06 07:53:35.587	10501	10601	-64	-97	10	18.97	78.82	3.509
2015-09-06 08:16:16.955	10501	10601	-67	-97	10
2015-09-06 08:36:40.414	10501	10601	-64	-67	10	19.43	79.64	3.509
2015-09-06 08:57:39.146	10501	10601	-64	-97	10	19.83	80.01	3.52
2015-09-06 09:36:04.511	10501	10601	-67	-67	10
2015-09-06 10:31:42.682	10501	10601	-67	-64	10	22.6	81.33	3.52
2015-09-06 11:52:54.987	10501	10601	-64	-67	10	25.3	81.42	3.52
2015-09-06 13:05:02.147	10501	10601	-67	-64	10	29.13	84.39	3.52
2015-09-06 13:54:55.33	10501	10601	-67	-67	10	31.43	81.18	3.531
2015-09-06 14:26:05.786	10501	10601	-67	-97	10
2015-09-06 14:41:06.675	10501	10601	-64	-67	10	31.5	80.05	3.531
2015-09-06 15:02:32.335	10501	10601	-64	-97	10	31.52	79.95	3.531
2015-09-06 15:17:47.066	10501	10601	-67	-64	10
2015-09-06 15:21:24.682	10501	10601	-67	-97	10	31.33	79.25	3.531
2015-09-06 16:36:18.758	10501	10601	-67	-64	10	32.47	80.91	3.531
2015-09-06 18:08:38.138	10501	10601	-67	-67	10
2015-09-06 18:26:18.818	10501	10601	-67	-67	10	31.16	78.67	3.531
2015-09-06 19:02:16.135	10501	10601	-67	-97	10	30.22	78.18	3.531
2015-09-06 19:03:29.718	10501	10601	-67	-97	10
2015-09-06 19:26:43.166	10501	10601	-67	-97	10	29.63	78.03	3.531
2015-09-06 20:07:40.578	10501	10601	-67	-67	10	28.24	77.42	3.52
2015-09-06 22:58:06.971	10501	10601	-67	-67	10	24.04	78.03	3.52
2015-09-07 03:59:41.619	10501	10601	-67	-64	10	21.46	79.08	3.498
2015-09-07 05:32:03.863	10501	10601	-67	-64	10
2015-09-07 06:31:48.335	10501	10601	-64	-64	10	20.51	79.14	3.487
2015-09-07 08:55:36.059	10501	10601	-64	-64	10
2015-09-07 09:31:00.607	10501	10601	-67	-64	10	22.2	81.45	3.487
2015-09-07 11:13:49.639	10501	10601	-67	-67	10
2015-09-07 13:40:53.698	10501	10601	-67	-67	10	30.97	82.47	3.487
2015-09-07 16:05:18.35	10501	10601	-67	-97	10	33.47	81.31	3.487
2015-09-07 16:28:05.327	10501	10601	-67	-67	10	33.41	80.39	3.498
2015-09-07 16:37:54.307	10501	10601	-67	-97	10
2015-09-07 16:55:28.126	10501	10601	-67	-97	10
2015-09-07 17:00:36.778	10501	10601	-67	-97	10	34.58	82.49	3.498
2015-09-07 17:30:44.511	10501	10601	-67	-97	10	33.57	79.13	3.498
2015-09-07 17:52:29.655	10501	10601	-67	-67	10	33.04	78.36	3.498
2015-09-07 18:10:20.947	10501	10601	-67	-97	10
2015-09-07 18:34:08.495	10501	10601	-67	-67	10	31.96	77.53	3.498
2015-09-07 19:01:04.71	10501	10601	-67	-97	10	30.94	76.91	3.498
2015-09-07 19:22:01.374	10501	10601	-67	-97	10	30.08	76.63	3.498
2015-09-07 19:42:49.178	10501	10601	-67	-70	10
2015-09-07 19:46:19.727	10501	10601	-70	-97	10
2015-09-07 20:11:28.467	10501	10601	-67	-97	10	28.19	76.42	3.498
2015-09-07 20:40:33.898	10501	10601	-67	-67	10	27.26	76.4	3.498
2015-09-07 21:11:27.758	10501	10601	-67	-97	10	26.26	76.31	3.498
2015-09-07 21:15:16.138	10501	10601	-67	-97	10
2015-09-07 21:21:37.239	10501	10601	-67	-97	10	25.96	76.34	3.498
2015-09-07 22:00:45.095	10501	10601	-67	-70	10	25.08	76.68	3.487
2015-09-07 22:53:03.19	10501	10601	-67	-67	10	24.22	77.15	3.487
2015-09-07 23:34:58.138	10501	10601	-67	-67	10	23.46	77.11	3.487
2015-09-08 00:57:38.122	10501	10601	-67	-70	10	22.52	77.72	3.476
2015-09-08 04:05:27.122	10501	10601	-67	-67	10	20.92	78.02	3.465
2015-09-08 04:57:33.831	10501	10601	-67	-67	10
2015-09-08 06:30:01.854	10501	10601	-67	-67	10
2015-09-08 07:31:24.279	10501	10601	-67	-67	10	19.74	78.51	3.455
2015-09-08 09:10:11.735	10501	10601	-67	-67	10	21.42	80.58	3.444
2015-09-08 09:34:56.69	10501	10601	-67	-97	10
2015-09-08 11:07:23.77	10501	10601	-64	-67	10
2015-09-08 11:10:38.838	10501	10601	-67	-97	10	26.3	81.81	3.444
2015-09-08 11:38:36.463	10501	10601	-67	-67	10	27.32	81.64	3.444
2015-09-08 12:10:52.938	10501	10601	-70	-97	10	28.63	82.05	3.444
2015-09-08 12:29:45.634	10501	10601	-67	-97	10	29.33	81.64	3.455
2015-09-08 12:39:53.782	10501	10601	-67	-67	10
2015-09-08 12:51:36.97	10501	10601	-64	-97	10
2015-09-08 13:03:23.387	10501	10601	-67	-67	10	30.86	81.59	3.444
2015-09-08 13:32:41.422	10501	10601	-67	-97	10	32.63	80.78	3.444
2015-09-08 14:09:18.334	10501	10601	-67	-97	10	32.33	79.57	3.444
2015-09-08 14:12:18.802	10501	10601	-67	-97	10
2015-09-08 14:39:27.646	10501	10601	-67	-67	10	32.75	79.27	3.444
2015-09-08 14:51:20.326	10501	10601	-67	-97	10	32.69	79.04	3.444
2015-09-08 15:22:48.974	10501	10601	-67	-64	10	33.22	79.37	3.455
2015-09-08 15:42:18.962	10501	10601	-64	-64	10
2015-09-08 16:38:58.835	10501	10601	-67	-67	10	34.47	79.98	3.455
2015-09-08 17:08:37.995	10501	10601	-67	-97	10	34.93	79.8	3.455
2015-09-09 01:22:51.302	10501	10601	-67	-67	10	23.25	76.74	3.434
2015-09-09 03:05:44.279	10501	10601	-67	-67	10
2015-09-09 03:36:32.003	10501	10601	-67	-67	10	21.96	76.91	3.423
2015-09-09 04:04:38.246	10501	10601	-67	-67	10
2015-09-09 05:36:53.694	10501	10601	-67	-67	10
2015-09-09 06:00:52.08	10501	10601	-67	-67	10	21.61	77.58	3.413
2015-09-09 08:47:26.002	10501	10601	-67	-67	10
2015-09-09 10:14:21.255	10501	10601	-67	-67	10
2015-09-09 10:54:36.762	10501	10601	-67	-67	10	25.63	80.12	3.392
2015-09-09 12:00:52.65	10501	10601	-67	-67	10	28.24	80.4	3.392
2015-09-09 13:10:12.343	10501	10601	-67	-67	10	30.76	80.58	3.392
2015-09-09 13:52:12.31	10501	10601	-67	-64	10	31.54	80.25	3.392
2015-09-09 14:28:05.242	10501	10601	-67	-67	10	32.38	79.22	3.392
2015-09-09 14:29:09.186	10501	10601	-67	-97	10
2015-09-09 14:51:39.435	10501	10601	-67	-97	10
2015-09-09 15:40:17.175	10501	10601	-67	-64	10	28.91	73.63	3.392
2015-09-09 15:54:05.507	10501	10601	-64	-97	10	28.04	73.72	3.403
2015-09-09 16:24:06.719	10501	10601	-67	-67	10
2015-09-09 16:24:20.283	10501	10601	-67	-97	10	26.91	74.46	3.403
2015-09-09 16:56:01.867	10501	10601	-64	-97	10	25.47	73.9	3.392
2015-09-09 17:20:01.018	10501	10601	-64	-97	10
2015-09-09 17:36:52.607	10501	10601	-64	-97	10	23.15	73.67	3.392
2015-09-09 17:56:37.755	10501	10601	-64	-97	10
2015-09-16 16:37:27.798	10501	10601	-64	-64	10	29.58	83.03	2.322
