result_time	node_id	parent_id	stats_frssi	stats_brssi	etx	temperature	humidity	voltage
2015-08-16 17:30:13.323	10601	11201	-94	-97	10	32.66	57.05	3.767
2015-08-16 17:38:02.799	10601	11201	-94	-97	10
2015-08-16 17:49:03.85	10601	11201	-94	-97	10	32.5	57.53	3.767
2015-08-16 18:25:03.53	10601	11201	-94	-97	10	31.32	57.11	3.767
2015-08-16 18:57:38.979	10601	11201	-94	-97	10	31.35	57.3	3.767
2015-08-16 19:16:49.262	10601	11201	-94	-97	10	30.96	57.18	3.767
2015-08-16 19:27:01.882	10601	11201	-94	-97	10
2015-08-16 19:42:15.775	10601	11201	-94	-94	10
2015-08-16 19:56:41.962	10601	11201	-94	-97	10	29.72	56.75	3.767
2015-08-16 20:12:32.738	10601	11201	-94	-94	10	28.88	56.51	3.779
2015-08-16 20:46:00.638	10601	11201	-94	-94	10	27.55	56.28	3.767
2015-08-16 21:30:20.379	10601	11201	-94	-94	10	26.16	56.33	3.767
2015-08-16 21:46:29.268	10601	11201	-94	-97	10
2015-08-16 21:51:47.898	10601	11201	-94	-97	10	25.54	56.3	3.779
2015-08-16 22:20:12.731	10601	11201	-94	-97	10	24.77	56.32	3.779
2015-08-16 22:44:14.602	10601	11201	-94	-94	10
2015-08-16 22:50:33.787	10601	11201	-94	-97	10	24.14	56.32	3.779
2015-08-16 23:21:22.523	10601	11201	-94	-97	10	23.49	56.29	3.779
2015-08-16 23:50:41.662	10601	11201	-94	-97	10
2015-08-16 23:59:05.899	10601	11201	-94	-97	10	23.08	56.6	3.767
2015-08-17 00:27:28.582	10601	11201	-94	-97	10	22.84	56.68	3.779
2015-08-17 00:42:47.23	10601	11201	-94	-97	10	22.79	56.74	3.805
2015-08-17 01:17:31.735	10601	11201	-94	-97	10	22.29	56.54	3.779
2015-08-17 01:54:53.938	10601	11201	-94	-97	10
2015-08-17 01:55:14.374	10601	11201	-94	-97	10	22.02	56.75	3.767
2015-08-17 02:01:28.143	10601	11201	-94	-97	10
2015-08-17 02:10:58.395	10601	11201	-94	-97	10	21.94	56.74	3.818
2015-08-17 02:50:24.246	10601	11201	-94	-94	10	21.54	56.68	3.767
2015-08-17 03:27:08.134	10601	11201	-94	-94	10	21.1	56.61	3.779
2015-08-17 03:40:38.478	10601	11201	-94	-97	10	21.03	56.6	3.818
2015-08-17 03:59:06.686	10601	11201	-94	-94	10
2015-08-17 04:27:52.326	10601	11201	-94	-94	10	20.74	56.77	3.767
2015-08-17 04:40:56.674	10601	11201	-94	-94	10	20.61	56.78	3.818
2015-08-17 05:18:41.13	10601	11201	-94	-94	10
2015-08-17 05:32:02.226	10601	11201	-94	-94	10	20.22	56.79	3.767
2015-08-17 06:00:21.68	10601	11201	-94	-97	10	20.1	56.83	3.779
2015-08-17 06:03:21.059	10601	11201	-94	-94	10
2015-08-17 06:15:44.995	10601	11201	-94	-97	10	19.97	56.81	3.818
2015-08-17 06:47:27.626	10601	11201	-94	-97	10	19.75	56.78	3.779
2015-08-17 07:10:12.254	10601	11201	-94	-94	10	19.77	56.93	3.792
2015-08-17 07:45:50.555	10601	11201	-94	-97	10	20.07	57.31	3.779
2015-08-17 08:07:32.479	10601	11201	-94	-97	10
2015-08-17 08:29:12.323	10601	11201	-94	-97	10	20.65	57.73	3.767
2015-08-17 08:35:53.698	10601	11201	-94	-97	10
2015-08-17 08:53:39.551	10601	11201	-94	-97	10	21.32	58.17	3.779
2015-08-17 09:21:46.903	10601	11201	-94	-94	10	22.4	58.88	3.779
2015-08-17 09:51:34.966	10601	11201	-94	-94	10	23.6	59.43	3.767
2015-08-17 10:11:45.295	10601	11201	-94	-94	10
2015-08-17 10:12:45.418	10601	11201	-91	-97	10	24.51	59.78	3.779
2015-08-17 10:44:37.61	10601	11201	-94	-97	10	25.88	60.11	3.767
2015-08-17 11:31:53.827	10601	11201	-94	-94	10	27.4	59.82	3.754
2015-08-17 11:53:06.687	10601	11201	-91	-97	10
2015-08-17 12:01:36.222	10601	11201	-94	-97	10	28.15	59.85	3.754
2015-08-17 12:16:00.091	10601	11201	-91	-97	10
2015-08-17 12:22:08.338	10601	11201	-94	-97	10	28.85	59.95	3.767
2015-08-17 12:48:15.455	10601	11201	-94	-97	10	30.08	60.67	3.754
2015-08-17 13:10:31.991	10601	11201	-94	-97	10	31.02	60.81	3.754
2015-08-17 13:59:22.718	10601	11201	-94	-97	13	31.27	59.74	3.754
2015-08-17 14:20:10.211	10601	11201	-94	-97	10
2015-08-17 14:20:23.811	10601	11201	-91	-97	10	31.11	59.28	3.754
2015-08-17 15:00:51.963	10601	11201	-94	-97	10	31.4	59.47	3.754
2015-08-17 15:10:19.306	10601	11201	-94	-97	10
2015-08-17 15:20:59.77	10601	11201	-94	-97	10	31.94	60.3	3.767
2015-08-17 16:00:13.846	10601	11201	-94	-97	10	33.52	61.14	3.754
2015-08-17 16:10:37.174	10601	11201	-94	-97	10	33.66	60.78	3.779
2015-08-17 16:24:23.527	10601	11201	-94	-97	10
2015-08-17 16:43:24.802	10601	11201	-91	-97	10	33.5	60.6	3.754
2015-08-17 17:29:33.566	10601	11201	-94	-97	10	34.3	60.54	3.754
2015-08-17 17:57:53.374	10601	11201	-94	-97	10	33.63	59.68	3.754
2015-08-17 18:24:08.318	10601	11201	-94	-97	10	32.83	59.12	3.754
2015-08-17 18:27:33.694	10601	11201	-94	-97	10
2015-08-17 18:28:36.099	10601	11201	-94	-97	10
2015-08-17 19:02:07.871	10601	11201	-94	-97	10	31.61	58.98	3.754
2015-08-17 19:12:19.206	10601	11201	-94	-97	10	31.22	58.89	3.792
2015-08-17 19:50:26.015	10601	11201	-94	-97	10	29.61	58.58	3.754
2015-08-17 20:25:19.218	10601	11201	-94	-97	10	28.24	58.44	3.754
2015-08-17 20:32:48.523	10601	11201	-94	-97	10
2015-08-17 21:02:19.907	10601	11201	-91	-94	10	26.91	58.46	3.754
2015-08-17 21:26:07.575	10601	11201	-94	-94	10	26.26	58.51	3.767
2015-08-17 21:40:14.674	10601	11201	-94	-97	10	25.88	58.55	3.792
2015-08-17 21:44:46.11	10601	11201	-91	-97	10
2015-08-17 22:13:45.175	10601	11201	-91	-91	10	25.04	58.39	3.767
2015-08-17 22:37:02.535	10601	11201	-94	-97	10
2015-08-17 22:55:30.371	10601	11201	-91	-97	10	24.15	58.53	3.767
2015-08-17 23:30:43.718	10601	11201	-91	-97	10	23.76	58.75	3.767
2015-08-17 23:51:45.106	10601	11201	-91	-97	10	23.49	58.71	3.779
2015-08-18 00:28:16.21	10601	11201	-94	-97	10	23.02	58.73	3.767
2015-08-18 00:41:16.462	10601	11201	-91	-97	10
2015-08-18 00:52:27.578	10601	11201	-94	-97	10	22.72	58.71	3.779
2015-08-18 01:01:59.202	10601	11201	-91	-97	10
2015-08-18 01:26:15.915	10601	11201	-94	-97	10	22.53	58.87	3.767
2015-08-18 01:49:51.274	10601	11201	-94	-97	10	22.35	58.93	3.779
2015-08-18 02:16:16.174	10601	11201	-91	-94	10	22.19	58.97	3.767
2015-08-18 02:44:15.163	10601	11201	-91	-97	10	22.11	59.02	3.767
2015-08-18 02:45:27.77	10601	11201	-91	-97	10
2015-08-18 03:27:59.623	10601	11201	-91	-97	10	21.97	59.11	3.754
2015-08-18 03:54:35.395	10601	11201	-91	-97	10	21.99	59.24	3.767
2015-08-18 04:19:12.078	10601	11201	-94	-94	10
2015-08-18 04:29:20.222	10601	11201	-94	-97	10	22.04	59.37	3.767
2015-08-18 04:49:40.514	10601	11201	-91	-94	10
2015-08-18 05:01:48.615	10601	11201	-94	-94	10	21.97	59.36	3.767
2015-08-18 05:15:38.284	10601	11201	-94	-97	10	21.93	59.38	3.805
2015-08-18 05:58:04.951	10601	11201	-94	-97	10	21.02	58.76	3.754
2015-08-18 10:53:37.983	10601	11201	-94	-94	10
2015-08-18 10:57:26.523	10601	11201	-94	-97	10	21.94	62.16	3.754
2015-08-18 11:02:18.206	10601	11201	-94	-97	10
2015-08-18 11:19:51.686	10601	11201	-94	-97	10	22.33	62.46	3.767
2015-08-18 11:40:11.164	10601	11201	-94	-97	10	22.56	62.59	3.779
2015-08-18 12:21:23.255	10601	11201	-94	-97	10	23.47	63.18	3.754
2015-08-18 12:54:49.675	10601	11201	-94	-97	10	23.9	63.16	3.754
2015-08-18 13:06:31.858	10601	11201	-94	-94	10
2015-08-18 13:29:43.109	10601	11201	-94	-97	10	23.72	63.11	3.754
2015-08-18 14:01:47.166	10601	11201	-94	-97	10	24.2	64.37	3.754
2015-08-18 14:10:50.367	10601	11201	-94	-97	10
2015-08-18 14:29:23.782	10601	11201	-94	-97	10	25.07	64.87	3.754
2015-08-18 14:44:43.682	10601	11201	-94	-97	10	25.66	65.47	3.779
2015-08-18 15:10:43.842	10601	11201	-94	-97	10
2015-08-18 15:28:10.203	10601	11201	-94	-94	10	25.88	64.77	3.754
2015-08-18 15:42:16.69	10601	11201	-94	-94	10	25.83	64.79	3.779
2015-08-18 16:29:54.038	10601	11201	-94	-97	10	25.33	64.5	3.742
2015-08-18 16:40:40.15	10601	11201	-91	-97	10	25.27	64.52	3.792
2015-08-18 17:14:56.626	10601	11201	-94	-97	10
2015-08-18 17:21:29.111	10601	11201	-91	-97	10	24.8	64.76	3.754
2015-08-18 17:28:03.963	10601	11201	-94	-97	10
2015-08-18 17:54:55.818	10601	11201	-94	-94	10	25.33	65.26	3.754
2015-08-18 18:19:40.05	10601	11201	-94	-97	10	24.82	65.15	3.754
2015-08-18 18:58:49.923	10601	11201	-94	-97	10	24.66	65.53	3.754
2015-08-18 19:19:09.506	10601	11201	-91	-97	10
2015-08-18 19:30:42.914	10601	11201	-94	-94	10	24.63	65.68	3.754
2015-08-18 19:59:54.399	10601	11201	-94	-91	10	24.24	65.52	3.754
2015-08-18 20:27:52.674	10601	11201	-94	-97	10	23.7	65.49	3.754
2015-08-18 20:45:17.448	10601	11201	-94	-94	10
2015-08-18 21:01:18.851	10601	11201	-94	-97	10	23.04	65.49	3.754
2015-08-18 21:23:21.687	10601	11201	-91	-97	10
2015-08-18 21:26:19.506	10601	11201	-94	-97	10	22.75	65.65	3.767
2015-08-18 21:50:07.023	10601	11201	-94	-94	10	22.47	65.83	3.767
2015-08-18 22:26:24.77	10601	11201	-94	-94	10	22.06	65.96	3.754
2015-08-18 22:54:26.342	10601	11201	-94	-94	10	21.79	66.09	3.754
2015-08-18 23:27:35.619	10601	11201	-94	-97	10
2015-08-18 23:27:44.083	10601	11201	-94	-97	10	21.54	66.22	3.754
2015-08-18 23:52:36.574	10601	11201	-94	-97	10	21.4	66.31	3.767
2015-08-19 00:02:30.086	10601	11201	-94	-97	10
2015-08-19 00:14:01.507	10601	11201	-94	-97	10	21.24	66.43	3.779
2015-08-19 00:56:48.222	10601	11201	-94	-94	10	20.94	66.58	3.754
2015-08-19 01:58:50.622	10601	11201	-91	-97	10	20.71	66.91	3.754
2015-08-19 02:46:32.462	10601	11201	-94	-94	10	20.47	67.12	3.779
2015-08-19 03:19:43.191	10601	11201	-94	-97	10
2015-08-19 03:22:47.919	10601	11201	-94	-97	10	20.42	67.31	3.754
2015-08-19 03:36:04.147	10601	11201	-94	-94	10
2015-08-19 03:51:30.958	10601	11201	-91	-94	10	20.39	67.39	3.767
2015-08-19 04:26:16.247	10601	11201	-91	-94	10	20.08	67.51	3.754
2015-08-19 04:49:49.734	10601	11201	-94	-97	10	19.99	67.61	3.767
2015-08-19 05:28:21.542	10601	11201	-94	-97	10	19.74	67.7	3.754
2015-08-19 05:40:12.855	10601	11201	-94	-97	10
2015-08-19 05:52:04.894	10601	11201	-94	-94	10	19.67	67.86	3.767
2015-08-19 06:23:29.17	10601	11201	-94	-94	10	19.5	68.03	3.754
2015-08-19 06:36:56.231	10601	11201	-94	-94	10
2015-08-19 06:59:41.97	10601	11201	-94	-97	10	19.45	68.22	3.754
2015-08-19 07:17:57.226	10601	11201	-94	-97	10	19.52	68.37	3.779
2015-08-19 07:44:28.31	10601	11201	-94	-97	10
2015-08-19 08:00:49.45	10601	11201	-94	-97	10	19.85	68.77	3.742
2015-08-19 08:25:30.671	10601	11201	-94	-94	10	20.35	69.22	3.754
2015-08-19 08:46:02.91	10601	11201	-94	-97	10	20.81	69.59	3.779
2015-08-19 09:21:24.13	10601	11201	-94	-97	10	21.9	70.1	3.742
2015-08-19 09:48:41.754	10601	11201	-94	-97	10
2015-08-19 09:54:11.699	10601	11201	-94	-97	10
2015-08-19 09:58:22.523	10601	11201	-94	-97	10	23.35	70.76	3.742
2015-08-19 10:13:49.494	10601	11201	-94	-97	10	23.97	71.07	3.779
2015-08-19 10:55:24.706	10601	11201	-94	-97	10	25.66	71.41	3.742
2015-08-19 11:20:42.082	10601	11201	-94	-94	10	26.88	71.72	3.742
2015-08-19 11:52:52.199	10601	11201	-91	-97	10
2015-08-19 12:02:04.683	10601	11201	-94	-94	10	28.27	71.75	3.742
2015-08-19 12:26:53.731	10601	11201	-94	-97	10	28.8	71.45	3.742
2015-08-19 13:01:17.927	10601	11201	-94	-97	10	29.94	71.72	3.742
2015-08-19 13:11:22.354	10601	11201	-94	-97	10
2015-08-19 13:19:44.939	10601	11201	-94	-97	10	30.52	71.74	3.742
2015-08-19 13:55:37.975	10601	11201	-94	-97	10	30.94	71.64	3.742
2015-08-19 14:30:47.026	10601	11201	-91	-97	10	31.75	71.76	3.742
2015-08-19 14:42:10.546	10601	11201	-94	-91	10	31.52	71.55	3.767
2015-08-19 15:10:48.778	10601	11201	-94	-97	10	31.97	71.92	3.742
2015-08-19 15:52:01.983	10601	11201	-91	-97	10	32.61	71.98	3.742
2015-08-19 16:01:17.103	10601	11201	-94	-97	10
2015-08-19 16:21:55.911	10601	11201	-94	-97	10	32.75	71.94	3.742
2015-08-19 16:28:35.202	10601	11201	-94	-97	10
2015-08-19 16:41:30.679	10601	11201	-91	-97	10	32.8	72.07	3.742
2015-08-19 17:32:14.482	10601	11201	-91	-97	10	34.21	72.15	3.742
2015-08-19 18:01:52.646	10601	11201	-94	-97	10	33.61	72.1	3.742
2015-08-19 18:05:29.75	10601	11201	-94	-97	10
2015-08-19 18:42:44.579	10601	11201	-94	-97	10	31.33	72.26	3.779
2015-08-19 19:21:51.942	10601	11201	-91	-97	10	29.8	72.58	3.742
2015-08-19 19:45:47.875	10601	11201	-94	-91	10
2015-08-19 19:48:21.687	10601	11201	-94	-94	10	28.75	72.72	3.742
2015-08-19 20:09:42.126	10601	11201	-94	-97	10
2015-08-19 20:31:54.157	10601	11201	-94	-94	10	27.44	73.02	3.742
2015-08-19 20:47:22.291	10601	11201	-94	-91	10	26.99	73.13	3.754
2015-08-19 21:21:46.287	10601	11201	-94	-97	10	26.4	73.43	3.742
2015-08-19 21:49:17.115	10601	11201	-94	-97	10	25.94	73.57	3.742
2015-08-19 22:13:55.018	10601	11201	-94	-94	10
2015-08-19 22:28:11.835	10601	11201	-94	-94	10	25.3	73.78	3.742
2015-08-19 22:44:33.598	10601	11201	-91	-97	10	25.1	73.85	3.767
2015-08-19 23:03:00.735	10601	11201	-94	-97	10
2015-08-19 23:19:20.794	10601	11201	-94	-97	10	24.69	74.03	3.742
2015-08-19 23:40:14.906	10601	11201	-94	-97	10	24.61	74.15	3.767
2015-08-20 00:18:07.598	10601	11201	-91	-91	10
2015-08-20 00:23:36.874	10601	11201	-94	-97	10	24.46	74.28	3.742
2015-08-20 00:44:34.77	10601	11201	-94	-97	10	24.2	74.34	3.767
2015-08-20 01:26:41.102	10601	11201	-94	-97	10	23.83	74.46	3.742
2015-08-20 01:54:17.066	10601	11201	-94	-97	10	23.69	74.57	3.754
2015-08-20 02:20:14.338	10601	11201	-91	-97	10
2015-08-20 02:22:20.414	10601	11201	-94	-97	10
2015-08-20 02:24:46.146	10601	11201	-94	-97	10	23.51	74.65	3.742
2015-08-20 02:53:50.223	10601	11201	-91	-97	10	23.4	74.74	3.754
2015-08-20 03:29:21.162	10601	11201	-94	-94	10	23.28	74.82	3.742
2015-08-20 03:57:49.091	10601	11201	-94	-94	10	23.15	74.9	3.742
2015-08-20 04:17:58.191	10601	11201	-94	-97	10	23.25	74.98	3.767
2015-08-20 04:26:33.151	10601	11201	-94	-97	10
2015-08-20 04:51:31.327	10601	11201	-91	-97	10	23.54	75.01	3.742
2015-08-20 05:13:04.439	10601	11201	-94	-97	10	23.49	75.0	3.754
2015-08-20 05:37:27.378	10601	11201	-94	-97	10
2015-08-20 05:48:10.122	10601	11201	-91	-97	10	23.38	75.06	3.742
2015-08-20 06:14:52.667	10601	11201	-94	-97	10	23.42	75.09	3.754
2015-08-20 06:30:46.018	10601	11201	-94	-97	10
2015-08-20 06:48:55.766	10601	11201	-94	-97	10	23.47	75.16	3.742
2015-08-20 07:23:36.354	10601	11201	-94	-97	10	23.6	75.18	3.742
2015-08-20 07:42:24.115	10601	11201	-94	-97	10	23.68	75.2	3.767
2015-08-20 08:17:01.45	10601	11201	-94	-97	10	23.81	75.2	3.742
2015-08-20 08:34:59.775	10601	11201	-94	-97	10
2015-08-20 08:54:41.366	10601	11201	-94	-94	10
2015-08-20 08:58:34.75	10601	11201	-94	-94	10	24.15	75.19	3.742
2015-08-20 09:24:50.414	10601	11201	-94	-97	10	24.35	75.17	3.742
2015-08-20 09:55:33.834	10601	11201	-94	-91	10	24.69	75.13	3.742
2015-08-20 10:11:39.651	10601	11201	-94	-97	10	24.6	75.14	3.767
2015-08-20 10:39:11.878	10601	11201	-94	-91	10
2015-08-20 10:47:55.854	10601	11201	-94	-97	10	25.13	75.07	3.742
2015-08-20 11:17:48.358	10601	11201	-94	-97	10	25.3	75.06	3.742
2015-08-20 11:55:54.895	10601	11201	-94	-97	10	25.91	74.98	3.742
2015-08-20 12:11:52.97	10601	11201	-94	-97	10
2015-08-20 12:20:23.782	10601	11201	-94	-97	10	25.58	75.03	3.742
2015-08-20 12:43:24.575	10601	11201	-94	-97	10
2015-08-20 12:44:08.115	10601	11201	-94	-97	10	25.52	75.04	3.742
2015-08-20 13:16:52.45	10601	11201	-94	-97	10	25.41	75.05	3.742
2015-08-20 13:40:22.466	10601	11201	-94	-91	10	26.29	74.86	3.742
2015-08-20 14:21:21.475	10601	11201	-94	-97	10	26.44	74.86	3.729
2015-08-20 14:41:30.695	10601	11201	-91	-97	10	26.82	74.8	3.742
2015-08-20 14:47:37.127	10601	11201	-94	-97	10
2015-08-20 15:14:09.654	10601	11201	-94	-97	11	27.36	74.6	3.742
2015-08-20 15:29:06.402	10601	11201	-94	-97	10
2015-08-20 15:50:57.418	10601	11201	-94	-94	10	27.52	74.65	3.729
2015-08-20 16:14:29.506	10601	11201	-94	-97	10	27.91	74.54	3.742
2015-08-20 16:40:26.343	10601	11201	-94	-97	10	28.54	74.24	3.844
2015-08-20 16:51:50.398	10601	11201	-94	-97	10
2015-08-20 17:16:37.854	10601	11201	-94	-97	10	29.1	74.09	3.729
2015-08-20 17:41:45.082	10601	11201	-94	-97	10	29.63	73.77	3.729
2015-08-20 18:32:12.026	10601	11201	-94	-97	21	28.61	74.47	3.729
2015-08-20 18:46:33.283	10601	11201	-94	-94	20
2015-08-20 18:56:12.954	10601	11201	-94	-97	18
2015-08-20 18:57:19.85	10601	11201	-94	-97	17	27.88	74.7	3.729
2015-08-20 19:21:21.33	10601	11201	-94	-97	12	26.99	74.91	3.742
2015-08-20 19:49:55.59	10601	11201	-94	-97	10	25.96	75.18	3.729
2015-08-20 20:32:06.615	10601	11201	-94	-97	10	24.11	75.59	3.729
2015-08-20 20:59:15.603	10601	11201	-94	-97	10	22.99	75.85	3.742
2015-08-20 21:00:15.786	10601	11201	-94	-94	10
2015-08-20 21:10:21.17	10601	11201	-91	-94	10	22.61	75.94	3.779
2015-08-20 21:53:15.531	10601	11201	-94	-97	10	21.76	76.22	3.729
2015-08-20 22:03:32.302	10601	11201	-94	-97	10
2015-08-20 22:13:36.062	10601	11201	-94	-97	10	21.28	76.32	3.754
2015-08-20 22:45:53.679	10601	11201	-91	-94	10	20.78	76.48	3.742
2015-08-20 23:04:28.358	10601	11201	-91	-97	10
2015-08-20 23:10:00.41	10601	11201	-94	-97	10	20.28	76.57	3.742
2015-08-20 23:46:15.238	10601	11201	-94	-97	10	19.86	76.72	3.729
2015-08-21 00:24:45.146	10601	11201	-91	-97	10	19.36	76.86	3.729
2015-08-21 00:42:45.562	10601	11201	-91	-97	10	18.89	76.95	3.767
2015-08-21 01:08:41.403	10601	11201	-91	-97	10
2015-08-21 01:20:06.935	10601	11201	-91	-97	10	18.14	77.08	3.742
2015-08-21 01:20:45.29	10601	11201	-91	-94	10
2015-08-21 01:52:45.366	10601	11201	-91	-94	10	17.93	77.19	3.742
2015-08-21 02:25:37.431	10601	11201	-91	-94	10	17.74	77.31	3.742
2015-08-21 02:42:04.191	10601	11201	-91	-97	10	17.36	77.36	3.779
2015-08-21 03:12:54.218	10601	11201	-94	-97	10
2015-08-21 03:13:42.294	10601	11201	-91	-97	10	16.7	77.48	3.742
2015-08-21 03:45:48.934	10601	11201	-91	-97	10	16.24	77.6	3.742
2015-08-21 04:10:56.458	10601	11201	-94	-97	10	15.89	77.71	3.754
2015-08-21 04:37:58.506	10601	11201	-94	-97	10
2015-08-21 04:54:33.278	10601	11201	-94	-97	10	15.29	77.84	3.717
2015-08-21 05:12:13.906	10601	11201	-94	-94	10	15.07	77.87	3.779
2015-08-21 05:17:06.978	10601	11201	-94	-94	10
2015-08-21 05:49:23.699	10601	11201	-94	-94	10	14.61	77.98	3.742
2015-08-21 06:11:57.006	10601	11201	-94	-94	10	14.43	78.06	3.767
2015-08-21 06:47:28.191	10601	11201	-94	-94	10	14.18	78.14	3.754
2015-08-21 07:20:07.743	10601	11201	-91	-97	10	14.07	78.22	3.754
2015-08-21 07:21:20.116	10601	11201	-94	-97	10
2015-08-21 07:52:08.926	10601	11201	-91	-97	10	14.2	78.24	3.754
2015-08-21 07:55:11.774	10601	11201	-94	-97	10
2015-08-21 08:27:19.311	10601	11201	-94	-91	10	14.97	78.18	3.754
2015-08-21 08:27:28.579	10601	11201	-94	-91	10	14.97	78.18	3.754
2015-08-21 08:49:29.766	10601	11201	-91	-97	10	15.78	78.01	3.767
2015-08-21 09:11:06.355	10601	11201	-91	-91	10	16.54	77.84	3.767
2015-08-21 09:25:32.906	10601	11201	-94	-97	10
2015-08-21 09:50:05.487	10601	11201	-91	-97	10	18.72	77.23	3.729
2015-08-21 10:16:53.722	10601	11201	-94	-97	10	19.65	76.78	3.742
2015-08-21 10:49:46.063	10601	11201	-94	-97	10	21.0	76.29	3.779
2015-08-21 11:11:11.622	10601	11201	-94	-97	10	21.64	76.15	3.742
2015-08-21 11:12:28.812	10601	11201	-91	-97	10
2015-08-21 11:29:45.871	10601	11201	-91	-97	10
2015-08-21 11:43:57.974	10601	11201	-94	-97	10	22.75	75.83	3.729
2015-08-21 12:17:27.738	10601	11201	-94	-94	11	23.79	75.55	3.729
2015-08-21 12:57:31.202	10601	11201	-94	-97	10	25.02	75.05	3.717
2015-08-21 13:32:03.614	10601	11201	-94	-97	10	25.79	74.79	3.717
2015-08-21 13:33:57.97	10601	11201	-94	-97	10
2015-08-21 14:00:27.491	10601	11201	-94	-97	10	26.21	74.62	3.717
2015-08-21 14:25:14.054	10601	11201	-94	-97	10	26.83	74.27	3.729
2015-08-21 14:29:37.366	10601	11201	-94	-97	10
2015-08-21 15:01:52.654	10601	11201	-94	-97	10	27.54	73.79	3.717
2015-08-21 15:23:33.87	10601	11201	-94	-97	10	27.58	74.22	3.754
2015-08-21 15:38:10.65	10601	11201	-94	-97	10
2015-08-21 15:49:32.819	10601	11201	-94	-97	11	27.65	74.26	3.717
2015-08-21 16:18:27.343	10601	11201	-94	-97	10	27.83	73.85	3.693
2015-08-21 16:43:19.303	10601	11201	-94	-94	10	28.33	73.55	3.717
2015-08-21 17:22:01.495	10601	11201	-94	-97	10	28.66	72.94	3.717
2015-08-21 17:42:23.722	10601	11201	-94	-97	10
2015-08-21 17:46:50.438	10601	11201	-94	-97	10
2015-08-21 17:56:35.56	10601	11201	-94	-97	10	29.02	73.34	3.717
2015-08-21 18:26:26.907	10601	11201	-94	-97	10	27.74	74.28	3.717
2015-08-21 19:01:36.883	10601	11201	-94	-97	10	26.68	74.8	3.717
2015-08-21 19:16:13.804	10601	11201	-94	-97	10	25.99	75.19	3.742
2015-08-21 19:40:05.647	10601	11201	-94	-97	10	24.77	75.69	3.717
2015-08-21 19:46:35.947	10601	11201	-94	-97	10
2015-08-21 20:18:19.971	10601	11201	-94	-97	10	22.97	76.28	3.705
2015-08-21 20:44:50.47	10601	11201	-91	-97	10	21.79	76.61	3.717
2015-08-21 21:04:03.518	10601	11201	-94	-94	10
2015-08-21 21:23:04.547	10601	11201	-94	-97	10	20.4	76.99	3.717
2015-08-21 21:50:49.55	10601	11201	-91	-94	10
2015-08-21 21:56:50.53	10601	11201	-94	-97	10	19.43	77.29	3.717
2015-08-21 22:14:21.406	10601	11201	-91	-97	10	18.83	77.46	3.754
2015-08-21 22:49:56.194	10601	11201	-91	-97	10	18.15	77.61	3.729
2015-08-21 23:27:41.446	10601	11201	-91	-97	10	17.86	77.7	3.717
2015-08-21 23:55:01.251	10601	11201	-94	-97	10
2015-08-22 00:01:53.95	10601	11201	-91	-97	10	17.43	77.82	3.729
2015-08-22 00:21:15.955	10601	11201	-91	-97	10
2015-08-22 00:27:47.946	10601	11201	-94	-97	10	17.0	77.99	3.742
2015-08-22 00:46:26.142	10601	11201	-91	-97	10	16.71	78.06	3.754
2015-08-22 01:30:51.658	10601	11201	-91	-91	10	15.93	78.25	3.717
2015-08-22 01:48:35.371	10601	11201	-91	-97	10	15.64	78.37	3.767
2015-08-22 01:59:14.418	10601	11201	-91	-94	10
2015-08-22 02:13:39.19	10601	11201	-91	-94	10	15.2	78.46	3.742
2015-08-22 02:58:31.339	10601	11201	-91	-97	10	14.39	78.69	3.717
2015-08-22 03:11:42.183	10601	11201	-94	-97	10	14.24	78.73	3.767
2015-08-22 03:38:29.903	10601	11201	-91	-97	10
2015-08-22 03:41:01.302	10601	11201	-91	-97	10	13.93	78.77	3.717
2015-08-22 04:03:26.814	10601	11201	-91	-97	10
2015-08-22 04:28:29.074	10601	11201	-91	-97	10	13.43	78.94	3.717
2015-08-22 05:01:59.662	10601	11201	-91	-94	10	13.15	79.01	3.729
2015-08-22 05:30:09.358	10601	11201	-91	-97	10	12.96	79.07	3.742
2015-08-22 05:45:41.435	10601	11201	-94	-97	10	12.86	79.1	3.767
2015-08-22 06:07:42.536	10601	11201	-91	-97	10
2015-08-22 06:07:54.042	10601	11201	-91	-97	10
2015-08-22 06:27:08.446	10601	11201	-94	-97	10	12.61	79.17	3.729
2015-08-22 06:55:42.191	10601	11201	-94	-97	10
2015-08-22 06:56:36.11	10601	11201	-94	-97	10	12.39	79.22	3.742
2015-08-22 07:19:59.315	10601	11201	-91	-97	10	12.56	79.18	3.754
2015-08-22 07:57:06.251	10601	11201	-94	-97	10	13.1	79.0	3.705
2015-08-22 08:11:52.963	10601	11201	-94	-97	10
2015-08-22 08:21:56.502	10601	11201	-94	-97	10	13.83	78.7	3.742
2015-08-22 08:41:01.99	10601	11201	-94	-97	10	14.42	78.39	3.754
2015-08-22 09:26:23.603	10601	11201	-94	-97	10	15.86	77.8	3.717
2015-08-22 09:54:24.202	10601	11201	-91	-97	10	17.0	77.31	3.729
2015-08-22 10:12:56.259	10601	11201	-94	-97	10
2015-08-22 10:16:05.418	10601	11201	-91	-97	10
2015-08-22 10:25:26.582	10601	11201	-94	-97	10	18.36	76.2	3.717
2015-08-22 11:00:27.266	10601	11201	-94	-97	10	19.88	75.23	3.717
2015-08-22 11:25:10.582	10601	11201	-91	-97	10	20.9	74.81	3.717
2015-08-22 11:55:30.099	10601	11201	-94	-97	10	22.07	74.45	3.717
2015-08-22 12:20:18.811	10601	11201	-91	-97	10
2015-08-22 12:21:03.067	10601	11201	-94	-97	10	23.15	73.84	3.717
2015-08-22 12:41:30.852	10601	11201	-94	-97	10	23.97	73.5	3.717
2015-08-22 13:18:27.078	10601	11201	-94	-97	10	25.01	72.95	3.669
2015-08-22 13:30:08.095	10601	11201	-91	-97	10
2015-08-22 13:40:14.727	10601	11201	-94	-97	10	25.41	72.91	3.717
2015-08-22 14:21:48.898	10601	11201	-94	-97	10	26.22	72.56	3.693
2015-08-22 14:24:31.283	10601	11201	-94	-94	10
2015-08-22 15:00:57.222	10601	11201	-94	-97	10	27.11	71.82	3.693
2015-08-22 15:11:21.094	10601	11201	-94	-97	10	27.22	71.9	3.729
2015-08-22 15:46:21.266	10601	11201	-94	-97	10	27.52	72.38	3.693
2015-08-22 16:21:41.122	10601	11201	-94	-97	10	28.3	71.39	3.693
2015-08-22 16:28:46.114	10601	11201	-94	-94	10
2015-08-22 16:47:22.159	10601	11201	-94	-97	10
2015-08-22 16:50:45.055	10601	11201	-94	-97	10	28.77	70.96	3.705
2015-08-22 17:31:52.827	10601	11201	-94	-97	10	29.47	69.73	3.681
2015-08-22 17:42:18.647	10601	11201	-94	-97	10	29.61	70.19	3.717
2015-08-22 18:12:43.347	10601	11201	-91	-97	10	28.3	72.24	3.681
2015-08-22 18:32:56.571	10601	11201	-94	-97	10
2015-08-22 19:01:34.314	10601	11201	-94	-94	10	26.69	73.35	3.693
2015-08-22 19:13:58.122	10601	11201	-94	-97	10	26.13	73.83	3.717
2015-08-22 19:40:35.83	10601	11201	-91	-94	10	24.66	74.85	3.705
2015-08-22 20:04:35.211	10601	11201	-94	-97	10
2015-08-22 20:25:15.003	10601	11201	-91	-97	10	22.47	75.94	3.705
2015-08-22 20:37:09.651	10601	11201	-91	-97	10
2015-08-22 20:51:36.126	10601	11201	-91	-97	10	21.47	76.25	3.717
2015-08-22 21:12:52.907	10601	11201	-91	-91	10	20.79	76.51	3.729
2015-08-22 21:43:24.334	10601	11201	-94	-94	10	19.79	76.84	3.717
2015-08-22 22:16:23.03	10601	11201	-91	-97	10	18.77	77.21	3.717
2015-08-22 22:41:24.086	10601	11201	-91	-97	10
2015-08-22 22:59:05.318	10601	11201	-94	-94	10	17.96	77.41	3.717
2015-08-22 23:13:02.966	10601	11201	-94	-97	10	17.78	77.42	3.754
2015-08-22 23:21:47.19	10601	11201	-91	-97	10
2015-08-23 00:00:32.37	10601	11201	-94	-97	10	17.07	77.62	3.705
2015-08-23 00:26:27.431	10601	11201	-94	-97	10	16.93	77.56	3.729
2015-08-23 00:45:34.97	10601	11201	-91	-91	10
2015-08-23 00:52:49.374	10601	11201	-91	-94	10	16.61	77.75	3.717
2015-08-23 01:21:53.69	10601	11201	-91	-94	10	16.25	77.88	3.717
2015-08-23 01:58:46.571	10601	11201	-91	-97	10	15.89	77.99	3.717
2015-08-23 02:31:35.322	10601	11201	-94	-97	10	15.72	78.05	3.717
2015-08-23 02:39:00.318	10601	11201	-91	-97	10
2015-08-23 02:49:47.862	10601	11201	-91	-94	10
2015-08-23 02:58:41.018	10601	11201	-94	-97	10	15.46	78.15	3.717
2015-08-23 03:15:10.95	10601	11201	-91	-94	10	15.21	78.28	3.742
2015-08-23 03:47:50.366	10601	11201	-94	-91	10	14.82	78.4	3.717
2015-08-23 04:10:20.094	10601	11201	-94	-94	10	14.61	78.49	3.729
2015-08-23 04:52:13.687	10601	11201	-94	-94	10	14.33	78.5	3.693
2015-08-23 04:53:59.834	10601	11201	-91	-97	10
2015-08-23 05:30:57.458	10601	11201	-91	-94	10	14.03	78.61	3.693
2015-08-23 05:56:14.474	10601	11201	-91	-97	10
2015-08-23 05:58:18.19	10601	11201	-94	-97	10	13.89	78.61	3.705
2015-08-23 06:18:20.591	10601	11201	-94	-94	10	13.83	78.6	3.621
2015-08-23 06:45:37.547	10601	11201	-91	-97	10	13.71	78.65	3.681
2015-08-23 06:58:13.022	10601	11201	-91	-94	10
2015-08-23 07:27:09.726	10601	11201	-91	-97	10	13.74	78.53	3.669
2015-08-23 07:44:10.907	10601	11201	-91	-97	10	13.89	78.41	3.693
2015-08-23 08:19:39.806	10601	11201	-91	-97	10	14.57	77.84	3.669
2015-08-23 08:44:24.242	10601	11201	-91	-94	10	15.18	77.35	3.693
2015-08-23 09:02:25.295	10601	11201	-94	-97	10
2015-08-23 09:13:26.866	10601	11201	-91	-94	10
2015-08-23 09:22:31.742	10601	11201	-91	-91	10	16.47	76.27	3.669
2015-08-23 09:49:49.147	10601	11201	-94	-94	10	17.32	75.78	3.681
2015-08-23 10:19:11.714	10601	11201	-91	-97	10	18.24	75.12	3.669
2015-08-23 10:45:53.486	10601	11201	-94	-94	10	19.56	73.63	3.681
2015-08-23 11:06:38.234	10601	11201	-94	-97	10
2015-08-23 11:28:59.35	10601	11201	-94	-97	10	21.14	72.73	3.669
2015-08-23 11:51:21.902	10601	11201	-94	-97	10	22.4	71.73	3.669
2015-08-23 12:15:23.979	10601	11201	-94	-97	10	23.67	71.04	3.669
2015-08-23 12:30:39.89	10601	11201	-94	-97	10
2015-08-23 13:01:53.047	10601	11201	-94	-97	10	26.01	70.0	3.669
2015-08-23 13:10:51.659	10601	11201	-94	-97	10
2015-08-23 13:23:35.255	10601	11201	-94	-97	10	26.74	69.78	3.669
2015-08-23 13:43:05.883	10601	11201	-94	-97	10	27.38	69.64	3.669
2015-08-23 14:24:14.51	10601	11201	-94	-97	10	28.47	69.4	3.669
2015-08-23 14:42:01.787	10601	11201	-94	-97	10	28.94	69.19	3.681
2015-08-23 15:11:34.724	10601	11201	-94	-97	10	29.57	69.01	3.693
2015-08-23 15:15:04.875	10601	11201	-91	-97	10
2015-08-23 15:47:53.063	10601	11201	-94	-97	10
2015-08-23 16:00:38.895	10601	11201	-94	-97	10	30.05	69.1	3.681
2015-08-23 16:12:23.59	10601	11201	-94	-97	10	30.19	69.01	3.705
2015-08-23 16:46:08.346	10601	11201	-94	-97	10	30.8	68.59	3.681
2015-08-23 17:16:33.046	10601	11201	-94	-97	10	30.86	68.68	3.669
2015-08-23 17:19:16.631	10601	11201	-94	-97	10
2015-08-23 17:45:46.767	10601	11201	-91	-97	10	31.08	68.55	3.681
2015-08-23 18:16:57.927	10601	11201	-94	-97	10	29.88	70.0	3.693
2015-08-23 18:42:21.971	10601	11201	-94	-94	10	29.08	70.49	3.693
2015-08-23 19:05:06.175	10601	11201	-94	-97	10
2015-08-23 19:23:29.874	10601	11201	-94	-97	10
2015-08-23 19:30:03.11	10601	11201	-94	-97	10	27.36	72.01	3.693
2015-08-23 19:48:24.175	10601	11201	-91	-97	10	26.69	72.51	3.705
2015-08-23 20:28:41.998	10601	11201	-94	-94	10	25.24	73.44	3.693
2015-08-23 20:52:40.447	10601	11201	-94	-97	10	24.49	73.6	3.693
2015-08-23 21:27:42.534	10601	11201	-94	-94	10
2015-08-23 21:31:49.402	10601	11201	-94	-97	10	23.56	74.0	3.693
2015-08-23 21:53:55.454	10601	11201	-94	-97	10	23.02	74.2	3.705
2015-08-23 22:22:18.766	10601	11201	-94	-97	10
2015-08-23 22:28:13.606	10601	11201	-94	-97	10	22.52	74.21	3.693
2015-08-23 22:55:20.763	10601	11201	-94	-97	10	22.2	74.36	3.705
2015-08-23 23:29:27.314	10601	11201	-94	-97	10	21.57	74.73	3.693
2015-08-23 23:31:55.346	10601	11201	-94	-94	10
2015-08-23 23:43:29.134	10601	11201	-94	-97	10	21.25	74.94	3.717
2015-08-24 00:31:06.064	10601	11201	-91	-94	10	20.9	74.79	3.681
2015-08-24 00:56:40.814	10601	11201	-94	-97	10	20.43	75.21	3.693
2015-08-24 01:16:57.258	10601	11201	-94	-94	10	20.36	75.03	3.717
2015-08-24 01:36:07.302	10601	11201	-94	-94	10
2015-08-24 01:39:31.411	10601	11201	-94	-97	10
2015-08-24 01:44:29.659	10601	11201	-94	-97	10	20.22	75.0	3.693
2015-08-24 02:10:17.815	10601	11201	-94	-94	10	20.14	74.91	3.717
2015-08-24 03:40:20.587	10601	11201	-94	-97	10
2015-08-24 03:52:24.83	10601	11201	-94	-94	10	19.97	74.66	3.705
2015-08-24 04:23:33.586	10601	11201	-94	-94	10	19.96	74.63	3.705
2015-08-24 04:42:09.391	10601	11201	-94	-97	10	19.93	74.57	3.717
2015-08-24 04:56:44.884	10601	11201	-91	-97	10
2015-08-24 05:31:32.034	10601	11201	-94	-97	10	19.6	75.09	3.693
2015-08-24 05:42:33.182	10601	11201	-94	-97	10	19.5	75.26	3.754
2015-08-24 05:44:33.354	10601	11201	-94	-94	10
2015-08-24 06:23:20.562	10601	11201	-94	-97	10	19.46	74.96	3.705
2015-08-24 06:57:46.178	10601	11201	-91	-97	10	19.52	74.7	3.705
2015-08-24 07:29:24.359	10601	11201	-91	-94	10	19.74	74.32	3.717
2015-08-24 07:48:45.874	10601	11201	-94	-94	10
2015-08-24 07:51:23.315	10601	11201	-94	-97	10	19.86	74.15	3.717
2015-08-24 08:13:58.034	10601	11201	-91	-97	10
2015-08-24 08:28:47.586	10601	11201	-94	-97	10	19.89	74.37	3.693
2015-08-24 08:45:32.002	10601	11201	-94	-94	10	20.06	74.22	3.729
2015-08-24 09:28:15.878	10601	11201	-94	-97	10	20.86	73.37	3.693
2015-08-24 09:53:00.503	10601	11201	-94	-97	10
2015-08-24 09:53:32.762	10601	11201	-94	-97	10	21.42	72.95	3.717
2015-08-24 10:14:55.45	10601	11201	-94	-97	10	21.67	72.42	3.717
2015-08-24 10:50:46.854	10601	11201	-94	-97	10	22.2	72.05	3.693
2015-08-24 11:11:26.126	10601	11201	-94	-97	10	22.89	71.12	3.717
2015-08-24 11:31:11.199	10601	11201	-94	-97	10
2015-08-24 11:39:50.234	10601	11201	-94	-97	10	23.51	70.84	3.693
2015-08-24 11:57:11.53	10601	11201	-91	-94	10
2015-08-24 12:21:39.48	10601	11201	-94	-94	10	24.86	70.07	3.693
2015-08-24 12:39:53.726	10601	11201	-94	-97	10	25.3	69.96	3.705
2015-08-24 13:10:41.602	10601	11201	-94	-97	11	25.79	69.79	3.645
2015-08-24 13:59:44.714	10601	11201	-94	-97	23	26.76	69.36	3.681
2015-08-24 14:01:34.498	10601	11201	-94	-97	28
2015-08-24 14:19:38.415	10601	11201	-94	-97	14	27.05	69.24	3.693
2015-08-24 14:48:23.602	10601	11201	-94	-97	10
2015-08-24 14:50:55.458	10601	11201	-94	-97	10	27.47	69.05	3.669
2015-08-24 15:18:29.93	10601	11201	-94	-97	10	27.97	68.79	3.681
2015-08-24 15:49:06.358	10601	11201	-94	-94	11	28.18	69.03	3.681
2015-08-24 16:05:37.37	10601	11201	-94	-97	10
2015-08-24 16:25:27.999	10601	11201	-94	-97	10	28.29	68.82	3.681
2015-08-24 16:49:19.346	10601	11201	-94	-97	10	28.29	68.85	3.693
2015-08-24 17:15:53.431	10601	11201	-94	-97	10	28.19	69.15	3.693
2015-08-24 17:46:59.73	10601	11201	-94	-97	10	28.3	69.14	3.693
2015-08-24 18:05:38.182	10601	11201	-94	-97	10
2015-08-24 18:09:51.735	10601	11201	-94	-97	10
2015-08-24 18:25:10.966	10601	11201	-94	-97	10	27.07	70.39	3.693
2015-08-24 18:55:13.522	10601	11201	-91	-97	10	26.11	71.15	3.705
2015-08-24 19:22:07.514	10601	11201	-94	-97	10	25.58	71.42	3.717
2015-08-24 19:43:18.775	10601	11201	-94	-97	10	24.99	71.82	3.717
2015-08-24 20:14:02.507	10601	11201	-94	-97	10
2015-08-24 20:19:55.359	10601	11201	-94	-97	10	23.9	72.76	3.705
2015-08-24 20:41:03.026	10601	11201	-91	-97	10	23.13	73.34	3.717
2015-08-24 21:11:32.522	10601	11201	-94	-97	10	22.78	73.02	3.717
2015-08-24 21:22:52.538	10601	11201	-94	-97	10
2015-08-24 21:48:11.49	10601	11201	-94	-97	10	22.29	73.07	3.693
2015-08-24 22:18:15.434	10601	11201	-91	-97	10
2015-08-24 22:20:31.443	10601	11201	-94	-97	10	21.81	73.3	3.693
2015-08-24 22:55:51.031	10601	11201	-94	-97	10	21.07	74.01	3.693
2015-08-24 23:30:20.779	10601	11201	-94	-97	10	20.22	74.79	3.705
2015-08-24 23:59:56.982	10601	11201	-94	-97	10	19.33	75.47	3.705
2015-08-25 00:20:22.887	10601	11201	-94	-94	10	18.83	75.66	3.717
2015-08-25 00:22:28.491	10601	11201	-94	-94	10
2015-08-25 00:40:04.039	10601	11201	-94	-97	10
2015-08-25 00:41:56.467	10601	11201	-94	-97	10	18.33	75.85	3.717
2015-08-25 01:30:17.975	10601	11201	-94	-97	10	17.25	76.24	3.693
2015-08-25 01:40:49.959	10601	11201	-94	-97	10	17.04	76.38	3.742
2015-08-25 02:11:01.95	10601	11201	-94	-97	10	16.43	76.65	3.717
2015-08-25 02:26:41.034	10601	11201	-94	-97	10
2015-08-25 02:54:11.323	10601	11201	-94	-97	10	15.75	76.79	3.705
2015-08-25 03:25:33.859	10601	11201	-94	-94	10	15.29	76.96	3.717
2015-08-25 03:44:11.695	10601	11201	-94	-97	10	15.06	77.06	3.729
2015-08-25 03:57:15.831	10601	11201	-94	-97	10
2015-08-25 04:18:07.974	10601	11201	-94	-97	10	14.74	77.05	3.717
2015-08-25 04:30:53.838	10601	11201	-94	-97	10
2015-08-25 04:44:34.998	10601	11201	-94	-97	10	14.56	77.12	3.729
2015-08-25 05:30:04.663	10601	11201	-94	-97	10	14.25	77.15	3.717
2015-08-25 05:59:11.515	10601	11201	-94	-97	10	14.07	77.17	3.717
2015-08-25 06:23:37.546	10601	11201	-94	-97	10	13.86	77.25	3.729
2015-08-25 06:35:06.543	10601	11201	-94	-97	10
2015-08-25 06:52:39.219	10601	11201	-94	-97	10	13.72	77.32	3.717
2015-08-25 07:13:26.483	10601	11201	-91	-97	10	13.57	77.37	3.742
2015-08-25 07:14:28.811	10601	11201	-94	-97	10
2015-08-25 07:57:45.055	10601	11201	-94	-97	10	14.0	76.41	3.717
2015-08-25 08:17:22.67	10601	11201	-94	-97	10	14.52	75.6	3.742
2015-08-25 08:39:19.434	10601	11201	-94	-97	10
2015-08-25 08:52:04.703	10601	11201	-94	-97	10	15.43	74.4	3.717
2015-08-25 09:31:53.015	10601	11201	-94	-97	10	16.67	73.17	3.705
2015-08-25 09:50:06.294	10601	11201	-94	-97	10	17.32	72.87	3.729
2015-08-25 10:26:53.451	10601	11201	-94	-97	10	18.88	71.62	3.657
2015-08-25 10:31:43.771	10601	11201	-94	-97	10
2015-08-25 10:43:32.327	10601	11201	-91	-97	10
2015-08-25 10:56:56.854	10601	11201	-94	-97	10	20.0	70.67	3.705
2015-08-25 11:28:47.087	10601	11201	-94	-97	10	21.04	70.42	3.693
2015-08-25 11:59:34.131	10601	11201	-94	-97	10	20.97	71.35	3.693
2015-08-25 12:27:06.559	10601	11201	-94	-97	12	21.11	71.6	3.705
2015-08-25 12:47:44.57	10601	11201	-94	-97	10
2015-08-25 12:49:58.559	10601	11201	-94	-97	10	21.35	71.42	3.717
2015-08-25 13:21:15.379	10601	11201	-94	-97	10	21.36	71.51	3.705
2015-08-25 13:48:54.466	10601	11201	-94	-97	10
2015-08-25 13:54:08.671	10601	11201	-94	-97	10	21.76	71.0	3.693
2015-08-25 14:19:31.918	10601	11201	-94	-97	10	22.22	70.55	3.705
2015-08-25 14:40:34.906	10601	11201	-94	-97	10	22.04	71.24	3.717
2015-08-25 14:51:57.366	10601	11201	-94	-94	10
2015-08-25 15:27:36.559	10601	11201	-94	-97	10	22.08	71.39	3.693
2015-08-25 15:39:43.535	10601	11201	-94	-97	10	21.96	71.54	3.729
2015-08-25 16:27:10.026	10601	11201	-94	-97	10	21.95	71.51	3.693
2015-08-25 16:51:12.378	10601	11201	-94	-97	10	21.78	71.75	3.717
2015-08-25 16:56:09.763	10601	11201	-94	-97	10
2015-08-25 17:06:08.115	10601	11201	-94	-97	10
2015-08-25 17:25:11.722	10601	11201	-94	-97	10	21.33	72.28	3.693
2015-08-25 17:53:06.151	10601	11201	-94	-97	10	20.78	73.02	3.705
2015-08-25 18:21:59.047	10601	11201	-94	-97	10	20.31	73.31	3.705
2015-08-25 18:57:48.206	10601	11201	-94	-97	10	19.82	73.44	3.693
2015-08-25 19:00:22.582	10601	11201	-94	-97	10
2015-08-25 19:15:36.335	10601	11201	-94	-94	10	19.56	73.55	3.729
2015-08-25 19:55:16.674	10601	11201	-94	-97	10	18.96	73.92	3.705
2015-08-25 20:23:20.218	10601	11201	-94	-97	10
2015-08-25 20:28:19.942	10601	11201	-91	-97	10	18.46	74.22	3.705
2015-08-25 20:48:33.059	10601	11201	-94	-97	10	18.15	74.46	3.729
2015-08-25 21:04:35.778	10601	11201	-91	-94	10
2015-08-25 21:12:45.539	10601	11201	-94	-97	10	17.89	74.46	3.717
2015-08-25 21:50:36.995	10601	11201	-91	-97	10	17.86	73.95	3.705
2015-08-25 22:12:45.615	10601	11201	-91	-97	10	17.75	74.01	3.717
2015-08-25 22:44:30.703	10601	11201	-94	-97	10	17.42	74.45	3.717
2015-08-25 23:08:48.762	10601	11201	-91	-97	10
2015-08-25 23:28:17.146	10601	11201	-94	-97	10	17.22	74.3	3.705
2015-08-25 23:40:33.774	10601	11201	-91	-97	10
2015-08-25 23:48:17.27	10601	11201	-91	-97	10	17.14	74.28	3.729
2015-08-26 00:14:59.99	10601	11201	-94	-97	10	17.0	74.28	3.717
2015-08-26 00:49:24.343	10601	11201	-94	-97	10	16.75	74.63	3.717
2015-08-26 01:13:02.043	10601	11201	-91	-97	10
2015-08-26 01:27:23.895	10601	11201	-91	-91	10	16.5	74.74	3.705
2015-08-26 01:42:39.759	10601	11201	-91	-97	10	16.28	75.04	3.729
2015-08-26 02:31:18.287	10601	11201	-91	-97	10	15.13	76.41	3.693
2015-08-26 02:52:42.002	10601	11201	-91	-97	10	14.65	76.67	3.729
2015-08-26 02:57:46.938	10601	11201	-91	-97	10
2015-08-26 03:17:13.69	10601	11201	-91	-97	10
2015-08-26 03:23:46.514	10601	11201	-91	-97	10	14.14	76.87	3.717
2015-08-26 03:55:26.439	10601	11201	-94	-97	10	13.75	76.87	3.717
2015-08-26 04:16:34.322	10601	11201	-94	-97	10	13.5	76.95	3.742
2015-08-26 04:50:33.546	10601	11201	-91	-97	10	13.11	77.07	3.717
2015-08-26 05:21:27.05	10601	11201	-94	-97	10
2015-08-26 05:31:05.914	10601	11201	-94	-97	10	12.83	77.01	3.717
2015-08-26 05:56:18.37	10601	11201	-94	-97	10	12.68	76.98	3.742
2015-08-26 06:14:59.591	10601	11201	-91	-97	10
2015-08-26 06:20:35.583	10601	11201	-91	-97	10	12.47	77.09	3.742
2015-08-26 06:54:56.25	10601	11201	-94	-97	10	12.24	77.17	3.729
2015-08-26 07:23:22.939	10601	11201	-91	-97	10	12.47	76.47	3.729
2015-08-26 07:25:39.203	10601	11201	-94	-97	10
2015-08-26 08:00:07.706	10601	11201	-91	-91	10	13.33	74.95	3.729
2015-08-26 08:20:40.794	10601	11201	-91	-97	10	13.75	74.4	3.742
2015-08-26 08:50:50.886	10601	11201	-91	-97	10	14.42	73.61	3.729
2015-08-26 09:24:28.33	10601	11201	-91	-97	10	15.08	73.16	3.717
2015-08-26 09:29:52.154	10601	11201	-91	-97	10
2015-08-26 09:32:14.186	10601	11201	-94	-97	10
2015-08-26 09:54:50.026	10601	11201	-94	-94	10	16.2	72.17	3.717
2015-08-26 10:27:38.222	10601	11201	-94	-97	10	17.4	71.45	3.717
2015-08-26 10:55:00.75	10601	11201	-94	-97	11	18.4	70.79	3.717
2015-08-26 11:21:01.423	10601	11201	-94	-97	10	19.43	70.51	3.717
2015-08-26 11:34:05.495	10601	11201	-91	-97	10
2015-08-26 11:46:06.522	10601	11201	-94	-97	10	19.35	70.94	3.717
2015-08-26 12:13:03.154	10601	11201	-94	-97	11	19.38	71.16	3.717
2015-08-26 12:49:28.211	10601	11201	-94	-97	10
2015-08-26 12:55:09.799	10601	11201	-94	-97	10	19.97	70.8	3.705
2015-08-26 13:20:54.583	10601	11201	-94	-97	10	20.64	70.37	3.717
2015-08-26 13:38:17.715	10601	11201	-94	-97	10
2015-08-26 13:47:10.943	10601	11201	-94	-97	10	21.22	70.03	3.717
2015-08-26 14:13:39.879	10601	11201	-94	-97	11	21.28	70.29	3.717
2015-08-26 14:47:47.936	10601	11201	-94	-97	10	21.36	70.56	3.705
2015-08-26 15:27:26.235	10601	11201	-94	-97	10	21.32	70.8	3.693
2015-08-26 15:42:31.267	10601	11201	-94	-94	10
2015-08-26 15:56:32.359	10601	11201	-94	-97	10	21.76	70.13	3.717
2015-08-26 16:06:39.242	10601	11201	-94	-97	10
2015-08-26 16:17:54.467	10601	11201	-94	-97	10	21.5	70.64	3.717
2015-08-26 16:45:54.047	10601	11201	-91	-97	10	21.7	70.26	3.717
2015-08-26 17:24:27.302	10601	11201	-94	-97	10	21.7	70.37	3.705
2015-08-26 17:46:43.719	10601	11201	-94	-97	10
2015-08-26 17:57:10.923	10601	11201	-94	-97	10	21.35	70.86	3.705
2015-08-26 18:14:40.451	10601	11201	-94	-97	10	21.0	71.3	3.729
2015-08-26 18:50:13.438	10601	11201	-94	-97	10	20.36	71.79	3.717
2015-08-26 19:20:39.258	10601	11201	-94	-97	10	19.86	72.27	3.717
2015-08-26 19:23:54.434	10601	11201	-94	-97	10
2015-08-26 19:50:55.638	10601	11201	-94	-97	10
2015-08-26 19:52:29.326	10601	11201	-94	-97	10	19.43	72.46	3.717
2015-08-26 20:24:21.262	10601	11201	-94	-97	10	18.97	72.62	3.717
2015-08-26 20:44:39.971	10601	11201	-94	-97	10	18.64	72.91	3.729
2015-08-26 21:23:02.446	10601	11201	-91	-97	10	18.02	73.22	3.717
2015-08-26 21:47:22.45	10601	11201	-94	-94	10	17.67	73.4	3.729
2015-08-26 21:55:08.838	10601	11201	-94	-97	10
2015-08-26 22:15:15.122	10601	11201	-94	-97	10	17.31	73.62	3.717
2015-08-26 22:41:05.494	10601	11201	-94	-97	10
2015-08-26 23:00:07.834	10601	11201	-94	-97	10	16.72	73.88	3.717
2015-08-26 23:26:43.874	10601	11201	-91	-97	10	16.65	73.63	3.729
2015-08-26 23:55:15.018	10601	11201	-91	-97	10	16.5	73.49	3.729
2015-08-26 23:59:21.551	10601	11201	-94	-97	10
2015-08-27 00:10:27.927	10601	11201	-94	-97	10	16.43	73.53	3.754
2015-08-27 00:57:07.166	10601	11201	-94	-97	10	16.14	73.66	3.717
2015-08-27 01:15:43.679	10601	11201	-94	-97	10	16.07	73.73	3.742
2015-08-27 01:58:18.682	10601	11201	-94	-97	10
2015-08-27 02:00:23.535	10601	11201	-94	-97	10	15.79	73.67	3.717
2015-08-27 02:03:35.058	10601	11201	-94	-97	10
2015-08-27 02:26:18.21	10601	11201	-91	-97	10	15.72	73.79	3.729
2015-08-27 02:48:16.943	10601	11201	-94	-97	10	15.61	73.77	3.742
2015-08-27 03:18:00.138	10601	11201	-94	-97	10	15.52	73.7	3.729
2015-08-27 03:46:48.346	10601	11201	-94	-97	10	15.52	73.64	3.729
2015-08-27 04:07:47.782	10601	11201	-94	-97	10
2015-08-27 04:12:04.347	10601	11201	-94	-97	10	15.56	73.44	3.729
2015-08-27 04:41:24.207	10601	11201	-91	-97	10	15.57	73.33	3.729
2015-08-27 05:14:36.987	10601	11201	-94	-97	10	15.43	73.6	3.717
2015-08-27 05:15:30.419	10601	11201	-91	-94	10
2015-08-27 05:50:46.426	10601	11201	-94	-97	10	15.29	73.68	3.717
2015-08-27 06:12:00.083	10601	11201	-91	-97	10
2015-08-27 06:31:39.195	10601	11201	-94	-97	10	15.22	73.69	3.717
2015-08-27 06:59:07.466	10601	11201	-94	-97	10	15.18	73.66	3.729
2015-08-27 07:13:15.91	10601	11201	-91	-97	10	15.14	73.57	3.754
2015-08-27 07:50:09.135	10601	11201	-94	-97	10	15.46	73.04	3.717
2015-08-27 08:16:13.27	10601	11201	-94	-97	10
2015-08-27 08:22:44.182	10601	11201	-94	-97	10	15.88	72.29	3.717
2015-08-27 08:32:44.518	10601	11201	-94	-97	10
2015-08-27 08:50:58.863	10601	11201	-94	-97	10	16.38	71.74	3.729
2015-08-27 09:29:32.67	10601	11201	-94	-97	10	17.11	71.36	3.717
2015-08-27 09:43:29.25	10601	11201	-94	-97	10	17.56	71.04	3.754
2015-08-27 10:20:26.907	10601	11201	-94	-97	10
2015-08-27 10:24:00.41	10601	11201	-94	-97	10	18.54	70.65	3.705
2015-08-27 10:54:18.875	10601	11201	-94	-97	10	19.22	70.36	3.717
2015-08-27 11:16:56.362	10601	11201	-94	-97	10	19.67	70.22	3.729
2015-08-27 11:49:56.911	10601	11201	-94	-97	10
2015-08-27 11:56:16.346	10601	11201	-94	-97	10	19.9	70.29	3.717
2015-08-27 12:21:47.678	10601	11201	-94	-97	10	20.31	70.17	3.717
2015-08-27 12:24:38.539	10601	11201	-94	-97	10
2015-08-27 12:52:22.551	10601	11201	-94	-97	10	20.69	69.99	3.717
2015-08-27 13:11:48.806	10601	11201	-94	-97	10	21.07	69.89	3.729
2015-08-27 13:52:35.722	10601	11201	-94	-97	10	21.47	69.77	3.705
2015-08-27 14:24:48.636	10601	11201	-94	-97	10	21.39	70.0	3.717
2015-08-27 14:28:51.286	10601	11201	-94	-97	10
2015-08-27 14:54:45.107	10601	11201	-94	-97	10	20.78	70.65	3.717
2015-08-27 15:07:10.767	10601	11201	-94	-94	10
2015-08-27 15:29:02.966	10601	11201	-94	-97	10	21.22	69.94	3.717
2015-08-27 15:52:50.687	10601	11201	-94	-97	10	21.49	69.83	3.693
2015-08-27 16:22:54.382	10601	11201	-94	-97	10	21.68	69.66	3.717
2015-08-27 16:33:03.127	10601	11201	-94	-97	10
2015-08-27 16:39:59.679	10601	11201	-94	-97	10	21.95	69.57	3.729
2015-08-27 17:19:01.87	10601	11201	-94	-97	10	22.49	69.47	3.705
2015-08-27 18:00:17.319	10601	11201	-94	-94	10	23.15	69.31	3.705
2015-08-27 18:24:23.315	10601	11201	-94	-97	10
2015-08-27 18:31:22.202	10601	11201	-94	-94	10	22.54	69.62	3.705
2015-08-27 18:37:16.658	10601	11201	-94	-97	10
2015-08-27 18:48:10.051	10601	11201	-94	-97	10	22.2	69.98	3.729
2015-08-27 19:14:54.907	10601	11201	-94	-97	10	21.64	70.44	3.717
2015-08-27 19:45:51.499	10601	11201	-94	-94	10	20.86	70.97	3.717
2015-08-27 20:13:54.235	10601	11201	-94	-97	10	20.27	71.36	3.717
2015-08-27 20:41:29.626	10601	11201	-94	-97	10
2015-08-27 20:53:25.011	10601	11201	-91	-97	10	19.57	71.78	3.717
2015-08-27 21:22:24.082	10601	11201	-94	-97	10	19.03	71.95	3.717
2015-08-27 21:41:35.61	10601	11201	-94	-97	10
2015-08-27 21:45:43.162	10601	11201	-94	-97	10	18.61	72.25	3.729
2015-08-27 22:10:31.95	10601	11201	-94	-97	10	18.02	72.98	3.729
2015-08-27 22:45:42.538	10601	11201	-94	-94	10
2015-08-27 22:56:20.302	10601	11201	-91	-97	10	16.89	73.81	3.717
2015-08-27 23:14:10.838	10601	11201	-94	-97	10	16.64	73.84	3.742
2015-08-27 23:57:07.342	10601	11201	-91	-97	10	15.89	74.06	3.717
2015-08-28 00:15:45.854	10601	11201	-94	-94	10	15.65	74.1	3.742
2015-08-28 00:48:34.266	10601	11201	-94	-97	10	15.28	74.05	3.717
2015-08-28 00:49:54.951	10601	11201	-91	-97	10
2015-08-28 00:58:49.023	10601	11201	-91	-94	10
2015-08-28 01:13:43.65	10601	11201	-94	-97	10	15.07	74.03	3.742
2015-08-28 01:57:14.559	10601	11201	-91	-97	10	14.78	73.95	3.717
2015-08-28 02:20:24.251	10601	11201	-91	-97	10	14.57	73.99	3.742
2015-08-28 02:45:20.967	10601	11201	-91	-94	10	14.32	74.25	3.742
2015-08-28 02:54:08.464	10601	11201	-91	-97	10
2015-08-28 03:16:16.982	10601	11201	-91	-97	10	14.08	74.21	3.729
2015-08-28 03:48:06.503	10601	11201	-94	-97	10	13.93	74.05	3.705
2015-08-28 04:16:02.27	10601	11201	-94	-97	10
2015-08-28 04:26:39.342	10601	11201	-94	-94	10	13.72	73.95	3.717
2015-08-28 04:40:11.878	10601	11201	-94	-97	10	13.72	73.95	3.754
2015-08-28 04:58:20.35	10601	11201	-94	-97	10
2015-08-28 05:29:40.89	10601	11201	-94	-97	10	13.43	74.39	3.717
2015-08-28 05:46:20.706	10601	11201	-94	-97	10	13.28	74.44	3.754
2015-08-28 06:11:01.634	10601	11201	-94	-97	10	13.18	74.37	3.742
2015-08-28 06:49:21.243	10601	11201	-94	-97	10	12.97	74.56	3.717
2015-08-28 07:02:32.935	10601	11201	-94	-97	10
2015-08-28 07:17:09.426	10601	11201	-94	-97	10	12.92	74.34	3.729
2015-08-28 07:33:15.583	10601	11201	-94	-97	10
2015-08-28 07:50:59.903	10601	11201	-94	-97	10	13.08	73.77	3.729
2015-08-28 08:10:38.878	10601	11201	-94	-97	10	13.33	73.4	3.742
2015-08-28 08:59:47.266	10601	11201	-94	-97	10	14.47	71.75	3.717
2015-08-28 09:06:45.95	10601	11201	-94	-97	10
2015-08-28 09:17:59.583	10601	11201	-94	-97	10	15.14	71.26	3.742
2015-08-28 09:51:28.158	10601	11201	-94	-97	10	16.72	70.77	3.717
2015-08-28 10:13:46.458	10601	11201	-94	-97	10	18.38	70.51	3.729
2015-08-28 10:50:28.874	10601	11201	-94	-97	10
2015-08-28 10:50:55.711	10601	11201	-94	-97	10	20.08	70.02	3.705
2015-08-28 11:10:58.274	10601	11201	-94	-97	10
2015-08-28 11:30:53.279	10601	11201	-94	-97	10	21.71	69.81	3.705
2015-08-28 12:22:15.23	10601	11201	-91	-97	23	23.95	69.34	3.693
2015-08-28 12:41:01.978	10601	11201	-94	-94	20	24.97	69.12	3.621
2015-08-28 13:15:12.402	10601	11201	-94	-97	18
2015-08-28 13:25:01.223	10601	11201	-94	-97	14	25.27	68.75	3.669
2015-08-28 13:25:04.299	10601	11201	-94	-97	14	25.27	68.75	3.669
2015-08-28 13:25:05.838	10601	11201	-94	-97	14	25.27	68.75	3.669
2015-08-28 13:48:03.687	10601	11201	-94	-97	11	25.58	68.92	3.681
2015-08-28 14:07:41.986	10601	11201	-94	-97	10
2015-08-28 14:26:29.447	10601	11201	-94	-97	10	25.6	68.63	3.669
2015-08-28 14:50:13.95	10601	11201	-94	-97	10	25.97	68.76	3.693
2015-08-28 15:19:23.522	10601	11201	-94	-97	10
2015-08-28 15:27:03.231	10601	11201	-94	-97	10	25.63	68.55	3.693
2015-08-28 15:44:47.95	10601	11201	-94	-94	10	26.38	69.03	3.729
2015-08-28 16:12:51.991	10601	11201	-94	-94	22	27.66	69.06	3.717
2015-08-28 16:50:42.546	10601	11201	-94	-97	14	28.72	68.95	3.669
2015-08-28 17:11:04.367	10601	11201	-94	-97	10	28.58	68.64	3.681
2015-08-28 17:23:36.651	10601	11201	-94	-94	10
2015-08-28 17:24:53.47	10601	11201	-94	-97	10
2015-08-28 17:54:20.954	10601	11201	-94	-97	10	28.27	67.79	3.669
2015-08-28 18:18:08.503	10601	11201	-91	-94	10	27.51	67.86	3.645
2015-08-28 18:44:34.683	10601	11201	-94	-97	10	26.68	68.24	3.693
2015-08-28 19:11:46.071	10601	11201	-94	-97	10	25.49	69.1	3.693
2015-08-28 19:27:49.727	10601	11201	-94	-97	10
2015-08-28 19:47:12.006	10601	11201	-94	-97	10	23.88	70.43	3.693
2015-08-28 20:21:19.374	10601	11201	-94	-97	10	22.46	71.49	3.705
2015-08-28 20:42:07.462	10601	11201	-91	-97	10
2015-08-28 20:45:29.354	10601	11201	-91	-97	10	21.42	72.57	3.717
2015-08-28 21:28:29.975	10601	11201	-91	-97	10	20.08	72.64	3.717
2015-08-28 21:32:04.502	10601	11201	-91	-97	10
2015-08-28 21:39:26.776	10601	11201	-91	-97	10	19.79	72.64	3.767
2015-08-28 22:11:51.631	10601	11201	-91	-97	10	19.02	72.74	3.717
2015-08-28 22:45:22.462	10601	11201	-94	-97	10	18.43	72.38	3.729
2015-08-28 23:13:05.067	10601	11201	-91	-97	10	17.93	72.55	3.729
2015-08-28 23:36:17.143	10601	11201	-94	-97	10
2015-08-28 23:45:08.783	10601	11201	-94	-97	10	17.5	72.42	3.729
2015-08-28 23:59:19.726	10601	11201	-91	-97	10
2015-08-29 00:26:59.67	10601	11201	-94	-97	10	16.89	72.68	3.717
2015-08-29 00:54:24.094	10601	11201	-94	-94	10	16.56	72.75	3.729
2015-08-29 01:29:43.899	10601	11201	-94	-97	10	16.04	73.16	3.729
2015-08-29 01:40:28.099	10601	11201	-94	-97	10
2015-08-29 01:50:38.872	10601	11201	-91	-94	10	15.85	73.2	3.742
2015-08-29 02:17:03.139	10601	11201	-91	-97	10	15.45	73.44	3.742
2015-08-29 02:58:44.435	10601	11201	-94	-97	10	14.9	73.58	3.717
2015-08-29 03:16:34.447	10601	11201	-91	-97	10
2015-08-29 03:26:32.554	10601	11201	-94	-97	10	14.72	73.57	3.742
2015-08-29 03:44:40.627	10601	11201	-91	-97	10
2015-08-29 03:51:47.827	10601	11201	-94	-97	10	14.42	73.64	3.742
2015-08-29 04:21:49.051	10601	11201	-91	-97	10	14.14	73.74	3.742
2015-08-29 04:58:58.459	10601	11201	-94	-97	10	13.89	73.64	3.729
2015-08-29 05:11:52.198	10601	11201	-91	-97	10	13.81	73.65	3.767
2015-08-29 05:41:38.054	10601	11201	-91	-97	10	13.65	73.67	3.742
2015-08-29 05:48:53.346	10601	11201	-94	-97	10
2015-08-29 06:15:58.647	10601	11201	-94	-97	10	13.39	73.88	3.729
2015-08-29 06:33:46.862	10601	11201	-94	-97	10
2015-08-29 06:49:53.458	10601	11201	-94	-97	10	13.21	73.93	3.729
2015-08-29 07:25:17.343	10601	11201	-94	-97	10	13.15	73.44	3.729
2015-08-29 07:48:14.714	10601	11201	-94	-97	10	13.31	73.13	3.742
2015-08-29 07:53:06.503	10601	11201	-94	-97	10
2015-08-29 08:30:30.182	10601	11201	-94	-97	10	13.97	71.98	3.717
2015-08-29 08:56:05.306	10601	11201	-88	-97	10	14.7	71.23	3.742
2015-08-29 09:17:15.47	10601	11201	-91	-97	10	15.5	70.65	3.742
2015-08-29 09:50:59.079	10601	11201	-94	-97	10
2015-08-29 09:51:58.219	10601	11201	-94	-97	10	17.24	70.21	3.717
2015-08-29 09:57:21.507	10601	11201	-94	-97	10
2015-08-29 10:18:16.439	10601	11201	-94	-97	10	19.31	69.76	3.729
2015-08-29 11:00:21.115	10601	11201	-94	-97	10	21.81	69.41	3.705
2015-08-29 11:27:39.694	10601	11201	-94	-97	11	23.08	69.13	3.717
2015-08-29 11:48:36.559	10601	11201	-94	-97	17	24.31	68.77	3.705
2015-08-29 12:01:31.342	10601	11201	-91	-97	10
2015-08-29 12:09:28.03	10601	11201	-94	-97	11	25.36	68.45	3.693
2015-08-29 12:52:12.587	10601	11201	-94	-97	10	27.36	68.13	3.681
2015-08-29 13:08:14.682	10601	11201	-94	-97	10
2015-08-29 13:15:22.83	10601	11201	-94	-97	10	28.26	67.94	3.705
2015-08-29 14:00:37.906	10601	11201	-94	-97	10	28.66	67.83	3.705
2015-08-29 14:05:54.378	10601	11201	-94	-97	10
2015-08-29 14:11:28.366	10601	11201	-94	-97	10	29.13	68.21	3.729
2015-08-29 14:43:46.12	10601	11201	-94	-97	10	29.66	68.18	3.705
2015-08-29 15:17:39.506	10601	11201	-94	-97	16	29.75	67.58	3.705
2015-08-29 15:44:10.047	10601	11201	-94	-97	10	29.52	67.3	3.717
2015-08-29 16:09:58.147	10601	11201	-94	-97	10
2015-08-29 16:25:24.894	10601	11201	-94	-97	10
2015-08-29 16:29:54.466	10601	11201	-94	-97	10	29.51	67.21	3.705
2015-08-29 16:58:27.715	10601	11201	-94	-97	10	28.97	67.0	3.717
2015-08-29 17:42:25.535	10601	11201	-94	-94	23	29.96	67.64	3.717
2015-08-29 18:14:09.942	10601	11201	-94	-94	23
2015-08-29 18:21:43.231	10601	11201	-94	-94	18	29.61	67.11	3.705
2015-08-29 18:41:55.442	10601	11201	-94	-94	17	28.91	66.81	3.717
2015-08-29 19:13:10.422	10601	11201	-94	-97	10	27.88	67.11	3.705
2015-08-29 19:42:40.062	10601	11201	-94	-97	10
2015-08-29 19:48:37.347	10601	11201	-94	-97	10	26.29	68.17	3.705
2015-08-29 20:17:49.699	10601	11201	-94	-97	10	25.24	68.74	3.717
2015-08-29 20:18:24.251	10601	11201	-94	-97	10
2015-08-29 21:00:32.775	10601	11201	-94	-97	10	24.07	68.93	3.705
2015-08-29 21:28:56.73	10601	11201	-94	-97	10	23.78	68.59	3.717
2015-08-29 21:39:28.458	10601	11201	-94	-97	10	23.6	68.59	3.754
2015-08-29 22:22:35.114	10601	11201	-94	-97	10
2015-08-29 22:25:25.962	10601	11201	-94	-97	10	23.09	68.41	3.705
2015-08-29 22:52:06.863	10601	11201	-94	-97	10	22.57	68.89	3.717
2015-08-29 22:59:51.766	10601	11201	-94	-97	10
2015-08-29 23:17:30.495	10601	11201	-94	-97	10	22.21	68.91	3.681
2015-08-29 23:56:27.202	10601	11201	-94	-97	10	21.9	68.86	3.693
2015-08-30 00:09:07.663	10601	11201	-94	-97	10	21.79	68.84	3.729
2015-08-30 00:26:48.15	10601	11201	-94	-97	10
2015-08-30 00:46:48.306	10601	11201	-94	-97	10	21.28	69.14	3.693
2015-08-30 01:11:17.314	10601	11201	-94	-97	10	21.07	69.16	3.717
2015-08-30 01:43:22.622	10601	11201	-94	-97	10	20.95	69.02	3.693
2015-08-30 02:17:04.131	10601	11201	-94	-97	10
2015-08-30 02:29:17.507	10601	11201	-94	-97	10	21.21	68.73	3.693
2015-08-30 02:31:00.847	10601	11201	-94	-97	10
2015-08-30 02:45:26.899	10601	11201	-94	-97	10	21.04	68.82	3.717
2015-08-30 03:17:28.83	10601	11201	-94	-97	10	21.11	68.69	3.693
2015-08-30 03:49:53.411	10601	11201	-94	-97	10	20.92	68.82	3.693
2015-08-30 04:18:44.682	10601	11201	-94	-97	10	20.61	69.07	3.693
2015-08-30 04:35:13.479	10601	11201	-94	-97	10
2015-08-30 04:53:19.874	10601	11201	-94	-97	10	20.25	69.43	3.693
2015-08-30 05:20:04.28	10601	11201	-94	-97	10	20.07	69.37	3.705
2015-08-30 05:34:18.338	10601	11201	-94	-97	10
2015-08-30 05:42:39.739	10601	11201	-94	-97	10	20.33	68.97	3.717
2015-08-30 06:21:48.818	10601	11201	-94	-97	10	20.04	69.2	3.693
2015-08-30 06:39:26.598	10601	11201	-94	-97	10
2015-08-30 06:44:04.242	10601	11201	-94	-97	10	19.89	69.34	3.717
2015-08-30 07:26:20.342	10601	11201	-94	-97	10	19.82	69.33	3.693
2015-08-30 07:53:52.862	10601	11201	-94	-97	10	19.81	69.15	3.705
2015-08-30 08:13:52.191	10601	11201	-94	-97	10	19.9	69.03	3.717
2015-08-30 08:43:39.046	10601	11201	-94	-97	10
2015-08-30 08:48:13.143	10601	11201	-91	-97	10	20.22	68.78	3.693
2015-08-30 08:51:30.172	10601	11201	-91	-97	10
2015-08-30 09:16:22.046	10601	11201	-94	-97	10	20.6	68.62	3.693
2015-08-30 09:58:35.695	10601	11201	-94	-97	10	21.28	68.49	3.681
2015-08-30 10:26:00.894	10601	11201	-94	-97	10	21.65	68.39	3.693
2015-08-30 10:41:47.519	10601	11201	-91	-97	10	21.79	68.36	3.717
2015-08-30 10:47:51.402	10601	11201	-94	-97	10
2015-08-30 11:16:11.07	10601	11201	-91	-97	10	22.7	68.34	3.693
2015-08-30 11:54:20.083	10601	11201	-91	-97	10	24.22	68.39	3.693
2015-08-30 12:08:43.266	10601	11201	-94	-94	10
2015-08-30 12:19:09.715	10601	11201	-94	-97	10	25.11	68.2	3.645
2015-08-30 12:44:54.638	10601	11201	-94	-97	10	25.99	68.15	3.693
2015-08-30 12:52:10.05	10601	11201	-94	-97	12
2015-08-30 13:22:10.675	10601	11201	-94	-97	16	27.24	67.94	3.681
2015-08-30 13:51:04.09	10601	11201	-94	-97	10	28.22	67.99	3.693
2015-08-30 14:10:13.962	10601	11201	-94	-97	10	28.44	67.73	3.693
2015-08-30 14:56:20.682	10601	11201	-94	-97	10
2015-08-30 14:56:26.386	10601	11201	-94	-97	10	29.35	67.75	3.681
2015-08-30 15:14:02.758	10601	11201	-94	-97	17	29.68	67.63	3.693
2015-08-30 15:25:58.198	10601	11201	-94	-94	11
2015-08-30 15:57:30.786	10601	11201	-94	-97	10	30.19	67.24	3.681
2015-08-30 16:14:16.222	10601	11201	-94	-97	20	30.49	67.26	3.681
2015-08-30 16:59:48.859	10601	11201	-94	-94	11	30.83	67.0	3.669
2015-08-30 17:00:30.727	10601	11201	-94	-97	10
2015-08-30 17:17:34.175	10601	11201	-94	-97	20	30.8	66.78	3.681
2015-08-30 17:39:36.567	10601	11201	-94	-94	12	30.74	66.59	3.681
2015-08-30 18:10:12.826	10601	11201	-94	-97	10	30.19	66.23	3.681
2015-08-30 18:43:11.334	10601	11201	-94	-97	10
2015-08-30 18:46:47.198	10601	11201	-94	-97	10	29.68	66.17	3.681
2015-08-30 19:04:42.762	10601	11201	-94	-97	10
2015-08-30 19:18:19.094	10601	11201	-94	-97	10	28.72	66.28	3.669
2015-08-30 19:54:22.946	10601	11201	-94	-97	10	27.4	67.09	3.669
2015-08-30 20:14:01.703	10601	11201	-94	-97	10	26.79	67.24	3.693
2015-08-30 20:51:32.486	10601	11201	-94	-97	10	26.29	66.95	3.681
2015-08-30 21:08:55.834	10601	11201	-94	-97	10
2015-08-30 21:23:45.198	10601	11201	-94	-94	10	25.26	67.79	3.693
2015-08-30 21:40:08.194	10601	11201	-94	-97	10	24.76	68.11	3.717
2015-08-30 22:00:21.9	10601	11201	-94	-97	10
2015-08-30 22:28:39.231	10601	11201	-94	-97	10	23.61	68.48	3.693
2015-08-30 22:46:48.027	10601	11201	-94	-97	10	23.5	68.11	3.717
2015-08-30 23:13:08.202	10601	11201	-94	-97	10
2015-08-30 23:29:21.342	10601	11201	-94	-97	10	23.03	68.17	3.693
2015-08-30 23:52:15.814	10601	11201	-94	-97	10	22.7	68.34	3.717
2015-08-31 00:17:13.691	10601	11201	-94	-97	10	22.42	68.44	3.717
2015-08-31 00:39:19.966	10601	11201	-94	-97	10	22.11	68.53	3.717
2015-08-31 01:17:21.003	10601	11201	-94	-97	10
2015-08-31 01:17:34.615	10601	11201	-91	-97	10
2015-08-31 01:27:59.615	10601	11201	-94	-97	10	21.6	68.6	3.693
2015-08-31 02:00:56.574	10601	11201	-94	-97	10	21.53	68.34	3.693
2015-08-31 02:25:25.01	10601	11201	-94	-97	10	21.24	68.65	3.705
2015-08-31 03:01:25.706	10601	11201	-94	-97	10	21.14	68.49	3.693
2015-08-31 03:21:35.643	10601	11201	-94	-97	10
2015-08-31 03:29:08.686	10601	11201	-94	-97	10	20.97	68.49	3.693
2015-08-31 03:54:41.138	10601	11201	-94	-97	10	21.04	68.3	3.693
2015-08-31 04:16:30.902	10601	11201	-94	-97	10	20.93	68.43	3.705
2015-08-31 04:34:47.746	10601	11201	-94	-97	10
2015-08-31 04:44:34.083	10601	11201	-94	-94	10	20.58	68.76	3.693
2015-08-31 05:13:39.738	10601	11201	-94	-97	10	20.46	68.77	3.693
2015-08-31 05:25:46.227	10601	11201	-94	-97	10
2015-08-31 05:49:55.87	10601	11201	-94	-97	10	20.28	68.79	3.681
2015-08-31 06:27:54.243	10601	11201	-91	-97	10	20.06	68.86	3.681
2015-08-31 06:45:46.355	10601	11201	-94	-97	10	20.1	68.79	3.717
2015-08-31 07:23:30.186	10601	11201	-91	-97	10	19.85	68.94	3.681
2015-08-31 07:30:01.55	10601	11201	-91	-97	10
2015-08-31 07:48:47.414	10601	11201	-94	-97	10	20.04	68.61	3.693
2015-08-31 07:52:00.41	10601	11201	-94	-97	10
2015-08-31 08:18:51.034	10601	11201	-94	-97	10	20.45	68.23	3.681
2015-08-31 08:58:07.082	10601	11201	-94	-97	10	21.18	67.96	3.681
2015-08-31 09:26:23.702	10601	11201	-94	-97	10	21.6	67.89	3.681
2015-08-31 09:34:11.386	10601	11201	-94	-97	10
2015-08-31 09:44:20.099	10601	11201	-94	-97	23	21.82	67.85	3.693
2015-08-31 10:29:57.459	10601	11201	-94	-97	26	23.78	67.5	3.681
2015-08-31 10:55:54.014	10601	11201	-94	-94	11	25.07	67.27	3.681
2015-08-31 11:09:13.934	10601	11201	-94	-97	12
2015-08-31 11:10:35.034	10601	11201	-94	-97	11	25.49	67.34	3.705
2015-08-31 11:38:24.51	10601	11201	-94	-97	10
2015-08-31 12:00:34.279	10601	11201	-94	-97	10	27.36	67.17	3.669
2015-08-31 12:18:34.214	10601	11201	-94	-97	10	28.11	66.94	3.681
2015-08-31 12:42:34.722	10601	11201	-94	-97	14	29.11	66.7	3.669
2015-08-31 13:19:34.778	10601	11201	-94	-97	10	29.57	66.39	3.669
2015-08-31 13:42:37.423	10601	11201	-94	-97	19
2015-08-31 13:48:25.41	10601	11201	-94	-97	15	30.4	66.5	3.669
2015-08-31 14:10:14.61	10601	11201	-94	-97	10	30.86	66.49	3.553
2015-08-31 14:26:29.63	10601	11201	-94	-97	10
2015-08-31 14:53:48.202	10601	11201	-94	-97	10	32.24	66.46	3.669
2015-08-31 15:16:58.338	10601	11201	-94	-97	10	32.02	65.85	3.669
2015-08-31 15:46:50.602	10601	11201	-94	-97	10
2015-08-31 15:48:52.846	10601	11201	-94	-97	10	32.85	65.93	3.669
2015-08-31 16:26:36.422	10601	11201	-94	-97	10	33.16	65.5	3.705
2015-08-31 16:43:42.24	10601	11201	-94	-97	26	33.33	65.37	3.669
2015-08-31 17:29:23.387	10601	11201	-94	-94	17	32.97	64.74	3.693
2015-08-31 17:43:39.806	10601	11201	-94	-97	14
2015-08-31 17:51:03.922	10601	11201	-94	-97	12
2015-08-31 17:57:40.498	10601	11201	-94	-94	11	32.6	64.25	3.693
2015-08-31 18:43:23.131	10601	11201	-94	-97	31	31.26	64.37	3.693
2015-08-31 19:30:52.858	10601	11201	-94	-97	10	29.24	65.53	3.693
2015-08-31 19:55:15.682	10601	11201	-94	-97	10
2015-08-31 19:56:22.31	10601	11201	-94	-97	10	28.11	66.41	3.705
2015-08-31 20:09:41.05	10601	11201	-94	-97	10	27.55	66.67	3.717
2015-08-31 20:40:42.323	10601	11201	-94	-97	10	26.49	67.19	3.705
2015-08-31 21:00:52.723	10601	11201	-94	-97	10
2015-08-31 21:28:48.059	10601	11201	-94	-97	10	25.15	67.54	3.693
2015-08-31 21:40:14.402	10601	11201	-94	-97	10	24.88	67.44	3.729
2015-08-31 21:59:28.059	10601	11201	-94	-97	10
2015-08-31 22:18:10.595	10601	11201	-94	-97	10	24.04	67.49	3.681
2015-08-31 22:49:59.47	10601	11201	-94	-97	10	23.49	67.8	3.681
2015-08-31 23:25:07.679	10601	11201	-94	-97	10	22.81	67.68	3.669
2015-08-31 23:43:01.923	10601	11201	-94	-97	10	22.59	67.67	3.598
2015-09-01 00:03:41.55	10601	11201	-94	-94	10
2015-09-01 00:10:08.686	10601	11201	-94	-97	10	22.26	67.52	3.681
2015-09-01 00:18:05.939	10601	11201	-94	-97	10
2015-09-01 00:39:14.232	10601	11201	-94	-97	10	22.04	67.31	3.587
2015-09-01 01:26:31.07	10601	11201	-94	-97	10	21.68	67.28	3.681
2015-09-01 01:53:59.018	10601	11201	-94	-97	10	21.61	67.18	3.693
2015-09-01 02:07:54.026	10601	11201	-94	-97	10
2015-09-01 02:22:57.966	10601	11201	-94	-97	10	21.33	67.45	3.681
2015-09-01 02:44:04.682	10601	11201	-94	-97	10	21.08	67.71	3.705
2015-09-01 03:16:16.987	10601	11201	-94	-97	10	20.7	67.96	3.693
2015-09-01 03:35:18.378	10601	11201	-94	-97	10
2015-09-01 03:58:31.027	10601	11201	-94	-97	10	20.38	67.99	3.681
2015-09-01 04:12:05.846	10601	11201	-94	-97	10
2015-09-01 04:15:47.395	10601	11201	-94	-97	10	20.22	68.07	3.717
2015-09-01 04:50:10.094	10601	11201	-91	-97	10	20.04	67.93	3.681
2015-09-01 05:23:36.926	10601	11201	-94	-97	10	19.93	67.82	3.693
2015-09-01 06:00:18.647	10601	11201	-94	-97	10	19.78	67.82	3.681
2015-09-01 06:10:47.59	10601	11201	-91	-97	10	19.75	67.79	3.729
2015-09-01 06:16:18.95	10601	11201	-94	-97	10
2015-09-01 06:50:16.367	10601	11201	-91	-97	10	19.6	67.88	3.681
2015-09-01 06:52:31.843	10601	11201	-94	-97	10
2015-09-01 07:18:51.671	10601	11201	-94	-97	10	19.49	67.77	3.693
2015-09-01 07:57:22.951	10601	11201	-94	-97	10	19.75	67.34	3.681
2015-09-01 08:20:32.707	10601	11201	-91	-97	10
2015-09-01 08:22:10.915	10601	11201	-94	-94	10	20.17	67.04	3.693
2015-09-01 08:40:01.114	10601	11201	-94	-97	10	20.49	66.81	3.717
2015-09-01 09:18:40.911	10601	11201	-94	-97	10	21.61	66.58	3.681
2015-09-01 09:58:42.702	10601	11201	-94	-94	10	23.22	66.48	3.681
2015-09-01 10:09:44.963	10601	11201	-94	-97	10
2015-09-01 10:22:33.735	10601	11201	-94	-97	10	24.57	66.1	3.742
2015-09-01 10:24:44.743	10601	11201	-94	-97	10
2015-09-01 10:39:53.859	10601	11201	-94	-97	10	25.51	65.85	3.717
2015-09-01 11:26:29.61	10601	11201	-94	-97	18	27.27	65.53	3.681
2015-09-01 12:00:01.803	10601	11201	-94	-97	11	28.44	65.52	3.681
2015-09-01 12:19:29.826	10601	11201	-94	-97	14	29.22	65.29	3.669
2015-09-01 12:28:58.511	10601	11201	-94	-94	25
2015-09-01 13:26:57.746	10601	11201	-94	-94	26
2015-09-01 13:55:58.586	10601	11201	-94	-94	22	31.19	65.47	3.669
2015-09-01 14:22:37.158	10601	11201	-94	-94	19	32.11	65.14	3.681
2015-09-01 14:33:09.962	10601	11201	-94	-97	18
2015-09-01 14:55:59.183	10601	11201	-94	-97	14	32.58	65.01	3.681
2015-09-01 15:18:08.302	10601	11201	-94	-97	12	33.29	64.97	3.681
2015-09-01 15:47:23.515	10601	11201	-94	-97	10	33.44	64.42	3.669
2015-09-01 16:19:30.195	10601	11201	-94	-97	14	33.69	64.03	3.681
2015-09-01 16:37:22.979	10601	11201	-94	-97	10
2015-09-01 16:44:10.439	10601	11201	-94	-97	10
2015-09-01 17:00:53.706	10601	11201	-94	-97	10	33.27	63.35	3.645
2015-09-01 17:24:48.947	10601	11201	-94	-97	10	33.38	63.28	3.645
2015-09-01 17:47:09.93	10601	11201	-94	-97	13	33.13	62.93	3.645
2015-09-01 18:28:57.898	10601	11201	-94	-97	10	31.54	63.23	3.645
2015-09-01 18:41:35.019	10601	11201	-94	-97	10
2015-09-01 18:57:23.247	10601	11201	-94	-97	10	30.47	63.81	3.657
2015-09-01 19:23:18.155	10601	11201	-94	-97	10	29.44	64.4	3.669
2015-09-01 19:40:29.771	10601	11201	-94	-97	10	28.85	64.81	3.693
2015-09-01 20:01:24.374	10601	11201	-94	-97	10
2015-09-01 20:19:08.671	10601	11201	-94	-97	10	27.47	65.8	3.645
2015-09-01 20:40:51.195	10601	11201	-94	-97	10	26.77	66.04	3.657
2015-09-01 20:45:48.891	10601	11201	-94	-97	10
2015-09-01 21:23:48.01	10601	11201	-94	-94	10	25.86	65.88	3.633
2015-09-01 21:49:09.959	10601	11201	-94	-97	10	25.41	65.51	3.657
2015-09-01 22:17:53.064	10601	11201	-94	-97	10	24.99	65.38	3.645
2015-09-01 22:50:01.139	10601	11201	-94	-94	10
2015-09-01 22:50:46.379	10601	11201	-94	-97	10	24.55	65.19	3.645
2015-09-01 23:18:36.795	10601	11201	-94	-97	10
2015-09-01 23:19:01.339	10601	11201	-94	-97	10	24.51	64.89	3.633
2015-09-01 23:56:22.539	10601	11201	-94	-97	10	24.11	65.15	3.645
2015-09-02 00:26:29.319	10601	11201	-94	-97	10	23.72	65.35	3.645
2015-09-02 00:41:17.683	10601	11201	-94	-97	10	23.58	65.41	3.681
2015-09-02 00:54:14.095	10601	11201	-94	-97	10
2015-09-02 01:30:01.387	10601	11201	-94	-97	10	22.84	66.1	3.645
2015-09-02 01:45:18.947	10601	11201	-94	-97	10	22.7	65.99	3.681
2015-09-02 02:25:00.84	10601	11201	-94	-97	10	22.43	65.79	3.669
2015-09-02 02:35:50.247	10601	11201	-94	-97	10
2015-09-02 02:54:01.09	10601	11201	-94	-97	10	22.14	66.06	3.669
2015-09-02 02:58:26.25	10601	11201	-94	-97	10
2015-09-02 03:12:52.822	10601	11201	-94	-97	10	21.82	66.58	3.693
2015-09-02 03:47:45.426	10601	11201	-91	-97	10	21.44	66.49	3.669
2015-09-02 04:15:23.494	10601	11201	-94	-97	10	21.29	66.49	3.669
2015-09-02 04:45:54.262	10601	11201	-94	-97	10	21.06	66.42	3.669
2015-09-02 05:02:39.55	10601	11201	-91	-94	10
2015-09-02 05:16:37.391	10601	11201	-94	-97	10	20.83	66.61	3.669
2015-09-02 05:44:23.159	10601	11201	-91	-97	10	20.64	66.64	3.681
2015-09-02 05:53:02.607	10601	11201	-94	-97	10
2015-09-02 06:12:26.159	10601	11201	-94	-97	10	20.47	66.61	3.681
2015-09-02 06:59:09.791	10601	11201	-94	-97	10	20.2	66.53	3.657
2015-09-02 07:06:51.854	10601	11201	-94	-97	10
2015-09-02 07:12:31.195	10601	11201	-91	-97	10	20.22	66.42	3.681
2015-09-02 07:40:52.215	10601	11201	-91	-97	10	20.21	66.28	3.645
2015-09-02 08:26:54.347	10601	11201	-94	-97	10	20.76	65.62	3.645
2015-09-02 08:53:28.814	10601	11201	-94	-97	10	21.56	65.24	3.587
2015-09-02 09:10:20.174	10601	11201	-94	-97	10
2015-09-02 09:11:04.434	10601	11201	-94	-97	10
2015-09-02 09:21:49.031	10601	11201	-91	-97	10	22.5	65.08	3.657
2015-09-02 09:52:23.463	10601	11201	-94	-97	10	23.83	64.95	3.657
2015-09-02 10:27:52.895	10601	11201	-91	-97	10	25.72	64.38	3.657
2015-09-02 10:39:27.91	10601	11201	-94	-97	10	26.32	64.19	3.693
2015-09-02 11:09:46.675	10601	11201	-94	-97	10	27.3	63.9	3.657
2015-09-02 11:15:17.703	10601	11201	-94	-97	10
2015-09-02 11:57:52.143	10601	11201	-94	-97	10	29.08	63.83	3.645
2015-09-02 12:20:11.399	10601	11201	-94	-97	10	29.77	63.67	3.645
2015-09-02 12:27:28.783	10601	11201	-94	-97	10
2015-09-02 12:52:01.739	10601	11201	-94	-94	10	30.5	63.18	3.669
2015-09-02 13:18:44.627	10601	11201	-94	-97	10	29.29	63.11	3.669
2015-09-02 13:19:31.034	10601	11201	-91	-97	10
2015-09-02 13:44:17.286	10601	11201	-94	-97	10	30.46	63.18	3.669
2015-09-02 14:17:10.123	10601	11201	-94	-97	10	31.68	63.4	3.487
2015-09-02 14:42:01.963	10601	11201	-94	-97	10	32.19	63.12	3.633
2015-09-02 15:18:27.798	10601	11201	-94	-97	10	31.93	62.43	3.645
2015-09-02 15:23:43.118	10601	11201	-94	-97	10
2015-09-02 15:42:08.138	10601	11201	-94	-97	11	32.76	62.78	3.633
2015-09-02 15:44:41.326	10601	11201	-94	-97	10
2015-09-02 16:25:39.651	10601	11201	-94	-97	10	32.68	62.43	3.645
2015-09-02 16:43:31.23	10601	11201	-94	-97	18	32.94	62.38	3.681
2015-09-02 17:23:46.523	10601	11201	-94	-97	10	33.66	62.4	3.669
2015-09-02 17:27:55.459	10601	11201	-94	-97	10
2015-09-02 17:41:33.739	10601	11201	-94	-97	10	33.41	61.86	3.669
2015-09-02 18:12:08.026	10601	11201	-94	-97	10	32.47	61.5	3.669
2015-09-02 18:54:32.695	10601	11201	-94	-97	10	31.38	61.79	3.657
2015-09-02 19:01:54.798	10601	11201	-94	-97	10
2015-09-02 19:23:55.871	10601	11201	-94	-97	10	30.38	62.49	3.657
2015-09-02 19:32:08.906	10601	11201	-94	-97	10
2015-09-02 19:54:47.247	10601	11201	-94	-97	10	28.91	63.98	3.669
2015-09-02 20:17:34.754	10601	11201	-94	-97	10	27.97	64.82	3.669
2015-09-02 20:59:25.343	10601	11201	-94	-97	10	26.4	66.0	3.657
2015-09-02 21:28:32.134	10601	11201	-91	-97	10	26.38	63.9	3.575
2015-09-02 21:36:20.626	10601	11201	-94	-97	10
2015-09-02 21:45:02.659	10601	11201	-94	-97	10	26.13	63.92	3.681
2015-09-02 22:19:08.319	10601	11201	-94	-97	10
2015-09-02 22:21:43.83	10601	11201	-94	-97	10	25.41	64.06	3.669
2015-09-02 22:40:38.147	10601	11201	-91	-97	10	25.13	64.05	3.705
2015-09-02 23:24:01.474	10601	11201	-91	-97	10	24.47	64.21	3.669
2015-09-02 23:40:33.43	10601	11201	-94	-97	10
2015-09-02 23:45:58.919	10601	11201	-94	-97	10	24.15	64.18	3.669
2015-09-03 00:16:24.002	10601	11201	-94	-97	10	23.75	64.2	3.669
2015-09-03 00:42:14.751	10601	11201	-94	-97	10	23.33	64.66	3.669
2015-09-03 01:22:01.734	10601	11201	-94	-97	10	22.76	64.95	3.669
2015-09-03 01:36:20.099	10601	11201	-94	-97	10
2015-09-03 01:44:46.386	10601	11201	-94	-97	10
2015-09-03 01:53:15.93	10601	11201	-91	-97	10	22.46	64.78	3.575
2015-09-03 02:25:12.038	10601	11201	-94	-97	10	22.31	64.58	3.669
2015-09-03 02:38:54.683	10601	11201	-94	-97	10	22.25	64.57	3.693
2015-09-03 03:23:04.726	10601	11201	-91	-97	10	21.88	64.74	3.657
2015-09-03 03:48:53.399	10601	11201	-94	-97	10	21.72	64.66	3.669
2015-09-03 03:48:59.807	10601	11201	-94	-97	10
2015-09-03 04:23:13.345	10601	11201	-94	-97	10	21.77	64.37	3.669
2015-09-03 04:48:38.878	10601	11201	-94	-97	10	21.54	64.74	3.669
2015-09-03 04:53:33.063	10601	11201	-91	-97	10
2015-09-03 05:23:57.971	10601	11201	-94	-97	10	21.15	65.11	3.669
2015-09-03 05:50:48.622	10601	11201	-91	-97	10	20.89	65.15	3.669
2015-09-03 05:53:11.611	10601	11201	-94	-97	10
2015-09-03 06:12:27.894	10601	11201	-91	-97	10	20.72	65.33	3.681
2015-09-03 06:39:03.15	10601	11201	-94	-97	10	20.47	65.43	3.575
2015-09-03 07:14:50.294	10601	11201	-94	-97	10	20.29	65.28	3.669
2015-09-03 07:41:50.478	10601	11201	-94	-97	10	20.29	64.88	3.681
2015-09-03 07:57:24.615	10601	11201	-94	-97	10
2015-09-03 08:10:46.266	10601	11201	-94	-97	10
2015-09-03 08:31:03.451	10601	11201	-94	-97	10	21.32	64.0	3.587
2015-09-03 08:58:37.85	10601	11201	-94	-97	10	22.06	63.81	3.669
2015-09-03 09:24:46.142	10601	11201	-94	-97	10	22.79	63.66	3.669
2015-09-03 09:56:50.206	10601	11201	-94	-97	10	23.85	63.51	3.669
2015-09-03 10:01:37.238	10601	11201	-94	-97	10
2015-09-03 10:27:58.97	10601	11201	-91	-97	10	25.1	63.18	3.669
2015-09-03 10:39:57.974	10601	11201	-94	-97	10	25.58	63.05	3.693
2015-09-03 11:15:07.623	10601	11201	-94	-97	10	26.61	62.86	3.657
2015-09-03 11:27:59.39	10601	11201	-94	-97	10
2015-09-03 11:49:55.658	10601	11201	-94	-97	10	27.47	62.7	3.669
2015-09-03 12:05:50.671	10601	11201	-94	-97	10
2015-09-03 12:17:58.327	10601	11201	-94	-97	10	28.35	62.53	3.669
2015-09-03 12:39:34.214	10601	11201	-94	-97	16	29.11	62.38	3.669
2015-09-03 13:19:34.114	10601	11201	-94	-97	10	29.82	62.1	3.657
2015-09-03 13:43:52.79	10601	11201	-94	-97	13	30.54	62.33	3.657
2015-09-03 14:10:03.219	10601	11201	-94	-97	10
2015-09-03 14:24:26.767	10601	11201	-94	-97	10	31.46	62.36	3.657
2015-09-03 14:39:10.046	10601	11201	-94	-97	10	32.05	62.27	3.669
2015-09-03 14:45:12.183	10601	11201	-94	-97	10
2015-09-03 15:10:24.135	10601	11201	-94	-97	10	32.76	61.98	3.669
2015-09-03 15:43:11.491	10601	11201	-94	-97	10	33.72	61.6	3.645
2015-09-03 16:14:14.971	10601	11201	-94	-97	10
2015-09-03 16:16:38.834	10601	11201	-94	-97	10	32.19	60.93	3.645
2015-09-03 16:41:32.578	10601	11201	-94	-97	10	32.04	60.78	3.657
2015-09-03 17:19:34.27	10601	11201	-94	-94	22	31.46	60.97	3.645
2015-09-03 17:52:37.715	10601	11201	-94	-94	17	30.3	61.68	3.645
2015-09-03 18:02:24.63	10601	11201	-94	-94	15
2015-09-03 18:16:51.211	10601	11201	-94	-97	15	29.68	61.89	3.645
2015-09-03 18:18:27.727	10601	11201	-94	-97	14
2015-09-03 18:50:33.29	10601	11201	-94	-97	10	28.79	62.21	3.645
2015-09-03 19:15:11.374	10601	11201	-94	-97	10	28.15	62.53	3.669
2015-09-03 19:45:03.119	10601	11201	-94	-97	10	27.32	63.0	3.669
2015-09-03 20:21:45.987	10601	11201	-94	-97	10	26.86	62.6	3.681
2015-09-03 20:22:41.331	10601	11201	-94	-97	10
2015-09-03 20:48:58.971	10601	11201	-94	-97	10	26.38	62.67	3.669
2015-09-03 21:11:15.571	10601	11201	-94	-97	10	25.91	63.05	3.681
2015-09-03 21:19:38.315	10601	11201	-94	-97	10
2015-09-03 21:50:31.442	10601	11201	-94	-97	10	25.11	63.48	3.657
2015-09-03 22:16:27.743	10601	11201	-94	-97	10	24.61	63.49	3.669
2015-09-03 22:26:53.842	10601	11201	-94	-97	10
2015-09-03 22:58:28.099	10601	11201	-94	-97	10	24.0	63.51	3.645
2015-09-03 23:23:45.599	10601	11201	-94	-97	10	23.54	63.76	3.669
2015-09-03 23:56:39.874	10601	11201	-94	-97	10	23.0	64.08	3.657
2015-09-04 00:16:09.586	10601	11201	-94	-94	10	22.82	63.87	3.669
2015-09-04 01:30:36.294	10601	11201	-94	-94	10	22.4	63.57	3.645
2015-09-04 02:25:34.658	10601	11201	-94	-94	10	22.03	63.68	3.621
2015-09-04 02:35:19.247	10601	11201	-94	-94	10
2015-09-04 03:18:08.314	10601	11201	-94	-94	10	21.49	64.09	3.633
2015-09-04 03:54:04.898	10601	11201	-94	-94	10
2015-09-04 04:09:05.927	10601	11201	-94	-97	10	20.95	64.35	3.669
2015-09-04 06:43:44.314	10601	11201	-94	-94	10
2015-09-04 08:44:30.014	10601	11201	-94	-94	10	20.42	63.68	3.657
2015-09-04 10:28:30.115	10601	11201	-94	-94	10
2015-09-04 10:52:10.226	10601	11201	-91	-97	10
2015-09-04 12:56:42.495	10601	11201	-94	-97	10
2015-09-04 13:20:51.143	10601	11201	-94	-94	10	30.16	61.17	3.621
2015-09-04 13:45:44.062	10601	11201	-94	-97	10
2015-09-04 13:55:14.015	10601	11201	-94	-97	10	31.19	61.06	3.621
2015-09-04 14:13:44.914	10601	11201	-94	-94	10	31.63	60.97	3.633
2015-09-04 14:46:10.335	10601	11201	-94	-97	10	32.54	60.67	3.633
2015-09-04 15:00:35.327	10601	11201	-94	-97	10
2015-09-04 15:21:45.158	10601	11201	-94	-97	10	33.27	60.48	3.645
2015-09-04 15:45:51.89	10601	11201	-94	-97	10	33.41	60.25	3.645
2015-09-04 16:23:50.799	10601	11201	-94	-97	10	33.11	59.79	3.645
2015-09-04 16:49:54.222	10601	11201	-94	-97	10	33.26	59.82	3.645
2015-09-04 17:02:57.443	10601	11201	-94	-97	14
2015-09-04 17:04:49.223	10601	11201	-94	-97	13
2015-09-04 17:15:42.267	10601	11201	-94	-97	10	33.41	59.84	3.645
2015-09-04 17:55:11.935	10601	11201	-94	-97	10	32.72	59.52	3.645
2015-09-04 18:25:35.707	10601	11201	-94	-94	21	31.22	60.97	3.645
2015-09-04 18:48:02.178	10601	11201	-94	-94	17	29.66	64.62	3.645
2015-09-04 19:09:01.323	10601	11201	-94	-97	16
2015-09-04 19:22:52.138	10601	11201	-94	-97	11	27.49	66.43	3.645
2015-09-04 19:42:49.178	10601	11201	-94	-97	10	26.82	66.02	3.657
2015-09-04 20:09:04.982	10601	11201	-94	-94	10	25.74	66.68	3.645
2015-09-04 20:20:08.642	10601	11201	-94	-94	10
2015-09-04 20:49:01.055	10601	11201	-94	-94	10	24.31	67.02	3.657
2015-09-04 21:27:39.775	10601	11201	-94	-94	10	23.27	66.4	3.645
2015-09-04 22:30:03.847	10601	11201	-94	-94	10	22.6	64.28	3.657
2015-09-04 22:49:36.89	10601	11201	-94	-94	10	22.4	64.1	3.669
2015-09-04 23:17:26.474	10601	11201	-94	-94	10
2015-09-04 23:48:04.286	10601	11201	-94	-94	10	21.72	63.96	3.657
2015-09-05 01:23:07.602	10601	11201	-94	-97	10	21.02	63.55	3.645
2015-09-05 01:46:54.286	10601	11201	-94	-94	10	20.82	63.69	3.645
2015-09-05 02:48:29.15	10601	11201	-94	-94	10	20.22	63.85	3.645
2015-09-05 03:22:49.734	10601	11201	-94	-94	10	19.93	64.12	3.645
2015-09-05 04:23:45.958	10601	11201	-94	-94	10	19.42	64.15	3.621
2015-09-05 04:54:47.238	10601	11201	-94	-94	10	19.32	63.99	3.633
2015-09-05 06:11:47.638	10601	11201	-94	-94	10
2015-09-05 06:17:05.262	10601	11201	-94	-94	10	19.11	63.67	3.645
2015-09-05 07:22:36.962	10601	11201	-91	-94	10	19.2	63.42	3.621
2015-09-05 07:34:17.898	10601	11201	-91	-94	10
2015-09-05 08:12:33.162	10601	11201	-94	-94	10	19.5	63.0	3.645
2015-09-05 08:39:06.167	10601	11201	-94	-94	10	20.27	62.54	3.633
2015-09-05 09:29:00.747	10601	11201	-94	-94	10
2015-09-05 09:38:30.202	10601	11201	-94	-97	10
2015-09-05 10:23:23.617	10601	11201	-94	-94	10	24.77	61.39	3.621
2015-09-05 10:56:47.831	10601	11201	-94	-97	10	26.33	61.0	3.621
2015-09-05 11:08:46.282	10601	11201	-94	-97	10	26.8	60.89	3.645
2015-09-05 11:42:43.354	10601	11201	-94	-94	10
2015-09-05 11:57:19.506	10601	11201	-94	-97	10	28.44	60.38	3.621
2015-09-05 12:13:19.974	10601	11201	-91	-97	10	28.88	60.3	3.633
2015-09-05 12:46:13.514	10601	11201	-94	-97	10
2015-09-05 12:47:58.987	10601	11201	-94	-97	10	30.38	59.97	3.633
2015-09-05 13:24:55.758	10601	11201	-94	-97	10	30.76	59.81	3.633
2015-09-05 13:46:57.303	10601	11201	-94	-97	10
2015-09-05 13:56:39.319	10601	11201	-94	-97	10	31.16	59.75	3.487
2015-09-05 14:30:58.962	10601	11201	-94	-97	10	32.29	59.7	3.633
2015-09-05 15:29:44.414	10601	11201	-94	-94	25	32.66	59.35	3.621
2015-09-05 15:51:08.758	10601	11201	-94	-97	21
2015-09-05 15:53:14.27	10601	11201	-94	-94	21	33.44	59.53	3.657
2015-09-05 16:03:27.214	10601	11201	-94	-94	16
2015-09-05 16:30:20.706	10601	11201	-94	-97	15	31.8	59.47	3.657
2015-09-05 16:50:03.975	10601	11201	-94	-97	11	30.4	61.7	3.657
2015-09-05 17:22:57.29	10601	11201	-94	-97	15	27.76	67.85	3.633
2015-09-05 17:47:19.022	10601	11201	-91	-97	10	25.94	70.04	3.621
2015-09-05 17:55:21.443	10601	11201	-94	-97	10
2015-09-05 18:29:33.768	10601	11201	-94	-97	10	22.9	71.82	3.633
2015-09-05 18:48:26.315	10601	11201	-91	-97	10	22.36	71.17	3.657
2015-09-05 19:11:48.099	10601	11201	-91	-97	10	22.01	70.29	3.657
2015-09-05 19:20:39.682	10601	11201	-91	-94	10
2015-09-05 19:40:13.846	10601	11201	-94	-97	10	21.6	68.83	3.633
2015-09-05 19:59:34.538	10601	11201	-94	-97	10
2015-09-05 20:21:58.59	10601	11201	-91	-97	10	21.15	67.13	3.621
2015-09-05 20:56:05.834	10601	11201	-91	-97	10	21.03	65.81	3.621
2015-09-05 21:21:13.898	10601	11201	-88	-97	10	20.93	65.31	3.455
2015-09-05 21:55:46.89	10601	11201	-91	-97	10	20.75	64.78	3.621
2015-09-05 22:03:47.227	10601	11201	-94	-97	10
2015-09-05 22:09:23.45	10601	11201	-91	-97	10	20.69	64.63	3.657
2015-09-05 22:37:52.663	10601	11201	-91	-97	10
2015-09-05 22:41:37.67	10601	11201	-91	-97	10	20.57	64.2	3.621
2015-09-05 23:28:23.002	10601	11201	-94	-97	10	20.36	63.82	3.621
2015-09-05 23:50:24.591	10601	11201	-94	-97	10	20.25	63.94	3.645
2015-09-06 00:08:00.406	10601	11201	-91	-97	10
2015-09-06 00:24:56.215	10601	11201	-91	-94	10	20.11	63.66	3.621
2015-09-06 00:40:00.787	10601	11201	-94	-97	10	20.02	63.61	3.669
2015-09-06 01:12:52.363	10601	11201	-91	-91	10	19.92	63.45	3.633
2015-09-06 01:55:06.019	10601	11201	-94	-94	10
2015-09-06 01:58:09.178	10601	11201	-94	-97	10	19.75	63.37	3.621
2015-09-06 02:12:12.359	10601	11201	-94	-97	10
2015-09-06 02:24:34.914	10601	11201	-94	-97	10	19.79	63.23	3.633
2015-09-06 02:55:09.186	10601	11201	-94	-97	10	19.6	63.19	3.633
2015-09-06 03:24:18.115	10601	11201	-94	-97	10	19.54	63.12	3.633
2015-09-06 03:50:25.551	10601	11201	-91	-94	10	19.42	63.22	3.633
2015-09-06 04:16:25.127	10601	11201	-94	-97	10
2015-09-06 04:18:54.227	10601	11201	-94	-94	10	19.32	63.18	3.633
2015-09-06 04:55:52.922	10601	11201	-91	-97	10	19.06	63.28	3.633
2015-09-06 05:11:10.182	10601	11201	-94	-97	10	19.06	63.28	3.657
2015-09-06 05:12:18.363	10601	11201	-94	-97	10
2015-09-06 05:55:23.874	10601	11201	-91	-94	10	18.88	63.22	3.621
2015-09-06 06:16:24.666	10601	11201	-91	-97	10	18.79	63.29	3.645
2015-09-06 06:20:37.751	10601	11201	-94	-97	10
2015-09-06 06:42:03.107	10601	11201	-94	-97	10	18.67	63.33	3.645
2015-09-06 07:09:56.282	10601	11201	-94	-97	10	18.56	63.22	3.633
2015-09-06 07:42:12.295	10601	11201	-94	-97	10	18.7	62.84	3.621
2015-09-06 08:15:34.278	10601	11201	-91	-97	10	19.04	62.43	3.621
2015-09-06 08:24:50.175	10601	11201	-91	-97	10
2015-09-06 08:29:31.639	10601	11201	-91	-97	10
2015-09-06 08:53:17.079	10601	11201	-91	-97	10	19.86	62.0	3.621
2015-09-06 09:16:17.211	10601	11201	-94	-94	10	20.45	61.86	3.633
2015-09-06 09:49:44.494	10601	11201	-94	-97	10	21.74	61.63	3.621
2015-09-06 10:24:48.683	10601	11201	-94	-97	10	23.2	61.29	3.621
2015-09-06 10:29:03.127	10601	11201	-94	-97	10
2015-09-06 11:46:32.314	10601	11201	-94	-97	10	25.94	60.61	3.633
2015-09-06 12:11:03.706	10601	11201	-94	-97	10	26.8	60.44	3.621
2015-09-06 12:33:17.566	10601	11201	-94	-97	10
2015-09-06 13:09:14.899	10601	11201	-94	-97	10	29.15	59.97	3.621
2015-09-06 13:43:25.53	10601	11201	-94	-94	10	30.26	59.83	3.621
2015-09-06 14:26:53.014	10601	11201	-94	-94	10	31.44	59.67	3.669
2015-09-06 14:37:28.387	10601	11201	-94	-97	10
2015-09-06 14:39:09.051	10601	11201	-94	-97	10	31.43	59.42	3.681
2015-09-06 15:04:02.854	10601	11201	-94	-97	10
2015-09-06 15:21:48.727	10601	11201	-94	-97	10	31.69	59.14	3.645
2015-09-06 15:45:13.89	10601	11201	-94	-97	10	32.18	59.31	3.645
2015-09-06 17:58:19.103	10601	11201	-94	-97	11	32.46	58.5	3.633
2015-09-06 18:21:11.278	10601	11201	-94	-97	12
2015-09-06 18:24:34.05	10601	11201	-94	-97	12	32.05	58.51	3.645
2015-09-06 18:39:24.535	10601	11201	-94	-97	11	31.5	58.71	3.657
2015-09-06 18:45:53.599	10601	11201	-94	-97	10
2015-09-06 19:11:07.743	10601	11201	-94	-94	10	30.47	59.15	3.645
2015-09-06 19:54:11.875	10601	11201	-94	-94	10	28.8	60.9	3.657
2015-09-06 21:46:05.451	10601	11201	-94	-94	10	24.97	63.04	3.633
2015-09-06 22:19:25.335	10601	11201	-94	-94	10	24.29	62.63	3.645
2015-09-06 22:54:19.142	10601	11201	-94	-94	10
2015-09-06 23:13:48.475	10601	11201	-94	-94	10	23.54	61.65	3.645
2015-09-07 00:50:31.16	10601	11201	-94	-94	10	22.7	61.12	3.645
2015-09-07 00:58:32.795	10601	11201	-94	-94	10
2015-09-07 01:56:19.743	10601	11201	-94	-94	10	22.13	61.15	3.645
2015-09-07 03:02:45.534	10601	11201	-94	-97	10
2015-09-07 04:12:49.903	10601	11201	-94	-97	10
2015-09-07 05:06:57.806	10601	11201	-94	-94	10
2015-09-07 06:39:19.17	10601	11201	-94	-94	10	20.32	61.49	3.693
2015-09-07 07:11:10.134	10601	11201	-94	-97	10
2015-09-07 07:30:02.895	10601	11201	-94	-94	10
2015-09-07 07:38:44.139	10601	11201	-94	-94	10	20.14	61.43	3.681
2015-09-07 08:11:39.963	10601	11201	-94	-97	10	20.33	61.22	3.645
2015-09-07 09:15:19.643	10601	11201	-94	-94	10	22.07	61.08	3.645
2015-09-07 10:17:53.858	10601	11201	-94	-94	10	24.41	60.52	3.657
2015-09-07 10:45:46.002	10601	11201	-91	-94	10	25.47	60.29	3.645
2015-09-07 11:17:39.999	10601	11201	-94	-97	10	26.76	59.94	3.633
2015-09-07 12:59:50.071	10601	11201	-94	-97	10	30.68	58.87	3.633
2015-09-07 13:20:50.418	10601	11201	-94	-94	10	30.43	58.77	3.633
2015-09-07 13:23:49.018	10601	11201	-94	-97	10
2015-09-07 13:42:43.862	10601	11201	-94	-97	10	31.3	58.99	3.633
2015-09-07 14:04:28.182	10601	11201	-94	-94	10
2015-09-07 14:54:14.014	10601	11201	-94	-97	10	33.25	58.65	3.645
2015-09-07 15:26:18.43	10601	11201	-94	-94	10	33.9	58.31	3.633
2015-09-07 15:28:01.675	10601	11201	-94	-97	10
2015-09-07 15:59:25.547	10601	11201	-94	-97	10	34.05	58.11	3.645
2015-09-07 16:11:36.866	10601	11201	-94	-97	10	34.11	58.08	3.669
2015-09-07 16:55:35.022	10601	11201	-94	-97	10	34.57	58.18	3.657
2015-09-07 17:16:12.439	10601	11201	-94	-97	10	34.61	58.06	3.669
2015-09-07 17:21:42.982	10601	11201	-94	-97	10
2015-09-07 17:32:16.567	10601	11201	-94	-97	13
2015-09-07 17:56:52.522	10601	11201	-94	-97	10	34.08	57.44	3.681
2015-09-07 18:15:24.643	10601	11201	-94	-97	10	33.63	57.44	3.693
2015-09-07 18:42:03.335	10601	11201	-94	-97	10	32.33	58.42	3.693
2015-09-07 19:20:11.875	10601	11201	-94	-97	10	30.36	60.56	3.681
2015-09-07 19:36:26.67	10601	11201	-94	-97	10
2015-09-07 19:46:35.307	10601	11201	-94	-97	10	29.16	61.69	3.693
2015-09-07 20:29:02.832	10601	11201	-94	-97	10	27.46	62.69	3.633
2015-09-07 20:38:53.89	10601	11201	-94	-97	10
2015-09-07 20:48:25.539	10601	11201	-94	-97	10	26.72	63.12	3.693
2015-09-07 21:12:37.251	10601	11201	-94	-97	10	25.8	64.01	3.669
2015-09-07 21:40:39.615	10601	11201	-94	-97	10
2015-09-07 21:52:33.875	10601	11201	-94	-97	10	24.77	62.89	3.633
2015-09-07 22:39:12.435	10601	11201	-94	-97	10	24.15	61.62	3.645
2015-09-07 23:44:53.014	10601	11201	-94	-97	10
2015-09-07 23:50:13.022	10601	11201	-94	-94	10	22.74	62.26	3.657
2015-09-07 23:56:07.268	10601	11201	-94	-97	10
2015-09-08 00:49:54.399	10601	11201	-94	-94	10	22.21	61.02	3.657
2015-09-08 01:14:20.955	10601	11201	-94	-94	10	22.11	60.82	3.669
2015-09-08 01:59:48.478	10601	11201	-94	-97	10	21.68	61.05	3.645
2015-09-08 02:26:56.05	10601	11201	-94	-94	10	21.44	60.98	3.669
2015-09-08 03:43:29.002	10601	11201	-94	-94	10	20.74	61.02	3.669
2015-09-08 03:53:18.11	10601	11201	-94	-94	10
2015-09-08 05:12:22.89	10601	11201	-94	-94	10	20.14	61.13	3.657
2015-09-08 05:58:29.682	10601	11201	-94	-97	10	19.83	61.17	3.645
2015-09-08 06:23:35.87	10601	11201	-94	-94	10	19.61	61.29	3.657
2015-09-08 06:30:32.879	10601	11201	-94	-94	10
2015-09-08 07:09:17.167	10601	11201	-94	-97	10	19.43	61.17	3.681
2015-09-08 08:01:43.666	10601	11201	-94	-94	10
2015-09-08 09:11:04.346	10601	11201	-94	-94	10	21.79	60.5	3.657
2015-09-08 09:47:46.126	10601	11201	-94	-97	10
2015-09-08 10:12:30.222	10601	11201	-91	-97	10	24.55	59.85	3.645
2015-09-08 10:44:44.23	10601	11201	-94	-97	10	26.18	59.42	3.645
2015-09-08 11:29:47.214	10601	11201	-94	-97	10	28.3	58.79	3.633
2015-09-08 12:00:22.83	10601	11201	-94	-97	10	29.76	58.29	3.645
2015-09-08 12:10:08.491	10601	11201	-94	-97	10
2015-09-08 12:29:21.942	10601	11201	-94	-97	10	30.86	58.02	3.645
2015-09-08 12:58:28.463	10601	11201	-94	-97	10	31.76	57.8	3.621
2015-09-08 13:05:00.274	10601	11201	-94	-97	10
2015-09-08 13:29:31.786	10601	11201	-94	-97	10	31.99	57.68	3.621
2015-09-08 13:42:31.082	10601	11201	-94	-97	10	32.05	57.69	3.645
2015-09-08 14:14:16.186	10601	11201	-94	-97	10	32.13	57.7	3.645
2015-09-08 14:14:21.547	10601	11201	-91	-97	10
2015-09-08 14:58:27.91	10601	11201	-94	-97	11	33.43	57.83	3.645
2015-09-08 15:08:47.682	10601	11201	-91	-97	10	34.01	57.91	3.564
2015-09-08 15:49:30.055	10601	11201	-94	-97	16	34.41	57.17	3.669
2015-09-08 16:18:33.886	10601	11201	-94	-97	13
2015-09-08 16:21:56.566	10601	11201	-94	-94	13	34.83	57.2	3.669
2015-09-08 16:22:12.095	10601	11201	-94	-97	12
2015-09-08 16:44:59.466	10601	11201	-94	-94	10	35.08	57.11	3.633
2015-09-08 18:22:47.346	10601	11201	-94	-94	28
2015-09-08 19:13:37.566	10601	11201	-94	-94	22	32.22	57.84	3.681
2015-09-08 19:42:56.658	10601	11201	-94	-94	21	30.66	59.83	3.681
2015-09-08 21:55:14.879	10601	11201	-94	-94	12	26.08	61.21	3.669
2015-09-08 22:56:38.518	10601	11201	-94	-94	11
2015-09-08 22:56:40.723	10601	11201	-94	-94	11
2015-09-08 23:53:16.342	10601	11201	-94	-94	10	23.81	60.31	3.669
2015-09-09 00:35:25.511	10601	11201	-94	-97	10
2015-09-09 01:48:01.802	10601	11201	-94	-94	10	22.86	59.64	3.657
2015-09-09 02:28:46.111	10601	11201	-94	-94	10	22.44	59.67	3.657
2015-09-09 02:39:38.247	10601	11201	-94	-94	10
2015-09-09 02:50:15.776	10601	11201	-94	-94	10	22.15	59.84	3.669
2015-09-09 03:17:44.151	10601	11201	-94	-97	10	21.86	59.79	3.657
2015-09-09 03:58:36.583	10601	11201	-94	-94	10	21.72	59.65	3.645
2015-09-09 04:43:43.75	10601	11201	-94	-94	10	21.4	59.66	3.645
2015-09-09 05:28:22.932	10601	11201	-94	-97	10	21.5	59.46	3.645
2015-09-09 06:11:54.222	10601	11201	-94	-94	10	21.56	59.38	3.645
2015-09-09 06:48:03.662	10601	11201	-94	-97	10
2015-09-09 08:25:34.991	10601	11201	-94	-94	10	22.24	59.34	3.645
2015-09-09 08:56:43.354	10601	11201	-94	-97	10	23.06	59.37	3.645
2015-09-09 09:58:35.073	10601	11201	-94	-94	10	24.36	59.18	3.645
2015-09-09 11:40:43.422	10601	11201	-94	-97	11	28.72	57.83	3.657
2015-09-09 12:05:32.134	10601	11201	-94	-97	10
2015-09-09 12:18:30.066	10601	11201	-94	-97	10	30.26	57.4	3.645
2015-09-09 12:42:18.231	10601	11201	-94	-97	10	30.02	57.36	3.645
2015-09-09 13:00:41.736	10601	11201	-94	-94	13
2015-09-09 13:09:34.038	10601	11201	-94	-97	12	30.63	57.42	3.645
2015-09-09 13:57:23.403	10601	11201	-94	-94	11	31.94	57.86	3.633
2015-09-09 14:22:24.834	10601	11201	-94	-97	10	32.47	57.15	3.633
2015-09-09 14:39:58.619	10601	11201	-94	-94	10	33.05	57.29	3.645
2015-09-09 15:04:56.647	10601	11201	-94	-97	10
2015-09-09 15:08:57.638	10601	11201	-94	-97	10	33.38	56.67	3.645
2015-09-09 15:22:43.258	10601	11201	-97	-97	10
2015-09-09 15:49:11.143	10601	11201	-94	-97	10	27.38	69.18	3.645
2015-09-09 16:17:35.654	10601	11201	-94	-97	10	26.47	67.45	3.645
2015-09-09 16:49:45.443	10601	11201	-94	-97	10	25.22	68.36	3.645
2015-09-09 17:09:09.639	10601	11201	-94	-97	12	23.5	72.21	3.657
2015-09-09 17:09:22.976	10601	11201	-94	-97	12
