result_time	node_id	parent_id	stats_frssi	stats_brssi	etx	temperature	humidity	voltage
2015-07-11 04:28:12.894	10601	10501	-64	-64	10	17.14	85.34	3.645
2015-07-11 05:30:27.363	10601	10501	-64	-64	10	16.54	85.42	3.645
2015-07-11 06:21:07.13	10601	10501	-64	-67	10	16.29	85.62	3.669
2015-07-11 06:32:32.507	10601	10501	-64	-97	10
2015-07-11 07:15:33.886	10601	10501	-64	-64	10	16.25	85.95	3.681
2015-07-11 09:05:23.75	10601	10501	-64	-67	10	18.38	85.72	3.645
2015-07-11 10:40:58.742	10601	10501	-64	-67	10
2015-07-11 15:06:23.622	10601	10501	-64	-64	10
2015-07-11 16:24:22.647	10601	10501	-64	-64	10	29.47	86.13	3.61
2015-07-11 16:46:05.486	10601	10501	-64	-97	10	29.99	86.03	3.61
2015-07-11 17:18:15.371	10601	10501	-64	-64	10	30.05	86.15	3.61
2015-07-11 17:52:38.394	10601	10501	-64	-64	10	29.68	86.07	3.61
2015-07-11 18:57:48.446	10601	10501	-64	-64	10	27.55	84.15	3.61
2015-07-12 01:10:27.57	10601	10501	-64	-64	10
2015-07-12 06:01:46.075	10601	10501	-64	-97	10	16.72	85.82	3.645
2015-07-12 06:01:48.526	10601	10501	-64	-97	10	16.72	85.82	3.645
2015-07-12 06:33:48.666	10601	10501	-64	-64	10	16.78	85.93	3.645
2015-07-12 06:53:16.803	10601	10501	-64	-64	10	16.82	85.99	3.657
2015-07-12 07:28:52.035	10601	10501	-64	-64	10	17.22	86.03	3.633
2015-07-12 07:32:27.322	10601	10501	-64	-97	10
2015-07-12 07:49:33.554	10601	10501	-64	-97	10	17.52	86.06	3.657
2015-07-12 08:15:58.126	10601	10501	-64	-64	10	17.95	86.01	3.645
2015-07-13 04:24:26.918	10601	10501	-64	-64	10	19.22	86.07	3.645
2015-07-13 04:55:49.982	10601	10501	-64	-97	10	19.1	86.04	3.645
2015-07-13 06:05:36.642	10601	10501	-64	-97	10	18.96	86.1	3.633
2015-07-13 20:21:52.918	10601	10501	-64	-97	10	24.83	84.36	3.645
2015-07-13 21:02:34.926	10601	10501	-64	-64	10	24.22	84.53	3.633
2015-07-13 22:27:53.026	10601	10501	-64	-64	10	22.96	84.67	3.645
2015-07-13 22:43:08.53	10601	10501	-64	-97	10
2015-07-14 08:34:49.378	10601	10501	-64	-97	10	21.06	85.96	3.633
2015-07-14 08:50:43.011	10601	10501	-64	-97	10
2015-07-14 09:04:18.283	10601	10501	-64	-64	10
2015-07-14 19:25:27.015	10601	10501	-64	-64	10
2015-07-14 21:03:06.991	10601	10501	-67	-67	10	20.58	84.76	3.633
2015-07-14 21:19:28.695	10601	10501	-67	-97	10	20.46	84.88	3.657
2015-07-14 21:29:39.427	10601	10501	-67	-97	10
2015-07-14 22:26:42.515	10601	10501	-64	-64	10	20.27	85.48	3.645
2015-07-14 22:48:31.923	10601	10501	-64	-97	10	20.22	85.56	3.657
2015-07-14 23:33:42.023	10601	10501	-64	-64	10
2015-07-15 11:34:50.854	10601	10501	-64	-64	10	22.96	86.05	3.621
2015-07-15 11:58:57.882	10601	10501	-64	-64	10
2015-07-15 12:53:38.83	10601	10501	-64	-64	10	23.61	86.1	3.633
2015-07-15 14:03:10.391	10601	10501	-67	-67	10
2015-07-15 14:25:41.391	10601	10501	-64	-67	10
2015-07-15 15:21:13.056	10601	10501	-67	-67	10	24.99	86.17	3.645
2015-07-15 16:07:23.19	10601	10501	-64	-67	10
2015-07-15 16:52:35.846	10601	10501	-64	-67	10	26.24	86.15	3.621
2015-07-15 18:00:38.907	10601	10501	-67	-64	10	26.3	85.96	3.633
2015-07-15 20:32:11.135	10601	10501	-64	-67	10	22.35	82.58	3.633
2015-07-15 22:22:33.726	10601	10501	-64	-64	10	19.32	83.05	3.645
2015-07-16 00:24:13.698	10601	10501	-64	-67	10
2015-07-16 00:32:21.927	10601	10501	-64	-67	10	16.47	83.72	3.633
2015-07-16 00:53:50.73	10601	10501	-67	-97	10	16.11	83.79	3.645
2015-07-16 01:31:12.899	10601	10501	-64	-67	10	15.47	83.93	3.633
2015-07-16 01:59:03.238	10601	10501	-64	-67	10	15.04	84.1	3.633
2015-07-16 02:28:25.802	10601	10501	-64	-97	10
2015-07-16 02:32:49.87	10601	10501	-67	-97	10	14.64	84.35	3.633
2015-07-16 03:06:44.874	10601	10501	-67	-64	10	14.17	84.5	3.621
2015-07-16 03:34:31.53	10601	10501	-64	-64	10
2015-07-16 04:00:55.243	10601	10501	-64	-64	10	13.72	84.95	3.633
2015-07-16 04:49:06.77	10601	10501	-64	-97	10	13.25	84.98	3.621
2015-07-16 17:29:25.034	10601	10501	-64	-97	10	29.44	85.91	3.621
2015-07-16 17:57:55.959	10601	10501	-64	-64	10	28.41	85.86	3.621
2015-07-16 18:18:05.259	10601	10501	-64	-97	10	27.41	85.2	3.598
2015-07-16 19:55:03.379	10601	10501	-64	-64	10	24.65	83.78	3.621
2015-07-17 02:26:27.518	10601	10501	-67	-97	10	17.29	85.71	3.657
2015-07-17 02:59:52.446	10601	10501	-64	-67	10	17.17	85.76	3.645
2015-07-17 03:15:49.37	10601	10501	-64	-67	10	17.14	85.8	3.669
2015-07-17 03:59:49.939	10601	10501	-67	-67	10	16.82	85.75	3.645
2015-07-17 05:23:12.938	10601	10501	-64	-64	10
2015-07-17 05:52:15.591	10601	10501	-67	-64	10
2015-07-17 06:04:50.31	10601	10501	-67	-64	10	15.71	85.49	3.645
2015-07-17 07:01:14.558	10601	10501	-64	-67	10	15.83	85.83	3.645
2015-07-17 07:30:16.45	10601	10501	-64	-67	10	16.39	85.84	3.645
2015-07-17 07:58:55.618	10601	10501	-64	-97	10	16.92	85.77	3.645
2015-07-17 08:19:43.026	10601	10501	-67	-64	10	17.64	85.5	3.657
2015-07-17 09:09:28.403	10601	10501	-64	-67	10
2015-07-17 09:47:51.586	10601	10501	-64	-64	10	20.42	85.12	3.633
2015-07-17 17:36:19.998	10601	10501	-64	-97	10	28.29	85.98	3.633
2015-07-18 10:00:36.511	10601	10501	-67	-67	10	26.3	85.48	3.621
2015-07-18 10:22:11.219	10601	10501	-67	-67	10
2015-07-18 10:53:43.546	10601	10501	-67	-64	10	27.82	85.19	3.621
2015-07-18 12:26:23.622	10601	10501	-67	-67	10
2015-07-18 14:30:35.91	10601	10501	-64	-64	10
2015-07-18 15:20:19.118	10601	10501	-64	-67	10	31.52	85.57	3.645
2015-07-18 18:39:01.815	10601	10501	-67	-64	10
2015-07-18 20:05:46.926	10601	10501	-64	-67	10	29.05	83.88	3.633
2015-07-18 21:18:51.487	10601	10501	-64	-64	10
2015-07-18 22:00:19.302	10601	10501	-64	-64	10	25.99	84.26	3.633
2015-07-19 00:36:04.587	10601	10501	-64	-64	10
2015-07-19 00:51:40.138	10601	10501	-64	-97	10
2015-07-19 02:55:52.99	10601	10501	-64	-97	10
2015-07-19 02:57:18.606	10601	10501	-64	-97	10	24.04	85.04	3.621
2015-07-19 04:15:38.219	10601	10501	-64	-97	10	23.65	85.03	3.633
2015-07-19 05:03:31.579	10601	10501	-64	-97	10	23.63	85.2	3.621
2015-07-19 05:30:21.938	10601	10501	-64	-64	10	23.6	85.25	3.621
2015-07-19 05:52:52.031	10601	10501	-64	-64	10	23.5	85.25	3.633
2015-07-19 07:04:17.59	10601	10501	-64	-97	10
2015-07-19 07:22:30.67	10601	10501	-64	-64	10	23.36	85.39	3.621
2015-07-19 09:08:31.571	10601	10501	-64	-97	10
2015-07-19 13:16:56.374	10601	10501	-64	-97	10
2015-07-19 13:34:46.182	10601	10501	-61	-64	10	31.47	85.15	3.61
2015-07-19 14:00:00.33	10601	10501	-64	-97	10	31.3	85.34	3.61
2015-07-19 15:21:09.418	10601	10501	-61	-64	10
2015-07-19 15:54:27.034	10601	10501	-64	-64	10	32.4	85.48	3.61
2015-07-19 21:01:44.046	10601	10501	-64	-64	10	26.85	83.0	3.61
2015-07-19 21:23:09.202	10601	10501	-64	-97	10	26.65	83.56	3.621
2015-07-19 21:33:47.423	10601	10501	-64	-64	10
2015-07-19 22:04:10.351	10601	10501	-64	-67	10	26.02	83.6	3.61
2015-07-19 23:02:33.487	10601	10501	-64	-64	10	25.29	83.88	3.61
2015-07-19 23:36:36.499	10601	10501	-64	-64	10
2015-07-20 00:50:27.754	10601	10501	-64	-64	10	24.06	84.21	3.633
2015-07-20 01:59:54.65	10601	10501	-64	-67	10	23.5	84.52	3.61
2015-07-20 03:22:10.871	10601	10501	-64	-64	10	22.86	84.63	3.633
2015-07-20 03:50:40.559	10601	10501	-64	-64	10	22.69	84.71	3.61
2015-07-20 04:15:21.634	10601	10501	-64	-64	10	22.54	84.78	3.621
2015-07-20 05:26:57.099	10601	10501	-64	-64	10	22.02	84.79	3.61
2015-07-20 05:55:19.971	10601	10501	-64	-97	10	21.72	84.72	3.61
2015-07-20 07:33:40.878	10601	10501	-64	-64	10	21.83	85.29	3.598
2015-07-20 08:50:17.379	10601	10501	-64	-64	10	22.85	85.33	3.61
2015-07-20 09:28:14.406	10601	10501	-64	-64	10
2015-07-20 09:59:11.426	10601	10501	-64	-64	10
2015-07-20 11:54:42.35	10601	10501	-64	-97	10	27.11	84.95	3.587
2015-07-20 14:07:29.406	10601	10501	-64	-64	10
2015-07-20 18:17:50.183	10601	10501	-61	-64	10	30.66	84.44	3.598
2015-07-20 19:50:26.294	10601	10501	-61	-64	10	28.26	82.79	3.598
2015-07-20 22:03:10.522	10601	10501	-64	-64	10	24.72	82.75	3.598
2015-07-20 22:24:20.335	10601	10501	-64	-64	10
2015-07-20 22:57:57.211	10601	10501	-64	-64	10	23.95	83.4	3.598
2015-07-20 23:31:21.766	10601	10501	-64	-64	10	23.59	83.75	3.598
2015-07-21 01:00:07.115	10601	10501	-64	-64	10	23.38	84.62	3.598
2015-07-21 01:54:19.607	10601	10501	-64	-64	10
2015-07-21 02:30:21.306	10601	10501	-67	-67	10	22.08	83.87	3.598
2015-07-21 02:56:59.96	10601	10501	-64	-97	10	21.85	84.1	3.598
2015-07-21 03:30:02.207	10601	10501	-64	-64	10	21.64	84.37	3.598
2015-07-21 03:48:46.506	10601	10501	-64	-67	10	21.78	84.71	3.61
2015-07-21 04:36:58.623	10601	10501	-64	-67	10
2015-07-21 04:59:58.734	10601	10501	-64	-97	10	21.68	85.06	3.587
2015-07-21 05:11:32.875	10601	10501	-64	-97	10
2015-07-21 05:27:02.354	10601	10501	-64	-97	10	21.58	85.11	3.598
2015-07-21 06:02:41.006	10601	10501	-64	-97	10	21.36	85.08	3.587
2015-07-21 06:41:10.542	10601	10501	-64	-97	10
2015-07-21 07:05:48.622	10601	10501	-64	-97	10	21.22	85.18	3.587
2015-07-21 07:33:09.867	10601	10501	-64	-97	10	21.32	85.27	3.587
2015-07-21 08:28:49.566	10601	10501	-64	-97	10
2015-07-21 08:45:24.042	10601	10501	-64	-97	10
2015-07-21 09:00:13.142	10601	10501	-64	-64	10	22.4	85.38	3.587
2015-07-21 09:30:18.454	10601	10501	-64	-97	10	22.84	85.32	3.633
2015-07-21 09:53:13.018	10601	10501	-61	-97	10	23.29	85.33	3.587
2015-07-21 10:19:29.574	10601	10501	-64	-64	10	24.01	85.24	3.587
2015-07-21 10:49:27.59	10601	10501	-61	-97	10	24.9	85.06	3.587
2015-07-21 10:49:36.862	10601	10501	-61	-97	10
2015-07-21 11:20:18.966	10601	10501	-64	-64	10	25.49	85.22	3.587
2015-07-21 11:45:58.062	10601	10501	-64	-64	10
2015-07-21 13:06:07.13	10601	10501	-61	-64	10	28.77	84.78	3.575
2015-07-21 13:57:29.963	10601	10501	-64	-97	10	28.44	84.47	3.575
2015-07-21 14:36:06.866	10601	10501	-64	-64	10	26.01	82.82	3.575
2015-07-21 14:58:03.378	10601	10501	-64	-97	10
2015-07-21 15:03:11.07	10601	10501	-64	-64	10
2015-07-21 15:06:24.967	10601	10501	-64	-97	10	24.52	81.2	3.587
2015-07-21 15:16:45.363	10601	10501	-64	-97	10	24.11	81.39	3.61
2015-07-21 15:57:20.811	10601	10501	-64	-64	10	23.35	83.01	3.575
2015-07-21 16:25:41.723	10601	10501	-64	-97	10	24.26	84.54	3.587
2015-07-21 17:02:14.574	10601	10501	-64	-64	10
2015-07-21 17:05:55.114	10601	10501	-64	-64	10	26.3	84.07	3.575
2015-07-21 17:18:40.854	10601	10501	-64	-97	10	26.05	84.61	3.598
2015-07-21 17:53:27.858	10601	10501	-64	-64	10	25.8	85.01	3.575
2015-07-21 18:53:06.706	10601	10501	-64	-64	10	25.66	84.37	3.587
2015-07-21 19:06:26.818	10601	10501	-64	-97	10
2015-07-21 19:34:21.658	10601	10501	-64	-64	10	24.83	83.72	3.575
2015-07-21 19:54:57.415	10601	10501	-64	-97	10	24.34	83.28	3.587
2015-07-21 20:52:46.058	10601	10501	-64	-64	10	22.5	82.13	3.598
2015-07-21 21:10:39.514	10601	10501	-64	-67	10
2015-07-21 21:37:37.754	10601	10501	-64	-64	10
2015-07-21 21:47:17.598	10601	10501	-64	-97	10	20.68	81.71	3.598
2015-07-21 22:23:01.474	10601	10501	-64	-64	10	19.53	81.91	3.575
2015-07-21 22:59:58.442	10601	10501	-64	-97	10	18.72	82.44	3.575
2015-07-21 23:14:52.89	10601	10501	-64	-97	10
2015-07-21 23:22:27.343	10601	10501	-64	-97	10	18.25	82.64	3.587
2015-07-21 23:57:22.062	10601	10501	-64	-64	10	17.43	82.68	3.587
2015-07-22 00:20:21.003	10601	10501	-67	-64	10	17.03	82.88	3.587
2015-07-22 00:54:50.434	10601	10501	-64	-97	10
2015-07-22 00:59:43.563	10601	10501	-64	-97	10	16.36	83.18	3.575
2015-07-22 01:19:05.507	10601	10501	-64	-64	10
2015-07-22 01:33:29.895	10601	10501	-64	-64	10	15.93	83.5	3.587
2015-07-22 01:59:12.462	10601	10501	-64	-97	10	15.64	83.75	3.587
2015-07-22 02:16:32.707	10601	10501	-64	-64	10	15.5	83.94	3.598
2015-07-22 03:04:53.366	10601	10501	-64	-64	10	15.04	84.22	3.575
2015-07-22 03:23:17.77	10601	10501	-64	-97	10
2015-07-22 03:26:33.235	10601	10501	-64	-97	10	14.86	84.42	3.587
2015-07-22 03:53:12.27	10601	10501	-64	-64	10	14.68	84.55	3.587
2015-07-22 04:12:02.798	10601	10501	-64	-64	10
2015-07-22 04:27:13.846	10601	10501	-64	-97	10	14.38	84.6	3.575
2015-07-22 04:53:17.419	10601	10501	-64	-64	10	14.5	84.89	3.587
2015-07-22 05:23:21.314	10601	10501	-64	-64	10	14.28	84.91	3.575
2015-07-22 05:27:31.246	10601	10501	-64	-97	10
2015-07-22 05:53:42.95	10601	10501	-64	-67	10	14.2	85.01	3.575
2015-07-22 06:21:13.975	10601	10501	-64	-97	10	14.25	85.17	3.587
2015-07-22 06:54:33.199	10601	10501	-64	-64	10	14.15	85.27	3.575
2015-07-22 07:23:23.451	10601	10501	-64	-64	10	14.47	85.34	3.575
2015-07-22 07:29:15.923	10601	10501	-64	-97	10
2015-07-22 07:31:43.887	10601	10501	-64	-97	10
2015-07-22 07:57:59.447	10601	10501	-64	-67	10	15.25	85.26	3.575
2015-07-22 08:20:59.074	10601	10501	-64	-64	10	16.02	84.93	3.575
2015-07-22 09:33:57.634	10601	10501	-64	-64	10	18.25	84.47	3.553
2015-07-22 09:35:56.555	10601	10501	-64	-97	10
2015-07-22 09:58:12.607	10601	10501	-64	-97	10	19.07	84.36	3.575
2015-07-22 10:28:57.078	10601	10501	-64	-97	10	20.07	84.39	3.564
2015-07-22 10:46:32.866	10601	10501	-64	-64	10
2015-07-22 10:47:48.871	10601	10501	-64	-97	10	20.9	84.33	3.575
2015-07-22 11:40:11.099	10601	10501	-64	-64	10
2015-07-22 12:00:38.438	10601	10501	-64	-97	10	23.29	84.5	3.564
2015-07-22 13:16:53.422	10601	10501	-64	-67	10	24.51	85.1	3.575
2015-07-22 13:44:34.307	10601	10501	-64	-64	10
2015-07-22 14:15:53.005	10601	10501	-97	-67	10	25.16	85.5	3.553
2015-07-22 15:15:21.011	10601	10501	-64	-67	10	25.51	85.58	3.564
2015-07-22 15:48:34.547	10601	10501	-64	-97	10
2015-07-22 18:32:43.902	10601	10501	-64	-67	10	25.02	84.45	3.553
2015-07-22 20:38:08.486	10601	10501	-67	-97	10
2015-07-22 21:28:36.798	10601	10501	-64	-67	10	20.17	82.71	3.553
2015-07-22 21:53:43.702	10601	10501	-64	-97	10	19.68	82.93	3.564
2015-07-22 22:01:12.786	10601	10501	-64	-97	10
2015-07-22 22:24:09.715	10601	10501	-64	-67	10	19.02	83.11	3.553
2015-07-22 23:02:12.586	10601	10501	-64	-97	10	18.32	83.25	3.553
2015-07-22 23:27:56.462	10601	10501	-64	-67	10	17.9	83.33	3.564
2015-07-22 23:48:10.774	10601	10501	-67	-97	10	17.52	83.37	3.564
2015-07-22 23:55:20.582	10601	10501	-67	-97	10
2015-07-23 00:05:25.642	10601	10501	-67	-97	10
2015-07-23 00:24:30.526	10601	10501	-67	-97	10	16.93	83.63	3.553
2015-07-23 01:03:11.21	10601	10501	-67	-67	10	16.61	84.19	3.553
2015-07-23 01:20:37.163	10601	10501	-64	-97	10	16.47	84.28	3.575
2015-07-23 01:46:49.582	10601	10501	-64	-97	10	16.29	84.44	3.564
2015-07-23 02:09:38.875	10601	10501	-64	-97	10
2015-07-23 02:34:40.53	10601	10501	-64	-64	10	16.13	84.81	3.542
2015-07-23 02:50:08.163	10601	10501	-64	-97	10	16.11	84.88	3.575
2015-07-23 03:12:34.174	10601	10501	-64	-64	10
2015-07-23 03:30:22.326	10601	10501	-64	-97	10	15.82	84.88	3.553
2015-07-23 03:49:09.086	10601	10501	-64	-64	10	15.6	84.83	3.564
2015-07-23 04:13:51.554	10601	10501	-64	-67	10
2015-07-23 04:24:02.446	10601	10501	-64	-97	10	15.24	84.75	3.553
2015-07-23 05:00:25.519	10601	10501	-64	-67	10	15.0	84.81	3.542
2015-07-23 05:16:44.746	10601	10501	-64	-64	10	14.88	84.83	3.564
2015-07-23 06:05:42.007	10601	10501	-64	-64	10	14.68	85.05	3.542
2015-07-23 06:18:03.654	10601	10501	-64	-67	10
2015-07-23 06:20:49.19	10601	10501	-64	-97	10	14.63	85.11	3.564
2015-07-23 06:29:46.479	10601	10501	-64	-97	10
2015-07-23 06:52:35.47	10601	10501	-67	-67	10	14.79	85.32	3.553
2015-07-23 07:14:49.779	10601	10501	-64	-97	10	14.99	85.36	3.553
2015-07-23 07:45:39.927	10601	10501	-64	-67	10	15.29	85.46	3.542
2015-07-23 08:22:06.731	10601	10501	-64	-64	10	16.39	85.07	3.542
2015-07-23 08:22:16.546	10601	10501	-64	-97	10
2015-07-23 08:59:42.602	10601	10501	-64	-67	10	17.68	84.66	3.531
2015-07-23 09:20:57.475	10601	10501	-64	-97	10	18.36	84.55	3.553
2015-07-23 09:47:00.466	10601	10501	-64	-64	10
2015-07-23 09:50:21.162	10601	10501	-67	-97	10	19.4	84.44	3.542
2015-07-23 10:25:31.946	10601	10501	-64	-64	10	20.7	84.41	3.531
2015-07-23 10:26:29.514	10601	10501	-64	-97	10
2015-07-23 10:53:02.13	10601	10501	-64	-67	10	21.88	84.2	3.542
2015-07-23 11:23:35.714	10601	10501	-64	-67	10	23.04	84.39	3.531
2015-07-23 11:53:25.078	10601	10501	-64	-97	10	23.46	84.86	3.531
2015-07-23 12:28:07.279	10601	10501	-64	-97	10	25.3	84.13	3.531
2015-07-23 12:30:41.938	10601	10501	-64	-97	10
2015-07-23 12:48:55.363	10601	10501	-67	-97	10	25.69	84.45	3.531
2015-07-23 13:04:25.211	10601	10501	-64	-97	10
2015-07-23 13:48:43.763	10601	10501	-64	-64	10	26.74	84.84	3.542
2015-07-23 14:29:35.575	10601	10501	-64	-64	10	27.15	85.24	3.531
2015-07-23 14:47:38.751	10601	10501	-64	-64	10	27.58	85.13	3.542
2015-07-23 16:06:30.994	10601	10501	-64	-64	10	28.61	85.21	3.531
2015-07-23 16:39:08.311	10601	10501	-64	-97	10
2015-07-23 18:52:08.702	10601	10501	-64	-97	10	27.29	82.97	3.531
2015-07-23 20:47:34.206	10601	10501	-67	-64	10
2015-07-23 21:31:03.363	10601	10501	-64	-64	10	21.71	81.52	3.531
2015-07-23 22:18:49.362	10601	10501	-64	-97	10	20.45	82.14	3.542
2015-07-23 22:51:46.162	10601	10501	-64	-64	10
2015-07-23 22:58:37.67	10601	10501	-64	-97	10	19.61	82.39	3.531
2015-07-23 23:19:53.074	10601	10501	-67	-97	10	19.13	82.43	3.553
2015-07-23 23:45:52.323	10601	10501	-67	-97	10	18.52	82.49	3.542
2015-07-24 00:30:13.423	10601	10501	-64	-97	10	17.68	82.86	3.531
2015-07-24 00:55:58.998	10601	10501	-67	-67	10
2015-07-24 00:57:27.654	10601	10501	-67	-97	10	17.33	83.28	3.542
2015-07-24 01:30:53.779	10601	10501	-67	-97	10	16.64	82.94	3.531
2015-07-24 01:48:05.606	10601	10501	-64	-64	10	16.32	83.05	3.553
2015-07-24 02:13:05.118	10601	10501	-64	-97	10
2015-07-24 02:30:54.679	10601	10501	-64	-97	10	15.67	83.29	3.531
2015-07-24 02:54:06.422	10601	10501	-64	-67	10	15.25	83.37	3.542
2015-07-24 03:00:12.042	10601	10501	-67	-97	10
2015-07-24 03:36:12.054	10601	10501	-64	-67	10	14.72	83.61	3.531
2015-07-24 03:57:00.218	10601	10501	-64	-97	10	14.43	83.69	3.542
2015-07-24 04:23:26.168	10601	10501	-64	-97	10	14.22	84.03	3.542
2015-07-24 04:53:55.162	10601	10501	-67	-97	10	14.11	84.42	3.531
2015-07-24 05:04:24.051	10601	10501	-64	-67	10
2015-07-24 05:26:23.378	10601	10501	-64	-97	10	13.83	84.45	3.531
2015-07-24 05:30:18.042	10601	10501	-64	-97	10
2015-07-24 05:57:29.852	10601	10501	-64	-67	10	13.67	84.58	3.531
2015-07-24 06:18:13.62	10601	10501	-67	-64	10	13.47	84.63	3.542
2015-07-24 06:52:37.03	10601	10501	-64	-64	10	13.47	84.91	3.531
2015-07-24 07:35:55.734	10601	10501	-64	-97	10	13.95	85.12	3.52
2015-07-24 07:44:40.402	10601	10501	-67	-67	10	14.1	85.11	3.542
2015-07-24 08:34:18.762	10601	10501	-64	-97	10	15.7	84.42	3.509
2015-07-24 08:47:31.267	10601	10501	-67	-67	10
2015-07-24 09:06:00.734	10601	10501	-67	-67	10	17.11	83.91	3.52
2015-07-24 09:12:50.131	10601	10501	-67	-97	10
2015-07-24 09:33:59.635	10601	10501	-67	-97	10	18.28	83.81	3.52
2015-07-24 09:49:29.078	10601	10501	-67	-67	10	19.04	83.76	3.531
2015-07-24 10:33:52.631	10601	10501	-67	-97	10	21.11	83.78	3.509
2015-07-24 10:44:33.791	10601	10501	-64	-67	10	21.77	83.72	3.531
2015-07-24 11:55:27.342	10601	10501	-67	-67	10	24.55	84.1	3.509
2015-07-24 12:50:48.939	10601	10501	-64	-67	10	26.96	84.22	3.498
2015-07-24 13:21:28.263	10601	10501	-64	-97	10	27.66	84.4	3.498
2015-07-24 13:57:08.446	10601	10501	-64	-64	10	28.36	84.53	3.542
2015-07-24 14:59:33.994	10601	10501	-64	-64	10	29.26	84.84	3.498
2015-07-24 15:25:29.99	10601	10501	-64	-97	10
2015-07-24 15:48:55.439	10601	10501	-64	-97	10	29.85	85.02	3.509
2015-07-24 17:31:43.136	10601	10501	-64	-64	10	31.27	85.23	3.531
2015-07-24 17:57:32.275	10601	10501	-64	-97	10	30.77	85.2	3.531
2015-07-24 18:33:13.927	10601	10501	-64	-97	10	29.68	84.8	3.531
2015-07-24 18:39:09.494	10601	10501	-64	-97	10
2015-07-24 19:54:58.507	10601	10501	-64	-97	10	26.8	83.82	3.52
2015-07-24 20:28:37.655	10601	10501	-67	-67	10	25.52	83.34	3.52
2015-07-24 21:01:40.662	10601	10501	-64	-67	10	24.35	82.41	3.52
2015-07-24 21:21:17.998	10601	10501	-67	-97	10	23.68	82.23	3.531
2015-07-24 21:38:06.214	10601	10501	-67	-67	10
2015-07-24 21:44:23.058	10601	10501	-64	-97	10	23.02	82.37	3.531
2015-07-24 21:56:23.382	10601	10501	-67	-67	10
2015-07-24 22:28:39.243	10601	10501	-64	-97	10	22.02	82.77	3.509
2015-07-24 22:57:26.379	10601	10501	-67	-97	10	21.47	83.0	3.52
2015-07-24 23:25:50.326	10601	10501	-67	-67	10	20.94	83.14	3.52
2015-07-24 23:42:18.382	10601	10501	-67	-67	10
2015-07-25 00:18:17.335	10601	10501	-67	-67	10	20.14	83.36	3.531
2015-07-25 01:13:36.318	10601	10501	-67	-67	10
2015-07-25 01:48:41.214	10601	10501	-67	-67	10	19.04	83.81	3.509
2015-07-25 03:04:46.206	10601	10501	-67	-67	10	18.36	84.25	3.509
2015-07-25 03:50:44.874	10601	10501	-67	-67	10
2015-07-25 04:30:49.222	10601	10501	-67	-67	10
2015-07-25 04:46:51.034	10601	10501	-67	-97	10	16.95	83.95	3.509
2015-07-25 06:01:31.534	10601	10501	-67	-97	10	16.25	84.28	3.487
2015-07-25 06:44:47.131	10601	10501	-67	-67	10	15.97	84.51	3.509
2015-07-25 07:31:55.783	10601	10501	-67	-67	10	16.03	84.93	3.487
2015-07-25 07:57:08.427	10601	10501	-67	-97	10	16.54	85.0	3.487
2015-07-25 08:29:48.643	10601	10501	-67	-67	10	17.78	84.39	3.487
2015-07-25 09:23:55.995	10601	10501	-67	-67	10	20.0	83.75	3.487
2015-07-25 10:47:49.495	10601	10501	-70	-70	10	23.79	83.49	3.487
2015-07-25 12:06:01.219	10601	10501	-70	-70	10	27.47	83.51	3.455
2015-07-25 12:32:32.983	10601	10501	-70	-97	10	28.82	83.7	3.465
2015-07-25 13:32:32.578	10601	10501	-70	-67	10	29.68	84.38	3.465
2015-07-25 14:11:49.286	10601	10501	-70	-70	10
2015-07-25 14:30:24.706	10601	10501	-70	-70	10	30.74	84.59	3.465
2015-07-25 14:49:59.543	10601	10501	-67	-97	10	31.02	84.57	3.465
2015-07-25 15:56:39.795	10601	10501	-67	-67	10	32.05	84.67	3.465
2015-07-25 16:16:03.203	10601	10501	-67	-97	10
2015-07-25 16:55:24.934	10601	10501	-67	-67	10	33.33	84.69	3.476
2015-07-25 17:28:57.126	10601	10501	-67	-67	10	33.77	84.84	3.476
2015-07-25 17:59:36.434	10601	10501	-70	-97	10	32.96	84.76	3.476
2015-07-25 18:20:13.966	10601	10501	-67	-67	10
2015-07-25 19:06:12.25	10601	10501	-70	-67	10	30.69	82.89	3.476
2015-07-25 19:28:14.23	10601	10501	-70	-97	10	29.94	82.73	3.476
2015-07-25 19:48:52.722	10601	10501	-70	-70	10	29.3	82.38	3.476
2015-07-25 20:16:53.026	10601	10501	-70	-97	10	27.88	81.28	3.465
2015-07-25 20:24:26.483	10601	10501	-70	-97	10
2015-07-25 20:56:56.019	10601	10501	-70	-70	10
2015-07-25 21:05:54.778	10601	10501	-70	-70	10	25.94	81.42	3.455
2015-07-25 21:15:52.962	10601	10501	-70	-97	10	25.65	81.57	3.476
2015-07-25 22:05:54.002	10601	10501	-70	-70	10	24.27	82.03	3.444
2015-07-25 22:16:52.53	10601	10501	-70	-97	10	24.01	81.94	3.465
2015-07-25 22:28:39.631	10601	10501	-70	-97	10
2015-07-25 23:02:18.455	10601	10501	-70	-97	10	23.27	82.99	3.434
2015-07-25 23:27:55.322	10601	10501	-70	-97	10	22.97	83.28	3.434
2015-07-25 23:49:42.77	10601	10501	-70	-70	10	22.69	83.32	3.434
2015-07-26 00:14:06.49	10601	10501	-70	-70	10
2015-07-26 00:27:57.539	10601	10501	-70	-97	10	21.92	82.77	3.423
2015-07-26 00:32:52.355	10601	10501	-70	-97	10
2015-07-26 01:04:20.41	10601	10501	-70	-70	10	21.7	83.76	3.413
2015-07-26 01:36:09.231	10601	10501	-70	-97	10	21.9	84.31	3.403
2015-07-26 01:56:56.219	10601	10501	-70	-97	10	21.82	84.36	3.413
2015-07-26 02:26:45.095	10601	10501	-70	-70	10	21.46	84.26	3.403
2015-07-26 02:37:04.75	10601	10501	-70	-70	10
2015-07-26 03:04:41.183	10601	10501	-70	-97	10	21.01	84.01	3.382
2015-07-26 03:29:51.003	10601	10501	-70	-70	10	20.83	84.12	3.382
2015-07-26 03:31:20.526	10601	10501	-70	-97	10
2015-07-26 03:44:44.335	10601	10501	-70	-97	10	20.72	84.14	3.382
2015-07-26 04:35:22.195	10601	10501	-70	-70	10	20.38	84.24	3.342
2015-07-26 04:41:17.22	10601	10501	-70	-97	10
2015-07-26 04:47:10.218	10601	10501	-70	-97	10	20.32	84.25	3.362
2015-07-26 05:32:47.763	10601	10501	-70	-70	10	20.08	84.42	3.293
2015-07-26 05:47:49.075	10601	10501	-70	-97	10	20.22	84.58	3.293
2015-07-26 06:25:33.591	10601	10501	-70	-70	10	20.1	84.6	3.146
2015-07-26 06:45:29.822	10601	10501	-70	-70	10
2015-07-26 06:48:32.766	10601	10501	-70	-97	10
2015-07-26 06:55:37.09	10601	10501	-70	-97	10	19.6	83.94	2.554
2015-07-26 07:28:39.954	10601	10501	-70	-70	10	19.7	84.08	2.492
2015-07-26 07:57:46.578	10601	10501	-70	-97	10	20.04	84.14	2.464
2015-07-26 08:22:08.003	10601	10501	-70	-70	10	20.5	84.04	2.448
2015-07-26 08:45:44.119	10601	10501	-70	-70	10	21.11	83.81	2.438
2015-07-26 08:49:43.386	10601	10501	-70	-97	10
2015-07-26 09:15:47.847	10601	10501	-70	-97	10	22.22	83.32	2.411
2015-07-26 09:53:13.174	10601	10501	-70	-70	10	23.47	83.17	2.432
2015-07-26 10:05:57.231	10601	10501	-70	-70	10
2015-07-26 10:14:51.198	10601	10501	-70	-97	10	24.24	83.1	2.432
2015-07-26 10:53:56.458	10601	10501	-70	-97	10
2015-07-26 11:05:43.054	10601	10501	-70	-70	10	26.19	83.02	2.438
2015-07-26 11:34:28.771	10601	10501	-70	-97	10	27.13	83.15	2.438
2015-07-26 11:50:55.462	10601	10501	-70	-97	10	27.63	83.2	2.443
2015-07-26 12:51:39.451	10601	10501	-67	-70	10	29.63	83.4	2.438
2015-07-26 13:23:10.719	10601	10501	-67	-67	10
2015-07-26 14:32:49.394	10601	10501	-67	-67	10	30.24	83.96	2.438
2015-07-26 15:27:32.926	10601	10501	-67	-67	10	29.41	84.09	2.432
2015-07-26 15:58:58.338	10601	10501	-67	-67	10	28.3	84.05	2.432
2015-07-26 18:01:18.694	10601	10501	-70	-67	10	28.19	83.95	2.427
2015-07-26 19:10:47.022	10601	10501	-70	-70	10
2015-07-26 19:57:25.69	10601	10501	-70	-70	10
2015-07-26 21:19:28.91	10601	10501	-70	-70	10	23.86	82.53	2.422
2015-07-26 22:46:26.93	10601	10501	-70	-70	10	22.52	82.93	2.422
2015-07-26 23:19:12.654	10601	10501	-70	-70	10
2015-07-26 23:49:18.91	10601	10501	-70	-70	10	21.85	83.21	2.422
2015-07-27 00:32:01.494	10601	10501	-70	-70	10	21.38	83.28	2.417
2015-07-27 01:17:59.158	10601	10501	-70	-70	10	21.06	83.49	2.417
2015-07-27 10:48:30.079	10601	10501	-70	-70	10	23.99	83.41	2.406
2015-07-27 12:23:38.982	10601	10501	-70	-70	10
2015-07-27 12:34:06.331	10601	10501	-67	-97	10	28.41	83.09	2.411
2015-07-27 12:49:04.57	10601	10501	-67	-97	10	28.49	83.42	2.411
2015-07-27 13:19:47.794	10601	10501	-67	-97	10	28.33	83.77	2.411
2015-07-27 13:46:20.966	10601	10501	-67	-97	10	28.36	84.01	2.411
2015-07-27 13:48:42.028	10601	10501	-67	-97	10
2015-07-27 14:34:19.386	10601	10501	-67	-67	10	29.63	83.77	2.411
2015-07-27 14:59:57.622	10601	10501	-67	-70	10	29.54	83.78	2.411
2015-07-27 15:26:10.266	10601	10501	-67	-67	10	29.74	83.93	2.427
2015-07-27 15:40:42.642	10601	10501	-67	-97	10
2015-07-27 15:49:15.402	10601	10501	-67	-97	10	30.26	84.01	2.427
2015-07-27 15:52:54.762	10601	10501	-67	-97	10
2015-07-27 16:22:39.026	10601	10501	-67	-97	10	31.25	83.76	2.427
2015-07-27 16:45:56.442	10601	10501	-67	-67	10	32.04	83.74	2.432
2015-07-27 17:30:49.046	10601	10501	-67	-67	10	32.91	83.64	2.432
2015-07-27 17:49:21.466	10601	10501	-67	-97	10	32.43	81.82	2.432
2015-07-27 17:57:06.694	10601	10501	-67	-97	10
2015-07-27 18:18:29.779	10601	10501	-67	-67	10	31.19	81.51	2.427
2015-07-27 18:57:55.947	10601	10501	-67	-70	10
2015-07-27 18:59:14.238	10601	10501	-67	-97	10	29.82	81.16	2.427
2015-07-27 19:16:51.899	10601	10501	-70	-97	10	29.27	80.72	2.432
2015-07-27 19:55:20.978	10601	10501	-67	-67	10	27.88	79.41	2.422
2015-07-27 20:01:19.55	10601	10501	-67	-97	10
2015-07-27 20:18:11.31	10601	10501	-70	-97	10	27.02	79.1	2.422
2015-07-27 21:04:24.826	10601	10501	-70	-70	10	25.24	78.79	2.411
2015-07-27 21:34:15.278	10601	10501	-70	-70	10	24.32	79.07	2.406
2015-07-27 21:48:44.734	10601	10501	-70	-97	10	23.94	79.15	2.422
2015-07-27 22:05:32.423	10601	10501	-70	-67	10
2015-07-27 22:15:09.826	10601	10501	-70	-97	10
2015-07-27 22:35:25.195	10601	10501	-70	-97	10	22.9	79.86	2.411
2015-07-27 23:02:02.611	10601	10501	-70	-97	10	22.52	80.14	2.411
2015-07-27 23:27:42.371	10601	10501	-70	-70	10	22.22	80.42	2.411
2015-07-27 23:56:08.572	10601	10501	-70	-70	10	21.83	80.54	2.406
2015-07-28 00:09:44.902	10601	10501	-70	-97	10
2015-07-28 00:17:22.102	10601	10501	-70	-97	10	21.65	80.73	2.406
2015-07-28 01:01:48.211	10601	10501	-70	-97	10	21.18	80.89	2.401
2015-07-28 01:17:03.83	10601	10501	-70	-97	10	21.08	80.97	2.406
2015-07-28 01:32:22.738	10601	10501	-70	-70	10
2015-07-28 01:45:44.219	10601	10501	-70	-97	10	20.9	81.17	2.401
2015-07-28 02:13:57.898	10601	10501	-70	-70	10
2015-07-28 02:26:24.563	10601	10501	-70	-97	10	20.57	81.2	2.396
2015-07-28 03:01:08.01	10601	10501	-70	-70	10	20.29	81.26	2.396
2015-07-28 03:18:32.467	10601	10501	-70	-97	10	20.22	81.32	2.396
2015-07-28 03:50:34.195	10601	10501	-70	-67	10	20.04	81.42	2.396
2015-07-28 04:18:13.582	10601	10501	-70	-97	10
2015-07-28 04:32:43.256	10601	10501	-70	-70	10	19.82	81.47	2.417
2015-07-28 04:48:56.115	10601	10501	-70	-97	10	19.81	81.54	2.417
2015-07-28 04:49:39.799	10601	10501	-70	-97	10
2015-07-28 05:33:20.026	10601	10501	-70	-97	10	19.57	81.59	2.411
2015-07-28 05:53:16.588	10601	10501	-70	-97	10	19.47	81.6	2.417
2015-07-28 06:19:15.286	10601	10501	-70	-97	10	19.46	81.69	2.411
2015-07-28 06:22:24.22	10601	10501	-70	-97	10
2015-07-28 06:53:02.08	10601	10501	-70	-97	10	19.33	81.74	2.411
2015-07-28 07:17:10.17	10601	10501	-70	-70	10	19.39	81.81	2.411
2015-07-28 08:26:36.386	10601	10501	-70	-70	10
2015-07-28 08:30:25.123	10601	10501	-70	-97	10	20.46	81.68	2.406
2015-07-28 09:06:03.09	10601	10501	-70	-70	10	21.4	81.38	2.411
2015-07-28 09:33:20.83	10601	10501	-70	-97	10	22.34	81.04	2.411
2015-07-28 09:46:42.175	10601	10501	-67	-97	10	22.82	80.96	2.417
2015-07-28 10:27:39.706	10601	10501	-70	-70	10	24.52	80.54	2.411
2015-07-28 10:30:49.23	10601	10501	-67	-97	10
2015-07-28 10:45:53.662	10601	10501	-70	-97	10	25.32	80.45	2.411
2015-07-28 11:24:01.319	10601	10501	-67	-67	10
2015-07-28 11:32:48.21	10601	10501	-70	-97	10	27.22	80.45	2.417
2015-07-28 11:50:32.046	10601	10501	-70	-97	10	28.02	80.22	2.417
2015-07-28 12:33:58.271	10601	10501	-67	-70	10	30.19	80.48	2.417
2015-07-28 12:35:02.042	10601	10501	-67	-97	10
2015-07-28 12:46:01.235	10601	10501	-67	-67	10	30.54	80.53	2.422
2015-07-28 13:15:43.823	10601	10501	-67	-97	10	31.16	80.69	2.417
2015-07-28 13:55:09.623	10601	10501	-70	-97	10	31.41	80.99	2.411
2015-07-28 14:33:29.819	10601	10501	-67	-97	10	32.02	81.09	2.432
2015-07-28 14:39:15.059	10601	10501	-67	-97	10
2015-07-28 14:41:14.651	10601	10501	-67	-97	10
2015-07-28 14:53:22.831	10601	10501	-67	-67	10	31.44	81.23	2.432
2015-07-28 15:31:11.634	10601	10501	-67	-97	10	31.35	81.38	2.432
2015-07-28 15:52:07.71	10601	10501	-67	-97	10	31.91	81.33	2.438
2015-07-28 16:25:26.514	10601	10501	-67	-67	10	31.8	81.31	2.432
2015-07-28 16:43:27.179	10601	10501	-67	-67	10
2015-07-28 16:57:09.042	10601	10501	-67	-67	10	32.22	80.77	2.432
2015-07-28 17:35:36.243	10601	10501	-67	-70	10	32.6	77.35	2.438
2015-07-28 17:58:27.635	10601	10501	-67	-67	10
2015-07-28 17:58:37.074	10601	10501	-67	-97	10	31.86	77.26	2.438
2015-07-28 18:33:38.931	10601	10501	-67	-67	10	30.8	76.91	2.417
2015-07-28 18:47:16.53	10601	10501	-67	-67	10	30.38	76.41	2.438
2015-07-28 18:47:40.746	10601	10501	-67	-97	10
2015-07-28 19:24:51.499	10601	10501	-70	-70	10	29.27	75.47	2.432
2015-07-28 19:54:50.059	10601	10501	-67	-70	10	28.27	75.3	2.432
2015-07-28 20:34:31.135	10601	10501	-70	-70	10	26.86	75.11	2.417
2015-07-28 20:51:52.906	10601	10501	-70	-70	10
2015-07-28 20:59:06.675	10601	10501	-70	-97	10	26.13	75.13	2.417
2015-07-28 21:15:29.914	10601	10501	-70	-67	10	25.49	74.65	2.411
2015-07-28 21:15:40.77	10601	10501	-70	-97	10
2015-07-28 22:00:20.075	10601	10501	-70	-97	10	24.55	75.73	2.406
2015-07-28 22:24:31.311	10601	10501	-70	-67	10	24.17	75.9	2.411
2015-07-28 22:56:05.95	10601	10501	-70	-70	10
2015-07-28 22:57:49.158	10601	10501	-70	-97	10	23.83	76.32	2.411
2015-07-28 23:29:42.922	10601	10501	-70	-97	10	23.61	76.57	2.411
2015-07-28 23:55:57.699	10601	10501	-70	-97	10	23.22	76.52	2.411
2015-07-29 00:32:52.81	10601	10501	-70	-97	10
2015-07-29 00:32:59.215	10601	10501	-70	-97	10	22.74	76.53	2.406
2015-07-29 00:50:58.727	10601	10501	-70	-70	10	22.54	76.55	2.406
2015-07-29 01:00:18.851	10601	10501	-70	-97	10
2015-07-29 01:23:06.738	10601	10501	-70	-70	10	22.18	76.66	2.406
2015-07-29 01:49:31.438	10601	10501	-70	-70	10	21.82	76.56	2.401
2015-07-29 02:31:52.915	10601	10501	-70	-70	10	21.43	76.8	2.401
2015-07-29 03:00:53.107	10601	10501	-97	-70	10	21.22	76.92	2.401
2015-07-29 03:04:31.487	10601	10501	-70	-97	10
2015-07-29 03:16:05.678	10601	10501	-70	-97	10	21.08	76.89	2.406
2015-07-29 03:50:05.742	10601	10501	-70	-70	10
2015-07-29 03:57:33.218	10601	10501	-70	-97	10	20.72	77.0	2.396
2015-07-29 04:16:52.374	10601	10501	-70	-70	10	20.52	77.04	2.401
2015-07-29 04:45:51.97	10601	10501	-70	-70	10	20.29	77.07	2.401
2015-07-29 05:08:43.771	10601	10501	-70	-97	10
2015-07-29 05:16:09.682	10601	10501	-70	-97	10	20.07	77.21	2.396
2015-07-29 05:45:35.946	10601	10501	-70	-70	10	19.99	77.35	2.401
2015-07-29 06:14:53.335	10601	10501	-70	-70	10	19.65	77.23	2.396
2015-07-29 07:05:40.322	10601	10501	-70	-70	10	19.5	77.49	2.346
2015-07-29 07:07:19.451	10601	10501	-70	-97	10
2015-07-29 07:12:57.115	10601	10501	-70	-70	10
2015-07-29 07:24:55.304	10601	10501	-70	-97	10	19.57	77.61	2.401
2015-07-29 07:52:59.687	10601	10501	-70	-70	10	19.89	77.68	2.396
2015-07-29 08:28:24.298	10601	10501	-70	-70	10	20.6	77.53	2.396
2015-07-29 09:03:56.886	10601	10501	-70	-97	10	21.68	77.17	2.396
2015-07-29 09:17:09.87	10601	10501	-70	-70	10
2015-07-29 09:22:20.334	10601	10501	-70	-97	10	22.34	76.82	2.401
2015-07-29 09:46:19.198	10601	10501	-70	-97	10	23.34	76.49	2.401
2015-07-29 10:24:32.11	10601	10501	-70	-70	10
2015-07-29 10:28:54.511	10601	10501	-67	-67	10	25.22	76.21	2.396
2015-07-29 10:58:04.947	10601	10501	-70	-97	10	26.41	76.18	2.391
2015-07-29 11:21:22.65	10601	10501	-70	-97	10
2015-07-29 11:31:05.594	10601	10501	-70	-70	10	27.61	76.31	2.386
2015-07-29 11:57:33.511	10601	10501	-70	-97	10	28.83	76.11	2.381
2015-07-29 12:34:03.267	10601	10501	-70	-97	10	30.46	76.29	2.406
2015-07-29 13:02:21.35	10601	10501	-67	-67	10	30.91	76.43	2.411
2015-07-29 13:16:17.527	10601	10501	-67	-67	10	31.32	76.65	2.417
2015-07-29 13:25:35.534	10601	10501	-70	-97	10
2015-07-29 13:41:45.459	10601	10501	-67	-97	10
2015-07-29 13:48:02.591	10601	10501	-67	-97	10	31.22	76.94	2.417
2015-07-29 14:26:49.234	10601	10501	-70	-97	10	30.91	77.21	2.417
2015-07-29 15:29:48.034	10601	10501	-67	-97	10
2015-07-29 16:03:15.402	10601	10501	-67	-67	10	32.69	77.06	2.427
2015-07-29 16:33:57.202	10601	10501	-67	-67	10	33.41	76.98	2.417
2015-07-29 16:58:58.318	10601	10501	-67	-97	10
2015-07-29 17:06:08.078	10601	10501	-67	-97	10	32.72	77.15	2.417
2015-07-29 17:15:58.134	10601	10501	-67	-97	10	32.8	77.17	2.422
2015-07-29 17:34:00.442	10601	10501	-67	-67	10
2015-07-29 17:48:21.635	10601	10501	-67	-97	10	32.88	76.88	2.427
2015-07-29 18:30:02.147	10601	10501	-67	-67	10	32.05	76.83	2.427
2015-07-29 18:50:46.75	10601	10501	-67	-97	10	31.74	76.65	2.427
2015-07-29 19:15:35.75	10601	10501	-67	-67	10	31.32	76.2	2.427
2015-07-29 19:38:13.179	10601	10501	-70	-67	10
2015-07-29 19:52:16.535	10601	10501	-67	-97	10	30.26	75.3	2.427
2015-07-29 20:16:11.41	10601	10501	-70	-97	10
2015-07-29 20:35:51.126	10601	10501	-70	-70	10	28.4	74.38	2.427
2015-07-29 20:52:41.954	10601	10501	-70	-97	10	27.83	74.33	2.432
2015-07-29 21:32:31.895	10601	10501	-70	-97	10	26.61	74.7	2.427
2015-07-29 21:42:25.542	10601	10501	-70	-67	10
2015-07-29 21:46:48.058	10601	10501	-70	-97	10	26.36	74.93	2.432
2015-07-29 22:32:29.502	10601	10501	-70	-70	10	25.54	75.38	2.422
2015-07-29 22:46:32.639	10601	10501	-70	-97	10	25.32	75.44	2.427
2015-07-29 23:19:38.594	10601	10501	-70	-70	10	24.8	75.61	2.417
2015-07-29 23:33:24.208	10601	10501	-70	-70	10
2015-07-29 23:44:54.823	10601	10501	-70	-97	10	24.52	75.8	2.411
2015-07-29 23:46:38.515	10601	10501	-70	-97	10
2015-07-30 00:16:13.786	10601	10501	-70	-70	10	24.15	75.95	2.406
2015-07-30 00:52:59.826	10601	10501	-70	-97	10	23.88	76.22	2.391
2015-07-30 01:15:44.362	10601	10501	-70	-70	10	23.83	76.4	2.411
2015-07-30 01:50:25.747	10601	10501	-70	-70	10	23.69	76.56	2.401
2015-07-30 01:50:51.427	10601	10501	-70	-97	10
2015-07-30 02:19:56.699	10601	10501	-70	-70	10	23.61	76.71	2.406
2015-07-30 02:50:37.21	10601	10501	-70	-67	10
2015-07-30 02:57:16.983	10601	10501	-70	-97	10	23.58	76.83	2.406
2015-07-30 03:18:45.019	10601	10501	-70	-67	10	23.63	76.92	2.406
2015-07-30 03:52:56.339	10601	10501	-70	-70	10	23.61	77.0	2.406
2015-07-30 03:55:05.143	10601	10501	-70	-97	10
2015-07-30 04:33:00.379	10601	10501	-70	-70	10	23.68	77.1	2.406
2015-07-30 05:24:59.503	10601	10501	-70	-97	10	23.71	77.18	2.406
2015-07-30 05:59:19.007	10601	10501	-70	-97	10
2015-07-30 06:07:51.451	10601	10501	-70	-70	10
2015-07-30 06:15:35.619	10601	10501	-70	-97	10	23.54	77.23	2.406
2015-07-30 07:16:19.046	10601	10501	-70	-70	10	23.06	77.13	2.401
2015-07-30 08:02:52.586	10601	10501	-70	-70	10	22.76	77.02	2.396
2015-07-30 08:03:30.882	10601	10501	-70	-97	10
2015-07-30 08:34:25.091	10601	10501	-70	-97	10	22.77	77.05	2.351
2015-07-30 08:44:36.471	10601	10501	-70	-97	10	22.86	77.12	2.401
2015-07-30 09:25:03.782	10601	10501	-70	-67	10
2015-07-30 09:27:20.658	10601	10501	-70	-97	10	23.49	77.14	2.396
2015-07-30 09:51:36.19	10601	10501	-70	-70	10	23.88	77.08	2.401
2015-07-30 10:07:42.67	10601	10501	-70	-70	10
2015-07-30 10:27:55.658	10601	10501	-70	-97	10	24.77	76.86	2.401
2015-07-30 10:57:18.954	10601	10501	-70	-70	10	25.69	76.56	2.346
2015-07-30 11:14:30.494	10601	10501	-70	-67	10	26.24	76.5	2.401
2015-07-30 12:03:35.523	10601	10501	-67	-97	10	28.19	76.06	2.401
2015-07-30 12:11:56.298	10601	10501	-67	-70	10
2015-07-30 12:32:16.079	10601	10501	-70	-97	10	29.01	76.36	2.401
2015-07-30 12:42:16.794	10601	10501	-67	-67	10
2015-07-30 12:49:23.038	10601	10501	-67	-97	10	29.15	76.53	2.401
2015-07-30 22:33:10.871	10601	10501	-70	-97	10
2015-07-30 22:33:56.483	10601	10501	-70	-97	10
2015-07-30 22:47:04.626	10601	10501	-70	-97	10	22.47	74.8	2.406
2015-07-30 23:25:50.038	10601	10501	-70	-70	10	21.46	74.74	2.401
2015-07-30 23:46:51.586	10601	10501	-70	-70	10	21.04	75.01	2.401
2015-07-31 00:23:38.882	10601	10501	-70	-97	10	20.39	75.07	2.401
2015-07-31 00:37:12.246	10601	10501	-70	-70	10
2015-07-31 00:50:41.147	10601	10501	-70	-97	10	20.0	75.44	2.396
2015-07-31 01:29:51.815	10601	10501	-70	-97	10	19.43	75.73	2.391
2015-07-31 01:51:08.695	10601	10501	-70	-97	10
2015-07-31 01:56:30.227	10601	10501	-70	-97	10	19.06	75.73	2.386
2015-07-31 02:33:26.679	10601	10501	-70	-97	10	18.56	75.98	2.391
2015-07-31 02:41:25.006	10601	10501	-70	-70	10
2015-07-31 02:54:08.347	10601	10501	-70	-97	10	18.33	76.09	2.396
2015-07-31 03:23:56.534	10601	10501	-70	-97	10	17.99	76.18	2.391
2015-07-31 03:49:22.882	10601	10501	-70	-73	10	17.78	76.35	2.391
2015-07-31 04:36:04.467	10601	10501	-70	-70	10	17.32	76.54	2.391
2015-07-31 04:45:37.85	10601	10501	-70	-97	10
2015-07-31 04:56:42.731	10601	10501	-70	-97	10	17.22	76.63	2.391
2015-07-31 05:08:21.719	10601	10501	-70	-70	10
2015-07-31 05:30:04.874	10601	10501	-70	-70	10	16.96	76.76	2.391
2015-07-31 05:54:52.723	10601	10501	-70	-97	10	16.81	76.86	2.386
2015-07-31 06:24:28.858	10601	10501	-70	-70	10	16.6	76.94	2.391
2015-07-31 06:49:53.119	10601	10501	-70	-70	10
2015-07-31 06:59:03.539	10601	10501	-70	-97	10	16.49	77.13	2.386
2015-07-31 07:20:07.673	10601	10501	-70	-70	10	16.72	77.25	2.391
2015-07-31 07:58:27.706	10601	10501	-70	-70	10	17.46	77.2	2.351
2015-07-31 08:20:57.666	10601	10501	-70	-97	10	18.04	76.98	2.391
2015-07-31 08:25:34.198	10601	10501	-70	-97	10
2015-07-31 08:47:05.399	10601	10501	-70	-70	10	18.88	76.6	2.391
2015-07-31 08:54:03.059	10601	10501	-70	-97	10
2015-07-31 09:35:05.97	10601	10501	-70	-70	10	20.79	76.14	2.386
2015-07-31 09:56:59.791	10601	10501	-70	-97	10	21.65	76.1	2.391
2015-07-31 10:31:15.359	10601	10501	-70	-97	10	23.0	75.93	2.386
2015-07-31 10:58:16.555	10601	10501	-70	-97	10
2015-07-31 10:59:35.303	10601	10501	-70	-97	10	24.26	75.83	2.391
2015-07-31 11:13:52.642	10601	10501	-70	-70	10	24.79	75.8	2.391
2015-07-31 11:42:51.506	10601	10501	-70	-73	10
2015-07-31 11:49:32.218	10601	10501	-70	-97	10	26.1	75.84	2.386
2015-07-31 12:35:04.703	10601	10501	-70	-70	10	27.86	76.14	2.322
2015-07-31 19:01:17.686	10601	10501	-70	-97	10	27.91	76.56	2.411
2015-07-31 19:15:06.482	10601	10501	-70	-70	10
2015-07-31 20:44:16.658	10601	10501	-70	-97	10	25.15	74.25	2.417
2015-07-31 21:19:19.803	10601	10501	-70	-70	10
2015-07-31 21:34:26.207	10601	10501	-70	-70	10
2015-07-31 22:34:51.847	10601	10501	-70	-97	10	22.08	75.45	2.406
2015-07-31 23:16:20.234	10601	10501	-70	-70	10	21.75	76.01	2.406
2015-07-31 23:23:43.066	10601	10501	-70	-97	10
2015-07-31 23:58:37.555	10601	10501	-70	-70	10	21.68	76.48	2.401
2015-08-01 00:33:30.111	10601	10501	-70	-70	10	21.33	76.46	2.401
2015-08-01 00:48:10.442	10601	10501	-70	-97	10	21.04	76.27	2.406
2015-08-01 00:51:39.33	10601	10501	-70	-97	10
2015-08-01 01:15:35.323	10601	10501	-70	-70	10	21.0	76.58	2.401
2015-08-01 01:27:45.39	10601	10501	-70	-97	10
2015-08-01 01:57:06.971	10601	10501	-70	-70	10	21.47	76.94	2.401
2015-08-01 02:16:23.491	10601	10501	-70	-97	10	21.58	77.04	2.401
2015-08-01 02:51:14.699	10601	10501	-70	-70	10	21.29	77.15	2.401
2015-08-01 03:31:57.739	10601	10501	-70	-70	10
2015-08-01 03:34:05.17	10601	10501	-70	-97	10	20.43	76.55	2.401
2015-08-01 03:52:31.423	10601	10501	-70	-70	10	20.1	76.34	2.401
2015-08-01 04:08:52.903	10601	10501	-70	-70	10
2015-08-01 04:31:37.007	10601	10501	-70	-70	10	19.46	76.05	2.396
2015-08-01 05:05:11.815	10601	10501	-70	-97	10	18.85	76.01	2.396
2015-08-01 05:14:31.775	10601	10501	-70	-97	10	18.72	76.09	2.401
2015-08-01 05:36:10.894	10601	10501	-70	-70	10
2015-08-01 05:53:36.479	10601	10501	-70	-70	10	18.24	76.28	2.396
2015-08-01 06:29:26.971	10601	10501	-70	-70	10	17.68	76.25	2.391
2015-08-01 06:54:19.619	10601	10501	-70	-97	10	17.46	76.49	2.396
2015-08-01 07:20:43.094	10601	10501	-70	-70	10	17.54	76.88	2.391
2015-08-01 07:26:05.075	10601	10501	-70	-97	10
2015-08-01 07:40:23.455	10601	10501	-70	-70	10
2015-08-01 07:52:20.518	10601	10501	-70	-70	10	17.79	77.17	2.391
2015-08-01 08:24:12.923	10601	10501	-70	-70	10	18.54	77.08	2.391
2015-08-01 08:51:09.354	10601	10501	-70	-70	10	19.29	76.84	2.391
2015-08-01 09:32:25.154	10601	10501	-70	-70	10	20.57	76.6	2.391
2015-08-01 09:44:35.839	10601	10501	-70	-70	10
2015-08-01 10:05:37.048	10601	10501	-70	-70	10	21.61	76.46	2.391
2015-08-01 10:16:32.787	10601	10501	-70	-97	10	21.97	76.4	2.396
2015-08-01 10:43:35.942	10601	10501	-70	-70	10
2015-08-01 11:19:21.103	10601	10501	-70	-70	10	23.86	76.4	2.396
2015-08-01 22:26:22.363	10601	10501	-70	-70	10	20.2	75.78	2.396
2015-08-01 22:52:44.622	10601	10501	-70	-70	10	19.75	75.85	2.396
2015-08-01 23:17:26.283	10601	10501	-70	-70	10	19.39	76.01	2.396
2015-08-01 23:52:11.343	10601	10501	-70	-70	10
2015-08-01 23:52:26.386	10601	10501	-70	-97	10	18.78	76.0	2.391
2015-08-02 00:14:05.535	10601	10501	-70	-70	10
2015-08-02 00:27:56.066	10601	10501	-70	-70	10	18.46	76.38	2.391
2015-08-02 01:01:09.023	10601	10501	-70	-97	10	18.1	76.49	2.391
2015-08-02 01:14:20.078	10601	10501	-70	-70	10	18.0	76.53	2.396
2015-08-02 02:03:01.411	10601	10501	-70	-70	10	17.57	76.78	2.386
2015-08-02 02:18:18.814	10601	10501	-70	-70	10
2015-08-02 02:36:13.451	10601	10501	-70	-70	10	17.64	77.05	2.386
2015-08-02 02:49:10.854	10601	10501	-70	-97	10	17.6	77.1	2.391
2015-08-02 03:09:23.554	10601	10501	-70	-97	10
2015-08-02 03:24:19.579	10601	10501	-70	-70	10	17.32	77.12	2.386
2015-08-02 03:46:04.139	10601	10501	-70	-97	10	17.04	77.01	2.386
2015-08-02 04:22:09.071	10601	10501	-70	-70	10	16.38	76.61	2.386
2015-08-02 04:22:31.182	10601	10501	-70	-97	10
2015-08-02 04:50:28.547	10601	10501	-70	-97	10	16.0	76.64	2.386
2015-08-02 05:14:06.774	10601	10501	-70	-70	10	15.86	76.82	2.386
2015-08-02 06:04:25.554	10601	10501	-70	-97	10	15.82	77.25	2.381
2015-08-02 06:14:34.162	10601	10501	-70	-70	10	15.85	77.31	2.386
2015-08-02 06:26:36.546	10601	10501	-70	-97	10
2015-08-02 06:26:43.994	10601	10501	-70	-97	10
2015-08-02 06:46:01.311	10601	10501	-70	-70	10	16.18	77.45	2.381
2015-08-02 07:20:59.838	10601	10501	-70	-97	10	16.74	77.36	2.381
2015-08-02 07:56:45.262	10601	10501	-70	-97	10	17.29	77.32	2.381
2015-08-02 08:22:13.362	10601	10501	-70	-97	10	17.95	77.2	2.381
2015-08-02 08:30:56.95	10601	10501	-70	-70	10
2015-08-02 09:01:50.855	10601	10501	-70	-70	10	19.0	76.89	2.381
2015-08-02 09:17:46.578	10601	10501	-70	-97	10	19.5	76.83	2.386
2015-08-02 09:43:49.654	10601	10501	-70	-97	10
2015-08-02 09:48:13.206	10601	10501	-70	-70	10	20.47	76.6	2.381
2015-08-02 10:27:30.926	10601	10501	-70	-70	10	21.89	76.36	2.386
2015-08-02 10:35:09.254	10601	10501	-70	-70	10
2015-08-02 10:52:56.29	10601	10501	-70	-70	10	22.72	76.34	2.386
2015-08-02 11:33:35.57	10601	10501	-70	-70	10	24.35	75.99	2.386
2015-08-02 12:30:48.478	10601	10501	-70	-70	10	26.19	76.19	2.391
2015-08-02 12:39:21.838	10601	10501	-70	-70	10
2015-08-02 12:55:50.566	10601	10501	-70	-70	10	26.72	76.4	2.391
2015-08-02 13:01:17.071	10601	10501	-70	-97	10
2015-08-02 13:32:38.934	10601	10501	-70	-97	10	27.77	76.34	2.391
2015-08-02 13:51:07.175	10601	10501	-67	-97	10	28.4	75.91	2.396
2015-08-02 14:43:36.07	10601	10501	-70	-67	10
2015-08-02 15:18:56.926	10601	10501	-70	-70	10	29.41	76.67	2.401
2015-08-02 16:27:13.763	10601	10501	-70	-67	10	30.38	76.69	2.401
2015-08-02 16:58:40.283	10601	10501	-67	-70	10	30.29	76.92	2.386
2015-08-02 17:20:49.97	10601	10501	-67	-67	10	30.51	76.94	2.406
2015-08-02 18:00:27.042	10601	10501	-70	-67	10	30.0	77.08	2.401
2015-08-02 18:28:06.13	10601	10501	-70	-67	10	29.49	77.12	2.401
2015-08-02 18:52:01.002	10601	10501	-67	-67	10
2015-08-02 18:57:43.395	10601	10501	-70	-97	10	28.96	77.15	2.401
2015-08-02 19:19:43.538	10601	10501	-70	-70	10	28.52	77.12	2.406
2015-08-02 19:35:29.603	10601	10501	-67	-70	10
2015-08-02 19:56:53.454	10601	10501	-67	-97	10	27.63	76.97	2.401
2015-08-02 20:31:01.939	10601	10501	-67	-67	10	26.77	76.47	2.401
2015-08-02 20:56:13.882	10601	10501	-67	-70	10
2015-08-02 21:00:04.474	10601	10501	-70	-97	10	26.18	76.21	2.401
2015-08-02 21:48:05.963	10601	10501	-70	-70	10	25.4	76.2	2.401
2015-08-02 22:23:46.242	10601	10501	-70	-70	10	24.82	76.14	2.396
2015-08-02 22:46:24.555	10601	10501	-70	-97	10	24.66	76.35	2.396
2015-08-02 22:52:42.25	10601	10501	-70	-67	10
2015-08-02 23:00:25.73	10601	10501	-70	-97	10
2015-08-02 23:22:15.251	10601	10501	-70	-97	10	24.24	76.43	2.396
2015-08-02 23:55:46.151	10601	10501	-67	-70	10	23.96	76.61	2.396
2015-08-03 00:20:51.498	10601	10501	-70	-70	10	23.74	76.62	2.396
2015-08-03 01:04:18.103	10601	10501	-70	-97	10	23.36	76.68	2.391
2015-08-03 01:04:40.962	10601	10501	-67	-97	10
2015-08-03 01:16:04.178	10601	10501	-67	-70	10	23.32	76.73	2.396
2015-08-03 01:49:55.699	10601	10501	-67	-70	10	22.96	76.74	2.391
2015-08-03 03:08:52.208	10601	10501	-70	-67	10
2015-08-03 03:48:34.486	10601	10501	-70	-70	10	20.96	75.85	2.391
2015-08-03 04:25:40.855	10601	10501	-70	-97	10	20.04	75.77	2.386
2015-08-03 05:13:03.65	10601	10501	-70	-70	10
2015-08-03 05:18:45.326	10601	10501	-70	-97	10	19.78	76.57	2.386
2015-08-03 05:27:07.658	10601	10501	-70	-67	10
2015-08-03 06:05:50.73	10601	10501	-70	-97	10	19.0	76.36	2.381
2015-08-03 06:24:59.519	10601	10501	-70	-70	10	18.86	76.54	2.386
2015-08-03 06:50:52.914	10601	10501	-70	-70	10	18.7	76.69	2.386
2015-08-03 07:17:02.674	10601	10501	-70	-97	10	18.75	76.99	2.381
2015-08-03 07:17:16.734	10601	10501	-70	-70	10
2015-08-03 07:58:27.822	10601	10501	-70	-70	10	19.0	77.26	2.381
2015-08-03 08:17:15.195	10601	10501	-70	-70	10	19.32	77.27	2.381
2015-08-03 09:02:37.371	10601	10501	-70	-70	10	19.65	77.39	2.381
2015-08-03 09:21:29.826	10601	10501	-70	-70	10
2015-08-03 09:34:57.543	10601	10501	-70	-97	10	20.25	77.3	2.381
2015-08-03 10:01:23.922	10601	10501	-70	-97	10	20.85	77.13	2.381
2015-08-03 10:20:56.207	10601	10501	-70	-70	10	21.24	77.05	2.381
2015-08-03 10:52:32.99	10601	10501	-70	-70	10	21.89	77.0	2.381
2015-08-03 11:25:43.154	10601	10501	-70	-70	10
2015-08-03 11:48:39.31	10601	10501	-70	-67	10	23.76	76.55	2.386
2015-08-03 12:01:33.642	10601	10501	-70	-97	10
2015-08-03 12:19:54.91	10601	10501	-70	-70	10	25.04	76.32	2.386
2015-08-03 13:15:48.73	10601	10501	-70	-97	10	26.19	76.6	2.386
2015-08-03 13:29:55.23	10601	10501	-70	-97	10
2015-08-03 14:51:41.691	10601	10501	-67	-67	10	28.44	76.42	2.391
2015-08-03 15:18:50.591	10601	10501	-67	-67	10
2015-08-03 15:34:07.294	10601	10501	-67	-97	10
2015-08-03 16:17:18.739	10601	10501	-67	-67	10	27.11	77.22	2.396
2015-08-03 17:20:16.502	10601	10501	-67	-67	10	25.58	77.05	2.391
2015-08-03 17:38:45.958	10601	10501	-67	-97	10
2015-08-03 18:01:20.454	10601	10501	-67	-97	10	24.28	76.11	2.391
2015-08-03 18:31:05.03	10601	10501	-67	-67	10	24.44	76.76	2.391
2015-08-03 18:35:59.823	10601	10501	-70	-97	10
2015-08-03 19:04:00.414	10601	10501	-67	-70	10	23.92	76.55	2.386
2015-08-03 19:20:47.178	10601	10501	-70	-97	10	23.6	76.38	2.391
2015-08-03 19:42:33.694	10601	10501	-70	-67	10
2015-08-03 20:02:07.406	10601	10501	-67	-70	10	22.88	76.29	2.386
2015-08-03 21:27:44.518	10601	10501	-70	-70	10	20.5	75.86	2.381
2015-08-03 21:53:12.926	10601	10501	-70	-70	10
2015-08-03 22:52:58.806	10601	10501	-70	-70	10	19.79	76.73	2.381
2015-08-03 23:50:59.658	10601	10501	-70	-70	10
2015-08-04 01:47:00.271	10601	10501	-70	-70	10	18.36	77.15	2.376
2015-08-04 02:57:03.663	10601	10501	-70	-70	10	17.75	77.16	2.371
2015-08-04 03:18:12.223	10601	10501	-70	-70	10	17.65	77.24	2.376
2015-08-04 03:46:32.518	10601	10501	-70	-70	10	17.46	77.25	2.371
2015-08-04 03:59:25.143	10601	10501	-70	-97	10
2015-08-04 04:22:30.302	10601	10501	-70	-70	10	17.06	77.19	2.371
2015-08-04 04:27:38.667	10601	10501	-70	-97	10
2015-08-04 04:57:02.707	10601	10501	-70	-70	10	16.78	77.21	2.371
2015-08-04 05:16:30.027	10601	10501	-70	-97	10	16.67	77.22	2.371
2015-08-04 05:44:22.211	10601	10501	-70	-67	10	16.65	77.37	2.371
2015-08-04 10:33:53.855	10601	10501	-70	-70	10	19.82	77.08	2.366
2015-08-04 11:02:12.662	10601	10501	-70	-70	10
2015-08-04 11:27:02.386	10601	10501	-70	-97	10	21.61	76.68	2.366
2015-08-04 13:49:12.578	10601	10501	-70	-97	10	25.96	76.61	2.376
2015-08-04 17:18:08.482	10601	10501	-67	-70	10	28.88	77.11	2.386
2015-08-04 18:31:10.394	10601	10501	-67	-67	10	27.58	76.91	2.386
2015-08-04 21:16:11.234	10601	10501	-70	-70	10	21.94	74.07	2.381
2015-08-04 21:59:42.402	10601	10501	-70	-70	10	20.58	74.53	2.376
2015-08-04 22:15:19.551	10601	10501	-70	-67	10	20.31	74.97	2.376
2015-08-04 22:37:19.598	10601	10501	-70	-67	10
2015-08-04 23:05:14.483	10601	10501	-70	-70	10	19.22	75.13	2.371
2015-08-04 23:18:27.686	10601	10501	-70	-97	10	18.97	75.21	2.376
2015-08-05 00:04:55.879	10601	10501	-70	-70	10	18.07	75.51	2.371
2015-08-05 00:10:56.702	10601	10501	-70	-70	10
2015-08-05 00:28:28.97	10601	10501	-70	-97	10	17.79	75.88	2.371
2015-08-05 00:41:32.21	10601	10501	-70	-70	10
2015-08-05 01:01:04.331	10601	10501	-70	-97	10	17.22	75.84	2.371
2015-08-05 01:17:08.17	10601	10501	-70	-97	10	17.03	76.04	2.371
2015-08-05 02:01:47.667	10601	10501	-70	-97	10	16.79	76.59	2.366
2015-08-05 02:20:20.298	10601	10501	-70	-97	10	16.61	76.61	2.366
2015-08-05 02:45:45.266	10601	10501	-70	-70	10
2015-08-05 02:55:19.823	10601	10501	-70	-97	10	16.38	76.82	2.361
2015-08-05 03:28:10.467	10601	10501	-70	-70	10
2015-08-05 03:28:41.815	10601	10501	-70	-97	10	16.07	76.89	2.361
2015-08-05 03:52:51.99	10601	10501	-70	-70	10	15.93	76.93	2.366
2015-08-05 04:15:50.466	10601	10501	-70	-97	10	15.72	77.0	2.366
2015-08-05 04:49:57.722	10601	10501	-70	-97	10
2015-08-05 04:57:47.698	10601	10501	-70	-70	10	15.43	77.09	2.361
2015-08-05 05:28:11.462	10601	10501	-70	-97	10	15.28	77.21	2.361
2015-08-05 05:56:34.559	10601	10501	-70	-97	10	15.07	77.22	2.361
2015-08-05 06:30:30.107	10601	10501	-70	-67	10	14.82	77.27	2.356
2015-08-05 06:45:25.23	10601	10501	-70	-70	10
2015-08-05 06:54:10.386	10601	10501	-70	-70	10
2015-08-05 06:54:31.599	10601	10501	-70	-97	10	14.77	77.34	2.356
2015-08-05 07:26:42.506	10601	10501	-70	-70	10	14.96	77.48	2.356
2015-08-05 08:28:34.954	10601	10501	-70	-70	10	16.32	77.12	2.356
2015-08-05 11:02:36.114	10601	10501	-67	-70	10
2015-08-05 20:52:39.062	10601	10501	-70	-67	10	20.94	74.33	2.366
2015-08-05 21:23:40.138	10601	10501	-70	-70	10
2015-08-05 21:28:45.995	10601	10501	-70	-97	10	19.83	74.71	2.361
2015-08-05 21:55:59.802	10601	10501	-70	-70	10	19.14	74.84	2.361
2015-08-05 22:30:23.171	10601	10501	-70	-97	10	18.36	75.2	2.361
2015-08-05 23:04:28.515	10601	10501	-70	-70	10	17.78	75.69	2.361
2015-08-05 23:11:27.842	10601	10501	-70	-97	10
2015-08-05 23:25:34.872	10601	10501	-70	-97	10	17.42	75.64	2.361
2015-08-05 23:27:53.234	10601	10501	-70	-97	10
2015-08-05 23:50:50.351	10601	10501	-70	-70	10	16.92	75.65	2.361
2015-08-06 00:26:10.675	10601	10501	-70	-70	10	16.46	76.05	2.356
2015-08-06 00:46:32.863	10601	10501	-70	-97	10	16.29	76.31	2.356
2015-08-06 01:15:39.891	10601	10501	-70	-70	10	16.07	76.52	2.356
2015-08-06 01:32:05.655	10601	10501	-70	-97	10
2015-08-06 01:52:34.99	10601	10501	-70	-97	10	15.61	76.58	2.351
2015-08-06 02:23:09.178	10601	10501	-70	-70	10	15.28	76.64	2.351
2015-08-06 02:28:41.219	10601	10501	-70	-97	10
2015-08-06 02:51:58.614	10601	10501	-70	-70	10	14.75	76.41	2.351
2015-08-06 03:18:40.007	10601	10501	-70	-70	10	14.39	76.54	2.351
2015-08-06 03:36:18.575	10601	10501	-70	-97	10
2015-08-06 04:05:03.763	10601	10501	-70	-70	10	14.02	76.82	2.346
2015-08-06 04:19:05.227	10601	10501	-70	-67	10	13.88	76.87	2.351
2015-08-06 05:40:30.982	10601	10501	-70	-70	10
2015-08-06 06:21:16.547	10601	10501	-70	-70	10	13.11	77.32	2.346
2015-08-06 06:58:41.47	10601	10501	-70	-70	10	13.04	77.46	2.341
2015-08-06 07:29:23.582	10601	10501	-70	-70	10	13.2	77.57	2.341
2015-08-06 07:44:43.787	10601	10501	-70	-70	10
2015-08-06 07:53:05.606	10601	10501	-70	-97	10	13.5	77.61	2.341
2015-08-06 08:34:17.202	10601	10501	-70	-70	10	14.5	77.31	2.341
2015-08-06 09:03:04.894	10601	10501	-70	-70	10	15.39	76.93	2.341
2015-08-06 09:03:07.494	10601	10501	-70	-97	10
2015-08-06 10:17:36.206	10601	10501	-70	-97	10	17.15	76.98	2.341
2015-08-06 10:50:54.003	10601	10501	-70	-70	10	18.1	76.91	2.341
2015-08-06 11:21:33.707	10601	10501	-70	-70	10	18.77	77.0	2.341
2015-08-06 15:23:07.91	10601	10501	-70	-70	10	20.54	77.78	2.346
2015-08-06 16:01:34.87	10601	10501	-70	-70	10
2015-08-06 16:28:17.987	10601	10501	-70	-70	10	20.54	77.84	2.346
2015-08-06 16:59:49.719	10601	10501	-70	-97	10	20.57	77.84	2.346
2015-08-06 17:25:57.083	10601	10501	-70	-70	10	20.72	77.87	2.346
2015-08-06 17:55:14.122	10601	10501	-70	-97	10	20.92	77.84	2.351
2015-08-06 18:05:47.702	10601	10501	-70	-97	10
2015-08-06 18:33:24.802	10601	10501	-70	-70	10	20.45	77.9	2.346
2015-08-06 18:48:45.774	10601	10501	-70	-70	10	20.36	77.91	2.346
2015-08-06 18:54:46.894	10601	10501	-70	-97	10
2015-08-06 19:13:29.43	10601	10501	-70	-70	10	20.65	77.86	2.346
2015-08-06 19:51:04.942	10601	10501	-70	-70	10	20.29	77.86	2.346
2015-08-06 20:10:00.89	10601	10501	-70	-97	10
2015-08-06 20:15:32.034	10601	10501	-70	-70	10	19.6	77.8	2.346
2015-08-06 21:01:57.806	10601	10501	-70	-97	10	18.38	77.26	2.346
2015-08-06 21:29:43.467	10601	10501	-70	-97	10	17.58	76.73	2.346
2015-08-06 22:00:33.154	10601	10501	-70	-70	10	16.93	76.7	2.341
2015-08-06 22:12:00.234	10601	10501	-70	-70	10
2015-08-06 22:14:13.075	10601	10501	-70	-97	10
2015-08-06 22:21:23.527	10601	10501	-70	-97	10	16.68	76.86	2.346
2015-08-06 22:59:30.906	10601	10501	-70	-70	10	16.35	77.18	2.341
2015-08-06 23:29:06.395	10601	10501	-70	-70	10	16.18	77.3	2.327
2015-08-06 23:48:31.007	10601	10501	-70	-70	10	16.06	77.38	2.341
2015-08-07 00:18:26.755	10601	10501	-70	-70	10
2015-08-07 00:29:24.915	10601	10501	-70	-97	10	15.95	77.56	2.336
2015-08-07 01:03:24.095	10601	10501	-70	-70	10	15.78	77.63	2.336
2015-08-07 01:25:48.331	10601	10501	-70	-97	10	15.61	77.62	2.336
2015-08-07 01:29:12.735	10601	10501	-70	-97	10
2015-08-07 02:03:23.851	10601	10501	-70	-70	10	15.29	77.61	2.336
2015-08-07 02:22:39.362	10601	10501	-70	-97	10
2015-08-07 02:30:39.515	10601	10501	-70	-97	10	14.99	77.51	2.336
2015-08-07 02:57:52.67	10601	10501	-70	-70	10	14.79	77.53	2.336
2015-08-07 03:27:08.946	10601	10501	-70	-97	10	14.64	77.6	2.336
2015-08-07 03:57:29.079	10601	10501	-70	-70	10	14.38	77.62	2.332
2015-08-07 04:26:57.034	10601	10501	-70	-70	10
2015-08-07 04:46:27.187	10601	10501	-70	-70	10
2015-08-07 05:29:23.714	10601	10501	-70	-70	10	13.93	77.75	2.332
2015-08-07 07:03:15.127	10601	10501	-70	-70	10	13.68	77.9	2.327
2015-08-07 07:53:44.33	10601	10501	-70	-70	10	14.22	77.87	2.332
2015-08-07 08:35:16.875	10601	10501	-70	-70	10
2015-08-07 09:00:14.314	10601	10501	-70	-70	10	15.7	77.35	2.322
2015-08-07 09:27:17.966	10601	10501	-70	-70	10	16.47	77.15	2.327
2015-08-07 10:19:00.811	10601	10501	-70	-70	10	18.4	76.58	2.327
2015-08-07 10:39:30.766	10601	10501	-70	-97	10
2015-08-07 11:47:04.722	10601	10501	-70	-70	10	21.9	76.09	2.336
2015-08-07 12:43:45.686	10601	10501	-67	-70	10
2015-08-07 13:13:53.886	10601	10501	-70	-70	10	24.15	76.74	2.341
2015-08-07 14:26:26.751	10601	10501	-70	-67	10	24.24	77.4	2.341
2015-08-07 14:47:55.971	10601	10501	-70	-70	10
2015-08-07 15:20:03.794	10601	10501	-70	-70	10	24.52	77.48	2.346
2015-08-07 15:53:07.65	10601	10501	-70	-97	10	24.6	77.53	2.346
2015-08-07 16:32:25.803	10601	10501	-70	-67	10	24.21	77.58	2.346
2015-08-07 17:21:47.874	10601	10501	-67	-70	10	23.69	77.64	2.341
2015-08-07 17:55:18.162	10601	10501	-70	-70	10
2015-08-07 18:56:22.53	10601	10501	-70	-70	10
2015-08-07 19:23:34.258	10601	10501	-70	-70	10	23.38	77.68	2.346
2015-08-07 20:19:05.67	10601	10501	-70	-67	10	22.51	77.63	2.346
2015-08-07 21:00:34.134	10601	10501	-67	-67	10
2015-08-07 21:23:00.694	10601	10501	-70	-70	10	20.95	77.08	2.341
2015-08-07 22:25:38.423	10601	10501	-70	-70	10	19.61	76.64	2.336
2015-08-07 23:04:47.95	10601	10501	-70	-70	10
2015-08-08 00:03:22.483	10601	10501	-70	-70	10	18.03	76.79	2.332
2015-08-08 00:29:45.01	10601	10501	-70	-70	10
2015-08-08 01:09:01.93	10601	10501	-70	-70	10
2015-08-08 02:02:47.442	10601	10501	-70	-70	10	17.02	77.26	2.327
2015-08-08 02:57:41.762	10601	10501	-70	-70	10	16.75	77.44	2.327
2015-08-08 03:21:49.414	10601	10501	-70	-70	10	16.75	77.52	2.332
2015-08-08 04:00:54.078	10601	10501	-70	-70	10	16.71	77.62	2.327
2015-08-08 04:48:42.414	10601	10501	-70	-70	10	16.85	77.7	2.327
2015-08-08 05:20:13.978	10601	10501	-70	-70	10	16.74	77.75	2.327
2015-08-08 06:14:01.754	10601	10501	-70	-70	10	16.5	77.8	2.327
2015-08-08 07:04:10.818	10601	10501	-70	-70	10
2015-08-08 07:21:39.595	10601	10501	-70	-70	10
2015-08-08 08:20:12.149	10601	10501	-70	-70	10	16.93	77.82	2.322
2015-08-08 09:16:03.696	10601	10501	-70	-70	10	18.67	77.08	2.327
2015-08-08 09:53:24.366	10601	10501	-70	-70	10	19.97	76.64	2.322
2015-08-08 10:18:46.098	10601	10501	-70	-70	10	21.04	76.37	2.327
2015-08-08 10:21:23.514	10601	10501	-70	-97	10
2015-08-08 10:44:45.931	10601	10501	-70	-70	10	22.04	76.26	2.327
2015-08-08 11:16:42.778	10601	10501	-70	-70	10	23.38	76.04	2.327
2015-08-08 12:23:04.822	10601	10501	-70	-70	10	24.8	76.62	2.332
2015-08-08 12:54:10.119	10601	10501	-67	-67	10	25.65	76.57	2.332
2015-08-08 13:33:29.559	10601	10501	-70	-70	10	26.63	76.5	2.336
2015-08-08 13:34:21.795	10601	10501	-70	-97	10
2015-08-08 13:38:35.866	10601	10501	-70	-97	10
2015-08-08 14:52:35.194	10601	10501	-67	-97	10	26.22	76.96	2.336
2015-08-08 16:03:06.222	10601	10501	-70	-70	10	26.96	77.08	2.341
2015-08-08 16:55:18.302	10601	10501	-70	-70	10	27.43	77.15	2.341
2015-08-08 17:14:52.774	10601	10501	-70	-70	10	26.97	77.27	2.341
2015-08-08 17:48:25.38	10601	10501	-70	-70	10	26.63	77.32	2.341
2015-08-08 18:58:15.214	10601	10501	-70	-70	10	24.63	76.94	2.341
2015-08-08 19:46:54.822	10601	10501	-70	-67	10
2015-08-08 20:13:03.552	10601	10501	-70	-70	10
2015-08-08 20:46:48.423	10601	10501	-70	-70	10	22.64	76.4	2.336
2015-08-08 21:51:06.998	10601	10501	-70	-70	10
2015-08-08 22:21:22.93	10601	10501	-70	-70	10	21.2	76.49	2.332
2015-08-08 22:45:40.238	10601	10501	-70	-70	10	20.88	76.5	2.332
2015-08-08 23:13:57.818	10601	10501	-70	-70	10	20.47	76.53	2.332
2015-08-08 23:30:18.25	10601	10501	-70	-97	10
2015-08-08 23:55:21.71	10601	10501	-70	-97	10
2015-08-09 00:05:05.966	10601	10501	-70	-70	10	20.07	76.79	2.327
2015-08-09 00:17:52.302	10601	10501	-70	-97	10	20.03	76.89	2.332
2015-08-09 01:59:34.042	10601	10501	-70	-70	10
2015-08-09 02:30:19.894	10601	10501	-70	-67	10	19.46	77.25	2.322
2015-08-09 02:47:29.098	10601	10501	-70	-70	10
2015-08-09 03:44:53.379	10601	10501	-70	-70	10	19.14	77.36	2.322
2015-08-09 04:03:45.87	10601	10501	-70	-97	10
2015-08-09 04:18:59.598	10601	10501	-70	-67	10	18.89	77.36	2.322
2015-08-09 04:56:07.918	10601	10501	-70	-97	10	18.56	77.3	2.317
2015-08-09 05:19:57.574	10601	10501	-70	-97	10	18.47	77.33	2.317
2015-08-09 06:07:57.803	10601	10501	-70	-67	10
2015-08-09 06:43:27.09	10601	10501	-70	-67	10	17.9	77.35	2.317
2015-08-09 07:52:09.118	10601	10501	-67	-70	10	18.0	77.52	2.312
2015-08-09 08:12:10.862	10601	10501	-70	-70	10
2015-08-09 08:15:53.026	10601	10501	-70	-97	10	18.22	77.57	2.312
2015-08-09 08:58:51.851	10601	10501	-70	-97	10	19.2	77.27	2.312
2015-08-09 09:21:54.218	10601	10501	-70	-97	10
2015-08-09 09:24:58.034	10601	10501	-70	-97	10	20.11	76.85	2.312
2015-08-09 09:56:56.176	10601	10501	-70	-70	10	21.28	76.45	2.317
2015-08-09 10:16:24.068	10601	10501	-70	-70	10
2015-08-09 10:22:18.694	10601	10501	-70	-97	10	22.21	76.32	2.317
2015-08-09 10:59:06.086	10601	10501	-70	-70	10	23.56	76.21	2.317
2015-08-09 11:31:04.522	10601	10501	-70	-97	10	24.65	76.26	2.317
2015-08-09 19:13:33.606	10601	10501	-70	-70	10
2015-08-09 19:53:36.634	10601	10501	-70	-70	10	25.94	74.71	2.261
2015-08-09 20:37:27.835	10601	10501	-70	-70	10
2015-08-09 21:23:23.807	10601	10501	-70	-70	10	23.29	74.66	2.27
2015-08-09 22:30:46.836	10601	10501	-70	-70	10
2015-08-09 22:41:40.935	10601	10501	-70	-70	10
2015-08-09 23:20:10.547	10601	10501	-70	-70	10	21.28	75.48	2.248
2015-08-10 00:20:08.323	10601	10501	-70	-70	10	20.99	77.11	2.226
2015-08-10 00:45:53.647	10601	10501	-70	-70	10
2015-08-10 00:59:45.222	10601	10501	-70	-97	10	20.72	77.53	2.226
2015-08-10 01:30:18.164	10601	10501	-70	-70	10	20.47	77.46	2.226
2015-08-10 01:47:59.351	10601	10501	-70	-70	10
2015-08-10 01:54:26.155	10601	10501	-70	-97	10	20.5	79.24	2.217
2015-08-10 02:50:05.534	10601	10501	-70	-70	10
2015-09-10 21:11:07.723	10601	10501	-64	-64	10	18.79	61.21	3.633
2015-09-10 23:23:09.85	10601	10501	-64	-64	10	17.57	61.87	3.621
2015-09-10 23:44:44.062	10601	10501	-64	-64	10	17.39	61.96	3.531
2015-09-11 02:11:11.266	10601	10501	-64	-61	10	16.15	62.33	3.645
2015-09-11 04:20:44.462	10601	10501	-64	-64	10
2015-09-11 04:43:04.762	10601	10501	-64	-97	10	15.47	62.86	3.657
2015-09-11 06:24:57.01	10601	10501	-64	-64	10
2015-09-11 06:49:19.734	10601	10501	-64	-97	10
2015-09-11 07:43:13.279	10601	10501	-64	-64	10	16.32	63.26	3.633
2015-09-11 09:10:26.367	10601	10501	-64	-64	10	16.81	63.17	3.645
2015-09-11 13:23:44.774	10601	10501	-64	-64	10
2015-09-11 14:55:03.11	10601	10501	-64	-64	10	26.72	60.27	3.621
2015-09-11 16:40:30.327	10601	10501	-64	-64	10	27.94	59.01	3.52
2015-09-11 16:46:01.375	10601	10501	-64	-97	10
2015-09-11 18:10:50.266	10601	10501	-64	-64	10	27.88	58.63	3.621
2015-09-11 19:58:10.806	10601	10501	-64	-64	10
2015-09-11 20:39:35.279	10601	10501	-64	-64	10	21.7	58.41	3.633
2015-09-12 01:00:14.446	10601	10501	-64	-64	10	18.43	59.85	3.633
2015-09-12 01:55:53.954	10601	10501	-64	-64	10	18.02	60.03	3.633
2015-09-12 03:10:31.591	10601	10501	-61	-61	10	17.38	60.25	3.633
2015-09-12 04:09:13.843	10601	10501	-64	-61	10	16.82	60.31	3.657
2015-09-12 05:49:49.482	10601	10501	-64	-67	10
2015-09-12 06:58:08.839	10601	10501	-64	-64	10	15.63	60.74	3.633
2015-09-12 08:26:50.486	10601	10501	-64	-64	10	15.5	60.89	3.633
2015-09-12 09:13:28.679	10601	10501	-64	-64	10	15.6	60.96	3.633
2015-09-12 09:57:54.174	10601	10501	-64	-64	10	15.52	61.01	3.621
2015-09-12 11:10:28.094	10601	10501	-64	-64	10	15.96	61.02	3.633
2015-09-12 15:40:43.294	10601	10501	-64	-64	10	16.7	60.88	3.645
2015-09-12 18:26:21.174	10601	10501	-64	-64	10	15.28	61.18	3.621
2015-09-12 21:12:47.17	10601	10501	-67	-67	10	14.1	61.39	3.633
2015-09-12 22:11:45.411	10601	10501	-64	-64	10	13.68	61.49	3.633
2015-09-13 00:09:26.514	10601	10501	-64	-64	10	12.9	61.71	3.645
2015-09-13 01:53:24.535	10601	10501	-64	-64	10
2015-09-13 04:50:21.022	10601	10501	-64	-64	10
2015-09-13 05:20:11.92	10601	10501	-64	-64	10	12.22	62.06	3.633
2015-09-13 07:16:06.05	10601	10501	-64	-61	10	11.86	62.17	3.633
2015-09-13 08:07:39.478	10601	10501	-64	-61	10
2015-09-13 08:07:55.571	10601	10501	-64	-61	10
2015-09-13 08:47:58.942	10601	10501	-64	-64	10	11.93	62.24	3.621
2015-09-13 11:24:54.81	10601	10501	-64	-64	10
2015-09-13 14:13:00.103	10601	10501	-64	-61	10	14.61	61.71	3.621
2015-09-13 15:00:29.471	10601	10501	-61	-61	10	17.08	61.79	3.598
2015-09-14 19:19:11.53	10601	10501	-64	-64	10	21.39	56.35	3.633
2015-09-14 21:53:22.322	10601	10501	-64	-61	10	16.52	56.99	3.645
2015-09-14 23:11:19.074	10601	10501	-61	-64	10	15.4	57.51	3.633
2015-09-15 00:29:13.226	10601	10501	-61	-61	10	14.52	57.85	3.621
2015-09-15 02:51:23.539	10601	10501	-64	-61	10
2015-09-15 04:27:05.531	10601	10501	-64	-61	10	12.28	58.71	3.645
2015-09-15 05:20:14.383	10601	10501	-61	-61	10	11.78	58.87	3.645
2015-09-15 06:15:54.166	10601	10501	-64	-61	10	11.38	58.98	3.52
2015-09-15 09:47:09.586	10601	10501	-61	-61	10
2015-09-16 14:25:10.031	10601	10501	-64	-61	10	28.86	55.84	3.621
2015-09-16 14:46:09.279	10601	10501	-64	-97	10
2015-09-16 20:58:46.675	10601	10501	-61	-61	10
2015-09-17 14:27:28.491	10601	10501	-64	-64	10	29.11	55.69	3.487
2015-09-17 14:58:01.147	10601	10501	-64	-64	10	29.76	55.75	3.621
2015-09-17 15:36:41.986	10601	10501	-64	-97	10
2015-09-17 15:43:59.462	10601	10501	-64	-97	10	30.13	55.64	3.621
2015-09-17 16:11:08.75	10601	10501	-64	-97	10	30.08	55.6	3.621
2015-09-17 16:42:48.354	10601	10501	-64	-97	10	30.08	55.57	3.621
2015-09-17 17:12:25.682	10601	10501	-64	-97	10	30.25	55.43	3.621
2015-09-17 17:18:30.078	10601	10501	-64	-97	10
2015-09-17 17:40:53.686	10601	10501	-64	-97	10
2015-09-17 17:53:49.059	10601	10501	-64	-97	10	31.25	54.39	3.621
2015-09-17 18:12:54.635	10601	10501	-64	-97	10	30.65	54.05	3.657
2015-09-17 18:48:49.007	10601	10501	-64	-64	10	28.74	53.92	3.598
2015-09-17 19:17:48.439	10601	10501	-64	-97	10	26.43	54.11	3.598
2015-09-17 19:44:28.794	10601	10501	-64	-97	10	24.86	54.49	3.645
2015-09-17 19:45:06.454	10601	10501	-64	-97	10
2015-09-17 20:30:06.439	10601	10501	-61	-97	10	22.69	54.99	3.645
2015-09-17 20:35:43.807	10601	10501	-64	-97	10
2015-09-17 20:49:16.418	10601	10501	-61	-97	10	22.11	55.28	3.645
2015-09-17 21:10:53.67	10601	10501	-61	-64	10	21.26	55.47	3.645
2015-09-17 21:49:19.623	10601	10501	-64	-64	10
2015-09-17 21:52:39.234	10601	10501	-61	-64	10	20.17	55.89	3.621
2015-09-17 22:21:01.458	10601	10501	-61	-97	10	19.6	56.15	3.633
2015-09-17 22:50:12.315	10601	10501	-61	-97	10	18.89	56.29	3.621
2015-09-17 23:11:13.815	10601	10501	-61	-97	10	18.71	56.47	3.633
2015-09-17 23:49:51.39	10601	10501	-61	-61	10	18.11	56.75	3.621
2015-09-17 23:52:57.231	10601	10501	-61	-64	10
2015-09-17 23:53:32.01	10601	10501	-61	-97	10
2015-09-18 00:19:32.231	10601	10501	-61	-61	10	17.86	56.95	3.633
2015-09-18 00:45:35.102	10601	10501	-61	-61	10	17.64	57.07	3.645
2015-09-18 01:22:44.379	10601	10501	-61	-97	10	17.0	57.25	3.633
2015-09-18 01:38:09.743	10601	10501	-61	-61	10	16.85	57.31	3.657
2015-09-18 01:57:44.311	10601	10501	-61	-61	10
2015-09-18 02:15:44.518	10601	10501	-61	-97	10	16.47	57.41	3.633
2015-09-18 02:57:08.314	10601	10501	-61	-97	10	16.14	57.57	3.621
2015-09-18 03:10:09.691	10601	10501	-61	-97	10
2015-09-18 03:10:54.175	10601	10501	-61	-97	10	15.93	57.62	3.669
2015-09-18 03:50:58.326	10601	10501	-61	-61	10	15.6	57.69	3.633
2015-09-18 04:01:57.158	10601	10501	-61	-97	10
2015-09-18 04:18:50.882	10601	10501	-61	-61	10	15.52	57.8	3.645
2015-09-18 04:51:35.03	10601	10501	-61	-61	10	15.25	57.88	3.633
2015-09-18 05:11:53.015	10601	10501	-61	-97	10	15.15	57.95	3.52
2015-09-18 06:06:10.374	10601	10501	-61	-97	10
2015-09-18 06:14:06.195	10601	10501	-61	-61	10	14.75	58.1	3.645
2015-09-18 06:27:22.266	10601	10501	-64	-61	10
2015-09-18 06:54:56.51	10601	10501	-61	-97	10	14.6	58.19	3.621
2015-09-18 09:40:14.047	10601	10501	-61	-61	10	17.25	57.85	3.621
2015-09-18 09:44:36.246	10601	10501	-64	-97	10
2015-09-18 10:14:35.934	10601	10501	-61	-64	10
2015-09-18 10:26:38.846	10601	10501	-61	-97	10	20.17	57.18	3.575
2015-09-18 10:56:49.919	10601	10501	-64	-97	10	21.99	56.84	3.621
2015-09-18 11:11:42.431	10601	10501	-61	-97	10	23.11	56.6	3.633
2015-09-18 11:39:02.09	10601	10501	-61	-61	10	24.52	56.22	3.621
2015-09-18 12:18:48.934	10601	10501	-61	-97	10
2015-09-18 12:30:07.986	10601	10501	-64	-97	10	26.38	55.86	3.61
2015-09-18 12:59:34.928	10601	10501	-64	-97	10	27.15	55.78	3.61
2015-09-18 13:01:49.586	10601	10501	-64	-97	10
2015-09-18 13:14:59.782	10601	10501	-64	-97	10	27.08	55.74	3.633
2015-09-18 13:50:56.674	10601	10501	-64	-64	10	28.26	55.72	3.61
2015-09-18 14:12:51.306	10601	10501	-64	-64	10	29.02	55.71	3.621
2015-09-18 14:23:01.938	10601	10501	-64	-97	10
2015-09-18 14:59:02.17	10601	10501	-64	-97	10	30.08	55.73	3.621
2015-09-18 15:21:10.33	10601	10501	-64	-64	10	30.58	55.58	3.621
2015-09-18 15:37:56.643	10601	10501	-64	-97	10	30.71	55.47	3.633
2015-09-18 16:16:56.563	10601	10501	-64	-97	10	30.36	55.39	3.621
2015-09-18 16:19:02.014	10601	10501	-64	-97	10
2015-09-18 16:27:13.81	10601	10501	-64	-64	10
2015-09-18 16:40:12.955	10601	10501	-64	-97	10	30.46	55.4	3.633
2015-09-18 17:22:14.603	10601	10501	-64	-97	10	30.21	55.24	3.657
2015-09-18 17:42:04.038	10601	10501	-64	-97	10	29.72	55.17	3.669
2015-09-18 18:29:51.928	10601	10501	-64	-97	10	28.32	54.63	3.645
2015-09-18 18:31:26.595	10601	10501	-64	-97	10
2015-09-18 18:49:15.091	10601	10501	-64	-97	10	26.91	54.52	3.645
2015-09-18 19:12:39.454	10601	10501	-64	-97	10	25.47	54.51	3.633
2015-09-18 19:36:14.323	10601	10501	-64	-97	10
2015-09-18 19:51:06.607	10601	10501	-64	-64	10	23.85	54.82	3.621
2015-09-18 20:28:57.467	10601	10501	-64	-97	10	22.83	55.23	3.621
2015-09-18 20:35:39.53	10601	10501	-64	-64	10
2015-09-18 20:59:10.302	10601	10501	-64	-97	10	21.97	55.51	3.621
2015-09-18 21:25:38.542	10601	10501	-64	-97	10	21.46	55.74	3.633
2015-09-18 21:47:37.342	10601	10501	-61	-64	10	21.06	55.9	3.645
2015-09-18 22:17:34.05	10601	10501	-64	-64	10	20.71	56.1	3.633
2015-09-18 22:39:53.186	10601	10501	-64	-64	10
2015-09-18 22:44:58.046	10601	10501	-64	-97	10	20.54	56.26	3.633
2015-09-18 22:53:27.546	10601	10501	-64	-97	10
2015-09-18 23:25:40.735	10601	10501	-64	-97	10	20.29	56.46	3.621
2015-09-18 23:47:52.975	10601	10501	-64	-64	10	20.15	56.54	3.645
2015-09-19 00:13:16.287	10601	10501	-64	-97	10	19.82	56.64	3.645
2015-09-19 00:44:04.251	10601	10501	-64	-64	10
2015-09-19 00:44:46.77	10601	10501	-64	-97	10	19.75	56.72	3.633
2015-09-19 01:24:30.571	10601	10501	-64	-97	10	19.89	56.74	3.621
2015-09-19 01:58:48.702	10601	10501	-64	-97	10	19.81	56.85	3.621
2015-09-19 02:10:40.14	10601	10501	-64	-97	10
2015-09-19 02:23:03.914	10601	10501	-64	-97	10	19.68	56.89	3.645
2015-09-19 02:48:17.998	10601	10501	-64	-97	10
2015-09-19 02:56:52.994	10601	10501	-64	-97	10	19.33	56.96	3.621
2015-09-19 03:18:52.311	10601	10501	-64	-97	10	19.32	57.02	3.633
2015-09-19 03:40:43.899	10601	10501	-64	-97	10	19.14	57.05	3.645
2015-09-19 04:14:10.619	10601	10501	-64	-97	10	18.95	57.09	3.621
2015-09-19 04:43:04.698	10601	10501	-64	-97	10	18.74	57.11	3.633
2015-09-19 04:52:30.971	10601	10501	-64	-97	10
2015-09-19 05:09:25.367	10601	10501	-64	-97	10	18.54	57.21	3.621
2015-09-19 05:27:53.479	10601	10501	-64	-97	10
2015-09-19 05:54:45.19	10601	10501	-64	-97	10	18.64	57.16	3.621
