result_time	node_id	parent_id	stats_frssi	stats_brssi	etx	temperature	humidity	voltage
2015-07-10 01:22:57.875	11001	10601	-70	-67	10	18.74	69.41	3.754
2015-07-10 01:45:10.503	11001	10601	-70	-97	10
2015-07-10 02:06:23.33	11001	10601	-70	-70	10	18.57	69.27	3.729
2015-07-10 03:56:48.678	11001	10601	-70	-67	10
2015-07-10 05:44:40.235	11001	10601	-70	-70	10	18.57	69.04	3.729
2015-07-10 06:58:11.542	11001	10601	-70	-70	10	18.75	68.96	3.729
2015-07-10 07:49:51.002	11001	10601	-70	-67	10
2015-07-15 00:24:32.15	11001	10601	-70	-70	10	20.0	70.36	3.742
2015-07-15 02:23:04.147	11001	10601	-70	-70	10
2015-07-15 03:06:20.47	11001	10601	-70	-70	10	19.93	70.35	3.729
2015-07-15 04:05:34.271	11001	10601	-73	-70	10	19.97	70.33	3.729
2015-07-15 04:34:39.49	11001	10601	-73	-70	10
2015-07-15 04:43:38.147	11001	10601	-70	-97	10	19.96	70.33	3.717
2015-07-15 05:59:54.678	11001	10601	-73	-70	10	20.0	70.33	3.729
2015-07-15 06:46:27.162	11001	10601	-73	-70	10
2015-07-15 07:25:54.874	11001	10601	-73	-70	10	20.29	70.28	3.729
2015-07-15 08:57:51.406	11001	10601	-70	-70	10
2015-07-16 17:11:45.73	11001	10601	-70	-70	10
2015-07-16 22:15:02.338	11001	10601	-70	-70	10
2015-07-16 23:35:14.767	11001	10601	-70	-70	10	16.65	71.63	3.729
2015-07-17 00:30:26.302	11001	10601	-70	-70	10	16.43	71.1	3.729
2015-07-17 01:22:31.975	11001	10601	-73	-70	10
2015-07-17 01:57:56.587	11001	10601	-73	-70	10	16.85	70.63	3.729
2015-07-18 22:21:46.57	11001	10601	-70	-97	10
2015-07-19 00:01:36.299	11001	10601	-70	-67	10	24.29	71.41	3.717
2015-07-19 00:52:50.19	11001	10601	-70	-67	10	23.77	71.62	3.729
2015-07-19 02:26:37.456	11001	10601	-70	-67	10	23.4	71.5	3.717
2015-07-19 02:26:41.582	11001	10601	-70	-67	10	23.4	71.5	3.717
2015-07-19 02:53:23.007	11001	10601	-70	-67	10
2015-07-19 09:04:42.959	11001	10601	-70	-67	10	24.83	70.55	3.705
2015-07-19 18:37:47.099	11001	10601	-70	-97	10	30.26	72.69	3.705
2015-07-19 19:53:03.15	11001	10601	-70	-70	10	28.36	72.54	3.729
2015-07-19 20:26:10.44	11001	10601	-70	-70	10
2015-07-19 20:35:21.643	11001	10601	-70	-70	10	26.27	73.36	3.705
2015-07-21 20:14:05.599	11001	10601	-67	-97	10	22.82	72.7	3.705
2015-07-22 17:55:58.735	11001	10601	-67	-67	10	25.41	72.63	3.717
2015-07-22 19:55:29.127	11001	10601	-67	-67	10	22.06	73.08	3.717
2015-07-23 16:52:32.487	11001	10601	-70	-67	10
2015-07-24 13:06:15.85	11001	10601	-70	-67	10	27.43	70.86	3.705
2015-07-24 16:40:52.666	11001	10601	-67	-67	10
2015-07-24 17:02:28.083	11001	10601	-70	-97	10	31.13	72.0	3.693
2015-07-24 17:37:23.767	11001	10601	-67	-67	10	30.83	72.03	3.693
2015-07-25 10:13:48.579	11001	10601	-70	-97	10
2015-07-28 08:04:33.727	11001	10601	-73	-97	10	20.51	70.79	3.705
2015-07-30 15:14:45.966	11001	10601	-73	-97	10
2015-07-30 16:33:15.683	11001	10601	-73	-76	10
2015-07-30 17:26:21.203	11001	10601	-73	-97	10
2015-07-30 18:36:05.254	11001	10601	-73	-97	10
2015-07-30 19:13:00.615	11001	10601	-73	-73	10	28.36	73.27	3.693
2015-07-30 19:59:38.406	11001	10601	-73	-73	10	26.74	73.22	3.705
2015-07-30 20:38:39.082	11001	10601	-73	-73	10
2015-07-30 21:01:58.784	11001	10601	-73	-97	10	23.97	73.56	3.705
2015-07-30 21:26:20.926	11001	10601	-73	-97	10	23.1	73.41	3.717
2015-07-31 15:37:34.298	11001	10601	-73	-70	10	30.15	72.27	3.693
2015-07-31 16:12:41.978	11001	10601	-73	-97	10	30.02	72.71	3.681
2015-07-31 16:37:58.894	11001	10601	-76	-73	10	30.68	70.87	3.693
2015-07-31 17:05:33.782	11001	10601	-76	-97	10
2015-07-31 18:06:41.158	11001	10601	-73	-70	10	28.54	73.25	3.681
2015-07-31 18:22:22.074	11001	10601	-73	-97	10	28.55	72.43	3.717
2015-07-31 19:08:15.794	11001	10601	-73	-70	10
2015-08-01 14:22:39.562	11001	10601	-73	-73	10	28.88	71.27	3.693
2015-08-01 14:56:42.586	11001	10601	-73	-70	10	30.0	70.11	3.681
2015-08-01 15:26:32.838	11001	10601	-73	-70	10	30.1	70.27	3.693
2015-08-01 15:29:54.494	11001	10601	-73	-97	10
2015-08-01 15:35:12.598	11001	10601	-73	-97	10
2015-08-01 16:12:13.842	11001	10601	-73	-97	10	30.19	70.58	3.681
2015-08-01 16:25:15.514	11001	10601	-73	-70	10	30.55	70.47	3.705
2015-08-01 17:03:14.959	11001	10601	-73	-70	10	31.11	71.15	3.681
2015-08-01 17:37:51.742	11001	10601	-70	-97	10
2015-08-01 17:41:31.35	11001	10601	-73	-97	10
2015-08-01 17:41:50.126	11001	10601	-73	-97	10	27.18	73.72	3.681
2015-08-01 18:03:51.87	11001	10601	-73	-70	10	25.77	74.04	3.705
2015-08-01 18:36:55.047	11001	10601	-73	-97	10	24.35	73.71	3.693
2015-08-01 19:11:17.627	11001	10601	-73	-73	10	24.22	72.74	3.693
2015-08-01 19:40:33.306	11001	10601	-73	-70	10
2015-08-01 19:53:11.303	11001	10601	-73	-73	10
2015-08-03 12:55:32.898	11001	10601	-73	-97	10	27.6	70.63	3.681
2015-08-03 14:37:15.958	11001	10601	-73	-70	10
2015-08-03 20:30:38.835	11001	10601	-73	-97	10	21.74	72.21	3.693
2015-08-05 11:36:19.631	11001	10601	-73	-70	10
2015-08-05 12:00:55.446	11001	10601	-76	-73	10	25.58	70.41	3.681
2015-08-05 12:41:31.454	11001	10601	-73	-97	10	26.96	70.74	3.669
2015-08-05 12:51:47.694	11001	10601	-73	-73	10	27.21	70.62	3.705
2015-08-05 13:27:17.874	11001	10601	-73	-97	10	26.74	70.64	3.681
2015-08-05 15:34:01.695	11001	10601	-73	-73	10	28.02	70.59	3.693
2015-08-05 15:41:42.518	11001	10601	-73	-73	10
2015-08-05 16:23:03.662	11001	10601	-73	-70	10	28.47	70.1	3.693
2015-08-05 16:53:28.358	11001	10601	-70	-97	10	28.15	70.56	3.681
2015-08-05 17:30:17.529	11001	10601	-73	-97	10	28.26	71.21	3.669
2015-08-05 17:44:23.978	11001	10601	-73	-97	10
2015-08-05 18:11:49.523	11001	10601	-73	-97	10
2015-08-05 18:12:54.17	11001	10601	-70	-97	10	26.22	72.17	3.669
2015-08-05 18:35:46.606	11001	10601	-73	-97	10	25.99	72.21	3.693
2015-08-05 19:12:44.614	11001	10601	-73	-97	10	24.86	72.22	3.681
2015-08-05 19:25:38.67	11001	10601	-73	-97	10	24.29	72.5	3.705
2015-08-05 19:47:05.798	11001	10601	-73	-73	10
2015-08-05 20:02:58.811	11001	10601	-73	-97	10	22.54	72.73	3.681
2015-08-06 09:28:43.958	11001	10601	-73	-97	10	17.75	69.28	3.693
2015-08-06 13:56:15.934	11001	10601	-76	-73	10
2015-08-06 14:11:21.175	11001	10601	-76	-97	10
2015-08-08 14:57:45.782	11001	10601	-73	-70	10	26.93	72.72	3.681
2015-08-09 12:33:29.634	11001	10601	-73	-70	10	28.49	70.3	3.657
2015-08-09 13:11:39.686	11001	10601	-73	-70	10	29.85	70.46	3.657
2015-08-09 13:36:51.77	11001	10601	-73	-97	10	29.19	70.75	3.669
2015-08-09 13:45:32.831	11001	10601	-73	-97	10
2015-08-09 14:03:07.718	11001	10601	-76	-97	10	29.66	70.63	3.681
2015-08-09 14:18:56.247	11001	10601	-73	-97	10
2015-08-09 14:21:34.47	11001	10601	-73	-97	10	30.19	70.58	3.681
2015-08-09 15:01:16.798	11001	10601	-73	-73	10	29.35	71.72	3.657
2015-08-09 15:26:14.606	11001	10601	-73	-97	10	31.01	70.12	3.681
2015-08-09 15:48:13.998	11001	10601	-73	-97	10
2015-08-09 16:02:26.698	11001	10601	-73	-73	10	31.83	69.77	3.669
2015-08-09 16:23:26.678	11001	10601	-76	-97	10	31.33	70.79	3.681
2015-08-09 16:30:34.719	11001	10601	-73	-73	10
2015-08-09 17:05:10.571	11001	10601	-73	-73	10	31.08	71.64	3.657
2015-08-09 17:32:04.047	11001	10601	-73	-73	10	30.55	71.86	3.669
2015-08-09 17:50:55.342	11001	10601	-73	-73	10
2015-08-09 17:57:14.471	11001	10601	-73	-97	10	29.58	72.45	3.681
2015-08-16 18:00:37.435	11001	10601	-67	-67	10	31.43	72.22	3.645
2015-08-16 19:28:49.771	11001	10601	-70	-67	10
2015-08-16 20:24:58.182	11001	10601	-70	-67	10	26.47	73.59	3.645
2015-08-16 21:16:32.891	11001	10601	-67	-67	10	24.47	73.32	3.657
2015-08-16 21:52:11.354	11001	10601	-67	-67	10	23.47	72.88	3.657
2015-08-16 23:23:19.146	11001	10601	-67	-67	10
2015-08-16 23:52:01.902	11001	10601	-67	-67	10
2015-08-17 00:11:28.426	11001	10601	-67	-67	10	21.56	71.68	3.681
2015-08-17 04:51:44.711	11001	10601	-67	-67	10	19.43	71.17	3.657
2015-08-17 07:28:52.99	11001	10601	-67	-67	10	19.06	70.77	3.657
2015-08-17 08:46:45.723	11001	10601	-67	-67	10	21.11	69.79	3.657
2015-08-17 10:50:02.082	11001	10601	-67	-67	10
2015-08-17 11:22:13.543	11001	10601	-70	-67	10	27.86	69.55	3.645
2015-08-17 17:25:02.675	11001	10601	-70	-97	10
2015-08-17 17:25:12.089	11001	10601	-70	-97	10
2015-08-17 17:55:53.926	11001	10601	-70	-67	10	32.85	71.96	3.633
2015-08-17 18:24:02.699	11001	10601	-67	-67	10	31.66	72.67	3.645
2015-08-17 19:36:24.807	11001	10601	-67	-67	10
2015-08-17 21:52:56.547	11001	10601	-67	-67	10
2015-08-17 23:12:28.011	11001	10601	-70	-67	10	22.36	71.94	3.669
2015-08-18 01:44:16.776	11001	10601	-67	-67	10	21.27	71.29	3.669
2015-08-18 01:58:19.066	11001	10601	-67	-67	10
2015-08-18 04:01:00.771	11001	10601	-67	-67	10
2015-08-18 05:23:38.642	11001	10601	-67	-67	10	21.2	70.56	3.657
2015-08-18 14:14:33.179	11001	10601	-67	-67	10
2015-08-18 15:20:48.186	11001	10601	-70	-67	10
2015-08-18 16:17:10.218	11001	10601	-70	-67	10
2015-08-18 16:29:27.558	11001	10601	-70	-97	10	25.22	71.7	3.645
2015-08-18 16:43:31.966	11001	10601	-70	-97	10	24.91	71.72	3.669
2015-08-18 17:32:23.83	11001	10601	-70	-67	10
2015-08-18 18:32:02.647	11001	10601	-70	-67	10	24.1	71.63	3.633
2015-08-18 19:43:58.922	11001	10601	-67	-67	10
2015-08-18 21:55:34.562	11001	10601	-67	-67	10
2015-08-18 23:29:21.743	11001	10601	-70	-67	10	20.46	71.14	3.657
2015-08-18 23:52:17.322	11001	10601	-67	-97	10	20.39	71.02	3.657
2015-08-19 00:51:50.874	11001	10601	-67	-67	10	20.0	70.98	3.657
2015-08-19 02:18:54.023	11001	10601	-67	-67	10
2015-08-19 04:30:22.795	11001	10601	-67	-67	10
2015-08-19 05:30:37.55	11001	10601	-67	-67	10	18.86	70.82	3.645
2015-08-19 06:35:59.962	11001	10601	-67	-67	10
2015-08-19 06:51:06.259	11001	10601	-67	-97	10	18.72	70.65	3.645
2015-08-19 07:31:58.41	11001	10601	-67	-67	10	18.97	70.48	3.645
2015-08-19 07:57:58.462	11001	10601	-67	-67	10	19.43	70.23	3.657
2015-08-19 09:54:58.842	11001	10601	-70	-67	10	23.24	69.24	3.621
2015-08-19 10:54:18.498	11001	10601	-70	-70	10	26.1	69.3	3.645
2015-08-19 11:28:56.158	11001	10601	-70	-67	10	27.83	69.41	3.633
2015-08-19 12:12:25.115	11001	10601	-70	-67	10	29.69	69.53	3.633
2015-08-19 13:01:14.459	11001	10601	-70	-70	10	31.3	70.55	3.621
2015-08-19 14:02:51.143	11001	10601	-70	-70	10	32.3	70.52	3.621
2015-08-19 15:12:13.075	11001	10601	-70	-67	10	32.52	70.62	3.657
2015-08-19 17:39:58.074	11001	10601	-70	-67	10
2015-08-19 21:30:41.106	11001	10601	-67	-67	10	24.43	72.25	3.633
2015-08-19 22:43:08.078	11001	10601	-70	-67	10	23.67	71.83	3.657
2015-08-20 00:45:17.406	11001	10601	-70	-67	10	23.15	71.34	3.669
2015-08-20 02:26:21.498	11001	10601	-67	-67	10
2015-08-20 04:26:21.295	11001	10601	-67	-67	10	22.78	70.74	3.645
2015-08-20 05:13:17.862	11001	10601	-67	-67	10	23.03	70.76	3.657
2015-08-20 07:16:46.644	11001	10601	-67	-67	10	23.07	70.93	3.657
2015-08-20 08:59:29.15	11001	10601	-67	-70	10	24.06	70.72	3.645
2015-08-20 09:01:22.05	11001	10601	-67	-97	10
2015-08-20 09:15:28.022	11001	10601	-70	-97	10	24.34	70.66	3.657
2015-08-20 10:25:44.554	11001	10601	-70	-67	10	24.63	71.22	3.645
2015-08-20 11:13:41.77	11001	10601	-67	-97	10
2015-08-20 12:00:20.458	11001	10601	-67	-67	10	26.13	70.68	3.633
2015-08-20 13:41:51.987	11001	10601	-70	-67	10	26.93	70.39	3.645
2015-08-20 14:56:18.512	11001	10601	-70	-70	10	26.74	71.56	3.633
2015-08-20 15:26:42.042	11001	10601	-70	-97	10	28.22	70.02	3.633
2015-08-20 15:36:08.502	11001	10601	-67	-97	10
2015-08-20 16:03:04.718	11001	10601	-70	-70	10	27.88	71.05	3.633
2015-08-20 16:24:53.742	11001	10601	-70	-67	10	28.08	70.92	3.633
2015-08-20 16:49:24.89	11001	10601	-70	-97	10	28.88	70.35	3.645
2015-08-20 17:21:46.478	11001	10601	-70	-70	10
2015-08-20 17:24:40.959	11001	10601	-70	-97	10	28.58	70.63	3.633
2015-08-20 17:47:32.674	11001	10601	-70	-67	10
2015-08-20 17:52:47.555	11001	10601	-70	-97	10	28.27	72.01	3.645
2015-08-20 18:31:57.698	11001	10601	-70	-97	10	27.19	72.32	3.633
2015-08-20 19:24:32.01	11001	10601	-70	-67	10
2015-08-20 19:45:33.746	11001	10601	-70	-67	10	24.29	72.73	3.657
2015-08-20 19:59:08.158	11001	10601	-67	-97	10
2015-08-20 20:15:38.83	11001	10601	-67	-97	10	23.02	72.82	3.645
2015-08-20 20:54:16.579	11001	10601	-70	-67	10	20.97	73.25	3.645
2015-08-20 22:47:12.098	11001	10601	-70	-67	10	18.97	71.86	3.645
2015-08-20 23:14:16.666	11001	10601	-67	-67	10	18.43	71.81	3.657
2015-08-20 23:29:51.054	11001	10601	-67	-97	10
2015-08-21 00:19:46.918	11001	10601	-67	-67	10	18.14	71.18	3.645
2015-08-21 01:33:21.138	11001	10601	-70	-67	10	16.58	71.65	3.645
2015-08-21 04:45:32.263	11001	10601	-67	-67	10
2015-08-21 05:54:48.899	11001	10601	-67	-67	10	13.39	70.93	3.645
2015-08-21 07:18:02.31	11001	10601	-67	-67	10	13.06	70.6	3.645
2015-08-21 09:27:21.395	11001	10601	-70	-67	10	17.88	68.61	3.645
2015-08-21 09:43:29.895	11001	10601	-67	-67	10
2015-08-21 09:50:28.826	11001	10601	-70	-97	10	18.86	68.84	3.645
2015-08-21 10:15:34.263	11001	10601	-70	-67	10	20.04	68.86	3.645
2015-08-21 11:03:23.426	11001	10601	-70	-67	10	21.65	69.18	3.621
2015-08-21 11:17:59.514	11001	10601	-70	-97	10	22.11	69.38	3.645
2015-08-21 11:20:20.167	11001	10601	-70	-97	10
2015-08-21 11:45:59.97	11001	10601	-70	-67	10
2015-08-21 12:02:42.675	11001	10601	-70	-97	10	24.18	69.92	3.621
2015-08-21 12:26:35.631	11001	10601	-73	-70	10	25.86	71.56	3.633
2015-08-21 12:54:05.347	11001	10601	-70	-70	10	25.96	70.67	3.633
2015-08-21 13:31:56.098	11001	10601	-70	-67	10
2015-08-21 13:32:52.231	11001	10601	-70	-97	10	26.83	70.46	3.621
2015-08-21 13:48:41.942	11001	10601	-70	-97	10
2015-08-21 13:55:41.65	11001	10601	-70	-97	10	27.13	70.37	3.633
2015-08-21 14:20:43.418	11001	10601	-70	-70	10	27.94	69.63	3.633
2015-08-21 15:01:15.802	11001	10601	-70	-70	10	28.52	69.59	3.621
2015-08-21 15:32:15.39	11001	10601	-70	-97	10	27.77	71.01	3.633
2015-08-21 15:43:32.882	11001	10601	-67	-67	10
2015-08-21 15:51:23.115	11001	10601	-70	-97	10
2015-08-21 16:00:02.198	11001	10601	-70	-97	10	27.97	70.47	3.633
2015-08-21 16:31:22.755	11001	10601	-70	-67	10	27.91	70.54	3.633
2015-08-21 16:48:43.819	11001	10601	-70	-97	10	28.3	70.38	3.645
2015-08-21 17:21:32.786	11001	10601	-67	-70	10	28.11	70.67	3.633
2015-08-21 17:54:04.182	11001	10601	-70	-67	10
2015-08-21 17:54:16.043	11001	10601	-70	-97	10	27.66	72.38	3.633
2015-08-21 17:55:07.246	11001	10601	-70	-97	10
2015-08-21 18:14:05.902	11001	10601	-67	-97	10	26.97	72.11	3.645
2015-08-21 18:53:33.831	11001	10601	-70	-67	10	25.32	72.95	3.633
2015-08-21 19:23:58.402	11001	10601	-67	-67	10	23.59	73.2	3.633
2015-08-21 19:56:45.302	11001	10601	-67	-67	10
2015-08-21 19:58:20.746	11001	10601	-67	-97	10	21.56	73.53	3.633
2015-08-21 20:06:43.891	11001	10601	-67	-97	10
2015-08-21 20:22:02.564	11001	10601	-67	-67	10	20.42	73.5	3.645
2015-08-21 20:55:30.811	11001	10601	-67	-97	10	19.02	73.23	3.645
2015-08-21 23:17:38.202	11001	10601	-67	-64	10	16.54	71.5	3.645
2015-08-22 00:29:54.187	11001	10601	-67	-67	10
2015-08-22 00:32:06.086	11001	10601	-67	-97	10	15.6	71.51	3.633
2015-08-22 02:41:31.567	11001	10601	-67	-67	10
2015-08-22 03:53:58.211	11001	10601	-67	-64	10	12.72	71.04	3.645
2015-08-22 04:07:32.579	11001	10601	-67	-97	10
2015-08-22 04:30:11.198	11001	10601	-67	-67	10	12.36	71.0	3.633
2015-08-22 04:44:41.458	11001	10601	-67	-97	10	12.28	70.98	3.657
2015-08-22 04:53:07.71	11001	10601	-67	-67	10
2015-08-22 05:15:09.222	11001	10601	-67	-97	10	12.07	70.84	3.645
2015-08-22 06:02:07.214	11001	10601	-67	-67	10	11.86	70.66	3.633
2015-08-22 06:10:14.363	11001	10601	-67	-97	10
2015-08-22 06:27:47.798	11001	10601	-67	-67	10	11.75	70.62	3.645
2015-08-22 07:56:27.422	11001	10601	-67	-67	10	12.78	69.81	3.645
2015-08-22 08:12:56.506	11001	10601	-67	-67	10
2015-08-22 08:18:51.339	11001	10601	-67	-67	10	13.75	69.56	3.645
2015-08-22 09:46:28.643	11001	10601	-67	-67	10	17.18	69.43	3.633
2015-08-22 10:20:14.679	11001	10601	-67	-67	10	18.75	69.1	3.633
2015-08-22 10:46:54.231	11001	10601	-70	-97	10	19.92	69.03	3.633
2015-08-22 11:13:21.867	11001	10601	-70	-67	10	20.96	69.11	3.633
2015-08-22 11:27:56.347	11001	10601	-97	-67	10
2015-08-22 11:53:52.411	11001	10601	-70	-97	10	23.07	69.8	3.621
2015-08-22 12:13:08.734	11001	10601	-70	-70	10	23.92	70.21	3.633
2015-08-22 12:18:18.423	11001	10601	-70	-97	10
2015-08-22 12:58:31.978	11001	10601	-67	-67	10	26.16	70.51	3.61
2015-08-22 13:28:00.267	11001	10601	-70	-70	10	26.51	70.46	3.621
2015-08-22 13:39:30.771	11001	10601	-67	-97	10
2015-08-22 13:59:35.31	11001	10601	-70	-67	10	26.94	70.25	3.621
2015-08-22 14:18:24.883	11001	10601	-70	-97	10	27.76	69.68	3.633
2015-08-22 14:20:59.982	11001	10601	-70	-97	10
2015-08-22 14:50:11.382	11001	10601	-70	-70	10	28.3	69.43	3.621
2015-08-22 15:29:36.514	11001	10601	-70	-97	10	27.86	70.56	3.621
2015-08-22 15:51:06.09	11001	10601	-70	-70	10
2015-08-22 16:02:10.062	11001	10601	-70	-67	10	27.99	70.56	3.621
2015-08-22 16:23:41.898	11001	10601	-70	-97	10
2015-08-22 16:23:46.662	11001	10601	-70	-97	10	27.99	70.39	3.633
2015-08-22 16:56:09.247	11001	10601	-70	-70	10	28.61	70.24	3.621
2015-08-22 17:22:07.643	11001	10601	-67	-67	10	28.11	70.84	3.633
2015-08-22 17:48:02.587	11001	10601	-67	-97	10	27.79	72.29	3.633
2015-08-22 18:02:41.986	11001	10601	-67	-97	10
2015-08-22 18:21:34.17	11001	10601	-67	-67	10	26.41	72.82	3.621
2015-08-22 18:26:22.207	11001	10601	-70	-97	10
2015-08-22 18:43:52.974	11001	10601	-67	-67	10	25.68	73.27	3.633
2015-08-22 19:30:17.998	11001	10601	-67	-67	10	22.96	73.52	3.621
2015-08-22 19:46:37.482	11001	10601	-67	-97	10	22.02	73.62	3.645
2015-08-22 20:22:42.671	11001	10601	-67	-64	10	20.11	73.6	3.633
2015-08-22 20:44:30.931	11001	10601	-67	-97	10	19.25	73.43	3.645
2015-08-22 22:25:53.986	11001	10601	-67	-67	10
2015-08-22 22:31:46.29	11001	10601	-67	-97	10
2015-08-23 02:24:28.863	11001	10601	-67	-67	10	14.67	71.2	3.621
2015-08-23 04:39:51.37	11001	10601	-67	-67	10
2015-08-23 05:01:32.998	11001	10601	-67	-97	10	13.35	70.92	3.633
2015-08-23 05:53:25.662	11001	10601	-67	-67	10	13.04	70.91	3.633
2015-08-23 07:43:42.755	11001	10601	-67	-67	10	13.47	70.38	3.633
2015-08-23 12:50:36.182	11001	10601	-70	-67	10
2015-08-23 12:51:23.57	11001	10601	-67	-97	10	28.19	70.25	3.621
2015-08-23 13:32:50.167	11001	10601	-67	-70	10	29.25	70.18	3.61
2015-08-23 13:47:07.854	11001	10601	-67	-97	10
2015-08-23 13:48:41.995	11001	10601	-67	-97	10	29.52	70.14	3.633
2015-08-23 14:27:49.326	11001	10601	-70	-67	10	30.77	69.78	3.61
2015-08-23 14:41:11.314	11001	10601	-73	-67	10	30.94	69.7	3.633
2015-08-23 14:53:17.635	11001	10601	-70	-97	10
2015-08-23 15:48:44.899	11001	10601	-70	-67	10	30.46	71.01	3.61
2015-08-23 15:58:41.358	11001	10601	-70	-97	10
2015-08-23 16:49:00.206	11001	10601	-70	-70	10	30.85	70.64	3.621
2015-08-23 17:58:01.159	11001	10601	-70	-67	10	29.76	72.37	3.621
2015-08-23 18:10:17.014	11001	10601	-67	-97	10
2015-08-23 18:18:11.142	11001	10601	-67	-97	10	28.6	72.78	3.633
2015-08-23 19:48:27.687	11001	10601	-67	-67	10	24.91	73.43	3.633
2015-08-23 22:15:08.367	11001	10601	-67	-67	10	20.94	72.53	3.633
2015-08-23 22:53:41.906	11001	10601	-67	-64	10	20.76	72.03	3.633
2015-08-24 02:25:21.654	11001	10601	-67	-67	10	19.33	71.26	3.621
2015-08-24 05:08:16.667	11001	10601	-67	-67	10
2015-08-24 07:19:52.014	11001	10601	-67	-67	10
2015-08-24 07:33:01.254	11001	10601	-67	-67	10	19.56	70.75	3.621
2015-08-24 07:48:52.286	11001	10601	-70	-97	10	19.72	70.78	3.633
2015-08-24 08:22:57.271	11001	10601	-67	-67	10	19.77	70.82	3.633
2015-08-24 08:43:21.739	11001	10601	-67	-67	10	19.77	70.99	3.633
2015-08-24 09:17:31.818	11001	10601	-67	-67	10
2015-08-24 09:31:28.274	11001	10601	-67	-97	10
2015-08-24 09:32:35.506	11001	10601	-67	-97	10	20.9	70.39	3.621
2015-08-24 09:42:33.278	11001	10601	-67	-67	10	21.17	70.41	3.645
2015-08-24 10:26:59.355	11001	10601	-67	-97	10	22.04	70.46	3.621
2015-08-24 10:55:50.027	11001	10601	-67	-67	10	22.42	70.56	3.621
2015-08-24 11:17:58.134	11001	10601	-70	-97	10	23.11	70.21	3.633
2015-08-24 11:20:13.458	11001	10601	-67	-97	10
2015-08-24 11:43:03.63	11001	10601	-67	-67	10
2015-08-24 11:51:34.518	11001	10601	-70	-97	10	24.68	70.47	3.621
2015-08-24 12:23:24.35	11001	10601	-70	-67	10	27.02	71.81	3.621
2015-08-24 12:49:13.154	11001	10601	-70	-67	10	27.15	70.98	3.621
2015-08-24 13:12:23.651	11001	10601	-67	-67	10	26.83	71.57	3.621
2015-08-24 13:22:54.395	11001	10601	-67	-97	10
2015-08-24 13:50:17.126	11001	10601	-67	-67	10	28.27	70.35	3.61
2015-08-24 13:54:42.146	11001	10601	-70	-97	10
2015-08-24 14:21:23.886	11001	10601	-67	-97	10	28.68	70.34	3.621
2015-08-24 15:17:19.178	11001	10601	-70	-67	10	28.83	70.31	3.621
2015-08-24 15:25:36.078	11001	10601	-67	-97	10
2015-08-24 15:59:39.202	11001	10601	-70	-67	10	27.94	71.58	3.61
2015-08-24 16:06:17.527	11001	10601	-67	-97	10
2015-08-24 16:29:00.49	11001	10601	-67	-67	10	28.13	71.13	3.621
2015-08-24 16:44:22.922	11001	10601	-67	-97	10	27.66	71.58	3.633
2015-08-24 17:20:05.938	11001	10601	-67	-67	10	27.44	71.74	3.621
2015-08-24 17:28:18.018	11001	10601	-67	-97	10
2015-08-24 18:02:23.511	11001	10601	-67	-67	10	26.41	72.32	3.61
2015-08-24 18:17:52.394	11001	10601	-70	-97	10
2015-08-24 18:26:50.206	11001	10601	-70	-67	10	25.72	72.32	3.633
2015-08-24 18:55:03.462	11001	10601	-67	-67	10	24.71	73.0	3.621
2015-08-24 19:17:16.275	11001	10601	-67	-97	10	24.21	72.66	3.633
2015-08-24 19:30:59.734	11001	10601	-67	-70	10
2015-08-24 19:43:03.06	11001	10601	-70	-97	10	23.52	72.55	3.633
2015-08-24 20:29:27.243	11001	10601	-70	-67	10
2015-08-24 21:29:53.287	11001	10601	-70	-67	10	21.28	71.96	3.633
2015-08-24 21:33:40.983	11001	10601	-70	-97	10
2015-08-24 21:59:39.806	11001	10601	-70	-67	10	20.97	71.79	3.633
2015-08-24 22:11:56.102	11001	10601	-70	-97	10	20.75	71.78	3.645
2015-08-24 22:41:03.275	11001	10601	-70	-97	10
2015-08-24 22:42:49.538	11001	10601	-67	-97	10	20.24	71.85	3.633
2015-08-24 23:27:25.79	11001	10601	-67	-67	10	18.88	72.27	3.621
2015-08-24 23:36:22.855	11001	10601	-67	-97	10
2015-08-24 23:53:08.962	11001	10601	-67	-97	10	18.06	72.31	3.633
2015-08-25 00:23:09.462	11001	10601	-67	-67	10	17.25	72.32	3.633
2015-08-25 00:49:32.095	11001	10601	-67	-67	10	16.58	72.16	3.633
2015-08-25 00:52:39.355	11001	10601	-67	-97	10
2015-08-25 01:24:00.339	11001	10601	-67	-97	10	15.86	71.99	3.633
2015-08-25 01:39:03.947	11001	10601	-67	-67	10
2015-08-25 01:57:35.858	11001	10601	-67	-67	10	15.21	71.84	3.633
2015-08-25 02:25:23.098	11001	10601	-67	-97	10	14.72	71.72	3.633
2015-08-25 02:47:28.611	11001	10601	-67	-67	10	14.47	71.57	3.633
2015-08-25 03:04:14.926	11001	10601	-67	-97	10
2015-08-25 03:20:30.714	11001	10601	-67	-97	10	14.04	71.4	3.633
2015-08-25 03:41:45.387	11001	10601	-67	-67	10
2015-08-25 03:45:21.166	11001	10601	-67	-97	10	13.75	71.37	3.633
2015-08-25 04:11:07.902	11001	10601	-67	-67	10	13.61	71.19	3.633
2015-08-25 04:41:28.562	11001	10601	-67	-97	10	13.39	71.01	3.633
2015-08-25 05:15:51.094	11001	10601	-67	-67	10
2015-08-25 05:21:53.246	11001	10601	-67	-97	10	13.24	70.9	3.633
2015-08-25 05:44:26.594	11001	10601	-67	-97	10
2015-08-25 05:59:15.076	11001	10601	-67	-97	10	13.11	70.74	3.633
2015-08-25 06:23:50.219	11001	10601	-67	-67	10	12.89	70.78	3.633
2015-08-25 06:48:36.899	11001	10601	-67	-67	10	12.79	70.73	3.633
2015-08-25 07:17:00.394	11001	10601	-67	-97	10	12.6	70.7	3.633
2015-08-25 07:27:28.011	11001	10601	-67	-97	10
2015-08-25 07:47:08.295	11001	10601	-67	-64	10
2015-08-25 08:00:49.699	11001	10601	-67	-67	10	13.53	70.01	3.621
2015-08-25 08:21:03.359	11001	10601	-67	-97	10	14.39	69.41	3.633
2015-08-25 08:51:56.183	11001	10601	-67	-67	10	15.43	69.22	3.621
2015-08-25 10:28:46.411	11001	10601	-67	-67	10	19.24	69.22	3.621
2015-08-25 10:46:31.579	11001	10601	-67	-67	10	20.0	69.19	3.633
2015-08-25 11:19:02.055	11001	10601	-70	-67	10	21.36	69.35	3.621
2015-08-25 11:49:45.975	11001	10601	-70	-97	10	21.52	70.28	3.621
2015-08-25 11:50:39.419	11001	10601	-70	-97	10
2015-08-25 11:52:32.587	11001	10601	-70	-97	10
2015-08-25 12:14:00.395	11001	10601	-70	-67	10	21.47	70.52	3.621
2015-08-25 12:43:40.514	11001	10601	-70	-70	10	21.86	70.74	3.621
2015-08-25 13:32:46.755	11001	10601	-67	-67	10	21.99	70.62	3.61
2015-08-25 13:47:51.487	11001	10601	-70	-67	10	22.14	71.01	3.633
2015-08-25 13:55:13.235	11001	10601	-67	-97	10
2015-08-25 14:02:17.519	11001	10601	-67	-97	10
2015-08-25 14:24:36.142	11001	10601	-67	-67	10	22.97	70.32	3.61
2015-08-25 14:58:15.627	11001	10601	-67	-67	10	22.44	71.46	3.61
2015-08-25 15:31:21.775	11001	10601	-70	-97	10	22.46	71.46	3.621
2015-08-25 15:41:16.683	11001	10601	-67	-67	10	22.43	71.51	3.633
2015-08-25 15:57:54.359	11001	10601	-70	-97	10
2015-08-25 16:13:52.314	11001	10601	-67	-67	10
2015-08-25 16:28:55.494	11001	10601	-67	-97	10	22.2	71.55	3.61
2015-08-25 16:51:06.878	11001	10601	-67	-97	10	21.93	71.53	3.621
2015-08-25 17:14:41.603	11001	10601	-67	-67	10	21.54	71.93	3.621
2015-08-25 18:00:36.311	11001	10601	-67	-64	10
2015-08-25 18:03:08.683	11001	10601	-67	-97	10	20.28	72.21	3.61
2015-08-25 18:17:36.562	11001	10601	-97	-67	10	19.96	72.23	3.633
2015-08-25 18:25:27.383	11001	10601	-67	-67	10
2015-08-25 18:56:52.23	11001	10601	-67	-67	10	19.22	72.04	3.621
2015-08-25 19:23:48.547	11001	10601	-67	-67	10	18.77	71.87	3.621
2015-08-25 19:57:59.939	11001	10601	-67	-67	10	18.13	71.83	3.621
2015-08-25 20:03:17.086	11001	10601	-67	-97	10
2015-08-25 20:21:41.583	11001	10601	-67	-97	10	17.71	71.83	3.633
2015-08-25 20:37:02.29	11001	10601	-67	-67	10
2015-08-25 20:55:43.542	11001	10601	-67	-97	10	17.08	71.8	3.621
2015-08-25 21:22:41.098	11001	10601	-67	-97	10	17.02	71.57	3.621
2015-08-25 21:58:56.016	11001	10601	-67	-67	10	17.15	71.07	3.621
2015-08-25 22:05:58.795	11001	10601	-67	-97	10
2015-08-25 22:17:48.127	11001	10601	-67	-97	10	17.07	71.06	3.633
2015-08-25 22:48:38.174	11001	10601	-67	-97	10
2015-08-25 23:00:07.647	11001	10601	-67	-97	10	16.58	71.27	3.621
2015-08-25 23:21:57.878	11001	10601	-67	-67	10	16.5	71.2	3.61
2015-08-25 23:59:39.791	11001	10601	-67	-67	10	16.46	71.0	3.621
2015-08-26 00:08:40.635	11001	10601	-67	-97	10
2015-08-26 00:16:35.338	11001	10601	-67	-97	10	16.39	70.93	3.633
2015-08-26 00:56:44.07	11001	10601	-67	-67	10	16.0	71.13	3.621
2015-08-26 01:00:14.135	11001	10601	-67	-97	10
2015-08-26 01:21:15.823	11001	10601	-67	-67	10	15.89	71.0	3.621
2015-08-26 01:53:35.09	11001	10601	-67	-97	10	15.06	71.14	3.621
2015-08-26 02:11:21.931	11001	10601	-67	-64	10
2015-08-26 02:30:28.711	11001	10601	-67	-97	10	13.92	71.59	3.621
2015-08-26 02:44:16.894	11001	10601	-67	-64	10	13.56	71.61	3.633
2015-08-26 03:11:50.398	11001	10601	-67	-97	10
2015-08-26 03:29:52.819	11001	10601	-67	-67	10	12.77	71.4	3.621
2015-08-26 03:53:00.651	11001	10601	-67	-97	10	12.53	71.33	3.621
2015-08-26 04:14:04.606	11001	10601	-67	-67	10
2015-08-26 04:29:45.926	11001	10601	-67	-97	10	12.18	70.99	3.621
2015-08-26 05:00:42.786	11001	10601	-67	-64	10	11.89	70.94	3.621
2015-08-26 05:23:02.774	11001	10601	-67	-67	10	11.77	70.81	3.621
2015-08-26 05:23:29.066	11001	10601	-67	-97	10
2015-08-26 05:49:03.646	11001	10601	-67	-97	10	11.68	70.71	3.621
2015-08-26 06:16:45.69	11001	10601	-67	-97	10
2015-08-26 06:29:06.31	11001	10601	-67	-64	10	11.39	70.6	3.621
2015-08-26 06:44:14.522	11001	10601	-67	-97	10	11.33	70.59	3.633
2015-08-26 07:11:38.179	11001	10601	-67	-97	10	11.47	70.51	3.621
2015-08-26 07:35:02.134	11001	10601	-67	-64	10
2015-08-26 08:02:17.542	11001	10601	-67	-97	10	13.24	69.38	3.61
2015-08-26 08:19:27.07	11001	10601	-67	-67	10
2015-08-26 08:19:53.366	11001	10601	-67	-97	10	13.75	69.4	3.621
2015-08-26 08:54:39.606	11001	10601	-67	-64	10	14.89	69.36	3.61
2015-08-26 09:33:02.742	11001	10601	-67	-64	10	15.79	69.5	3.61
2015-08-26 09:46:39.091	11001	10601	-67	-97	10
2015-08-26 10:00:30.275	11001	10601	-67	-97	10	17.0	69.39	3.621
2015-08-26 10:22:08.614	11001	10601	-70	-67	10
2015-08-26 10:31:11.142	11001	10601	-70	-67	10	18.27	69.4	3.61
2015-08-26 10:47:44.33	11001	10601	-67	-97	10	18.89	69.32	3.621
2015-08-26 11:25:09.56	11001	10601	-67	-67	10	20.2	69.28	3.61
2015-08-26 11:48:08.194	11001	10601	-67	-97	10	20.0	70.17	3.621
2015-08-26 11:58:13.695	11001	10601	-67	-97	10
2015-08-26 12:25:27.503	11001	10601	-67	-97	10	20.2	70.71	3.61
2015-08-26 12:58:30.03	11001	10601	-67	-67	10	20.67	70.68	3.61
2015-08-26 13:23:44.087	11001	10601	-67	-97	10	21.57	70.21	3.61
2015-08-26 13:46:01.383	11001	10601	-67	-97	10	22.11	70.5	3.621
2015-08-26 14:09:49.591	11001	10601	-70	-67	10
2015-08-26 14:17:27.206	11001	10601	-67	-97	10	22.24	71.0	3.61
2015-08-26 14:27:40.271	11001	10601	-70	-97	10
2015-08-26 14:51:29.391	11001	10601	-67	-67	10	21.85	71.29	3.61
2015-08-26 15:19:04.199	11001	10601	-70	-67	10	21.81	71.2	3.61
2015-08-26 15:51:55.783	11001	10601	-70	-97	10	22.31	70.73	3.61
2015-08-26 16:17:33.582	11001	10601	-70	-67	10	21.68	71.54	3.621
2015-08-26 16:21:25.954	11001	10601	-70	-97	10
2015-08-26 16:30:13.223	11001	10601	-70	-67	10
2015-08-26 16:59:12.412	11001	10601	-67	-67	10	21.88	71.3	3.61
2015-08-26 17:17:04.079	11001	10601	-70	-67	10	21.79	71.14	3.621
2015-08-26 17:51:49.098	11001	10601	-70	-67	10	21.32	71.55	3.61
2015-08-26 18:28:59.69	11001	10601	-67	-67	10	20.32	71.95	3.61
2015-08-26 18:32:55.307	11001	10601	-67	-97	10
2015-08-26 18:33:01.587	11001	10601	-67	-97	10
2015-08-26 18:41:43.387	11001	10601	-67	-67	10	20.1	72.04	3.621
2015-08-26 19:31:37.479	11001	10601	-70	-67	10	18.97	72.02	3.61
2015-08-26 19:41:13.79	11001	10601	-70	-97	10	18.74	71.97	3.633
2015-08-26 20:15:45.083	11001	10601	-67	-67	10	18.33	71.73	3.61
2015-08-26 20:35:36.378	11001	10601	-67	-97	10
2015-08-26 20:44:37.731	11001	10601	-67	-67	10
2015-08-26 20:50:29.998	11001	10601	-67	-97	10	17.72	71.75	3.61
2015-08-26 21:31:21.898	11001	10601	-67	-67	10	17.04	71.68	3.61
2015-08-26 21:50:28.526	11001	10601	-67	-97	10	16.65	71.63	3.621
2015-08-26 22:15:55.498	11001	10601	-67	-67	10	16.27	71.56	3.621
2015-08-26 22:38:18.11	11001	10601	-67	-67	10
2015-08-26 22:55:38.414	11001	10601	-67	-97	10	15.82	71.5	3.61
2015-08-26 22:56:14.118	11001	10601	-67	-97	10
2015-08-26 23:31:54.057	11001	10601	-67	-67	10	15.86	71.13	3.61
2015-08-26 23:58:40.658	11001	10601	-67	-67	10	15.78	71.0	3.621
2015-08-27 00:27:06.751	11001	10601	-67	-97	10	15.65	70.98	3.621
2015-08-27 00:40:59.547	11001	10601	-67	-67	10
2015-08-27 01:01:06.671	11001	10601	-67	-97	10	15.47	70.95	3.61
2015-08-27 01:07:49.603	11001	10601	-67	-97	10
2015-08-27 01:19:55.086	11001	10601	-67	-67	10	15.43	70.94	3.621
2015-08-27 02:02:56.679	11001	10601	-67	-67	10	15.29	70.91	3.61
2015-08-27 02:17:03.371	11001	10601	-67	-97	10	15.18	70.86	3.621
2015-08-27 02:43:41.299	11001	10601	-67	-67	10
2015-08-27 02:51:54.699	11001	10601	-67	-97	10	15.07	70.84	3.61
2015-08-27 03:19:25.235	11001	10601	-67	-67	10
2015-08-27 03:21:13.047	11001	10601	-67	-97	10	15.06	70.76	3.621
2015-08-27 03:45:53.623	11001	10601	-67	-97	10	15.04	70.73	3.621
2015-08-27 04:15:25.018	11001	10601	-67	-67	10	15.2	70.57	3.61
2015-08-27 04:42:43.375	11001	10601	-67	-64	10	15.2	70.54	3.61
2015-08-27 04:46:21.958	11001	10601	-67	-97	10
2015-08-27 05:19:25.99	11001	10601	-67	-67	10	15.02	70.7	3.61
2015-08-27 05:31:01.058	11001	10601	-67	-97	10
2015-08-27 05:57:19.742	11001	10601	-67	-97	10	14.92	70.7	3.61
2015-08-27 06:27:25.45	11001	10601	-67	-64	10	14.88	70.67	3.61
2015-08-27 06:47:31.982	11001	10601	-67	-67	10	14.82	70.66	3.621
2015-08-27 06:49:05.178	11001	10601	-67	-97	10
2015-08-27 07:18:24.55	11001	10601	-67	-67	10	14.89	70.64	3.61
2015-08-27 07:42:37.67	11001	10601	-67	-97	10
2015-08-27 07:58:50.666	11001	10601	-67	-67	10	15.5	70.32	3.61
2015-08-27 08:19:46.178	11001	10601	-67	-97	10	16.0	70.17	3.61
2015-08-27 08:43:11.727	11001	10601	-67	-67	10	16.63	69.96	3.61
2015-08-27 08:51:46.474	11001	10601	-67	-97	10
2015-08-27 09:12:21.594	11001	10601	-67	-67	10	17.22	69.85	3.61
2015-08-27 09:54:14.554	11001	10601	-67	-67	10
2015-08-27 09:59:23.519	11001	10601	-67	-97	10	18.83	69.42	3.598
2015-08-27 10:20:55.43	11001	10601	-70	-97	10	19.14	69.9	3.61
2015-08-27 10:44:32.042	11001	10601	-67	-67	10	19.71	70.06	3.61
2015-08-27 10:54:27.63	11001	10601	-67	-97	10
2015-08-27 11:22:20.986	11001	10601	-67	-97	10	20.86	70.1	3.598
2015-08-27 11:44:35.915	11001	10601	-67	-97	10	20.75	70.33	3.61
2015-08-27 12:05:48.799	11001	10601	-67	-67	10
2015-08-27 12:14:20.394	11001	10601	-67	-97	10	21.19	70.61	3.61
2015-08-27 12:51:28.25	11001	10601	-67	-67	10	21.64	70.86	3.598
2015-08-27 12:57:08.723	11001	10601	-67	-97	10
2015-08-27 13:16:50.662	11001	10601	-67	-70	10	22.22	70.75	3.61
2015-08-27 13:51:24.583	11001	10601	-67	-97	10	22.43	70.9	3.598
2015-08-27 14:17:24.438	11001	10601	-70	-67	10
2015-08-27 14:32:59.306	11001	10601	-70	-67	10	21.52	71.42	3.598
2015-08-27 14:59:50.762	11001	10601	-67	-97	10
2015-08-27 15:01:19.511	11001	10601	-67	-97	10	20.82	72.18	3.61
2015-08-27 15:13:15.164	11001	10601	-67	-97	10	21.0	71.96	3.621
2015-08-27 15:43:25.154	11001	10601	-67	-67	10	22.02	70.9	3.61
2015-08-27 16:20:09.758	11001	10601	-70	-67	10	22.34	71.05	3.598
2015-08-27 16:29:00.722	11001	10601	-70	-97	10
2015-08-27 16:45:00.895	11001	10601	-67	-67	10	22.86	70.89	3.61
2015-08-27 17:02:31.44	11001	10601	-67	-97	10
2015-08-27 17:18:29.554	11001	10601	-70	-67	10	23.01	70.95	3.598
2015-08-27 17:57:00.562	11001	10601	-67	-97	10	23.85	70.57	3.598
2015-08-27 18:11:40.434	11001	10601	-67	-67	10	23.27	71.05	3.621
2015-08-27 18:40:36.232	11001	10601	-67	-97	10
2015-08-27 18:53:42.554	11001	10601	-67	-67	10	21.78	72.03	3.598
2015-08-27 19:05:13.227	11001	10601	-67	-97	10
2015-08-27 19:24:12.026	11001	10601	-67	-67	10	20.83	72.24	3.61
2015-08-27 19:46:37.939	11001	10601	-67	-97	10	20.04	72.33	3.621
2015-08-27 20:26:25.511	11001	10601	-67	-67	10	18.92	72.34	3.61
2015-08-27 20:52:12.755	11001	10601	-67	-67	10
2015-08-27 21:00:52.422	11001	10601	-67	-97	10	18.25	72.07	3.61
2015-08-27 21:07:55.294	11001	10601	-67	-67	10
2015-08-27 21:13:10.602	11001	10601	-67	-97	10	18.06	71.98	3.621
2015-08-27 21:43:03.426	11001	10601	-67	-97	10	17.42	71.86	3.61
2015-08-27 22:20:27.614	11001	10601	-67	-97	10	16.36	71.93	3.61
2015-08-27 22:41:21.491	11001	10601	-67	-67	10	15.82	71.96	3.61
2015-08-27 23:03:49.099	11001	10601	-67	-97	10
2015-08-27 23:10:35.99	11001	10601	-67	-67	10
2015-08-27 23:22:00.098	11001	10601	-70	-97	10	15.1	71.77	3.61
2015-08-27 23:45:16.139	11001	10601	-67	-97	10	14.77	71.6	3.621
2015-08-28 00:16:19.103	11001	10601	-67	-67	10	14.36	71.44	3.621
2015-08-28 00:41:28.434	11001	10601	-67	-67	10	14.24	71.25	3.621
2015-08-28 01:13:18.562	11001	10601	-67	-97	10
2015-08-28 01:15:24.482	11001	10601	-67	-97	10
2015-08-28 01:27:06.495	11001	10601	-67	-67	10	13.93	71.01	3.61
2015-08-28 01:44:12.319	11001	10601	-67	-97	10	13.86	70.96	3.621
2015-08-28 02:29:12.19	11001	10601	-67	-64	10	13.6	70.83	3.61
2015-08-28 02:56:51.131	11001	10601	-67	-64	10	13.32	70.83	3.61
2015-08-28 03:11:58.055	11001	10601	-67	-97	10	13.18	70.89	3.621
2015-08-28 03:15:58.599	11001	10601	-67	-97	10
2015-08-28 03:27:00.766	11001	10601	-67	-67	10
2015-08-28 03:41:52.186	11001	10601	-67	-97	10	13.14	70.72	3.61
2015-08-28 04:32:38.555	11001	10601	-67	-67	10	12.97	70.55	3.598
2015-08-28 04:47:32.503	11001	10601	-67	-64	10	12.89	70.54	3.61
2015-08-28 05:18:41.162	11001	10601	-67	-64	10
2015-08-28 05:24:09.29	11001	10601	-67	-97	10	12.7	70.47	3.61
2015-08-28 05:38:35.079	11001	10601	-67	-97	10
2015-08-28 05:40:43.406	11001	10601	-67	-97	10	12.5	70.6	3.621
2015-08-28 06:21:33.914	11001	10601	-67	-64	10	12.36	70.54	3.61
2015-08-28 06:53:32.546	11001	10601	-67	-64	10	12.22	70.52	3.61
2015-08-28 07:21:21.783	11001	10601	-67	-64	10
2015-08-28 07:27:20.911	11001	10601	-67	-97	10	12.25	70.39	3.61
2015-08-28 07:48:59.051	11001	10601	-64	-97	10	12.5	70.22	3.61
2015-08-28 07:50:13.666	11001	10601	-67	-97	10
2015-08-28 08:10:52.798	11001	10601	-64	-64	10	13.02	69.83	3.61
2015-08-28 08:51:59.451	11001	10601	-67	-64	10	14.35	69.29	3.598
2015-08-28 09:12:34.382	11001	10601	-67	-67	10	15.22	69.06	3.61
2015-08-28 09:24:03.502	11001	10601	-67	-97	10
2015-08-28 09:51:40.607	11001	10601	-67	-97	10	17.57	68.83	3.598
2015-08-28 10:01:47.762	11001	10601	-67	-67	10
2015-08-28 10:28:17.338	11001	10601	-67	-97	10	19.67	68.6	3.598
2015-08-28 10:46:54.991	11001	10601	-67	-67	10	20.43	68.82	3.61
2015-08-28 11:26:50.83	11001	10601	-70	-70	10
2015-08-28 11:29:52.555	11001	10601	-70	-97	10	22.47	69.3	3.587
2015-08-28 11:55:32.775	11001	10601	-67	-97	10	23.97	69.26	3.598
2015-08-28 13:29:27.486	11001	10601	-67	-67	10
2015-08-28 14:55:38.43	11001	10601	-67	-67	10	26.61	70.93	3.587
2015-08-28 15:27:20.366	11001	10601	-67	-67	10	25.85	72.32	3.598
2015-08-28 15:32:08.83	11001	10601	-67	-97	10
2015-08-28 15:46:30.387	11001	10601	-70	-97	10	27.05	70.73	3.61
2015-08-28 17:30:24.039	11001	10601	-70	-67	10	28.4	71.15	3.587
2015-08-28 17:34:51.658	11001	10601	-70	-97	10
2015-08-28 17:58:01.35	11001	10601	-67	-67	10	27.19	71.98	3.61
2015-08-28 18:11:01.679	11001	10601	-67	-97	10	26.69	72.17	3.621
2015-08-28 18:48:11.651	11001	10601	-67	-97	10
2015-08-28 18:53:30.771	11001	10601	-67	-67	10	24.91	72.82	3.598
2015-08-28 19:31:02.346	11001	10601	-67	-97	10	22.89	73.35	3.598
2015-08-28 19:37:32.17	11001	10601	-67	-64	10
2015-08-28 20:01:19.318	11001	10601	-67	-64	10	21.29	73.37	3.61
2015-08-28 20:29:34.51	11001	10601	-67	-97	10	20.04	73.21	3.621
2015-08-28 20:56:06.578	11001	10601	-67	-64	10	18.97	73.11	3.621
2015-08-28 20:59:46.859	11001	10601	-67	-97	10
2015-08-28 21:21:18.255	11001	10601	-67	-97	10	18.28	72.81	3.621
2015-08-28 21:40:13.426	11001	10601	-67	-64	10
2015-08-28 21:52:48.954	11001	10601	-67	-97	10	17.61	72.49	3.61
2015-08-28 22:16:09.546	11001	10601	-67	-67	10	17.22	72.26	3.621
2015-08-28 22:49:19.419	11001	10601	-67	-64	10	16.89	71.87	3.61
2015-08-28 23:11:23.662	11001	10601	-67	-97	10
2015-08-28 23:18:32.614	11001	10601	-67	-97	10	16.43	71.75	3.621
2015-08-28 23:42:54.251	11001	10601	-67	-64	10
2015-08-28 23:45:04.858	11001	10601	-67	-97	10	16.1	71.61	3.621
2015-08-29 00:20:09.47	11001	10601	-67	-64	10	15.72	71.48	3.61
2015-08-29 00:48:51.263	11001	10601	-67	-97	10	15.33	71.46	3.621
2015-08-29 01:22:59.586	11001	10601	-67	-67	10
2015-08-29 01:26:57.134	11001	10601	-67	-97	10	14.93	71.25	3.61
2015-08-29 01:45:38.114	11001	10601	-67	-67	10
2015-08-29 01:56:25.047	11001	10601	-67	-97	10	14.57	71.24	3.621
2015-08-29 02:30:13.403	11001	10601	-67	-64	10	14.15	71.18	3.61
2015-08-29 02:53:01.006	11001	10601	-67	-67	10	13.9	71.16	3.621
2015-08-29 03:17:56.703	11001	10601	-67	-97	10	13.75	71.03	3.621
2015-08-29 03:34:35.346	11001	10601	-67	-97	10
2015-08-29 03:46:59.758	11001	10601	-67	-97	10	13.45	70.97	3.598
2015-08-29 03:48:18.123	11001	10601	-67	-97	10
2015-08-29 04:11:42.258	11001	10601	-67	-64	10	13.29	70.91	3.61
2015-08-29 04:45:34.311	11001	10601	-67	-67	10	13.04	70.84	3.61
2015-08-29 05:28:13.906	11001	10601	-67	-97	10	12.9	70.67	3.61
2015-08-29 05:46:11.298	11001	10601	-67	-64	10
2015-08-29 05:50:58.871	11001	10601	-67	-97	10
2015-08-29 05:55:23.515	11001	10601	-67	-97	10	12.68	70.63	3.61
2015-08-29 06:30:55.106	11001	10601	-67	-67	10	12.43	70.64	3.61
2015-08-29 06:45:25.223	11001	10601	-67	-67	10	12.35	70.65	3.621
2015-08-29 07:27:27.355	11001	10601	-67	-64	10	12.5	70.41	3.61
2015-08-29 07:53:40.502	11001	10601	-67	-97	10
2015-08-29 07:56:44.335	11001	10601	-67	-97	10	12.96	70.14	3.61
2015-08-29 07:56:46.77	11001	10601	-67	-97	10	12.96	70.14	3.61
2015-08-29 07:57:49.251	11001	10601	-67	-97	10
2015-08-29 08:11:20.627	11001	10601	-67	-64	10	13.24	69.98	3.61
2015-08-29 08:53:14.886	11001	10601	-67	-64	10	14.68	69.43	3.598
2015-08-29 09:27:12.723	11001	10601	-67	-97	10	16.56	68.87	3.587
2015-08-29 09:56:02.67	11001	10601	-67	-67	10	18.46	68.71	3.598
2015-08-29 09:56:22.251	11001	10601	-70	-97	10
2015-08-29 10:09:22.471	11001	10601	-70	-67	10
2015-08-29 10:27:50.563	11001	10601	-67	-97	10	20.69	68.44	3.598
2015-08-29 10:47:14.875	11001	10601	-67	-97	10	21.85	68.51	3.61
2015-08-29 11:18:51.531	11001	10601	-67	-67	10	23.61	68.65	3.598
2015-08-29 11:49:48.443	11001	10601	-67	-67	10	25.49	69.07	3.598
2015-08-29 11:59:04.614	11001	10601	-70	-97	10
2015-08-29 12:20:57.279	11001	10601	-67	-67	10	27.13	69.63	3.598
2015-08-29 12:21:03.131	11001	10601	-67	-97	10
2015-08-29 13:02:48.755	11001	10601	-70	-67	10	29.68	69.79	3.587
2015-08-29 13:18:26.506	11001	10601	-70	-97	10	30.3	70.16	3.61
2015-08-29 14:01:14.786	11001	10601	-67	-67	10	30.19	71.33	3.587
2015-08-29 14:01:45.214	11001	10601	-67	-97	10
2015-08-29 14:23:22.63	11001	10601	-70	-67	10	30.68	70.7	3.598
2015-08-29 14:32:36.318	11001	10601	-70	-97	10
2015-08-29 14:54:24.266	11001	10601	-67	-67	10	31.13	70.05	3.598
2015-08-29 15:17:00.726	11001	10601	-67	-97	10	30.63	70.72	3.598
2015-08-29 16:04:29.026	11001	10601	-67	-67	10
2015-08-29 16:17:02.122	11001	10601	-70	-97	10	29.69	71.82	3.598
2015-08-29 16:44:10.594	11001	10601	-67	-97	10
2015-08-29 16:51:26.694	11001	10601	-67	-97	10	29.01	72.32	3.598
2015-08-29 18:54:14.363	11001	10601	-67	-67	10	27.57	72.59	3.598
2015-08-29 19:25:24.655	11001	10601	-67	-97	10	25.85	73.19	3.61
2015-08-29 19:56:13.175	11001	10601	-67	-67	10	24.2	73.49	3.61
2015-08-29 20:09:49.823	11001	10601	-67	-64	10
2015-08-29 20:15:12.543	11001	10601	-67	-97	10	23.36	73.41	3.621
2015-08-29 20:43:07.623	11001	10601	-67	-64	10	22.47	73.18	3.61
2015-08-29 21:07:22.446	11001	10601	-67	-97	10
2015-08-29 21:29:15.226	11001	10601	-67	-64	10	22.14	72.26	3.598
2015-08-29 21:48:55.907	11001	10601	-67	-97	10	22.06	72.11	3.621
2015-08-29 22:12:30.911	11001	10601	-67	-64	10
2015-08-29 22:24:04.83	11001	10601	-67	-97	10	21.9	71.72	3.61
2015-08-29 22:41:34.162	11001	10601	-67	-97	10	21.47	71.8	3.621
2015-08-29 23:18:57.711	11001	10601	-67	-64	10
2015-08-29 23:30:05.162	11001	10601	-67	-64	10	20.76	71.84	3.598
2015-08-29 23:44:47.507	11001	10601	-67	-97	10	20.68	71.74	3.621
2015-08-30 00:15:13.219	11001	10601	-67	-67	10
2015-08-30 00:27:37.351	11001	10601	-67	-97	10	20.35	71.48	3.61
2015-08-30 00:48:14.407	11001	10601	-67	-64	10	20.07	71.57	3.621
2015-08-30 01:30:34.126	11001	10601	-67	-64	10
2015-08-30 01:30:51.431	11001	10601	-67	-97	10	19.96	71.41	3.61
2015-08-30 01:48:08.642	11001	10601	-67	-97	10	20.04	71.26	3.621
2015-08-30 02:17:55.883	11001	10601	-67	-64	10
2015-08-30 02:23:04.534	11001	10601	-67	-97	10	20.45	70.75	3.61
2015-08-30 02:56:48.838	11001	10601	-67	-64	10	20.27	71.0	3.61
2015-08-30 03:22:35.483	11001	10601	-67	-97	10	20.56	70.77	3.61
2015-08-30 03:42:11.114	11001	10601	-67	-67	10
2015-08-30 03:46:37.755	11001	10601	-67	-97	10	20.38	70.91	3.61
2015-08-30 04:20:36.358	11001	10601	-67	-64	10
2015-08-30 04:24:38.27	11001	10601	-67	-97	10	19.82	71.22	3.61
2015-08-30 04:51:40.146	11001	10601	-67	-67	10	19.4	71.36	3.61
2015-08-30 05:28:15.067	11001	10601	-67	-67	10	19.36	71.19	3.61
2015-08-30 05:51:46.399	11001	10601	-67	-97	10	19.68	70.53	3.61
2015-08-30 05:53:47.07	11001	10601	-67	-97	10
2015-08-30 06:15:00.455	11001	10601	-64	-64	10	19.5	70.74	3.61
2015-08-30 06:23:20.275	11001	10601	-67	-97	10
2015-08-30 06:50:33.963	11001	10601	-67	-64	10	19.32	70.87	3.61
2015-08-30 07:20:09.794	11001	10601	-64	-97	10	19.25	70.92	3.61
2015-08-30 07:58:10.39	11001	10601	-67	-64	10	19.43	70.73	3.598
2015-08-30 08:05:20.914	11001	10601	-67	-64	10
2015-08-30 08:25:59.13	11001	10601	-67	-64	10
2015-08-30 08:29:02.654	11001	10601	-64	-97	10	19.85	70.53	3.61
2015-08-30 08:47:18.679	11001	10601	-67	-97	10	20.2	70.43	3.61
2015-08-30 09:28:18.65	11001	10601	-67	-64	10	21.08	70.15	3.598
2015-08-30 10:01:25.694	11001	10601	-67	-67	10	21.79	70.39	3.598
2015-08-30 10:16:57.494	11001	10601	-67	-67	10
2015-08-30 10:25:21.306	11001	10601	-67	-97	10	21.9	70.3	3.61
2015-08-30 10:28:41.058	11001	10601	-67	-97	10
2015-08-30 10:51:10.991	11001	10601	-67	-67	10	22.11	70.67	3.61
2015-08-30 11:18:29.407	11001	10601	-67	-97	10	23.13	70.27	3.598
2015-08-30 11:46:08.702	11001	10601	-67	-67	10	24.46	70.03	3.598
2015-08-30 12:24:32.922	11001	10601	-67	-97	10	26.29	70.02	3.587
2015-08-30 12:28:33.315	11001	10601	-70	-97	10
2015-08-30 12:31:22.451	11001	10601	-67	-97	10
2015-08-30 12:51:02.79	11001	10601	-70	-67	10	27.83	69.98	3.598
2015-08-30 13:11:33.959	11001	10601	-70	-97	10	28.43	69.86	3.61
2015-08-30 14:17:51.359	11001	10601	-67	-67	10	30.35	70.75	3.61
2015-08-30 14:34:03.778	11001	10601	-70	-97	10
2015-08-30 14:40:08.938	11001	10601	-70	-67	10
2015-08-30 14:56:37.662	11001	10601	-70	-97	10	30.61	70.83	3.587
2015-08-30 15:11:51.494	11001	10601	-67	-97	10	30.72	70.7	3.598
2015-08-30 18:22:01.094	11001	10601	-67	-67	10	29.55	72.33	3.598
2015-08-30 18:39:27.907	11001	10601	-67	-97	10
2015-08-30 18:51:42.742	11001	10601	-67	-64	10	28.74	72.41	3.598
2015-08-30 19:03:20.339	11001	10601	-67	-97	10
2015-08-30 19:12:10.727	11001	10601	-67	-97	10	27.97	72.64	3.61
2015-08-30 19:41:37.227	11001	10601	-67	-67	10	26.61	72.94	3.61
2015-08-30 20:28:48.762	11001	10601	-67	-67	10	24.9	72.98	3.598
2015-08-30 20:42:14.834	11001	10601	-67	-97	10
2015-08-30 20:56:15.334	11001	10601	-67	-64	10	24.88	72.17	3.61
2015-08-30 21:14:57.231	11001	10601	-67	-97	10
2015-08-30 21:24:29.434	11001	10601	-67	-97	10	23.72	72.48	3.61
2015-08-30 21:47:23.059	11001	10601	-67	-67	10	22.9	72.63	3.621
2015-08-30 22:32:24.006	11001	10601	-67	-67	10	22.02	72.38	3.598
2015-08-30 22:44:51.823	11001	10601	-67	-67	10
2015-08-30 22:53:54.303	11001	10601	-67	-97	10	22.09	71.81	3.621
2015-08-30 23:12:01.699	11001	10601	-67	-97	10	21.83	71.76	3.621
2015-08-30 23:26:33.043	11001	10601	-67	-97	10
2015-08-30 23:58:32.891	11001	10601	-67	-67	10	21.38	71.7	3.598
2015-08-31 00:24:31.815	11001	10601	-67	-67	10	21.08	71.62	3.61
2015-08-31 00:47:31.262	11001	10601	-67	-97	10
2015-08-31 00:58:46.571	11001	10601	-67	-64	10	20.77	71.51	3.61
2015-08-31 01:30:14.599	11001	10601	-67	-64	10	20.5	71.46	3.61
2015-08-31 01:38:09.023	11001	10601	-67	-97	10
2015-08-31 01:57:02.558	11001	10601	-67	-97	10	20.54	71.27	3.598
2015-08-31 02:31:01.638	11001	10601	-67	-64	10	20.28	71.19	3.61
2015-08-31 02:42:11.382	11001	10601	-67	-97	10	20.27	71.14	3.621
2015-08-31 02:50:13.258	11001	10601	-67	-97	10
2015-08-31 03:15:18.222	11001	10601	-67	-97	10	20.2	71.01	3.61
2015-08-31 03:45:13.918	11001	10601	-67	-64	10	20.25	70.86	3.61
2015-08-31 03:49:45.483	11001	10601	-67	-97	10
2015-08-31 04:22:13.887	11001	10601	-67	-67	10	20.14	70.86	3.598
2015-08-31 04:52:53.964	11001	10601	-67	-97	10
2015-08-31 04:56:59.478	11001	10601	-67	-97	10	19.71	71.14	3.598
2015-08-31 04:57:01.714	11001	10601	-67	-97	10	19.71	71.14	3.598
2015-08-31 04:57:04.306	11001	10601	-67	-97	10	19.71	71.14	3.598
2015-08-31 05:30:25.902	11001	10601	-67	-67	10	19.74	70.93	3.61
2015-08-31 05:54:36.915	11001	10601	-67	-67	10	19.52	70.97	3.61
2015-08-31 06:01:20.49	11001	10601	-67	-97	10
2015-08-31 06:23:20.483	11001	10601	-67	-64	10	19.38	70.91	3.61
2015-08-31 06:55:35.399	11001	10601	-67	-64	10
2015-08-31 07:01:46.603	11001	10601	-67	-97	10	19.2	70.88	3.598
2015-08-31 07:20:37.158	11001	10601	-67	-97	10	19.14	71.01	3.61
2015-08-31 07:55:15.954	11001	10601	-67	-67	10	19.64	70.57	3.598
2015-08-31 08:12:56.031	11001	10601	-67	-64	10
2015-08-31 08:27:52.154	11001	10601	-67	-97	10	20.54	70.16	3.598
2015-08-31 08:46:27.69	11001	10601	-67	-97	10	21.1	69.89	3.61
2015-08-31 08:58:17.118	11001	10601	-67	-64	10
2015-08-31 09:14:55.286	11001	10601	-67	-97	10	21.6	69.93	3.598
2015-08-31 09:42:06.711	11001	10601	-67	-64	10	21.99	70.14	3.598
2015-08-31 11:01:19.51	11001	10601	-67	-67	10
2015-08-31 11:58:13.175	11001	10601	-67	-67	10	28.08	69.88	3.587
2015-08-31 12:29:37.738	11001	10601	-70	-67	10	30.25	71.46	3.587
2015-08-31 12:36:07.426	11001	10601	-67	-97	10
2015-08-31 12:55:49.606	11001	10601	-67	-97	10	30.71	69.8	3.598
2015-08-31 13:03:55.787	11001	10601	-67	-67	10
2015-08-31 13:27:44.211	11001	10601	-67	-67	10	31.25	71.12	3.587
2015-08-31 13:57:12.29	11001	10601	-67	-97	10	32.3	70.41	3.587
2015-08-31 14:30:39.463	11001	10601	-70	-67	10	33.65	69.56	3.587
2015-08-31 14:46:16.375	11001	10601	-70	-97	10	33.44	70.2	3.61
2015-08-31 14:47:45.71	11001	10601	-67	-97	10
2015-08-31 15:06:22.127	11001	10601	-67	-67	10
2015-08-31 15:14:15.259	11001	10601	-67	-97	10	32.66	71.26	3.587
2015-08-31 15:58:53.815	11001	10601	-70	-67	10	33.71	70.42	3.587
2015-08-31 16:18:35.987	11001	10601	-67	-67	10	33.25	70.93	3.598
2015-08-31 20:30:14.395	11001	10601	-67	-64	10	24.86	73.28	3.598
2015-08-31 20:55:33.343	11001	10601	-67	-64	10	24.07	73.02	3.61
2015-08-31 21:11:43.155	11001	10601	-67	-97	10	23.6	72.87	3.621
2015-08-31 21:14:26.382	11001	10601	-67	-97	10
2015-08-31 21:22:32.115	11001	10601	-67	-64	10
2015-08-31 21:51:06.999	11001	10601	-67	-97	10	22.92	72.44	3.598
2015-08-31 22:29:30.83	11001	10601	-67	-64	10	22.36	72.08	3.598
2015-08-31 22:58:05.694	11001	10601	-67	-67	10	21.86	71.96	3.587
2015-08-31 23:17:08.214	11001	10601	-67	-97	10
2015-08-31 23:23:32.787	11001	10601	-67	-67	10	21.5	71.89	3.61
2015-08-31 23:34:07.714	11001	10601	-67	-97	10
2015-09-01 00:02:57.386	11001	10601	-67	-97	10	21.11	71.63	3.598
2015-09-01 00:14:31.867	11001	10601	-67	-67	10	21.04	71.58	3.621
2015-09-01 00:52:54.287	11001	10601	-67	-97	10	20.86	71.33	3.598
2015-09-01 01:19:49.026	11001	10601	-67	-97	10
2015-09-01 01:30:20.243	11001	10601	-67	-97	10	20.65	71.23	3.598
2015-09-01 01:45:44.487	11001	10601	-67	-64	10
2015-09-01 02:02:09.271	11001	10601	-67	-97	10	20.65	71.07	3.598
2015-09-01 02:18:21.454	11001	10601	-67	-67	10	20.42	71.05	3.61
2015-09-01 02:49:16.638	11001	10601	-67	-97	10	20.07	71.18	3.598
2015-09-01 03:22:31.926	11001	10601	-67	-67	10
2015-09-01 03:26:03.347	11001	10601	-67	-97	10	19.68	71.19	3.598
2015-09-01 03:56:56.511	11001	10601	-67	-64	10	19.47	71.13	3.598
2015-09-01 03:57:22.779	11001	10601	-67	-97	10
2015-09-01 04:23:54.01	11001	10601	-67	-64	10	19.29	71.06	3.598
2015-09-01 04:47:55.01	11001	10601	-67	-97	10	19.14	71.06	3.61
2015-09-01 05:11:09.167	11001	10601	-67	-67	10	19.11	70.92	3.61
2015-09-01 05:25:24.179	11001	10601	-67	-97	10
2015-09-01 05:55:01.011	11001	10601	-67	-64	10	19.0	70.84	3.587
2015-09-01 06:08:55.326	11001	10601	-67	-97	10
2015-09-01 06:19:35.242	11001	10601	-67	-67	10	18.92	70.77	3.598
2015-09-01 06:45:25.294	11001	10601	-64	-97	10	18.82	70.78	3.598
2015-09-01 07:10:32.154	11001	10601	-64	-64	10	18.82	70.73	3.598
2015-09-01 07:27:53.682	11001	10601	-67	-97	10
2015-09-01 07:58:33.739	11001	10601	-67	-64	10	19.35	70.38	3.587
2015-09-01 08:20:30.659	11001	10601	-67	-64	10
2015-09-01 08:24:21.898	11001	10601	-67	-97	10	19.95	70.07	3.598
2015-09-01 08:47:03.663	11001	10601	-67	-64	10	20.67	69.79	3.598
2015-09-01 09:18:20.851	11001	10601	-67	-97	10	21.94	69.54	3.598
2015-09-01 09:30:37.038	11001	10601	-67	-97	10
2015-09-01 09:44:41.063	11001	10601	-67	-64	10	23.2	69.37	3.598
2015-09-01 10:18:33.194	11001	10601	-67	-67	10	25.08	69.08	3.587
2015-09-01 10:32:06.463	11001	10601	-67	-67	10
2015-09-01 10:44:07.614	11001	10601	-67	-67	10	26.19	69.23	3.598
2015-09-01 11:22:03.858	11001	10601	-67	-67	10	27.69	69.52	3.575
2015-09-01 12:18:52.498	11001	10601	-67	-67	10	30.16	69.99	3.575
2015-09-01 12:48:36.022	11001	10601	-67	-97	10	31.22	70.07	3.587
2015-09-01 16:14:42.554	11001	10601	-67	-67	10	34.26	70.79	3.587
2015-09-01 16:53:09.131	11001	10601	-67	-67	10	33.24	71.25	3.587
2015-09-01 17:06:55.767	11001	10601	-67	-97	10
2015-09-01 17:14:14.831	11001	10601	-67	-97	10	33.27	71.72	3.575
2015-09-01 17:41:27.17	11001	10601	-67	-67	10
2015-09-01 17:50:15.631	11001	10601	-67	-97	10	32.21	71.9	3.587
2015-09-01 18:10:45.274	11001	10601	-67	-67	10	31.04	72.9	3.598
2015-09-01 18:47:41.967	11001	10601	-67	-97	10	29.44	73.14	3.587
2015-09-01 19:18:29.607	11001	10601	-67	-97	10
2015-09-01 19:26:33.958	11001	10601	-67	-97	10	27.72	73.27	3.587
2015-09-01 19:44:03.882	11001	10601	-67	-64	10
2015-09-01 20:01:46.751	11001	10601	-67	-97	10	26.16	73.19	3.598
2015-09-01 20:15:08.171	11001	10601	-67	-64	10	25.69	73.13	3.61
2015-09-01 20:57:42.331	11001	10601	-67	-64	10	24.57	72.81	3.587
2015-09-01 21:24:21.411	11001	10601	-67	-64	10	24.13	72.33	3.598
2015-09-01 21:30:06.354	11001	10601	-67	-97	10
2015-09-01 21:46:45.219	11001	10601	-67	-97	10
2015-09-01 22:02:50.73	11001	10601	-67	-64	10	23.72	71.98	3.598
2015-09-01 22:29:54.387	11001	10601	-67	-97	10	23.54	71.86	3.587
2015-09-01 22:52:32.01	11001	10601	-67	-97	10	23.44	71.73	3.61
2015-09-01 23:23:42.987	11001	10601	-67	-64	10	23.56	71.3	3.598
2015-09-01 23:41:29.703	11001	10601	-67	-97	10	23.35	71.26	3.61
2015-09-01 23:41:41.862	11001	10601	-67	-97	10
2015-09-01 23:49:26.355	11001	10601	-67	-97	10
2015-09-02 00:22:02.231	11001	10601	-67	-64	10	22.74	71.49	3.587
2015-09-02 00:57:51.287	11001	10601	-67	-64	10	22.34	71.44	3.598
2015-09-02 01:19:12.451	11001	10601	-67	-67	10	21.94	71.53	3.61
2015-09-02 01:52:07.159	11001	10601	-67	-97	10
2015-09-02 01:53:17.89	11001	10601	-67	-97	10
2015-09-02 01:57:30.214	11001	10601	-67	-97	10	21.58	71.38	3.587
2015-09-02 02:19:30.762	11001	10601	-67	-64	10	21.46	71.27	3.598
2015-09-02 02:56:13.346	11001	10601	-67	-64	10	21.15	71.22	3.598
2015-09-02 03:19:31.815	11001	10601	-67	-64	10	20.74	71.33	3.598
2015-09-02 03:54:49.19	11001	10601	-67	-97	10
2015-09-02 03:56:37.011	11001	10601	-67	-64	10	20.42	71.25	3.598
2015-09-02 04:04:54.134	11001	10601	-67	-97	10
2015-09-02 04:26:38.526	11001	10601	-67	-97	10	20.25	71.1	3.598
2015-09-02 04:42:32.582	11001	10601	-67	-64	10	20.11	71.08	3.61
2015-09-02 05:30:22.435	11001	10601	-67	-67	10	19.88	71.03	3.587
2015-09-02 05:47:24.908	11001	10601	-67	-97	10	19.68	71.02	3.598
2015-09-02 05:57:30.402	11001	10601	-67	-97	10
2015-09-02 06:13:57.471	11001	10601	-67	-97	10	19.6	70.95	3.598
2015-09-02 06:16:30.039	11001	10601	-67	-97	10
2015-09-02 06:44:47.335	11001	10601	-67	-97	10	19.5	70.88	3.598
2015-09-02 07:20:00.454	11001	10601	-67	-64	10	19.46	70.73	3.598
2015-09-02 07:55:16.48	11001	10601	-67	-64	10	19.79	70.52	3.587
2015-09-02 08:00:12.194	11001	10601	-67	-97	10
2015-09-02 08:17:33.91	11001	10601	-67	-67	10	20.29	70.28	3.598
2015-09-02 08:28:06.735	11001	10601	-67	-97	10
2015-09-02 08:42:21.252	11001	10601	-67	-67	10	21.22	69.86	3.598
2015-09-02 09:31:35.011	11001	10601	-67	-67	10	23.58	69.33	3.575
2015-09-02 09:59:57.871	11001	10601	-67	-64	10	25.13	68.92	3.587
2015-09-02 10:02:53.391	11001	10601	-67	-97	10
2015-09-02 10:26:43.466	11001	10601	-67	-97	10	26.36	69.17	3.587
2015-09-02 10:39:40.607	11001	10601	-67	-64	10
2015-09-02 10:48:37.59	11001	10601	-67	-97	10	27.33	69.32	3.587
2015-09-02 11:17:39.991	11001	10601	-67	-64	10	27.93	69.85	3.587
2015-09-02 11:43:07.571	11001	10601	-67	-97	10	29.16	69.99	3.587
2015-09-02 12:05:35.351	11001	10601	-67	-64	10
2015-09-02 12:28:23.746	11001	10601	-67	-97	10	31.63	70.99	3.575
2015-09-02 12:51:20.178	11001	10601	-67	-64	10
2015-09-02 12:51:23.806	11001	10601	-67	-64	10
2015-09-02 12:51:24.203	11001	10601	-67	-97	10	31.91	70.16	3.587
2015-09-02 13:13:00.32	11001	10601	-67	-97	10	29.16	73.0	3.587
2015-09-02 13:57:29.026	11001	10601	-67	-64	10	32.65	69.97	3.575
2015-09-02 14:08:18.134	11001	10601	-67	-67	10
2015-09-02 14:15:05.351	11001	10601	-67	-64	10	33.47	69.82	3.587
2015-09-02 14:41:54.246	11001	10601	-67	-97	10	33.51	70.18	3.587
2015-09-02 15:02:53.103	11001	10601	-67	-67	10
2015-09-02 15:16:43.334	11001	10601	-67	-97	10	32.66	70.94	3.575
2015-09-02 15:58:40.978	11001	10601	-67	-64	10	32.54	71.24	3.575
2015-09-02 16:10:58.162	11001	10601	-67	-97	10
2015-09-02 16:22:27.323	11001	10601	-67	-97	10	32.68	71.32	3.587
2015-09-02 17:45:05.603	11001	10601	-67	-64	10	32.93	71.57	3.587
2015-09-02 18:53:03.686	11001	10601	-67	-64	10	30.24	72.77	3.575
2015-09-02 19:24:00.438	11001	10601	-67	-97	10	29.04	72.78	3.587
2015-09-02 19:26:05.426	11001	10601	-67	-97	10
2015-09-02 19:49:37.947	11001	10601	-67	-64	10	27.4	73.2	3.598
2015-09-02 20:16:20.783	11001	10601	-67	-64	10
2015-09-02 20:30:09.887	11001	10601	-67	-97	10	25.43	73.28	3.587
2015-09-02 20:55:46.279	11001	10601	-67	-97	10	24.51	73.13	3.598
2015-09-02 21:19:43.923	11001	10601	-67	-97	10	24.69	72.38	3.598
2015-09-02 21:37:41.134	11001	10601	-67	-64	10
2015-09-02 21:51:01.231	11001	10601	-67	-97	10	24.47	71.9	3.587
2015-09-02 22:19:02.05	11001	10601	-67	-67	10
2015-09-02 22:29:52.942	11001	10601	-67	-97	10	23.99	71.83	3.564
2015-09-02 22:43:33.327	11001	10601	-67	-97	10	23.79	71.71	3.598
2015-09-02 23:31:14.343	11001	10601	-67	-64	10	23.11	71.64	3.575
2015-09-02 23:49:16.087	11001	10601	-67	-97	10
2015-09-02 23:53:17.343	11001	10601	-67	-97	10	22.86	71.59	3.598
2015-09-03 00:21:44.254	11001	10601	-67	-64	10
2015-09-03 00:31:39.214	11001	10601	-67	-97	10	22.39	71.45	3.587
2015-09-03 00:42:24.095	11001	10601	-67	-64	10	22.24	71.45	3.61
2015-09-03 01:32:16.279	11001	10601	-67	-67	10	21.57	71.52	3.575
2015-09-03 01:49:06.481	11001	10601	-67	-97	10	21.43	71.35	3.598
2015-09-03 02:00:52.626	11001	10601	-67	-97	10
2015-09-03 02:24:25.378	11001	10601	-67	-64	10
2015-09-03 02:29:04.119	11001	10601	-67	-97	10	21.49	71.0	3.587
2015-09-03 02:56:17.046	11001	10601	-67	-64	10	21.24	71.01	3.598
2015-09-03 03:29:40.734	11001	10601	-67	-67	10	20.95	71.07	3.587
2015-09-03 03:47:33.179	11001	10601	-67	-97	10	21.0	70.99	3.598
2015-09-03 04:11:35.056	11001	10601	-67	-67	10	21.04	70.81	3.598
2015-09-03 04:12:28.803	11001	10601	-67	-97	10
2015-09-03 04:27:06.958	11001	10601	-67	-97	10
2015-09-03 04:48:08.134	11001	10601	-67	-64	10	20.86	70.77	3.587
2015-09-03 05:19:12.418	11001	10601	-67	-64	10	20.39	71.05	3.587
2015-09-03 05:45:27.994	11001	10601	-67	-97	10	20.13	71.03	3.564
2015-09-03 06:19:39.822	11001	10601	-67	-67	10	19.83	71.03	3.587
2015-09-03 06:24:03.97	11001	10601	-67	-97	10
2015-09-03 06:29:48.894	11001	10601	-67	-97	10
2015-09-03 06:46:14.243	11001	10601	-67	-67	10	19.61	71.01	3.587
2015-09-03 07:18:55.254	11001	10601	-67	-97	10	19.5	70.82	3.587
2015-09-03 07:57:41.542	11001	10601	-67	-97	10	20.14	70.36	3.587
2015-09-03 08:19:30.367	11001	10601	-67	-67	10	20.92	69.97	3.587
2015-09-03 08:32:30.695	11001	10601	-67	-97	10
2015-09-03 08:35:40.239	11001	10601	-67	-97	10
2015-09-03 08:46:58.89	11001	10601	-67	-64	10	21.96	69.57	3.587
2015-09-03 09:11:41.135	11001	10601	-67	-97	10	22.92	69.41	3.587
2015-09-03 09:59:27.659	11001	10601	-67	-67	10	24.55	69.48	3.575
2015-09-03 10:11:55.518	11001	10601	-67	-64	10	24.99	69.47	3.598
2015-09-03 10:35:12.334	11001	10601	-67	-97	10
2015-09-03 10:47:15.786	11001	10601	-67	-64	10
2015-09-03 11:01:39.763	11001	10601	-67	-97	10	26.93	69.47	3.564
2015-09-03 11:23:54.118	11001	10601	-67	-64	10	27.3	69.94	3.587
2015-09-03 11:52:59.575	11001	10601	-67	-97	10	28.32	70.04	3.575
2015-09-03 12:16:05.898	11001	10601	-67	-67	10	29.04	70.03	3.575
2015-09-03 12:37:52.731	11001	10601	-67	-67	10
2015-09-03 12:58:30.814	11001	10601	-67	-97	10	30.44	70.28	3.564
2015-09-03 12:58:51.191	11001	10601	-67	-97	10
2015-09-03 13:25:19.518	11001	10601	-67	-67	10	30.88	70.68	3.575
2015-09-03 14:02:34.186	11001	10601	-67	-67	10	31.8	71.25	3.575
2015-09-03 14:15:36.514	11001	10601	-67	-67	10	32.61	70.49	3.587
2015-09-03 14:40:38.686	11001	10601	-67	-67	10
2015-09-03 14:45:08.402	11001	10601	-67	-97	10	33.97	69.2	3.575
2015-09-03 15:10:28.49	11001	10601	-67	-97	10
2015-09-03 15:32:30.17	11001	10601	-67	-67	10	34.55	70.07	3.564
2015-09-03 16:02:37.678	11001	10601	-67	-67	10	33.13	71.49	3.575
2015-09-03 16:26:43.082	11001	10601	-67	-64	10	31.72	72.91	3.587
2015-09-03 16:42:32.102	11001	10601	-67	-97	10	31.97	72.52	3.598
2015-09-03 16:43:16.183	11001	10601	-67	-97	10
2015-09-03 17:45:33.379	11001	10601	-67	-67	10	29.72	73.05	3.598
2015-09-03 18:45:57.11	11001	10601	-67	-64	10
2015-09-03 19:02:30.142	11001	10601	-67	-64	10	27.4	72.64	3.575
2015-09-03 19:14:02.038	11001	10601	-67	-97	10	27.04	72.63	3.598
2015-09-03 19:33:39.326	11001	10601	-67	-97	10
2015-09-03 19:48:23.506	11001	10601	-67	-64	10	25.99	72.63	3.587
2015-09-03 20:24:28.291	11001	10601	-67	-64	10	25.61	72.0	3.575
2015-09-03 20:48:39.331	11001	10601	-67	-97	10
2015-09-03 20:51:36.487	11001	10601	-67	-97	10	25.19	71.89	3.587
2015-09-03 21:26:38.862	11001	10601	-67	-64	10	24.41	72.05	3.587
2015-09-03 21:45:15.035	11001	10601	-67	-64	10
2015-09-03 21:56:44.147	11001	10601	-67	-97	10	23.76	71.93	3.587
2015-09-03 22:14:54.951	11001	10601	-67	-97	10	23.44	71.9	3.598
2015-09-04 13:59:25.466	11001	10601	-67	-67	10	34.63	69.47	3.564
2015-09-04 14:17:08.543	11001	10601	-67	-97	10	34.76	69.52	3.575
2015-09-04 15:11:59.527	11001	10601	-67	-67	10	34.58	70.49	3.575
2015-09-04 15:18:02.551	11001	10601	-70	-97	10
2015-09-04 16:19:36.075	11001	10601	-67	-97	10	33.55	70.78	3.575
2015-09-04 16:55:48.755	11001	10601	-67	-97	10	33.54	71.19	3.564
2015-09-04 17:15:33.887	11001	10601	-67	-67	10
2015-09-04 17:29:38.486	11001	10601	-67	-97	10
2015-09-04 17:30:38.459	11001	10601	-67	-97	10	33.51	71.03	3.575
2015-09-04 17:56:08.014	11001	10601	-67	-67	10	32.13	72.12	3.575
2015-09-04 18:10:29.742	11001	10601	-67	-97	10	31.52	72.5	3.587
2015-09-04 19:18:15.311	11001	10601	-67	-64	10
2015-09-05 12:55:52.207	11001	10601	-67	-97	10	32.27	69.4	3.553
2015-09-05 13:24:37.194	11001	10601	-67	-64	10	32.3	71.2	3.564
2015-09-05 14:02:46.263	11001	10601	-67	-64	10	33.55	70.72	3.553
2015-09-05 17:59:43.262	11001	10601	-67	-67	10	22.58	75.09	3.575
2015-09-05 18:13:15.366	11001	10601	-67	-97	10	21.72	74.79	3.587
2015-09-05 18:53:38.007	11001	10601	-67	-67	10	20.56	73.44	3.575
2015-09-05 19:28:24.024	11001	10601	-67	-64	10	20.31	72.36	3.575
2015-09-05 19:47:45.343	11001	10601	-67	-67	10	20.31	72.0	3.587
2015-09-05 19:48:48.866	11001	10601	-67	-97	10
2015-09-05 19:50:35.23	11001	10601	-67	-97	10
2015-09-05 20:24:38.479	11001	10601	-67	-64	10	20.11	71.63	3.575
2015-09-05 20:24:41.034	11001	10601	-67	-64	10	20.11	71.63	3.575
2015-09-05 20:24:42.862	11001	10601	-67	-64	10	20.11	71.63	3.575
2015-09-05 20:24:45.171	11001	10601	-67	-64	10	20.11	71.63	3.575
2015-09-05 20:24:46.986	11001	10601	-67	-64	10	20.11	71.63	3.575
2015-09-05 21:02:07.714	11001	10601	-67	-64	10	20.17	71.23	3.575
2015-09-05 21:13:27.212	11001	10601	-67	-97	10	20.18	71.15	3.587
2015-09-05 21:44:12.298	11001	10601	-67	-64	10	20.11	71.05	3.575
2015-09-05 21:53:16.79	11001	10601	-64	-97	10
2015-09-05 22:00:25.139	11001	10601	-67	-97	10
2015-09-05 22:26:06.33	11001	10601	-67	-64	10	19.97	70.97	3.564
2015-09-05 22:42:50.926	11001	10601	-67	-97	10	19.89	70.87	3.587
2015-09-05 23:17:59.719	11001	10601	-64	-64	10	19.86	70.81	3.575
2015-09-05 23:40:51.129	11001	10601	-64	-64	10	19.68	70.8	3.575
2015-09-05 23:55:57.794	11001	10601	-67	-97	10
2015-09-06 00:11:59.955	11001	10601	-67	-97	10
2015-09-06 00:13:53.135	11001	10601	-64	-97	10	19.5	70.83	3.575
2015-09-06 01:01:28.815	11001	10601	-67	-64	10	19.33	70.68	3.564
2015-09-06 01:16:34.266	11001	10601	-67	-97	10	19.29	70.67	3.575
2015-09-06 01:43:13.694	11001	10601	-67	-64	10	19.22	70.63	3.575
2015-09-06 01:58:38.774	11001	10601	-67	-97	10
2015-09-06 02:21:48.779	11001	10601	-67	-64	10	19.18	70.6	3.564
2015-09-06 02:23:36.659	11001	10601	-67	-97	10
2015-09-06 02:52:13.514	11001	10601	-67	-64	10	19.04	70.55	3.564
2015-09-06 03:14:40.895	11001	10601	-67	-97	10	19.0	70.57	3.575
2015-09-06 03:47:45.61	11001	10601	-67	-64	10	18.83	70.56	3.564
2015-09-06 04:01:21.406	11001	10601	-67	-97	10
2015-09-06 04:31:59.658	11001	10601	-67	-67	10	18.68	70.56	3.564
2015-09-06 04:35:12.831	11001	10601	-67	-97	10
2015-09-06 05:02:10.063	11001	10601	-67	-67	10	18.42	70.62	3.564
2015-09-06 05:16:10.039	11001	10601	-67	-97	10	18.38	70.62	3.575
2015-09-06 05:52:08.891	11001	10601	-67	-64	10	18.29	70.52	3.564
2015-09-06 06:04:02.052	11001	10601	-67	-97	10
2015-09-06 06:29:05.351	11001	10601	-67	-64	10	18.11	70.54	3.564
2015-09-06 06:46:49.055	11001	10601	-67	-97	10
2015-09-06 06:54:56.523	11001	10601	-67	-67	10	18.0	70.49	3.564
2015-09-06 07:16:51.315	11001	10601	-67	-97	10	18.02	70.49	3.564
2015-09-06 07:41:37.775	11001	10601	-67	-67	10	18.28	70.27	3.564
2015-09-06 08:06:42.918	11001	10601	-67	-97	10
2015-09-06 08:20:25.534	11001	10601	-67	-97	10	18.89	69.91	3.553
2015-09-06 08:58:23.794	11001	10601	-67	-97	10
2015-09-06 08:59:00.447	11001	10601	-67	-97	10	20.02	69.53	3.553
2015-09-06 10:11:10.099	11001	10601	-67	-97	10	23.29	68.99	3.564
2015-09-06 12:26:24.802	11001	10601	-67	-67	10	28.36	70.62	3.553
2015-09-06 13:21:38.154	11001	10601	-67	-67	10
2015-09-06 13:48:52.79	11001	10601	-70	-67	10	34.0	69.8	3.553
2015-09-06 14:14:49.554	11001	10601	-70	-97	10
2015-09-06 14:30:47.195	11001	10601	-67	-97	10	34.01	69.95	3.542
2015-09-06 14:43:31.77	11001	10601	-67	-67	10	33.33	70.53	3.564
2015-09-06 16:17:31.902	11001	10601	-67	-67	10
2015-09-06 16:43:34.523	11001	10601	-67	-67	10	33.33	70.44	3.564
2015-09-06 18:20:16.595	11001	10601	-67	-67	10
2015-09-06 18:42:21.051	11001	10601	-67	-67	10	30.36	72.45	3.575
2015-09-06 19:59:48.414	11001	10601	-67	-97	10	26.94	73.06	3.564
2015-09-07 13:19:22.823	11001	10601	-67	-67	10	31.1	71.64	3.553
2015-09-07 15:32:05.511	11001	10601	-67	-67	10	34.69	70.51	3.542
2015-09-07 16:31:15.743	11001	10601	-67	-67	10	34.33	70.77	3.542
2015-09-07 17:01:05.018	11001	10601	-67	-97	10	34.44	70.64	3.553
2015-09-07 17:41:02.058	11001	10601	-67	-67	10	33.32	71.73	3.553
2015-09-07 17:52:22.998	11001	10601	-67	-67	10
2015-09-07 18:52:29.855	11001	10601	-67	-64	10
2015-09-07 19:17:34.39	11001	10601	-67	-64	10	28.55	73.68	3.575
2015-09-07 20:03:58.246	11001	10601	-67	-67	10
2015-09-07 20:55:12.947	11001	10601	-67	-67	10
2015-09-08 10:12:03.506	11001	10601	-67	-67	10	25.33	68.96	3.542
2015-09-08 10:52:54.646	11001	10601	-67	-67	10	27.13	69.05	3.531
2015-09-08 11:25:09.39	11001	10601	-70	-67	10
2015-09-08 11:46:59.894	11001	10601	-67	-64	10	30.19	69.88	3.553
2015-09-08 12:32:11.319	11001	10601	-70	-97	10	31.86	69.86	3.531
2015-09-08 13:16:43.071	11001	10601	-67	-67	10
2015-09-08 13:36:52.422	11001	10601	-67	-97	10
2015-09-08 14:31:28.418	11001	10601	-67	-67	10	34.27	70.26	3.542
2015-09-08 15:11:51.502	11001	10601	-67	-67	10	35.04	69.77	3.564
2015-09-08 15:41:16.374	11001	10601	-67	-67	10	34.58	70.43	3.542
2015-09-08 15:48:21.426	11001	10601	-67	-97	10
2015-09-08 16:40:16.022	11001	10601	-67	-67	10	34.9	70.61	3.564
2015-09-09 10:40:59.155	11001	10601	-67	-67	10	26.69	69.35	3.542
2015-09-09 11:46:19.234	11001	10601	-67	-67	10
2015-09-09 11:48:37.502	11001	10601	-67	-97	10	29.83	69.73	3.542
2015-09-09 13:40:41.915	11001	10601	-67	-67	10	32.86	71.3	3.542
2015-09-09 14:24:13.078	11001	10601	-67	-67	10	34.76	70.08	3.531
2015-09-09 15:13:47.175	11001	10601	-67	-67	10	33.61	70.85	3.531
2015-09-09 15:51:42.399	11001	10601	-67	-64	10
2015-09-09 15:55:56.07	11001	10601	-64	-97	10
2015-09-09 15:55:57.175	11001	10601	-64	-97	10	25.86	76.12	3.531
2015-09-09 16:12:42.547	11001	10601	-67	-64	10	25.24	75.1	3.553
2015-09-09 16:49:42.662	11001	10601	-67	-97	10	23.67	73.3	3.542
2015-09-09 17:24:40.959	11001	10601	-70	-97	10	21.0	74.18	3.542
2015-09-16 13:12:33.57	11001	10601	-79	-97	10	29.94	70.24	3.392
2015-09-17 17:12:29.062	11001	10601	-70	-70	10	29.58	71.54	3.382
2015-09-17 18:07:29.499	11001	10601	-73	-70	10
2015-09-17 19:08:11.102	11001	10601	-70	-70	10
2015-09-17 20:10:11.387	11001	10601	-70	-70	10
2015-09-17 20:43:48.85	11001	10601	-70	-70	10	20.07	73.35	3.392
2015-09-17 21:19:47.71	11001	10601	-70	-67	10
2015-09-17 22:25:20.675	11001	10601	-70	-70	10	17.93	72.48	3.382
2015-09-17 22:41:15.074	11001	10601	-70	-97	10	17.6	72.46	3.392
2015-09-17 23:31:23.991	11001	10601	-70	-67	10
2015-09-18 00:17:16.655	11001	10601	-70	-67	10	16.64	71.93	3.382
2015-09-18 01:40:06.227	11001	10601	-67	-67	10	15.72	71.8	3.382
2015-09-18 03:54:35.199	11001	10601	-70	-67	10
2015-09-18 06:23:40.095	11001	10601	-67	-67	10
2015-09-18 10:29:02.474	11001	10601	-70	-67	10
2015-09-18 10:52:21.591	11001	10601	-70	-70	10	21.61	69.12	3.342
2015-09-18 13:52:41.134	11001	10601	-73	-70	10	31.83	70.67	3.362
2015-09-18 14:48:22.05	11001	10601	-70	-70	10	31.77	70.49	3.362
2015-09-18 15:31:20.535	11001	10601	-73	-70	10	31.19	71.31	3.362
2015-09-18 16:12:34.85	11001	10601	-73	-70	10	30.5	72.25	3.372
2015-09-18 17:23:52.742	11001	10601	-73	-70	10	28.69	72.4	3.362
2015-09-18 18:39:48.139	11001	10601	-73	-70	10
2015-09-18 22:44:40.295	11001	10601	-73	-70	10	19.47	71.92	3.362
2015-09-18 23:38:58.431	11001	10601	-73	-70	10
2015-09-19 02:21:35.475	11001	10601	-73	-70	10	19.14	71.31	3.352
2015-09-19 04:02:10.059	11001	10601	-70	-70	10
2015-09-19 21:35:08.014	11001	10601	-64	-64	10
