result_time	node_id	parent_id	stats_frssi	stats_brssi	etx	temperature	humidity	voltage
2015-08-16 17:39:45.827	11301	11201	-94	-94	15	30.83	30.51	3.924
2015-08-16 17:40:38.487	11301	11201	-94	-97	15	30.91	30.77	3.924
2015-08-16 17:42:29.631	11301	11201	-91	-91	14	31.11	30.82	3.924
2015-08-16 17:43:18.551	11301	11201	-94	-97	14	31.21	30.69	3.924
2015-08-16 19:03:51.206	11301	11201	-94	-97	10	31.13	30.1	3.779
2015-08-16 19:16:51.96	11301	11201	-91	-97	10	30.5	30.27	3.831
2015-08-16 19:25:49.786	11301	11201	-91	-97	10
2015-08-17 10:21:45.886	11301	11201	-94	-97	10	26.74	28.75	3.779
2015-08-17 10:26:54.563	11301	11201	-94	-97	10
2015-08-17 10:55:51.519	11301	11201	-94	-97	10	30.49	27.66	3.779
2015-08-17 11:28:44.042	11301	11201	-94	-97	10
2015-08-17 11:29:15.203	11301	11201	-94	-97	10	30.07	29.08	3.779
2015-08-17 12:04:06.79	11301	11201	-94	-97	14	31.16	28.88	3.779
2015-08-17 13:03:42.934	11301	11201	-94	-97	18	33.69	29.15	3.779
2015-08-17 13:15:42.587	11301	11201	-94	-97	12
2015-08-17 13:17:50.662	11301	11201	-94	-97	12	33.5	29.31	3.805
2015-08-17 13:48:31.69	11301	11201	-94	-97	10
2015-08-17 13:58:35.31	11301	11201	-94	-97	10	32.96	29.89	3.779
2015-08-17 14:23:15.134	11301	11201	-94	-94	10	32.11	30.18	3.779
2015-08-17 14:49:50.271	11301	11201	-94	-97	10	33.3	31.04	3.792
2015-08-17 15:02:43.032	11301	11201	-94	-97	10
2015-08-17 15:35:22.523	11301	11201	-94	-97	10	35.5	30.02	3.779
2015-08-17 15:47:52.578	11301	11201	-94	-97	10	36.08	30.21	3.818
2015-08-17 16:20:52.391	11301	11201	-94	-97	10	35.54	30.71	3.779
2015-08-17 16:49:41.41	11301	11201	-94	-97	10
2015-08-17 16:54:14.899	11301	11201	-94	-97	10	35.32	30.15	3.779
2015-08-17 17:10:08.438	11301	11201	-94	-97	11
2015-08-17 17:26:45.87	11301	11201	-94	-97	10	34.38	30.26	3.779
2015-08-17 17:55:38.158	11301	11201	-94	-94	10	33.33	30.46	3.779
2015-08-17 18:36:40.651	11301	11201	-94	-97	10
2015-08-17 19:00:47.339	11301	11201	-94	-97	10	31.35	30.34	3.779
2015-08-17 19:15:58.54	11301	11201	-94	-97	10	30.41	30.33	3.818
2015-08-17 19:51:31.318	11301	11201	-94	-97	10	28.43	30.24	3.779
2015-08-17 20:17:02.547	11301	11201	-94	-97	10	27.22	30.15	3.779
2015-08-17 20:23:40.259	11301	11201	-94	-97	10
2015-08-17 20:31:45.471	11301	11201	-91	-94	10
2015-08-17 20:56:41.386	11301	11201	-91	-97	10	25.77	29.96	3.779
2015-08-17 21:18:03.318	11301	11201	-91	-97	10	25.08	29.9	3.805
2015-08-17 21:53:11.479	11301	11201	-91	-97	10	24.26	29.73	3.779
2015-08-17 22:10:39.502	11301	11201	-91	-97	10
2015-08-17 22:32:54.587	11301	11201	-91	-97	10	23.19	29.6	3.779
2015-08-17 22:48:42.084	11301	11201	-91	-97	10	22.92	29.58	3.844
2015-08-17 23:27:48.339	11301	11201	-88	-97	10	22.61	29.49	3.779
2015-08-17 23:53:22.115	11301	11201	-91	-97	10
2015-08-17 23:57:38.467	11301	11201	-91	-97	10
2015-08-18 00:02:20.023	11301	11201	-91	-97	10	22.18	29.38	3.792
2015-08-18 00:28:54.122	11301	11201	-91	-97	10	21.86	29.36	3.805
2015-08-18 01:01:21.991	11301	11201	-91	-97	10	21.61	29.34	3.792
2015-08-18 01:26:22.206	11301	11201	-88	-97	10	21.47	29.32	3.818
2015-08-18 01:44:37.986	11301	11201	-88	-97	10
2015-08-18 01:47:41.247	11301	11201	-91	-97	10	21.33	29.31	3.818
2015-08-18 02:34:20.79	11301	11201	-91	-97	10	21.18	29.34	3.779
2015-08-18 02:58:02.742	11301	11201	-91	-97	10	21.14	29.3	3.818
2015-08-18 03:15:10.69	11301	11201	-91	-97	10
2015-08-18 03:18:33.419	11301	11201	-91	-97	10	21.14	29.3	3.831
2015-08-18 03:31:36.767	11301	11201	-88	-97	10
2015-08-18 03:59:55.25	11301	11201	-94	-97	10	21.11	29.37	3.779
2015-08-18 05:18:36.839	11301	11201	-94	-97	10
2015-08-18 05:32:35.35	11301	11201	-94	-97	13	20.82	29.2	3.792
2015-08-18 06:02:41.73	11301	11201	-94	-97	10	20.14	29.22	3.805
2015-08-18 10:39:34.018	11301	11201	-94	-97	10
2015-08-18 14:13:32.883	11301	11201	-94	-97	14
2015-08-18 14:30:16.194	11301	11201	-94	-97	10	26.11	29.06	3.779
2015-08-18 16:17:44.874	11301	11201	-94	-97	10	25.43	29.61	3.831
2015-08-18 22:50:42.118	11301	11201	-94	-97	10	20.9	29.38	3.792
2015-08-18 23:08:29.594	11301	11201	-94	-97	10
2015-08-18 23:15:31.039	11301	11201	-94	-97	10	20.69	29.37	3.805
2015-08-18 23:24:39.702	11301	11201	-94	-97	10
2015-08-18 23:44:16.147	11301	11201	-91	-97	10	20.53	29.35	3.805
2015-08-19 06:56:58.866	11301	11201	-94	-97	10	18.75	29.07	3.779
2015-08-19 07:16:19.85	11301	11201	-94	-97	10	18.82	29.11	3.831
2015-08-19 13:18:29.65	11301	11201	-94	-97	10	32.66	29.79	3.779
2015-08-19 13:24:24.123	11301	11201	-94	-97	10
2015-08-19 17:02:05.255	11301	11201	-94	-91	10	34.32	30.07	3.767
2015-08-19 22:55:58.554	11301	11201	-88	-97	10
2015-08-20 01:28:54.258	11301	11201	-88	-97	10	22.9	29.79	3.792
2015-08-20 02:59:46.455	11301	11201	-91	-97	10	22.59	29.91	3.767
2015-08-20 04:25:48.699	11301	11201	-94	-97	10	23.01	29.8	3.767
2015-08-20 04:51:28.827	11301	11201	-94	-97	10	23.33	29.83	3.792
2015-08-20 05:17:04.131	11301	11201	-94	-97	10	23.02	29.87	3.792
2015-08-20 05:27:18.354	11301	11201	-94	-97	10
2015-08-20 05:39:11.563	11301	11201	-91	-97	10
2015-08-20 05:52:36.215	11301	11201	-94	-97	10	22.97	30.01	3.767
2015-08-20 06:17:52.726	11301	11201	-91	-97	10	23.01	29.94	3.792
2015-08-20 07:00:25.65	11301	11201	-91	-97	10	23.04	29.98	3.767
2015-08-20 07:14:16.966	11301	11201	-91	-97	10
2015-08-20 07:30:20.011	11301	11201	-94	-97	10	23.29	29.97	3.779
2015-08-20 07:53:50.147	11301	11201	-94	-97	10	23.51	29.91	3.792
2015-08-20 08:58:17.131	11301	11201	-91	-94	10	24.04	29.96	3.767
2015-08-20 09:01:16.279	11301	11201	-91	-97	10
2015-08-20 09:28:11.646	11301	11201	-91	-97	10	24.41	30.06	3.779
2015-08-20 09:44:33.334	11301	11201	-91	-97	10	24.85	29.81	3.805
2015-08-20 10:16:41.822	11301	11201	-94	-97	10	24.41	30.06	3.767
2015-08-20 10:58:36.595	11301	11201	-91	-97	10	25.41	29.78	3.754
2015-08-20 11:30:59.046	11301	11201	-91	-94	10	25.65	29.95	3.767
2015-08-20 12:21:38.651	11301	11201	-88	-88	10	25.38	30.07	3.792
2015-08-20 12:22:48.41	11301	11201	-91	-97	10
2015-08-20 12:35:15.17	11301	11201	-91	-97	10
2015-08-20 12:45:01.566	11301	11201	-94	-97	10	25.43	30.21	3.779
2015-08-20 13:17:28.818	11301	11201	-91	-97	10	25.36	30.21	3.767
2015-08-20 13:51:40.203	11301	11201	-88	-97	10	26.52	29.59	3.767
2015-08-20 14:22:14.478	11301	11201	-91	-97	10
2015-08-20 14:24:55.058	11301	11201	-91	-97	10	27.97	29.99	3.767
2015-08-20 14:45:55.403	11301	11201	-88	-97	10	27.44	29.81	3.779
2015-08-20 15:31:15.73	11301	11201	-94	-97	10	29.96	29.04	3.754
2015-08-20 15:44:01.454	11301	11201	-88	-97	10
2015-08-20 15:44:47.93	11301	11201	-94	-97	10	29.72	29.49	3.805
2015-08-20 16:09:25.226	11301	11201	-88	-97	10
2015-08-20 16:21:22.475	11301	11201	-91	-97	10	28.93	30.14	3.754
2015-08-20 16:59:09.682	11301	11201	-94	-97	10	29.77	29.67	3.767
2015-08-20 17:24:44.934	11301	11201	-94	-97	10	29.58	29.48	3.767
2015-08-20 17:56:20.726	11301	11201	-94	-97	10
2015-08-20 18:03:43.559	11301	11201	-94	-97	10	28.8	29.99	3.754
2015-08-20 18:29:29.96	11301	11201	-94	-97	10	29.0	30.79	3.779
2015-08-20 18:59:49.267	11301	11201	-94	-97	10	27.51	30.03	3.767
2015-08-20 19:05:39.064	11301	11201	-94	-97	10
2015-08-20 19:32:32.179	11301	11201	-94	-91	10	25.46	30.29	3.767
2015-08-20 19:43:23.766	11301	11201	-94	-97	10
2015-08-20 19:47:30.79	11301	11201	-94	-97	10	24.9	30.13	3.818
2015-08-20 22:24:07.714	11301	11201	-94	-97	10	19.38	29.44	3.818
2015-08-20 22:27:16.054	11301	11201	-91	-97	10
2015-08-20 22:47:14.195	11301	11201	-94	-97	10	19.0	29.3	3.818
2015-08-21 00:01:52.839	11301	11201	-91	-97	10	18.0	29.15	3.792
2015-08-21 00:59:22.154	11301	11201	-91	-97	10	17.02	28.96	3.792
2015-08-21 01:04:10.123	11301	11201	-94	-97	10
2015-08-21 01:34:27.338	11301	11201	-94	-97	10	16.32	28.98	3.792
2015-08-21 01:48:57.03	11301	11201	-94	-97	10
2015-08-21 02:02:56.931	11301	11201	-91	-97	10	16.32	28.98	3.805
2015-08-21 08:54:30.814	11301	11201	-91	-97	10	15.82	28.45	3.818
2015-08-21 09:18:57.823	11301	11201	-91	-97	10	17.29	28.36	3.805
2015-08-21 09:55:19.918	11301	11201	-94	-97	10	19.31	28.55	3.779
2015-08-21 09:59:06.782	11301	11201	-88	-97	10
2015-08-21 10:35:32.662	11301	11201	-91	-97	10	23.42	28.1	3.754
2015-08-21 10:44:06.587	11301	11201	-91	-97	10	25.27	26.88	3.831
2015-08-21 11:23:27.047	11301	11201	-94	-97	10	26.11	27.98	3.754
2015-08-21 11:46:06.352	11301	11201	-94	-97	10
2015-08-21 11:53:43.09	11301	11201	-91	-97	10
2015-08-21 11:55:43.894	11301	11201	-94	-97	10	27.29	28.43	3.754
2015-08-21 12:20:14.29	11301	11201	-94	-97	10	28.21	28.11	3.767
2015-08-21 12:56:46.52	11301	11201	-94	-97	10	28.33	28.94	3.754
2015-08-21 13:24:43.902	11301	11201	-94	-97	10	28.11	29.72	3.767
2015-08-21 13:33:05.266	11301	11201	-94	-97	10
2015-08-21 14:04:51.419	11301	11201	-91	-97	10	28.8	29.92	3.754
2015-08-21 14:48:22.666	11301	11201	-94	-94	10	30.52	30.41	3.857
2015-08-21 15:15:20.43	11301	11201	-94	-97	10
2015-08-21 15:20:04.782	11301	11201	-91	-97	10
2015-08-21 15:33:02.15	11301	11201	-91	-97	10	30.52	29.62	3.754
2015-08-21 15:53:18.998	11301	11201	-94	-97	10	31.07	30.57	3.779
2015-08-21 16:13:57.238	11301	11201	-94	-97	10	29.9	29.9	3.779
2015-08-21 17:02:12.29	11301	11201	-94	-97	10	29.57	29.51	3.754
2015-08-21 17:07:04.386	11301	11201	-91	-97	10
2015-08-21 17:13:18.562	11301	11201	-91	-97	10	29.15	29.8	3.818
2015-08-21 17:56:29.682	11301	11201	-94	-97	10	27.99	29.92	3.754
2015-08-21 18:22:51.151	11301	11201	-94	-97	10	27.57	29.74	3.767
2015-08-21 18:36:57.542	11301	11201	-94	-97	10
2015-08-21 18:54:03.85	11301	11201	-94	-97	10
2015-08-21 18:54:30.198	11301	11201	-91	-97	10	26.58	29.81	3.754
2015-08-21 19:18:47.087	11301	11201	-91	-97	10	24.69	29.97	3.779
2015-08-21 19:56:11.095	11301	11201	-88	-97	10	22.47	29.83	3.767
2015-08-21 20:23:46.115	11301	11201	-91	-97	10	21.08	29.64	3.792
2015-08-21 20:41:02.918	11301	11201	-88	-97	10
2015-08-21 20:47:35.819	11301	11201	-91	-97	10	20.07	29.49	3.805
2015-08-21 22:15:24.89	11301	11201	-91	-97	10	17.43	29.07	3.831
2015-08-21 22:28:02.758	11301	11201	-91	-97	10
2015-08-21 22:47:06.358	11301	11201	-94	-97	10	16.79	29.16	3.792
2015-08-21 23:13:30.614	11301	11201	-91	-97	10	16.83	29.16	3.805
2015-08-21 23:56:15.878	11301	11201	-94	-97	10	16.31	29.05	3.779
2015-08-22 00:15:01.222	11301	11201	-91	-97	10
2015-08-22 00:25:15.79	11301	11201	-88	-97	10	15.79	29.01	3.805
2015-08-22 01:03:03.447	11301	11201	-91	-97	10	15.17	28.88	3.792
2015-08-22 02:46:11.722	11301	11201	-91	-97	10	13.49	28.61	3.844
2015-08-22 03:15:21.282	11301	11201	-91	-97	10	13.03	28.57	3.818
2015-08-22 03:49:00.003	11301	11201	-91	-91	10
2015-08-22 03:55:29.386	11301	11201	-88	-97	10	12.72	28.55	3.792
2015-08-22 04:22:52.254	11301	11201	-88	-91	10	12.36	28.59	3.818
2015-08-22 04:41:47.235	11301	11201	-94	-97	10
2015-08-22 04:59:49.326	11301	11201	-91	-97	10	12.11	28.5	3.805
2015-08-22 05:19:14.047	11301	11201	-91	-97	10	11.92	28.48	3.818
2015-08-22 05:35:59.779	11301	11201	-91	-97	10
2015-08-22 05:59:37.89	11301	11201	-94	-97	10	11.79	28.51	3.792
2015-08-22 07:01:28.279	11301	11201	-91	-97	10	11.6	28.39	3.818
2015-08-22 07:22:58.863	11301	11201	-94	-97	10
2015-08-22 07:27:25.015	11301	11201	-91	-97	10	12.0	28.59	3.818
2015-08-22 08:02:52.771	11301	11201	-94	-97	10	12.88	28.49	3.805
2015-08-22 08:03:24.571	11301	11201	-91	-97	10
2015-08-22 10:27:41.683	11301	11201	-94	-97	10	20.82	28.35	3.792
2015-08-22 10:49:29.542	11301	11201	-91	-97	10	24.57	26.46	3.779
2015-08-22 10:56:57.57	11301	11201	-91	-97	10
2015-08-22 11:15:18.219	11301	11201	-94	-97	10	25.74	27.24	3.767
2015-08-22 11:25:01.562	11301	11201	-91	-97	10
2015-08-22 11:57:33.683	11301	11201	-91	-97	17	27.19	28.21	3.754
2015-08-22 12:16:20.607	11301	11201	-91	-97	10	28.11	27.99	3.779
2015-08-22 12:43:56.663	11301	11201	-94	-97	10
2015-08-22 12:54:35.215	11301	11201	-91	-97	10	28.3	28.87	3.754
2015-08-22 13:18:55.135	11301	11201	-94	-97	10	27.86	29.63	3.767
2015-08-22 14:04:13.378	11301	11201	-94	-97	10	28.58	29.97	3.742
2015-08-22 14:20:31.947	11301	11201	-94	-97	10	29.11	30.19	3.792
2015-08-22 14:30:55.695	11301	11201	-94	-97	10
2015-08-22 14:46:38.63	11301	11201	-94	-97	10
2015-08-22 14:46:51.81	11301	11201	-94	-97	10	30.69	30.25	3.767
2015-08-22 15:18:21.498	11301	11201	-94	-97	10	31.83	28.97	3.754
2015-08-22 15:59:37.906	11301	11201	-91	-97	10	32.43	29.77	3.754
2015-08-22 16:17:55.09	11301	11201	-94	-97	10
2015-08-22 16:31:52.894	11301	11201	-94	-97	10	30.86	30.37	3.805
2015-08-22 16:53:07.126	11301	11201	-94	-97	10	30.93	29.55	3.767
2015-08-22 17:30:52.386	11301	11201	-94	-97	10	28.74	29.91	3.754
2015-08-22 17:57:55.915	11301	11201	-94	-97	10	28.08	30.07	3.767
2015-08-22 18:04:54.842	11301	11201	-91	-97	10
2015-08-22 18:08:17.495	11301	11201	-91	-97	10
2015-08-22 18:35:03.711	11301	11201	-91	-97	10	28.51	29.68	3.754
2015-08-22 18:44:28.278	11301	11201	-91	-97	10	27.76	29.69	3.818
2015-08-22 19:17:01.652	11301	11201	-91	-97	10	24.68	30.15	3.754
2015-08-23 12:28:17.914	11301	11201	-91	-97	10	29.02	28.49	3.742
2015-08-23 12:43:38.335	11301	11201	-94	-97	10	29.97	28.5	3.779
2015-08-23 13:21:09.183	11301	11201	-94	-97	10	30.04	29.66	3.742
2015-08-23 13:41:49.05	11301	11201	-94	-97	10
2015-08-23 14:02:54.671	11301	11201	-88	-97	10	30.79	30.22	3.742
2015-08-23 14:17:56.167	11301	11201	-91	-97	10
2015-08-23 14:20:14.942	11301	11201	-91	-91	10	31.6	30.5	3.779
2015-08-23 15:01:15.934	11301	11201	-91	-97	10	34.91	30.26	3.754
2015-08-23 15:17:43.334	11301	11201	-94	-97	10	34.76	29.09	3.767
2015-08-23 15:28:46.558	11301	11201	-94	-97	10
2015-08-23 15:53:55.006	11301	11201	-94	-97	10	33.79	31.94	3.754
2015-08-23 17:05:00.414	11301	11201	-94	-97	10	31.88	30.42	3.754
2015-08-23 17:15:45.655	11301	11201	-91	-97	10
2015-08-23 17:26:20.475	11301	11201	-94	-97	10	31.05	30.49	3.767
2015-08-23 17:39:32.91	11301	11201	-91	-97	10
2015-08-24 07:02:32.107	11301	11201	-94	-94	10	18.89	29.68	3.767
2015-08-24 07:06:00.299	11301	11201	-91	-91	10
2015-08-24 07:15:56.755	11301	11201	-91	-97	10	19.1	29.69	3.831
2015-08-24 07:31:40.458	11301	11201	-94	-97	10
2015-08-24 07:48:58.418	11301	11201	-94	-91	10	19.45	29.76	3.779
2015-08-24 08:22:34.102	11301	11201	-94	-97	10	19.47	29.65	3.779
2015-08-24 08:48:42.851	11301	11201	-91	-97	10	19.79	29.71	3.779
2015-08-24 09:18:39.21	11301	11201	-94	-97	10
2015-08-24 09:24:59.339	11301	11201	-88	-97	10	20.74	29.65	3.767
2015-08-24 09:54:50.459	11301	11201	-94	-97	10	21.78	29.42	3.779
2015-08-24 10:27:16.071	11301	11201	-91	-97	10	22.54	29.34	3.767
2015-08-24 10:27:37.311	11301	11201	-91	-97	10
2015-08-24 10:45:15.327	11301	11201	-94	-97	10	22.96	29.76	3.792
2015-08-24 11:33:12.654	11301	11201	-94	-91	10	26.11	29.02	3.742
2015-08-24 11:45:48.299	11301	11201	-91	-97	10	27.02	29.13	3.805
2015-08-24 12:32:14.809	11301	11201	-94	-97	10	29.33	28.95	3.742
2015-08-24 12:52:38.811	11301	11201	-94	-97	10
2015-08-24 12:54:55.439	11301	11201	-94	-97	10	28.55	29.32	3.767
2015-08-24 13:21:16.711	11301	11201	-94	-97	10	28.38	30.03	3.754
2015-08-24 14:00:54.674	11301	11201	-94	-97	10	29.11	30.23	3.742
2015-08-24 14:23:11.502	11301	11201	-88	-97	10	29.88	30.43	3.767
2015-08-24 14:39:37.495	11301	11201	-91	-97	10
2015-08-24 14:55:20.738	11301	11201	-94	-97	10	31.11	31.11	3.742
2015-08-24 15:20:55.759	11301	11201	-91	-97	10	32.0	29.31	3.754
2015-08-24 16:04:58.983	11301	11201	-94	-97	10	31.86	29.51	3.742
2015-08-24 16:26:37.106	11301	11201	-94	-97	10
2015-08-24 16:51:07.91	11301	11201	-94	-97	10	29.29	30.42	3.754
2015-08-24 17:10:51.603	11301	11201	-91	-97	10
2015-08-24 17:15:02.607	11301	11201	-94	-97	10	28.11	30.43	3.767
2015-08-24 17:56:17.45	11301	11201	-91	-97	10	27.13	30.46	3.742
2015-08-24 18:13:37.328	11301	11201	-94	-97	10
2015-08-24 18:29:22.897	11301	11201	-94	-97	10	26.72	30.03	3.754
2015-08-24 18:54:36.83	11301	11201	-91	-94	10	25.3	30.56	3.767
2015-08-24 19:17:40.895	11301	11201	-94	-97	10	24.66	30.57	3.779
2015-08-24 19:45:38.895	11301	11201	-88	-88	10	23.79	30.57	3.767
2015-08-24 20:52:03.631	11301	11201	-91	-97	10	21.42	30.09	3.779
2015-08-24 21:31:31.343	11301	11201	-94	-97	10	21.45	30.17	3.754
2015-08-24 21:43:45.102	11301	11201	-91	-97	10	21.36	30.16	3.818
2015-08-24 21:47:35.394	11301	11201	-94	-97	10
2015-08-24 22:27:59.732	11301	11201	-88	-97	10	20.68	30.1	3.754
2015-08-24 22:43:30.895	11301	11201	-91	-97	10	20.32	30.04	3.805
2015-08-24 23:17:56.285	11301	11201	-94	-97	10	19.2	29.84	3.767
2015-08-24 23:34:34.071	11301	11201	-91	-97	10
2015-08-24 23:54:05.714	11301	11201	-91	-97	10
2015-08-24 23:55:49.962	11301	11201	-88	-97	10	18.1	29.68	3.767
2015-08-25 00:24:18.939	11301	11201	-91	-97	10	17.33	29.55	3.792
2015-08-25 00:55:15.103	11301	11201	-88	-97	10	16.61	29.49	3.792
2015-08-25 01:21:34.384	11301	11201	-88	-97	10
2015-08-25 01:28:12.598	11301	11201	-88	-97	10	15.89	29.36	3.792
2015-08-25 02:03:04.663	11301	11201	-91	-97	10	15.21	29.27	3.792
2015-08-25 02:31:52.378	11301	11201	-88	-97	10	14.64	29.19	3.792
2015-08-25 02:47:51.04	11301	11201	-91	-97	10	14.43	29.1	3.831
2015-08-25 03:08:33.195	11301	11201	-88	-97	10
2015-08-25 03:15:27.779	11301	11201	-88	-97	10	14.06	29.07	3.805
2015-08-25 03:15:42.099	11301	11201	-91	-97	10
2015-08-25 03:56:45.443	11301	11201	-91	-97	10	13.52	29.03	3.779
2015-08-25 04:27:32.526	11301	11201	-88	-97	10	13.36	28.98	3.792
2015-08-25 04:55:32.162	11301	11201	-88	-97	10
2015-08-25 04:59:16.114	11301	11201	-88	-97	10	13.11	28.93	3.792
2015-08-25 05:26:53.907	11301	11201	-88	-97	10	12.99	28.92	3.805
2015-08-25 06:04:37.669	11301	11201	-88	-97	10	12.79	28.87	3.792
2015-08-25 06:27:30.919	11301	11201	-91	-97	10	12.61	28.89	3.818
2015-08-25 06:37:18.351	11301	11201	-88	-97	10
2015-08-25 06:42:31.514	11301	11201	-88	-97	10
2015-08-25 06:50:05.399	11301	11201	-91	-97	10	12.57	28.88	3.818
2015-08-25 07:25:25.742	11301	11201	-91	-97	10	12.32	28.86	3.792
2015-08-25 08:00:48.311	11301	11201	-91	-97	10	13.35	28.95	3.792
2015-08-25 08:19:11.315	11301	11201	-88	-97	10	14.14	28.87	3.818
2015-08-25 08:29:31.106	11301	11201	-94	-97	10
2015-08-25 09:04:05.447	11301	11201	-91	-97	10	15.82	28.87	3.767
2015-08-25 09:13:14.523	11301	11201	-91	-97	10	16.28	28.91	3.844
2015-08-25 09:58:55.627	11301	11201	-88	-97	10
2015-08-25 10:03:54.986	11301	11201	-88	-97	10	18.52	29.02	3.754
2015-08-25 10:16:30.159	11301	11201	-91	-97	10
2015-08-25 10:33:24.483	11301	11201	-88	-97	10	21.79	28.64	3.779
2015-08-25 10:44:43.023	11301	11201	-94	-97	10	23.99	27.39	3.818
2015-08-25 11:30:31.638	11301	11201	-94	-97	10	24.47	28.89	3.742
2015-08-25 12:03:01.902	11301	11201	-94	-97	10	22.56	30.01	3.754
2015-08-25 12:03:29.323	11301	11201	-91	-97	10
2015-08-25 12:22:05.707	11301	11201	-94	-97	10	22.09	29.9	3.792
2015-08-25 12:54:01.503	11301	11201	-91	-97	10	22.1	29.66	3.767
2015-08-25 13:20:32.899	11301	11201	-91	-97	10
2015-08-25 13:26:42.939	11301	11201	-91	-94	10	22.21	29.67	3.767
2015-08-25 13:50:28.991	11301	11201	-91	-97	10
2015-08-25 14:03:17.471	11301	11201	-91	-97	10	22.67	29.77	3.754
2015-08-25 14:25:26.063	11301	11201	-94	-97	10	22.97	29.52	3.779
2015-08-25 14:56:32.746	11301	11201	-94	-97	10	22.35	29.89	3.754
2015-08-25 15:34:24.223	11301	11201	-85	-88	10	22.24	29.84	3.754
2015-08-25 15:37:27.758	11301	11201	-91	-97	10
2015-08-25 16:02:58.482	11301	11201	-91	-97	10	22.14	29.8	3.767
2015-08-25 16:21:45.238	11301	11201	-91	-97	10	22.08	29.8	3.792
2015-08-25 16:42:08.494	11301	11201	-88	-97	10
2015-08-25 16:53:35.878	11301	11201	-88	-97	10	21.77	29.77	3.767
2015-08-25 17:24:27.139	11301	11201	-91	-97	10
2015-08-25 17:27:00.283	11301	11201	-88	-97	10	21.2	29.8	3.767
2015-08-25 18:00:34.643	11301	11201	-91	-97	10	20.25	29.86	3.767
2015-08-25 18:17:19.114	11301	11201	-88	-94	10	19.89	29.86	3.805
2015-08-25 18:53:45.675	11301	11201	-91	-97	10	19.31	29.78	3.767
2015-08-25 19:11:26.392	11301	11201	-88	-97	10
2015-08-25 19:22:44.467	11301	11201	-91	-97	10	18.86	29.74	3.779
2015-08-25 19:48:30.931	11301	11201	-88	-97	10	18.39	29.71	3.792
2015-08-25 20:03:46.086	11301	11201	-91	-97	10
2015-08-25 20:25:47.619	11301	11201	-88	-97	10	17.72	29.65	3.767
2015-08-25 20:44:48.167	11301	11201	-88	-97	10	17.36	29.59	3.805
2015-08-25 20:58:26.282	11301	11201	-88	-97	10
2015-08-25 21:19:25.731	11301	11201	-91	-97	10	17.04	29.7	3.779
2015-08-25 21:51:24.463	11301	11201	-88	-97	10	17.14	29.64	3.779
2015-08-25 22:29:32.375	11301	11201	-88	-97	10	16.82	29.51	3.767
2015-08-25 22:45:24.991	11301	11201	-88	-97	10
2015-08-25 22:52:14.498	11301	11201	-88	-97	10	16.49	29.55	3.805
2015-08-25 23:25:23.064	11301	11201	-88	-97	10
2015-08-25 23:35:01.769	11301	11201	-88	-97	10	16.33	29.54	3.767
2015-08-25 23:52:28.07	11301	11201	-88	-97	10	16.29	29.5	3.818
2015-08-26 00:12:56.558	11301	11201	-88	-97	10	16.18	29.45	3.805
2015-08-26 00:32:25.174	11301	11201	-85	-97	10
2015-08-26 00:45:31.582	11301	11201	-88	-97	10	15.86	29.43	3.792
2015-08-26 01:17:24.719	11301	11201	-88	-97	10	15.68	29.41	3.792
2015-08-26 01:56:25.487	11301	11201	-85	-97	10	14.83	29.21	3.779
2015-08-26 02:19:24.147	11301	11201	-88	-97	10
2015-08-26 02:34:02.506	11301	11201	-85	-88	10	13.75	29.12	3.779
2015-08-26 02:46:59.678	11301	11201	-85	-97	10
2015-08-26 02:50:38.058	11301	11201	-85	-97	10	13.42	29.09	3.818
2015-08-26 03:18:09.723	11301	11201	-85	-97	10	12.9	28.98	3.805
2015-08-26 03:56:51.49	11301	11201	-85	-97	10	12.43	28.94	3.792
2015-08-26 04:06:23.29	11301	11201	-88	-97	10
2015-08-26 04:29:49.586	11301	11201	-85	-97	10	12.04	28.84	3.792
2015-08-26 04:52:29.95	11301	11201	-85	-88	10	11.83	28.82	3.818
2015-08-26 05:12:57.351	11301	11201	-88	-97	10	11.64	28.81	3.818
2015-08-26 05:48:23.514	11301	11201	-85	-97	10	11.42	28.79	3.792
2015-08-26 05:53:22.716	11301	11201	-85	-97	10
2015-08-26 06:08:36.887	11301	11201	-88	-97	10
2015-08-26 06:19:55.146	11301	11201	-85	-97	10	11.2	28.74	3.805
2015-08-26 06:51:27.246	11301	11201	-88	-97	10	11.04	28.76	3.805
2015-08-26 07:24:45.439	11301	11201	-88	-97	10	11.5	29.0	3.805
2015-08-26 07:40:21.918	11301	11201	-88	-97	10
2015-08-26 07:46:38.362	11301	11201	-85	-97	10	12.47	28.74	3.818
2015-08-26 08:19:49.29	11301	11201	-88	-97	10	13.53	28.68	3.792
2015-08-26 08:44:16.706	11301	11201	-88	-97	10	14.4	28.65	3.805
2015-08-26 09:27:22.338	11301	11201	-85	-97	10
2015-08-26 09:30:14.038	11301	11201	-88	-97	10
2015-08-26 09:31:18.435	11301	11201	-85	-97	10	15.64	28.85	3.767
2015-08-26 09:47:42.878	11301	11201	-91	-97	10	16.57	28.79	3.818
2015-08-26 10:20:30.951	11301	11201	-88	-97	10	18.27	28.72	3.779
2015-08-26 11:03:30.574	11301	11201	-91	-97	10	22.15	27.25	3.742
2015-08-26 11:14:20.718	11301	11201	-91	-97	10
2015-08-26 11:20:18.282	11301	11201	-91	-97	10	23.08	27.89	3.792
2015-08-26 12:04:40.122	11301	11201	-88	-97	10	20.25	29.65	3.742
2015-08-26 12:27:45.63	11301	11201	-88	-97	10	20.39	29.73	3.779
2015-08-26 12:49:36.023	11301	11201	-88	-97	10	20.61	29.68	3.792
2015-08-26 12:51:50.267	11301	11201	-88	-97	10
2015-08-26 13:01:20.07	11301	11201	-88	-97	10
2015-08-26 13:27:54.591	11301	11201	-88	-97	10	21.54	29.68	3.754
2015-08-26 13:53:06.143	11301	11201	-94	-97	10	22.53	29.27	3.779
2015-08-26 14:30:08.147	11301	11201	-91	-97	10	22.17	29.52	3.754
2015-08-26 14:48:19.563	11301	11201	-91	-97	10
2015-08-26 14:57:59.387	11301	11201	-91	-97	10	21.9	29.78	3.767
2015-08-26 15:15:37.627	11301	11201	-91	-97	10	21.72	29.7	3.792
2015-08-26 15:48:14.679	11301	11201	-88	-97	10	22.92	29.23	3.754
2015-08-26 16:13:26.967	11301	11201	-94	-97	10
2015-08-26 16:30:58.451	11301	11201	-91	-97	10	21.86	29.85	3.742
2015-08-26 16:35:18.964	11301	11201	-91	-97	10
2015-08-26 16:52:13.74	11301	11201	-91	-97	10	21.9	29.78	3.779
2015-08-26 17:19:23.507	11301	11201	-88	-97	10	21.6	29.9	3.779
2015-08-26 17:44:03.314	11301	11201	-91	-97	10	21.33	29.95	3.779
2015-08-26 18:22:18.186	11301	11201	-91	-97	10
2015-08-26 18:26:09.239	11301	11201	-88	-97	10	20.29	30.0	3.754
2015-08-26 19:02:00.458	11301	11201	-88	-97	10	19.6	29.94	3.767
2015-08-26 19:14:58.891	11301	11201	-88	-97	10	19.33	29.92	3.818
2015-08-26 19:35:04.018	11301	11201	-91	-97	10
2015-08-26 20:00:41.11	11301	11201	-91	-91	10	18.58	29.93	3.754
2015-08-26 20:09:17.598	11301	11201	-88	-97	10
2015-08-26 20:27:30.082	11301	11201	-88	-97	10	18.18	29.86	3.792
2015-08-26 20:53:59.458	11301	11201	-91	-97	10	17.65	29.78	3.792
2015-08-26 21:21:14.306	11301	11201	-88	-97	10	17.2	29.75	3.792
2015-08-26 21:56:16.034	11301	11201	-88	-97	10
2015-08-26 22:04:23.218	11301	11201	-88	-97	10	16.52	29.62	3.767
2015-08-26 22:34:33.151	11301	11201	-88	-97	10	16.07	29.58	3.792
2015-08-26 22:51:50.85	11301	11201	-88	-97	10	15.83	29.56	3.818
2015-08-26 22:56:41.998	11301	11201	-88	-97	10
2015-08-26 23:26:15.81	11301	11201	-88	-97	10	15.74	29.52	3.779
2015-08-26 23:43:15.494	11301	11201	-88	-97	10
2015-08-26 23:56:09.175	11301	11201	-88	-97	10	15.57	29.47	3.792
2015-08-27 00:14:48.843	11301	11201	-88	-97	10	15.54	29.51	3.818
2015-08-27 01:04:45.938	11301	11201	-88	-97	10	15.27	29.45	3.767
2015-08-27 01:23:57.355	11301	11201	-85	-97	10	15.14	29.44	3.805
2015-08-27 01:30:15.494	11301	11201	-88	-97	10
2015-08-27 01:46:22.942	11301	11201	-88	-88	10	15.04	29.43	3.805
2015-08-27 02:18:18.327	11301	11201	-88	-97	10
2015-08-27 02:25:30.315	11301	11201	-91	-97	10	14.89	29.42	3.779
2015-08-27 02:54:35.83	11301	11201	-88	-97	10	14.77	29.41	3.792
2015-08-27 03:17:14.839	11301	11201	-88	-97	10
2015-08-27 03:28:08.171	11301	11201	-88	-97	10	14.79	29.41	3.779
2015-08-27 03:54:11.638	11301	11201	-88	-97	10	14.78	29.41	3.792
2015-08-27 04:27:53.482	11301	11201	-88	-97	10	14.96	29.42	3.779
2015-08-27 05:01:39.65	11301	11201	-88	-97	10	14.82	29.34	3.779
2015-08-27 05:04:13.766	11301	11201	-85	-97	10
2015-08-27 05:20:30.083	11301	11201	-88	-97	10	14.7	29.33	3.805
2015-08-27 05:39:54.65	11301	11201	-88	-97	10
2015-08-27 05:43:31.026	11301	11201	-88	-97	10	14.63	29.4	3.805
2015-08-27 06:26:44.379	11301	11201	-88	-97	10	14.54	29.39	3.767
2015-08-27 06:44:05.922	11301	11201	-85	-97	10	14.5	29.32	3.818
2015-08-27 06:51:12.87	11301	11201	-85	-85	10
2015-08-27 07:31:54.991	11301	11201	-88	-97	10	14.7	29.44	3.767
2015-08-27 07:54:53.639	11301	11201	-85	-97	10	15.07	29.29	3.805
2015-08-27 08:16:51.61	11301	11201	-88	-97	10	15.57	29.27	3.805
2015-08-27 08:38:12.442	11301	11201	-88	-97	10
2015-08-27 09:02:02.643	11301	11201	-88	-97	10
2015-08-27 09:31:23.306	11301	11201	-88	-97	10	17.49	29.28	3.779
2015-08-27 10:02:18.223	11301	11201	-91	-97	10	19.07	29.06	3.767
2015-08-27 10:22:50.042	11301	11201	-88	-97	10	19.0	29.3	3.792
2015-08-27 10:25:12.026	11301	11201	-88	-97	10
2015-08-27 10:56:18.106	11301	11201	-88	-97	10	20.29	29.16	3.767
2015-08-27 11:13:20.639	11301	11201	-91	-97	10	20.52	29.28	3.792
2015-08-27 11:58:12.55	11301	11201	-91	-97	10	20.35	29.76	3.742
2015-08-27 12:12:11.338	11301	11201	-91	-97	10
2015-08-27 12:23:06.578	11301	11201	-91	-97	10	20.82	29.55	3.779
2015-08-27 12:23:09.258	11301	11201	-91	-97	10
2015-08-27 13:01:13.931	11301	11201	-91	-97	10	21.63	29.69	3.754
2015-08-27 13:16:35.839	11301	11201	-88	-97	10	22.02	29.58	3.792
2015-08-27 13:49:49.466	11301	11201	-88	-97	10	22.08	29.8	3.754
2015-08-27 13:59:10.006	11301	11201	-88	-97	10
2015-08-27 14:32:46.326	11301	11201	-91	-97	10	21.36	29.88	3.742
2015-08-27 14:43:50.294	11301	11201	-91	-97	10	20.96	29.92	3.818
2015-08-27 15:25:20.427	11301	11201	-94	-97	10	21.24	30.08	3.754
2015-08-27 15:44:45.487	11301	11201	-88	-97	10
2015-08-27 15:46:11.298	11301	11201	-94	-97	10
2015-08-27 15:54:29.542	11301	11201	-94	-97	10	21.74	29.84	3.767
2015-08-27 16:32:31.619	11301	11201	-88	-97	10	22.39	29.89	3.742
2015-08-27 16:47:12.455	11301	11201	-88	-97	10	22.82	29.75	3.792
2015-08-27 17:15:42.759	11301	11201	-88	-97	10	22.72	29.95	3.767
2015-08-27 17:33:09.28	11301	11201	-88	-97	10
2015-08-27 17:49:08.29	11301	11201	-94	-97	10	23.64	29.92	3.754
2015-08-27 18:25:21.55	11301	11201	-91	-97	10	22.5	30.11	3.754
2015-08-27 19:01:31.559	11301	11201	-88	-88	10	21.47	30.2	3.754
2015-08-27 19:06:23.023	11301	11201	-88	-97	10
2015-08-27 19:18:24.691	11301	11201	-88	-97	10	20.97	30.16	3.792
2015-08-27 19:20:08.727	11301	11201	-88	-97	10
2015-08-27 20:03:39.192	11301	11201	-85	-97	10	19.71	30.13	3.742
2015-08-27 20:25:20.831	11301	11201	-88	-97	10	19.14	30.12	3.792
2015-08-27 20:54:02.451	11301	11201	-85	-97	10	18.61	30.04	3.779
2015-08-27 21:07:07.568	11301	11201	-85	-97	10
2015-08-27 21:16:25.438	11301	11201	-88	-88	10	18.22	29.97	3.792
2015-08-27 22:00:50.239	11301	11201	-88	-97	10	17.2	29.82	3.767
2015-08-27 22:27:59.034	11301	11201	-85	-97	10
2015-08-27 22:35:01.883	11301	11201	-88	-97	10	16.24	29.7	3.779
2015-08-27 22:54:07.203	11301	11201	-88	-97	10
2015-08-27 22:59:57.09	11301	11201	-88	-97	10	15.68	29.62	3.792
2015-08-27 23:14:46.086	11301	11201	-88	-97	10	15.39	29.6	3.818
2015-08-28 00:00:45.559	11301	11201	-88	-97	10	14.67	29.47	3.767
2015-08-28 00:26:13.074	11301	11201	-88	-97	10	14.36	29.48	3.792
2015-08-28 00:41:06.338	11301	11201	-88	-97	10
2015-08-28 01:04:15.774	11301	11201	-88	-97	10	14.04	29.38	3.779
2015-08-28 01:17:48.523	11301	11201	-88	-97	10	13.93	29.41	3.831
2015-08-28 01:49:35.81	11301	11201	-88	-97	10
2015-08-28 01:59:07.999	11301	11201	-88	-91	10	13.68	29.39	3.779
2015-08-28 02:19:23.64	11301	11201	-91	-97	10	13.57	29.31	3.805
2015-08-28 02:28:05.702	11301	11201	-88	-97	10
2015-08-28 03:01:30.11	11301	11201	-88	-94	10	13.15	29.28	3.779
2015-08-28 03:13:50.194	11301	11201	-88	-97	10	13.04	29.27	3.831
2015-08-28 03:43:10.588	11301	11201	-88	-88	10	12.96	29.26	3.792
2015-08-28 04:15:05.074	11301	11201	-88	-97	10
2015-08-28 04:23:43.135	11301	11201	-88	-97	10	12.74	29.24	3.779
2015-08-28 04:51:17.439	11301	11201	-88	-91	10	12.68	29.24	3.805
2015-08-28 05:11:13.362	11301	11201	-88	-97	10
2015-08-28 05:22:40.014	11301	11201	-88	-97	10	12.54	29.16	3.792
2015-08-28 05:22:51.286	11301	11201	-88	-97	10	12.54	29.16	3.792
2015-08-28 05:55:51.627	11301	11201	-91	-97	10	12.29	29.14	3.792
2015-08-28 06:02:03.874	11301	11201	-88	-97	10
2015-08-28 06:33:36.526	11301	11201	-91	-97	10	12.14	29.12	3.779
2015-08-28 06:58:15.787	11301	11201	-91	-97	10	12.0	29.11	3.805
2015-08-28 07:31:11.418	11301	11201	-91	-97	10	12.07	29.22	3.792
2015-08-28 07:49:05.042	11301	11201	-91	-97	10
2015-08-28 07:52:04.39	11301	11201	-91	-97	10	12.33	29.21	3.805
2015-08-28 08:24:17.93	11301	11201	-91	-88	10	13.06	29.16	3.792
2015-08-28 08:32:50.275	11301	11201	-91	-97	10
2015-08-28 08:49:40.254	11301	11201	-91	-97	10	13.89	29.06	3.805
2015-08-28 09:22:51.411	11301	11201	-88	-97	10	15.74	28.93	3.779
2015-08-28 09:36:03.618	11301	11201	-88	-97	10
2015-08-28 09:46:21.867	11301	11201	-88	-97	10	17.29	28.99	3.792
2015-08-28 10:33:42.818	11301	11201	-91	-97	10	22.72	28.5	3.742
2015-08-28 11:01:50.807	11301	11201	-91	-97	10	25.97	27.32	3.742
2015-08-28 11:23:02.35	11301	11201	-88	-97	10
2015-08-28 11:31:57.963	11301	11201	-88	-97	10	26.55	28.73	3.742
2015-08-28 11:52:22.183	11301	11201	-94	-97	10	27.47	28.95	3.767
2015-08-28 11:54:26.955	11301	11201	-91	-91	10
2015-08-28 12:14:51.41	11301	11201	-91	-97	10	27.9	29.13	3.754
2015-08-28 12:58:23.531	11301	11201	-94	-97	10	29.6	29.12	3.729
2015-08-28 13:10:02.622	11301	11201	-91	-97	10
2015-08-28 13:26:46.471	11301	11201	-91	-97	10	27.24	30.33	3.742
2015-08-28 13:52:50.783	11301	11201	-91	-97	10	28.35	30.24	3.754
2015-08-28 14:30:28.307	11301	11201	-94	-91	10	27.08	30.92	3.742
2015-08-28 14:57:01.106	11301	11201	-91	-97	10
2015-08-28 15:00:27.03	11301	11201	-91	-97	10	27.3	30.65	3.742
2015-08-28 15:16:01.53	11301	11201	-91	-97	10	26.49	30.98	3.779
2015-08-28 15:16:03.226	11301	11201	-91	-97	10
2015-08-28 15:47:21.058	11301	11201	-94	-97	10	30.27	29.89	3.742
2015-08-28 16:26:21.458	11301	11201	-94	-97	10	30.66	29.71	3.742
2015-08-28 16:44:01.979	11301	11201	-94	-97	10
2015-08-28 16:58:13.79	11301	11201	-91	-97	10	29.18	30.38	3.742
2015-08-28 17:30:41.171	11301	11201	-91	-97	10	28.18	30.69	3.742
2015-08-28 17:50:07.31	11301	11201	-91	-97	10	27.82	30.91	3.767
2015-08-28 18:22:52.763	11301	11201	-91	-97	10	27.15	30.85	3.742
2015-08-28 18:30:59.714	11301	11201	-91	-97	10
2015-08-28 18:37:40.59	11301	11201	-91	-97	10
2015-08-28 18:48:45.011	11301	11201	-94	-97	10	25.96	30.75	3.754
2015-08-28 19:15:18.674	11301	11201	-88	-97	10	24.33	30.76	3.754
2015-08-28 19:42:49.41	11301	11201	-88	-97	10	22.89	30.64	3.767
2015-08-28 20:17:59.326	11301	11201	-88	-97	10
2015-08-28 20:22:12.83	11301	11201	-88	-97	10	21.15	30.49	3.754
2015-08-28 20:51:41.171	11301	11201	-91	-97	10	19.79	30.17	3.767
2015-08-28 21:31:49.174	11301	11201	-88	-97	10	18.6	30.04	3.754
2015-08-28 21:48:44.771	11301	11201	-88	-97	10	18.2	29.97	3.805
2015-08-28 21:59:17.054	11301	11201	-88	-97	10
2015-08-28 22:04:58.028	11301	11201	-88	-97	10
2015-08-28 22:29:56.982	11301	11201	-88	-97	10	17.33	29.93	3.754
2015-08-28 22:57:38.274	11301	11201	-88	-97	10	16.9	29.83	3.779
2015-08-28 23:23:46.894	11301	11201	-91	-97	10	16.52	29.76	3.792
2015-08-28 23:51:57.99	11301	11201	-88	-97	10
2015-08-28 23:52:05.45	11301	11201	-88	-97	10	16.18	29.73	3.779
2015-08-29 00:29:45.878	11301	11201	-88	-97	10	15.56	29.61	3.767
2015-08-29 01:02:37.57	11301	11201	-88	-97	10	15.22	29.62	3.779
2015-08-29 01:20:55.254	11301	11201	-88	-97	10
2015-08-29 01:27:33.266	11301	11201	-88	-97	10	14.92	29.49	3.792
2015-08-29 01:38:56.707	11301	11201	-88	-97	10
2015-08-29 01:46:26.739	11301	11201	-88	-97	10	14.7	29.54	3.805
2015-08-29 02:15:15.99	11301	11201	-88	-97	10	14.32	29.47	3.792
2015-08-29 02:44:45.578	11301	11201	-88	-97	10	13.93	29.41	3.792
2015-08-29 03:20:10.974	11301	11201	-88	-97	10	13.64	29.38	3.779
2015-08-29 03:25:56.234	11301	11201	-88	-97	10
2015-08-29 04:04:10.894	11301	11201	-88	-97	10	13.24	29.35	3.767
2015-08-29 04:19:50.4	11301	11201	-88	-97	10	13.08	29.27	3.818
2015-08-29 04:42:33.326	11301	11201	-91	-97	10
2015-08-29 04:48:11.695	11301	11201	-91	-91	10	12.93	29.26	3.792
2015-08-29 05:12:54.93	11301	11201	-88	-97	10
2015-08-29 05:33:56.526	11301	11201	-91	-97	10	12.65	29.2	3.767
2015-08-29 05:53:24.363	11301	11201	-91	-97	10	12.54	29.16	3.805
2015-08-29 06:18:06.687	11301	11201	-94	-97	10	12.36	29.14	3.805
2015-08-29 06:51:27.051	11301	11201	-91	-97	10	12.18	29.16	3.792
2015-08-29 06:59:55.158	11301	11201	-94	-97	10
2015-08-29 07:29:37.386	11301	11201	-91	-97	10	12.32	29.28	3.779
2015-08-29 07:54:19.763	11301	11201	-91	-97	10	12.75	29.17	3.805
2015-08-29 08:04:08.562	11301	11201	-94	-97	10
2015-08-29 08:24:18.819	11301	11201	-88	-97	10	13.46	29.16	3.792
2015-08-29 08:46:54.359	11301	11201	-91	-97	10
2015-08-29 08:57:16.978	11301	11201	-91	-97	10	14.75	29.2	3.779
2015-08-29 09:34:27.523	11301	11201	-88	-97	10	17.28	28.99	3.767
2015-08-29 09:56:58.471	11301	11201	-88	-97	10	18.77	29.11	3.779
2015-08-29 10:26:09.958	11301	11201	-88	-97	10	22.2	29.1	3.767
2015-08-29 10:33:53.487	11301	11201	-94	-97	10
2015-08-29 10:47:47.071	11301	11201	-88	-97	10	26.47	27.07	3.767
2015-08-29 11:17:03.943	11301	11201	-88	-97	10	27.55	28.31	3.742
2015-08-29 11:25:44.626	11301	11201	-88	-97	10
2015-08-29 11:46:03.062	11301	11201	-91	-97	10	28.57	29.54	3.742
2015-08-29 12:20:53.175	11301	11201	-88	-97	10
2015-08-29 12:34:29.762	11301	11201	-94	-97	10	30.96	29.73	3.729
2015-08-29 12:52:49.937	11301	11201	-94	-97	10	31.25	29.82	3.754
2015-08-29 13:30:38.067	11301	11201	-91	-97	10	30.93	30.95	3.729
2015-08-29 13:58:23.563	11301	11201	-94	-97	10	30.35	31.48	3.742
2015-08-29 14:07:52.094	11301	11201	-91	-97	10
2015-08-29 14:13:39.767	11301	11201	-91	-97	10	31.5	30.93	3.767
2015-08-29 14:47:23.659	11301	11201	-91	-97	10
2015-08-29 14:49:11.078	11301	11201	-94	-97	10	32.94	30.39	3.742
2015-08-29 15:24:08.858	11301	11201	-91	-97	10	31.32	31.05	3.742
2015-08-29 15:44:29.078	11301	11201	-94	-97	10	31.32	31.45	3.754
2015-08-29 15:54:51.375	11301	11201	-94	-97	10
2015-08-29 16:17:16.002	11301	11201	-94	-97	10	30.83	31.16	3.742
2015-08-29 16:54:33.154	11301	11201	-91	-97	10	29.5	31.48	3.729
2015-08-29 17:24:36.815	11301	11201	-91	-97	10	29.86	31.36	3.742
2015-08-29 17:41:50.574	11301	11201	-91	-97	10
2015-08-29 17:44:27.69	11301	11201	-94	-97	10	29.83	31.33	3.754
2015-08-29 18:08:58.631	11301	11201	-91	-97	10
2015-08-29 18:23:58.928	11301	11201	-91	-97	10	29.55	31.41	3.742
2015-08-29 19:04:22.547	11301	11201	-91	-97	10	27.68	31.25	3.742
2015-08-29 19:18:43.706	11301	11201	-88	-97	10	26.85	31.32	3.779
2015-08-29 19:28:49.519	11301	11201	-88	-97	10
2015-08-29 19:52:19.475	11301	11201	-88	-97	10	25.1	31.21	3.754
2015-08-29 20:34:44.93	11301	11201	-88	-97	10	23.49	31.04	3.742
2015-08-29 21:03:00.918	11301	11201	-85	-97	10	22.9	30.99	3.767
2015-08-29 21:15:49.418	11301	11201	-88	-97	10
2015-08-29 21:18:59.379	11301	11201	-88	-97	10	22.76	30.94	3.792
2015-08-29 21:30:35.343	11301	11201	-88	-97	10
2015-08-29 21:49:12.13	11301	11201	-88	-97	10	22.42	30.88	3.767
2015-08-29 22:12:44.031	11301	11201	-88	-97	10	22.32	30.8	3.779
2015-08-29 22:59:18.362	11301	11201	-88	-97	10	21.39	30.72	3.742
2015-08-29 23:02:48.338	11301	11201	-88	-97	10
2015-08-29 23:23:48.751	11301	11201	-88	-97	10	21.11	30.67	3.779
2015-08-29 23:56:54.991	11301	11201	-91	-97	10	20.9	30.61	3.754
2015-08-30 00:21:39.707	11301	11201	-85	-97	10	20.7	30.53	3.779
2015-08-30 00:48:42.778	11301	11201	-88	-97	10	20.31	30.56	3.767
2015-08-30 00:49:47.894	11301	11201	-88	-97	10
2015-08-30 00:52:11.891	11301	11201	-88	-97	10
2015-08-30 01:18:43.411	11301	11201	-88	-97	10	20.02	30.47	3.767
2015-08-30 02:03:09.839	11301	11201	-91	-97	10	20.22	30.56	3.742
2015-08-30 02:14:27.311	11301	11201	-88	-97	10	20.39	30.53	3.818
2015-08-30 02:36:46.911	11301	11201	-88	-97	10
2015-08-30 02:58:59.136	11301	11201	-88	-97	10	20.21	30.55	3.742
2015-08-30 03:29:37.623	11301	11201	-88	-97	10	20.38	30.5	3.767
2015-08-30 03:53:30.422	11301	11201	-88	-97	10	20.18	30.48	3.779
2015-08-30 04:13:51.979	11301	11201	-88	-97	10
2015-08-30 04:23:46.782	11301	11201	-88	-97	10
2015-08-30 04:34:43.674	11301	11201	-88	-97	10	19.61	30.44	3.754
2015-08-30 04:45:55.91	11301	11201	-88	-97	10	19.47	30.42	3.818
2015-08-30 05:19:58.386	11301	11201	-88	-97	10	19.29	30.44	3.767
2015-08-30 06:01:13.978	11301	11201	-88	-97	10	19.45	30.39	3.754
2015-08-30 06:10:46.226	11301	11201	-94	-97	10
2015-08-30 06:18:17.819	11301	11201	-94	-97	10	19.33	30.48	3.805
2015-08-30 06:55:48.782	11301	11201	-94	-97	10	19.18	30.47	3.754
2015-08-30 07:23:55.322	11301	11201	-94	-97	10	19.17	30.47	3.767
2015-08-30 07:35:27.103	11301	11201	-91	-97	10
2015-08-30 07:57:44.622	11301	11201	-91	-97	10
2015-08-30 08:01:08.994	11301	11201	-94	-97	10	19.32	30.41	3.754
2015-08-30 08:17:55.982	11301	11201	-94	-97	10	19.49	30.35	3.805
2015-08-30 08:55:47.498	11301	11201	-94	-97	10	20.04	30.33	3.754
2015-08-30 09:31:27.55	11301	11201	-94	-97	10	20.78	30.18	3.754
2015-08-30 09:44:44.731	11301	11201	-91	-97	10
2015-08-30 10:01:08.774	11301	11201	-91	-97	10	21.65	30.18	3.767
2015-08-30 10:25:42.19	11301	11201	-91	-97	10	21.89	30.06	3.767
2015-08-30 10:44:49.374	11301	11201	-91	-97	10	22.64	29.7	3.779
2015-08-30 10:57:02.019	11301	11201	-91	-97	10
2015-08-30 11:29:31.171	11301	11201	-94	-97	10	25.38	29.36	3.742
2015-08-30 11:31:44.174	11301	11201	-91	-97	10
2015-08-30 11:55:41.135	11301	11201	-94	-97	10	27.27	29.36	3.754
2015-08-30 12:35:07.847	11301	11201	-91	-97	10	28.83	29.63	3.742
2015-08-30 12:43:46.295	11301	11201	-94	-97	10	29.13	29.58	3.805
2015-08-30 13:18:42.771	11301	11201	-94	-97	10
2015-08-30 13:30:22.478	11301	11201	-94	-97	10	29.77	30.6	3.729
2015-08-30 13:57:35.399	11301	11201	-94	-97	10	30.38	30.62	3.742
2015-08-30 14:18:39.902	11301	11201	-94	-97	10
2015-08-30 14:23:52.514	11301	11201	-91	-97	10	30.88	30.91	3.742
2015-08-30 14:51:08.926	11301	11201	-94	-97	10	31.44	30.74	3.742
2015-08-30 15:05:42.454	11301	11201	-94	-97	10
2015-08-30 15:21:28.598	11301	11201	-94	-97	10	31.97	30.82	3.742
2015-08-30 15:53:01.978	11301	11201	-94	-97	10	32.41	30.46	3.742
2015-08-30 16:29:48.778	11301	11201	-94	-97	10	32.02	31.4	3.729
2015-08-30 16:52:42.43	11301	11201	-94	-97	10
2015-08-30 17:02:05.41	11301	11201	-94	-97	10	31.46	31.28	3.742
2015-08-30 17:19:19.902	11301	11201	-94	-97	10	31.05	31.32	3.767
2015-08-30 17:40:19.494	11301	11201	-91	-97	10
2015-08-30 18:04:38.446	11301	11201	-91	-97	10	29.91	31.72	3.729
2015-08-30 18:28:13.963	11301	11201	-88	-97	10	29.71	31.67	3.754
2015-08-30 18:39:40.88	11301	11201	-91	-97	10
2015-08-30 18:49:39.242	11301	11201	-88	-97	10	29.1	31.69	3.754
2015-08-30 19:15:06.019	11301	11201	-91	-97	10	28.22	31.72	3.754
2015-08-30 19:54:19.282	11301	11201	-88	-97	10	26.41	31.5	3.742
2015-08-30 20:26:40.086	11301	11201	-88	-97	10
2015-08-30 20:31:08.531	11301	11201	-91	-97	10	25.33	31.48	3.742
2015-08-30 20:54:30.719	11301	11201	-91	-97	10	25.33	31.34	3.767
2015-08-30 21:01:52.732	11301	11201	-88	-97	10
2015-08-30 21:25:08.814	11301	11201	-88	-97	10	24.08	31.23	3.754
2015-08-30 21:53:30.218	11301	11201	-85	-97	10	23.18	31.08	3.754
2015-08-30 22:13:40.791	11301	11201	-88	-97	10
2015-08-30 22:24:29.495	11301	11201	-88	-97	10	22.46	30.99	3.754
2015-08-30 22:49:01.402	11301	11201	-88	-97	10	22.33	31.01	3.767
2015-08-30 23:14:06.358	11301	11201	-88	-97	10	21.97	30.91	3.767
2015-08-30 23:52:37.163	11301	11201	-88	-97	10	21.49	30.87	3.754
2015-08-31 00:00:40.331	11301	11201	-88	-97	10
2015-08-31 00:14:59.187	11301	11201	-88	-97	10	21.22	30.78	3.779
2015-08-31 00:23:30.69	11301	11201	-88	-97	10
2015-08-31 01:04:39.779	11301	11201	-88	-97	10	20.72	30.74	3.742
2015-08-31 01:15:03.683	11301	11201	-88	-97	10	20.67	30.73	3.818
2015-08-31 01:43:43.47	11301	11201	-88	-97	10	20.46	30.68	3.767
2015-08-31 01:47:37.914	11301	11201	-88	-97	10
2015-08-31 02:17:26.962	11301	11201	-88	-97	10	20.29	30.63	3.767
2015-08-31 03:02:29.598	11301	11201	-88	-97	10	20.17	30.69	3.742
2015-08-31 03:29:23.822	11301	11201	-91	-97	10	20.0	30.64	3.779
2015-08-31 03:34:37.875	11301	11201	-91	-97	10
2015-08-31 03:45:06.63	11301	11201	-88	-97	10
2015-08-31 04:03:59.495	11301	11201	-88	-97	10	20.13	30.55	3.754
2015-08-31 04:26:08.823	11301	11201	-91	-97	10	19.93	30.57	3.779
2015-08-31 04:58:33.994	11301	11201	-88	-97	10	19.58	30.57	3.767
2015-08-31 05:21:37.728	11301	11201	-88	-97	10
2015-08-31 05:32:03.643	11301	11201	-88	-97	10	19.56	30.57	3.767
2015-08-31 05:57:08.455	11301	11201	-88	-97	10	19.42	30.56	3.779
2015-08-31 06:25:08.487	11301	11201	-88	-97	10	19.29	30.55	3.767
2015-08-31 06:44:31.639	11301	11201	-88	-97	10	19.32	30.52	3.792
2015-08-31 07:06:43.51	11301	11201	-88	-97	10
2015-08-31 07:08:36.611	11301	11201	-88	-97	10
2015-08-31 07:30:54.222	11301	11201	-91	-97	10	19.11	30.6	3.742
2015-08-31 07:46:36.314	11301	11201	-88	-97	10	19.43	30.49	3.805
2015-08-31 08:14:58.854	11301	11201	-88	-97	10	20.02	30.47	3.767
2015-08-31 08:43:23.37	11301	11201	-88	-97	10	20.94	30.34	3.767
2015-08-31 08:55:35.426	11301	11201	-88	-97	10
2015-08-31 09:22:15.214	11301	11201	-88	-97	10	21.74	30.4	3.742
2015-08-31 10:01:19.606	11301	11201	-88	-97	10	22.97	30.65	3.742
2015-08-31 10:15:17.398	11301	11201	-91	-97	10	24.06	30.52	3.792
2015-08-31 10:28:23.214	11301	11201	-88	-97	10
2015-08-31 10:42:34.706	11301	11201	-91	-97	10
2015-08-31 11:04:26.682	11301	11201	-91	-97	10	29.61	29.12	3.729
2015-08-31 11:29:35.246	11301	11201	-94	-97	10	30.3	29.97	3.742
2015-08-31 11:48:34.978	11301	11201	-94	-97	10	30.19	30.85	3.754
2015-08-31 12:23:53.754	11301	11201	-94	-97	10	32.33	30.42	3.742
2015-08-31 12:29:34.762	11301	11201	-94	-97	10
2015-08-31 12:44:28.315	11301	11201	-88	-97	10	33.04	30.4	3.742
2015-08-31 13:13:36.406	11301	11201	-94	-97	10	31.9	31.17	3.742
2015-08-31 13:49:57.194	11301	11201	-91	-97	10
2015-08-31 14:00:24.25	11301	11201	-94	-97	10	32.72	31.6	3.818
2015-08-31 14:16:35.578	11301	11201	-94	-97	10
2015-08-31 14:33:49.09	11301	11201	-94	-97	10	34.75	31.56	3.742
2015-08-31 15:04:48.686	11301	11201	-94	-97	10	34.47	31.68	3.742
2015-08-31 15:14:32.539	11301	11201	-94	-97	10	34.11	31.9	3.779
2015-08-31 15:54:51.918	11301	11201	-91	-97	10	36.41	31.19	3.742
2015-08-31 16:03:35.283	11301	11201	-94	-97	10
2015-08-31 16:26:53.075	11301	11201	-94	-97	10	35.05	31.94	3.742
2015-08-31 16:56:51.139	11301	11201	-94	-97	10	34.04	31.71	3.742
2015-08-31 17:11:34.791	11301	11201	-94	-97	10
2015-08-31 17:22:37.523	11301	11201	-94	-97	10	32.68	32.03	3.742
2015-08-31 17:49:22.022	11301	11201	-94	-97	10	32.27	32.07	3.742
2015-08-31 17:50:31.71	11301	11201	-94	-97	10
2015-08-31 18:18:27.814	11301	11201	-94	-97	10	31.82	32.1	3.742
2015-08-31 18:53:36.446	11301	11201	-94	-97	10	30.3	31.86	3.729
2015-08-31 19:24:46.122	11301	11201	-91	-97	10	28.55	31.93	3.742
2015-08-31 19:37:31.562	11301	11201	-91	-97	10
2015-08-31 19:56:53.866	11301	11201	-91	-97	10	26.91	31.83	3.742
2015-08-31 20:14:24.975	11301	11201	-91	-97	10	26.19	31.76	3.779
2015-08-31 20:33:11.355	11301	11201	-91	-97	10
2015-08-31 20:53:00.359	11301	11201	-88	-97	10	24.9	31.51	3.742
2015-08-31 21:24:31.399	11301	11201	-88	-97	10
2015-08-31 21:27:34.223	11301	11201	-88	-97	10	23.97	31.43	3.742
2015-08-31 22:03:21.346	11301	11201	-91	-97	10	23.22	31.26	3.742
2015-08-31 22:27:21.243	11301	11201	-88	-97	10	22.74	31.15	3.767
2015-08-31 22:43:15.978	11301	11201	-88	-97	10	22.49	31.17	3.792
2015-08-31 23:11:31.275	11301	11201	-88	-97	10
2015-08-31 23:13:09.011	11301	11201	-88	-97	10	21.88	31.05	3.754
2015-08-31 23:54:48.083	11301	11201	-88	-97	10
2015-09-01 00:02:59.491	11301	11201	-88	-97	10	21.32	31.0	3.742
2015-09-01 00:29:54.082	11301	11201	-88	-97	10	21.1	30.98	3.767
2015-09-01 00:45:23.438	11301	11201	-88	-97	10	21.08	30.98	3.792
2015-09-01 00:58:30.066	11301	11201	-88	-97	10
2015-09-01 01:17:39.991	11301	11201	-88	-97	10	20.82	30.96	3.754
2015-09-01 01:59:23.302	11301	11201	-88	-97	10	20.74	30.91	3.742
2015-09-01 02:27:09.814	11301	11201	-88	-97	10	20.42	30.85	3.767
2015-09-01 02:45:29.958	11301	11201	-88	-97	10
2015-09-01 02:49:05.098	11301	11201	-88	-97	10	20.2	30.83	3.779
2015-09-01 03:16:25.243	11301	11201	-91	-97	10
2015-09-01 03:23:45.271	11301	11201	-88	-97	10	19.75	30.8	3.754
2015-09-01 03:56:00.634	11301	11201	-88	-97	10	19.57	30.78	3.767
2015-09-01 04:14:00.198	11301	11201	-88	-97	10	19.39	30.73	3.792
2015-09-01 04:32:28.531	11301	11201	-88	-97	10
2015-09-01 04:42:59.386	11301	11201	-88	-97	10	19.24	30.68	3.767
2015-09-01 05:19:31.654	11301	11201	-91	-97	10	19.15	30.68	3.754
2015-09-01 05:44:04.047	11301	11201	-91	-97	10	19.02	30.66	3.779
2015-09-01 06:19:27.203	11301	11201	-91	-97	10
2015-09-01 06:29:23.111	11301	11201	-88	-97	10	18.86	30.65	3.742
2015-09-01 06:38:02.006	11301	11201	-94	-97	10
2015-09-01 06:45:31.243	11301	11201	-91	-97	10	18.88	30.65	3.805
2015-09-01 07:27:41.47	11301	11201	-91	-97	10	18.83	30.65	3.754
2015-09-01 07:58:54.695	11301	11201	-91	-97	10	19.39	30.7	3.767
2015-09-01 08:06:26.723	11301	11201	-91	-97	10
2015-09-01 08:20:36.087	11301	11201	-91	-97	10	19.92	30.57	3.779
2015-09-01 08:43:03.874	11301	11201	-91	-97	10	20.58	30.52	3.779
2015-09-01 09:23:46.983	11301	11201	-88	-97	10	22.36	30.45	3.742
2015-09-01 09:49:21.594	11301	11201	-91	-97	10	23.89	30.51	3.754
2015-09-01 09:53:26.058	11301	11201	-88	-97	10
2015-09-01 09:59:38.611	11301	11201	-91	-97	10
2015-09-01 10:34:17.519	11301	11201	-94	-97	10	28.44	30.03	3.729
2015-09-01 10:45:18.719	11301	11201	-94	-97	10	30.08	28.94	3.779
2015-09-01 11:24:37.454	11301	11201	-91	-97	10	31.25	29.97	3.729
2015-09-01 11:40:25.222	11301	11201	-94	-97	10
2015-09-01 11:57:38.594	11301	11201	-91	-97	10	32.13	30.47	3.729
2015-09-01 12:22:30.65	11301	11201	-94	-97	10	33.24	30.71	3.742
2015-09-01 12:59:27.394	11301	11201	-94	-97	10	32.05	31.4	3.729
2015-09-01 13:21:16.414	11301	11201	-88	-97	10
2015-09-01 13:27:24.402	11301	11201	-91	-97	10
2015-09-01 13:32:45.89	11301	11201	-94	-97	10	31.93	31.82	3.742
2015-09-01 13:55:44.806	11301	11201	-94	-97	10	33.83	31.7	3.742
2015-09-01 14:32:48.994	11301	11201	-91	-97	10	34.74	31.63	3.742
2015-09-01 14:56:36.378	11301	11201	-91	-97	10	35.5	31.8	3.742
2015-09-01 15:14:24.082	11301	11201	-94	-97	10
2015-09-01 15:31:30.35	11301	11201	-94	-97	10	36.38	31.84	3.742
2015-09-01 15:50:14.814	11301	11201	-94	-97	10	36.66	31.5	3.754
2015-09-01 16:20:38.806	11301	11201	-94	-97	10	35.61	31.74	3.742
2015-09-01 16:42:52.348	11301	11201	-94	-97	10
2015-09-01 17:01:25.082	11301	11201	-94	-97	10
2015-09-01 17:03:20.527	11301	11201	-94	-97	10	33.66	32.29	3.742
2015-09-01 17:30:31.65	11301	11201	-94	-97	10	33.18	32.29	3.742
2015-09-01 17:42:53.767	11301	11201	-94	-97	10	33.05	32.17	3.779
2015-09-01 18:23:00.598	11301	11201	-94	-97	10	31.19	32.3	3.742
2015-09-01 18:43:45.475	11301	11201	-91	-97	10	30.24	32.25	3.754
2015-09-01 18:48:23.586	11301	11201	-94	-97	10
2015-09-01 19:26:35.351	11301	11201	-91	-97	10	28.44	32.03	3.729
2015-09-01 19:44:22.39	11301	11201	-94	-97	10	27.58	31.99	3.767
2015-09-01 20:04:29.358	11301	11201	-91	-97	10
2015-09-01 20:32:01.963	11301	11201	-91	-97	10	25.9	31.81	3.729
2015-09-01 20:35:21.435	11301	11201	-91	-97	10
2015-09-01 20:50:58.654	11301	11201	-91	-97	10	25.26	31.75	3.779
2015-09-01 21:22:49.883	11301	11201	-88	-97	10	24.61	31.63	3.742
2015-09-01 21:43:41.623	11301	11201	-88	-97	10	24.26	31.6	3.767
2015-09-01 22:22:20.618	11301	11201	-88	-97	10
2015-09-01 22:32:30.603	11301	11201	-88	-97	10	23.74	31.52	3.729
2015-09-01 22:59:33.475	11301	11201	-88	-97	10	23.61	31.47	3.754
2015-09-01 23:26:05.767	11301	11201	-88	-97	10
2015-09-01 23:32:45.283	11301	11201	-88	-97	10	23.6	31.47	3.754
2015-09-01 23:51:35.907	11301	11201	-88	-97	10	23.34	31.38	3.779
2015-09-02 00:09:21.827	11301	11201	-88	-97	10
2015-09-02 00:33:45.258	11301	11201	-91	-97	10	22.76	31.4	3.729
2015-09-02 00:55:24.572	11301	11201	-88	-97	10	22.5	31.31	3.767
2015-09-02 01:32:45.723	11301	11201	-88	-97	10	21.82	31.22	3.742
2015-09-02 01:46:16.503	11301	11201	-88	-97	10	21.72	31.24	3.805
2015-09-02 01:56:19.138	11301	11201	-88	-97	10
2015-09-02 02:28:37.074	11301	11201	-88	-97	10	21.5	31.15	3.742
2015-09-02 02:47:43.539	11301	11201	-88	-97	10
2015-09-02 03:00:12.458	11301	11201	-88	-97	10	21.15	31.12	3.754
2015-09-02 03:25:02.526	11301	11201	-88	-97	10	20.74	31.09	3.767
2015-09-02 03:43:19.327	11301	11201	-88	-97	10
2015-09-02 03:44:32.586	11301	11201	-88	-97	10	20.54	31.07	3.779
2015-09-02 04:31:00.93	11301	11201	-88	-97	10	20.25	31.01	3.742
2015-09-02 04:57:54.098	11301	11201	-88	-97	10	20.15	31.04	3.767
2015-09-02 05:16:55.799	11301	11201	-88	-97	10	20.02	30.96	3.792
2015-09-02 05:30:18.203	11301	11201	-88	-97	10
2015-09-02 05:57:02.451	11301	11201	-88	-97	10	19.61	30.92	3.742
2015-09-02 06:09:19.499	11301	11201	-88	-97	10
2015-09-02 06:30:26.554	11301	11201	-91	-97	10	19.56	30.92	3.754
2015-09-02 06:42:46.035	11301	11201	-88	-97	10	19.47	30.91	3.805
2015-09-02 07:17:17.395	11301	11201	-91	-97	10
2015-09-02 07:22:51.034	11301	11201	-91	-97	10	19.53	30.92	3.754
2015-09-02 07:53:47.266	11301	11201	-88	-97	10	19.86	30.94	3.754
2015-09-02 08:20:23.502	11301	11201	-88	-97	10	20.38	30.81	3.767
2015-09-02 08:44:13.539	11301	11201	-88	-97	10	21.36	30.76	3.767
2015-09-02 09:04:17.579	11301	11201	-88	-97	10
2015-09-02 09:19:46.595	11301	11201	-88	-97	10	23.08	30.65	3.742
2015-09-02 09:30:56.314	11301	11201	-91	-97	10
2015-09-02 10:01:36.439	11301	11201	-91	-97	10	25.66	30.87	3.729
2015-09-02 10:25:05.834	11301	11201	-91	-97	10	27.88	30.84	3.754
2015-09-02 10:51:18.187	11301	11201	-91	-97	10
2015-09-02 10:53:05.347	11301	11201	-94	-97	10	31.24	29.17	3.742
2015-09-02 11:25:01.207	11301	11201	-94	-97	10	30.52	30.92	3.729
2015-09-02 11:47:47.459	11301	11201	-94	-97	10	32.01	30.97	3.742
2015-09-02 12:18:31.247	11301	11201	-91	-97	10	33.0	31.09	3.729
2015-09-02 12:38:17.234	11301	11201	-94	-97	10
2015-09-02 12:44:59.539	11301	11201	-94	-97	10	33.71	30.96	3.742
2015-09-02 12:52:40.971	11301	11201	-94	-97	10
2015-09-02 13:29:32.903	11301	11201	-94	-97	10	31.1	32.29	3.729
2015-09-02 13:56:21.099	11301	11201	-94	-97	10	32.86	31.69	3.742
2015-09-02 14:19:22.798	11301	11201	-94	-97	10	34.29	31.59	3.742
2015-09-02 14:25:15.134	11301	11201	-94	-97	10
2015-09-02 14:48:35.422	11301	11201	-94	-97	10	35.18	32.03	3.742
2015-09-02 15:27:55.146	11301	11201	-94	-97	10	33.83	33.06	3.742
2015-09-02 15:59:14.746	11301	11201	-94	-97	10	33.88	32.49	3.742
2015-09-02 16:12:14.795	11301	11201	-94	-97	10
2015-09-02 16:14:14.882	11301	11201	-94	-94	10
2015-09-02 16:29:59.19	11301	11201	-94	-97	10	33.82	31.84	3.729
2015-09-02 16:43:55.426	11301	11201	-94	-97	10	33.68	32.11	3.767
2015-09-02 17:16:14.878	11301	11201	-94	-97	10	33.47	32.21	3.742
2015-09-02 17:59:14.043	11301	11201	-94	-97	10
2015-09-02 17:59:56.818	11301	11201	-94	-97	10	32.74	32.57	3.742
2015-09-02 18:32:19.951	11301	11201	-94	-97	10	31.22	32.55	3.742
2015-09-02 18:54:49.578	11301	11201	-94	-97	10	30.77	32.3	3.754
2015-09-02 19:23:52.175	11301	11201	-94	-97	10	29.49	32.4	3.742
2015-09-02 19:35:46.85	11301	11201	-91	-97	10
2015-09-02 19:46:12.279	11301	11201	-91	-97	10
2015-09-02 20:03:16.123	11301	11201	-91	-97	10	27.36	32.22	3.729
2015-09-02 20:26:33.903	11301	11201	-91	-97	10	26.41	32.06	3.754
2015-09-02 20:54:33.768	11301	11201	-94	-97	10	25.3	31.9	3.742
2015-09-02 21:28:39.182	11301	11201	-94	-97	10	25.11	31.85	3.742
2015-09-02 21:33:12.406	11301	11201	-91	-97	10
2015-09-02 21:53:11.998	11301	11201	-91	-97	10	24.77	31.78	3.754
2015-09-02 22:18:35.039	11301	11201	-88	-97	10	24.34	31.75	3.754
2015-09-02 22:57:24.187	11301	11201	-94	-97	10
2015-09-02 23:00:04.687	11301	11201	-88	-97	10	23.84	31.7	3.742
2015-09-02 23:13:47.751	11301	11201	-91	-97	10	23.58	31.65	3.792
2015-09-02 23:20:11.883	11301	11201	-91	-97	10
2015-09-02 23:45:28.479	11301	11201	-91	-97	10	23.15	31.57	3.742
2015-09-03 00:20:44.054	11301	11201	-91	-97	10	22.86	31.55	3.742
2015-09-03 00:44:07.658	11301	11201	-91	-97	10	22.44	31.51	3.767
2015-09-03 01:07:10.83	11301	11201	-91	-97	10
2015-09-03 01:25:24.871	11301	11201	-91	-97	10	21.72	31.38	3.742
2015-09-03 01:53:46.486	11301	11201	-88	-97	10	21.58	31.37	3.767
2015-09-03 02:19:00.702	11301	11201	-91	-97	10
2015-09-03 02:24:15.407	11301	11201	-91	-97	10	21.58	31.37	3.754
2015-09-03 02:50:13.267	11301	11201	-91	-97	10	21.38	31.28	3.767
2015-09-03 02:54:10.062	11301	11201	-91	-97	10
2015-09-03 03:21:14.858	11301	11201	-88	-97	10	21.0	31.29	3.754
2015-09-03 03:46:25.583	11301	11201	-88	-97	10	20.96	31.32	3.767
2015-09-03 04:13:33.862	11301	11201	-91	-97	10	21.01	31.25	3.767
2015-09-03 04:41:11.218	11301	11201	-88	-97	10
2015-09-03 04:55:01.314	11301	11201	-88	-97	10	20.69	31.22	3.742
2015-09-03 05:26:29.118	11301	11201	-91	-97	10	20.36	31.23	3.754
2015-09-03 05:40:37.222	11301	11201	-91	-97	10
2015-09-03 05:51:16.374	11301	11201	-91	-97	10	20.11	31.18	3.767
2015-09-03 06:28:08.942	11301	11201	-88	-97	10
2015-09-03 06:31:44.462	11301	11201	-91	-97	10	19.72	31.14	3.742
2015-09-03 06:45:21.954	11301	11201	-91	-97	10	19.63	31.1	3.805
2015-09-03 07:15:48.607	11301	11201	-91	-97	10	19.56	31.13	3.767
2015-09-03 08:04:30.899	11301	11201	-91	-97	10	20.39	31.09	3.729
2015-09-03 08:15:08.347	11301	11201	-91	-97	10
2015-09-03 08:16:32.588	11301	11201	-94	-97	10	20.86	31.03	3.805
2015-09-03 09:01:04.979	11301	11201	-94	-97	10	22.65	30.9	3.742
2015-09-03 09:02:14.591	11301	11201	-91	-97	10
2015-09-03 09:20:40.967	11301	11201	-91	-97	10	23.36	30.82	3.779
2015-09-03 09:55:47.643	11301	11201	-94	-97	10	24.77	31.01	3.742
2015-09-03 10:02:06.579	11301	11201	-91	-97	10
2015-09-03 10:23:43.102	11301	11201	-91	-97	10	26.58	31.02	3.742
2015-09-03 10:54:09.132	11301	11201	-94	-97	10	29.3	30.1	3.742
2015-09-03 11:27:01.307	11301	11201	-94	-97	10	29.5	30.9	3.729
2015-09-03 11:44:29.378	11301	11201	-94	-97	10	30.22	31.11	3.754
2015-09-03 11:49:06.999	11301	11201	-94	-97	10
2015-09-03 12:16:26.891	11301	11201	-94	-97	10	31.11	31.4	3.729
2015-09-03 12:23:50.722	11301	11201	-91	-97	10
2015-09-03 12:45:20.611	11301	11201	-94	-97	10	31.96	31.18	3.742
2015-09-03 13:24:59.142	11301	11201	-94	-97	10	31.44	31.96	3.729
2015-09-03 13:36:06.414	11301	11201	-94	-97	10
2015-09-03 13:46:12.374	11301	11201	-94	-97	10	32.75	31.68	3.742
2015-09-03 14:19:00.887	11301	11201	-94	-97	10	33.52	32.32	3.729
2015-09-03 14:49:16.843	11301	11201	-94	-97	10	35.27	31.74	3.742
2015-09-03 15:23:09.078	11301	11201	-94	-97	10
2015-09-03 15:26:23.702	11301	11201	-94	-97	10	37.27	31.98	3.742
2015-09-03 15:45:28.45	11301	11201	-94	-97	10
2015-09-03 15:51:43.854	11301	11201	-91	-97	10	36.76	32.05	3.742
2015-09-03 16:18:35.25	11301	11201	-94	-97	10	33.13	32.86	3.742
2015-09-03 16:49:50.542	11301	11201	-91	-97	10	32.9	32.48	3.742
2015-09-03 17:10:04.431	11301	11201	-91	-97	10
2015-09-03 17:31:16.15	11301	11201	-91	-97	10	30.77	32.65	3.729
2015-09-03 18:04:06.362	11301	11201	-91	-97	10	29.69	32.45	3.742
2015-09-03 18:18:45.162	11301	11201	-91	-97	10	29.22	32.41	3.767
2015-09-03 18:55:49.387	11301	11201	-91	-97	10	28.19	32.32	3.729
2015-09-03 18:57:03.786	11301	11201	-91	-97	10
2015-09-03 19:07:04.419	11301	11201	-91	-97	10
2015-09-03 19:22:16.642	11301	11201	-91	-97	10	27.3	32.25	3.742
2015-09-03 19:44:37.406	11301	11201	-91	-97	10	26.52	32.22	3.754
2015-09-03 20:31:37.011	11301	11201	-94	-97	10	25.83	32.16	3.729
2015-09-03 20:44:03.402	11301	11201	-91	-97	10
2015-09-03 20:48:23.18	11301	11201	-94	-97	10	25.6	32.07	3.779
2015-09-03 21:13:12.149	11301	11201	-91	-97	10	24.94	31.97	3.754
2015-09-03 21:45:28.223	11301	11201	-91	-91	10	24.31	31.92	3.742
2015-09-03 22:14:07.075	11301	11201	-88	-97	10	23.72	31.83	3.754
2015-09-03 22:28:41.083	11301	11201	-88	-97	10
2015-09-03 22:31:02.756	11301	11201	-91	-97	10
2015-09-03 22:58:52.414	11301	11201	-88	-91	10	23.19	31.79	3.729
2015-09-03 23:34:40.69	11301	11201	-88	-91	10	22.54	31.73	3.742
2015-09-04 00:18:01.079	11301	11201	-91	-91	10
2015-09-04 00:28:59.222	11301	11201	-91	-88	10	21.94	31.64	3.754
2015-09-04 01:00:11.122	11301	11201	-91	-91	10	21.77	31.63	3.754
2015-09-04 01:17:59.638	11301	11201	-91	-88	10	21.78	31.6	3.779
2015-09-04 02:05:00.699	11301	11201	-91	-91	10
2015-09-04 02:25:47.586	11301	11201	-91	-91	10	21.36	31.56	3.767
2015-09-04 04:20:44.095	11301	11201	-88	-91	10	20.15	31.46	3.779
2015-09-04 05:11:55.543	11301	11201	-88	-91	10
2015-09-04 07:24:50.751	11301	11201	-88	-88	10	19.35	31.32	3.779
2015-09-04 08:33:31.926	11301	11201	-88	-97	10
2015-09-04 08:55:09.918	11301	11201	-91	-97	10	20.18	31.28	3.767
2015-09-04 09:12:58.907	11301	11201	-88	-88	10
2015-09-04 09:31:41.374	11301	11201	-91	-97	10	21.45	31.15	3.742
2015-09-04 10:47:45.643	11301	11201	-94	-97	10	27.63	29.71	3.779
2015-09-04 11:19:14.639	11301	11201	-94	-91	10	29.19	30.38	3.729
2015-09-04 12:57:59.287	11301	11201	-91	-94	10	32.99	31.41	3.729
2015-09-04 13:12:56.254	11301	11201	-94	-94	10	33.33	31.58	3.754
2015-09-04 13:53:47.303	11301	11201	-91	-97	10	34.07	32.15	3.729
2015-09-04 14:16:21.718	11301	11201	-94	-91	10	34.9	32.4	3.742
2015-09-04 14:33:56.579	11301	11201	-88	-97	10
2015-09-04 15:01:37.323	11301	11201	-94	-97	10	36.16	33.05	3.742
2015-09-04 15:15:44.626	11301	11201	-91	-97	10	37.3	32.42	3.754
2015-09-04 15:16:46.178	11301	11201	-94	-97	10
2015-09-04 15:51:06.858	11301	11201	-94	-97	10	36.86	32.35	3.742
2015-09-04 16:12:44.493	11301	11201	-91	-97	10	35.97	32.24	3.742
2015-09-04 16:20:57.078	11301	11201	-94	-97	10
2015-09-04 17:02:22.087	11301	11201	-94	-97	10	34.02	32.58	3.729
2015-09-04 17:20:30.543	11301	11201	-94	-97	10	33.77	32.63	3.754
2015-09-04 18:02:59.011	11301	11201	-94	-97	10	32.24	32.85	3.729
2015-09-04 18:07:55.354	11301	11201	-94	-97	10
2015-09-04 18:28:29.719	11301	11201	-91	-97	10	30.41	32.76	3.742
2015-09-04 18:38:23.135	11301	11201	-94	-97	10
2015-09-04 19:04:34.383	11301	11201	-94	-97	10	27.85	32.4	3.729
2015-09-04 19:16:39.478	11301	11201	-91	-94	10	27.15	32.3	3.792
2015-09-04 19:54:54.918	11301	11201	-91	-97	10
2015-09-04 19:55:04.902	11301	11201	-91	-97	10	25.44	32.26	3.742
2015-09-04 20:14:12.895	11301	11201	-94	-91	10	24.69	32.2	3.767
2015-09-04 20:48:47.867	11301	11201	-94	-97	10	23.36	32.08	3.742
2015-09-04 21:30:53.734	11301	11201	-91	-91	10	22.25	31.85	3.742
2015-09-04 21:41:53.647	11301	11201	-91	-94	10
2015-09-04 21:46:39.955	11301	11201	-91	-97	10	21.96	31.82	3.792
2015-09-04 21:59:59.987	11301	11201	-91	-91	10
2015-09-04 22:34:14.802	11301	11201	-91	-94	10	21.67	31.8	3.742
2015-09-04 22:45:02.494	11301	11201	-91	-91	10	21.61	31.79	3.805
2015-09-04 23:14:17.099	11301	11201	-91	-97	10	21.27	31.69	3.767
2015-09-04 23:28:52.667	11301	11201	-91	-91	10
2015-09-05 01:15:52.778	11301	11201	-91	-91	10
2015-09-05 01:21:36.687	11301	11201	-91	-97	10
2015-09-05 01:46:03.311	11301	11201	-91	-94	10	20.04	31.52	3.792
2015-09-05 04:03:28.59	11301	11201	-91	-94	10	18.75	31.34	3.754
2015-09-05 04:49:50.535	11301	11201	-91	-97	10
2015-09-05 05:19:19.85	11301	11201	-91	-94	10	18.43	31.24	3.779
2015-09-05 06:34:14.638	11301	11201	-91	-94	10	18.38	31.3	3.767
2015-09-05 07:19:41.894	11301	11201	-94	-94	10	18.45	31.35	3.779
2015-09-05 08:04:50.687	11301	11201	-94	-94	10
2015-09-05 08:23:48.834	11301	11201	-91	-94	10
2015-09-05 08:48:08.095	11301	11201	-94	-94	10	20.74	31.09	3.754
2015-09-05 09:58:24.538	11301	11201	-94	-91	10	24.8	31.22	3.742
2015-09-05 10:10:49.01	11301	11201	-94	-94	10
2015-09-05 10:31:56.394	11301	11201	-91	-91	10	28.08	31.0	3.818
2015-09-05 10:44:01.446	11301	11201	-91	-91	10	29.25	30.31	3.779
2015-09-05 11:26:46.211	11301	11201	-91	-97	10	30.88	31.09	3.729
2015-09-05 11:57:47.794	11301	11201	-94	-97	10
2015-09-05 12:31:37.134	11301	11201	-94	-97	10	33.1	31.56	3.742
2015-09-05 13:02:17.807	11301	11201	-94	-97	10	32.91	32.26	3.742
2015-09-05 13:30:18.618	11301	11201	-94	-97	10	32.88	32.26	3.742
2015-09-05 13:44:46.798	11301	11201	-94	-97	10
2015-09-05 13:51:23.767	11301	11201	-94	-97	10	32.66	32.53	3.742
2015-09-05 14:26:29.651	11301	11201	-94	-97	10	35.47	31.91	3.742
2015-09-05 14:48:04.706	11301	11201	-94	-97	10
2015-09-05 14:50:24.266	11301	11201	-91	-97	10	34.82	32.68	3.742
2015-09-05 15:31:46.23	11301	11201	-91	-97	10
2015-09-05 15:32:53.398	11301	11201	-94	-97	10	34.71	32.71	3.742
2015-09-05 15:49:27.37	11301	11201	-94	-97	10	36.68	31.68	3.754
2015-09-05 16:24:28.246	11301	11201	-94	-97	10	32.97	33.09	3.729
2015-09-05 16:57:30.559	11301	11201	-94	-97	10	29.83	32.89	3.729
2015-09-05 17:16:22.966	11301	11201	-88	-97	10	27.88	32.69	3.767
2015-09-05 17:18:46.018	11301	11201	-94	-94	10
2015-09-05 17:47:17.522	11301	11201	-94	-97	10	25.08	32.16	3.742
2015-09-05 20:24:26.451	11301	11201	-94	-94	29	20.1	31.66	3.767
2015-09-05 20:43:39.982	11301	11201	-94	-94	29	20.11	31.66	3.779
2015-09-05 20:52:45.263	11301	11201	-94	-97	29
2015-09-05 21:12:51.179	11301	11201	-91	-94	20	19.97	31.62	3.767
2015-09-05 21:31:18.358	11301	11201	-94	-97	19
2015-09-05 22:01:47.655	11301	11201	-94	-97	14	19.81	31.57	3.729
2015-09-05 22:24:14.63	11301	11201	-94	-97	10	19.7	31.56	3.779
2015-09-05 22:39:44.05	11301	11201	-94	-97	10
2015-09-05 23:02:10.398	11301	11201	-94	-97	10	19.64	31.55	3.754
2015-09-05 23:26:50.652	11301	11201	-94	-97	10	19.56	31.54	3.767
2015-09-05 23:59:18.653	11301	11201	-94	-97	10	19.39	31.46	3.754
2015-09-06 00:26:42.978	11301	11201	-94	-97	10
2015-09-06 00:29:25.554	11301	11201	-94	-97	10	19.31	31.45	3.767
2015-09-06 00:52:59.611	11301	11201	-94	-97	10
2015-09-06 00:55:14.091	11301	11201	-94	-97	10	19.22	31.45	3.779
2015-09-06 01:29:46.311	11301	11201	-94	-97	10	19.07	31.47	3.754
2015-09-06 01:53:31.479	11301	11201	-94	-97	10	19.03	31.43	3.779
2015-09-06 02:13:42.979	11301	11201	-94	-97	10
2015-09-06 02:32:35.575	11301	11201	-94	-97	10	18.92	31.42	3.754
2015-09-06 02:46:35.555	11301	11201	-94	-97	10	18.86	31.38	3.792
2015-09-06 03:20:04.63	11301	11201	-94	-97	10	18.79	31.41	3.754
2015-09-06 03:43:02.702	11301	11201	-94	-97	10	18.68	31.4	3.779
2015-09-06 04:00:41.815	11301	11201	-94	-97	10
2015-09-06 04:13:27.807	11301	11201	-94	-97	10	18.56	31.32	3.767
2015-09-06 04:14:31.502	11301	11201	-94	-97	10
2015-09-06 04:49:47.254	11301	11201	-94	-97	10	18.4	31.31	3.754
2015-09-06 05:13:42.534	11301	11201	-94	-97	10	18.25	31.29	3.779
2015-09-06 05:43:31.634	11301	11201	-94	-97	10	18.11	31.28	3.767
2015-09-06 05:47:40.959	11301	11201	-94	-97	10
2015-09-06 06:12:21.703	11301	11201	-94	-97	10	18.02	31.31	3.767
2015-09-06 06:58:50.247	11301	11201	-94	-94	10	17.85	31.26	3.742
2015-09-06 07:21:24.223	11301	11201	-94	-97	10	17.82	31.29	3.779
2015-09-06 07:34:40.334	11301	11201	-94	-97	10
2015-09-06 07:36:08.707	11301	11201	-94	-97	10
2015-09-06 08:04:23.25	11301	11201	-94	-97	10	18.39	31.31	3.742
2015-09-06 08:17:16.599	11301	11201	-94	-97	10	18.64	31.29	3.805
2015-09-06 09:04:36.262	11301	11201	-94	-97	10	20.17	31.04	3.729
2015-09-06 09:15:05.098	11301	11201	-94	-97	10	20.6	30.97	3.805
2015-09-06 09:21:40.467	11301	11201	-91	-97	10
2015-09-06 09:51:25.683	11301	11201	-91	-97	10	22.7	30.9	3.742
2015-09-06 10:12:47.843	11301	11201	-94	-97	10	24.14	30.95	3.767
2015-09-06 10:57:45.01	11301	11201	-91	-97	10
2015-09-06 12:00:52.17	11301	11201	-94	-97	10	29.82	31.11	3.729
2015-09-06 12:24:43.814	11301	11201	-91	-97	10	31.29	31.12	3.742
2015-09-06 12:48:56.682	11301	11201	-94	-97	10	32.33	30.89	3.742
2015-09-06 12:55:38.55	11301	11201	-91	-94	10
2015-09-06 13:22:17.703	11301	11201	-94	-97	10	32.94	31.62	3.729
2015-09-06 13:57:43.842	11301	11201	-94	-97	10	33.02	32.1	3.729
2015-09-06 14:19:22.63	11301	11201	-91	-97	10
2015-09-06 14:29:41.53	11301	11201	-91	-97	10	35.13	32.45	3.729
2015-09-06 14:42:37.895	11301	11201	-94	-94	10
2015-09-06 15:02:40.434	11301	11201	-94	-97	10	35.6	32.71	3.729
2015-09-06 15:22:22.859	11301	11201	-94	-97	10	33.93	32.64	3.742
2015-09-06 16:03:18.351	11301	11201	-94	-94	10	35.77	31.86	3.742
2015-09-06 16:25:14.039	11301	11201	-94	-97	10	34.85	32.21	3.742
2015-09-06 16:29:36.77	11301	11201	-94	-97	10
2015-09-06 17:44:28.811	11301	11201	-94	-97	10	32.16	32.99	3.742
2015-09-06 18:16:36.322	11301	11201	-94	-97	10
2015-09-06 18:17:14.89	11301	11201	-94	-97	10	31.54	33.0	3.729
2015-09-06 18:44:18.299	11301	11201	-94	-97	10	30.63	32.93	3.729
2015-09-06 19:29:39.179	11301	11201	-94	-97	10	29.02	32.86	3.729
2015-09-06 19:43:31.166	11301	11201	-94	-97	10	28.46	32.74	3.779
2015-09-06 20:03:46.363	11301	11201	-94	-97	10
2015-09-06 20:32:57.415	11301	11201	-94	-97	10	25.9	32.55	3.729
2015-09-06 20:55:19.863	11301	11201	-94	-97	10	25.13	32.45	3.767
2015-09-06 21:02:36.294	11301	11201	-94	-97	10
2015-09-06 21:18:30.162	11301	11201	-91	-97	10	24.4	32.38	3.767
2015-09-06 21:50:10.159	11301	11201	-91	-94	10	23.61	32.24	3.742
2015-09-06 21:50:34.463	11301	11201	-91	-97	10
2015-09-06 22:18:13.251	11301	11201	-94	-94	10	23.1	32.2	3.754
2015-09-06 22:52:05.839	11301	11201	-94	-94	10	22.56	32.15	3.742
2015-09-06 23:14:31.595	11301	11201	-91	-97	10	22.47	32.15	3.767
2015-09-06 23:37:34.306	11301	11201	-94	-97	10
2015-09-06 23:59:41.519	11301	11201	-91	-94	10	22.04	32.04	3.729
2015-09-07 00:20:06.671	11301	11201	-91	-97	10	21.86	32.09	3.779
2015-09-07 00:24:12.723	11301	11201	-91	-97	10
2015-09-07 00:51:53.067	11301	11201	-94	-94	10	21.65	32.0	3.754
2015-09-07 01:14:34.422	11301	11201	-94	-94	10	21.56	32.0	3.767
2015-09-07 01:24:33.411	11301	11201	-91	-94	10
2015-09-07 01:51:00.919	11301	11201	-91	-97	10	21.31	31.94	3.742
2015-09-07 02:16:58.351	11301	11201	-91	-94	10	21.01	31.95	3.767
2015-09-07 02:43:49.071	11301	11201	-91	-94	10	20.77	31.89	3.767
2015-09-07 03:11:32.715	11301	11201	-94	-94	10
2015-09-07 03:18:39.859	11301	11201	-94	-94	10	20.58	31.91	3.754
2015-09-07 03:45:49.135	11301	11201	-94	-97	10
2015-09-07 03:46:53.927	11301	11201	-91	-97	10	20.32	31.82	3.767
2015-09-07 04:23:54.05	11301	11201	-94	-97	10	20.07	31.8	3.754
2015-09-07 04:53:07.283	11301	11201	-94	-94	10	19.83	31.78	3.754
2015-09-07 04:58:32.074	11301	11201	-91	-97	10
2015-09-07 05:14:13.795	11301	11201	-94	-97	10	19.68	31.76	3.779
2015-09-07 05:50:22.29	11301	11201	-91	-97	10	19.5	31.71	3.754
2015-09-07 06:17:32.619	11301	11201	-91	-97	10	19.36	31.7	3.767
2015-09-07 06:45:31.968	11301	11201	-94	-91	10
2015-09-07 06:52:30.003	11301	11201	-91	-97	10	19.14	31.65	3.754
2015-09-07 07:07:26.319	11301	11201	-94	-94	10
2015-09-07 07:34:26.702	11301	11201	-94	-94	10	19.2	31.79	3.742
2015-09-07 07:52:20.711	11301	11201	-94	-97	10	19.6	31.69	3.818
2015-09-07 08:32:30.627	11301	11201	-91	-97	10
2015-09-07 08:58:51.363	11301	11201	-91	-91	10	21.7	31.52	3.767
2015-09-07 09:25:36.603	11301	11201	-94	-91	10	22.88	31.48	3.754
2015-09-07 09:54:53.091	11301	11201	-94	-97	10	24.4	31.72	3.742
2015-09-07 10:19:29.886	11301	11201	-94	-97	10
2015-09-07 10:22:31.952	11301	11201	-91	-97	10	26.8	31.6	3.742
2015-09-07 10:29:05.595	11301	11201	-94	-97	10
2015-09-07 10:53:28.986	11301	11201	-94	-94	10	30.66	30.07	3.729
2015-09-07 11:19:11.867	11301	11201	-94	-94	10	31.27	31.02	3.742
2015-09-07 11:49:24.495	11301	11201	-94	-94	10	32.38	31.5	3.729
2015-09-07 12:06:29.571	11301	11201	-94	-94	10
2015-09-07 12:21:13.834	11301	11201	-91	-97	10	33.61	31.93	3.729
2015-09-07 12:53:07.218	11301	11201	-91	-97	10	34.69	31.98	3.729
2015-09-07 13:17:44.79	11301	11201	-94	-94	10	32.43	33.08	3.742
2015-09-07 13:42:39.286	11301	11201	-91	-97	10	33.88	32.81	3.742
2015-09-07 13:50:40.42	11301	11201	-91	-97	10
2015-09-07 13:53:31.883	11301	11201	-94	-97	10
2015-09-07 14:50:14.315	11301	11201	-94	-97	10	36.52	33.33	3.742
2015-09-07 15:23:52.079	11301	11201	-94	-97	10	38.68	32.83	3.742
2015-09-07 15:40:27.406	11301	11201	-91	-97	10
2015-09-07 16:03:41.315	11301	11201	-94	-97	10	37.86	32.4	3.742
2015-09-07 16:29:16.875	11301	11201	-94	-97	10	35.99	33.18	3.742
2015-09-07 16:49:12.263	11301	11201	-91	-97	10	35.0	33.16	3.742
2015-09-07 17:12:16.463	11301	11201	-94	-97	10
2015-09-07 17:13:21.674	11301	11201	-91	-97	10	34.33	33.32	3.742
2015-09-07 17:27:27.358	11301	11201	-94	-97	10
2015-09-07 17:46:56.259	11301	11201	-94	-97	10	33.4	33.38	3.742
2015-09-07 18:32:10.199	11301	11201	-94	-97	10	31.82	33.28	3.729
2015-09-07 18:55:43.487	11301	11201	-94	-97	10	30.36	33.12	3.742
2015-09-07 19:14:26.703	11301	11201	-94	-97	10
2015-09-07 19:30:33.174	11301	11201	-94	-97	10	28.47	32.99	3.729
2015-09-07 19:42:45.406	11301	11201	-94	-97	10	27.94	32.97	3.779
2015-09-07 20:17:51.799	11301	11201	-94	-94	10	26.49	32.81	3.742
2015-09-07 20:33:54.355	11301	11201	-94	-94	10
2015-09-07 20:54:26.719	11301	11201	-94	-97	10	25.05	32.58	3.742
2015-09-07 21:01:26.463	11301	11201	-94	-97	10
2015-09-07 21:21:29.648	11301	11201	-94	-97	10	24.14	32.43	3.754
2015-09-07 21:48:48.742	11301	11201	-94	-97	10	23.56	32.38	3.754
2015-09-07 22:24:56.655	11301	11201	-94	-97	10	23.08	32.37	3.742
2015-09-07 22:47:34.726	11301	11201	-94	-97	10	22.75	32.31	3.767
2015-09-07 22:48:35.066	11301	11201	-94	-97	10
2015-09-07 23:33:55.958	11301	11201	-94	-97	10	21.88	32.13	3.729
2015-09-07 23:55:30.362	11301	11201	-94	-97	10
2015-09-07 23:56:29.535	11301	11201	-94	-97	10	21.46	32.13	3.767
2015-09-08 00:16:57.327	11301	11201	-94	-97	10	21.29	32.11	3.779
2015-09-08 00:35:24.651	11301	11201	-94	-97	10
2015-09-08 01:00:43.086	11301	11201	-94	-97	10	21.1	32.06	3.742
2015-09-08 01:29:45.219	11301	11201	-94	-97	10	21.0	32.09	3.754
2015-09-08 01:49:28.146	11301	11201	-94	-97	10	20.77	32.0	3.779
2015-09-08 02:22:24.346	11301	11201	-94	-97	10
2015-09-08 02:23:13.706	11301	11201	-94	-97	10	20.39	31.93	3.754
2015-09-08 02:55:31.544	11301	11201	-94	-97	10	20.06	31.9	3.754
2015-09-08 03:14:43.242	11301	11201	-94	-94	10	19.97	31.93	3.779
2015-09-08 03:17:07.21	11301	11201	-94	-94	10
2015-09-08 03:45:16.71	11301	11201	-94	-97	10	19.74	31.84	3.754
2015-09-08 04:09:23.554	11301	11201	-94	-97	10
2015-09-08 04:25:49.342	11301	11201	-94	-97	10	19.5	31.89	3.742
2015-09-08 04:55:09.13	11301	11201	-94	-94	10	19.29	31.8	3.767
2015-09-08 05:25:27.898	11301	11201	-94	-97	10	19.04	31.78	3.767
2015-09-08 05:56:17.595	11301	11201	-94	-97	10	18.88	31.76	3.754
2015-09-08 05:56:23.042	11301	11201	-94	-97	10
2015-09-08 06:32:50.375	11301	11201	-94	-94	10	18.58	31.74	3.754
2015-09-08 06:38:44.25	11301	11201	-94	-91	10
2015-09-08 07:01:36.634	11301	11201	-94	-97	10	18.49	31.73	3.767
2015-09-08 07:24:28.162	11301	11201	-94	-94	10	18.61	31.74	3.779
2015-09-08 07:43:22.314	11301	11201	-91	-97	10
2015-09-08 07:51:04.846	11301	11201	-91	-97	10	18.93	31.77	3.767
2015-09-08 08:20:25.55	11301	11201	-91	-97	10	19.83	31.64	3.767
2015-09-08 08:59:46.43	11301	11201	-94	-94	10	21.6	31.58	3.742
2015-09-08 09:22:43.73	11301	11201	-94	-97	10	23.04	31.49	3.767
2015-09-08 09:30:21.55	11301	11201	-94	-94	10
2015-09-08 09:59:17.686	11301	11201	-94	-97	10	25.33	31.83	3.729
2015-09-08 10:00:20.846	11301	11201	-94	-97	10
2015-09-08 10:14:50.758	11301	11201	-94	-97	10	26.97	31.83	3.779
2015-09-08 10:43:22.411	11301	11201	-91	-97	10	30.86	30.51	3.729
2015-09-08 11:16:48.895	11301	11201	-94	-97	10	32.47	31.29	3.729
2015-09-08 11:17:21.03	11301	11201	-94	-97	10
2015-09-08 11:59:00.218	11301	11201	-94	-97	10	34.19	31.83	3.729
2015-09-08 12:18:18.514	11301	11201	-88	-97	10	35.08	32.52	3.742
2015-09-08 12:42:13.542	11301	11201	-91	-97	10	35.15	32.38	3.742
2015-09-08 13:04:19.25	11301	11201	-91	-97	10
2015-09-08 13:21:15.894	11301	11201	-91	-97	10	35.22	32.68	3.729
2015-09-08 13:21:57.355	11301	11201	-91	-97	10
2015-09-08 13:44:22.102	11301	11201	-94	-97	10	34.19	33.2	3.742
2015-09-08 14:27:21.847	11301	11201	-94	-97	10	35.91	32.7	3.729
2015-09-08 14:42:12.606	11301	11201	-94	-97	10	36.35	33.03	3.754
2015-09-08 14:51:18.887	11301	11201	-94	-97	10
2015-09-08 15:14:07.854	11301	11201	-94	-97	10	38.61	32.71	3.742
2015-09-08 15:54:15.998	11301	11201	-94	-97	10	40.02	31.26	3.754
2015-09-08 16:20:21.866	11301	11201	-94	-97	10	36.97	32.97	3.742
2015-09-08 16:38:18.019	11301	11201	-91	-97	10
2015-09-08 16:43:34.911	11301	11201	-94	-97	10
2015-09-08 17:02:58.559	11301	11201	-91	-97	10	35.32	33.48	3.742
2015-09-08 17:29:09.775	11301	11201	-91	-97	10	34.51	33.55	3.742
2015-09-08 17:45:43.738	11301	11201	-94	-91	10	34.38	33.61	3.754
2015-09-08 18:18:04.028	11301	11201	-88	-97	10	33.83	33.56	3.729
2015-09-08 18:25:17.903	11301	11201	-91	-97	10
2015-09-08 18:44:33.638	11301	11201	-91	-97	10	32.9	33.62	3.742
2015-09-08 19:29:48.835	11301	11201	-91	-97	10	30.11	33.45	3.729
2015-09-08 19:56:42.034	11301	11201	-91	-97	10	28.69	33.25	3.742
2015-09-08 20:05:11.718	11301	11201	-91	-97	10
2015-09-08 20:12:17.219	11301	11201	-91	-97	10
2015-09-08 20:55:23.878	11301	11201	-91	-94	10	26.33	33.01	3.729
2015-09-08 21:25:05.483	11301	11201	-94	-97	10	25.61	32.91	3.742
2015-09-08 21:59:16.863	11301	11201	-91	-91	10
2015-09-08 22:00:44.414	11301	11201	-91	-97	10	24.58	32.75	3.742
2015-09-08 22:20:27.602	11301	11201	-94	-97	10	24.1	32.64	3.767
2015-09-08 22:57:40.471	11301	11201	-94	-97	10	23.24	32.56	3.742
2015-09-08 23:25:01.994	11301	11201	-94	-94	10	22.72	32.45	3.754
2015-09-08 23:26:48.486	11301	11201	-94	-97	10
2015-09-08 23:46:16.19	11301	11201	-94	-97	10
2015-09-08 23:52:38.122	11301	11201	-91	-97	10	22.63	32.44	3.754
2015-09-09 00:23:40.522	11301	11201	-91	-94	10	22.38	32.42	3.754
2015-09-09 00:48:33.99	11301	11201	-94	-91	10	22.26	32.37	3.754
2015-09-09 01:33:15.182	11301	11201	-91	-97	10
2015-09-09 02:48:25.483	11301	11201	-91	-94	10
2015-09-09 03:20:13.866	11301	11201	-91	-97	10
2015-09-09 04:18:02.647	11301	11201	-91	-91	10	20.56	32.12	3.767
2015-09-09 04:42:11.054	11301	11201	-94	-97	10	20.47	32.11	3.767
2015-09-09 05:07:13.127	11301	11201	-91	-94	10
2015-09-09 06:10:04.642	11301	11201	-88	-94	10
2015-09-09 07:31:22.972	11301	11201	-91	-88	10	21.24	32.18	3.754
2015-09-09 08:19:23.679	11301	11201	-91	-91	10	22.03	32.11	3.779
2015-09-09 08:41:12.706	11301	11201	-91	-94	10
2015-09-09 09:13:35.51	11301	11201	-91	-94	10	23.78	31.98	3.792
2015-09-09 10:17:14.422	11301	11201	-91	-97	10	26.49	32.21	3.754
2015-09-09 10:28:16.114	11301	11201	-91	-94	10
2015-09-09 11:01:47.398	11301	11201	-94	-91	10	31.66	30.83	3.729
2015-09-09 11:18:31.01	11301	11201	-94	-94	10	32.16	31.48	3.754
2015-09-09 11:48:46.763	11301	11201	-94	-97	10	33.01	31.84	3.729
2015-09-09 12:12:49.426	11301	11201	-94	-97	10	34.38	32.28	3.742
2015-09-09 12:15:11.377	11301	11201	-94	-94	10
2015-09-09 12:53:15.798	11301	11201	-91	-97	10
2015-09-09 12:57:38.779	11301	11201	-91	-91	10	33.21	32.51	3.729
2015-09-09 13:27:55.567	11301	11201	-91	-97	10	31.83	33.53	3.729
2015-09-09 13:42:46.666	11301	11201	-88	-97	10	33.07	33.21	3.754
2015-09-09 14:02:09.978	11301	11201	-91	-91	10
2015-09-09 14:21:04.862	11301	11201	-91	-97	10	34.94	32.94	3.729
2015-09-09 14:49:13.619	11301	11201	-94	-97	10	37.83	34.28	3.742
2015-09-09 15:24:50.35	11301	11201	-94	-97	10	31.07	33.07	3.729
2015-09-09 15:46:20.402	11301	11201	-94	-97	10	27.24	33.19	3.754
2015-09-09 15:49:09.635	11301	11201	-94	-97	10
2015-09-09 16:14:52.251	11301	11201	-94	-97	10
2015-09-09 16:18:05.678	11301	11201	-94	-97	10	25.93	32.62	3.742
2015-09-09 17:13:33.002	11301	11201	-94	-97	26	22.04	32.39	3.754
2015-09-09 17:36:11.167	11301	11201	-94	-97	20
