result_time	node_id	parent_id	stats_frssi	stats_brssi	etx	temperature	humidity	voltage
2015-08-16 17:57:26.37	20301	11301	-79	-79	14
2015-08-16 18:17:00.187	20301	11301	-79	-79	14	29.19	41.25	2.895
2015-08-16 18:47:29.302	20301	11301	-82	-97	12	29.4	41.44	2.888
2015-08-16 18:51:35.098	20301	11301	-79	-97	12
2015-08-16 19:14:14.695	20301	11301	-79	-79	11	29.19	41.42	2.895
2015-08-16 19:53:15.916	20301	11301	-79	-97	10	28.18	41.1	2.895
2015-08-16 20:09:09.267	20301	11301	-79	-97	10	27.33	40.88	2.903
2015-08-16 20:48:22.71	20301	11301	-79	-97	10	25.41	40.47	2.895
2015-08-16 21:20:08.602	20301	11301	-79	-97	10	24.41	40.33	2.895
2015-08-16 21:39:08.155	20301	11301	-79	-97	10	23.94	40.25	2.903
2015-08-16 21:49:59.391	20301	11301	-79	-79	10
2015-08-16 21:53:55.454	20301	11301	-79	-97	10
2015-08-16 22:23:51.735	20301	11301	-79	-97	10	22.9	40.14	2.895
2015-08-16 22:41:28.982	20301	11301	-79	-97	10	22.58	40.1	2.903
2015-08-16 23:10:28.443	20301	11301	-79	-97	10	22.03	40.05	2.903
2015-08-16 23:25:05.371	20301	11301	-79	-97	10
2015-08-16 23:47:45.926	20301	11301	-79	-97	10	21.67	40.04	2.895
2015-08-17 00:21:05.33	20301	11301	-79	-97	10	21.58	40.07	2.903
2015-08-17 01:18:34.652	20301	11301	-79	-79	10	20.97	39.97	2.903
2015-08-17 01:33:43.939	20301	11301	-79	-97	10	20.86	39.92	2.903
2015-08-17 02:22:48.098	20301	11301	-79	-79	10	20.61	39.96	2.895
2015-08-17 02:27:26.186	20301	11301	-79	-97	10
2015-08-17 02:46:45.966	20301	11301	-79	-97	10	20.38	39.87	2.903
2015-08-17 03:12:40.174	20301	11301	-79	-76	10	20.07	39.84	2.903
2015-08-17 03:46:57.646	20301	11301	-79	-79	10	19.72	39.74	2.903
2015-08-17 03:58:36.01	20301	11301	-79	-97	10
2015-08-17 04:23:55.938	20301	11301	-79	-79	10	19.43	39.74	2.903
2015-08-17 04:43:19.158	20301	11301	-79	-79	10	19.33	39.73	2.903
2015-08-17 05:10:39.686	20301	11301	-79	-79	10	19.18	39.71	2.903
2015-08-17 05:29:46.379	20301	11301	-79	-79	10
2015-08-17 05:35:05.53	20301	11301	-79	-76	10
2015-08-17 05:36:18.578	20301	11301	-79	-97	10	18.99	39.66	2.903
2015-08-17 06:47:14.219	20301	11301	-79	-97	10	18.52	39.61	2.895
2015-08-17 07:00:56.034	20301	11301	-79	-97	10
2015-08-17 07:19:11.954	20301	11301	-79	-97	10	18.58	39.68	2.903
2015-08-17 07:50:16.14	20301	11301	-79	-97	10	19.1	39.87	2.903
2015-08-17 08:08:57.01	20301	11301	-79	-97	10	19.38	39.97	2.903
2015-08-17 08:32:05.899	20301	11301	-79	-97	10
2015-08-17 08:50:20.534	20301	11301	-79	-97	10	20.67	40.3	2.895
2015-08-17 09:12:31.295	20301	11301	-79	-97	10	21.83	40.6	2.903
2015-08-17 10:11:40.091	20301	11301	-82	-79	10	24.68	41.2	2.888
2015-08-17 10:36:07.166	20301	11301	-79	-97	10	25.94	41.34	2.88
2015-08-17 12:39:04.886	20301	11301	-76	-79	10	30.05	42.05	2.895
2015-08-17 13:05:37.38	20301	11301	-76	-97	10
2015-08-17 13:42:39.622	20301	11301	-82	-97	10	31.13	41.93	2.888
2015-08-17 14:14:16.326	20301	11301	-79	-97	10	31.02	41.89	2.888
2015-08-17 14:36:47.818	20301	11301	-79	-97	10
2015-08-17 14:45:19.302	20301	11301	-79	-97	10	30.8	41.86	2.888
2015-08-17 15:09:06.07	20301	11301	-82	-97	10	30.85	41.87	2.888
2015-08-17 16:47:25.199	20301	11301	-79	-97	10	32.93	42.02	2.888
2015-08-17 17:12:45.818	20301	11301	-82	-97	10
2015-08-17 17:25:13.734	20301	11301	-79	-97	10	32.29	42.02	2.888
2015-08-17 17:35:37.954	20301	11301	-76	-97	10	32.01	41.89	2.903
2015-08-17 17:39:07.346	20301	11301	-82	-97	10
2015-08-17 18:12:03.974	20301	11301	-79	-97	10	30.83	41.66	2.895
2015-08-17 18:38:30.051	20301	11301	-79	-97	10	30.02	41.5	2.895
2015-08-17 19:44:29.231	20301	11301	-76	-76	10	27.71	40.99	2.895
2015-08-17 20:11:34.223	20301	11301	-79	-97	10	26.58	40.73	2.895
2015-08-17 20:41:27.859	20301	11301	-76	-76	10
2015-08-17 21:33:06.107	20301	11301	-79	-76	10	24.03	40.33	2.903
2015-08-17 23:19:02.146	20301	11301	-76	-97	10	22.42	40.22	2.895
2015-08-18 00:19:03.05	20301	11301	-76	-76	10	21.83	40.16	2.903
2015-08-18 00:57:51.506	20301	11301	-79	-76	10
2015-08-18 01:14:58.335	20301	11301	-76	-76	10
2015-08-18 01:46:09.654	20301	11301	-76	-76	10	21.28	40.1	2.903
2015-08-18 02:18:26.479	20301	11301	-76	-76	10	21.08	40.08	2.903
2015-08-18 02:46:07.967	20301	11301	-79	-76	10
2015-08-18 04:11:24.067	20301	11301	-79	-97	10	21.04	40.14	2.895
2015-08-18 04:17:18.787	20301	11301	-76	-97	10
2015-08-18 04:50:24.302	20301	11301	-79	-97	10
2015-08-18 04:51:55.339	20301	11301	-76	-97	10	20.97	40.14	2.895
2015-08-18 05:23:55.299	20301	11301	-82	-97	10	20.76	40.08	2.895
2015-08-18 07:19:38.886	20301	11301	-82	-82	10
2015-08-18 07:41:23.59	20301	11301	-82	-97	10	19.24	39.92	2.895
2015-08-18 09:18:21.243	20301	11301	-82	-97	10	19.82	40.08	2.895
2015-08-18 09:52:38.814	20301	11301	-82	-97	10	20.04	40.1	2.895
2015-08-18 10:17:02.65	20301	11301	-82	-97	10	20.43	40.25	2.903
2015-08-18 10:21:58.927	20301	11301	-79	-97	10
2015-08-18 10:34:10.923	20301	11301	-82	-97	10	20.72	40.38	2.903
2015-08-18 11:53:11.279	20301	11301	-79	-97	10
2015-08-18 11:53:12.699	20301	11301	-82	-97	10	22.29	40.91	2.88
2015-08-18 12:03:04.051	20301	11301	-82	-97	10	22.58	41.01	2.903
2015-08-18 12:34:00.59	20301	11301	-82	-97	10	23.27	41.19	2.895
2015-08-18 12:35:30.007	20301	11301	-82	-97	10
2015-08-18 13:04:28.047	20301	11301	-82	-97	10	23.06	41.0	2.888
2015-08-18 13:24:19.203	20301	11301	-79	-97	10
2015-08-18 13:53:51.339	20301	11301	-82	-97	10	22.58	40.71	2.888
2015-08-18 15:41:48.958	20301	11301	-82	-97	10	24.66	41.13	2.888
2015-08-18 18:11:13.406	20301	11301	-79	-82	10	23.33	40.72	2.888
2015-08-18 18:53:26.431	20301	11301	-82	-97	10	23.0	40.69	2.888
2015-08-18 19:03:01.695	20301	11301	-79	-97	10	23.04	40.69	2.903
2015-08-18 19:28:59.17	20301	11301	-82	-97	10
2015-08-18 19:39:36.626	20301	11301	-79	-97	10	22.9	40.64	2.888
2015-08-18 20:19:57.966	20301	11301	-79	-97	10	22.21	40.43	2.88
2015-08-18 20:20:36.831	20301	11301	-79	-97	10
2015-08-18 20:38:34.594	20301	11301	-79	-97	10	21.83	40.33	2.895
2015-08-18 21:00:09.659	20301	11301	-82	-79	10
2015-08-18 21:24:24.367	20301	11301	-82	-82	10	21.06	40.15	2.888
2015-08-18 21:53:10.318	20301	11301	-79	-97	10	20.76	40.15	2.895
2015-08-18 22:12:51.142	20301	11301	-82	-79	10	20.6	40.13	2.903
2015-08-18 23:17:45.29	20301	11301	-79	-79	10	20.13	40.05	2.895
2015-08-18 23:37:59.69	20301	11301	-82	-97	10	20.03	40.04	2.895
2015-08-19 00:03:47.17	20301	11301	-79	-97	10	19.89	40.02	2.895
2015-08-19 00:13:09.95	20301	11301	-79	-79	10
2015-08-19 00:34:39.872	20301	11301	-82	-79	10	19.72	40.0	2.895
2015-08-19 01:13:59.086	20301	11301	-79	-79	10	19.54	39.98	2.888
2015-08-19 01:33:40.714	20301	11301	-79	-76	10
2015-08-19 02:40:32.462	20301	11301	-79	-79	10	19.22	39.95	2.895
2015-08-19 03:06:39.733	20301	11301	-79	-97	10	19.2	39.95	2.895
2015-08-19 03:50:44.466	20301	11301	-79	-97	10	19.17	40.01	2.888
2015-08-19 04:05:43.426	20301	11301	-79	-97	10
2015-08-19 04:22:18.738	20301	11301	-82	-97	10	18.89	39.92	2.895
2015-08-19 04:35:59.806	20301	11301	-82	-79	10
2015-08-19 04:53:09.126	20301	11301	-79	-97	10	18.77	39.9	2.895
2015-08-19 05:09:12.45	20301	11301	-79	-97	10	18.67	39.89	2.903
2015-08-19 05:34:31.818	20301	11301	-82	-79	10	18.52	39.84	2.903
2015-08-19 06:07:10.23	20301	11301	-79	-97	10
2015-08-19 06:14:53.198	20301	11301	-82	-97	10	18.36	39.86	2.888
2015-08-19 06:35:16.543	20301	11301	-82	-79	10	18.28	39.85	2.895
2015-08-19 07:38:21.198	20301	11301	-82	-97	10
2015-08-19 07:44:29.814	20301	11301	-82	-97	10	18.57	39.95	2.888
2015-08-19 07:58:15.398	20301	11301	-82	-82	10
2015-08-19 08:05:57.414	20301	11301	-82	-97	10	18.89	40.05	2.895
2015-08-19 08:41:45.234	20301	11301	-82	-97	10	19.97	40.36	2.895
2015-08-19 09:09:30.682	20301	11301	-82	-79	10
2015-08-19 09:15:26.979	20301	11301	-79	-97	10	21.31	40.64	2.88
2015-08-19 09:53:34.703	20301	11301	-79	-97	10	22.97	41.09	2.888
2015-08-19 10:40:42.938	20301	11301	-82	-76	10
2015-08-19 11:21:12.954	20301	11301	-82	-79	10	28.02	41.83	2.88
2015-08-19 11:36:11.011	20301	11301	-82	-79	10	27.97	41.83	2.888
2015-08-19 11:50:48.87	20301	11301	-82	-79	10
2015-08-19 12:11:27.811	20301	11301	-82	-82	10	28.88	42.06	2.88
2015-08-19 12:47:52.443	20301	11301	-82	-82	10	29.41	42.05	2.88
2015-08-19 13:35:52.179	20301	11301	-82	-82	10	30.61	42.18	2.88
2015-08-19 14:35:26.351	20301	11301	-82	-82	10	31.44	42.27	2.88
2015-08-19 16:44:16.751	20301	11301	-82	-97	10	31.68	42.02	2.88
2015-08-19 18:16:30.887	20301	11301	-82	-79	10
2015-08-19 19:35:54.127	20301	11301	-82	-79	10
2015-08-19 19:43:28.391	20301	11301	-82	-97	10	26.26	40.87	2.888
2015-08-19 19:47:43.655	20301	11301	-82	-97	10
2015-08-19 20:09:46.75	20301	11301	-82	-97	10	25.58	40.76	2.888
2015-08-19 20:43:02.002	20301	11301	-79	-97	10	24.8	40.68	2.888
2015-08-19 21:11:16.539	20301	11301	-82	-97	10	24.35	40.66	2.888
2015-08-19 21:48:11.73	20301	11301	-82	-97	10	24.0	40.66	2.888
2015-08-19 22:22:41.21	20301	11301	-82	-97	10	23.56	40.58	2.888
2015-08-19 22:34:53.186	20301	11301	-82	-97	10	23.47	40.57	2.895
2015-08-19 22:50:02.066	20301	11301	-82	-79	10
2015-08-19 23:28:28.034	20301	11301	-82	-79	10
2015-08-19 23:45:51.038	20301	11301	-82	-79	10	23.11	40.57	2.888
2015-08-20 01:25:17.242	20301	11301	-82	-97	10	22.4	40.42	2.888
2015-08-20 01:52:21.794	20301	11301	-82	-97	10
2015-08-20 02:14:16.902	20301	11301	-82	-97	10	22.22	40.47	2.888
2015-08-20 02:48:42.51	20301	11301	-82	-97	10	22.11	40.46	2.888
2015-08-20 03:15:27.903	20301	11301	-82	-79	10	22.15	40.46	2.888
2015-08-20 03:21:00.599	20301	11301	-82	-79	10
2015-08-20 03:23:32.207	20301	11301	-82	-97	10
2015-08-20 03:46:42.635	20301	11301	-82	-97	10	21.97	40.44	2.888
2015-08-20 04:05:07.795	20301	11301	-82	-97	10	21.9	40.44	2.888
2015-08-20 04:54:42.759	20301	11301	-82	-79	10
2015-08-20 06:40:31.539	20301	11301	-82	-79	10	22.5	40.6	2.895
2015-08-20 07:13:34.411	20301	11301	-82	-79	10
2015-08-20 09:13:07.15	20301	11301	-82	-97	10	23.49	40.87	2.88
2015-08-20 09:28:13.89	20301	11301	-82	-82	10
2015-08-20 09:37:58.402	20301	11301	-82	-97	10	23.9	40.98	2.888
2015-08-20 10:59:22.91	20301	11301	-82	-97	10
2015-08-20 11:37:03.998	20301	11301	-82	-79	10	24.93	41.23	2.888
2015-08-20 12:30:33.986	20301	11301	-82	-82	10
2015-08-20 12:55:16.691	20301	11301	-85	-82	10	24.85	41.19	2.88
2015-08-20 14:49:03.963	20301	11301	-82	-97	10	26.07	41.56	2.888
2015-08-20 14:58:40.766	20301	11301	-85	-97	10
2015-08-20 15:17:07.427	20301	11301	-82	-82	10	27.51	41.78	2.888
2015-08-20 15:33:05.514	20301	11301	-82	-97	10
2015-08-20 15:35:25.526	20301	11301	-82	-97	10	27.49	41.78	2.888
2015-08-20 16:16:47.058	20301	11301	-82	-97	10	27.3	41.62	2.88
2015-08-20 16:33:08.066	20301	11301	-82	-97	10	27.85	41.65	2.888
2015-08-20 17:04:03.931	20301	11301	-82	-82	10
2015-08-20 17:25:13.722	20301	11301	-82	-82	10	27.36	41.53	2.88
2015-08-20 17:54:45.286	20301	11301	-82	-97	10	26.69	41.32	2.888
2015-08-20 18:09:09.774	20301	11301	-82	-79	10	26.41	41.32	2.895
2015-08-20 18:35:16.258	20301	11301	-82	-97	10
2015-08-20 18:51:13.35	20301	11301	-82	-79	10
2015-08-20 18:52:22.598	20301	11301	-82	-79	10	25.47	41.12	2.888
2015-08-20 19:18:39.788	20301	11301	-82	-97	10	24.63	40.93	2.888
2015-08-20 19:47:18.966	20301	11301	-79	-97	10	23.82	40.71	2.888
2015-08-20 20:06:13.882	20301	11301	-79	-97	10	23.22	40.61	2.895
2015-08-20 20:06:24.87	20301	11301	-79	-97	10
2015-08-20 20:55:07.046	20301	11301	-79	-97	10	21.26	40.17	2.88
2015-08-20 21:22:38.378	20301	11301	-79	-97	10	20.9	40.23	2.888
2015-08-20 21:37:42.33	20301	11301	-79	-97	10
2015-08-20 21:37:43.666	20301	11301	-82	-97	10	20.72	40.24	2.895
2015-08-20 22:44:00.399	20301	11301	-79	-97	10
2015-08-20 22:44:13.686	20301	11301	-79	-97	10	19.88	40.15	2.888
2015-08-20 23:08:43.666	20301	11301	-79	-97	10
2015-08-20 23:24:24.815	20301	11301	-76	-97	10	19.42	40.1	2.888
2015-08-20 23:35:32.023	20301	11301	-79	-79	10	19.32	40.1	2.903
2015-08-21 01:03:29.394	20301	11301	-79	-97	10	17.78	39.8	2.895
2015-08-21 01:51:25.147	20301	11301	-79	-97	10	17.38	39.82	2.888
2015-08-21 02:11:38.883	20301	11301	-79	-79	10
2015-08-21 02:14:57.215	20301	11301	-79	-97	10	17.07	39.79	2.895
2015-08-21 02:35:48.279	20301	11301	-79	-97	10	16.64	39.68	2.895
2015-08-21 02:36:21.282	20301	11301	-79	-97	10
2015-08-21 03:10:48.218	20301	11301	-79	-97	10	15.68	39.44	2.888
2015-08-21 03:36:16.794	20301	11301	-79	-97	10	15.21	39.33	2.895
2015-08-21 03:42:13.39	20301	11301	-79	-97	10
2015-08-21 04:16:18.391	20301	11301	-79	-79	10	14.6	39.26	2.888
2015-08-21 04:37:14.935	20301	11301	-79	-97	10	14.29	39.23	2.895
2015-08-21 05:13:24.434	20301	11301	-79	-97	10
2015-08-21 05:16:49.05	20301	11301	-79	-79	10	13.86	39.15	2.888
2015-08-21 05:45:03.787	20301	11301	-79	-97	10	13.54	39.12	2.895
2015-08-21 06:16:17.295	20301	11301	-79	-97	10	13.22	39.05	2.895
2015-08-21 06:28:52.098	20301	11301	-79	-97	10
2015-08-21 06:41:37.382	20301	11301	-79	-97	10	13.06	39.07	2.895
2015-08-21 06:44:34.742	20301	11301	-79	-79	10
2015-08-21 07:13:46.882	20301	11301	-82	-79	10	12.97	39.09	2.888
2015-08-21 07:34:32.582	20301	11301	-79	-79	10	13.0	39.16	2.895
2015-08-21 08:15:43.927	20301	11301	-79	-97	10
2015-08-21 08:16:04.715	20301	11301	-79	-97	10	13.92	39.45	2.888
2015-08-21 08:42:02.499	20301	11301	-79	-97	10	15.02	39.8	2.895
2015-08-21 09:46:07.651	20301	11301	-79	-97	10	18.33	40.55	2.888
2015-08-21 10:21:25.895	20301	11301	-79	-76	10
2015-08-21 10:55:19.198	20301	11301	-79	-79	10	22.54	41.11	2.88
2015-08-21 11:14:28.311	20301	11301	-82	-97	10	23.08	41.3	2.888
2015-08-21 11:18:05.014	20301	11301	-79	-97	10
2015-08-21 11:33:26.023	20301	11301	-82	-97	10	23.33	41.33	2.888
2015-08-21 12:19:26.498	20301	11301	-82	-97	10	24.32	41.57	2.873
2015-08-21 12:33:47.542	20301	11301	-82	-97	10	24.86	41.69	2.88
2015-08-21 12:49:15.074	20301	11301	-79	-76	10
2015-08-21 13:13:34.987	20301	11301	-82	-97	10	26.33	41.89	2.873
2015-08-21 13:35:21.362	20301	11301	-82	-79	10	26.9	41.85	2.88
2015-08-21 14:13:58.239	20301	11301	-82	-97	10
2015-08-21 14:15:01.346	20301	11301	-82	-97	10	27.44	41.97	2.873
2015-08-21 14:20:24.466	20301	11301	-82	-97	10
2015-08-21 14:51:10.27	20301	11301	-82	-79	10	27.97	42.03	2.873
2015-08-21 15:04:54.93	20301	11301	-82	-79	10	28.13	42.05	2.888
2015-08-21 15:33:41.758	20301	11301	-82	-97	10	27.51	41.78	2.873
2015-08-21 15:51:35.959	20301	11301	-79	-97	10
2015-08-21 16:22:16.458	20301	11301	-79	-97	10	27.66	41.76	2.873
2015-08-21 16:52:18.382	20301	11301	-82	-97	10	27.46	41.67	2.88
2015-08-21 17:19:21.062	20301	11301	-79	-97	10	26.61	41.48	2.88
2015-08-21 17:22:45.862	20301	11301	-79	-97	10
2015-08-21 17:48:03.702	20301	11301	-79	-97	10	25.52	41.29	2.88
2015-08-21 18:06:31.966	20301	11301	-79	-97	10
2015-08-21 18:22:31.527	20301	11301	-79	-76	10	25.02	41.24	2.88
2015-08-21 18:41:09.882	20301	11301	-79	-97	10	24.4	41.11	2.888
2015-08-21 18:53:55.742	20301	11301	-79	-97	10
2015-08-21 19:13:48.267	20301	11301	-76	-76	10	23.14	40.77	2.88
2015-08-21 19:49:28.963	20301	11301	-79	-97	10	21.72	40.42	2.88
2015-08-21 20:25:04.291	20301	11301	-79	-76	10	20.18	40.05	2.88
2015-08-21 20:25:06.434	20301	11301	-79	-97	10
2015-08-21 20:42:50.65	20301	11301	-79	-97	10	19.52	39.95	2.888
2015-08-21 21:08:07.762	20301	11301	-79	-97	10	18.68	39.83	2.888
2015-08-21 21:47:10.322	20301	11301	-79	-97	10	17.71	39.76	2.888
2015-08-21 21:56:16.254	20301	11301	-76	-97	10
2015-08-21 21:59:04.298	20301	11301	-79	-76	10
2015-08-22 00:49:51.814	20301	11301	-79	-97	10	15.36	39.44	2.888
2015-08-22 00:58:36.534	20301	11301	-76	-97	10
2015-08-22 01:08:47.803	20301	11301	-79	-76	10	15.0	39.37	2.895
2015-08-22 02:05:23.954	20301	11301	-79	-97	10	14.08	39.21	2.895
2015-08-22 02:29:45.506	20301	11301	-79	-76	10
2015-08-22 02:41:05.518	20301	11301	-76	-97	10	13.46	39.18	2.888
2015-08-22 03:24:31.543	20301	11301	-79	-97	10	12.82	39.04	2.888
2015-08-22 03:50:28.554	20301	11301	-76	-97	10	12.61	39.09	2.88
2015-08-22 04:00:56.85	20301	11301	-79	-97	10
2015-08-22 04:04:55.654	20301	11301	-79	-97	10	12.39	39.03	2.895
2015-08-22 04:49:25.006	20301	11301	-79	-97	10	12.14	39.0	2.888
2015-08-22 05:20:48.986	20301	11301	-79	-76	10	11.86	38.97	2.888
2015-08-22 05:32:06.598	20301	11301	-79	-97	10
2015-08-22 05:44:10.54	20301	11301	-79	-97	10
2015-08-22 05:49:25.322	20301	11301	-79	-97	10	11.71	38.96	2.888
2015-08-22 06:08:58.554	20301	11301	-76	-97	10	11.63	38.98	2.895
2015-08-22 06:43:43.706	20301	11301	-79	-97	10	11.36	38.92	2.888
2015-08-22 07:03:16.982	20301	11301	-79	-97	10
2015-08-22 07:51:36.739	20301	11301	-79	-97	10	12.22	39.27	2.888
2015-08-22 08:23:36.954	20301	11301	-76	-97	10	13.32	39.59	2.888
2015-08-22 08:34:26.526	20301	11301	-79	-97	10
2015-08-22 09:12:39.887	20301	11301	-79	-97	10	15.64	40.13	2.88
2015-08-22 10:43:27.77	20301	11301	-79	-97	10	20.25	40.79	2.88
2015-08-22 11:17:32.503	20301	11301	-82	-97	10	21.83	41.23	2.873
2015-08-22 11:36:47.359	20301	11301	-79	-79	10
2015-08-22 11:53:34.631	20301	11301	-79	-97	10	22.72	41.43	2.873
2015-08-22 12:15:13.563	20301	11301	-79	-97	10	23.52	41.61	2.873
2015-08-22 12:35:51.603	20301	11301	-82	-97	10	24.52	41.79	2.873
2015-08-22 13:07:59.202	20301	11301	-82	-79	10
2015-08-22 13:24:09.64	20301	11301	-79	-97	10	26.26	41.88	2.873
2015-08-22 13:29:29.515	20301	11301	-79	-76	10
2015-08-22 13:53:52.791	20301	11301	-82	-79	10	26.63	41.95	2.873
2015-08-22 14:05:41.275	20301	11301	-79	-97	10	27.04	42.0	2.88
2015-08-22 15:11:41.474	20301	11301	-82	-97	10	27.83	42.08	2.873
2015-08-22 15:42:40.319	20301	11301	-79	-97	10	28.32	42.07	2.873
2015-08-22 16:10:21.836	20301	11301	-79	-97	10
2015-08-22 16:14:26.507	20301	11301	-82	-97	10	28.36	41.94	2.873
2015-08-22 16:41:21.827	20301	11301	-82	-97	10	28.15	41.85	2.873
2015-08-22 17:21:24.187	20301	11301	-82	-97	10	26.69	41.49	2.873
2015-08-22 17:21:50.774	20301	11301	-79	-97	10
2015-08-22 17:36:55.062	20301	11301	-79	-97	10	25.93	41.37	2.88
2015-08-22 17:41:28.534	20301	11301	-79	-97	10
2015-08-22 18:19:47.708	20301	11301	-82	-97	10	25.36	41.55	2.873
2015-08-22 18:41:42.799	20301	11301	-79	-97	10	24.52	41.22	2.88
2015-08-22 19:11:14.482	20301	11301	-79	-97	10	23.28	40.85	2.88
2015-08-22 19:12:38.495	20301	11301	-79	-97	10
2015-08-22 19:48:55.103	20301	11301	-79	-97	10	21.71	40.45	2.873
2015-08-22 20:05:45.026	20301	11301	-79	-76	10	20.9	40.26	2.88
2015-08-22 20:41:15.323	20301	11301	-79	-97	10	19.5	40.01	2.88
2015-08-22 20:43:48.155	20301	11301	-79	-97	10
2015-08-22 21:14:22.73	20301	11301	-79	-97	10
2015-08-22 21:19:06.998	20301	11301	-79	-76	10	18.43	39.9	2.88
2015-08-22 21:53:36.09	20301	11301	-79	-76	10	17.52	39.8	2.88
2015-08-22 22:14:57.918	20301	11301	-79	-97	10
2015-08-22 22:41:02.244	20301	11301	-79	-76	10	16.6	39.67	2.888
2015-08-22 23:10:25.319	20301	11301	-79	-97	10	16.18	39.63	2.888
2015-08-22 23:41:34.058	20301	11301	-79	-97	10	15.85	39.66	2.88
2015-08-22 23:46:08.526	20301	11301	-79	-97	10
2015-08-23 00:15:05.958	20301	11301	-79	-97	10	15.74	39.61	2.88
2015-08-23 00:41:25.438	20301	11301	-79	-97	10	15.5	39.62	2.888
2015-08-23 01:06:37.978	20301	11301	-79	-97	10	15.22	39.56	2.888
2015-08-23 01:06:56.183	20301	11301	-79	-97	10
2015-08-23 01:17:17.878	20301	11301	-76	-76	10
2015-08-23 01:45:50.086	20301	11301	-76	-97	10	14.88	39.52	2.88
2015-08-23 02:18:17.251	20301	11301	-79	-97	10	14.67	39.47	2.88
2015-08-23 02:48:28.442	20301	11301	-79	-76	10
2015-08-23 02:52:09.458	20301	11301	-79	-97	10	14.45	39.44	2.88
2015-08-23 03:39:42.674	20301	11301	-79	-97	10	13.83	39.31	2.88
2015-08-23 04:05:37.542	20301	11301	-79	-76	10	13.56	39.28	2.888
2015-08-23 04:19:38.395	20301	11301	-79	-97	10
2015-08-23 04:53:07.362	20301	11301	-79	-97	10	13.32	39.29	2.88
2015-08-23 04:59:29.215	20301	11301	-76	-97	10
2015-08-23 05:14:22.366	20301	11301	-79	-76	10	13.17	39.28	2.888
2015-08-23 05:41:47.21	20301	11301	-79	-97	10	12.96	39.22	2.888
2015-08-23 05:50:48.543	20301	11301	-79	-97	10
2015-08-23 06:21:41.487	20301	11301	-76	-97	10	12.92	39.25	2.88
2015-08-23 06:45:47.554	20301	11301	-76	-97	10	12.82	39.27	2.888
2015-08-23 07:21:59.286	20301	11301	-76	-76	10
2015-08-23 07:24:32.011	20301	11301	-79	-97	10	12.86	39.28	2.88
2015-08-23 07:46:02.674	20301	11301	-79	-76	10	13.14	39.41	2.88
2015-08-23 08:05:51.05	20301	11301	-79	-97	10	13.57	39.55	2.88
2015-08-23 08:43:56.687	20301	11301	-79	-97	10	14.72	39.87	2.888
2015-08-23 08:52:02.163	20301	11301	-79	-97	10
2015-08-23 08:53:08.674	20301	11301	-79	-97	10
2015-08-23 09:20:21.578	20301	11301	-79	-79	10	16.29	40.27	2.88
2015-08-23 09:40:52.134	20301	11301	-79	-76	10	16.92	40.37	2.88
2015-08-23 10:16:38.879	20301	11301	-79	-79	10	18.1	40.56	2.873
2015-08-23 10:24:21.866	20301	11301	-79	-97	10
2015-08-23 10:45:02.299	20301	11301	-76	-97	10	19.93	40.96	2.873
2015-08-23 11:25:10.03	20301	11301	-79	-97	10	21.56	41.2	2.873
2015-08-23 11:52:02.606	20301	11301	-79	-97	10	23.29	41.72	2.873
2015-08-23 12:44:43.083	20301	11301	-79	-97	10
2015-08-23 12:50:05.55	20301	11301	-82	-97	10	26.8	42.31	2.866
2015-08-23 13:19:01.438	20301	11301	-79	-97	10	28.27	42.3	2.866
2015-08-23 13:26:39.866	20301	11301	-82	-79	10
2015-08-23 13:53:48.942	20301	11301	-79	-97	10	29.26	42.37	2.866
2015-08-23 14:11:58.303	20301	11301	-79	-97	10	29.51	42.4	2.866
2015-08-23 14:54:14.426	20301	11301	-82	-79	10	30.26	42.45	2.866
2015-08-23 14:57:49.47	20301	11301	-82	-97	10
2015-08-23 15:05:36.774	20301	11301	-82	-97	10	30.61	42.49	2.873
2015-08-23 16:02:59.866	20301	11301	-82	-82	10	30.96	42.39	2.873
2015-08-23 16:29:00.422	20301	11301	-79	-97	10
2015-08-23 16:34:53.726	20301	11301	-79	-97	10	30.51	42.21	2.866
2015-08-23 16:37:09.782	20301	11301	-82	-97	10
2015-08-23 17:45:50.459	20301	11301	-82	-97	10	28.38	41.74	2.873
2015-08-23 18:00:09.491	20301	11301	-79	-97	10
2015-08-23 18:06:30.978	20301	11301	-79	-97	10	27.82	41.68	2.873
2015-08-23 18:42:49.623	20301	11301	-79	-97	10	26.69	41.45	2.858
2015-08-23 19:23:04.783	20301	11301	-79	-97	10	25.33	41.14	2.866
2015-08-23 19:31:19.846	20301	11301	-79	-79	10
2015-08-23 19:38:55.375	20301	11301	-79	-97	10	24.8	41.05	2.88
2015-08-23 20:09:30.523	20301	11301	-79	-97	10	23.65	40.82	2.873
2015-08-23 20:29:41.434	20301	11301	-79	-97	10
2015-08-23 20:51:35.322	20301	11301	-79	-76	10	22.35	40.62	2.873
2015-08-23 21:02:30.087	20301	11301	-79	-97	10
2015-08-23 21:08:39.61	20301	11301	-79	-76	10	21.94	40.57	2.88
2015-08-23 21:34:54.922	20301	11301	-79	-97	10	21.46	40.52	2.88
2015-08-23 22:06:01.226	20301	11301	-79	-97	10	20.96	40.47	2.88
2015-08-23 22:33:41.111	20301	11301	-79	-97	10
2015-08-23 22:54:03.983	20301	11301	-79	-79	10	20.61	40.5	2.873
2015-08-23 23:18:58.363	20301	11301	-79	-97	10	20.32	40.44	2.88
2015-08-23 23:53:01.878	20301	11301	-79	-79	10	19.67	40.26	2.873
2015-08-24 00:03:16.654	20301	11301	-79	-76	10	19.57	40.26	2.888
2015-08-24 00:04:52.626	20301	11301	-79	-76	10
2015-08-24 00:22:14.662	20301	11301	-79	-76	10
2015-08-24 00:51:16.926	20301	11301	-79	-97	10	19.2	40.28	2.873
2015-08-24 01:22:09.774	20301	11301	-79	-97	10	19.02	40.26	2.88
2015-08-24 01:36:01.495	20301	11301	-79	-97	10
2015-08-24 01:39:45.351	20301	11301	-79	-76	10	18.93	40.25	2.88
2015-08-24 02:21:12.302	20301	11301	-79	-97	10	18.89	40.28	2.873
2015-08-24 02:39:40.846	20301	11301	-79	-76	10	18.89	40.28	2.88
2015-08-24 03:43:22.584	20301	11301	-79	-97	10	18.88	40.31	2.88
2015-08-24 04:02:51.454	20301	11301	-79	-97	10	18.96	40.36	2.88
2015-08-24 04:14:47.435	20301	11301	-79	-97	10
2015-08-24 04:38:20.686	20301	11301	-79	-79	10
2015-08-24 04:39:21.81	20301	11301	-79	-97	10	18.97	40.39	2.873
2015-08-24 05:20:43.59	20301	11301	-79	-79	10	18.78	40.3	2.873
2015-08-24 05:41:09.486	20301	11301	-79	-76	10	18.53	40.21	2.88
2015-08-24 06:03:08.322	20301	11301	-79	-97	10	18.54	40.24	2.88
2015-08-24 06:09:31.219	20301	11301	-76	-97	10
2015-08-24 06:47:29.002	20301	11301	-79	-97	10	18.81	40.37	2.873
2015-08-24 07:35:35.778	20301	11301	-79	-76	10	18.96	40.39	2.88
2015-08-24 07:40:40.602	20301	11301	-79	-97	10
2015-08-24 08:03:09.795	20301	11301	-79	-97	10	19.14	40.47	2.873
2015-08-24 08:07:20.818	20301	11301	-79	-97	10
2015-08-24 08:46:19.57	20301	11301	-79	-97	10	19.18	40.48	2.873
2015-08-24 09:11:51.039	20301	11301	-79	-79	10
2015-08-24 09:22:19.615	20301	11301	-79	-97	10	20.03	40.74	2.873
2015-08-24 09:43:44.646	20301	11301	-79	-97	10	20.52	40.89	2.873
2015-08-24 10:15:52.554	20301	11301	-79	-97	10	21.14	41.02	2.858
2015-08-24 10:35:12.806	20301	11301	-79	-97	10	21.27	41.0	2.873
2015-08-24 10:43:02.198	20301	11301	-82	-97	10
2015-08-24 11:14:30.318	20301	11301	-79	-97	10	22.96	41.39	2.866
2015-08-24 11:51:29.206	20301	11301	-82	-97	10	24.2	41.76	2.866
2015-08-24 11:59:56.81	20301	11301	-82	-79	10
2015-08-24 12:14:13.218	20301	11301	-79	-97	10
2015-08-24 12:18:43.818	20301	11301	-82	-97	10	25.11	41.99	2.858
2015-08-24 12:50:52.33	20301	11301	-82	-82	10	26.19	42.11	2.866
2015-08-24 13:18:33.871	20301	11301	-82	-79	10	26.97	42.02	2.866
2015-08-24 13:44:13.287	20301	11301	-79	-97	10	27.66	42.13	2.866
2015-08-24 13:45:21.899	20301	11301	-82	-97	10
2015-08-24 14:13:38.218	20301	11301	-82	-97	10	27.8	42.15	2.866
2015-08-24 14:41:09.187	20301	11301	-79	-97	10	27.72	42.14	2.866
2015-08-24 15:16:32.078	20301	11301	-82	-97	10
2015-08-24 15:16:46.33	20301	11301	-79	-97	10	28.38	42.21	2.866
2015-08-24 15:41:52.338	20301	11301	-79	-97	10	28.32	42.07	2.866
2015-08-24 15:52:27.43	20301	11301	-82	-97	10
2015-08-24 16:13:15.806	20301	11301	-79	-97	10	27.88	41.92	2.866
2015-08-24 16:35:52.51	20301	11301	-82	-97	10	27.35	41.76	2.873
2015-08-24 16:47:42.258	20301	11301	-82	-97	10
2015-08-24 17:11:08.903	20301	11301	-82	-79	10	26.69	41.62	2.866
2015-08-24 17:39:12.255	20301	11301	-79	-97	10	25.76	41.39	2.873
2015-08-24 18:18:31.258	20301	11301	-79	-97	10	25.24	41.53	2.866
2015-08-24 18:18:55.542	20301	11301	-79	-97	10
2015-08-24 18:36:41.518	20301	11301	-79	-97	10	24.52	41.25	2.873
2015-08-24 19:07:46.943	20301	11301	-82	-97	10	23.77	41.04	2.873
2015-08-24 19:34:14.766	20301	11301	-79	-97	10	23.29	40.99	2.873
2015-08-24 19:44:59.815	20301	11301	-79	-79	10
2015-08-24 19:50:03.211	20301	11301	-79	-97	10
2015-08-24 20:14:30.038	20301	11301	-79	-97	10	22.44	40.76	2.873
2015-08-24 20:54:31.198	20301	11301	-79	-97	10	21.36	40.58	2.873
2015-08-24 21:35:12.646	20301	11301	-79	-97	10	21.01	40.61	2.88
2015-08-24 22:23:31.383	20301	11301	-79	-97	10	20.42	40.51	2.866
2015-08-24 22:38:38.571	20301	11301	-79	-76	10	20.13	40.45	2.88
2015-08-24 22:52:22.786	20301	11301	-79	-97	10
2015-08-24 23:09:09.504	20301	11301	-79	-76	10	19.5	40.31	2.873
2015-08-24 23:37:32.979	20301	11301	-79	-97	10
2015-08-24 23:52:06.395	20301	11301	-79	-97	10	18.38	40.06	2.873
2015-08-25 00:02:46.879	20301	11301	-79	-97	10	18.0	39.95	2.88
2015-08-25 00:23:33.042	20301	11301	-79	-76	10
2015-08-25 00:50:53.994	20301	11301	-79	-79	10	16.68	39.75	2.873
2015-08-25 01:12:36.719	20301	11301	-79	-76	10	16.1	39.69	2.88
2015-08-25 01:35:40.55	20301	11301	-79	-97	10	15.65	39.64	2.88
2015-08-25 01:54:43.282	20301	11301	-79	-76	10
2015-08-25 02:21:52.47	20301	11301	-76	-97	10	14.88	39.49	2.873
2015-08-25 02:43:30.622	20301	11301	-79	-76	10	14.53	39.49	2.88
2015-08-25 03:20:09.311	20301	11301	-79	-76	10	14.04	39.43	2.88
2015-08-25 03:25:53.35	20301	11301	-79	-76	10
2015-08-25 03:30:05.762	20301	11301	-79	-79	10
2015-08-25 03:46:35.551	20301	11301	-79	-97	10	13.72	39.4	2.88
2015-08-25 04:24:41.922	20301	11301	-79	-97	10	13.5	39.41	2.866
2015-08-25 04:50:59.746	20301	11301	-79	-76	10	13.31	39.39	2.88
2015-08-25 04:57:03.743	20301	11301	-79	-79	10
2015-08-25 05:04:56.494	20301	11301	-79	-97	10	13.2	39.38	2.88
2015-08-25 05:34:19.394	20301	11301	-79	-76	10	13.11	39.4	2.88
2015-08-25 06:08:24.859	20301	11301	-79	-76	10	12.93	39.35	2.88
2015-08-25 06:28:13.359	20301	11301	-79	-76	10
2015-08-25 06:37:04.866	20301	11301	-79	-97	10	12.75	39.33	2.88
2015-08-25 07:18:40.811	20301	11301	-79	-97	10	12.54	39.34	2.873
2015-08-25 07:22:39.822	20301	11301	-79	-97	10
2015-08-25 07:54:11.955	20301	11301	-79	-97	10	13.14	39.5	2.873
2015-08-25 07:59:24.051	20301	11301	-79	-97	10
2015-08-25 08:09:39.47	20301	11301	-79	-76	10	13.6	39.68	2.88
2015-08-25 08:48:06.122	20301	11301	-79	-97	10	14.85	40.01	2.873
2015-08-25 09:17:38.179	20301	11301	-79	-79	10	16.0	40.3	2.873
2015-08-25 09:30:34.398	20301	11301	-76	-97	10
2015-08-25 09:38:26.879	20301	11301	-79	-97	10	16.79	40.49	2.873
2015-08-25 10:06:36.011	20301	11301	-79	-97	10	17.85	40.7	2.873
2015-08-25 10:44:09.335	20301	11301	-79	-76	10	20.0	41.13	2.866
2015-08-25 11:01:44.291	20301	11301	-82	-97	10
2015-08-25 11:06:48.862	20301	11301	-82	-97	10	21.04	41.34	2.873
2015-08-25 11:15:12.851	20301	11301	-82	-97	10
2015-08-25 11:49:30.399	20301	11301	-79	-97	10	21.07	41.08	2.866
2015-08-25 12:14:51.171	20301	11301	-79	-97	10	20.72	40.91	2.873
2015-08-25 12:32:54.327	20301	11301	-82	-97	10
2015-08-25 12:49:42.566	20301	11301	-79	-79	10	20.86	40.99	2.866
2015-08-25 13:15:25.418	20301	11301	-79	-97	10	20.36	40.8	2.866
2015-08-25 13:43:02.159	20301	11301	-79	-97	10	20.79	41.02	2.873
2015-08-25 14:04:03.959	20301	11301	-79	-76	10
2015-08-25 14:22:07.11	20301	11301	-79	-97	10	21.68	41.28	2.866
2015-08-25 14:33:17.127	20301	11301	-79	-97	10	21.39	41.15	2.873
2015-08-25 15:07:46.444	20301	11301	-79	-97	10
2015-08-25 15:10:24.391	20301	11301	-79	-97	10	21.11	41.02	2.866
2015-08-25 15:35:14.626	20301	11301	-79	-97	10
2015-08-25 15:50:01.611	20301	11301	-79	-97	10	20.97	41.0	2.866
2015-08-25 16:13:22.427	20301	11301	-82	-79	10	20.69	40.91	2.866
2015-08-25 16:38:42.378	20301	11301	-82	-97	10	20.71	40.98	2.873
2015-08-25 17:06:27.979	20301	11301	-79	-97	10
2015-08-25 17:22:34.463	20301	11301	-79	-97	10	19.99	40.76	2.866
2015-08-25 17:47:04.542	20301	11301	-79	-97	10	19.39	40.57	2.873
2015-08-25 18:18:24.038	20301	11301	-79	-79	10	18.86	40.48	2.858
2015-08-25 18:37:37.003	20301	11301	-79	-97	10
2015-08-25 18:37:38.326	20301	11301	-79	-97	10	18.56	40.41	2.873
2015-08-25 19:00:18.07	20301	11301	-82	-97	10
2015-08-25 19:03:22.574	20301	11301	-79	-97	10	18.29	40.38	2.873
2015-08-25 19:33:18.666	20301	11301	-79	-97	10	17.85	40.27	2.873
2015-08-25 20:08:45.122	20301	11301	-79	-76	10
2015-08-25 20:22:28.45	20301	11301	-79	-79	10	17.11	40.13	2.866
2015-08-25 20:38:36.246	20301	11301	-79	-79	10	16.93	40.07	2.873
2015-08-25 21:14:27.843	20301	11301	-79	-97	10	16.58	40.0	2.873
2015-08-25 21:39:54.899	20301	11301	-79	-97	10
2015-08-25 21:41:26.547	20301	11301	-82	-97	10	16.65	40.11	2.873
2015-08-25 22:16:10.927	20301	11301	-79	-97	10	16.58	40.13	2.873
2015-08-25 22:45:52.895	20301	11301	-79	-97	10	16.33	40.04	2.873
2015-08-25 22:52:51.643	20301	11301	-79	-76	10
2015-08-25 23:11:04.835	20301	11301	-79	-97	10
2015-08-25 23:13:20.607	20301	11301	-79	-97	10	16.22	40.03	2.873
2015-08-25 23:39:25.722	20301	11301	-79	-97	10	16.11	40.02	2.873
2015-08-26 00:23:27.159	20301	11301	-79	-79	10	15.97	40.0	2.866
2015-08-26 00:35:44.795	20301	11301	-82	-97	10	15.86	39.99	2.873
2015-08-26 00:42:15.118	20301	11301	-79	-97	10
2015-08-26 01:03:07.695	20301	11301	-79	-76	10	15.64	39.93	2.873
2015-08-26 01:40:05.815	20301	11301	-79	-97	10	15.2	39.85	2.866
2015-08-26 02:12:44.151	20301	11301	-79	-97	10	14.29	39.56	2.873
2015-08-26 02:13:25.091	20301	11301	-79	-97	10
2015-08-26 02:43:57.943	20301	11301	-79	-97	10	13.56	39.42	2.873
2015-08-26 02:45:24.962	20301	11301	-79	-97	10
2015-08-26 03:24:30.018	20301	11301	-79	-97	10	12.81	39.34	2.873
2015-08-26 03:44:35.591	20301	11301	-79	-79	10
2015-08-26 03:48:25.718	20301	11301	-79	-97	10	12.42	39.3	2.873
2015-08-26 04:23:55.502	20301	11301	-79	-97	10	12.14	39.3	2.873
2015-08-26 04:47:26.55	20301	11301	-79	-76	10	11.89	39.24	2.873
2015-08-26 05:10:26.378	20301	11301	-79	-97	10	11.68	39.22	2.873
2015-08-26 05:15:45.338	20301	11301	-79	-79	10
2015-08-26 05:44:51.722	20301	11301	-79	-97	10	11.52	39.23	2.873
2015-08-26 06:18:50.93	20301	11301	-79	-76	10	11.35	39.21	2.873
2015-08-26 06:37:58.814	20301	11301	-79	-76	10
2015-08-26 06:41:53.746	20301	11301	-79	-97	10	11.24	39.2	2.873
2015-08-26 06:46:54.978	20301	11301	-79	-97	10
2015-08-26 07:20:16.318	20301	11301	-79	-79	10	11.47	39.29	2.873
2015-08-26 07:54:27.002	20301	11301	-79	-97	10	12.52	39.67	2.866
2015-08-26 08:03:21.627	20301	11301	-79	-76	10	12.72	39.72	2.873
2015-08-26 08:18:05.958	20301	11301	-79	-79	10
2015-08-26 08:35:40.418	20301	11301	-79	-79	10	13.68	39.95	2.866
2015-08-26 09:09:23.234	20301	11301	-82	-97	10	14.56	40.11	2.866
2015-08-26 09:40:34.79	20301	11301	-79	-79	10	15.42	40.31	2.866
2015-08-26 09:49:16.435	20301	11301	-79	-97	10
2015-08-26 10:13:59.043	20301	11301	-79	-97	10	16.74	40.61	2.866
2015-08-26 10:30:30.227	20301	11301	-79	-97	10
2015-08-26 10:43:59.214	20301	11301	-79	-97	10	18.0	40.88	2.858
2015-08-26 11:20:26.31	20301	11301	-82	-97	10
2015-08-26 11:24:39.135	20301	11301	-79	-97	10	19.79	41.18	2.858
2015-08-26 11:45:39.33	20301	11301	-82	-97	10	19.21	40.88	2.866
2015-08-26 12:11:24.919	20301	11301	-82	-97	10	18.89	40.75	2.858
2015-08-26 12:48:50.003	20301	11301	-79	-97	10	19.32	40.89	2.858
2015-08-26 12:51:36.902	20301	11301	-82	-97	10
2015-08-26 13:22:06.454	20301	11301	-82	-97	10	20.28	41.13	2.858
2015-08-26 13:50:54.499	20301	11301	-79	-97	10	20.95	41.23	2.858
2015-08-26 14:03:35.606	20301	11301	-79	-97	10	20.72	41.14	2.866
2015-08-26 14:22:46.715	20301	11301	-82	-97	10
2015-08-26 14:23:03.556	20301	11301	-82	-97	10
2015-08-26 14:53:33.842	20301	11301	-79	-79	10	20.75	41.08	2.851
2015-08-26 15:15:52.394	20301	11301	-82	-97	10	20.5	41.02	2.858
2015-08-26 15:45:11.763	20301	11301	-79	-79	10	20.97	41.07	2.858
2015-08-26 15:53:56.335	20301	11301	-82	-97	10
2015-08-26 16:07:23.442	20301	11301	-79	-97	10	20.68	41.04	2.866
2015-08-26 16:41:12.762	20301	11301	-82	-79	10	20.67	41.04	2.858
2015-08-26 17:14:50.199	20301	11301	-79	-97	10	20.64	41.03	2.858
2015-08-26 17:25:09.455	20301	11301	-82	-97	10
2015-08-26 17:52:52.459	20301	11301	-79	-79	10	20.03	40.84	2.858
2015-08-26 18:12:53.771	20301	11301	-79	-97	10	19.72	40.74	2.866
2015-08-26 18:15:37.408	20301	11301	-82	-97	10
2015-08-26 18:42:10.335	20301	11301	-82	-97	10	19.07	40.57	2.866
2015-08-26 18:56:16.539	20301	11301	-82	-97	10
2015-08-26 19:19:05.198	20301	11301	-79	-97	10	18.43	40.4	2.858
2015-08-26 19:36:35.927	20301	11301	-79	-97	10	18.15	40.37	2.866
2015-08-26 20:03:03.13	20301	11301	-79	-97	10	17.85	40.34	2.866
2015-08-26 20:27:28.107	20301	11301	-79	-97	10
2015-08-26 20:50:08.543	20301	11301	-79	-79	10	17.08	40.19	2.858
2015-08-26 21:09:25.107	20301	11301	-79	-79	10	16.82	40.16	2.866
2015-08-26 21:53:05.722	20301	11301	-79	-79	10	16.15	39.99	2.858
2015-08-26 21:58:38.498	20301	11301	-79	-79	10
2015-08-26 22:08:10.346	20301	11301	-79	-97	10
2015-08-26 22:09:01.73	20301	11301	-79	-97	10	15.92	39.93	2.866
2015-08-26 22:36:27.379	20301	11301	-79	-97	10	15.57	39.89	2.866
2015-08-26 23:19:45.694	20301	11301	-79	-76	10	15.4	39.91	2.858
2015-08-26 23:19:49.794	20301	11301	-79	-76	10	15.4	39.91	2.858
2015-08-26 23:29:47.194	20301	11301	-79	-97	10
2015-08-26 23:40:51.054	20301	11301	-79	-97	10	15.39	39.94	2.866
2015-08-27 00:05:29.75	20301	11301	-79	-97	10	15.25	39.93	2.866
2015-08-27 00:38:31.375	20301	11301	-79	-79	10	15.04	39.9	2.866
2015-08-27 01:00:57.242	20301	11301	-79	-79	10
2015-08-27 01:18:00.358	20301	11301	-79	-97	10	15.0	39.9	2.866
2015-08-27 01:51:43.471	20301	11301	-79	-79	10	14.82	39.81	2.851
2015-08-27 02:00:43.022	20301	11301	-79	-97	10
2015-08-27 02:20:07.986	20301	11301	-79	-97	10	14.7	39.8	2.866
2015-08-27 02:32:07.682	20301	11301	-79	-97	10
2015-08-27 02:39:10.675	20301	11301	-79	-97	10	14.64	39.83	2.866
2015-08-27 03:18:53.539	20301	11301	-79	-97	10	14.54	39.82	2.858
2015-08-27 03:42:46.571	20301	11301	-82	-79	10	14.54	39.85	2.866
2015-08-27 04:03:18.45	20301	11301	-79	-97	10
2015-08-27 04:16:02.671	20301	11301	-79	-97	10	14.64	39.86	2.866
2015-08-27 04:35:39.422	20301	11301	-79	-97	10	14.64	39.86	2.866
2015-08-27 05:24:39.687	20301	11301	-82	-97	10	14.47	39.84	2.866
2015-08-27 05:34:27.77	20301	11301	-79	-79	10
2015-08-27 05:43:59.314	20301	11301	-82	-79	10	14.4	39.84	2.866
2015-08-27 05:53:16.317	20301	11301	-79	-97	10
2015-08-27 06:05:27.602	20301	11301	-79	-79	10	14.35	39.83	2.866
2015-08-27 06:52:25.434	20301	11301	-79	-79	10	14.21	39.81	2.858
2015-08-27 07:05:38.286	20301	11301	-79	-79	10
2015-08-27 07:08:45.234	20301	11301	-79	-97	10	14.2	39.81	2.866
2015-08-27 07:48:29.826	20301	11301	-79	-79	10	14.5	39.91	2.858
2015-08-27 08:03:23.694	20301	11301	-82	-97	10	14.74	40.0	2.858
2015-08-27 08:36:50.707	20301	11301	-82	-79	10
2015-08-27 08:49:04.674	20301	11301	-79	-79	10	15.75	40.31	2.858
2015-08-27 09:10:26.406	20301	11301	-79	-97	10	16.15	40.35	2.858
2015-08-27 09:45:49.222	20301	11301	-82	-97	10
2015-08-27 09:53:44.43	20301	11301	-82	-79	10	17.6	40.74	2.858
2015-08-27 10:07:58.234	20301	11301	-82	-97	10
2015-08-27 10:19:01.987	20301	11301	-82	-79	10	18.03	40.79	2.858
2015-08-27 10:51:40.454	20301	11301	-79	-79	10	18.86	40.97	2.858
2015-08-27 11:19:40.819	20301	11301	-82	-97	10	19.4	41.03	2.858
2015-08-27 11:39:08.214	20301	11301	-79	-79	10
2015-08-27 11:41:10.919	20301	11301	-79	-97	10	19.5	40.98	2.858
2015-08-27 12:22:54.734	20301	11301	-79	-97	10	19.74	41.0	2.851
2015-08-27 12:36:44.362	20301	11301	-79	-82	10	19.79	41.01	2.858
2015-08-27 13:10:18.93	20301	11301	-79	-97	10
2015-08-27 13:16:00.438	20301	11301	-82	-97	10	20.65	41.27	2.851
2015-08-27 13:38:22.386	20301	11301	-82	-79	10
2015-08-27 13:43:32.542	20301	11301	-79	-97	10	20.76	41.21	2.858
2015-08-27 14:22:54.098	20301	11301	-79	-79	10	20.6	41.1	2.851
2015-08-27 14:41:28.57	20301	11301	-79	-76	10
2015-08-27 15:11:45.699	20301	11301	-82	-97	10	19.68	40.8	2.858
2015-08-27 15:45:44.43	20301	11301	-79	-97	10	20.45	41.11	2.851
2015-08-27 16:10:09.47	20301	11301	-79	-79	10	20.68	41.17	2.858
2015-08-27 16:12:38.474	20301	11301	-79	-97	10
2015-08-27 16:42:50.271	20301	11301	-82	-97	10	21.18	41.29	2.851
2015-08-27 17:08:51.1	20301	11301	-79	-97	10	21.61	41.34	2.844
2015-08-27 17:30:55.97	20301	11301	-82	-97	10
2015-08-27 17:32:33.934	20301	11301	-82	-97	10	21.5	41.29	2.858
2015-08-27 17:43:48.758	20301	11301	-82	-97	10
2015-08-27 18:09:11.426	20301	11301	-82	-97	10	21.75	41.29	2.851
2015-08-27 18:34:35.654	20301	11301	-79	-79	10	21.08	41.05	2.858
2015-08-27 19:06:43.338	20301	11301	-79	-97	10	20.25	40.79	2.858
2015-08-27 19:14:59.363	20301	11301	-82	-79	10
2015-08-27 19:34:54.766	20301	11301	-82	-97	10	19.54	40.65	2.858
2015-08-27 20:18:14.714	20301	11301	-82	-79	10	18.5	40.41	2.851
2015-08-27 20:46:08.766	20301	11301	-82	-97	10
2015-08-27 20:54:53.658	20301	11301	-82	-97	10	17.85	40.34	2.844
2015-08-27 21:10:54.618	20301	11301	-82	-97	10	17.6	40.28	2.866
2015-08-27 21:23:27.979	20301	11301	-82	-97	10
2015-08-27 21:53:06.234	20301	11301	-82	-97	10	16.86	40.13	2.858
2015-08-27 22:17:18.65	20301	11301	-79	-97	10
2015-08-27 22:18:26.162	20301	11301	-79	-97	10	16.22	40.03	2.866
2015-08-27 22:43:44.386	20301	11301	-82	-79	10	15.57	39.89	2.866
2015-08-27 23:17:17.314	20301	11301	-82	-97	10	15.0	39.83	2.858
2015-08-27 23:48:29.655	20301	11301	-82	-97	10
2015-08-27 23:53:09.714	20301	11301	-79	-97	10	14.5	39.78	2.858
2015-08-28 00:20:42.396	20301	11301	-79	-79	10	14.2	39.71	2.866
2015-08-28 00:43:00.626	20301	11301	-82	-97	10	14.04	39.73	2.866
2015-08-28 01:16:01.886	20301	11301	-79	-97	10
2015-08-28 01:17:24.622	20301	11301	-82	-97	10	13.82	39.71	2.858
2015-08-28 01:19:40.414	20301	11301	-79	-97	10
2015-08-28 01:55:00.446	20301	11301	-79	-97	10	13.65	39.69	2.858
2015-08-28 02:13:22.327	20301	11301	-82	-79	10	13.53	39.71	2.866
2015-08-28 02:45:01.082	20301	11301	-79	-97	10	13.27	39.65	2.858
2015-08-28 02:50:52.159	20301	11301	-79	-97	10
2015-08-28 03:11:38.762	20301	11301	-79	-97	10	13.0	39.62	2.866
2015-08-28 03:39:26.626	20301	11301	-82	-79	10	12.92	39.58	2.858
2015-08-28 04:13:37.818	20301	11301	-82	-97	10	12.77	39.56	2.858
2015-08-28 04:22:00.911	20301	11301	-82	-97	10
2015-08-28 04:38:15.995	20301	11301	-82	-79	10	12.68	39.55	2.858
2015-08-28 05:08:35.222	20301	11301	-82	-79	10
2015-08-28 05:11:42.938	20301	11301	-82	-97	10	12.61	39.54	2.858
2015-08-28 05:43:44.146	20301	11301	-82	-79	10	12.31	39.48	2.858
2015-08-28 05:53:11.01	20301	11301	-82	-79	10
2015-08-28 06:03:45.102	20301	11301	-82	-79	10	12.2	39.47	2.858
2015-08-28 06:36:01.47	20301	11301	-82	-79	10	12.07	39.46	2.858
2015-08-28 07:03:46.702	20301	11301	-82	-82	10	11.93	39.44	2.858
2015-08-28 07:24:20.974	20301	11301	-82	-97	10
2015-08-28 07:51:29.227	20301	11301	-82	-97	10	12.21	39.57	2.858
2015-08-28 08:15:47.726	20301	11301	-82	-97	10	12.58	39.71	2.858
2015-08-28 08:33:50.823	20301	11301	-82	-97	10	13.02	39.82	2.858
2015-08-28 08:55:30.431	20301	11301	-82	-97	10
2015-08-28 09:01:08.122	20301	11301	-82	-97	10
2015-08-28 09:07:52.323	20301	11301	-82	-97	10	14.5	40.24	2.858
2015-08-28 09:47:44.55	20301	11301	-79	-97	10	16.68	40.8	2.851
2015-08-28 10:05:32.45	20301	11301	-79	-79	10	17.75	41.05	2.858
2015-08-28 10:26:41.07	20301	11301	-82	-97	10
2015-08-28 10:40:16.39	20301	11301	-82	-97	10	20.14	41.45	2.851
2015-08-28 11:21:46.266	20301	11301	-79	-97	10	22.54	41.78	2.844
2015-08-28 11:42:00.442	20301	11301	-82	-97	10	23.28	41.92	2.851
2015-08-28 11:57:50.782	20301	11301	-82	-79	10
2015-08-28 12:11:58.534	20301	11301	-79	-97	10	23.84	41.98	2.844
2015-08-28 12:45:36.322	20301	11301	-82	-97	10	26.21	42.51	2.844
2015-08-28 12:53:40.841	20301	11301	-82	-97	10
2015-08-28 13:14:08.782	20301	11301	-82	-97	10	25.52	42.1	2.844
2015-08-28 13:29:00.97	20301	11301	-82	-97	10
2015-08-28 13:44:34.783	20301	11301	-82	-97	10	24.99	41.84	2.844
2015-08-28 14:22:42.414	20301	11301	-82	-97	10	25.19	41.9	2.844
2015-08-28 14:33:15.363	20301	11301	-79	-76	10	25.16	41.86	2.858
2015-08-28 15:00:10.45	20301	11301	-82	-97	10
2015-08-28 15:20:58.667	20301	11301	-82	-79	10	24.6	41.63	2.851
2015-08-28 15:36:41.39	20301	11301	-79	-97	10	25.32	41.81	2.858
2015-08-28 16:24:59.122	20301	11301	-79	-97	10	28.21	42.53	2.851
2015-08-28 16:31:22.966	20301	11301	-79	-97	10
2015-08-28 16:46:13.806	20301	11301	-79	-97	10
2015-08-28 16:53:03.166	20301	11301	-79	-97	10	28.19	42.33	2.844
2015-08-28 17:06:10.307	20301	11301	-79	-97	10	27.27	42.06	2.851
2015-08-28 17:47:12.566	20301	11301	-79	-97	10	25.97	41.68	2.844
2015-08-28 18:02:32.746	20301	11301	-79	-97	10
2015-08-28 18:04:02.946	20301	11301	-79	-97	10	25.63	41.71	2.851
2015-08-28 18:39:02.022	20301	11301	-79	-97	10	24.68	41.47	2.851
2015-08-28 19:04:26.623	20301	11301	-79	-97	10	23.7	41.23	2.851
2015-08-28 19:33:42.107	20301	11301	-79	-79	10
2015-08-28 19:47:23.002	20301	11301	-79	-97	10	21.79	40.79	2.851
2015-08-28 20:20:21.671	20301	11301	-79	-97	10	20.47	40.55	2.851
2015-08-28 20:38:47.318	20301	11301	-82	-97	10
2015-08-28 20:54:47.765	20301	11301	-79	-97	10	19.15	40.38	2.851
2015-08-28 21:04:52.243	20301	11301	-79	-97	10
2015-08-28 21:10:47.646	20301	11301	-79	-97	10	18.67	40.29	2.858
2015-08-28 21:35:37.595	20301	11301	-79	-97	10	18.06	40.23	2.858
2015-08-28 22:14:19.434	20301	11301	-79	-97	10	17.27	40.17	2.851
2015-08-28 22:36:02.658	20301	11301	-79	-97	10
2015-08-28 22:39:23.542	20301	11301	-79	-97	10	17.0	40.11	2.858
2015-08-28 23:14:16.17	20301	11301	-79	-76	10	16.5	40.12	2.858
2015-08-28 23:46:34.194	20301	11301	-79	-97	10	16.15	40.02	2.858
2015-08-29 00:07:13.278	20301	11301	-79	-97	10
2015-08-29 00:13:19.754	20301	11301	-79	-97	10	15.78	39.98	2.858
2015-08-29 00:31:20.41	20301	11301	-79	-97	10
2015-08-29 00:42:27.147	20301	11301	-79	-97	10	15.36	39.94	2.858
2015-08-29 01:24:31.935	20301	11301	-79	-97	10	15.0	39.87	2.851
2015-08-29 01:38:22.791	20301	11301	-79	-97	10
2015-08-29 01:45:08.991	20301	11301	-79	-97	10	14.67	39.8	2.858
2015-08-29 02:14:06.542	20301	11301	-79	-97	10	14.25	39.75	2.844
2015-08-29 02:45:24.659	20301	11301	-79	-97	10	13.86	39.68	2.858
2015-08-29 03:09:32.435	20301	11301	-79	-97	10
2015-08-29 03:10:22.466	20301	11301	-79	-97	10	13.65	39.66	2.858
2015-08-29 03:43:06.382	20301	11301	-79	-97	10	13.35	39.62	2.858
2015-08-29 04:04:15.762	20301	11301	-79	-97	10	13.17	39.6	2.858
2015-08-29 04:23:53.63	20301	11301	-79	-97	10
2015-08-29 04:35:52.911	20301	11301	-79	-97	10	13.0	39.55	2.858
2015-08-29 04:40:43.595	20301	11301	-79	-97	10
2015-08-29 05:21:43.107	20301	11301	-79	-97	10	12.78	39.53	2.851
2015-08-29 05:35:56.099	20301	11301	-79	-97	10	12.68	39.52	2.858
2015-08-29 06:11:52.759	20301	11301	-79	-97	10
2015-08-29 06:18:18.403	20301	11301	-79	-97	10	12.33	39.48	2.851
2015-08-29 06:41:45.679	20301	11301	-79	-97	10	12.17	39.46	2.858
2015-08-29 07:15:52.487	20301	11301	-82	-97	10	12.17	39.46	2.851
2015-08-29 07:43:04.39	20301	11301	-79	-97	10
2015-08-29 07:43:26.67	20301	11301	-79	-97	10	12.46	39.59	2.851
2015-08-29 08:02:39.171	20301	11301	-79	-97	10	12.68	39.72	2.858
2015-08-29 08:16:26.107	20301	11301	-79	-97	10
2015-08-29 08:54:42.186	20301	11301	-79	-97	10	14.22	40.11	2.851
2015-08-29 09:14:12.442	20301	11301	-79	-76	10
2015-08-29 09:19:09.323	20301	11301	-79	-97	10	15.52	40.48	2.851
2015-08-29 09:40:51.647	20301	11301	-79	-97	10	16.79	40.82	2.851
2015-08-29 10:21:48.843	20301	11301	-79	-97	10	19.88	41.35	2.844
2015-08-29 10:45:22.963	20301	11301	-79	-97	10
2015-08-29 10:48:28.694	20301	11301	-79	-97	10	21.85	41.87	2.844
2015-08-29 11:08:23.799	20301	11301	-79	-97	10	23.5	42.05	2.844
2015-08-29 11:41:50.779	20301	11301	-82	-97	10	25.19	42.3	2.844
2015-08-29 12:08:59.999	20301	11301	-82	-79	10
2015-08-29 12:13:25.392	20301	11301	-82	-97	10	26.55	42.55	2.837
2015-08-29 12:16:32.85	20301	11301	-82	-97	10
2015-08-29 12:38:35.152	20301	11301	-82	-97	10	27.83	42.69	2.837
2015-08-29 13:11:05.73	20301	11301	-82	-97	10	29.18	42.81	2.837
2015-08-29 13:47:43.954	20301	11301	-82	-97	10
2015-08-29 13:48:56.714	20301	11301	-79	-97	10	28.83	42.46	2.837
2015-08-29 14:07:53.726	20301	11301	-82	-97	10	29.19	42.5	2.837
2015-08-29 14:50:39.031	20301	11301	-82	-97	10	29.55	42.61	2.837
2015-08-29 15:12:33.978	20301	11301	-82	-97	10	29.55	42.54	2.844
2015-08-29 15:18:53.838	20301	11301	-82	-97	10
2015-08-29 15:53:49.331	20301	11301	-82	-97	10	29.27	42.41	2.844
2015-08-29 16:01:33.947	20301	11301	-79	-97	10
2015-08-29 16:11:03.902	20301	11301	-82	-97	10	29.0	42.41	2.844
2015-08-29 16:45:41.031	20301	11301	-79	-97	10	28.13	42.15	2.844
2015-08-29 16:50:03.43	20301	11301	-79	-97	10
2015-08-29 17:18:09.679	20301	11301	-82	-97	10	27.9	42.16	2.844
2015-08-29 17:46:10.198	20301	11301	-79	-97	10	28.1	42.25	2.844
2015-08-29 18:13:28.738	20301	11301	-79	-97	10	27.83	42.18	2.844
2015-08-29 18:21:14.198	20301	11301	-79	-97	10
2015-08-29 18:52:20.715	20301	11301	-79	-97	10	26.82	41.87	2.844
2015-08-29 19:02:44.21	20301	11301	-82	-97	10	26.38	41.72	2.858
2015-08-29 19:40:59.426	20301	11301	-82	-97	10	24.74	41.34	2.844
2015-08-29 19:52:23.395	20301	11301	-82	-97	10
2015-08-29 19:54:07.131	20301	11301	-79	-97	10
2015-08-29 20:06:37.527	20301	11301	-79	-97	10	23.68	41.1	2.851
2015-08-29 20:34:24.526	20301	11301	-82	-97	10	22.79	41.0	2.851
2015-08-29 21:21:00.546	20301	11301	-82	-97	10	22.11	40.99	2.844
2015-08-29 21:23:34.151	20301	11301	-79	-97	10
2015-08-29 21:51:10.119	20301	11301	-82	-97	10	21.83	41.03	2.851
2015-08-29 22:18:50.415	20301	11301	-82	-97	10	21.72	41.02	2.851
2015-08-29 22:46:05.366	20301	11301	-79	-97	10	21.27	40.9	2.851
2015-08-29 22:54:44.082	20301	11301	-82	-97	10
2015-08-29 23:18:03.05	20301	11301	-79	-97	10	20.81	40.82	2.851
2015-08-29 23:46:39.886	20301	11301	-79	-97	10
2015-08-29 23:50:55.895	20301	11301	-79	-97	10	20.52	40.82	2.851
2015-08-30 00:10:58.699	20301	11301	-82	-97	10	20.42	40.81	2.851
2015-08-30 00:25:54.231	20301	11301	-79	-76	10
2015-08-30 00:39:01.286	20301	11301	-79	-97	10	20.07	40.77	2.851
2015-08-30 01:10:13.547	20301	11301	-82	-79	10	19.86	40.75	2.851
2015-08-30 01:36:31.598	20301	11301	-79	-97	10	19.82	40.75	2.851
2015-08-30 01:57:05.531	20301	11301	-79	-97	10
2015-08-30 02:06:02.262	20301	11301	-82	-97	10	19.97	40.83	2.851
2015-08-30 02:41:07.367	20301	11301	-79	-97	10	19.99	40.83	2.851
2015-08-30 03:03:36.99	20301	11301	-79	-97	10	19.92	40.82	2.851
2015-08-30 03:28:14.666	20301	11301	-82	-79	10
2015-08-30 03:39:12.451	20301	11301	-82	-97	10
2015-08-30 03:51:20.487	20301	11301	-79	-97	10	19.88	40.82	2.844
2015-08-30 04:15:30.586	20301	11301	-82	-97	10	19.54	40.72	2.851
2015-08-30 04:50:36.967	20301	11301	-82	-97	10	19.07	40.6	2.844
2015-08-30 04:59:28.106	20301	11301	-82	-97	10
2015-08-30 05:19:08.923	20301	11301	-82	-97	10	18.93	40.58	2.851
2015-08-30 05:47:12.407	20301	11301	-82	-97	10	19.4	40.77	2.851
2015-08-30 06:14:17.53	20301	11301	-91	-97	10	18.96	40.59	2.851
2015-08-30 06:30:35.31	20301	11301	-88	-97	10
2015-08-30 06:43:51.971	20301	11301	-88	-97	10	18.79	40.54	2.851
2015-08-30 07:07:21.187	20301	11301	-88	-97	10	18.68	40.56	2.851
2015-08-30 07:31:47.147	20301	11301	-88	-97	10
2015-08-30 07:41:57.266	20301	11301	-88	-97	10	18.68	40.59	2.851
2015-08-30 08:01:44.214	20301	11301	-88	-97	10
2015-08-30 08:05:02.938	20301	11301	-88	-82	10	18.78	40.63	2.837
2015-08-30 08:36:06.035	20301	11301	-85	-97	10	19.04	40.73	2.851
2015-08-30 09:10:04.327	20301	11301	-88	-97	10	19.53	40.85	2.844
2015-08-30 09:32:55.026	20301	11301	-85	-97	10
2015-08-30 09:40:28.491	20301	11301	-85	-82	10	20.07	40.97	2.844
2015-08-30 10:07:30.843	20301	11301	-82	-97	10	20.65	41.17	2.844
2015-08-30 10:38:54.313	20301	11301	-85	-97	10	20.79	41.18	2.844
2015-08-30 11:04:07.946	20301	11301	-85	-97	10
2015-08-30 11:21:32.59	20301	11301	-97	-97	10	22.44	41.63	2.837
2015-08-30 11:24:18.675	20301	11301	-82	-97	10
2015-08-30 11:46:11.93	20301	11301	-82	-97	10	23.49	41.98	2.837
2015-08-30 12:11:09.899	20301	11301	-82	-97	10	24.66	42.21	2.844
2015-08-30 12:35:16.154	20301	11301	-82	-97	10
2015-08-30 12:39:00.347	20301	11301	-82	-97	10	25.93	42.45	2.837
2015-08-30 13:06:07.286	20301	11301	-82	-97	10	26.97	42.63	2.844
2015-08-30 13:42:26.446	20301	11301	-82	-97	10	28.21	42.73	2.837
2015-08-30 14:06:25.178	20301	11301	-82	-97	10
2015-08-30 14:24:02.378	20301	11301	-82	-97	10	28.8	42.66	2.837
2015-08-30 14:38:18.89	20301	11301	-82	-97	10	28.76	42.66	2.844
2015-08-30 15:11:58.306	20301	11301	-82	-97	10	29.66	42.83	2.837
2015-08-30 15:16:50.186	20301	11301	-82	-97	10
2015-08-30 15:37:34.746	20301	11301	-82	-97	10
2015-08-30 15:41:09.846	20301	11301	-82	-97	10	29.97	42.76	2.83
2015-08-30 16:09:06.871	20301	11301	-82	-97	10	30.02	42.73	2.844
2015-08-30 16:40:07.586	20301	11301	-82	-79	10	29.69	42.63	2.837
2015-08-30 17:05:25.231	20301	11301	-82	-97	10	29.57	42.58	2.844
2015-08-30 17:08:46.142	20301	11301	-82	-97	10
2015-08-30 17:50:11.431	20301	11301	-82	-97	10	28.69	42.35	2.837
2015-08-30 18:20:32.215	20301	11301	-82	-97	10	28.27	42.23	2.844
2015-08-30 18:39:56.05	20301	11301	-82	-97	10
2015-08-30 18:50:38.514	20301	11301	-79	-97	10	27.72	42.11	2.844
2015-08-30 19:05:29.234	20301	11301	-82	-97	10	27.32	41.99	2.851
2015-08-30 19:09:24.418	20301	11301	-82	-97	10
2015-08-30 19:49:45.49	20301	11301	-82	-97	10	25.76	41.59	2.844
2015-08-30 20:03:21.61	20301	11301	-79	-97	10	25.29	41.5	2.851
2015-08-30 20:11:05.782	20301	11301	-82	-97	10
2015-08-30 20:47:43.61	20301	11301	-82	-97	10	24.61	41.47	2.844
2015-08-30 21:23:40.207	20301	11301	-82	-97	10	23.63	41.29	2.844
2015-08-30 21:41:50.122	20301	11301	-79	-97	10	23.1	41.17	2.851
2015-08-30 21:42:15.478	20301	11301	-82	-97	10
2015-08-30 22:04:52.895	20301	11301	-79	-97	10	22.43	41.06	2.851
2015-08-30 22:33:53.479	20301	11301	-79	-97	10	21.88	40.97	2.844
2015-08-30 23:01:57.403	20301	11301	-79	-97	10
2015-08-30 23:13:25.675	20301	11301	-79	-97	10
2015-08-30 23:15:36.254	20301	11301	-79	-97	10	21.83	41.1	2.844
2015-08-30 23:44:44.022	20301	11301	-82	-97	10	21.58	41.07	2.851
2015-08-31 00:04:08.939	20301	11301	-82	-97	10	21.29	41.01	2.851
2015-08-31 00:40:31.123	20301	11301	-79	-97	10	20.86	40.93	2.844
2015-08-31 00:44:36.003	20301	11301	-82	-97	10
2015-08-31 01:18:48.139	20301	11301	-82	-97	10	20.43	40.88	2.844
2015-08-31 01:32:31.386	20301	11301	-79	-97	10	20.38	40.87	2.851
2015-08-31 02:15:46.635	20301	11301	-82	-97	10
2015-08-31 02:21:36.714	20301	11301	-79	-97	10	20.21	40.92	2.837
2015-08-31 02:53:16.854	20301	11301	-79	-97	10	19.95	40.83	2.844
2015-08-31 02:54:30.275	20301	11301	-82	-97	10
2015-08-31 03:19:13.914	20301	11301	-82	-97	10	19.82	40.81	2.851
2015-08-31 03:33:50.734	20301	11301	-82	-97	10	19.75	40.84	2.851
2015-08-31 03:46:58.474	20301	11301	-82	-97	10
2015-08-31 04:18:33.358	20301	11301	-82	-97	10	19.74	40.87	2.844
2015-08-31 04:34:22.327	20301	11301	-82	-97	10	19.52	40.78	2.851
2015-08-31 05:18:06.511	20301	11301	-82	-97	10
2015-08-31 05:21:36.35	20301	11301	-82	-97	10	19.25	40.72	2.844
2015-08-31 05:34:31.018	20301	11301	-82	-97	10	19.17	40.74	2.851
2015-08-31 06:02:58.727	20301	11301	-82	-97	10	19.06	40.73	2.851
2015-08-31 06:47:03.111	20301	11301	-82	-97	10
2015-08-31 06:49:16.435	20301	11301	-82	-97	10
2015-08-31 06:51:23.814	20301	11301	-82	-97	10	18.86	40.71	2.837
2015-08-31 07:10:38.858	20301	11301	-82	-97	10	18.74	40.7	2.851
2015-08-31 07:32:33.986	20301	11301	-79	-97	10	18.77	40.7	2.851
2015-08-31 08:04:43.098	20301	11301	-82	-97	10	19.2	40.88	2.844
2015-08-31 08:20:27.563	20301	11301	-82	-97	10
2015-08-31 08:35:47.411	20301	11301	-82	-97	10	20.07	41.11	2.844
2015-08-31 09:23:55.438	20301	11301	-82	-97	10	21.02	41.28	2.837
2015-08-31 09:33:07.35	20301	11301	-79	-97	10	21.11	41.29	2.851
2015-08-31 09:51:36.638	20301	11301	-82	-97	10
2015-08-31 10:21:46.043	20301	11301	-82	-97	10	22.97	41.72	2.837
2015-08-31 10:39:37.043	20301	11301	-82	-97	10
2015-08-31 10:48:28.99	20301	11301	-82	-97	10	24.6	42.17	2.837
2015-08-31 11:17:55.723	20301	11301	-82	-97	10	26.47	42.47	2.837
2015-08-31 11:22:46.658	20301	11301	-82	-97	10
2015-08-31 11:33:56.011	20301	11301	-82	-97	10	26.97	42.6	2.844
2015-08-31 12:21:18.987	20301	11301	-82	-97	10	28.94	42.92	2.837
2015-08-31 12:41:43.91	20301	11301	-82	-97	10	29.94	43.06	2.837
2015-08-31 12:53:58.179	20301	11301	-82	-97	10
2015-08-31 13:18:52.271	20301	11301	-79	-97	10	29.58	42.65	2.837
2015-08-31 13:41:58.366	20301	11301	-82	-97	10	30.41	42.91	2.837
2015-08-31 14:23:14.166	20301	11301	-82	-97	10	31.86	43.2	2.83
2015-08-31 14:25:07.798	20301	11301	-82	-97	10
2015-08-31 14:32:09.366	20301	11301	-82	-97	10
2015-08-31 14:42:16.506	20301	11301	-82	-97	10	32.0	43.22	2.837
2015-08-31 15:07:58.734	20301	11301	-82	-97	10	31.76	42.99	2.837
2015-08-31 15:33:52.054	20301	11301	-82	-97	10	32.8	43.1	2.837
2015-08-31 15:56:16.766	20301	11301	-82	-97	10
2015-08-31 16:07:39.727	20301	11301	-82	-82	10	33.02	43.16	2.837
2015-08-31 16:49:36.942	20301	11301	-82	-97	10	32.55	42.9	2.837
2015-08-31 17:17:39.127	20301	11301	-79	-97	10	30.94	42.56	2.844
2015-08-31 17:27:29.602	20301	11301	-82	-97	10
2015-08-31 17:52:52.078	20301	11301	-79	-97	10	30.13	42.47	2.837
2015-08-31 18:11:46.132	20301	11301	-82	-97	10	29.8	42.4	2.844
2015-08-31 18:24:42.378	20301	11301	-79	-97	10
2015-08-31 18:42:57.046	20301	11301	-82	-97	10	28.83	42.19	2.844
2015-08-31 18:58:37.786	20301	11301	-79	-97	10
2015-08-31 19:09:52.382	20301	11301	-79	-97	10	27.86	41.99	2.844
2015-08-31 19:41:20.278	20301	11301	-79	-97	10	26.58	41.68	2.844
2015-08-31 20:05:52.91	20301	11301	-79	-97	10	25.61	41.51	2.844
2015-08-31 20:29:48.21	20301	11301	-79	-97	10
2015-08-31 20:34:04.747	20301	11301	-79	-97	10	24.77	41.35	2.844
2015-08-31 21:20:49.895	20301	11301	-79	-97	10	23.5	41.21	2.837
2015-08-31 21:32:26.207	20301	11301	-79	-97	10	23.29	41.16	2.851
2015-08-31 22:00:58.043	20301	11301	-79	-97	10
2015-08-31 22:14:23.93	20301	11301	-79	-97	10	22.52	41.14	2.844
2015-08-31 22:17:16.722	20301	11301	-79	-79	10
2015-08-31 22:52:01.862	20301	11301	-79	-97	10	21.92	41.07	2.844
2015-08-31 23:24:35.707	20301	11301	-79	-97	10	21.46	41.02	2.844
2015-08-31 23:32:08.439	20301	11301	-79	-97	10
2015-08-31 23:41:15.279	20301	11301	-79	-97	10	21.27	40.97	2.851
2015-09-01 00:14:57.978	20301	11301	-79	-97	10	20.99	40.94	2.844
2015-09-01 00:53:42.027	20301	11301	-79	-97	10	20.86	40.96	2.837
2015-09-01 01:03:17.879	20301	11301	-79	-97	10
2015-09-01 01:23:44.51	20301	11301	-79	-79	10	20.67	40.9	2.844
2015-09-01 01:47:29.295	20301	11301	-79	-97	10	20.6	40.93	2.851
2015-09-01 02:05:24.522	20301	11301	-79	-97	10	20.5	40.89	2.851
2015-09-01 02:09:50.382	20301	11301	-79	-97	10
2015-09-01 02:34:28.983	20301	11301	-79	-97	10
2015-09-01 02:47:49.143	20301	11301	-79	-97	10	19.97	40.83	2.844
2015-09-01 03:06:19.018	20301	11301	-79	-97	10	19.74	40.8	2.851
2015-09-01 03:47:39.775	20301	11301	-79	-97	10	19.39	40.73	2.844
2015-09-01 04:05:40.474	20301	11301	-79	-97	10
2015-09-01 04:07:55.315	20301	11301	-79	-97	10	19.22	40.75	2.851
2015-09-01 04:42:55.599	20301	11301	-79	-97	10	18.99	40.69	2.844
2015-09-01 05:02:39.391	20301	11301	-79	-97	10	18.99	40.72	2.844
2015-09-01 05:36:47.911	20301	11301	-79	-97	10
2015-09-01 05:53:45.286	20301	11301	-82	-97	10	18.82	40.71	2.844
2015-09-01 06:02:21.806	20301	11301	-79	-97	10
2015-09-01 06:03:46.967	20301	11301	-79	-97	10	18.75	40.7	2.851
2015-09-01 06:32:47.403	20301	11301	-79	-97	10	18.64	40.69	2.844
2015-09-01 07:06:55.555	20301	11301	-79	-97	10	18.54	40.68	2.844
2015-09-01 07:07:59.75	20301	11301	-79	-97	10
2015-09-01 07:42:05.759	20301	11301	-82	-97	10	18.64	40.72	2.844
2015-09-01 08:17:25.747	20301	11301	-82	-97	10	19.32	40.96	2.844
2015-09-01 08:39:08.983	20301	11301	-82	-97	10
2015-09-01 08:42:37.214	20301	11301	-79	-97	10	19.97	41.16	2.844
2015-09-01 09:10:33.031	20301	11301	-79	-97	10	20.96	41.4	2.844
2015-09-01 09:51:03.355	20301	11301	-82	-97	10	22.89	41.88	2.837
2015-09-01 09:54:54.05	20301	11301	-82	-97	10
2015-09-01 10:10:20.383	20301	11301	-82	-97	10
2015-09-01 10:18:58.762	20301	11301	-79	-97	10	24.55	42.2	2.837
2015-09-01 10:51:35.822	20301	11301	-79	-97	10	26.22	42.51	2.83
2015-09-01 11:06:08.154	20301	11301	-82	-97	10	26.97	42.6	2.844
2015-09-01 11:41:31.014	20301	11301	-82	-76	10
2015-09-01 11:45:40.786	20301	11301	-79	-79	10	28.19	42.73	2.837
2015-09-01 12:20:56.31	20301	11301	-82	-97	10	29.88	43.12	2.83
2015-09-01 12:34:23.302	20301	11301	-79	-97	10	29.96	43.06	2.844
2015-09-01 13:12:39.01	20301	11301	-82	-97	10
2015-09-01 13:16:11.634	20301	11301	-82	-97	10	29.63	42.62	2.837
2015-09-01 13:40:21.626	20301	11301	-82	-97	10	30.74	42.98	2.837
2015-09-01 13:47:27.578	20301	11301	-82	-97	10
2015-09-01 14:04:51.118	20301	11301	-82	-97	10	32.27	43.39	2.837
2015-09-01 14:35:51.014	20301	11301	-82	-97	10	32.3	43.25	2.837
2015-09-01 14:43:49.327	20301	11301	-82	-97	10
2015-09-01 15:10:31.59	20301	11301	-82	-97	10	33.52	43.42	2.83
2015-09-01 15:48:47.098	20301	11301	-82	-97	10	33.55	43.25	2.837
2015-09-01 16:14:30.299	20301	11301	-82	-97	10	33.91	43.33	2.83
2015-09-01 16:15:00.051	20301	11301	-82	-97	10
2015-09-01 16:36:01.73	20301	11301	-82	-97	10	33.3	43.12	2.837
2015-09-01 17:16:42.859	20301	11301	-82	-97	10	31.51	42.76	2.837
2015-09-01 17:40:00.362	20301	11301	-82	-97	10
2015-09-01 17:46:11.622	20301	11301	-79	-79	10
2015-09-01 17:52:33.106	20301	11301	-82	-97	10	30.61	42.62	2.837
2015-09-01 18:03:00.066	20301	11301	-82	-97	10	30.16	42.51	2.851
2015-09-01 18:53:57.131	20301	11301	-82	-97	10	28.47	42.15	2.837
2015-09-01 19:07:27.127	20301	11301	-79	-97	10	27.97	42.03	2.851
2015-09-01 19:17:22.106	20301	11301	-79	-97	10
2015-09-01 19:40:35.691	20301	11301	-79	-97	10	26.83	41.81	2.837
2015-09-01 20:05:59.131	20301	11301	-79	-97	10	25.93	41.61	2.844
2015-09-01 20:43:54.804	20301	11301	-76	-97	10	24.83	41.49	2.844
2015-09-01 20:48:29.799	20301	11301	-79	-97	10
2015-09-01 21:11:02.898	20301	11301	-79	-97	10	24.4	41.44	2.844
2015-09-01 21:32:33.343	20301	11301	-79	-97	10
2015-09-01 21:40:07.731	20301	11301	-79	-97	10	23.9	41.42	2.844
2015-09-01 22:14:06.435	20301	11301	-79	-97	10	23.61	41.42	2.837
2015-09-01 22:19:39.899	20301	11301	-79	-97	10
2015-09-01 22:53:14.458	20301	11301	-79	-97	10	23.29	41.39	2.837
2015-09-01 23:13:46.891	20301	11301	-79	-97	10	23.36	41.46	2.851
2015-09-01 23:39:44.083	20301	11301	-79	-97	10	23.26	41.45	2.844
2015-09-01 23:50:51.363	20301	11301	-79	-97	10
2015-09-02 00:17:14.093	20301	11301	-79	-97	10	22.76	41.26	2.837
2015-09-02 00:50:10.363	20301	11301	-79	-97	10	22.34	41.22	2.844
2015-09-02 01:19:32.591	20301	11301	-79	-97	10	21.82	41.16	2.844
2015-09-02 01:21:59.718	20301	11301	-79	-97	10
2015-09-02 01:25:06.499	20301	11301	-79	-97	10
2015-09-02 01:37:03.15	20301	11301	-79	-97	10	21.54	41.1	2.851
2015-09-02 02:18:29.943	20301	11301	-79	-97	10	21.22	41.1	2.837
2015-09-02 02:53:01.634	20301	11301	-79	-97	10	20.97	41.07	2.844
2015-09-02 02:53:10.154	20301	11301	-79	-97	10
2015-09-02 03:20:20.734	20301	11301	-79	-97	10	20.53	41.02	2.844
2015-09-02 03:37:24.591	20301	11301	-79	-76	10	20.38	40.97	2.851
2015-09-02 04:10:39.426	20301	11301	-79	-97	10	20.14	40.92	2.844
2015-09-02 04:10:43.538	20301	11301	-79	-97	10	20.14	40.92	2.844
2015-09-02 04:24:22.631	20301	11301	-79	-97	10
2015-09-02 04:35:21.347	20301	11301	-82	-97	10	19.97	40.9	2.844
2015-09-02 05:02:52.287	20301	11301	-79	-76	10	19.88	40.89	2.844
2015-09-02 05:17:40.427	20301	11301	-79	-97	10
2015-09-02 05:35:31.207	20301	11301	-79	-97	10	19.53	40.88	2.837
2015-09-02 05:55:30.986	20301	11301	-79	-97	10
2015-09-02 06:14:34.987	20301	11301	-79	-97	10	19.39	40.83	2.837
2015-09-02 06:51:14.718	20301	11301	-79	-97	10	19.2	40.81	2.844
2015-09-02 07:10:28.683	20301	11301	-79	-97	10	19.2	40.85	2.844
2015-09-02 07:26:41.015	20301	11301	-79	-97	10
2015-09-02 07:35:42.874	20301	11301	-79	-97	10	19.24	40.88	2.844
2015-09-02 08:23:04.259	20301	11301	-79	-97	10	19.93	41.09	2.837
2015-09-02 08:50:48.359	20301	11301	-79	-97	10	20.96	41.4	2.844
2015-09-02 08:57:51.13	20301	11301	-79	-97	10
2015-09-02 09:07:35.951	20301	11301	-79	-97	10	21.67	41.58	2.844
2015-09-02 09:10:12.803	20301	11301	-79	-97	10
2015-09-02 09:49:35.194	20301	11301	-82	-97	10	23.86	42.12	2.83
2015-09-02 10:03:07.426	20301	11301	-82	-79	10	24.52	42.26	2.844
2015-09-02 10:29:00.895	20301	11301	-79	-97	10
2015-09-02 10:33:30.258	20301	11301	-82	-97	10	26.13	42.54	2.837
2015-09-02 11:12:25.375	20301	11301	-82	-97	10	27.35	42.67	2.83
2015-09-02 11:45:30.239	20301	11301	-82	-97	10	28.88	42.98	2.83
2015-09-02 12:00:11.553	20301	11301	-82	-97	10
2015-09-02 12:17:24.119	20301	11301	-82	-97	10	30.04	43.17	2.83
2015-09-02 12:53:56.623	20301	11301	-82	-97	10	30.41	42.91	2.83
2015-09-02 13:02:45.895	20301	11301	-79	-97	10
2015-09-02 13:21:24.384	20301	11301	-79	-97	10	28.61	42.37	2.837
2015-09-02 13:31:21.227	20301	11301	-82	-97	10
2015-09-02 13:40:19.234	20301	11301	-79	-97	10	29.57	42.71	2.837
2015-09-02 14:02:57.982	20301	11301	-82	-97	10	30.8	43.15	2.837
2015-09-02 14:44:02.418	20301	11301	-79	-97	10	32.44	43.4	2.83
2015-09-02 15:02:31.418	20301	11301	-82	-97	10
2015-09-02 15:16:53.679	20301	11301	-82	-97	10	31.49	42.99	2.83
2015-09-02 15:44:35.787	20301	11301	-82	-97	10	32.44	43.2	2.83
2015-09-02 16:21:31.279	20301	11301	-79	-97	10	31.76	42.92	2.83
2015-09-02 16:33:03.774	20301	11301	-82	-97	10	31.72	43.02	2.837
2015-09-02 16:33:42.223	20301	11301	-82	-97	10
2015-09-02 16:55:19.138	20301	11301	-82	-97	10
2015-09-02 17:03:27.19	20301	11301	-82	-97	10	31.97	43.08	2.837
2015-09-02 17:33:27.171	20301	11301	-82	-97	10	31.4	42.95	2.837
2015-09-02 18:04:51.818	20301	11301	-82	-97	10
2015-09-02 18:19:36.879	20301	11301	-82	-97	10	29.94	42.58	2.83
2015-09-02 18:48:27.882	20301	11301	-82	-97	10	29.33	42.45	2.83
2015-09-02 19:11:06.49	20301	11301	-79	-97	10	28.83	42.4	2.837
2015-09-02 19:36:02.139	20301	11301	-79	-97	10
2015-09-02 19:53:38.755	20301	11301	-79	-97	10	27.13	41.94	2.837
2015-09-02 20:16:42.89	20301	11301	-82	-97	10	26.04	41.69	2.844
2015-09-02 20:47:51.838	20301	11301	-82	-97	10
2015-09-02 20:50:00.258	20301	11301	-79	-97	10	24.83	41.52	2.837
2015-09-02 21:07:12.047	20301	11301	-82	-97	10
2015-09-02 21:08:59.787	20301	11301	-79	-97	10	24.69	41.61	2.844
2015-09-02 21:46:15.886	20301	11301	-79	-97	10	24.66	41.74	2.837
2015-09-02 22:17:21.758	20301	11301	-79	-97	10	24.17	41.62	2.837
2015-09-02 22:38:23.139	20301	11301	-79	-97	10
2015-09-02 22:40:12.711	20301	11301	-79	-97	10	23.88	41.59	2.844
2015-09-02 23:14:08.078	20301	11301	-79	-97	10	23.42	41.47	2.837
2015-09-02 23:34:43.342	20301	11301	-79	-97	10	23.14	41.44	2.844
2015-09-03 00:07:04.334	20301	11301	-79	-97	10	22.74	41.36	2.837
2015-09-03 00:09:32.11	20301	11301	-82	-97	10
2015-09-03 00:37:44.326	20301	11301	-79	-97	10	22.21	41.27	2.837
2015-09-03 00:40:24.763	20301	11301	-79	-97	10
2015-09-03 01:13:54.102	20301	11301	-79	-76	10	21.64	41.18	2.837
2015-09-03 01:40:42.627	20301	11301	-79	-97	10
2015-09-03 01:53:21.579	20301	11301	-79	-97	10	21.29	41.17	2.837
2015-09-03 02:07:12.29	20301	11301	-82	-97	10	21.21	41.16	2.844
2015-09-03 02:33:25.447	20301	11301	-82	-97	10	21.22	41.23	2.844
2015-09-03 03:11:52.218	20301	11301	-79	-97	10
2015-09-03 03:22:57.518	20301	11301	-79	-79	10	20.77	41.12	2.837
2015-09-03 03:33:53.495	20301	11301	-79	-97	10	20.61	41.1	2.844
2015-09-03 04:03:33.88	20301	11301	-79	-97	10	20.83	41.19	2.837
2015-09-03 04:32:57.922	20301	11301	-82	-97	10
2015-09-03 04:34:45.69	20301	11301	-79	-97	10	20.94	41.23	2.837
2015-09-03 04:43:02.711	20301	11301	-79	-97	10
2015-09-03 05:23:20.682	20301	11301	-82	-97	10	20.21	40.99	2.837
2015-09-03 05:34:17.106	20301	11301	-79	-97	10	20.07	40.97	2.851
2015-09-03 06:14:12.639	20301	11301	-79	-97	10
2015-09-03 06:14:16.263	20301	11301	-79	-97	10	19.64	40.93	2.837
2015-09-03 06:36:34.058	20301	11301	-82	-97	10	19.47	40.91	2.844
2015-09-03 07:21:13.59	20301	11301	-79	-97	10	19.29	40.92	2.837
2015-09-03 07:37:00.37	20301	11301	-79	-97	10	19.33	40.96	2.844
2015-09-03 07:45:23.054	20301	11301	-79	-97	10
2015-09-03 08:13:58.322	20301	11301	-79	-97	10	20.11	41.24	2.837
2015-09-03 08:25:30.902	20301	11301	-79	-97	10
2015-09-03 08:41:01.527	20301	11301	-82	-97	10	21.08	41.55	2.837
2015-09-03 09:05:11.711	20301	11301	-79	-97	10	21.92	41.74	2.837
2015-09-03 09:16:34.45	20301	11301	-79	-79	10
2015-09-03 09:52:23.535	20301	11301	-79	-97	10	23.49	42.05	2.83
2015-09-03 10:18:15.202	20301	11301	-79	-97	10	24.49	42.26	2.837
2015-09-03 10:46:46.762	20301	11301	-82	-97	10	25.86	42.54	2.837
2015-09-03 10:47:43.626	20301	11301	-79	-97	10
2015-09-03 11:05:41.955	20301	11301	-82	-97	10	26.44	42.61	2.83
2015-09-03 11:38:05.866	20301	11301	-82	-97	10	27.19	42.69	2.83
2015-09-03 12:14:59.599	20301	11301	-82	-97	10	28.4	42.89	2.83
2015-09-03 12:18:03.995	20301	11301	-82	-97	10
2015-09-03 12:18:53.647	20301	11301	-82	-97	10
2015-09-03 12:35:22.351	20301	11301	-82	-97	10	29.22	43.05	2.837
2015-09-03 13:08:14.619	20301	11301	-82	-97	10	30.16	43.12	2.83
2015-09-03 13:49:25.419	20301	11301	-82	-97	10	30.63	43.2	2.83
2015-09-03 13:50:03.947	20301	11301	-82	-97	10
2015-09-03 14:23:35.302	20301	11301	-82	-97	10	31.83	43.37	2.83
2015-09-03 14:36:14.991	20301	11301	-82	-97	10	32.36	43.46	2.837
2015-09-03 15:20:08.15	20301	11301	-79	-97	10	33.71	43.61	2.83
2015-09-03 15:21:14.047	20301	11301	-82	-97	10
2015-09-03 15:41:01.026	20301	11301	-82	-97	10	34.33	43.72	2.83
2015-09-03 16:10:37.89	20301	11301	-82	-97	10
2015-09-03 16:22:28.866	20301	11301	-82	-97	10	31.16	42.72	2.83
2015-09-03 16:42:39.206	20301	11301	-82	-97	10	30.69	42.7	2.837
2015-09-03 16:52:23.53	20301	11301	-79	-97	10
2015-09-03 17:12:45.622	20301	11301	-82	-97	10	30.47	42.78	2.83
2015-09-03 17:34:01.426	20301	11301	-79	-97	10	29.29	42.45	2.83
2015-09-03 18:23:33.414	20301	11301	-79	-97	10
2015-09-03 18:24:09.958	20301	11301	-79	-97	10	27.74	42.21	2.83
2015-09-03 18:48:52.93	20301	11301	-79	-97	10	27.16	42.08	2.837
2015-09-03 19:08:16.302	20301	11301	-79	-97	10	26.66	42.02	2.837
2015-09-03 19:39:35.67	20301	11301	-79	-97	10	25.86	41.87	2.837
2015-09-03 19:54:44.135	20301	11301	-79	-97	10
2015-09-03 20:03:11.867	20301	11301	-79	-97	10
2015-09-03 20:22:15.126	20301	11301	-79	-97	10	25.36	41.85	2.83
2015-09-03 20:54:20.051	20301	11301	-79	-97	10	24.91	41.77	2.83
2015-09-03 21:05:13.662	20301	11301	-79	-97	10	24.66	41.74	2.844
2015-09-03 21:25:55.339	20301	11301	-82	-97	10
2015-09-03 21:44:42.574	20301	11301	-79	-97	10	23.82	41.58	2.83
2015-09-03 22:12:35.078	20301	11301	-79	-97	10	23.36	41.5	2.837
2015-09-03 22:34:32.603	20301	11301	-97	-97	10	22.99	41.42	2.837
2015-09-04 15:25:56.358	20301	11301	-82	-97	10
2015-09-04 15:39:56.994	20301	11301	-82	-79	10
2015-09-04 16:21:03.871	20301	11301	-82	-97	10	33.13	43.31	2.83
2015-09-04 16:48:46.831	20301	11301	-82	-97	10	32.6	43.15	2.83
2015-09-04 17:03:07.25	20301	11301	-82	-97	10	32.41	43.16	2.837
2015-09-04 17:11:05.227	20301	11301	-82	-97	10
2015-09-04 17:40:55.054	20301	11301	-82	-97	10	31.41	43.05	2.83
2015-09-04 18:24:12.502	20301	11301	-82	-97	10	29.16	42.5	2.83
2015-09-04 18:42:16.299	20301	11301	-82	-97	10
2015-09-04 19:18:28.682	20301	11301	-79	-79	10
2015-09-04 19:50:02.286	20301	11301	-82	-97	10	24.11	41.58	2.83
2015-09-05 12:56:18.294	20301	11301	-82	-97	10
2015-09-05 13:09:05.331	20301	11301	-82	-97	10	31.19	43.37	2.823
2015-09-05 14:21:01.146	20301	11301	-79	-97	10	32.47	43.61	2.823
2015-09-05 14:27:27.967	20301	11301	-82	-97	10
2015-09-05 14:41:14.639	20301	11301	-82	-97	10
2015-09-05 14:47:17.75	20301	11301	-82	-97	10	32.22	43.48	2.823
2015-09-05 15:07:14.074	20301	11301	-82	-97	10	32.29	43.46	2.823
2015-09-05 16:19:23.478	20301	11301	-82	-97	10	32.11	43.27	2.823
2015-09-05 16:36:53.378	20301	11301	-82	-97	10	30.36	42.7	2.83
2015-09-05 17:29:50.722	20301	11301	-79	-76	10
2015-09-05 17:44:52.962	20301	11301	-82	-97	10	24.06	41.4	2.83
2015-09-05 18:05:41.35	20301	11301	-91	-97	10	21.7	40.85	2.837
2015-09-05 23:07:54.139	20301	11301	-88	-97	10	19.29	41.15	2.837
2015-09-05 23:34:28.09	20301	11301	-85	-97	10
2015-09-05 23:52:45.918	20301	11301	-88	-97	10	19.04	41.09	2.83
2015-09-06 00:06:21.735	20301	11301	-85	-97	10	18.97	41.05	2.837
2015-09-06 00:39:27.431	20301	11301	-85	-97	10	18.92	41.08	2.83
2015-09-06 01:05:41.271	20301	11301	-88	-97	10
2015-09-06 01:06:56.167	20301	11301	-85	-97	10	18.86	41.04	2.837
2015-09-06 01:45:33.407	20301	11301	-88	-97	10	18.71	41.02	2.83
2015-09-06 02:14:59.09	20301	11301	-88	-97	10	18.64	41.05	2.83
2015-09-06 02:18:52.939	20301	11301	-88	-88	10
2015-09-06 02:35:53.49	20301	11301	-88	-97	10	18.57	41.04	2.837
2015-09-06 02:36:49.303	20301	11301	-88	-97	10
2015-09-06 03:08:16.374	20301	11301	-88	-88	10	18.47	41.03	2.83
2015-09-06 03:40:51.431	20301	11301	-88	-97	10	18.39	41.02	2.83
2015-09-06 04:07:58.787	20301	11301	-88	-97	10
2015-09-06 04:17:10.067	20301	11301	-88	-97	10	18.24	40.97	2.83
2015-09-06 04:51:17.302	20301	11301	-88	-88	10	18.06	40.95	2.83
2015-09-06 05:09:22.178	20301	11301	-88	-97	10	17.92	40.94	2.837
2015-09-06 05:39:09.81	20301	11301	-91	-97	10
2015-09-06 05:43:15.824	20301	11301	-91	-88	10	17.82	40.93	2.83
2015-09-06 06:11:26.224	20301	11301	-91	-97	10
2015-09-06 06:14:38.302	20301	11301	-91	-97	10	17.75	40.95	2.83
2015-09-06 06:46:30.802	20301	11301	-91	-97	10	17.63	40.91	2.83
2015-09-06 07:02:20.039	20301	11301	-94	-97	10	17.57	40.9	2.837
2015-09-06 07:10:20.219	20301	11301	-91	-97	10
2015-09-06 07:37:02.082	20301	11301	-91	-91	10	17.7	40.98	2.83
2015-09-06 08:13:00.274	20301	11301	-88	-97	10	18.18	41.16	2.83
2015-09-06 08:41:31.802	20301	11301	-85	-97	10
2015-09-06 08:44:47.502	20301	11301	-85	-97	10	19.07	41.43	2.83
2015-09-06 10:04:39.03	20301	11301	-82	-82	10	22.29	42.28	2.823
2015-09-06 13:10:28.555	20301	11301	-85	-97	10	29.9	43.36	2.816
2015-09-06 13:56:32.503	20301	11301	-85	-97	10
2015-09-06 14:24:07.49	20301	11301	-85	-97	10	32.01	43.66	2.816
2015-09-06 14:46:09.726	20301	11301	-82	-97	10
2015-09-06 19:03:14.291	20301	11301	-82	-79	10	28.75	42.73	2.83
2015-09-07 16:36:04.074	20301	11301	-82	-82	10
2015-09-07 17:04:23.074	20301	11301	-82	-79	10
2015-09-07 17:37:36.778	20301	11301	-82	-82	10	32.27	43.35	2.816
2015-09-07 18:07:12.346	20301	11301	-82	-97	10
2015-09-07 18:36:16.763	20301	11301	-82	-79	10	30.41	42.94	2.816
2015-09-07 19:38:22.723	20301	11301	-79	-79	10
2015-09-07 21:16:12.576	20301	11301	-82	-97	10	23.79	41.78	2.823
2015-09-07 21:34:28.278	20301	11301	-79	-97	10	23.4	41.67	2.83
2015-09-08 12:03:03.171	20301	11301	-85	-85	10	30.36	43.72	2.816
2015-09-08 12:21:15.554	20301	11301	-85	-85	10
2015-09-08 12:43:30.242	20301	11301	-82	-85	10	32.19	43.78	2.816
2015-09-08 13:52:24.735	20301	11301	-82	-97	10
2015-09-08 15:05:56.918	20301	11301	-82	-97	10	34.26	44.05	2.816
2015-09-08 15:23:34.979	20301	11301	-82	-97	10
2015-09-08 15:40:43.766	20301	11301	-82	-79	10	34.8	44.08	2.816
2015-09-08 16:19:30.422	20301	11301	-82	-82	10	35.46	44.05	2.816
2015-09-08 16:33:55.951	20301	11301	-82	-97	10	35.3	44.0	2.823
2015-09-08 17:06:12.167	20301	11301	-82	-97	10	34.18	43.73	2.816
2015-09-08 17:47:22.163	20301	11301	-82	-82	10	32.91	43.52	2.816
2015-09-08 19:36:29.654	20301	11301	-82	-79	10	28.86	42.57	2.823
2015-09-08 19:57:04.714	20301	11301	-82	-79	10
2015-09-09 13:51:16.451	20301	11301	-88	-97	10	32.21	43.82	2.816
2015-09-09 14:10:59.091	20301	11301	-88	-97	10	33.19	44.13	2.816
2015-09-09 14:41:37.63	20301	11301	-91	-97	10	33.44	43.99	2.816
2015-09-09 15:35:01.066	20301	11301	-88	-97	10
2015-09-09 15:39:18.574	20301	11301	-85	-97	10	26.29	41.65	2.816
2015-09-09 15:42:16.739	20301	11301	-85	-97	10
2015-09-09 16:20:04.362	20301	11301	-82	-97	10	23.96	41.53	2.816
2015-09-09 16:33:29.718	20301	11301	-88	-97	10	23.65	41.66	2.83
2015-09-10 19:32:36.339	20301	11301	-88	-85	10	19.27	41.65	2.781
2015-09-10 20:02:13.066	20301	11301	-85	-97	10	18.58	41.47	2.781
2015-09-10 20:34:29.054	20301	11301	-85	-97	10
2015-09-10 20:47:50.407	20301	11301	-85	-97	10	17.72	41.31	2.781
2015-09-10 21:10:22.438	20301	11301	-88	-97	10	17.33	41.27	2.788
2015-09-10 21:33:26.35	20301	11301	-88	-97	10	17.1	41.24	2.788
2015-09-10 22:05:39.415	20301	11301	-88	-97	10
2015-09-10 22:20:11.971	20301	11301	-88	-97	10	16.75	41.21	2.781
2015-09-10 22:34:46.439	20301	11301	-88	-97	10	16.65	41.2	2.795
2015-09-10 22:35:25.915	20301	11301	-88	-97	10
2015-09-10 23:19:26.002	20301	11301	-91	-97	10	16.39	41.17	2.781
2015-09-10 23:36:49.067	20301	11301	-88	-97	10
2015-09-10 23:43:00.274	20301	11301	-91	-88	10	16.18	41.14	2.788
2015-09-11 01:41:27.566	20301	11301	-94	-97	10	15.28	40.98	2.788
2015-09-11 02:18:55.598	20301	11301	-94	-97	10	15.0	40.95	2.788
2015-09-11 02:28:03.122	20301	11301	-94	-97	10
2015-09-11 02:39:09.531	20301	11301	-94	-97	10
2015-09-11 02:43:58.442	20301	11301	-94	-97	10	14.89	40.94	2.788
2015-09-11 03:04:44.546	20301	11301	-94	-97	10	14.74	40.92	2.788
2015-09-11 03:36:44.21	20301	11301	-94	-97	10	14.54	40.87	2.788
2015-09-11 04:10:20.64	20301	11301	-94	-97	10
2015-09-11 04:23:42.278	20301	11301	-94	-97	10	14.54	40.9	2.781
2015-09-11 13:47:59.346	20301	11301	-91	-94	22	26.18	43.28	2.774
2015-09-11 14:33:38.962	20301	11301	-88	-85	20	27.04	43.34	2.781
2015-09-11 14:48:30.494	20301	11301	-94	-97	19
2015-09-11 15:20:26.294	20301	11301	-91	-97	18	27.88	43.4	2.774
2015-09-11 15:50:20.094	20301	11301	-94	-97	16	28.11	43.4	2.781
2015-09-11 16:03:03.73	20301	11301	-94	-97	14	28.27	43.35	2.788
2015-09-11 16:19:41.218	20301	11301	-94	-91	12
2015-09-11 16:33:24.219	20301	11301	-94	-97	11	28.26	43.21	2.774
2015-09-11 17:10:44.514	20301	11301	-85	-97	10	26.99	43.0	2.774
2015-09-11 17:34:00.659	20301	11301	-85	-97	10	26.22	42.78	2.788
2015-09-11 17:50:50.754	20301	11301	-88	-97	10
2015-09-11 17:58:10.214	20301	11301	-88	-97	10
2015-09-11 18:16:20.794	20301	11301	-88	-97	10	24.83	42.53	2.781
2015-09-11 18:44:28.806	20301	11301	-88	-97	10	23.59	42.19	2.788
2015-09-11 19:05:22.542	20301	11301	-85	-97	10	22.97	42.09	2.788
2015-09-11 19:22:00.798	20301	11301	-88	-97	10
2015-09-11 19:38:30.302	20301	11301	-88	-97	10	21.53	41.8	2.781
2015-09-11 20:13:41.326	20301	11301	-85	-97	10	20.45	41.61	2.781
2015-09-11 20:45:06.747	20301	11301	-85	-97	10	19.68	41.53	2.788
2015-09-11 20:53:11.615	20301	11301	-85	-97	10
2015-09-11 21:09:07.79	20301	11301	-85	-97	10	19.46	41.54	2.795
2015-09-11 21:47:04.547	20301	11301	-85	-97	10	19.33	41.62	2.788
2015-09-11 21:50:54.707	20301	11301	-88	-85	10
2015-09-11 22:11:03.542	20301	11301	-85	-97	10	18.78	41.56	2.788
2015-09-11 22:24:21.999	20301	11301	-85	-97	10
2015-09-11 22:50:02.963	20301	11301	-85	-85	10	18.39	41.52	2.788
2015-09-11 23:11:38.59	20301	11301	-88	-85	10	18.18	41.46	2.795
2015-09-11 23:53:08.806	20301	11301	-88	-97	10	17.93	41.47	2.788
2015-09-11 23:55:34.114	20301	11301	-85	-97	10
2015-09-12 00:04:49.21	20301	11301	-85	-97	10	17.79	41.45	2.795
2015-09-12 00:38:45.023	20301	11301	-85	-97	10	17.61	41.43	2.788
2015-09-12 01:09:02.382	20301	11301	-85	-97	10	17.38	41.41	2.788
2015-09-12 01:26:41.778	20301	11301	-88	-97	10
2015-09-12 01:43:16.51	20301	11301	-85	-97	10
2015-09-12 01:43:57.43	20301	11301	-85	-97	10	17.11	41.35	2.788
2015-09-12 02:24:06.542	20301	11301	-85	-97	10	16.86	41.32	2.788
2015-09-12 02:53:48.599	20301	11301	-85	-97	10	16.64	41.26	2.788
2015-09-12 02:57:51.903	20301	11301	-85	-97	10
2015-09-12 04:04:37.403	20301	11301	-88	-97	10	15.65	41.09	2.795
2015-09-12 04:29:09.974	20301	11301	-94	-97	14
2015-09-12 04:34:30.683	20301	11301	-94	-97	14	15.35	40.99	2.788
2015-09-12 05:12:24.407	20301	11301	-94	-97	11	15.0	41.02	2.788
2015-09-12 05:35:49.914	20301	11301	-94	-97	10
2015-09-12 05:51:22.187	20301	11301	-88	-97	10	14.88	41.0	2.788
2015-09-12 06:00:12.066	20301	11301	-94	-97	10
2015-09-12 06:08:32.21	20301	11301	-94	-97	10	14.78	40.99	2.795
2015-09-12 06:42:42.983	20301	11301	-94	-97	10	14.65	40.98	2.788
2015-09-12 07:10:47.335	20301	11301	-88	-97	10	14.61	40.97	2.788
2015-09-12 07:31:22.442	20301	11301	-88	-97	10
2015-09-12 07:37:43.438	20301	11301	-88	-97	10	14.52	40.96	2.788
2015-09-12 08:15:13.05	20301	11301	-91	-97	10	14.5	40.99	2.788
2015-09-12 08:48:53.822	20301	11301	-91	-97	10	14.53	41.03	2.788
2015-09-12 09:02:32.455	20301	11301	-91	-97	10
2015-09-12 09:22:24.262	20301	11301	-85	-97	10	14.61	41.07	2.788
2015-09-12 09:28:23.342	20301	11301	-88	-91	10
2015-09-12 09:32:54.786	20301	11301	-88	-97	10	14.53	41.03	2.795
2015-09-12 10:20:47.898	20301	11301	-88	-97	10	14.71	41.11	2.781
2015-09-12 10:33:43.186	20301	11301	-88	-97	10
2015-09-12 10:40:21.911	20301	11301	-88	-97	10	14.86	41.13	2.788
2015-09-12 11:09:05.982	20301	11301	-91	-97	10	15.0	41.15	2.788
2015-09-12 11:42:34.226	20301	11301	-88	-97	10	15.0	41.15	2.788
2015-09-12 12:03:28.382	20301	11301	-91	-97	10	15.22	41.17	2.788
2015-09-12 12:04:52.546	20301	11301	-94	-97	10
2015-09-12 12:52:27.664	20301	11301	-91	-97	10	15.36	41.32	2.781
2015-09-12 13:20:55.703	20301	11301	-94	-97	10
2015-09-12 13:23:34.686	20301	11301	-94	-97	10	15.15	41.29	2.788
2015-09-12 13:36:04.002	20301	11301	-91	-97	10
2015-09-12 13:51:41.362	20301	11301	-88	-97	10	15.36	41.38	2.788
2015-09-12 14:13:48.858	20301	11301	-88	-97	10	15.42	41.45	2.788
2015-09-12 14:49:48.25	20301	11301	-88	-97	10	16.32	41.85	2.781
2015-09-12 15:07:13.026	20301	11301	-88	-97	10
2015-09-12 15:21:02.03	20301	11301	-91	-97	10	16.14	41.6	2.781
2015-09-12 15:48:51.834	20301	11301	-91	-97	10	15.28	41.18	2.788
2015-09-12 16:11:54.171	20301	11301	-88	-97	10	15.0	41.08	2.788
2015-09-12 16:38:27.474	20301	11301	-88	-97	10
2015-09-12 16:38:29.114	20301	11301	-88	-97	10
2015-09-12 16:38:47.574	20301	11301	-91	-97	10	14.72	41.02	2.788
2015-09-12 17:13:29.566	20301	11301	-85	-97	10
2015-09-12 17:24:05.446	20301	11301	-88	-97	10	14.49	41.06	2.781
2015-09-12 17:43:49.67	20301	11301	-94	-97	10	14.45	41.05	2.788
2015-09-12 18:09:33.29	20301	11301	-88	-97	10
2015-09-12 18:15:00.727	20301	11301	-88	-97	10	14.15	40.99	2.788
2015-09-12 18:41:37.723	20301	11301	-91	-97	10	13.83	40.89	2.788
2015-09-12 19:20:39.831	20301	11301	-88	-97	10	13.42	40.84	2.781
2015-09-12 19:32:10.063	20301	11301	-91	-97	10	13.32	40.83	2.781
2015-09-12 19:40:43.53	20301	11301	-94	-97	10
2015-09-12 20:02:24.515	20301	11301	-88	-97	10	13.25	40.82	2.781
2015-09-12 20:53:55.418	20301	11301	-88	-97	10	13.14	40.84	2.781
2015-09-12 21:05:17.382	20301	11301	-88	-97	10	13.0	40.83	2.788
2015-09-12 21:06:02.994	20301	11301	-91	-97	10
2015-09-12 21:11:53.799	20301	11301	-85	-97	10
2015-09-12 21:49:38.65	20301	11301	-91	-97	10	12.67	40.76	2.781
2015-09-12 22:18:52.355	20301	11301	-94	-97	10	12.5	40.71	2.781
2015-09-12 22:37:39.452	20301	11301	-94	-97	10	12.32	40.66	2.788
2015-09-12 22:43:04.723	20301	11301	-94	-94	10
2015-09-12 23:05:10.234	20301	11301	-94	-97	10	12.13	40.7	2.781
2015-09-12 23:37:37.039	20301	11301	-88	-97	10	11.86	40.64	2.781
2015-09-13 00:14:14.906	20301	11301	-91	-97	10
2015-09-13 00:17:23.343	20301	11301	-88	-97	10	11.61	40.58	2.781
2015-09-13 00:52:10.722	20301	11301	-88	-97	10	11.47	40.56	2.781
2015-09-13 00:58:35.642	20301	11301	-94	-97	10
2015-09-13 01:08:54.455	20301	11301	-94	-97	10	11.43	40.59	2.788
2015-09-13 01:39:56.659	20301	11301	-91	-97	10	11.36	40.58	2.781
2015-09-13 01:45:24.186	20301	11301	-91	-97	10
2015-09-13 02:12:40.978	20301	11301	-91	-97	10	11.32	40.55	2.781
2015-09-13 03:05:37.962	20301	11301	-91	-97	10	11.2	40.56	2.788
2015-09-13 03:49:07.022	20301	11301	-94	-97	10	11.25	40.6	2.781
2015-09-13 04:18:57.814	20301	11301	-94	-97	10	11.25	40.6	2.781
2015-09-13 04:41:01.306	20301	11301	-91	-97	10	11.25	40.6	2.781
2015-09-13 04:41:03.018	20301	11301	-91	-97	10	11.25	40.6	2.781
2015-09-13 04:47:45.395	20301	11301	-94	-97	10
2015-09-13 04:51:08.502	20301	11301	-94	-97	10
2015-09-13 05:45:17.83	20301	11301	-94	-97	10	11.1	40.59	2.781
2015-09-13 06:12:21.951	20301	11301	-94	-97	10	11.08	40.59	2.781
2015-09-13 06:18:56.319	20301	11301	-94	-97	10
2015-09-13 06:34:26.923	20301	11301	-94	-97	10	11.02	40.58	2.781
2015-09-13 07:22:34.091	20301	11301	-94	-97	10	10.78	40.49	2.774
2015-09-13 07:43:06.247	20301	11301	-94	-97	10	10.64	40.47	2.781
2015-09-13 07:50:04.967	20301	11301	-94	-97	10
2015-09-13 08:10:32.566	20301	11301	-91	-97	10	10.64	40.54	2.781
2015-09-13 08:52:13.698	20301	11301	-94	-97	10	10.96	40.67	2.774
2015-09-13 09:03:05.491	20301	11301	-94	-97	10	11.0	40.71	2.781
2015-09-13 09:21:20.042	20301	11301	-94	-97	10
2015-09-13 10:52:26.383	20301	11301	-91	-91	22
2015-09-13 12:17:27.919	20301	11301	-91	-88	18	12.65	40.92	2.767
2015-09-13 12:23:35.486	20301	11301	-85	-97	18
2015-09-13 12:36:14.474	20301	11301	-88	-91	17
2015-09-13 12:38:45.834	20301	11301	-88	-97	17	12.07	40.63	2.774
2015-09-13 13:21:23.61	20301	11301	-94	-97	10	12.78	41.03	2.767
2015-09-13 13:39:44.295	20301	11301	-94	-97	10	14.07	41.6	2.774
2015-09-13 13:54:45.711	20301	11301	-94	-97	10
2015-09-13 14:13:04.47	20301	11301	-91	-97	10	13.46	41.43	2.767
2015-09-13 14:47:45.89	20301	11301	-94	-97	10	16.07	42.24	2.767
2015-09-13 15:06:41.799	20301	11301	-94	-97	10	16.06	42.28	2.774
2015-09-13 15:25:55.542	20301	11301	-94	-97	10
2015-09-13 15:34:04.594	20301	11301	-94	-97	10	15.32	41.8	2.767
2015-09-13 16:08:46.134	20301	11301	-94	-97	10	15.33	41.64	2.767
2015-09-13 16:28:48.007	20301	11301	-85	-97	10
2015-09-13 16:51:06.146	20301	11301	-88	-97	10	14.75	41.45	2.767
2015-09-13 16:57:05.947	20301	11301	-85	-97	10
2015-09-13 17:03:48.359	20301	11301	-88	-97	10	14.71	41.37	2.774
2015-09-13 17:46:48.861	20301	11301	-85	-97	10	14.82	41.45	2.767
2015-09-13 18:10:42.099	20301	11301	-85	-97	10	15.0	41.51	2.774
2015-09-13 18:28:15.947	20301	11301	-85	-97	10
2015-09-13 18:47:25.022	20301	11301	-85	-97	10	14.92	41.4	2.767
2015-09-13 19:07:37.983	20301	11301	-82	-97	10	14.65	41.3	2.774
2015-09-13 19:47:52.414	20301	11301	-85	-97	10	13.61	40.99	2.767
2015-09-13 19:59:26.494	20301	11301	-85	-97	10
2015-09-13 20:11:15.73	20301	11301	-88	-97	10	12.97	40.86	2.774
2015-09-13 20:21:22.582	20301	11301	-85	-97	10
2015-09-13 20:34:30.875	20301	11301	-85	-97	10	12.28	40.72	2.774
2015-09-13 21:11:47.355	20301	11301	-85	-97	10	11.38	40.49	2.767
2015-09-13 21:30:35.838	20301	11301	-85	-97	10
2015-09-13 21:43:30.411	20301	11301	-85	-97	10	10.61	40.37	2.774
2015-09-13 22:10:10.199	20301	11301	-85	-97	10	10.21	40.33	2.774
2015-09-13 22:39:32.434	20301	11301	-85	-97	10	10.14	40.42	2.774
2015-09-13 23:01:47.33	20301	11301	-85	-97	10
2015-09-13 23:23:10.698	20301	11301	-82	-97	10	10.15	40.45	2.767
2015-09-13 23:48:56.299	20301	11301	-85	-97	10	10.07	40.47	2.774
2015-09-14 00:13:55.755	20301	11301	-85	-97	10
2015-09-14 00:24:10.31	20301	11301	-85	-97	10	10.08	40.48	2.767
2015-09-14 00:32:58.542	20301	11301	-85	-97	10
2015-09-14 00:50:41.978	20301	11301	-85	-97	10	9.89	40.42	2.767
2015-09-14 01:01:52.09	20301	11301	-82	-97	10	9.85	40.42	2.774
2015-09-14 01:33:33.438	20301	11301	-85	-85	10	9.74	40.37	2.767
2015-09-14 02:04:07.054	20301	11301	-82	-97	10
2015-09-14 02:09:24.978	20301	11301	-85	-97	10	9.68	40.4	2.767
2015-09-14 02:43:15.751	20301	11301	-85	-97	10	9.89	40.45	2.774
2015-09-14 03:21:15.547	20301	11301	-85	-97	10	9.97	40.5	2.767
2015-09-14 03:35:16.514	20301	11301	-82	-97	10
2015-09-14 03:41:51.242	20301	11301	-85	-97	10	9.82	40.45	2.767
2015-09-14 04:06:21.798	20301	11301	-85	-97	10	9.82	40.45	2.767
2015-09-14 04:06:27.17	20301	11301	-85	-97	10
2015-09-14 04:47:57.943	20301	11301	-85	-97	10	9.64	40.43	2.767
2015-09-14 05:06:26.91	20301	11301	-82	-97	10
2015-09-14 05:19:33.803	20301	11301	-82	-97	10	9.85	40.45	2.767
2015-09-14 05:52:18.899	20301	11301	-85	-97	10	9.88	40.52	2.767
2015-09-14 06:06:33.775	20301	11301	-85	-97	10	9.68	40.43	2.774
2015-09-14 06:36:04.214	20301	11301	-85	-97	10	9.65	40.43	2.767
2015-09-14 06:37:37.638	20301	11301	-85	-97	10
2015-09-14 07:07:22.055	20301	11301	-85	-82	10	9.5	40.38	2.767
2015-09-14 07:48:21.622	20301	11301	-85	-97	10	9.43	40.37	2.767
2015-09-14 07:59:00.43	20301	11301	-85	-97	10
2015-09-14 08:08:47.263	20301	11301	-85	-97	10
2015-09-14 08:12:30.002	20301	11301	-85	-97	10	9.61	40.46	2.767
2015-09-14 08:53:39.874	20301	11301	-85	-97	10	10.64	40.8	2.767
2015-09-14 09:22:48.89	20301	11301	-88	-97	10	11.86	41.12	2.767
2015-09-14 09:37:53.151	20301	11301	-91	-97	10	12.6	41.27	2.767
2015-09-14 09:39:58.303	20301	11301	-88	-97	10
2015-09-14 10:08:36.187	20301	11301	-91	-97	10	14.14	41.64	2.76
2015-09-14 10:44:58.538	20301	11301	-85	-97	10	15.92	42.06	2.76
2015-09-14 11:04:51.218	20301	11301	-88	-97	10	17.15	42.24	2.76
2015-09-14 11:11:07.689	20301	11301	-88	-97	10
2015-09-14 11:45:35.611	20301	11301	-88	-97	10	19.06	42.65	2.76
2015-09-14 11:51:33.182	20301	11301	-88	-97	10
2015-09-14 12:05:44.186	20301	11301	-94	-97	10	19.78	42.69	2.76
2015-09-14 12:05:49.094	20301	11301	-94	-97	10	19.78	42.69	2.76
2015-09-14 12:39:47.295	20301	11301	-91	-97	10	21.11	42.81	2.747
2015-09-14 12:42:19.342	20301	11301	-94	-97	10
2015-09-14 13:06:07.531	20301	11301	-94	-97	10	22.38	42.85	2.76
2015-09-14 13:44:52.107	20301	11301	-94	-97	10	23.09	42.97	2.754
2015-09-14 14:11:46.671	20301	11301	-91	-97	10	23.6	43.02	2.76
2015-09-14 14:13:28.586	20301	11301	-91	-97	10
2015-09-14 14:53:24.61	20301	11301	-94	-97	10	24.22	43.09	2.754
2015-09-14 15:15:10.354	20301	11301	-88	-97	10	24.63	43.14	2.76
2015-09-14 15:44:07.802	20301	11301	-91	-97	10
2015-09-14 15:44:37.87	20301	11301	-94	-97	10
2015-09-14 15:49:48.786	20301	11301	-94	-97	10	25.27	43.21	2.754
2015-09-14 16:23:51.958	20301	11301	-91	-97	10	24.91	43.04	2.76
2015-09-14 16:37:30.254	20301	11301	-91	-97	10	25.11	43.16	2.767
2015-09-14 17:11:14.374	20301	11301	-91	-97	10	23.95	42.96	2.76
2015-09-14 17:15:47.823	20301	11301	-94	-97	10
2015-09-14 17:39:59.53	20301	11301	-88	-97	10	22.75	42.46	2.76
2015-09-14 18:07:50.298	20301	11301	-88	-97	10	22.04	42.25	2.76
2015-09-14 18:34:43.091	20301	11301	-91	-97	10	21.08	42.11	2.767
2015-09-14 18:46:57.838	20301	11301	-91	-88	10
2015-09-14 19:04:04.314	20301	11301	-91	-97	10	19.83	41.81	2.767
2015-09-14 19:34:05.474	20301	11301	-88	-97	10	18.36	41.48	2.767
2015-09-14 19:36:39.162	20301	11301	-91	-97	10
2015-09-14 20:07:51.99	20301	11301	-88	-97	10	17.1	41.24	2.767
2015-09-14 20:18:08.206	20301	11301	-88	-97	10
2015-09-14 20:38:07.35	20301	11301	-88	-85	10	16.22	41.15	2.774
2015-09-14 21:09:31.398	20301	11301	-88	-97	10	15.57	41.08	2.767
2015-09-14 21:49:17.834	20301	11301	-88	-97	10
2015-09-14 21:52:02.226	20301	11301	-88	-97	10	15.0	41.05	2.767
2015-09-14 22:02:45.102	20301	11301	-88	-97	10	14.83	41.03	2.774
2015-09-14 22:39:23.462	20301	11301	-88	-97	10	14.39	40.98	2.767
2015-09-14 23:15:33.207	20301	11301	-88	-97	10	14.04	40.94	2.767
2015-09-14 23:20:30.33	20301	11301	-88	-97	10
2015-09-14 23:29:12.378	20301	11301	-88	-97	10
2015-09-14 23:33:12.267	20301	11301	-88	-97	10	13.78	40.88	2.774
2015-09-15 00:23:43.543	20301	11301	-88	-97	10	13.43	40.88	2.767
2015-09-15 00:43:54.139	20301	11301	-88	-88	10	13.22	40.82	2.774
2015-09-15 00:51:38.506	20301	11301	-88	-97	10
2015-09-15 01:02:41.358	20301	11301	-85	-97	10	13.0	40.79	2.774
2015-09-15 01:39:45.422	20301	11301	-88	-97	10	12.61	40.72	2.767
2015-09-15 02:11:18.106	20301	11301	-88	-97	10	12.35	40.69	2.774
2015-09-15 02:22:48.614	20301	11301	-85	-88	10
2015-09-15 02:39:41.934	20301	11301	-85	-97	10	12.1	40.66	2.774
2015-09-15 03:04:29.386	20301	11301	-85	-85	10	11.83	40.6	2.774
2015-09-15 03:21:45.262	20301	11301	-88	-97	10
2015-09-15 03:31:43.674	20301	11301	-85	-97	10	11.6	40.58	2.774
2015-09-15 03:53:59.454	20301	11301	-85	-85	10
2015-09-15 04:14:05.343	20301	11301	-88	-97	10	11.29	40.54	2.767
2015-09-15 04:33:26.506	20301	11301	-85	-97	10	11.06	40.52	2.774
2015-09-15 05:17:38.927	20301	11301	-85	-97	10	10.71	40.45	2.767
2015-09-15 05:25:09.454	20301	11301	-85	-97	10
2015-09-15 05:41:30.158	20301	11301	-85	-97	10	10.53	40.39	2.774
2015-09-15 06:05:47.91	20301	11301	-88	-97	10	10.35	40.41	2.754
2015-09-15 06:05:49.451	20301	11301	-88	-97	10	10.35	40.41	2.754
2015-09-15 07:14:19.507	20301	11301	-88	-85	10
2015-09-15 07:44:49.891	20301	11301	-88	-97	10	10.17	40.45	2.774
2015-09-15 08:07:25.635	20301	11301	-85	-97	10	10.38	40.51	2.767
2015-09-15 09:49:55.495	20301	11301	-85	-97	10	14.78	41.77	2.76
2015-09-15 09:58:39.655	20301	11301	-88	-97	10
2015-09-15 10:09:53.066	20301	11301	-88	-88	10	15.86	42.06	2.767
2015-09-15 10:34:16.647	20301	11301	-91	-97	10	17.39	42.39	2.76
2015-09-15 11:06:52.311	20301	11301	-88	-97	10
2015-09-15 11:11:09.986	20301	11301	-88	-97	10	19.5	42.73	2.76
2015-09-15 11:29:50.155	20301	11301	-88	-97	10
2015-09-15 11:45:26.722	20301	11301	-88	-97	10	21.13	43.01	2.754
2015-09-15 12:08:34.111	20301	11301	-91	-97	10	22.18	43.03	2.76
2015-09-15 13:00:59.858	20301	11301	-94	-97	10
2015-09-15 13:03:21.054	20301	11301	-88	-97	10	25.18	43.33	2.76
2015-09-15 13:40:47.595	20301	11301	-94	-97	10	26.27	43.46	2.754
2015-09-15 14:21:11.262	20301	11301	-94	-97	10	26.97	43.54	2.754
2015-09-15 14:31:41.315	20301	11301	-94	-97	10	27.1	43.52	2.767
2015-09-15 14:32:10.054	20301	11301	-94	-97	10
2015-09-15 14:59:24.53	20301	11301	-94	-97	10
2015-09-15 15:12:01.879	20301	11301	-88	-88	10	27.65	43.55	2.754
2015-09-15 15:38:17.294	20301	11301	-94	-97	10	27.9	43.57	2.76
2015-09-15 16:03:19.854	20301	11301	-91	-97	10
2015-09-15 16:09:04.131	20301	11301	-94	-97	10	27.72	43.49	2.754
2015-09-15 16:41:48.47	20301	11301	-88	-97	10	27.52	43.67	2.76
2015-09-15 17:22:34.734	20301	11301	-88	-97	10	25.83	43.21	2.76
2015-09-15 17:34:30.038	20301	11301	-88	-97	10
2015-09-15 17:46:11.487	20301	11301	-88	-97	10	25.18	42.87	2.767
2015-09-15 18:03:18.014	20301	11301	-88	-97	10	24.47	42.75	2.767
2015-09-15 18:40:08.306	20301	11301	-88	-97	10	23.11	42.37	2.76
2015-09-15 18:51:57.595	20301	11301	-85	-97	10
2015-09-15 19:05:40.258	20301	11301	-88	-97	10
2015-09-15 19:13:06.483	20301	11301	-85	-97	10	21.83	42.13	2.76
2015-09-15 19:53:50.782	20301	11301	-85	-97	10	20.02	41.76	2.767
2015-09-15 20:02:07.83	20301	11301	-88	-97	10	19.71	41.7	2.774
2015-09-15 20:36:51.21	20301	11301	-88	-97	10
2015-09-15 20:48:10.214	20301	11301	-85	-97	10	18.17	41.53	2.767
2015-09-15 21:04:47.054	20301	11301	-85	-97	10	17.75	41.48	2.774
2015-09-15 21:35:42.307	20301	11301	-85	-97	10	17.28	41.4	2.767
2015-09-15 22:05:18.294	20301	11301	-85	-85	10	16.92	41.42	2.767
2015-09-15 22:08:00.334	20301	11301	-85	-97	10
2015-09-15 22:44:30.794	20301	11301	-85	-97	10
2015-09-15 22:47:50.57	20301	11301	-85	-97	10	16.29	41.35	2.767
2015-09-15 23:23:44.094	20301	11301	-88	-97	10	15.83	41.27	2.767
2015-09-15 23:39:10.675	20301	11301	-85	-97	10
2015-09-15 23:42:17.047	20301	11301	-85	-97	10	15.72	41.29	2.774
2015-09-16 00:09:19.67	20301	11301	-85	-97	10	15.49	41.23	2.774
2015-09-16 00:36:49.774	20301	11301	-85	-97	10	15.25	41.21	2.774
2015-09-16 01:03:50.523	20301	11301	-85	-97	10	15.0	41.15	2.767
2015-09-16 01:10:21.011	20301	11301	-85	-97	10
2015-09-16 01:51:18.79	20301	11301	-85	-97	10	14.42	41.08	2.767
2015-09-16 02:05:19.902	20301	11301	-85	-97	10	14.2	41.06	2.76
2015-09-16 02:37:03.635	20301	11301	-85	-97	10
2015-09-16 02:41:31.862	20301	11301	-82	-97	10
2015-09-16 02:54:01.139	20301	11301	-85	-97	10	13.79	41.01	2.767
2015-09-16 03:13:19.026	20301	11301	-85	-97	10	13.7	41.0	2.774
2015-09-16 03:46:59.946	20301	11301	-85	-97	10	13.47	40.98	2.767
2015-09-16 04:12:43.879	20301	11301	-85	-97	10
2015-09-16 04:12:46.659	20301	11301	-85	-97	10
2015-09-16 04:12:48.266	20301	11301	-85	-97	10
2015-09-16 04:24:05.839	20301	11301	-85	-97	10	13.28	40.96	2.767
2015-09-16 04:35:28.626	20301	11301	-85	-97	10	13.22	40.95	2.774
2015-09-16 10:07:37.566	20301	11301	-88	-85	10	17.72	42.36	2.76
2015-09-16 10:17:21.638	20301	11301	-85	-97	10
2015-09-16 10:22:10.154	20301	11301	-88	-97	10
2015-09-16 10:36:35.176	20301	11301	-88	-97	10	19.36	42.71	2.754
2015-09-16 11:48:32.124	20301	11301	-88	-85	10
2015-09-16 11:52:08.266	20301	11301	-88	-97	10	24.11	43.41	2.747
2015-09-16 13:50:33.359	20301	11301	-88	-97	10	29.02	43.87	2.747
2015-09-16 14:14:43.838	20301	11301	-91	-97	10
2015-09-16 14:19:22.63	20301	11301	-91	-97	10	29.58	43.9	2.747
2015-09-16 14:47:57.719	20301	11301	-94	-97	10	29.72	43.91	2.747
2015-09-16 14:50:52.522	20301	11301	-91	-97	10
2015-09-16 15:06:24.922	20301	11301	-91	-97	10	30.24	43.97	2.754
2015-09-16 17:19:55.266	20301	11301	-94	-97	10	28.02	43.55	2.754
2015-09-16 17:53:13.363	20301	11301	-91	-97	10
2015-09-16 17:53:33.675	20301	11301	-91	-97	10	27.05	43.11	2.747
2015-09-16 18:07:16.482	20301	11301	-88	-97	10
2015-09-16 18:15:46.903	20301	11301	-88	-97	10	25.77	42.8	2.76
2015-09-16 20:55:38.506	20301	11301	-85	-82	10
2015-09-16 21:05:20.962	20301	11301	-88	-97	10	18.63	41.61	2.767
2015-09-17 14:48:15.051	20301	11301	-94	-91	10	30.15	43.99	2.74
2015-09-17 15:03:04.567	20301	11301	-88	-97	10	30.29	43.98	2.747
2015-09-17 16:10:33.758	20301	11301	-91	-88	10	29.94	43.9	2.74
2015-09-17 17:15:14.598	20301	11301	-91	-85	10	28.69	43.83	2.74
2015-09-17 17:22:35.031	20301	11301	-88	-97	10
2015-09-17 18:11:15.478	20301	11301	-88	-85	10	26.55	43.02	2.747
2015-09-17 18:45:19.563	20301	11301	-85	-88	10	24.8	42.62	2.747
2015-09-17 19:43:06.606	20301	11301	-85	-85	10
2015-09-17 20:41:26.638	20301	11301	-85	-85	10	20.25	41.89	2.747
2015-09-17 21:14:14.794	20301	11301	-85	-82	10
2015-09-17 21:40:59.53	20301	11301	-82	-82	10	18.71	41.69	2.754
2015-09-17 22:17:52.034	20301	11301	-85	-97	10	18.15	41.69	2.754
2015-09-17 22:45:25.338	20301	11301	-85	-85	10
2015-09-17 23:47:02.535	20301	11301	-85	-82	10	16.97	41.56	2.76
2015-09-18 00:20:28.475	20301	11301	-85	-82	10	16.75	41.54	2.76
2015-09-18 01:22:10.422	20301	11301	-85	-82	10	15.97	41.38	2.754
2015-09-18 02:22:40.579	20301	11301	-85	-82	10	15.38	41.32	2.754
2015-09-18 03:07:14.902	20301	11301	-85	-82	10	15.0	41.31	2.76
2015-09-18 03:46:17.426	20301	11301	-85	-82	10	14.68	41.24	2.754
2015-09-18 04:37:45.73	20301	11301	-85	-82	10	14.39	41.24	2.76
2015-09-18 06:21:16.463	20301	11301	-85	-82	10
2015-09-18 07:10:35.703	20301	11301	-85	-85	10	13.52	41.11	2.754
2015-09-18 11:49:25.674	20301	11301	-88	-85	10	24.94	43.64	2.747
2015-09-18 13:13:45.274	20301	11301	-88	-88	10	27.65	43.68	2.733
2015-09-18 13:57:07.502	20301	11301	-91	-91	10
2015-09-18 14:23:06.198	20301	11301	-88	-85	10	30.05	44.15	2.74
2015-09-18 15:03:19.927	20301	11301	-91	-97	10	30.83	44.17	2.747
2015-09-18 15:53:00.271	20301	11301	-91	-91	10	30.8	44.1	2.74
2015-09-18 16:36:58.159	20301	11301	-91	-88	10	30.47	44.13	2.747
2015-09-18 16:59:27.383	20301	11301	-88	-88	10
2015-09-18 17:23:01.382	20301	11301	-94	-94	10	28.43	43.63	2.747
2015-09-18 18:30:37.358	20301	11301	-91	-91	10
2015-09-18 19:23:26.327	20301	11301	-88	-91	10	23.11	42.44	2.747
2015-09-18 20:05:58.423	20301	11301	-88	-88	10	21.61	42.2	2.754
2015-09-18 20:47:28.506	20301	11301	-88	-91	10	20.6	42.09	2.747
2015-09-18 21:32:58.118	20301	11301	-88	-88	10
2015-09-18 22:09:36.471	20301	11301	-88	-88	10	19.47	42.0	2.754
2015-09-18 22:41:29.494	20301	11301	-88	-88	10	19.47	42.07	2.754
2015-09-18 23:47:26.778	20301	11301	-88	-88	10	19.07	42.06	2.754
2015-09-19 00:35:17.659	20301	11301	-91	-88	10
2015-09-19 00:53:48.123	20301	11301	-91	-88	10	18.89	42.07	2.754
2015-09-19 02:15:48.935	20301	11301	-88	-88	10	18.82	42.06	2.754
2015-09-19 02:54:00.991	20301	11301	-91	-91	10	18.32	41.97	2.754
2015-09-19 03:11:12.247	20301	11301	-88	-97	10	18.29	41.97	2.754
2015-09-19 03:47:40.139	20301	11301	-91	-91	10	18.02	41.94	2.754
2015-09-19 05:08:48.615	20301	11301	-88	-88	10
2015-09-19 05:50:16.166	20301	11301	-88	-85	10	17.75	41.97	2.754
2015-09-19 09:42:39.567	20301	11301	-91	-97	10
2015-09-19 20:14:13.603	20301	11301	-94	-97	10	18.21	41.76	2.733
2015-09-19 21:06:05.331	20301	11301	-94	-94	10	16.61	41.62	2.74
2015-09-19 21:51:39.823	20301	11301	-94	-94	10
2015-09-19 22:06:20.142	20301	11301	-94	-94	10	15.57	41.54	2.74
