result_time	node_id	parent_id	stats_frssi	stats_brssi	etx	temperature	humidity	voltage
2015-07-10 00:22:34.686	20301	10501	-85	-97	10	18.02	35.73	2.47
2015-07-10 01:14:03.87	20301	10501	-85	-85	10	17.74	35.74	2.47
2015-07-10 01:38:00.718	20301	10501	-85	-85	10	17.67	35.76	2.47
2015-07-11 08:41:42.042	20301	10501	-88	-97	10	17.0	36.04	2.459
2015-07-11 09:23:08.951	20301	10501	-88	-88	10	18.64	36.33	2.454
2015-07-11 15:06:31.486	20301	10501	-85	-88	10	27.99	37.24	2.464
2015-07-11 16:48:19.715	20301	10501	-85	-85	10
2015-07-11 18:08:58.446	20301	10501	-85	-85	10	26.08	37.13	2.464
2015-07-11 18:38:20.198	20301	10501	-91	-88	10
2015-07-11 18:46:33.531	20301	10501	-88	-97	10	25.16	37.04	2.464
2015-07-12 06:16:00.163	20301	10501	-91	-94	10
2015-07-12 07:59:59.699	20301	10501	-91	-91	10
2015-07-12 08:22:39.227	20301	10501	-91	-97	10	17.25	36.13	2.459
2015-07-13 06:24:56.539	20301	10501	-94	-97	10	17.75	36.24	2.459
2015-07-14 07:40:32.787	20301	10501	-91	-97	10	19.25	36.66	2.459
2015-07-14 08:37:23.876	20301	10501	-88	-88	10
2015-07-14 08:45:50.508	20301	10501	-94	-97	10	20.22	36.89	2.459
2015-07-14 19:49:41.031	20301	10501	-88	-97	10	19.25	36.46	2.459
2015-07-14 20:16:50.079	20301	10501	-85	-85	10
2015-07-14 21:21:08.827	20301	10501	-88	-97	10	18.86	36.56	2.459
2015-07-14 21:58:19.82	20301	10501	-88	-91	10	18.86	36.56	2.459
2015-07-14 22:17:55.403	20301	10501	-88	-97	10
2015-07-14 22:19:33.087	20301	10501	-88	-97	10	18.88	36.59	2.459
2015-07-14 22:38:18.882	20301	10501	-88	-97	10	18.89	36.63	2.459
2015-07-14 23:21:29.395	20301	10501	-85	-85	10	19.0	36.64	2.454
2015-07-14 23:48:03.722	20301	10501	-85	-97	10	19.02	36.64	2.459
2015-07-14 23:49:06.803	20301	10501	-85	-97	10
2015-07-15 00:09:22.782	20301	10501	-85	-97	10
2015-07-15 01:20:16.759	20301	10501	-85	-85	10
2015-07-15 01:51:55.527	20301	10501	-85	-97	10	18.9	36.63	2.459
2015-07-15 02:44:56.122	20301	10501	-85	-85	10	18.9	36.66	2.454
2015-07-15 02:51:25.93	20301	10501	-85	-97	10
2015-07-15 03:43:34.694	20301	10501	-88	-85	10	18.92	36.66	2.459
2015-07-15 04:01:58.746	20301	10501	-88	-85	10
2015-07-15 04:22:47.922	20301	10501	-85	-85	10
2015-07-15 23:54:36.099	20301	10501	-88	-97	10	15.47	36.16	2.454
2015-07-16 00:21:33.015	20301	10501	-91	-97	10	15.0	36.11	2.454
2015-07-16 00:56:13.078	20301	10501	-94	-94	10	14.47	36.03	2.454
2015-07-16 01:38:57.73	20301	10501	-94	-94	10
2015-07-16 01:48:17.79	20301	10501	-94	-97	10	13.4	35.82	2.454
2015-07-16 02:52:40.507	20301	10501	-94	-91	10	12.7	35.72	2.454
2015-07-16 03:06:53.118	20301	10501	-94	-97	10	12.56	35.7	2.459
2015-07-16 03:17:14.474	20301	10501	-94	-97	10
2015-07-17 02:19:43.459	20301	10501	-94	-97	10	16.13	36.39	2.448
2015-07-17 02:38:37.959	20301	10501	-94	-94	10	16.04	36.35	2.454
2015-07-17 03:28:51.343	20301	10501	-94	-94	10
2015-07-17 03:56:06.118	20301	10501	-94	-94	10	15.64	36.24	2.448
2015-07-17 04:27:22.531	20301	10501	-94	-94	10	15.14	36.19	2.448
2015-07-17 04:44:43.979	20301	10501	-94	-97	10	15.0	36.14	2.454
2015-07-17 05:48:37.407	20301	10501	-91	-91	10	14.46	36.12	2.454
2015-07-17 06:25:06.007	20301	10501	-94	-91	10
2015-07-17 06:27:28.967	20301	10501	-94	-97	10	14.29	36.11	2.448
2015-07-17 06:57:19.738	20301	10501	-94	-91	10	14.64	36.24	2.448
2015-07-17 08:02:21.967	20301	10501	-94	-94	10
2015-07-17 08:14:18.458	20301	10501	-91	-97	10	16.89	36.8	2.454
2015-07-17 09:13:50.419	20301	10501	-91	-94	10	18.86	37.03	2.454
2015-07-17 11:05:06.082	20301	10501	-94	-94	10
2015-07-17 11:59:31.454	20301	10501	-91	-94	10	26.3	38.86	3.164
2015-07-17 12:26:05.17	20301	10501	-91	-97	10	27.54	39.23	3.172
2015-07-17 12:39:34.038	20301	10501	-91	-97	10
2015-07-17 12:52:38.967	20301	10501	-91	-88	10	28.05	39.21	3.164
2015-07-17 13:21:35.923	20301	10501	-91	-88	10	26.32	38.45	3.164
2015-07-17 13:54:26.588	20301	10501	-91	-91	10	25.99	38.42	3.164
2015-07-17 14:10:44.522	20301	10501	-91	-97	10
2015-07-17 14:34:29.802	20301	10501	-88	-88	10	26.71	38.77	3.164
2015-07-17 15:00:56.947	20301	10501	-97	-88	10
2015-07-17 15:05:50.844	20301	10501	-94	-94	10	26.3	38.55	3.164
2015-07-17 15:20:10.119	20301	10501	-94	-94	10	26.32	38.52	3.19
2015-07-17 15:41:53.798	20301	10501	-94	-91	10
2015-07-17 16:03:48.994	20301	10501	-94	-94	10	26.6	38.62	3.155
2015-07-17 16:27:54.467	20301	10501	-88	-94	10	27.49	38.88	3.164
2015-07-17 17:02:25.291	20301	10501	-91	-97	10	27.38	38.77	3.155
2015-07-17 17:13:04.162	20301	10501	-91	-97	10
2015-07-17 17:17:56.262	20301	10501	-91	-97	10	27.35	38.76	3.172
2015-07-17 17:53:47.302	20301	10501	-91	-94	10	27.19	38.68	3.155
2015-07-17 18:17:43.459	20301	10501	-91	-97	10	27.61	38.86	3.181
2015-07-17 18:44:14.478	20301	10501	-91	-88	10
2015-07-17 18:53:28.895	20301	10501	-88	-94	10
2015-07-17 18:54:41.354	20301	10501	-91	-97	10	27.41	38.67	3.164
2015-07-17 19:33:43.37	20301	10501	-94	-97	10	26.97	38.52	3.155
2015-07-17 19:54:03.571	20301	10501	-91	-94	10	26.52	38.34	3.164
2015-07-17 20:15:24.423	20301	10501	-94	-94	10
2015-07-17 20:21:21.162	20301	10501	-94	-97	10	26.05	38.29	3.155
2015-07-17 20:59:43.075	20301	10501	-94	-97	10	25.69	38.22	3.155
2015-07-17 21:30:59.639	20301	10501	-94	-97	10	25.24	38.14	3.155
2015-07-17 21:46:34.211	20301	10501	-94	-94	10
2015-07-17 21:51:50.351	20301	10501	-94	-97	10	25.02	38.08	3.164
2015-07-17 22:18:19.346	20301	10501	-94	-91	10	24.88	38.11	3.155
2015-07-17 22:46:03.623	20301	10501	-94	-94	10
2015-07-17 22:51:42.786	20301	10501	-94	-97	10	24.9	38.14	3.155
2015-07-17 23:17:44.53	20301	10501	-94	-94	10
2015-07-17 23:27:11.211	20301	10501	-94	-97	10	24.77	38.13	3.146
2015-07-17 23:45:02.159	20301	10501	-94	-97	10	24.72	38.09	3.164
2015-07-18 00:32:02.603	20301	10501	-94	-94	10	24.44	38.06	3.146
2015-07-18 00:48:55.31	20301	10501	-94	-91	10
2015-07-18 00:58:51.611	20301	10501	-94	-97	10	24.28	38.01	3.155
2015-07-18 01:26:29.203	20301	10501	-91	-97	10	24.11	37.99	3.155
2015-07-18 01:53:21.202	20301	10501	-94	-94	10	24.22	38.04	3.155
2015-07-18 02:19:51.671	20301	10501	-94	-94	10	24.17	38.03	3.155
2015-07-18 02:20:04.838	20301	10501	-94	-97	10
2015-07-18 02:38:35.431	20301	10501	-94	-97	10
2015-07-18 03:02:44.835	20301	10501	-94	-94	10	24.19	38.04	3.146
2015-07-18 03:28:56.943	20301	10501	-94	-97	10	24.15	38.03	3.155
2015-07-18 03:51:14.923	20301	10501	-94	-91	10
2015-07-18 04:03:54.602	20301	10501	-94	-97	10	24.04	38.02	3.146
2015-07-18 04:17:17.339	20301	10501	-94	-94	10	23.89	37.97	3.164
2015-07-18 05:01:26.586	20301	10501	-94	-94	10	23.52	37.9	3.137
2015-07-18 05:22:25.255	20301	10501	-94	-94	10
2015-07-18 05:32:42.203	20301	10501	-94	-97	10	23.15	37.8	3.146
2015-07-18 06:05:14.795	20301	10501	-94	-97	10	22.92	37.81	3.146
2015-07-18 06:31:04.799	20301	10501	-94	-97	10	22.65	37.75	3.146
2015-07-18 06:31:08.563	20301	10501	-94	-97	10
2015-07-18 06:53:34.655	20301	10501	-91	-97	10
2015-07-18 07:02:12.735	20301	10501	-88	-97	10	23.02	37.92	3.146
2015-07-18 07:36:15.158	20301	10501	-94	-97	10	23.42	38.03	3.137
2015-07-18 08:06:21.627	20301	10501	-94	-94	10	23.59	38.04	3.146
2015-07-18 08:23:27.643	20301	10501	-88	-91	10	23.86	38.14	3.155
2015-07-18 08:24:45.534	20301	10501	-88	-97	10
2015-07-18 08:53:13.599	20301	10501	-91	-97	10	24.61	38.35	3.137
2015-07-18 09:16:11.443	20301	10501	-91	-94	10	25.11	38.47	3.146
2015-07-18 09:55:55.379	20301	10501	-94	-97	10
2015-07-18 09:57:33.919	20301	10501	-94	-97	10	25.93	38.69	3.128
2015-07-18 10:17:45.432	20301	10501	-94	-88	10	26.49	38.81	3.146
2015-07-18 10:23:42.207	20301	10501	-91	-97	10
2015-07-18 11:05:01.363	20301	10501	-94	-97	10	27.99	39.14	3.128
2015-07-18 11:21:57.219	20301	10501	-88	-97	10	28.44	39.22	3.137
2015-07-18 11:27:08.083	20301	10501	-94	-97	10
2015-07-18 11:56:51.942	20301	10501	-88	-88	10	29.36	39.42	3.128
2015-07-18 12:34:24.079	20301	10501	-94	-94	10	29.9	39.37	3.128
2015-07-18 12:58:15.786	20301	10501	-94	-91	10
2015-07-18 13:04:54.635	20301	10501	-94	-97	10	30.36	39.48	3.128
2015-07-18 13:26:04.392	20301	10501	-91	-91	10	31.02	39.65	3.128
2015-07-18 13:49:48.058	20301	10501	-94	-94	10	31.08	39.56	3.128
2015-07-18 14:16:21.486	20301	10501	-88	-94	10
2015-07-18 14:19:07.503	20301	10501	-91	-97	10	31.63	39.72	3.128
2015-07-18 14:19:13.066	20301	10501	-91	-97	10	31.63	39.72	3.128
2015-07-18 14:29:42.143	20301	10501	-88	-97	10
2015-07-18 14:47:59.406	20301	10501	-88	-88	10	31.97	39.79	3.128
2015-07-18 15:31:02.146	20301	10501	-91	-97	10	31.21	39.43	3.12
2015-07-18 15:52:39.322	20301	10501	-91	-97	10	30.63	39.27	3.128
2015-07-18 16:22:39.643	20301	10501	-91	-97	10	31.35	39.51	3.12
2015-07-18 17:20:50.183	20301	10501	-94	-97	10	31.11	39.35	3.128
2015-07-18 17:31:45.795	20301	10501	-91	-97	10
2015-07-18 18:02:46.247	20301	10501	-88	-97	10	30.57	39.23	3.111
2015-07-18 18:08:47.614	20301	10501	-94	-97	10
2015-07-18 18:35:44.654	20301	10501	-91	-97	10	29.94	39.06	3.12
2015-07-18 18:48:38.983	20301	10501	-94	-97	10	29.58	38.92	3.137
2015-07-18 19:02:56.603	20301	10501	-94	-97	10
2015-07-18 19:17:46.926	20301	10501	-94	-91	10	28.91	38.85	3.12
2015-07-18 19:58:29.663	20301	10501	-94	-94	10	27.58	38.51	3.12
2015-07-18 20:23:53.327	20301	10501	-94	-97	10	26.74	38.33	3.128
2015-07-18 20:34:06.246	20301	10501	-94	-97	10
2015-07-18 20:59:51.142	20301	10501	-94	-97	10	25.58	38.11	3.12
2015-07-18 21:29:52.122	20301	10501	-94	-94	10	24.85	38.03	3.12
2015-07-18 22:01:01.886	20301	10501	-94	-97	10	24.34	37.98	3.12
2015-07-18 22:01:20.89	20301	10501	-94	-97	10
2015-07-18 22:05:16.011	20301	10501	-94	-97	10
2015-07-18 22:19:49.162	20301	10501	-94	-97	10	24.11	37.99	3.128
2015-07-18 22:59:34.082	20301	10501	-94	-94	10	23.76	37.99	3.12
2015-07-18 23:16:29.494	20301	10501	-94	-94	10	23.7	37.99	3.128
2015-07-18 23:36:26.131	20301	10501	-94	-97	10
2015-07-18 23:44:25.011	20301	10501	-94	-97	10	24.08	38.16	3.128
2015-07-19 00:35:54.527	20301	10501	-94	-94	10	23.71	37.99	3.12
2015-07-19 01:03:14.29	20301	10501	-94	-97	10	23.5	37.97	3.128
2015-07-19 01:07:36.662	20301	10501	-94	-97	10
2015-07-19 01:53:54.199	20301	10501	-94	-94	10
2015-07-19 02:03:28.307	20301	10501	-94	-97	10	23.28	37.98	3.12
2015-07-19 02:19:18.674	20301	10501	-94	-94	10	23.22	37.94	3.146
2015-07-19 02:38:48.139	20301	10501	-94	-97	10
2015-07-19 02:53:55.599	20301	10501	-94	-94	10	23.06	37.92	3.128
2015-07-19 03:32:51.574	20301	10501	-94	-97	10	22.94	37.94	3.146
2015-07-19 04:09:56.754	20301	10501	-91	-97	10
2015-07-19 04:25:07.578	20301	10501	-94	-97	10	22.68	37.88	3.128
2015-07-19 04:56:44.118	20301	10501	-94	-97	10	22.79	37.96	3.128
2015-07-19 05:26:40.355	20301	10501	-94	-94	10	22.79	37.96	3.12
2015-07-19 05:41:06.607	20301	10501	-94	-97	10
2015-07-19 05:46:28.036	20301	10501	-94	-94	10
2015-07-19 05:52:32.947	20301	10501	-94	-97	10	22.74	37.92	3.128
2015-07-19 06:29:27.219	20301	10501	-94	-97	10	22.36	37.85	3.12
2015-07-19 06:54:07.51	20301	10501	-94	-94	10	22.43	37.86	3.128
2015-07-19 07:12:16.171	20301	10501	-94	-97	10
2015-07-19 07:32:49.395	20301	10501	-94	-97	10	22.69	37.99	3.12
2015-07-19 08:34:05.346	20301	10501	-91	-97	10	23.65	38.29	3.12
2015-07-19 08:43:26.874	20301	10501	-91	-97	10
2015-07-19 08:47:00.134	20301	10501	-94	-97	10	24.01	38.36	3.128
2015-07-19 09:39:00.586	20301	10501	-91	-94	10
2015-07-19 09:58:11.442	20301	10501	-94	-97	10	26.1	38.91	3.111
2015-07-19 10:14:37.338	20301	10501	-94	-97	10
2015-07-19 10:14:42.33	20301	10501	-94	-97	10	26.33	38.9	3.12
2015-07-19 10:54:28.618	20301	10501	-94	-91	10	27.4	39.11	3.103
2015-07-19 11:45:48.51	20301	10501	-94	-97	10
2015-07-19 11:57:09.69	20301	10501	-88	-97	10	29.52	39.64	3.103
2015-07-19 12:15:26.566	20301	10501	-91	-94	10	30.0	39.69	3.111
2015-07-19 12:52:07.05	20301	10501	-91	-97	10	30.61	39.65	3.094
2015-07-19 13:16:58.519	20301	10501	-91	-97	10
2015-07-19 13:31:38.083	20301	10501	-88	-97	10
2015-07-19 13:34:02.566	20301	10501	-94	-88	10	31.41	39.8	3.094
2015-07-19 13:34:05.486	20301	10501	-94	-88	10	31.41	39.8	3.094
2015-07-19 13:56:05.399	20301	10501	-94	-97	10	31.02	39.58	3.103
2015-07-19 14:34:58.623	20301	10501	-94	-97	10	31.4	39.66	3.094
2015-07-19 14:48:08.119	20301	10501	-91	-88	10
2015-07-19 14:51:01.491	20301	10501	-88	-97	10	31.49	39.67	3.111
2015-07-19 15:31:10.834	20301	10501	-91	-88	10	31.94	39.78	3.094
2015-07-19 15:50:11.724	20301	10501	-91	-91	10	31.86	39.77	3.103
2015-07-19 16:19:45.998	20301	10501	-91	-88	10	31.88	39.74	3.094
2015-07-19 17:05:48.578	20301	10501	-94	-97	10	30.66	39.34	3.094
2015-07-19 17:24:05.222	20301	10501	-91	-97	10
2015-07-19 17:31:12.967	20301	10501	-91	-97	10	30.04	39.17	3.103
2015-07-19 17:50:29.267	20301	10501	-88	-94	10
2015-07-19 17:51:00.458	20301	10501	-88	-97	10	29.85	39.19	3.103
2015-07-19 18:24:32.706	20301	10501	-88	-97	10	29.36	39.11	3.094
2015-07-19 18:55:56.07	20301	10501	-88	-97	10	28.72	38.97	3.094
2015-07-19 19:21:37.722	20301	10501	-91	-88	10
2015-07-19 19:35:44.903	20301	10501	-88	-88	10	27.97	38.79	3.094
2015-07-19 19:59:24.307	20301	10501	-91	-97	10	27.44	38.67	3.103
2015-07-19 20:27:15.326	20301	10501	-94	-97	10	26.15	38.37	3.111
2015-07-19 20:52:47.683	20301	10501	-94	-94	10
2015-07-19 21:05:28.906	20301	10501	-94	-91	10	25.27	38.25	3.103
2015-07-19 21:16:31.942	20301	10501	-94	-97	10	25.22	38.28	3.12
2015-07-19 21:16:37.982	20301	10501	-94	-97	10	25.22	38.28	3.12
2015-07-19 21:16:44.011	20301	10501	-94	-97	10
2015-07-19 22:05:30.474	20301	10501	-91	-88	10	24.63	38.25	3.103
2015-07-19 22:17:13.302	20301	10501	-94	-97	10	24.52	38.24	3.12
2015-07-19 22:23:58.171	20301	10501	-91	-97	10
2015-07-19 22:55:09.511	20301	10501	-91	-97	10	24.11	38.16	3.103
2015-07-19 23:17:29.443	20301	10501	-91	-97	10	23.85	38.14	3.111
2015-07-19 23:52:35.815	20301	10501	-94	-97	10	23.44	38.06	3.103
2015-07-19 23:55:08.802	20301	10501	-94	-97	10
2015-07-20 00:35:32.894	20301	10501	-94	-97	10	22.99	37.98	3.103
2015-07-20 00:47:20.498	20301	10501	-94	-97	10	22.86	37.97	3.111
2015-07-20 01:09:11.615	20301	10501	-94	-94	10
2015-07-20 01:18:39.32	20301	10501	-94	-97	10	22.69	37.95	3.111
2015-07-20 01:26:18.111	20301	10501	-94	-97	10
2015-07-20 02:03:27.339	20301	10501	-91	-94	10	22.36	37.92	3.103
2015-07-20 02:18:10.443	20301	10501	-94	-97	10	22.27	37.91	3.12
2015-07-20 02:57:29.203	20301	10501	-94	-94	10
2015-07-20 02:57:45.375	20301	10501	-94	-97	10	21.92	37.88	3.103
2015-07-20 03:33:31.324	20301	10501	-94	-97	10	21.67	37.85	3.103
2015-07-20 03:53:16.058	20301	10501	-94	-94	10	21.58	37.84	3.111
2015-07-20 04:28:38.974	20301	10501	-94	-97	10
2015-07-20 04:35:24.09	20301	10501	-94	-97	10	21.38	37.82	3.094
2015-07-20 04:50:51.787	20301	10501	-94	-97	10	21.31	37.81	3.111
2015-07-20 05:01:45.659	20301	10501	-94	-94	10
2015-07-20 05:22:17.259	20301	10501	-94	-97	10	21.0	37.72	3.103
2015-07-20 05:45:48.367	20301	10501	-94	-97	10	20.74	37.69	3.103
2015-07-20 05:59:48.523	20301	10501	-94	-97	10
2015-07-20 06:34:46.579	20301	10501	-91	-97	10	20.57	37.71	3.094
2015-07-20 06:50:01.771	20301	10501	-94	-94	10	20.58	37.74	3.111
2015-07-20 07:21:21.779	20301	10501	-94	-97	10	20.81	37.83	3.103
2015-07-20 07:30:59.026	20301	10501	-91	-97	10
2015-07-20 07:51:54.779	20301	10501	-88	-97	10	21.14	37.93	3.103
2015-07-20 08:23:24.97	20301	10501	-94	-97	10	21.83	38.14	3.103
2015-07-20 08:54:18.055	20301	10501	-88	-91	10
2015-07-20 09:02:09.539	20301	10501	-94	-97	10
2015-07-20 09:06:07.855	20301	10501	-94	-97	10	22.43	38.27	3.094
2015-07-20 09:35:50.182	20301	10501	-91	-94	10	22.86	38.38	3.103
2015-07-20 09:48:42.471	20301	10501	-94	-97	10	23.02	38.39	3.111
2015-07-20 10:15:22.495	20301	10501	-94	-97	10	23.86	38.68	3.094
2015-07-20 10:33:19.779	20301	10501	-94	-97	10
2015-07-20 11:05:42.95	20301	10501	-91	-88	10	25.4	39.04	3.094
2015-07-20 11:22:00.295	20301	10501	-94	-97	10	25.99	39.17	3.103
2015-07-20 11:56:27.455	20301	10501	-94	-91	10	27.11	39.36	3.086
2015-07-20 12:04:29.794	20301	10501	-91	-97	10
2015-07-20 12:20:00.83	20301	10501	-88	-91	10	28.04	39.49	3.094
2015-07-20 12:44:50.486	20301	10501	-91	-97	10	29.19	39.71	3.094
2015-07-20 12:46:51.454	20301	10501	-94	-97	10
2015-07-20 13:35:38.534	20301	10501	-94	-97	10	30.05	39.8	3.077
2015-07-20 13:35:41.678	20301	10501	-94	-97	10
2015-07-20 14:01:35.614	20301	10501	-91	-97	10	30.61	39.89	3.077
2015-07-20 14:32:04.302	20301	10501	-91	-97	10	30.82	39.87	3.077
2015-07-20 14:44:31.298	20301	10501	-88	-97	10	30.94	39.89	3.094
2015-07-20 15:06:50.062	20301	10501	-88	-94	10
2015-07-20 15:27:43.706	20301	10501	-94	-94	10	30.91	39.81	3.077
2015-07-20 15:53:14.891	20301	10501	-88	-97	10	30.29	39.54	3.077
2015-07-20 16:33:40.194	20301	10501	-94	-88	10	30.25	39.54	3.077
2015-07-20 16:38:10.447	20301	10501	-94	-97	10
2015-07-20 16:39:23.198	20301	10501	-91	-97	10
2015-07-20 16:53:58.407	20301	10501	-94	-97	10	29.97	39.48	3.094
2015-07-20 17:25:54.663	20301	10501	-97	-97	10	29.22	39.26	3.077
2015-07-20 18:04:34.467	20301	10501	-94	-97	10	29.05	39.28	3.086
2015-07-20 18:09:09.998	20301	10501	-91	-94	10
2015-07-20 18:32:16.591	20301	10501	-94	-97	10	28.11	39.05	3.086
2015-07-20 18:51:39.328	20301	10501	-94	-97	10	27.88	38.96	3.094
2015-07-20 19:18:48.326	20301	10501	-94	-97	11	27.3	38.83	3.086
2015-07-20 19:40:21.935	20301	10501	-94	-97	10
2015-07-20 19:44:55.394	20301	10501	-94	-97	10	26.71	38.73	3.086
2015-07-21 09:57:55.334	20301	10501	-91	-91	20	23.21	38.68	3.077
2015-07-21 12:02:17.711	20301	10501	-94	-94	17
2015-07-21 12:21:16.551	20301	10501	-94	-97	17	28.07	39.76	3.069
2015-07-21 13:04:25.246	20301	10501	-94	-88	15	28.26	39.47	3.069
2015-07-21 13:54:27.37	20301	10501	-94	-97	15
2015-07-21 14:02:54.958	20301	10501	-94	-97	15	26.61	38.83	3.069
2015-07-21 14:17:32.298	20301	10501	-94	-97	13	24.44	38.2	3.086
2015-07-21 14:49:38.93	20301	10501	-94	-94	13	23.39	38.26	3.077
2015-07-21 15:25:36.202	20301	10501	-94	-97	15
2015-07-21 15:35:48.798	20301	10501	-94	-97	16	21.43	37.89	3.069
2015-07-21 15:54:41.686	20301	10501	-94	-97	15
2015-07-21 15:58:37.674	20301	10501	-94	-97	15	21.47	38.03	3.077
2015-07-21 16:32:26.918	20301	10501	-91	-97	15	23.35	38.77	3.077
2015-07-21 16:56:41.318	20301	10501	-94	-88	15
2015-07-21 17:01:50.807	20301	10501	-88	-97	15	24.91	39.13	3.077
2015-07-21 17:20:56.302	20301	10501	-94	-97	13	24.72	38.97	3.077
2015-07-21 17:44:32.762	20301	10501	-94	-94	13	24.29	38.73	3.077
2015-07-21 18:36:21.307	20301	10501	-94	-97	11	24.49	38.81	3.069
2015-07-21 18:46:51.054	20301	10501	-91	-97	10	24.15	38.71	3.086
2015-07-21 19:14:39.338	20301	10501	-94	-94	10	23.63	38.52	3.069
2015-07-21 19:47:22.434	20301	10501	-94	-97	18
2015-07-21 19:59:08.338	20301	10501	-94	-97	18
2015-07-21 20:03:51.318	20301	10501	-94	-97	18	22.44	38.27	3.069
2015-07-21 20:16:13.39	20301	10501	-94	-97	18	22.06	38.16	3.086
2015-07-21 21:01:00.902	20301	10501	-94	-97	15	20.61	37.81	3.069
2015-07-21 21:36:23.402	20301	10501	-94	-94	19	19.46	37.63	3.069
2015-07-21 22:06:09.612	20301	10501	-94	-97	19	18.36	37.42	3.077
2015-07-21 22:18:24.37	20301	10501	-94	-94	18	18.0	37.35	3.086
2015-07-21 22:44:46.382	20301	10501	-94	-91	18	17.25	37.21	3.077
2015-07-21 23:01:21.455	20301	10501	-94	-97	18
2015-07-21 23:19:44.766	20301	10501	-94	-94	17	16.58	37.14	3.077
2015-07-21 23:39:47.73	20301	10501	-94	-94	16
2015-07-21 23:49:57.718	20301	10501	-94	-97	16	15.96	37.01	3.077
2015-07-22 00:15:59.178	20301	10501	-94	-94	15	15.56	36.97	3.077
2015-07-22 00:32:32.255	20301	10501	-94	-97	15
2015-07-22 01:03:10.843	20301	10501	-94	-97	14	15.0	36.91	3.069
2015-07-22 01:15:29.119	20301	10501	-94	-94	13	14.82	36.9	3.086
2015-07-22 01:57:05.006	20301	10501	-94	-97	12	14.47	36.9	3.06
2015-07-22 02:03:41.698	20301	10501	-94	-97	12
2015-07-22 02:26:37.838	20301	10501	-94	-97	12	14.27	36.84	3.077
2015-07-22 03:01:37.266	20301	10501	-94	-94	10	14.0	36.81	3.077
2015-07-22 03:23:39.398	20301	10501	-94	-97	10	13.82	36.8	3.077
2015-07-22 03:32:20.998	20301	10501	-94	-97	10
2015-07-22 03:34:51.755	20301	10501	-94	-97	10
2015-07-22 04:00:18.042	20301	10501	-94	-97	10	13.65	36.78	3.077
2015-07-22 04:32:48.402	20301	10501	-94	-94	10	13.54	36.77	3.077
2015-07-22 04:59:56.342	20301	10501	-94	-97	10	13.77	36.92	3.077
2015-07-22 05:06:02.774	20301	10501	-94	-91	10
2015-07-22 05:27:40.338	20301	10501	-94	-97	10	13.57	36.84	3.077
2015-07-22 05:57:15.806	20301	10501	-94	-97	10	13.54	36.83	3.077
2015-07-22 06:26:36.274	20301	10501	-94	-97	10	13.67	36.91	3.077
2015-07-22 06:37:12.93	20301	10501	-94	-97	10
2015-07-22 06:59:46.05	20301	10501	-94	-91	10	13.64	36.91	3.069
2015-07-22 07:24:53.786	20301	10501	-94	-97	10
2015-07-22 07:30:27.539	20301	10501	-94	-97	10	14.18	37.1	3.069
2015-07-22 07:54:07.479	20301	10501	-94	-97	10	14.93	37.27	3.077
2015-07-22 08:08:22.855	20301	10501	-94	-94	10
2015-07-22 08:31:33.975	20301	10501	-94	-97	10	16.04	37.59	3.069
2015-07-22 09:29:46.555	20301	10501	-94	-97	10	18.22	38.11	3.06
2015-07-22 09:39:32.927	20301	10501	-94	-94	10
2015-07-22 10:03:51.83	20301	10501	-94	-97	10	19.61	38.39	3.06
2015-07-22 10:29:35.883	20301	10501	-94	-97	10	20.78	38.47	3.069
2015-07-22 10:55:55.314	20301	10501	-94	-97	10	21.5	38.71	3.069
2015-07-22 11:47:22.091	20301	10501	-94	-94	14	23.02	39.07	3.06
2015-07-22 13:32:25.492	20301	10501	-94	-97	10	24.29	39.0	3.052
2015-07-22 14:04:07.923	20301	10501	-94	-97	10	24.22	38.99	3.052
2015-07-22 14:13:02.911	20301	10501	-94	-94	10
2015-07-22 14:21:04.631	20301	10501	-94	-97	10	24.29	39.1	3.06
2015-07-22 14:58:58.486	20301	10501	-94	-97	10	24.55	39.09	3.052
2015-07-22 15:09:59.422	20301	10501	-94	-97	10
2015-07-22 15:16:03.874	20301	10501	-88	-97	10	24.97	39.2	3.06
2015-07-22 15:44:15.574	20301	10501	-88	-97	10
2015-07-22 16:04:22.243	20301	10501	-94	-94	10	24.17	38.85	3.052
2015-07-22 16:14:19.007	20301	10501	-94	-97	10	23.78	38.78	3.06
2015-07-22 17:06:08.111	20301	10501	-94	-91	10	24.57	38.99	3.052
2015-07-22 17:15:23.391	20301	10501	-88	-97	10
2015-07-22 17:28:51.519	20301	10501	-94	-97	10	24.22	38.96	3.06
2015-07-22 17:56:14.679	20301	10501	-94	-97	10	23.53	38.65	3.06
2015-07-22 18:29:05.875	20301	10501	-94	-97	10	23.04	38.6	3.052
2015-07-22 19:55:13.607	20301	10501	-94	-97	10	20.94	38.08	3.052
2015-07-22 20:17:43.535	20301	10501	-94	-97	10
2015-07-22 20:28:17.623	20301	10501	-94	-97	10	20.04	37.89	3.06
2015-07-22 20:51:10.875	20301	10501	-94	-97	10	19.4	37.72	3.06
2015-07-22 21:33:25.435	20301	10501	-91	-91	10	18.36	37.52	3.052
2015-07-22 21:48:53.251	20301	10501	-94	-97	10
2015-07-22 21:53:53.186	20301	10501	-91	-97	10	17.95	37.48	3.06
2015-07-22 22:33:03.746	20301	10501	-91	-97	10	17.32	37.35	3.06
2015-07-22 22:55:06.306	20301	10501	-94	-97	10
2015-07-22 23:00:43.395	20301	10501	-94	-97	10	16.88	37.3	3.06
2015-07-22 23:16:50.175	20301	10501	-94	-94	10	16.64	37.28	3.069
2015-07-22 23:20:03.735	20301	10501	-94	-97	10
2015-07-22 23:46:03.642	20301	10501	-91	-97	10	16.1	37.22	3.06
2015-07-23 00:31:01.807	20301	10501	-94	-97	10	15.57	37.17	3.052
2015-07-23 00:51:13.894	20301	10501	-94	-97	10
2015-07-23 00:58:37.154	20301	10501	-94	-97	10	15.38	37.15	3.06
2015-07-23 01:24:49.39	20301	10501	-94	-97	10	15.22	37.14	3.06
2015-07-23 01:53:59.55	20301	10501	-94	-97	10	15.02	37.12	3.06
2015-07-23 02:22:23.93	20301	10501	-94	-97	10
2015-07-23 02:23:07.222	20301	10501	-94	-97	10	15.0	37.15	3.06
2015-07-23 02:47:39.875	20301	10501	-94	-94	10
2015-07-23 03:05:19.71	20301	10501	-94	-94	10	15.0	37.18	3.06
2015-07-23 03:15:16.61	20301	10501	-94	-97	10	15.0	37.18	3.069
2015-07-23 03:48:16.995	20301	10501	-94	-97	10	14.68	37.08	3.06
2015-07-23 03:53:33.779	20301	10501	-94	-97	10
2015-07-23 04:18:26.274	20301	10501	-94	-91	10	14.25	36.97	3.06
2015-07-23 04:55:44.078	20301	10501	-94	-94	10	13.95	36.94	3.052
2015-07-23 05:24:44.302	20301	10501	-94	-91	10
2015-07-23 05:27:10.742	20301	10501	-91	-97	10	13.78	36.96	3.06
2015-07-23 05:47:49.659	20301	10501	-94	-91	10	13.7	36.98	3.06
2015-07-23 06:20:17.471	20301	10501	-94	-97	10	13.72	36.99	3.06
2015-07-23 06:40:11.619	20301	10501	-94	-94	10
2015-07-23 06:47:47.151	20301	10501	-94	-97	10	13.95	37.04	3.06
2015-07-23 06:55:54.222	20301	10501	-94	-97	10
2015-07-23 07:15:35.914	20301	10501	-94	-97	10	14.28	37.18	3.06
2015-07-23 07:58:15.951	20301	10501	-91	-97	10	15.0	37.38	3.052
2015-07-23 08:18:15.826	20301	10501	-94	-97	10	15.97	37.68	3.06
2015-07-23 08:27:04.994	20301	10501	-94	-97	10
2015-07-23 09:01:07.007	20301	10501	-94	-97	10	17.77	38.13	3.044
2015-07-23 09:22:01.27	20301	10501	-97	-94	10	18.68	38.29	3.052
2015-07-23 09:46:26.579	20301	10501	-94	-94	10	19.79	38.54	3.052
2015-07-23 09:58:15.012	20301	10501	-94	-97	10
2015-07-23 10:32:46.286	20301	10501	-94	-97	10
2015-07-23 10:33:14.07	20301	10501	-91	-97	10	21.72	38.87	3.036
2015-07-23 10:54:01.846	20301	10501	-94	-97	10	22.31	39.0	3.052
2015-07-23 11:29:25.394	20301	10501	-94	-97	10
2015-07-23 11:32:19.566	20301	10501	-94	-97	10	23.51	39.22	3.036
2015-07-23 11:49:09.623	20301	10501	-94	-97	10	23.33	39.1	3.036
2015-07-23 12:28:35.282	20301	10501	-94	-97	10	25.26	39.44	3.036
2015-07-23 13:00:34.706	20301	10501	-94	-97	10
2015-07-23 13:05:16.486	20301	10501	-91	-97	10	26.47	39.7	3.036
2015-07-23 13:57:48.907	20301	10501	-94	-91	10	27.63	39.82	3.036
2015-07-23 14:25:27.927	20301	10501	-88	-97	10
2015-07-23 14:27:09.347	20301	10501	-94	-97	10	27.38	39.73	3.036
2015-07-23 14:31:44.842	20301	10501	-94	-97	10
2015-07-23 15:04:29.559	20301	10501	-91	-97	10	27.94	39.85	3.036
2015-07-23 15:59:24.542	20301	10501	-94	-97	10	27.76	39.76	3.036
2015-07-23 16:02:55.091	20301	10501	-94	-97	10
2015-07-23 16:22:53.61	20301	10501	-94	-97	10	27.93	39.71	3.044
2015-07-23 16:58:42.422	20301	10501	-88	-97	10	27.65	39.48	3.036
2015-07-23 17:19:23.678	20301	10501	-94	-97	10	27.18	39.43	3.044
2015-07-23 17:34:06.05	20301	10501	-94	-97	10
2015-07-23 17:57:12.323	20301	10501	-91	-97	10	26.24	39.13	3.036
2015-07-23 18:17:42.363	20301	10501	-94	-97	10	25.93	39.17	3.027
2015-07-23 18:17:52.175	20301	10501	-91	-97	10
2015-07-23 18:45:14.371	20301	10501	-94	-97	10	24.99	38.94	3.019
2015-07-23 19:05:15.695	20301	10501	-91	-97	10
2015-07-23 19:36:31.679	20301	10501	-91	-97	10	23.65	38.59	3.036
2015-07-23 19:56:29.891	20301	10501	-91	-97	10	23.0	38.39	3.044
2015-07-23 20:16:23.919	20301	10501	-88	-97	10	22.29	38.25	3.044
2015-07-23 20:36:25.618	20301	10501	-91	-97	10
2015-07-23 20:50:12.027	20301	10501	-91	-97	10	21.11	38.0	3.036
2015-07-23 21:25:37.275	20301	10501	-91	-97	10	19.92	37.84	3.044
2015-07-23 22:05:25.099	20301	10501	-91	-97	10	18.89	37.64	3.044
2015-07-23 22:07:36.079	20301	10501	-91	-97	10
2015-07-23 22:10:24.879	20301	10501	-91	-91	10
2015-07-23 22:34:24.302	20301	10501	-91	-97	10	18.43	37.59	3.044
2015-07-23 22:50:29.323	20301	10501	-91	-97	10	18.15	37.57	3.052
2015-07-23 23:14:13.678	20301	10501	-91	-97	10	17.68	37.52	3.044
2015-07-23 23:38:45.215	20301	10501	-91	-91	10
2015-07-23 23:48:03.874	20301	10501	-91	-97	10	16.92	37.37	3.044
2015-07-24 00:28:51.231	20301	10501	-91	-97	10	16.27	37.31	3.044
2015-07-24 00:45:18.787	20301	10501	-88	-97	10	16.1	37.26	3.052
2015-07-24 01:09:56.374	20301	10501	-88	-88	10
2015-07-24 01:35:54.698	20301	10501	-91	-97	10	15.1	37.12	3.044
2015-07-24 02:01:11.402	20301	10501	-91	-97	10	14.7	37.02	3.052
2015-07-24 02:02:57.811	20301	10501	-91	-91	10
2015-07-24 02:30:20.998	20301	10501	-91	-97	10	14.25	36.97	3.044
2015-07-24 02:41:05.746	20301	10501	-88	-97	10
2015-07-24 02:51:32.027	20301	10501	-91	-97	10	14.03	36.95	3.052
2015-07-24 03:28:37.782	20301	10501	-91	-97	10	13.57	36.91	3.044
2015-07-24 03:48:29.535	20301	10501	-94	-91	10	13.32	36.91	3.052
2015-07-24 04:12:15.999	20301	10501	-94	-97	10
2015-07-24 04:28:03.359	20301	10501	-91	-97	10	13.08	36.86	3.044
2015-07-24 04:50:51.206	20301	10501	-91	-97	10	13.06	36.89	3.044
2015-07-24 05:35:36.53	20301	10501	-94	-97	10	12.78	36.82	3.044
2015-07-24 05:43:26.494	20301	10501	-88	-91	10
2015-07-24 05:49:48.687	20301	10501	-94	-97	10	12.7	36.82	3.052
2015-07-24 05:55:30.766	20301	10501	-94	-97	10
2015-07-24 06:17:00.058	20301	10501	-91	-94	10	12.5	36.8	3.044
2015-07-24 07:03:39.25	20301	10501	-88	-97	10	12.71	36.92	3.044
2015-07-24 07:14:36.69	20301	10501	-88	-97	10
2015-07-24 07:26:41.21	20301	10501	-91	-97	10	13.06	37.05	3.044
2015-07-24 08:02:30.935	20301	10501	-94	-97	10	14.04	37.35	3.044
2015-07-24 08:21:13.636	20301	10501	-91	-91	10	15.0	37.58	3.044
2015-07-24 08:45:46.386	20301	10501	-88	-91	10
2015-07-24 08:55:54.975	20301	10501	-88	-97	10	16.89	38.11	3.044
2015-07-24 09:22:17.923	20301	10501	-91	-97	10	18.25	38.38	3.036
2015-07-24 09:48:03.53	20301	10501	-94	-97	10
2015-07-24 09:49:50.298	20301	10501	-94	-97	10	19.86	38.75	3.036
2015-07-24 10:16:56.779	20301	10501	-91	-94	10
2015-07-24 10:25:09.994	20301	10501	-94	-97	10	21.6	38.99	3.027
2015-07-24 10:48:27.303	20301	10501	-94	-91	10	22.81	39.25	3.036
2015-07-24 11:16:51.164	20301	10501	-94	-88	10	23.79	39.36	3.036
2015-07-24 11:48:07.35	20301	10501	-94	-97	10
2015-07-24 12:03:12.114	20301	10501	-94	-94	10	25.46	39.59	3.044
2015-07-24 12:24:45.347	20301	10501	-91	-97	10	26.76	39.76	3.044
2015-07-24 12:45:41.347	20301	10501	-91	-97	10	27.66	39.96	3.036
2015-07-24 13:19:19.243	20301	10501	-94	-97	10
2015-07-24 13:24:35.554	20301	10501	-94	-97	10	28.35	40.0	3.019
2015-07-24 13:40:39.595	20301	10501	-91	-97	10
2015-07-24 13:59:53.147	20301	10501	-91	-97	10	28.61	39.92	3.044
2015-07-24 14:23:35.199	20301	10501	-94	-97	10	28.66	39.93	3.011
2015-07-24 14:46:18.822	20301	10501	-91	-97	10	29.26	40.13	3.027
2015-07-24 14:50:27.011	20301	10501	-94	-97	10
2015-07-24 16:21:37.646	20301	10501	-91	-97	10
2015-07-24 16:24:24.991	20301	10501	-94	-97	10	29.21	39.95	3.019
2015-07-24 16:51:21.874	20301	10501	-88	-97	10	28.55	39.71	3.019
2015-07-24 17:18:18.347	20301	10501	-91	-97	10	28.41	39.66	3.036
2015-07-24 17:33:09.843	20301	10501	-91	-88	10
2015-07-24 17:52:47.402	20301	10501	-91	-97	10
2015-07-24 18:05:47.171	20301	10501	-88	-91	10	28.02	39.59	3.019
2015-07-24 19:51:25.659	20301	10501	-91	-94	10	24.77	38.84	3.027
2015-07-24 20:33:40.523	20301	10501	-88	-97	10	23.42	38.5	3.019
2015-07-24 20:54:14.574	20301	10501	-88	-97	10	22.7	38.36	3.036
2015-07-24 20:55:08.379	20301	10501	-88	-97	10
2015-07-24 21:22:09.591	20301	10501	-88	-97	10	21.83	38.21	3.027
2015-07-24 21:25:42.719	20301	10501	-91	-97	10
2015-07-24 21:47:08.439	20301	10501	-91	-97	10	21.25	38.11	3.036
2015-07-24 22:17:59.838	20301	10501	-91	-97	10	20.61	38.05	3.036
2015-07-24 22:26:18.322	20301	10501	-88	-97	10
2015-07-24 23:01:14.086	20301	10501	-88	-97	10	19.93	37.95	3.019
2015-07-24 23:30:32.554	20301	10501	-91	-97	10	19.47	37.9	3.027
2015-07-24 23:46:52.602	20301	10501	-88	-97	10	19.22	37.87	3.036
2015-07-24 23:57:27.882	20301	10501	-91	-88	10
2015-07-25 00:20:11.598	20301	10501	-91	-97	10	18.81	37.83	3.027
2015-07-25 00:52:09.914	20301	10501	-88	-97	10	18.42	37.79	3.027
2015-07-25 01:18:16.126	20301	10501	-88	-88	10
2015-07-25 01:21:41.014	20301	10501	-88	-97	10	18.24	37.77	3.027
2015-07-25 01:28:39.178	20301	10501	-88	-97	10
2015-07-25 01:50:38.15	20301	10501	-91	-97	10	17.9	37.74	3.036
2015-07-25 02:21:59.938	20301	10501	-91	-88	10	17.54	37.67	3.027
2015-07-25 02:55:23.542	20301	10501	-88	-97	10	17.4	37.69	3.027
2015-07-25 02:59:48.222	20301	10501	-88	-85	10
2015-07-25 03:29:04.35	20301	10501	-88	-88	10	16.96	37.58	3.027
2015-07-25 03:55:57.102	20301	10501	-91	-97	10	16.54	37.47	3.027
2015-07-25 04:26:01.89	20301	10501	-91	-97	10	16.04	37.39	3.027
2015-07-25 04:30:58.01	20301	10501	-88	-97	10
2015-07-25 04:48:22.994	20301	10501	-88	-97	10	15.79	37.39	3.036
2015-07-25 05:10:48.502	20301	10501	-88	-97	10
2015-07-25 05:16:23.09	20301	10501	-88	-97	10	15.53	37.33	3.036
2015-07-25 06:01:57.046	20301	10501	-88	-97	10	15.15	37.3	3.027
2015-07-25 06:02:08.142	20301	10501	-91	-97	10
2015-07-25 06:21:49.71	20301	10501	-91	-97	10	15.0	37.28	3.036
2015-07-25 07:03:42.095	20301	10501	-88	-88	10	15.0	37.32	3.027
2015-07-25 07:29:21.37	20301	10501	-88	-91	10	15.2	37.43	3.036
2015-07-25 07:33:18.674	20301	10501	-88	-97	10
2015-07-25 07:45:01.242	20301	10501	-88	-97	10	15.57	37.57	3.036
2015-07-25 08:21:00.594	20301	10501	-88	-97	10	17.18	38.0	3.027
2015-07-25 08:57:00.27	20301	10501	-88	-97	10	19.02	38.49	3.027
2015-07-25 09:03:21.942	20301	10501	-91	-97	10
2015-07-25 09:04:28.958	20301	10501	-91	-97	10
2015-07-25 09:35:38.103	20301	10501	-94	-94	10	21.01	38.86	3.019
2015-07-25 09:58:33.978	20301	10501	-97	-97	10	22.11	39.08	3.027
2015-07-25 10:58:51.179	20301	10501	-91	-97	10	25.02	39.58	3.019
2015-07-25 12:06:50.042	20301	10501	-91	-97	10
2015-07-25 12:14:48.099	20301	10501	-85	-97	10	28.05	40.1	3.019
2015-07-25 12:55:55.578	20301	10501	-88	-97	10
2015-07-25 13:02:39.042	20301	10501	-91	-97	10	29.72	40.28	3.011
2015-07-25 13:26:12.427	20301	10501	-88	-97	10	30.3	40.41	3.011
2015-07-25 13:37:59.139	20301	10501	-91	-97	10
2015-07-25 13:57:12.426	20301	10501	-94	-94	10	30.25	40.16	3.011
2015-07-25 14:16:17.362	20301	10501	-88	-97	10	31.0	40.44	3.019
2015-07-25 14:45:32.767	20301	10501	-91	-91	10	31.61	40.65	3.011
2015-07-25 15:09:09.879	20301	10501	-94	-88	10
2015-07-25 15:21:13.363	20301	10501	-85	-97	10	31.65	40.44	3.011
2015-07-25 15:57:53.911	20301	10501	-88	-91	10	31.83	40.53	3.011
2015-07-25 16:30:01.571	20301	10501	-88	-97	10	31.8	40.39	3.011
2015-07-25 16:40:19.266	20301	10501	-88	-97	10
2015-07-25 16:48:34.114	20301	10501	-91	-97	10
2015-07-25 16:48:35.77	20301	10501	-91	-97	10	31.44	40.22	3.019
2015-07-25 17:35:27.718	20301	10501	-94	-97	10	30.66	40.0	3.011
2015-07-25 18:02:03.554	20301	10501	-94	-97	10	30.19	39.88	3.011
2015-07-25 18:11:31.898	20301	10501	-91	-97	10
2015-07-25 18:22:59.951	20301	10501	-91	-97	10	29.71	39.83	3.011
2015-07-25 18:57:24.903	20301	10501	-94	-97	10	28.9	39.61	3.011
2015-07-25 19:19:08.727	20301	10501	-94	-97	10	28.3	39.48	3.019
2015-07-25 19:42:39.611	20301	10501	-88	-97	10
2015-07-25 19:47:32.33	20301	10501	-94	-97	10	27.61	39.34	3.011
2015-07-25 20:20:57.511	20301	10501	-88	-97	10	25.99	38.97	2.995
2015-07-25 20:41:01.354	20301	10501	-88	-97	10
2015-07-25 21:05:22.015	20301	10501	-88	-97	10	24.02	38.56	3.011
2015-07-25 21:13:50.203	20301	10501	-88	-97	10
2015-07-25 21:35:45.382	20301	10501	-85	-97	10	23.17	38.48	3.019
2015-07-25 21:48:54.598	20301	10501	-88	-97	10	22.9	38.45	3.027
2015-07-25 22:36:28.506	20301	10501	-88	-97	10	21.97	38.35	3.011
2015-07-25 22:45:00.343	20301	10501	-88	-97	10
2015-07-25 23:05:28.026	20301	10501	-88	-85	10	21.79	38.4	3.019
2015-07-25 23:18:08.307	20301	10501	-88	-97	10	21.67	38.39	3.027
2015-07-25 23:48:37.011	20301	10501	-91	-97	10	21.43	38.37	3.019
2015-07-26 00:16:10.575	20301	10501	-91	-97	10
2015-07-26 00:27:22.826	20301	10501	-91	-97	10	20.74	38.26	3.011
2015-07-26 00:33:34.363	20301	10501	-88	-85	10
2015-07-26 01:05:34.466	20301	10501	-88	-97	10	20.64	38.29	3.019
2015-07-26 01:19:37.603	20301	10501	-85	-97	10	20.83	38.37	3.027
2015-07-26 01:47:20.49	20301	10501	-88	-97	10
2015-07-26 02:02:52.383	20301	10501	-88	-85	10	20.78	38.34	3.011
2015-07-26 02:26:40.758	20301	10501	-88	-97	10	20.46	38.2	3.011
2015-07-26 03:05:01.435	20301	10501	-88	-97	10	19.97	38.08	3.011
2015-07-26 03:18:29.687	20301	10501	-88	-97	10
2015-07-26 03:21:31.219	20301	10501	-91	-97	10	19.82	38.1	3.027
2015-07-26 04:00:01.375	20301	10501	-88	-88	10	19.64	38.12	3.011
2015-07-26 04:14:39.243	20301	10501	-88	-97	10	19.54	38.11	3.027
2015-07-26 04:26:07.119	20301	10501	-88	-88	10
2015-07-26 04:49:39.986	20301	10501	-88	-97	10
2015-07-26 04:49:43.37	20301	10501	-85	-97	10	19.29	38.08	3.011
2015-07-26 05:27:26.898	20301	10501	-85	-97	10	19.06	38.03	3.003
2015-07-26 06:03:53.963	20301	10501	-85	-97	10	19.14	38.1	3.019
2015-07-26 06:20:51.115	20301	10501	-88	-97	10
2015-07-26 06:31:24.315	20301	10501	-88	-85	10	19.14	38.1	3.011
2015-07-26 06:57:34.498	20301	10501	-88	-97	10	19.06	38.06	3.019
2015-07-26 07:16:22.734	20301	10501	-88	-97	10	19.07	38.1	3.019
2015-07-26 07:52:00.295	20301	10501	-85	-97	10
2015-07-26 07:54:41.95	20301	10501	-85	-97	10	19.78	38.33	3.011
2015-07-26 08:18:40.198	20301	10501	-88	-97	10
2015-07-26 08:33:12.506	20301	10501	-88	-97	10	20.9	38.65	3.011
2015-07-26 08:45:56.432	20301	10501	-91	-97	10	21.4	38.77	3.019
2015-07-26 09:23:10.37	20301	10501	-94	-97	10
2015-07-26 09:30:00.122	20301	10501	-88	-97	10	23.29	39.23	3.003
2015-07-26 09:54:28.262	20301	10501	-94	-97	10	24.28	39.4	3.011
2015-07-26 10:35:39.89	20301	10501	-91	-97	10	25.93	39.64	3.003
2015-07-26 10:54:20.802	20301	10501	-94	-97	10
2015-07-26 10:57:58.842	20301	10501	-88	-97	10	26.76	39.87	3.011
2015-07-26 11:20:21.822	20301	10501	-85	-97	10	27.49	39.94	3.011
2015-07-26 11:52:57.718	20301	10501	-94	-97	10	28.58	40.16	2.995
2015-07-26 12:11:13.894	20301	10501	-94	-97	10
2015-07-26 12:25:31.579	20301	10501	-88	-97	10
2015-07-26 12:57:47.058	20301	10501	-91	-97	10	30.47	40.46	3.003
2015-07-26 13:14:28.052	20301	10501	-85	-94	10	30.66	40.41	3.011
2015-07-26 13:56:41.63	20301	10501	-91	-88	10
2015-07-26 14:06:30.394	20301	10501	-88	-97	10	29.6	40.02	3.003
2015-07-26 14:20:43.554	20301	10501	-88	-97	10	30.41	40.28	3.011
2015-07-26 14:59:35.19	20301	10501	-91	-94	10	30.33	40.17	3.003
2015-07-26 15:17:30.183	20301	10501	-91	-97	10	29.6	39.95	3.011
2015-07-26 15:27:51.407	20301	10501	-88	-97	10
2015-07-26 16:03:36.298	20301	10501	-91	-91	10	27.72	39.42	3.003
2015-07-26 16:03:46.994	20301	10501	-91	-97	10
2015-07-26 16:31:15.342	20301	10501	-88	-97	10	27.43	39.46	2.995
2015-07-26 16:59:01.795	20301	10501	-91	-91	10
2015-07-26 17:00:04.938	20301	10501	-94	-97	10	27.24	39.51	3.003
2015-07-26 17:21:29.042	20301	10501	-94	-97	10	26.94	39.44	3.011
2015-07-26 17:56:08.278	20301	10501	-94	-97	10	27.63	39.75	2.995
2015-07-26 18:30:11.203	20301	10501	-88	-97	10
2015-07-26 18:35:03.502	20301	10501	-88	-97	10	26.94	39.48	3.003
2015-07-26 19:03:13.675	20301	10501	-88	-97	10	26.11	39.22	3.003
2015-07-26 19:33:46.362	20301	10501	-88	-88	10	25.4	39.04	3.011
2015-07-26 19:50:50.782	20301	10501	-91	-97	10	24.97	38.97	3.011
2015-07-26 19:56:19.67	20301	10501	-88	-97	10
2015-07-26 20:01:21.642	20301	10501	-88	-97	10
2015-07-26 20:24:48.766	20301	10501	-88	-88	10	24.36	38.87	3.003
2015-07-26 20:57:14.13	20301	10501	-88	-97	10	23.61	38.73	3.011
2015-07-26 21:25:19.278	20301	10501	-88	-97	10	23.07	38.64	3.011
2015-07-26 21:32:31.383	20301	10501	-88	-97	10
2015-07-26 22:00:53.078	20301	10501	-88	-97	10	22.52	38.55	3.003
2015-07-26 22:21:27.094	20301	10501	-88	-97	10	22.29	38.52	3.011
2015-07-26 22:55:12.598	20301	10501	-88	-97	10	21.9	38.48	3.003
2015-07-26 23:03:42.966	20301	10501	-88	-88	10
2015-07-26 23:16:03.998	20301	10501	-85	-97	10	21.67	38.46	3.011
2015-07-26 23:48:53.074	20301	10501	-85	-97	10
2015-07-26 23:50:18.682	20301	10501	-85	-97	10	21.36	38.4	3.003
2015-07-27 00:21:51.686	20301	10501	-85	-97	10	21.08	38.37	3.011
2015-07-27 00:34:51.906	20301	10501	-85	-85	10
2015-07-27 00:48:42.303	20301	10501	-85	-97	10	20.89	38.35	3.011
2015-07-27 01:31:43.458	20301	10501	-88	-88	10	20.6	38.32	3.003
2015-07-27 01:55:20.466	20301	10501	-85	-97	10	20.36	38.29	3.011
2015-07-27 02:06:02.339	20301	10501	-88	-97	10
2015-07-27 02:15:10.946	20301	10501	-85	-97	10	20.32	38.29	3.011
2015-07-27 05:08:23.279	20301	10501	-85	-85	10
2015-07-27 07:35:34.646	20301	10501	-85	-85	10	20.04	38.43	3.003
2015-07-27 08:10:42.895	20301	10501	-88	-88	10
2015-07-27 09:33:40.722	20301	10501	-85	-85	10	22.06	38.97	2.995
2015-07-27 10:04:13.486	20301	10501	-88	-97	10	22.97	39.2	2.995
2015-07-27 10:20:04.25	20301	10501	-88	-97	10	23.56	39.36	3.003
2015-07-27 10:50:21.826	20301	10501	-88	-85	10	24.83	39.67	2.995
2015-07-27 11:13:03.27	20301	10501	-91	-97	10
2015-07-27 11:26:15.514	20301	10501	-91	-94	10	25.97	39.82	2.995
2015-07-27 12:18:08.67	20301	10501	-91	-97	10	28.79	40.49	3.003
2015-07-27 12:44:13.314	20301	10501	-94	-97	10
2015-07-27 12:45:31.035	20301	10501	-94	-97	10	29.13	40.35	2.995
2015-07-27 13:31:10.883	20301	10501	-88	-97	10	28.24	39.88	2.987
2015-07-27 13:49:35.767	20301	10501	-91	-97	10	28.76	40.04	3.003
2015-07-27 14:15:23.13	20301	10501	-91	-97	10
2015-07-27 14:31:33.766	20301	10501	-85	-97	10	30.61	40.64	2.987
2015-07-27 14:52:27.722	20301	10501	-88	-97	10	30.91	40.61	2.995
2015-07-27 15:16:28.346	20301	10501	-85	-97	10	30.55	40.4	2.995
2015-07-27 15:19:04.91	20301	10501	-85	-97	10
2015-07-27 15:46:33.487	20301	10501	-88	-97	10
2015-07-27 15:55:02.298	20301	10501	-85	-85	10	30.88	40.47	2.979
2015-07-27 16:20:18.978	20301	10501	-94	-97	10	31.41	40.56	2.995
2015-07-27 16:58:58.695	20301	10501	-88	-97	10	30.97	40.3	2.995
2015-07-27 17:17:09.987	20301	10501	-85	-97	10	30.69	40.21	2.995
2015-07-27 17:17:43.471	20301	10501	-85	-97	10
2015-07-27 18:04:58.966	20301	10501	-88	-88	10	29.72	40.0	2.987
2015-07-27 18:28:16.386	20301	10501	-88	-88	10	29.22	39.85	2.995
2015-07-27 18:48:53.729	20301	10501	-88	-97	10
2015-07-27 18:59:02.511	20301	10501	-88	-88	10	28.27	39.68	2.995
2015-07-27 19:11:37.539	20301	10501	-88	-97	10
2015-07-27 19:34:10.238	20301	10501	-85	-85	10	27.35	39.45	2.995
2015-07-27 19:57:38.134	20301	10501	-85	-97	10	26.52	39.26	2.995
2015-07-27 20:15:25.89	20301	10501	-88	-97	10	25.93	39.13	3.003
2015-07-27 20:20:03.55	20301	10501	-85	-97	10
2015-07-27 20:45:17.41	20301	10501	-88	-97	10	24.77	38.88	2.995
2015-07-27 21:21:51.154	20301	10501	-85	-97	10	23.54	38.72	2.995
2015-07-27 21:51:13.254	20301	10501	-85	-97	10
2015-07-27 21:52:31.694	20301	10501	-85	-97	10	22.77	38.64	2.995
2015-07-27 22:34:07.81	20301	10501	-82	-85	10	22.11	38.57	2.995
2015-07-27 23:03:47.723	20301	10501	-85	-97	10	21.83	38.58	3.003
2015-07-27 23:04:12.559	20301	10501	-85	-97	10
2015-07-27 23:14:41.58	20301	10501	-85	-97	10	21.71	38.57	3.011
2015-07-27 23:22:24.119	20301	10501	-85	-97	10
2015-07-27 23:59:28.158	20301	10501	-85	-85	10	21.29	38.52	2.995
2015-07-28 00:17:23.522	20301	10501	-85	-97	10	21.24	38.48	3.003
2015-07-28 00:50:18.894	20301	10501	-85	-97	10	21.07	38.5	2.995
2015-07-28 00:53:34.234	20301	10501	-85	-97	10
2015-07-28 01:31:10.45	20301	10501	-85	-97	10	20.86	38.44	2.995
2015-07-28 01:58:19.295	20301	10501	-85	-97	10	20.67	38.46	3.003
2015-07-28 02:23:51.162	20301	10501	-85	-97	10	20.45	38.4	2.995
2015-07-28 02:24:44.787	20301	10501	-85	-97	10
2015-07-28 02:56:44.014	20301	10501	-85	-82	10
2015-07-28 03:06:04.687	20301	10501	-85	-97	10	20.14	38.37	2.987
2015-07-28 03:28:29.67	20301	10501	-88	-97	10	20.08	38.37	3.003
2015-07-28 03:55:53.807	20301	10501	-85	-82	10
2015-07-28 04:00:48.914	20301	10501	-85	-97	10	19.89	38.35	3.003
2015-07-28 04:35:31.311	20301	10501	-85	-97	10	19.74	38.33	2.995
2015-07-28 05:19:51.044	20301	10501	-82	-85	10	19.6	38.32	3.003
2015-07-28 05:27:06.867	20301	10501	-85	-97	10
2015-07-28 05:57:55.026	20301	10501	-85	-97	10	19.43	38.3	2.987
2015-07-28 06:25:41.588	20301	10501	-85	-97	10	19.38	38.29	2.995
2015-07-28 06:58:14.167	20301	10501	-85	-82	10
2015-07-28 07:29:03.691	20301	10501	-85	-97	10	19.46	38.37	2.995
2015-07-28 07:59:45.835	20301	10501	-85	-97	10	19.93	38.48	2.995
2015-07-28 08:17:32.166	20301	10501	-85	-85	10	20.29	38.59	3.003
2015-07-28 08:29:25.047	20301	10501	-85	-97	10
2015-07-28 08:58:02.067	20301	10501	-85	-97	10	21.47	38.91	2.995
2015-07-28 09:16:24.763	20301	10501	-85	-85	10	22.34	39.14	3.003
2015-07-28 09:45:12.707	20301	10501	-85	-97	10	23.59	39.4	2.995
2015-07-28 10:00:35.311	20301	10501	-88	-97	10
2015-07-28 10:24:36.027	20301	10501	-85	-85	10	25.35	39.79	2.987
2015-07-28 10:41:49.403	20301	10501	-85	-97	10
2015-07-28 10:44:41.343	20301	10501	-85	-97	10	26.3	40.02	2.995
2015-07-28 11:18:25.543	20301	10501	-91	-85	10	27.43	40.14	2.987
2015-07-28 11:31:45.155	20301	10501	-85	-97	10
2015-07-28 11:48:50.583	20301	10501	-85	-97	10	28.86	40.43	2.979
2015-07-28 12:23:54.598	20301	10501	-85	-97	10	30.41	40.76	2.979
2015-07-28 13:02:56.347	20301	10501	-88	-97	10
2015-07-28 13:03:38.415	20301	10501	-88	-97	10	31.5	40.77	2.979
2015-07-28 13:23:20.235	20301	10501	-82	-85	10	32.11	40.91	2.987
2015-07-28 14:05:50.046	20301	10501	-85	-97	10	32.26	40.85	2.979
2015-07-28 14:33:11.995	20301	10501	-91	-97	10	32.44	40.91	2.987
2015-07-28 14:34:05.387	20301	10501	-88	-97	10
2015-07-28 14:34:23.182	20301	10501	-88	-97	10
2015-07-28 15:01:43.039	20301	10501	-85	-97	10	30.29	40.13	2.979
2015-07-28 15:14:07.991	20301	10501	-91	-97	10	30.04	40.07	2.987
2015-07-28 15:54:32.447	20301	10501	-85	-97	10	31.88	40.81	2.979
2015-07-28 16:05:15.39	20301	10501	-88	-97	10
2015-07-28 16:21:56.382	20301	10501	-85	-85	10	31.77	40.63	2.987
2015-07-28 16:54:58.199	20301	10501	-88	-97	10	30.77	40.28	2.987
2015-07-28 17:25:57.546	20301	10501	-85	-85	10	30.51	40.26	2.979
2015-07-28 17:36:25.263	20301	10501	-85	-97	10
2015-07-28 17:49:03.451	20301	10501	-88	-97	10	30.01	40.17	2.987
2015-07-28 18:26:55.718	20301	10501	-88	-97	10
2015-07-28 18:34:36.315	20301	10501	-85	-97	10	29.21	39.98	2.979
2015-07-28 18:46:20.434	20301	10501	-85	-97	10	28.93	39.95	2.987
2015-07-28 19:07:36.054	20301	10501	-88	-97	10
2015-07-28 19:34:04.25	20301	10501	-88	-97	10	27.63	39.61	2.979
2015-07-28 19:56:03.55	20301	10501	-85	-85	10	27.04	39.49	2.995
2015-07-28 20:21:07.018	20301	10501	-88	-97	10	26.24	39.27	2.987
2015-07-28 20:38:45.339	20301	10501	-88	-85	10
2015-07-28 20:54:37.162	20301	10501	-85	-97	10	25.4	39.15	2.987
2015-07-28 21:20:15.135	20301	10501	-85	-97	10	24.44	39.01	2.995
2015-07-28 21:52:26.366	20301	10501	-85	-97	10	23.85	38.92	2.987
2015-07-28 22:09:56.087	20301	10501	-85	-97	10
2015-07-28 22:19:29.895	20301	10501	-85	-82	10
2015-07-28 22:31:06.346	20301	10501	-85	-97	10	23.46	38.91	2.987
2015-07-28 22:51:40.618	20301	10501	-85	-97	10	23.4	38.98	2.995
2015-07-28 23:23:18.338	20301	10501	-85	-97	10	23.33	38.97	2.995
2015-07-28 23:41:06.211	20301	10501	-88	-97	10
2015-07-28 23:55:59.139	20301	10501	-85	-97	10	22.96	38.86	2.987
2015-07-29 00:28:09.342	20301	10501	-85	-97	10	22.46	38.74	2.987
2015-07-29 01:05:02.775	20301	10501	-85	-97	10	22.03	38.67	2.987
2015-07-29 01:12:16.018	20301	10501	-85	-97	10
2015-07-29 01:24:04.831	20301	10501	-85	-97	10	21.85	38.65	2.995
2015-07-29 02:02:40.507	20301	10501	-85	-97	10	21.38	38.6	2.987
2015-07-29 02:12:01.895	20301	10501	-85	-97	10
2015-07-29 02:34:28.982	20301	10501	-85	-97	10	21.15	38.58	2.987
2015-07-29 02:43:26.863	20301	10501	-85	-85	10
2015-07-29 02:47:13.847	20301	10501	-85	-97	10	21.08	38.57	2.995
2015-07-29 03:30:09.778	20301	10501	-85	-97	10	20.65	38.53	2.987
2015-07-29 04:05:55.038	20301	10501	-85	-97	10	20.38	38.46	2.987
2015-07-29 04:14:37.155	20301	10501	-85	-97	10
2015-07-29 04:17:23.987	20301	10501	-85	-97	10	20.32	38.46	3.003
2015-07-29 04:50:50.715	20301	10501	-85	-97	10	20.0	38.42	2.987
2015-07-29 05:17:19.467	20301	10501	-85	-97	10	19.88	38.41	2.995
2015-07-29 05:45:46.666	20301	10501	-85	-97	10
2015-07-29 06:03:05.531	20301	10501	-85	-97	10	19.56	38.38	2.987
2015-07-29 06:04:34.979	20301	10501	-85	-97	10
2015-07-29 06:24:09.57	20301	10501	-85	-85	10	19.35	38.36	2.995
2015-07-29 06:48:23.078	20301	10501	-85	-97	10	19.24	38.31	2.995
2015-07-29 07:16:57.13	20301	10501	-85	-97	10
2015-07-29 07:26:38.067	20301	10501	-85	-97	10	19.56	38.45	2.987
2015-07-29 07:52:50.122	20301	10501	-85	-97	10	19.96	38.59	2.987
2015-07-29 08:20:52.919	20301	10501	-85	-97	10	20.67	38.8	2.987
2015-07-29 08:48:08.65	20301	10501	-85	-97	10
2015-07-29 09:00:04.767	20301	10501	-85	-97	10	22.06	39.18	2.987
2015-07-29 09:24:05.138	20301	10501	-85	-97	10	23.27	39.44	2.987
2015-07-29 09:57:08.498	20301	10501	-85	-82	10
2015-07-29 10:02:17.844	20301	10501	-82	-97	10	25.22	39.84	2.972
2015-07-29 10:19:16.735	20301	10501	-85	-97	10
2015-07-29 10:30:29.719	20301	10501	-85	-85	10	26.41	40.07	2.979
2015-07-29 11:02:18.094	20301	10501	-82	-97	10	27.55	40.25	2.979
2015-07-29 11:15:28.539	20301	10501	-88	-97	10	28.13	40.35	2.987
2015-07-29 11:50:27.13	20301	10501	-85	-97	10
2015-07-29 12:02:24.707	20301	10501	-85	-85	10	30.05	40.72	2.972
2015-07-29 12:15:13.579	20301	10501	-85	-97	10	30.38	40.76	2.979
2015-07-29 12:46:33.031	20301	10501	-85	-97	10	31.85	40.98	2.979
2015-07-29 13:21:37.154	20301	10501	-85	-97	10
2015-07-29 13:31:18.474	20301	10501	-91	-97	10	31.66	40.75	2.964
2015-07-29 13:49:41.25	20301	10501	-85	-97	10
2015-07-29 13:58:51.654	20301	10501	-85	-85	10	31.58	40.64	2.979
2015-07-29 14:24:35.73	20301	10501	-88	-97	10	30.82	40.36	2.979
2015-07-29 14:52:47.114	20301	10501	-88	-97	10
2015-07-29 14:58:14.822	20301	10501	-82	-97	10	32.38	41.0	2.979
2015-07-29 15:35:40.891	20301	10501	-88	-97	10	33.13	41.08	2.972
2015-07-29 15:49:53.019	20301	10501	-88	-97	10	32.27	40.75	2.979
2015-07-29 16:23:57.506	20301	10501	-88	-97	10
2015-07-29 16:31:32.214	20301	10501	-88	-97	10	32.99	40.93	2.972
2015-07-29 16:46:47.446	20301	10501	-85	-97	10	32.36	40.76	2.972
2015-07-29 17:14:48.595	20301	10501	-85	-97	10	31.5	40.36	2.979
2015-07-29 17:42:14.414	20301	10501	-88	-85	10
2015-07-29 17:49:58.267	20301	10501	-82	-97	10	30.94	40.37	2.979
2015-07-29 17:55:07.146	20301	10501	-85	-97	10
2015-07-29 18:31:07.198	20301	10501	-85	-97	10	30.83	40.43	2.972
2015-07-29 18:58:33.511	20301	10501	-91	-97	10	30.5	40.32	2.979
2015-07-29 19:26:18.463	20301	10501	-85	-97	10
2015-07-29 19:32:05.691	20301	10501	-85	-97	10	29.79	40.15	2.972
2015-07-29 20:05:24.058	20301	10501	-88	-97	10	28.8	39.91	2.972
2015-07-29 20:23:04.639	20301	10501	-88	-97	10	28.02	39.65	2.979
2015-07-29 20:57:36.406	20301	10501	-85	-97	10
2015-07-29 20:57:41.078	20301	10501	-85	-97	10	26.74	39.42	2.979
2015-07-29 21:18:58.102	20301	10501	-88	-97	10	26.18	39.33	2.987
2015-07-29 21:34:47.394	20301	10501	-85	-97	10
2015-07-29 21:54:39.066	20301	10501	-85	-97	10	25.47	39.29	2.979
2015-07-29 22:24:20.096	20301	10501	-85	-97	10	25.01	39.21	2.979
2015-07-29 22:28:38.142	20301	10501	-85	-97	10
2015-07-29 23:00:43.8	20301	10501	-85	-97	10	24.49	39.16	2.972
2015-07-29 23:26:28.66	20301	10501	-85	-85	10	24.18	39.12	2.979
2015-07-29 23:50:06.934	20301	10501	-85	-97	10	23.94	39.1	2.987
2015-07-29 23:59:47.715	20301	10501	-85	-97	10
2015-07-30 00:19:47.414	20301	10501	-85	-97	10	23.68	39.07	2.979
2015-07-30 00:45:29.195	20301	10501	-85	-97	10	23.54	39.06	2.979
2015-07-30 01:24:56.146	20301	10501	-85	-97	10	23.54	39.12	2.972
2015-07-30 01:27:20.655	20301	10501	-85	-97	10
2015-07-30 01:30:58.054	20301	10501	-85	-97	10
2015-07-30 01:45:54.267	20301	10501	-85	-85	10	23.51	39.12	2.987
2015-07-30 02:18:17.815	20301	10501	-85	-97	10	23.47	39.12	2.979
2015-07-30 03:00:06.964	20301	10501	-82	-97	10	23.6	39.17	2.979
2015-07-30 03:02:08.583	20301	10501	-85	-82	10
2015-07-30 03:36:04.274	20301	10501	-85	-97	10	23.7	39.21	2.972
2015-07-30 03:45:08.819	20301	10501	-88	-88	10	23.74	39.21	2.987
2015-07-30 04:29:03.654	20301	10501	-85	-97	10	23.72	39.18	2.972
2015-07-30 04:33:18.956	20301	10501	-85	-97	10
2015-07-30 04:48:42.263	20301	10501	-85	-97	10	23.68	39.14	2.979
2015-07-30 05:19:54.03	20301	10501	-85	-97	10
2015-07-30 05:28:02.492	20301	10501	-85	-85	10	23.65	39.17	2.979
2015-07-30 06:04:28.355	20301	10501	-88	-97	10
2015-07-30 06:05:23.987	20301	10501	-85	-97	10	23.47	39.15	2.979
2015-07-30 06:30:38.443	20301	10501	-85	-97	10	23.33	39.1	2.979
2015-07-30 06:45:27.031	20301	10501	-85	-97	10	23.21	39.09	2.972
2015-07-30 07:31:13.262	20301	10501	-88	-97	10	22.75	39.04	2.979
2015-07-30 07:35:38.722	20301	10501	-85	-97	10
2015-07-30 08:04:10.706	20301	10501	-88	-85	10	22.5	39.02	2.979
2015-07-30 08:22:04.006	20301	10501	-85	-97	10	22.4	39.01	2.979
2015-07-30 08:46:12.726	20301	10501	-85	-85	10	22.6	39.1	2.979
2015-07-30 09:06:48.818	20301	10501	-85	-97	10
2015-07-30 09:12:26.582	20301	10501	-85	-97	10
2015-07-30 09:25:01.759	20301	10501	-88	-97	10	23.42	39.38	2.979
2015-07-30 09:53:03.587	20301	10501	-85	-97	10	24.25	39.6	2.979
2015-07-30 10:30:28.81	20301	10501	-85	-97	10	25.35	39.85	2.979
2015-07-30 10:37:59.775	20301	10501	-85	-85	10
2015-07-30 10:53:49.934	20301	10501	-88	-97	10	26.05	40.06	2.964
2015-07-30 11:33:19.938	20301	10501	-82	-88	10	27.41	40.34	2.972
2015-07-30 11:49:20.962	20301	10501	-85	-97	10	27.96	40.47	2.979
2015-07-30 12:09:09.858	20301	10501	-88	-85	10
2015-07-30 12:29:26.295	20301	10501	-88	-97	10	29.26	40.67	2.972
2015-07-30 12:49:11.166	20301	10501	-91	-97	10	30.0	40.75	2.979
2015-07-30 13:05:01.315	20301	10501	-85	-97	10
2015-07-30 13:17:27.315	20301	10501	-85	-97	10	30.38	40.76	2.972
2015-07-30 13:40:20.139	20301	10501	-88	-91	10
2015-07-30 13:59:21.686	20301	10501	-88	-97	10	30.91	40.81	2.972
2015-07-30 14:21:01.218	20301	10501	-88	-97	10	31.29	40.92	2.972
2015-07-30 15:03:45.867	20301	10501	-85	-97	10	31.54	40.91	2.956
2015-07-30 15:11:30.69	20301	10501	-85	-97	10
2015-07-30 15:17:57.562	20301	10501	-88	-97	10	31.66	40.89	2.979
2015-07-30 15:56:09.974	20301	10501	-85	-97	10	31.46	40.8	2.972
2015-07-30 16:18:09.799	20301	10501	-82	-97	10	31.19	40.7	2.972
2015-07-30 16:42:39.327	20301	10501	-85	-97	10
2015-07-30 16:54:42.894	20301	10501	-88	-97	10	30.72	40.48	2.972
2015-07-30 16:57:32.966	20301	10501	-85	-97	10
2015-07-30 17:22:58.963	20301	10501	-88	-97	10	30.11	40.35	2.972
2015-07-30 18:02:35.662	20301	10501	-82	-97	10	28.9	40.02	2.972
2015-07-30 18:13:49.574	20301	10501	-85	-85	10
2015-07-30 18:16:19.627	20301	10501	-85	-97	10	28.61	39.99	2.972
2015-07-30 18:47:10.415	20301	10501	-88	-97	10	27.76	39.83	2.972
2015-07-30 19:24:58.646	20301	10501	-85	-97	10	26.8	39.73	2.972
2015-07-30 19:44:59.866	20301	10501	-88	-97	10
2015-07-30 20:02:35.35	20301	10501	-88	-97	10	25.91	39.51	2.972
2015-07-30 20:24:11.13	20301	10501	-85	-97	10	25.1	39.35	2.979
2015-07-30 21:53:57.287	20301	10501	-85	-85	10	22.63	38.9	2.972
2015-07-30 22:32:40.098	20301	10501	-82	-97	10	22.09	38.84	2.972
2015-07-30 22:47:19.718	20301	10501	-82	-97	10
2015-07-30 22:54:40.558	20301	10501	-82	-97	10	21.57	38.79	2.979
2015-07-30 23:33:28.606	20301	10501	-85	-97	10	20.72	38.63	2.972
2015-07-31 00:06:00.242	20301	10501	-85	-85	10	20.2	38.58	2.979
2015-07-31 00:18:30.402	20301	10501	-85	-97	10
2015-07-31 00:19:12.446	20301	10501	-85	-97	10	19.97	38.59	2.972
2015-07-31 00:42:38.438	20301	10501	-85	-82	10
2015-07-31 00:46:16.839	20301	10501	-82	-97	10	19.58	38.52	2.979
2015-07-31 01:27:51.707	20301	10501	-82	-97	10	19.11	38.4	2.964
2015-07-31 01:49:40.478	20301	10501	-82	-97	10
2015-07-31 01:56:31.599	20301	10501	-85	-97	10	18.7	38.36	2.979
2015-07-31 02:18:38.226	20301	10501	-85	-97	10	18.43	38.33	2.979
2015-07-31 02:59:30.842	20301	10501	-85	-97	10	18.14	38.33	2.979
2015-07-31 03:20:50.479	20301	10501	-85	-97	10
2015-07-31 03:33:04.106	20301	10501	-85	-97	10	17.93	38.35	2.979
2015-07-31 03:59:21.698	20301	10501	-85	-97	10	17.68	38.32	2.979
2015-07-31 04:25:00.31	20301	10501	-85	-97	10	17.4	38.23	2.979
2015-07-31 04:35:11.319	20301	10501	-82	-97	10
2015-07-31 04:45:28.402	20301	10501	-82	-97	10	17.24	38.21	2.979
2015-07-31 04:52:00.235	20301	10501	-85	-97	10
2015-07-31 05:35:43.627	20301	10501	-85	-97	10	16.88	38.14	2.972
2015-07-31 05:46:31.987	20301	10501	-85	-97	10	16.81	38.13	2.979
2015-07-31 06:23:10.418	20301	10501	-82	-97	10
2015-07-31 06:28:12.995	20301	10501	-85	-97	10	16.58	38.11	2.972
2015-07-31 06:48:03.566	20301	10501	-85	-97	10	16.5	38.1	2.979
2015-07-31 07:15:57.399	20301	10501	-82	-97	10	16.75	38.19	2.979
2015-07-31 07:54:20.598	20301	10501	-85	-97	10
2015-07-31 07:54:53.806	20301	10501	-85	-97	10	17.65	38.49	2.972
2015-07-31 08:27:44.562	20301	10501	-85	-97	10
2015-07-31 08:35:53.578	20301	10501	-85	-97	10	18.97	38.86	2.972
2015-07-31 09:00:59.031	20301	10501	-85	-97	10	20.11	39.07	2.972
2015-07-31 09:25:30.707	20301	10501	-82	-97	10
2015-07-31 09:32:49.914	20301	10501	-85	-85	10	21.81	39.45	2.972
2015-07-31 10:04:12.974	20301	10501	-85	-97	10	23.26	39.74	2.972
2015-07-31 10:34:42.295	20301	10501	-85	-97	10	24.47	39.97	2.972
2015-07-31 10:48:41.794	20301	10501	-85	-97	10	25.04	40.09	2.972
2015-07-31 10:56:41.575	20301	10501	-85	-97	10
2015-07-31 11:30:12.107	20301	10501	-88	-97	10	26.58	40.32	2.964
2015-07-31 12:15:36.406	20301	10501	-85	-88	10	28.3	40.64	2.964
2015-07-31 12:20:18.654	20301	10501	-85	-97	10
2015-07-31 12:27:53.786	20301	10501	-82	-97	10
2015-07-31 13:05:38.398	20301	10501	-85	-97	10	30.11	40.93	2.956
2015-07-31 13:34:34.39	20301	10501	-85	-82	10	30.27	40.81	2.972
2015-07-31 14:57:43.326	20301	10501	-85	-85	10	30.49	40.67	2.956
2015-07-31 15:30:15.487	20301	10501	-85	-88	10
2015-07-31 16:53:35.87	20301	10501	-85	-82	10	29.3	40.37	2.964
2015-07-31 18:32:31.89	20301	10501	-82	-85	10
2015-07-31 19:54:00.883	20301	10501	-85	-97	10	26.33	39.68	2.964
2015-07-31 20:03:42.042	20301	10501	-85	-97	10
2015-07-31 20:22:07.502	20301	10501	-85	-85	10	25.66	39.58	2.964
2015-07-31 21:03:56.835	20301	10501	-82	-82	10	23.74	39.08	2.964
2015-07-31 21:20:20.334	20301	10501	-85	-97	10	23.02	38.94	2.972
2015-07-31 21:34:51.291	20301	10501	-82	-97	10
2015-07-31 21:44:56.668	20301	10501	-82	-97	10	22.24	38.86	2.972
2015-07-31 22:18:54.858	20301	10501	-82	-97	10	21.53	38.82	2.964
2015-07-31 22:55:07.394	20301	10501	-82	-97	10	21.5	38.98	2.964
2015-07-31 23:06:01.99	20301	10501	-82	-97	10
2015-07-31 23:23:53.039	20301	10501	-82	-97	10	21.31	38.93	2.964
2015-07-31 23:49:01.291	20301	10501	-85	-97	10	21.47	38.98	2.964
2015-07-31 23:57:56.838	20301	10501	-82	-97	10
2015-08-01 00:14:57.003	20301	10501	-82	-97	10	21.61	39.03	2.972
2015-08-01 00:37:11.923	20301	10501	-82	-97	10
2015-08-01 00:55:21.302	20301	10501	-85	-97	10	21.2	38.95	2.964
2015-08-01 01:15:34.263	20301	10501	-85	-85	10	21.5	39.05	2.964
2015-08-01 01:47:03.095	20301	10501	-82	-82	10	21.83	39.15	2.964
2015-08-01 02:08:22.53	20301	10501	-85	-97	10
2015-08-01 02:21:25.483	20301	10501	-82	-97	10	21.83	39.12	2.964
2015-08-01 03:04:32.939	20301	10501	-82	-97	10	21.47	38.98	2.964
2015-08-01 03:29:21.823	20301	10501	-82	-82	10	20.9	38.82	2.964
2015-08-01 03:39:32.562	20301	10501	-82	-82	10
2015-08-01 03:50:29.922	20301	10501	-82	-97	10
2015-08-01 03:52:07.575	20301	10501	-82	-97	10	20.27	38.65	2.972
2015-08-01 04:31:45.57	20301	10501	-82	-82	10	19.35	38.56	2.964
2015-08-01 04:44:10.346	20301	10501	-82	-97	10	19.07	38.53	2.979
2015-08-01 05:10:42.598	20301	10501	-85	-97	10
2015-08-01 05:27:33.043	20301	10501	-82	-82	10	18.38	38.39	2.948
2015-08-01 05:46:33.311	20301	10501	-82	-97	10	18.14	38.37	2.972
2015-08-01 06:17:26.926	20301	10501	-82	-97	10	17.63	38.25	2.964
2015-08-01 06:41:52.662	20301	10501	-82	-97	10
2015-08-01 06:48:07.287	20301	10501	-82	-97	10	17.28	38.21	2.972
2015-08-01 07:33:37.218	20301	10501	-82	-82	10	17.58	38.41	2.964
2015-08-01 07:43:02.643	20301	10501	-82	-82	10
2015-08-01 08:01:47.994	20301	10501	-82	-97	10	18.17	38.64	2.964
2015-08-01 08:13:03.267	20301	10501	-82	-82	10
2015-08-01 08:16:09.447	20301	10501	-85	-97	10	18.6	38.75	2.972
2015-08-01 08:57:09.087	20301	10501	-82	-82	10	19.96	39.02	2.964
2015-08-01 09:16:21.138	20301	10501	-82	-97	10	20.65	39.23	2.972
2015-08-01 09:44:12.566	20301	10501	-82	-97	10
2015-08-01 09:54:56.186	20301	10501	-82	-97	10	22.14	39.59	2.956
2015-08-01 10:28:09.359	20301	10501	-82	-97	10	23.22	39.77	2.948
2015-08-01 10:53:52.714	20301	10501	-85	-97	10	24.11	39.96	2.948
2015-08-01 11:15:22.543	20301	10501	-82	-97	10
2015-08-01 11:24:51.715	20301	10501	-85	-97	10	24.41	39.96	2.956
2015-08-01 11:35:36.395	20301	10501	-82	-97	10
2015-08-01 12:02:29.195	20301	10501	-82	-82	10	26.19	40.35	2.956
2015-08-01 12:30:39.591	20301	10501	-85	-97	10	27.04	40.54	2.956
2015-08-01 12:48:28.986	20301	10501	-85	-82	10	27.94	40.67	2.964
2015-08-01 20:22:30.554	20301	10501	-85	-97	10
2015-08-01 23:02:28.934	20301	10501	-82	-97	10	19.07	38.53	2.956
2015-08-01 23:13:14.954	20301	10501	-82	-97	10
2015-08-01 23:18:05.467	20301	10501	-85	-82	10	18.88	38.51	2.964
2015-08-01 23:24:44.034	20301	10501	-85	-97	10
2015-08-01 23:50:14.351	20301	10501	-82	-97	10	18.33	38.42	2.964
2015-08-02 00:22:40.579	20301	10501	-82	-97	10	18.1	38.43	2.964
2015-08-02 00:55:28.122	20301	10501	-82	-82	10	17.9	38.45	2.964
2015-08-02 00:55:54.206	20301	10501	-82	-97	10
2015-08-02 01:16:18.366	20301	10501	-82	-97	10	17.71	38.39	2.964
2015-08-02 02:05:32.638	20301	10501	-82	-82	10	17.32	38.35	2.956
2015-08-02 02:21:23.028	20301	10501	-82	-82	10	17.47	38.4	2.972
2015-08-02 02:27:04.038	20301	10501	-82	-97	10
2015-08-02 02:43:53.759	20301	10501	-85	-97	10	17.56	38.48	2.964
2015-08-02 03:05:48.007	20301	10501	-82	-97	10
2015-08-02 03:35:59.79	20301	10501	-82	-97	10	17.13	38.33	2.948
2015-08-02 03:46:09.931	20301	10501	-82	-97	10	16.97	38.32	2.972
2015-08-02 03:58:14.286	20301	10501	-85	-82	10
2015-08-02 04:24:37.118	20301	10501	-82	-97	10	16.18	38.14	2.948
2015-08-02 04:55:42.394	20301	10501	-82	-97	10	15.85	38.07	2.964
2015-08-02 05:25:44.166	20301	10501	-85	-97	10	15.74	38.12	2.964
2015-08-02 05:29:24.406	20301	10501	-82	-97	10
2015-08-02 06:00:37.463	20301	10501	-82	-82	10	15.82	38.2	2.964
2015-08-02 06:26:10.494	20301	10501	-82	-97	10	16.1	38.29	2.964
2015-08-02 06:45:36.008	20301	10501	-82	-85	10	16.53	38.4	2.964
2015-08-02 06:58:21.42	20301	10501	-82	-97	10
2015-08-02 07:00:34.958	20301	10501	-82	-97	10
2015-08-02 07:26:00.502	20301	10501	-82	-82	10	17.22	38.57	2.956
2015-08-02 07:47:58.662	20301	10501	-82	-97	10	17.64	38.65	2.964
2015-08-02 08:31:44.96	20301	10501	-82	-82	10
2015-08-02 08:33:46.178	20301	10501	-82	-82	10	18.85	38.94	2.948
2015-08-02 08:51:49.754	20301	10501	-85	-85	10	19.39	39.1	2.964
2015-08-02 09:15:08.383	20301	10501	-82	-97	10	20.04	39.2	2.956
2015-08-02 09:59:42.566	20301	10501	-85	-82	10	21.82	39.62	2.948
2015-08-02 10:29:36.71	20301	10501	-82	-97	10	23.01	39.81	2.94
2015-08-02 10:50:54.219	20301	10501	-85	-82	10
2015-08-02 10:51:43.762	20301	10501	-85	-97	10	23.7	39.95	2.956
2015-08-02 11:30:32.93	20301	10501	-82	-97	10	25.47	40.27	2.948
2015-08-02 11:34:05.266	20301	10501	-85	-97	10
2015-08-02 12:22:38.051	20301	10501	-85	-97	10	27.41	40.55	2.948
2015-08-02 13:35:43.418	20301	10501	-82	-97	10	29.29	40.85	2.94
2015-08-02 14:43:27.915	20301	10501	-88	-97	10
2015-08-02 14:59:53.77	20301	10501	-85	-97	10	29.82	40.77	2.94
2015-08-02 15:35:04.286	20301	10501	-85	-82	10	30.88	41.02	2.94
2015-08-02 15:48:34.918	20301	10501	-82	-97	10	30.55	40.91	2.956
2015-08-02 16:49:48.315	20301	10501	-85	-85	10	29.76	40.52	2.94
2015-08-02 17:19:27.415	20301	10501	-85	-82	10	29.75	40.52	2.933
2015-08-02 17:38:46.427	20301	10501	-88	-85	10
2015-08-02 18:14:59.586	20301	10501	-85	-85	10	28.83	40.36	2.94
2015-08-02 18:36:01.027	20301	10501	-88	-88	10
2015-08-02 19:09:58.082	20301	10501	-82	-82	10
2015-08-02 19:52:38.866	20301	10501	-88	-97	10	27.02	39.96	2.948
2015-08-02 20:14:33.019	20301	10501	-85	-82	10	26.47	39.8	2.948
2015-08-02 20:46:19.234	20301	10501	-82	-97	10	25.88	39.67	2.948
2015-08-02 21:25:57.718	20301	10501	-85	-82	10	25.24	39.61	2.948
2015-08-02 22:05:47.646	20301	10501	-82	-97	10	24.77	39.52	2.94
2015-08-02 22:12:16.81	20301	10501	-82	-97	10
2015-08-02 22:28:32.883	20301	10501	-82	-97	10
2015-08-02 22:56:33.275	20301	10501	-82	-97	10	24.22	39.47	2.948
2015-08-02 23:17:23.95	20301	10501	-82	-97	10	24.06	39.45	2.948
2015-08-02 23:43:26.61	20301	10501	-85	-97	10
2015-08-02 23:58:52.403	20301	10501	-82	-97	10	23.75	39.42	2.948
2015-08-03 00:15:52.695	20301	10501	-82	-97	10	23.6	39.4	2.956
2015-08-03 01:00:09.891	20301	10501	-79	-82	10	23.27	39.37	2.94
2015-08-03 01:14:36.167	20301	10501	-82	-97	10
2015-08-03 01:27:15.419	20301	10501	-82	-97	10	23.09	39.35	2.948
2015-08-03 01:54:48.123	20301	10501	-82	-97	10	22.74	39.31	2.948
2015-08-03 02:21:06.302	20301	10501	-82	-97	10
2015-08-03 02:29:28.89	20301	10501	-82	-97	10	22.35	39.21	2.948
2015-08-03 02:45:46.302	20301	10501	-82	-97	10
2015-08-03 03:04:33.443	20301	10501	-82	-97	10	21.46	39.01	2.948
2015-08-03 03:23:59.678	20301	10501	-82	-97	10	21.22	38.95	2.948
2015-08-03 03:47:31.218	20301	10501	-82	-97	10	20.65	38.89	2.956
2015-08-03 04:48:04.887	20301	10501	-82	-82	10	19.6	38.75	2.964
2015-08-03 05:25:33.78	20301	10501	-82	-82	10	19.42	38.8	2.948
2015-08-03 05:47:48.871	20301	10501	-82	-97	10	19.06	38.66	2.956
2015-08-03 05:48:06.682	20301	10501	-82	-97	10
2015-08-03 06:13:39.03	20301	10501	-82	-97	10
2015-08-03 06:28:50.91	20301	10501	-82	-97	10	18.57	38.58	2.948
2015-08-03 07:00:30.946	20301	10501	-82	-97	10	18.6	38.65	2.948
2015-08-03 07:19:17.174	20301	10501	-82	-82	10
2015-08-03 07:29:04.89	20301	10501	-82	-97	10	18.72	38.76	2.956
2015-08-03 07:51:41.683	20301	10501	-82	-82	10	18.95	38.85	2.948
2015-08-03 08:34:00.398	20301	10501	-85	-97	10	19.61	38.99	2.948
2015-08-03 08:53:02.43	20301	10501	-82	-85	10	19.79	39.01	2.948
2015-08-03 09:22:20.842	20301	10501	-82	-97	10	20.25	39.12	2.948
2015-08-03 09:50:41.799	20301	10501	-85	-97	10	20.99	39.37	2.948
2015-08-03 10:06:12.399	20301	10501	-85	-97	10
2015-08-03 10:21:37.327	20301	10501	-82	-82	10	21.78	39.55	2.94
2015-08-03 10:21:40.786	20301	10501	-82	-97	10
2015-08-03 10:49:27.887	20301	10501	-85	-97	10	22.36	39.64	2.948
2015-08-03 11:19:53.45	20301	10501	-85	-82	10	23.61	39.94	2.94
2015-08-03 11:52:47.971	20301	10501	-82	-97	10
2015-08-03 12:26:28.023	20301	10501	-82	-97	10	26.33	40.5	2.94
2015-08-03 13:04:59.58	20301	10501	-85	-97	10	27.13	40.52	2.933
2015-08-03 13:23:57.182	20301	10501	-82	-85	10
2015-08-03 13:27:49.711	20301	10501	-82	-97	10	27.65	40.57	2.94
2015-08-03 13:45:10.286	20301	10501	-85	-85	10	27.99	40.61	2.948
2015-08-03 14:55:07.387	20301	10501	-82	-97	10
2015-08-03 15:54:53.474	20301	10501	-85	-82	10	27.86	40.19	2.94
2015-08-03 17:21:39.666	20301	10501	-82	-97	10	24.55	39.5	2.948
2015-08-03 17:45:15.659	20301	10501	-85	-97	10	23.4	39.31	2.948
2015-08-03 17:57:28.294	20301	10501	-82	-97	10
2015-08-03 18:26:08.822	20301	10501	-82	-82	10	23.51	39.53	2.94
2015-08-03 18:57:34.683	20301	10501	-82	-82	10	23.33	39.51	2.94
2015-08-03 19:25:18.022	20301	10501	-82	-97	10	22.82	39.32	2.948
2015-08-03 19:28:37.206	20301	10501	-85	-97	10
2015-08-03 19:50:29.534	20301	10501	-82	-97	10	22.46	39.28	2.948
2015-08-04 01:33:19.323	20301	10501	-85	-97	10
2015-08-04 01:43:40.278	20301	10501	-85	-97	10	18.2	38.71	2.956
2015-08-04 03:02:33.547	20301	10501	-85	-97	10	17.56	38.54	2.94
2015-08-04 03:21:27.194	20301	10501	-82	-82	10	17.47	38.57	2.948
2015-08-04 04:23:42.135	20301	10501	-85	-82	10	16.93	38.45	2.948
2015-08-04 04:35:40.362	20301	10501	-85	-97	10
2015-08-04 04:47:29.347	20301	10501	-82	-85	10	16.65	38.38	2.948
2015-08-04 08:01:38.547	20301	10501	-85	-85	10	16.6	38.48	2.94
2015-08-04 08:01:39.202	20301	10501	-85	-85	10	16.6	38.48	2.94
2015-08-04 12:53:10.718	20301	10501	-91	-97	10	26.05	40.64	2.925
2015-08-04 13:14:03.61	20301	10501	-91	-97	10
2015-08-04 13:17:17.238	20301	10501	-91	-97	10	26.96	40.77	2.933
2015-08-04 20:54:01.999	20301	10501	-85	-82	10	21.83	39.08	2.94
2015-08-04 21:31:42.806	20301	10501	-82	-82	10	20.36	38.9	2.94
2015-08-04 22:02:58.65	20301	10501	-82	-82	10	19.65	38.79	2.94
2015-08-04 22:20:45.574	20301	10501	-82	-97	10	19.38	38.76	2.948
2015-08-04 22:49:40.814	20301	10501	-85	-97	10
2015-08-04 23:05:52.599	20301	10501	-82	-82	10	18.52	38.64	2.933
2015-08-04 23:22:42.438	20301	10501	-82	-97	10	18.22	38.61	2.948
2015-08-05 00:01:02.003	20301	10501	-82	-97	10	17.56	38.51	2.94
2015-08-05 00:20:50.406	20301	10501	-82	-97	10
2015-08-05 00:33:36.063	20301	10501	-82	-97	10	17.32	38.48	2.94
2015-08-05 00:51:43.01	20301	10501	-82	-97	10
2015-08-05 00:54:11.502	20301	10501	-82	-97	10	16.96	38.48	2.948
2015-08-05 01:30:25.939	20301	10501	-82	-97	10	16.65	38.42	2.94
2015-08-05 01:52:00.13	20301	10501	-82	-82	10
2015-08-05 02:01:43.954	20301	10501	-82	-97	10	16.61	38.48	2.933
2015-08-05 02:21:22.434	20301	10501	-82	-82	10	16.46	38.4	2.948
2015-08-05 02:44:55.182	20301	10501	-82	-82	10	16.33	38.38	2.948
2015-08-05 03:22:15.651	20301	10501	-82	-97	10	16.04	38.35	2.94
2015-08-05 03:23:10.886	20301	10501	-82	-97	10
2015-08-05 04:03:52.878	20301	10501	-82	-82	10	15.68	38.28	2.94
2015-08-05 04:21:53.026	20301	10501	-82	-97	10	15.56	38.27	2.948
2015-08-05 04:44:16.018	20301	10501	-82	-97	10
2015-08-05 04:49:13.487	20301	10501	-82	-97	10	15.39	38.22	2.94
2015-08-05 04:54:20.687	20301	10501	-82	-97	10
2015-08-05 05:33:20.846	20301	10501	-82	-97	10	15.11	38.19	2.94
2015-08-05 05:53:08.882	20301	10501	-82	-97	10	15.0	38.18	2.94
2015-08-05 06:19:16.438	20301	10501	-82	-82	10	14.93	38.17	2.94
2015-08-05 06:25:30.518	20301	10501	-82	-82	10
2015-08-05 06:43:53.487	20301	10501	-82	-97	10	14.82	38.16	2.94
2015-08-05 07:31:42.771	20301	10501	-82	-82	10	15.18	38.33	2.94
2015-08-05 07:56:40.947	20301	10501	-82	-82	10
2015-08-05 08:15:44.29	20301	10501	-82	-97	10	16.53	38.74	2.948
2015-08-05 08:37:19.65	20301	10501	-82	-97	10
2015-08-05 09:27:52.574	20301	10501	-82	-97	10
2015-08-05 12:30:12.699	20301	10501	-85	-97	10
2015-08-05 12:51:36.75	20301	10501	-82	-85	10	25.94	40.53	2.94
2015-08-05 13:23:49.562	20301	10501	-82	-82	10	25.96	40.46	2.925
2015-08-05 15:22:36.034	20301	10501	-85	-82	10	27.69	40.78	2.933
2015-08-05 17:00:28.574	20301	10501	-88	-85	10	26.21	40.18	2.925
2015-08-05 18:51:27.398	20301	10501	-85	-82	10	24.15	39.8	2.933
2015-08-05 19:23:58.322	20301	10501	-85	-82	10	23.15	39.56	2.933
2015-08-05 20:48:01.83	20301	10501	-82	-97	10	20.1	38.87	2.94
2015-08-05 21:18:27.618	20301	10501	-82	-97	10	19.22	38.75	2.933
2015-08-05 21:37:13.003	20301	10501	-82	-97	10
2015-08-05 21:56:17.698	20301	10501	-82	-82	10	18.39	38.66	2.933
2015-08-05 22:16:40.051	20301	10501	-82	-97	10	17.97	38.59	2.94
2015-08-05 23:04:12.367	20301	10501	-82	-97	10	17.29	38.48	2.933
2015-08-05 23:08:22.479	20301	10501	-82	-97	10
2015-08-05 23:24:21.023	20301	10501	-82	-97	10	17.0	38.52	2.94
2015-08-06 00:05:56.147	20301	10501	-82	-97	10	16.32	38.38	2.933
2015-08-06 00:07:01.763	20301	10501	-82	-97	10
2015-08-06 00:16:20.503	20301	10501	-82	-79	10	16.18	38.37	2.94
2015-08-06 00:39:32.907	20301	10501	-82	-97	10
2015-08-06 00:46:28.774	20301	10501	-82	-97	10	16.07	38.36	2.94
2015-08-06 01:18:07.454	20301	10501	-82	-97	10	15.86	38.33	2.94
2015-08-06 01:56:04.191	20301	10501	-82	-97	10	15.46	38.29	2.933
2015-08-06 02:10:42.291	20301	10501	-82	-97	10
2015-08-06 02:14:35.482	20301	10501	-82	-97	10	15.28	38.24	2.94
2015-08-06 02:49:24.295	20301	10501	-82	-97	10	14.64	38.14	2.94
2015-08-06 03:15:06.203	20301	10501	-82	-79	10	14.22	38.03	2.94
2015-08-06 03:41:52.775	20301	10501	-82	-97	10
2015-08-06 03:59:34.622	20301	10501	-82	-97	10
2015-08-06 04:04:27.067	20301	10501	-82	-97	10	13.93	38.07	2.933
2015-08-06 04:13:37.31	20301	10501	-82	-97	10	13.79	38.06	2.948
2015-08-06 05:26:43.146	20301	10501	-82	-97	10	13.61	38.04	2.94
2015-08-06 06:28:26.674	20301	10501	-82	-97	10	13.14	37.96	2.94
2015-08-06 06:44:12.954	20301	10501	-82	-97	10
2015-08-06 06:45:55.182	20301	10501	-79	-97	10	13.07	37.95	2.94
2015-08-06 07:20:59.83	20301	10501	-82	-82	10	13.32	38.07	2.94
2015-08-06 07:52:05.723	20301	10501	-82	-97	10	13.63	38.2	2.94
2015-08-06 07:52:07.446	20301	10501	-82	-97	10
2015-08-06 08:15:24.047	20301	10501	-82	-97	10
2015-08-06 08:19:48.258	20301	10501	-82	-97	10	14.47	38.46	2.94
2015-08-06 09:01:01.046	20301	10501	-82	-97	10	15.93	38.84	2.933
2015-08-06 10:25:30.57	20301	10501	-82	-97	10	17.97	39.22	2.933
2015-08-06 11:17:43.999	20301	10501	-82	-97	10
2015-08-06 11:34:28.243	20301	10501	-82	-97	10	19.61	39.53	2.925
2015-08-06 14:24:31.603	20301	10501	-82	-97	10	20.42	39.54	2.933
2015-08-06 15:34:08.359	20301	10501	-82	-82	10	20.32	39.5	2.925
2015-08-06 15:51:14.864	20301	10501	-82	-97	10
2015-08-06 15:53:28.906	20301	10501	-82	-97	10	20.32	39.46	2.933
2015-08-06 16:27:45.97	20301	10501	-82	-97	10	20.22	39.45	2.925
2015-08-06 16:45:29.647	20301	10501	-85	-97	10	20.22	39.42	2.933
2015-08-06 17:22:24.386	20301	10501	-82	-97	10
2015-08-06 17:26:25.706	20301	10501	-82	-97	10	20.36	39.5	2.925
2015-08-06 17:55:59.167	20301	10501	-85	-97	10	20.5	39.55	2.925
2015-08-06 18:18:38.494	20301	10501	-82	-97	10	20.07	39.37	2.933
2015-08-06 18:53:34.01	20301	10501	-82	-97	10
2015-08-06 19:02:48.074	20301	10501	-82	-82	10	20.03	39.37	2.925
2015-08-06 19:19:04.986	20301	10501	-82	-97	10	20.27	39.46	2.933
2015-08-06 19:29:46.918	20301	10501	-82	-97	10
2015-08-06 19:54:17.086	20301	10501	-82	-97	10	19.78	39.21	2.925
2015-08-06 20:23:52.247	20301	10501	-82	-97	10	18.92	38.92	2.925
2015-08-06 20:24:44.643	20301	10501	-82	-97	10
2015-08-06 20:45:21.091	20301	10501	-82	-97	10	18.29	38.85	2.933
2015-08-06 21:17:00.147	20301	10501	-82	-97	10	17.32	38.62	2.925
2015-08-06 21:55:54.587	20301	10501	-82	-97	10
2015-08-06 22:03:36.574	20301	10501	-82	-82	10	16.33	38.52	2.925
2015-08-06 22:22:11.239	20301	10501	-82	-97	10	16.15	38.5	2.933
2015-08-06 22:56:07.146	20301	10501	-82	-97	10	16.06	38.55	2.925
2015-08-06 23:22:19.819	20301	10501	-82	-97	10
2015-08-06 23:22:56.287	20301	10501	-82	-97	10	16.02	38.55	2.933
2015-08-06 23:27:04.935	20301	10501	-82	-97	10
2015-08-06 23:46:15.794	20301	10501	-82	-97	10	15.92	38.57	2.933
2015-08-07 00:19:59.985	20301	10501	-82	-97	10	15.92	38.61	2.933
2015-08-07 00:48:50.063	20301	10501	-82	-97	10	15.92	38.61	2.933
2015-08-07 00:58:14.874	20301	10501	-82	-97	10
2015-08-07 01:35:38.786	20301	10501	-82	-97	10	15.6	38.51	2.925
2015-08-07 01:49:01.986	20301	10501	-82	-97	10	15.46	38.49	2.933
2015-08-07 02:17:18.314	20301	10501	-82	-97	10	15.0	38.38	2.933
2015-08-07 02:29:25.223	20301	10501	-82	-97	10
2015-08-07 03:02:06.33	20301	10501	-82	-97	10	14.58	38.3	2.925
2015-08-07 03:14:53.411	20301	10501	-82	-97	10
2015-08-07 03:20:06.354	20301	10501	-82	-97	10	14.53	38.33	2.933
2015-08-07 04:00:34.948	20301	10501	-82	-97	10
2015-08-07 04:57:15.342	20301	10501	-82	-97	10	13.97	38.24	2.933
2015-08-07 06:19:48.298	20301	10501	-82	-97	10	13.61	38.24	2.933
2015-08-07 07:02:55.618	20301	10501	-82	-97	10
2015-08-07 07:07:26.186	20301	10501	-82	-82	10
2015-08-07 07:45:16.439	20301	10501	-82	-82	10	14.18	38.43	2.933
2015-08-07 09:34:42.632	20301	10501	-82	-82	10	17.36	39.22	2.925
2015-08-07 10:05:41.103	20301	10501	-82	-82	10
2015-08-07 10:15:21.846	20301	10501	-82	-97	10	19.29	39.66	2.925
2015-08-07 11:36:25.466	20301	10501	-82	-97	10
2015-08-07 12:18:58.367	20301	10501	-82	-97	10	24.82	40.68	2.918
2015-08-07 12:46:20.81	20301	10501	-82	-85	10	24.86	40.52	2.918
2015-08-07 13:07:35.962	20301	10501	-85	-82	10
2015-08-07 14:48:30.794	20301	10501	-82	-82	10	24.31	40.25	2.925
2015-08-07 14:52:32.402	20301	10501	-82	-97	10
2015-08-07 15:15:02.843	20301	10501	-85	-97	10	24.32	40.25	2.918
2015-08-07 16:04:59.59	20301	10501	-85	-82	10	24.19	40.17	2.91
2015-08-07 16:09:57.087	20301	10501	-85	-97	10
2015-08-07 16:22:35.29	20301	10501	-82	-97	10	23.9	40.04	2.925
2015-08-07 16:51:36.286	20301	10501	-85	-97	10	23.47	39.93	2.918
2015-08-07 17:50:01.862	20301	10501	-82	-82	10	23.27	39.91	2.925
2015-08-07 19:12:16.278	20301	10501	-82	-82	10
2015-08-07 20:00:45.506	20301	10501	-82	-97	10	22.57	39.7	2.918
2015-08-07 20:43:26.05	20301	10501	-82	-82	10
2015-08-07 22:14:36.271	20301	10501	-82	-82	10
2015-08-07 22:37:38.699	20301	10501	-82	-97	10
2015-08-07 23:31:27.462	20301	10501	-82	-82	10	18.06	38.83	2.925
2015-08-08 00:31:34.07	20301	10501	-82	-82	10	17.39	38.76	2.925
2015-08-08 00:48:52.527	20301	10501	-82	-97	10	17.22	38.74	2.933
2015-08-08 01:17:26.355	20301	10501	-82	-82	10	16.96	38.71	2.925
2015-08-08 02:48:07.738	20301	10501	-82	-82	10
2015-08-08 02:57:18.418	20301	10501	-82	-97	10	16.79	38.7	2.925
2015-08-08 04:16:54.487	20301	10501	-82	-82	10	16.86	38.77	2.925
2015-08-08 05:32:18.51	20301	10501	-82	-97	10	16.78	38.7	2.925
2015-08-08 05:50:28.774	20301	10501	-82	-82	10
2015-08-08 06:22:44.278	20301	10501	-82	-97	10
2015-08-08 06:48:31.166	20301	10501	-82	-97	10	16.47	38.66	2.933
2015-08-08 08:03:43.774	20301	10501	-82	-82	10	16.79	38.83	2.918
2015-08-08 08:30:50.738	20301	10501	-82	-97	10	17.38	39.02	2.925
2015-08-08 10:03:38.303	20301	10501	-85	-97	10	21.47	40.02	2.91
2015-08-08 10:14:36.538	20301	10501	-85	-97	10	21.97	40.14	2.925
2015-08-08 10:15:17.458	20301	10501	-85	-97	10
2015-08-08 10:23:57.354	20301	10501	-82	-97	10
2015-08-08 10:59:15.111	20301	10501	-82	-97	10	23.88	40.44	2.91
2015-08-08 11:55:08.743	20301	10501	-82	-82	10
2015-08-08 12:44:53.615	20301	10501	-82	-97	10	26.51	40.79	2.925
2015-08-08 13:14:52.187	20301	10501	-85	-97	10	26.66	40.74	2.918
2015-08-08 13:26:19.283	20301	10501	-82	-97	10
2015-08-08 13:52:55.119	20301	10501	-85	-97	10	27.66	40.91	2.91
2015-08-08 14:07:50.434	20301	10501	-85	-97	10
2015-08-08 14:17:40.351	20301	10501	-85	-97	10	28.52	41.11	2.91
2015-08-08 14:57:34.467	20301	10501	-82	-97	10
2015-08-08 14:57:49.91	20301	10501	-85	-97	10	26.05	40.23	2.91
2015-08-08 17:59:48.135	20301	10501	-85	-97	10
2015-08-08 18:27:59.943	20301	10501	-85	-97	10	24.9	40.01	2.918
2015-08-08 20:44:24.054	20301	10501	-82	-97	10	22.36	39.61	2.925
2015-08-08 21:52:56.615	20301	10501	-82	-82	10
2015-08-08 22:26:57.23	20301	10501	-85	-97	10	20.81	39.31	2.925
2015-08-08 22:33:19.055	20301	10501	-82	-97	10
2015-08-08 22:59:36.407	20301	10501	-82	-97	10	20.33	39.27	2.918
2015-08-08 23:17:44.03	20301	10501	-82	-82	10	20.17	39.25	2.925
2015-08-08 23:47:13.071	20301	10501	-82	-97	10	19.93	39.22	2.918
2015-08-09 00:04:28.506	20301	10501	-82	-82	10
2015-08-09 00:20:05.834	20301	10501	-82	-97	10	19.9	39.29	2.918
2015-08-09 01:45:29.563	20301	10501	-82	-82	10
2015-08-09 02:19:44.703	20301	10501	-82	-97	10	19.42	39.2	2.925
2015-08-09 02:51:02.842	20301	10501	-82	-97	10	19.33	39.23	2.925
2015-08-09 03:17:58.522	20301	10501	-82	-97	10	19.25	39.19	2.925
2015-08-09 04:03:38.982	20301	10501	-82	-97	10	18.95	39.12	2.918
2015-08-09 04:28:57.746	20301	10501	-82	-97	10	18.75	39.1	2.925
2015-08-09 04:37:58.971	20301	10501	-82	-97	10
2015-08-09 05:05:05.474	20301	10501	-82	-97	10	18.43	39.03	2.918
2015-08-09 05:27:38.267	20301	10501	-82	-97	10	18.29	39.02	2.925
2015-08-09 05:57:47.51	20301	10501	-82	-97	10	18.07	38.96	2.925
2015-08-09 06:13:29.222	20301	10501	-82	-82	10	17.93	38.95	2.925
2015-08-09 07:14:28.09	20301	10501	-82	-82	10	17.85	39.01	2.925
2015-08-09 07:54:01.211	20301	10501	-82	-97	10	18.02	39.09	2.918
2015-08-09 08:31:53.515	20301	10501	-82	-85	10	18.67	39.29	2.918
2015-08-09 09:00:54.034	20301	10501	-82	-97	10	19.64	39.6	2.925
2015-08-09 09:11:29.058	20301	10501	-82	-97	10
2015-08-09 09:22:26.878	20301	10501	-82	-97	10	20.61	39.83	2.925
2015-08-09 09:30:35.394	20301	10501	-82	-97	10
2015-08-09 09:45:21.17	20301	10501	-85	-97	10	21.75	40.12	2.918
2015-08-09 10:15:09.474	20301	10501	-85	-97	10	23.04	40.36	2.918
2015-08-09 10:42:40.351	20301	10501	-85	-97	10
2015-08-09 10:43:43.323	20301	10501	-82	-97	10	24.4	40.6	2.918
2015-08-09 11:28:07.13	20301	10501	-82	-97	10	25.71	40.71	2.91
2015-08-09 12:13:50.251	20301	10501	-82	-82	10
2015-08-09 12:29:35.746	20301	10501	-85	-97	10	27.32	40.94	2.91
2015-08-09 13:33:57.139	20301	10501	-85	-97	10	28.24	40.98	2.903
2015-08-09 15:16:10.218	20301	10501	-85	-85	10
2015-08-09 15:22:19.902	20301	10501	-85	-97	10	29.08	41.2	2.895
2015-08-09 16:17:18.19	20301	10501	-88	-85	10	29.94	41.29	2.918
2015-08-09 16:47:20.162	20301	10501	-85	-85	10
2015-08-09 18:34:05.291	20301	10501	-85	-85	10	26.99	40.57	2.91
2015-08-09 19:21:02.102	20301	10501	-85	-85	10	25.77	40.27	2.918
2015-08-09 19:49:40.402	20301	10501	-85	-85	10
2015-08-09 20:52:23.282	20301	10501	-85	-85	10	23.14	39.66	2.925
2015-08-09 21:20:51.499	20301	10501	-85	-97	10
2015-08-09 22:53:22.694	20301	10501	-82	-85	10	20.79	39.38	2.918
2015-08-09 23:54:32.938	20301	10501	-85	-97	10	20.36	39.33	2.918
2015-08-10 00:30:56.871	20301	10501	-85	-97	10	20.36	39.37	2.91
2015-08-10 00:57:34.734	20301	10501	-85	-97	10	20.24	39.36	2.925
2015-08-10 01:00:47.21	20301	10501	-85	-97	10
2015-08-10 01:17:19.511	20301	10501	-85	-97	10	20.1	39.34	2.925
2015-08-10 01:54:20.939	20301	10501	-85	-97	10
2015-08-10 02:03:15.271	20301	10501	-85	-97	10	19.81	39.28	2.918
2015-08-10 02:14:09.575	20301	10501	-82	-97	10	19.7	39.27	2.933
2015-08-10 02:50:43.562	20301	10501	-85	-82	10	19.31	39.16	2.918
2015-08-10 03:19:33.794	20301	10501	-82	-97	10	18.96	39.12	2.925
2015-08-10 03:25:31.57	20301	10501	-82	-97	10
2015-08-10 04:05:31.582	20301	10501	-85	-97	10	18.52	39.08	2.918
2015-08-10 04:15:34.499	20301	10501	-82	-97	10	18.46	39.07	2.925
2015-08-10 04:53:27.427	20301	10501	-85	-97	10
2015-08-10 04:56:47.595	20301	10501	-82	-97	10
2015-08-10 05:04:39.427	20301	10501	-85	-97	10	18.31	39.05	2.918
2015-08-10 05:30:45.415	20301	10501	-82	-97	10	18.22	39.05	2.925
2015-08-10 06:19:13.37	20301	10501	-82	-82	10	18.04	39.03	2.925
2015-08-10 07:00:06.563	20301	10501	-82	-97	10	17.89	39.01	2.918
2015-08-10 07:59:02.222	20301	10501	-82	-82	10
2015-08-10 08:45:53.922	20301	10501	-85	-85	10
2015-08-10 09:30:12.042	20301	10501	-82	-97	10
2015-08-10 10:17:01.886	20301	10501	-85	-82	10	24.66	40.8	2.918
2015-08-10 11:01:21.238	20301	10501	-82	-97	10
2015-08-10 11:23:54.93	20301	10501	-85	-85	10	28.05	41.23	2.903
2015-08-10 12:23:41.498	20301	10501	-85	-82	10	26.65	40.47	2.903
2015-08-10 12:32:32.014	20301	10501	-85	-97	10
2015-08-10 12:49:39.566	20301	10501	-85	-85	10	26.3	40.5	2.903
2015-08-10 13:20:07.566	20301	10501	-82	-85	10	25.91	40.46	2.91
2015-08-10 14:03:54.498	20301	10501	-85	-97	10	26.88	40.87	2.91
2015-08-10 16:30:59.382	20301	10501	-85	-97	10
2015-08-10 17:50:01.322	20301	10501	-85	-97	10	25.93	40.56	2.918
2015-08-10 19:52:06.006	20301	10501	-85	-85	10	24.8	40.2	2.918
2015-08-10 20:33:58.851	20301	10501	-85	-85	10	24.11	40.06	2.91
2015-08-10 21:20:52.85	20301	10501	-85	-85	10	23.84	40.07	2.918
2015-08-10 21:50:04.566	20301	10501	-85	-97	10	23.95	40.11	2.91
2015-08-10 22:16:20.706	20301	10501	-82	-97	10	23.77	40.1	2.918
2015-08-10 22:47:56.958	20301	10501	-85	-85	10	23.46	40.0	2.91
2015-08-10 23:31:07.178	20301	10501	-85	-97	10	23.04	39.92	2.91
2015-08-10 23:43:52.798	20301	10501	-85	-85	10	22.9	39.9	2.918
2015-08-11 00:41:54.642	20301	10501	-82	-85	10
2015-08-11 00:51:14.426	20301	10501	-85	-97	10	21.83	39.69	2.918
2015-08-11 01:15:31.366	20301	10501	-85	-85	10	21.61	39.67	2.918
2015-08-11 01:48:32.39	20301	10501	-82	-82	10	21.54	39.69	2.918
2015-08-11 02:28:19.171	20301	10501	-85	-97	10	21.58	39.73	2.918
2015-08-11 02:51:03.334	20301	10501	-85	-97	10	21.4	39.71	2.918
2015-08-11 03:31:49.935	20301	10501	-85	-88	10	20.88	39.56	2.918
2015-08-11 03:45:30.17	20301	10501	-85	-85	10	20.78	39.55	2.925
2015-08-11 04:08:39.706	20301	10501	-85	-85	10
2015-08-11 05:26:28.947	20301	10501	-88	-97	10	20.35	39.53	2.918
2015-08-11 06:01:18.666	20301	10501	-85	-85	10	20.39	39.57	2.918
2015-08-11 06:25:59.398	20301	10501	-85	-85	10	20.39	39.61	2.918
2015-08-11 08:01:13.058	20301	10501	-85	-97	10
2015-08-11 08:14:27.846	20301	10501	-85	-85	10	20.1	39.58	2.925
2015-08-11 09:20:59.13	20301	10501	-88	-88	10	20.64	39.77	2.925
2015-08-11 09:50:01.327	20301	10501	-88	-97	10	21.03	39.87	2.918
2015-08-11 11:15:18.598	20301	10501	-82	-88	10	23.52	40.51	2.925
2015-08-11 11:53:46.783	20301	10501	-85	-97	10
2015-08-11 12:04:54.655	20301	10501	-82	-97	10	24.94	40.73	2.91
2015-08-11 12:16:29.203	20301	10501	-85	-85	10	25.26	40.83	2.925
2015-08-11 13:24:44.379	20301	10501	-88	-97	10	26.18	40.93	2.91
2015-08-11 15:46:19.094	20301	10501	-85	-91	10
2015-08-11 16:02:41.448	20301	10501	-88	-97	10	26.74	40.88	2.91
2015-08-11 16:23:17.946	20301	10501	-85	-82	10	26.69	40.81	2.918
2015-08-11 16:46:33.382	20301	10501	-85	-82	10	27.15	40.93	2.91
2015-08-11 18:31:19.758	20301	10501	-85	-85	10	24.4	40.23	2.91
2015-08-11 18:45:34.086	20301	10501	-85	-97	10	24.29	40.22	2.918
2015-08-11 20:15:10.143	20301	10501	-82	-97	10	22.29	39.84	2.918
2015-08-11 23:05:26.306	20301	10501	-85	-85	10	17.92	39.08	2.918
2015-08-11 23:28:46.775	20301	10501	-85	-97	10	17.71	39.09	2.925
2015-08-12 15:01:45.942	20301	10501	-85	-85	10
2015-08-12 16:03:31.254	20301	10501	-85	-97	10	24.47	40.64	2.91
2015-08-12 16:12:16.274	20301	10501	-85	-82	10
2015-08-12 19:14:45.55	20301	10501	-85	-85	10
2015-08-12 19:17:52.282	20301	10501	-85	-97	10	22.11	39.99	2.918
2015-08-12 20:19:58.028	20301	10501	-82	-85	10	20.36	39.6	2.918
2015-08-12 20:45:47.263	20301	10501	-82	-85	10	19.38	39.4	2.91
2015-08-12 22:04:05.278	20301	10501	-82	-82	10	17.54	39.17	2.91
2015-08-12 22:47:50.854	20301	10501	-82	-82	10	17.1	39.16	2.918
2015-08-12 23:21:35.123	20301	10501	-82	-97	10	16.5	39.07	2.918
2015-08-13 00:24:57.739	20301	10501	-85	-85	10	15.0	38.68	2.918
2015-08-13 01:01:16.091	20301	10501	-82	-97	10	14.29	38.5	2.918
2015-08-13 01:19:18.363	20301	10501	-82	-82	10
2015-08-14 07:42:40.575	20301	10501	-82	-82	10
2015-08-14 08:13:36.135	20301	10501	-85	-97	10	15.82	39.29	2.918
2015-08-14 09:01:20.106	20301	10501	-85	-97	10	17.82	39.8	2.903
2015-08-14 09:15:52.067	20301	10501	-82	-82	10	18.57	39.95	2.91
2015-08-14 09:40:04.35	20301	10501	-85	-85	10
2015-08-14 09:40:07.347	20301	10501	-85	-85	10
2015-08-14 10:24:20.899	20301	10501	-85	-82	10	22.26	40.41	2.91
2015-08-14 10:45:05.215	20301	10501	-85	-82	10
