result_time	node_id	parent_id	stats_frssi	stats_brssi	etx	temperature	humidity	voltage
2015-08-28 20:24:22.974	20441	11301	-94	-89	10
2015-08-28 20:29:54.603	20441	11301	-94	-90	10	20.5	41.88	3.815
2015-08-28 20:36:39.143	20441	11301	-94	-90	10	20.31	41.86	3.815
2015-08-28 20:49:08.222	20441	11301	-94	-89	10	19.86	42.04	3.814
2015-08-28 20:56:53.95	20441	11301	-94	-89	10	19.68	42.12	3.817
2015-08-28 21:07:42.226	20441	11301	-94	-91	10	19.39	42.16	3.815
2015-08-28 21:18:22.738	20441	11301	-94	-91	10	19.2	42.2	3.813
2015-08-28 21:28:08.055	20441	11301	-94	-90	10
2015-08-28 21:30:50.806	20441	11301	-94	-91	10	18.9	42.23	3.815
2015-08-28 21:41:49.258	20441	11301	-94	-91	10	18.68	42.27	3.814
2015-08-28 21:48:43.194	20441	11301	-94	-91	10	18.57	42.26	3.814
2015-08-28 21:57:01.999	20441	11301	-94	-90	10	18.39	42.34	3.814
2015-08-28 22:07:16.606	20441	11301	-94	-91	10	18.25	42.29	3.813
2015-08-28 22:18:54.33	20441	11301	-94	-90	10	18.02	42.4	3.812
2015-08-28 22:25:43.927	20441	11301	-94	-90	10	17.88	42.45	3.814
2015-08-28 22:31:54.438	20441	11301	-94	-91	10
2015-08-28 22:37:22.794	20441	11301	-94	-90	10	17.75	42.5	3.813
2015-08-28 22:44:12.582	20441	11301	-94	-90	10
2015-08-28 22:46:38.858	20441	11301	-94	-90	10	17.75	42.37	3.813
2015-08-28 22:57:53.158	20441	11301	-94	-90	10	17.61	42.35	3.813
2015-08-28 23:10:16.33	20441	11301	-94	-90	10	17.47	42.34	3.813
2015-08-28 23:17:53.562	20441	11301	-94	-91	10	17.29	42.48	3.813
2015-08-28 23:25:19.754	20441	11301	-94	-92	10	17.24	42.47	3.814
2015-08-28 23:35:38.93	20441	11301	-94	-91	10
2015-08-28 23:40:53.495	20441	11301	-94	-93	10	17.02	42.55	3.813
2015-08-28 23:51:54.042	20441	11301	-94	-91	10	16.9	42.57	3.812
2015-08-28 23:57:36.174	20441	11301	-94	-92	10	16.88	42.53	3.813
2015-08-29 00:09:11.507	20441	11301	-94	-91	10	16.72	42.55	3.813
2015-08-29 00:20:01.762	20441	11301	-94	-92	10	16.57	42.59	3.811
2015-08-29 00:32:37.514	20441	11301	-94	-92	10	16.4	42.61	3.812
2015-08-29 00:39:23.186	20441	11301	-94	-92	10
2015-08-29 00:42:20.423	20441	11301	-94	-93	10	16.25	42.69	3.813
2015-08-29 00:50:52.174	20441	11301	-94	-93	10	16.14	42.74	3.812
2015-08-29 00:57:56.206	20441	11301	-94	-93	10	16.07	42.77	3.811
2015-08-29 01:08:30.262	20441	11301	-94	-93	10	16.0	42.76	3.812
2015-08-29 01:15:35.826	20441	11301	-94	-93	10	15.96	42.75	3.812
2015-08-29 01:26:19.271	20441	11301	-94	-92	10	15.82	42.74	3.811
2015-08-29 01:37:32.987	20441	11301	-94	-92	10	15.54	42.9	3.812
2015-08-29 01:43:07.575	20441	11301	-94	-93	10
2015-08-29 01:52:23.966	20441	11301	-94	-93	10	15.43	42.89	3.809
2015-08-29 01:59:41.686	20441	11301	-94	-93	10	15.33	42.88	3.809
2015-08-29 02:01:36.174	20441	11301	-94	-94	10
2015-08-29 02:10:23.462	20441	11301	-94	-94	10	15.18	42.92	3.811
2015-08-29 02:16:16.718	20441	11301	-94	-93	10	15.13	42.95	3.809
2015-08-29 02:29:35.414	20441	11301	-94	-93	10	14.93	42.99	3.809
2015-08-29 02:36:11.038	20441	11301	-94	-94	10	14.82	43.04	3.811
2015-08-29 02:36:33.818	20441	11301	-94	-94	18	14.82	43.04	3.811
2015-08-29 02:46:53.062	20441	11301	-94	-94	18
2015-08-29 20:56:57.811	20441	11301	-94	-92	19	22.74	43.59	3.82
2015-08-29 21:06:30.767	20441	11301	-94	-91	19	22.76	43.49	3.819
2015-08-29 21:18:21.414	20441	11301	-94	-91	19	22.84	43.27	3.82
2015-08-29 21:27:14.887	20441	11301	-94	-91	19	22.86	43.14	3.808
2015-08-29 21:37:44.859	20441	11301	-94	-91	19	22.72	43.16	3.818
2015-08-29 21:45:59.754	20441	11301	-94	-91	18
2015-08-29 21:51:17.095	20441	11301	-94	-92	18	22.54	43.3	3.819
2015-08-29 21:54:22.066	20441	11301	-94	-91	16
2015-08-29 21:56:46.043	20441	11301	-94	-91	15	22.56	43.3	3.819
2015-08-29 22:06:00.799	20441	11301	-94	-91	15	22.61	43.15	3.819
2015-08-29 22:21:44.986	20441	11301	-94	-91	13	22.47	43.19	3.818
2015-08-29 22:29:09.97	20441	11301	-94	-92	13	22.4	43.22	3.815
2015-08-29 22:35:21.63	20441	11301	-94	-91	13	22.27	43.27	3.819
2015-08-29 22:52:33.939	20441	11301	-94	-91	11	21.79	43.58	3.818
2015-08-29 22:58:07.152	20441	11301	-94	-92	10
2015-08-29 23:00:05.735	20441	11301	-94	-91	10	21.67	43.63	3.818
2015-08-29 23:05:46.883	20441	11301	-94	-92	10	21.54	43.68	3.817
2015-08-29 23:16:11.787	20441	11301	-94	-92	10	21.45	43.71	3.818
2015-08-29 23:25:57.803	20441	11301	-94	-92	10	21.38	43.7	3.818
2015-08-29 23:37:46.898	20441	11301	-94	-92	10	21.25	43.75	3.818
2015-08-29 23:50:32.523	20441	11301	-94	-93	10	21.17	43.74	3.818
2015-08-29 23:55:21.531	20441	11301	-94	-91	10	21.15	43.67	3.818
2015-08-30 00:01:51.111	20441	11301	-94	-92	10
2015-08-30 00:06:05.847	20441	11301	-94	-92	10	21.18	43.67	3.818
2015-08-30 00:21:27.946	20441	11301	-94	-92	10	21.1	43.6	3.817
2015-08-30 00:30:30.45	20441	11301	-94	-92	10	20.92	43.71	3.818
2015-08-30 00:35:38.447	20441	11301	-94	-92	10	20.82	43.77	3.815
2015-08-30 00:48:28.443	20441	11301	-94	-91	10	20.67	43.88	3.817
2015-08-30 00:55:57.034	20441	11301	-94	-93	10	20.65	43.85	3.817
2015-08-30 01:03:22.919	20441	11301	-94	-92	10
2015-08-30 01:05:36.13	20441	11301	-94	-91	10
2015-08-30 01:10:56.974	20441	11301	-94	-92	10	20.64	43.81	3.817
2015-08-30 01:15:20.53	20441	11301	-94	-93	10	20.63	43.81	3.817
2015-08-30 01:32:30.615	20441	11301	-94	-94	10	20.65	43.71	3.815
2015-08-30 01:36:17.074	20441	11301	-94	-93	10	20.67	43.68	3.817
2015-08-30 01:46:21.622	20441	11301	-94	-93	10	20.69	43.68	3.818
2015-08-30 02:00:26.675	20441	11301	-94	-92	10	20.83	43.57	3.815
2015-08-30 02:09:21.71	20441	11301	-94	-93	10
2015-08-30 02:10:23.912	20441	11301	-94	-94	10	21.1	43.34	3.814
2015-08-30 02:17:30.927	20441	11301	-94	-92	10	21.22	43.19	3.817
2015-08-30 02:31:49.934	20441	11301	-94	-92	10	21.07	43.33	3.815
2015-08-30 02:40:51.162	20441	11301	-94	-93	10	20.89	43.51	3.817
2015-08-30 02:46:47.242	20441	11301	-94	-92	10	20.77	43.63	3.817
2015-08-30 03:00:00.918	20441	11301	-94	-93	10	20.71	43.69	3.814
2015-08-30 03:07:33.651	20441	11301	-94	-93	10	20.76	43.63	3.814
2015-08-30 03:13:06.31	20441	11301	-94	-93	10
2015-08-30 03:18:50.063	20441	11301	-94	-93	10	20.89	43.48	3.814
2015-08-30 03:32:30.21	20441	11301	-94	-92	10	20.78	43.56	3.814
2015-08-30 03:40:42.783	20441	11301	-94	-92	10	20.65	43.65	3.815
2015-08-30 03:50:12.866	20441	11301	-94	-93	10	20.57	43.74	3.806
2015-08-30 03:55:19.762	20441	11301	-94	-93	10	20.5	43.79	3.814
2015-08-30 04:12:20.258	20441	11301	-94	-93	10	20.21	43.96	3.814
2015-08-30 04:16:51.366	20441	11301	-94	-92	10
2015-08-30 04:18:17.927	20441	11301	-94	-93	10	20.1	44.04	3.815
2015-08-30 04:20:46.662	20441	11301	-94	-92	10
2015-08-30 04:26:36.702	20441	11301	-94	-92	10	19.97	44.13	3.815
2015-08-30 04:36:52.842	20441	11301	-94	-93	10	19.86	44.18	3.814
2015-08-30 04:48:53.44	20441	11301	-94	-93	10	19.75	44.17	3.814
2015-08-30 04:59:18.266	20441	11301	-94	-92	10	19.64	44.25	3.815
2015-08-30 05:06:48.563	20441	11301	-94	-92	10	19.64	44.22	3.814
2015-08-30 05:20:38.731	20441	11301	-94	-93	10
2015-08-30 05:21:56.882	20441	11301	-94	-94	18	19.75	44.03	3.814
2015-09-05 21:42:58.838	20441	11301	-94	-92	10
2015-09-05 21:57:07.315	20441	11301	-94	-92	10	20.32	76.39	3.061
2015-09-05 22:18:37.29	20441	11301	-94	-92	10	20.24	76.51	3.055
2015-09-05 22:40:47.294	20441	11301	-94	-92	10	20.24	76.43	3.057
2015-09-05 22:50:17.555	20441	11301	-94	-92	10	20.18	76.44	3.056
2015-09-05 23:09:26.038	20441	11301	-94	-92	10	20.11	76.45	3.061
2015-09-05 23:28:41.498	20441	11301	-94	-91	10	20.07	76.53	3.054
2015-09-05 23:35:56.122	20441	11301	-94	-91	10	20.07	76.45	3.066
2015-09-05 23:50:29.062	20441	11301	-94	-90	10
2015-09-06 00:02:48.051	20441	11301	-94	-91	10
2015-09-06 00:20:24.255	20441	11301	-94	-91	10	19.85	76.56	3.055
2015-09-06 00:37:27.747	20441	11301	-94	-90	10	19.88	76.46	3.061
2015-09-06 00:54:14.163	20441	11301	-94	-91	10
2015-09-06 01:09:02.515	20441	11301	-94	-90	10	19.81	76.47	3.054
2015-09-06 01:29:37.651	20441	11301	-94	-89	10	19.68	76.5	3.056
2015-09-06 01:37:19.355	20441	11301	-94	-90	10	19.65	76.52	3.062
2015-09-06 01:54:37.81	20441	11301	-94	-90	10	19.61	76.51	3.061
2015-09-06 02:08:14.963	20441	11301	-94	-89	10	19.57	76.48	3.056
2015-09-06 02:30:18.591	20441	11301	-94	-91	10	19.52	76.44	3.056
2015-09-06 02:45:04.026	20441	11301	-94	-90	10	19.46	76.4	3.059
2015-09-06 03:01:44.155	20441	11301	-94	-91	10
2015-09-06 03:14:06.819	20441	11301	-94	-90	10	19.38	76.44	3.062
2015-09-06 03:30:48.923	20441	11301	-94	-90	10	19.39	76.46	3.059
2015-09-06 04:00:53.295	20441	11301	-94	-90	10	19.2	76.51	3.057
2015-09-06 04:05:28.935	20441	11301	-94	-90	10
2015-09-06 04:26:41.959	20441	11301	-94	-91	10	19.1	76.59	3.057
2015-09-06 04:47:50.803	20441	11301	-94	-90	10	19.06	76.58	3.062
2015-09-06 05:07:57.641	20441	11301	-94	-91	10	18.82	76.72	3.063
2015-09-06 05:18:56.478	20441	11301	-94	-91	10	18.82	76.69	3.057
2015-09-06 05:48:34.634	20441	11301	-94	-91	10	18.78	76.63	3.055
2015-09-06 06:11:04.182	20441	11301	-94	-91	10	18.79	76.56	3.056
2015-09-06 06:14:52.318	20441	11301	-94	-90	10	18.79	76.53	3.063
2015-09-06 06:36:27.719	20441	11301	-94	-91	10	18.72	76.59	3.055
2015-09-06 06:44:02.327	20441	11301	-94	-91	10	18.7	76.59	3.066
2015-09-06 07:04:56.874	20441	11301	-94	-91	10	18.63	76.6	3.055
2015-09-06 07:20:16.266	20441	11301	-94	-91	10	18.6	76.59	3.081
2015-09-06 07:47:59.023	20441	11301	-94	-92	10	18.79	76.21	3.061
2015-09-06 07:55:42.826	20441	11301	-94	-91	10	18.89	76.07	3.059
2015-09-06 08:18:21.015	20441	11301	-94	-91	10	19.39	75.56	3.057
2015-09-06 08:23:56.351	20441	11301	-94	-91	10	19.5	75.37	3.063
2015-09-06 08:48:50.195	20441	11301	-94	-91	10	20.11	74.71	3.059
2015-09-06 09:11:18.108	20441	11301	-94	-89	10	20.7	74.1	3.078
2015-09-06 10:15:28.694	20441	11301	-94	-90	10	22.97	71.98	3.061
2015-09-06 10:30:04.819	20441	11301	-91	-86	10	23.54	71.44	3.056
2015-09-06 10:49:29.907	20441	11301	-94	-85	10	24.66	70.83	3.06
2015-09-06 11:29:04.786	20441	11301	-91	-83	10	25.91	70.26	3.062
2015-09-06 12:05:22.575	20441	11301	-91	-90	10	27.97	68.27	3.066
2015-09-06 13:39:14.179	20441	11301	-91	-89	10
2015-09-06 13:55:54.095	20441	11301	-94	-86	10	29.91	67.93	3.061
2015-09-06 14:30:33.999	20441	11301	-94	-85	10	31.55	67.68	3.063
2015-09-06 14:42:58.65	20441	11301	-94	-88	10
2015-09-06 14:59:57.106	20441	11301	-94	-87	10	34.91	65.03	3.067
2015-09-06 15:14:47.527	20441	11301	-94	-87	10	33.41	67.37	3.06
2015-09-06 15:54:14.455	20441	11301	-94	-85	10	31.51	69.56	3.061
2015-09-06 16:20:50.946	20441	11301	-91	-85	10	31.3	69.64	3.061
2015-09-06 16:29:47.343	20441	11301	-94	-85	10
2015-09-06 17:54:14.803	20441	11301	-91	-87	10
2015-09-06 18:15:03.49	20441	11301	-94	-86	10	29.33	72.18	3.065
2015-09-06 18:35:02.359	20441	11301	-91	-84	10	28.99	72.6	3.056
2015-09-06 18:57:59.342	20441	11301	-94	-86	10
2015-09-06 19:06:44.823	20441	11301	-91	-86	10	28.32	73.46	3.062
2015-09-06 19:28:21.547	20441	11301	-91	-84	10	27.83	73.96	3.059
2015-09-06 19:44:47.47	20441	11301	-91	-85	10	27.22	74.68	3.056
2015-09-06 20:01:42.99	20441	11301	-94	-85	10
2015-09-06 20:15:35.399	20441	11301	-94	-85	10	25.86	76.1	3.062
2015-09-06 20:36:36.338	20441	11301	-91	-85	10	25.27	76.55	3.056
2015-09-06 21:20:32.671	20441	11301	-91	-84	10	24.24	77.18	3.063
2015-09-06 23:04:35.627	20441	11301	-91	-84	10
2015-09-06 23:36:15.899	20441	11301	-91	-85	10	22.65	77.42	3.062
2015-09-07 00:16:43.623	20441	11301	-91	-85	10
2015-09-07 00:24:34.619	20441	11301	-91	-84	10	22.36	77.5	3.055
2015-09-07 01:37:20.871	20441	11301	-91	-84	10	21.96	77.49	3.055
2015-09-07 02:05:38.758	20441	11301	-91	-84	10	21.74	77.69	3.059
2015-09-07 03:19:30.31	20441	11301	-91	-84	10	21.2	77.76	3.06
2015-09-07 04:14:17.687	20441	11301	-91	-84	10	20.86	77.93	3.063
2015-09-07 04:34:11.691	20441	11301	-91	-83	10	20.75	77.88	3.062
2015-09-07 04:57:16.751	20441	11301	-91	-84	10	20.49	78.14	3.056
2015-09-07 05:14:43.307	20441	11301	-91	-85	10	20.52	77.99	3.062
2015-09-07 06:45:39.843	20441	11301	-91	-84	10	19.83	78.45	3.057
2015-09-07 08:46:42.91	20441	11301	-91	-84	10
2015-09-07 09:50:27.499	20441	11301	-94	-80	10
2015-09-07 10:41:08.907	20441	11301	-91	-81	10	26.86	71.12	3.056
2015-09-07 10:54:13.014	20441	11301	-91	-84	10
2015-09-07 11:26:10.351	20441	11301	-88	-84	10	28.66	70.77	3.062
2015-09-07 12:06:11.372	20441	11301	-88	-88	10	31.24	68.46	3.065
2015-09-07 12:39:37.57	20441	11301	-94	-82	10	30.6	69.99	3.073
2015-09-07 12:53:58.655	20441	11301	-94	-82	10	30.8	69.91	3.059
2015-09-07 13:07:16.827	20441	11301	-88	-85	10	29.83	71.35	3.063
2015-09-07 13:36:48.507	20441	11301	-94	-87	10	30.52	70.67	3.06
2015-09-07 14:36:54.607	20441	11301	-94	-84	10	34.61	67.55	3.06
2015-09-07 15:51:04.022	20441	11301	-94	-84	10	33.15	71.81	3.065
2015-09-07 16:12:58.007	20441	11301	-91	-84	10
2015-09-07 16:29:29.927	20441	11301	-88	-83	10	32.41	72.09	3.06
2015-09-07 16:47:49.975	20441	11301	-91	-84	10	31.91	72.77	3.06
2015-09-07 17:08:24.79	20441	11301	-91	-84	10	31.57	73.05	3.066
2015-09-07 17:16:55.687	20441	11301	-91	-83	10	31.52	73.13	3.065
2015-09-07 17:37:32.354	20441	11301	-91	-85	10	31.11	73.59	3.059
2015-09-07 17:58:56.083	20441	11301	-94	-85	10	30.72	74.03	3.065
2015-09-07 18:11:14.959	20441	11301	-91	-86	10	30.55	74.23	3.066
2015-09-07 18:20:27.798	20441	11301	-91	-84	10
2015-09-07 18:36:11.307	20441	11301	-94	-85	10	29.79	75.29	3.061
2015-09-07 18:48:59.423	20441	11301	-91	-85	10
2015-09-07 19:03:57.675	20441	11301	-91	-84	10	28.58	76.66	3.06
2015-09-07 19:24:12.751	20441	11301	-91	-84	10
2015-09-07 19:37:52.062	20441	11301	-91	-84	10	27.26	77.88	3.065
2015-09-07 19:58:34.431	20441	11301	-88	-84	10	26.55	78.3	3.057
2015-09-07 20:27:58.535	20441	11301	-91	-83	10
2015-09-07 20:36:49.906	20441	11301	-91	-84	10	25.68	78.93	3.066
2015-09-07 20:58:27.103	20441	11301	-88	-83	10	25.08	79.23	3.066
2015-09-07 21:16:52.855	20441	11301	-91	-83	10	24.61	79.5	3.063
2015-09-07 21:31:43.299	20441	11301	-88	-83	10
2015-09-07 21:50:32.406	20441	11301	-91	-83	10	24.1	79.64	3.06
2015-09-07 22:09:01.359	20441	11301	-91	-83	10	23.72	79.61	3.055
2015-09-07 22:30:52.746	20441	11301	-91	-83	10	23.58	79.61	3.061
2015-09-07 22:38:02.328	20441	11301	-91	-83	10	23.58	79.53	3.055
2015-09-07 23:14:11.963	20441	11301	-91	-83	10	23.18	79.7	3.063
2015-09-07 23:36:39.074	20441	11301	-88	-83	10	22.76	79.9	3.074
2015-09-07 23:59:34.803	20441	11301	-91	-83	10	22.52	79.98	3.055
2015-09-08 00:15:18.787	20441	11301	-91	-83	10	22.34	79.97	3.057
2015-09-08 00:50:06.97	20441	11301	-91	-83	10	22.15	79.83	3.076
2015-09-08 01:56:57.294	20441	11301	-88	-83	10	21.61	80.0	3.056
2015-09-08 02:57:38.382	20441	11301	-88	-83	10	20.95	80.17	3.057
2015-09-08 03:49:19.207	20441	11301	-91	-82	10	20.64	80.1	3.063
2015-09-08 04:51:05.027	20441	11301	-88	-82	10	20.29	80.16	3.05
2015-09-08 05:15:46.074	20441	11301	-88	-82	10	20.03	80.23	3.054
2015-09-08 07:10:34.739	20441	11301	-88	-82	10	19.4	80.05	3.062
2015-09-08 07:40:09.638	20441	11301	-88	-82	10	19.72	79.55	3.059
2015-09-08 08:45:05.931	20441	11301	-91	-85	10	21.42	77.6	3.061
2015-09-08 09:39:37.966	20441	11301	-91	-85	10	23.83	75.09	3.06
2015-09-08 09:53:56.511	20441	11301	-91	-86	10	24.32	74.64	3.056
2015-09-08 11:16:00.122	20441	11301	-94	-87	10
2015-09-08 11:20:27.439	20441	11301	-94	-86	10
2015-09-08 11:40:57.634	20441	11301	-91	-88	10	29.61	70.88	3.062
2015-09-08 11:55:54.342	20441	11301	-94	-90	10	30.71	70.44	3.06
2015-09-08 12:14:19.094	20441	11301	-94	-86	10	32.61	68.25	3.078
2015-09-08 12:24:12.57	20441	11301	-91	-88	10
2015-09-08 12:39:40.75	20441	11301	-91	-84	10	31.3	70.46	3.059
2015-09-08 12:59:37.499	20441	11301	-94	-84	10	31.44	70.31	3.063
2015-09-08 13:18:36.31	20441	11301	-94	-88	10	31.46	70.61	3.066
2015-09-08 13:28:56.794	20441	11301	-94	-89	10	30.9	71.23	3.066
2015-09-08 13:48:08.882	20441	11301	-91	-86	10	31.11	71.12	3.06
2015-09-08 14:08:15.834	20441	11301	-91	-84	10	32.18	70.03	3.066
2015-09-08 14:31:41.759	20441	11301	-94	-86	10
2015-09-08 14:39:34.826	20441	11301	-94	-88	10	35.04	67.56	3.06
2015-09-08 14:59:15.594	20441	11301	-91	-85	10	36.8	66.56	3.061
2015-09-08 15:20:06.23	20441	11301	-91	-87	10	36.69	67.48	3.062
2015-09-08 15:35:27.682	20441	11301	-94	-84	10
2015-09-08 15:45:52.219	20441	11301	-94	-90	10	33.97	70.97	3.059
2015-09-08 16:05:00.874	20441	11301	-94	-92	10	33.76	70.76	3.061
2015-09-08 16:38:08.05	20441	11301	-91	-84	10	32.94	71.54	3.061
2015-09-08 16:45:28.651	20441	11301	-88	-84	10	32.75	71.8	3.06
2015-09-08 17:08:46.75	20441	11301	-94	-84	10	32.49	71.87	3.06
2015-09-08 17:20:07.922	20441	11301	-88	-87	10	32.15	72.44	3.065
2015-09-08 17:30:26.21	20441	11301	-91	-82	10	32.01	72.53	3.061
2015-09-08 17:41:21.786	20441	11301	-94	-85	10	32.02	72.36	3.067
2015-09-08 17:42:57.086	20441	11301	-94	-89	10
2015-09-08 17:50:45.182	20441	11301	-91	-86	10	32.05	72.31	3.062
2015-09-08 17:50:48.063	20441	11301	-91	-87	10
2015-09-08 18:00:16.434	20441	11301	-91	-87	10	31.97	72.35	3.06
2015-09-08 18:10:09.371	20441	11301	-91	-87	10	31.8	72.55	3.062
2015-09-08 18:21:05.539	20441	11301	-91	-86	10	31.54	72.9	3.062
2015-09-08 18:28:01.274	20441	11301	-94	-89	10	31.41	73.05	3.062
2015-09-08 18:36:30.254	20441	11301	-94	-87	10	31.1	73.45	3.065
2015-09-08 18:46:42.21	20441	11301	-94	-88	10
2015-09-08 18:47:39.427	20441	11301	-94	-86	10	30.75	73.92	3.063
2015-09-08 18:58:31.762	20441	11301	-94	-85	10	30.38	74.34	3.062
2015-09-08 19:04:19.39	20441	11301	-94	-87	10	30.08	74.7	3.066
2015-09-08 19:14:21.767	20441	11301	-94	-87	10	29.6	75.25	3.061
2015-09-08 19:29:51.55	20441	11301	-91	-87	10	28.82	76.16	3.061
2015-09-08 19:55:40.343	20441	11301	-94	-86	10	27.88	76.91	3.063
2015-09-08 21:05:42.162	20441	11301	-94	-86	10	25.99	77.86	3.059
2015-09-08 21:27:23.19	20441	11301	-94	-85	10	25.6	78.03	3.057
2015-09-08 23:55:37.946	20441	11301	-91	-86	10	23.7	78.39	3.056
2015-09-09 01:10:43.087	20441	11301	-91	-86	10	22.97	78.48	3.063
2015-09-09 02:04:21.234	20441	11301	-94	-86	10	22.29	78.75	3.059
2015-09-09 02:14:25.527	20441	11301	-91	-86	10	22.19	78.76	3.055
2015-09-09 04:37:17.014	20441	11301	-88	-86	10	21.19	78.66	3.059
2015-09-09 06:21:03.774	20441	11301	-94	-85	10	21.54	77.75	3.056
2015-09-09 06:57:54.47	20441	11301	-88	-84	10	21.68	77.44	3.057
2015-09-09 09:10:08.755	20441	11301	-94	-93	10	23.64	75.08	3.059
2015-09-09 10:05:51.71	20441	11301	-94	-93	10	24.99	73.78	3.06
2015-09-09 10:43:01.038	20441	11301	-94	-91	11
2015-09-09 12:59:07.315	20441	11301	-94	-93	13	30.16	71.01	3.06
2015-09-09 13:19:35.43	20441	11301	-94	-93	13	29.47	72.06	3.062
2015-09-09 14:20:57.542	20441	11301	-94	-92	13	32.58	69.34	3.061
2015-09-09 14:37:59.006	20441	11301	-94	-93	12	34.72	67.78	3.059
2015-09-09 14:50:50.851	20441	11301	-94	-92	11	37.02	65.25	3.065
2015-09-09 14:58:48.011	20441	11301	-94	-89	11	36.44	66.1	3.066
2015-09-09 15:46:00.995	20441	11301	-94	-92	12	24.58	79.66	3.061
2015-09-09 16:01:41.391	20441	11301	-94	-95	12
2015-09-09 16:15:19.122	20441	11301	-94	-94	12	24.25	78.92	3.057
2015-09-09 16:36:04.35	20441	11301	-94	-93	12	23.79	78.57	3.06
2015-09-09 16:50:30.547	20441	11301	-94	-94	12	22.65	79.49	3.06
2015-09-09 17:00:25.11	20441	11301	-94	-90	12	21.88	79.72	3.065
2015-09-09 17:08:20.998	20441	11301	-94	-94	12	21.28	80.16	3.065
2015-09-10 23:19:56.686	20441	11301	-91	-82	10	17.24	77.75	3.06
2015-09-10 23:24:14.158	20441	11301	-88	-83	10	17.17	77.79	3.061
2015-09-10 23:37:39.598	20441	11301	-91	-82	10	17.04	77.94	3.052
2015-09-10 23:44:33.926	20441	11301	-91	-83	10	17.04	77.92	3.055
2015-09-10 23:54:10.814	20441	11301	-91	-82	10
2015-09-10 23:57:53.89	20441	11301	-88	-82	10	16.93	77.95	3.06
2015-09-11 01:17:47.798	20441	11301	-88	-82	10	16.33	78.11	3.057
2015-09-11 01:25:27.946	20441	11301	-88	-82	10	16.28	78.17	3.057
2015-09-11 01:38:06.458	20441	11301	-91	-81	10	16.22	78.18	3.052
2015-09-11 01:46:36.255	20441	11301	-91	-82	10
2015-09-11 01:48:26.054	20441	11301	-91	-82	10	16.11	78.21	3.055
2015-09-11 01:56:54.206	20441	11301	-91	-82	10	16.07	78.26	3.065
2015-09-11 02:01:40.182	20441	11301	-91	-82	10
2015-09-11 02:05:13.634	20441	11301	-91	-82	10	16.07	78.21	3.054
2015-09-11 02:15:37.474	20441	11301	-91	-82	10	16.0	78.19	3.056
2015-09-11 02:27:33.718	20441	11301	-91	-82	10	15.93	78.23	3.057
2015-09-11 02:40:42.37	20441	11301	-88	-82	10	15.75	78.34	3.055
2015-09-11 02:50:00.482	20441	11301	-94	-82	10	15.7	78.43	3.061
2015-09-11 02:54:31.478	20441	11301	-91	-83	10	15.68	78.43	3.057
2015-09-11 03:05:25.09	20441	11301	-91	-83	10
2015-09-11 03:06:43.628	20441	11301	-91	-83	10	15.63	78.32	3.054
2015-09-11 03:18:41.822	20441	11301	-91	-83	10	15.54	78.35	3.052
2015-09-11 03:30:50.91	20441	11301	-91	-83	10	15.39	78.47	3.059
2015-09-11 03:40:59.806	20441	11301	-91	-83	10	15.42	78.45	3.054
2015-09-11 03:47:59.782	20441	11301	-91	-82	10	15.5	78.34	3.056
2015-09-11 03:56:51.99	20441	11301	-91	-82	10	15.57	78.2	3.063
2015-09-11 04:09:02.171	20441	11301	-91	-82	10	15.58	78.1	3.06
2015-09-11 04:09:10.526	20441	11301	-91	-82	10
2015-09-11 04:17:13.086	20441	11301	-91	-82	10	15.47	78.13	3.055
2015-09-11 04:24:22.068	20441	11301	-88	-82	10	15.39	78.22	3.061
2015-09-11 04:39:41.987	20441	11301	-88	-80	10	15.39	78.21	3.059
2015-09-11 04:51:17.554	20441	11301	-88	-81	10	15.33	78.2	3.057
2015-09-11 04:56:49.298	20441	11301	-91	-81	10	15.29	78.25	3.059
2015-09-11 05:04:00.718	20441	11301	-88	-81	10
2015-09-11 05:04:31.826	20441	11301	-88	-81	10	15.27	78.24	3.059
2015-09-11 05:12:54.166	20441	11301	-88	-81	10
2015-09-11 05:14:46.287	20441	11301	-88	-81	10	15.25	78.24	3.057
2015-09-11 05:28:22.986	20441	11301	-91	-82	10	15.22	78.16	3.057
2015-09-11 05:37:49.726	20441	11301	-91	-82	10	15.24	78.13	3.057
2015-09-11 05:46:54.086	20441	11301	-91	-82	10	15.28	78.09	3.057
2015-09-11 05:58:20.794	20441	11301	-88	-82	10	15.39	77.99	3.054
2015-09-11 06:08:03.082	20441	11301	-91	-82	10	15.56	77.79	3.06
2015-09-11 06:16:40.466	20441	11301	-91	-82	10
2015-09-11 06:18:27.498	20441	11301	-88	-82	10	15.68	77.58	3.066
2015-09-11 06:26:12.542	20441	11301	-91	-82	10	15.77	77.52	3.061
2015-09-11 06:33:58.862	20441	11301	-91	-82	10	15.86	77.41	3.061
2015-09-11 06:44:05.902	20441	11301	-91	-82	10	16.03	77.21	3.052
2015-09-11 07:00:25.586	20441	11301	-91	-82	10	16.2	77.07	3.057
2015-09-11 07:08:23.59	20441	11301	-91	-82	10	16.29	76.99	3.052
2015-09-11 07:16:46.154	20441	11301	-91	-82	10	16.36	76.9	3.054
2015-09-11 07:20:24.627	20441	11301	-91	-82	10
2015-09-11 07:29:14.81	20441	11301	-91	-82	10	16.43	76.86	3.055
2015-09-11 07:34:25.928	20441	11301	-91	-82	10	16.45	76.83	3.078
2015-09-11 07:44:32.683	20441	11301	-91	-82	10	16.5	76.79	3.059
2015-09-11 08:00:14.642	20441	11301	-91	-83	10	16.56	76.75	3.06
2015-09-11 08:08:56.674	20441	11301	-91	-82	10	16.58	76.76	3.056
2015-09-11 08:15:50.743	20441	11301	-91	-83	10	16.64	76.69	3.052
2015-09-11 08:21:25.03	20441	11301	-91	-83	10
2015-09-11 08:24:09.563	20441	11301	-91	-83	10
2015-09-11 08:29:50.442	20441	11301	-91	-83	10	16.65	76.64	3.062
2015-09-11 08:41:06.038	20441	11301	-91	-82	10	16.68	76.65	3.059
2015-09-11 08:46:00.778	20441	11301	-91	-82	10	16.7	76.62	3.052
2015-09-11 09:00:48.078	20441	11301	-91	-82	10	16.75	76.61	3.063
2015-09-11 09:06:08.395	20441	11301	-91	-82	10	16.79	76.56	3.045
2015-09-11 09:17:09.607	20441	11301	-91	-82	10	16.78	76.59	3.063
2015-09-11 09:27:54.087	20441	11301	-91	-81	10
2015-09-11 09:28:37.824	20441	11301	-91	-82	10	16.78	76.67	3.063
2015-09-11 09:35:12.754	20441	11301	-91	-82	10	16.86	76.55	3.078
2015-09-11 09:47:57.191	20441	11301	-91	-82	10	17.0	76.4	3.072
2015-09-11 09:55:34.067	20441	11301	-91	-81	10	17.1	76.29	3.062
2015-09-11 10:07:31.223	20441	11301	-91	-82	10	17.52	75.74	3.052
2015-09-11 10:20:45.354	20441	11301	-91	-82	10	17.82	75.54	3.055
2015-09-11 10:27:50.722	20441	11301	-91	-82	10	18.24	75.22	3.062
2015-09-11 10:31:41.135	20441	11301	-91	-82	10
2015-09-11 10:41:00.783	20441	11301	-91	-83	10	19.25	74.38	3.061
2015-09-11 12:11:05.914	20441	11301	-94	-85	10	24.03	71.31	3.055
2015-09-11 12:29:48.29	20441	11301	-94	-90	10	24.11	71.41	3.062
2015-09-11 12:34:57.346	20441	11301	-94	-90	10	23.83	71.77	3.055
2015-09-11 12:39:09.798	20441	11301	-94	-88	10
2015-09-11 12:50:56.451	20441	11301	-94	-88	10	23.86	71.86	3.06
2015-09-11 12:59:13.555	20441	11301	-94	-87	10	23.74	72.18	3.057
2015-09-11 13:05:55.542	20441	11301	-94	-86	10	23.61	72.74	3.072
2015-09-11 13:16:50.146	20441	11301	-94	-92	10	23.46	72.82	3.056
2015-09-11 13:28:02.274	20441	11301	-94	-89	10	23.36	72.94	3.061
2015-09-11 13:38:15.998	20441	11301	-94	-93	11	23.58	72.68	3.074
2015-09-11 13:42:55.227	20441	11301	-94	-93	11
2015-09-11 13:46:35.698	20441	11301	-94	-91	11	24.02	72.59	3.059
2015-09-11 18:29:59.783	20441	11301	-94	-91	21	23.42	76.07	3.062
2015-09-11 19:50:27.231	20441	11301	-94	-90	19	21.15	77.91	3.061
2015-09-11 20:00:49.831	20441	11301	-94	-91	19	21.0	77.99	3.062
2015-09-11 20:04:06.255	20441	11301	-94	-91	19	20.94	78.0	3.055
2015-09-11 20:05:23.77	20441	11301	-94	-91	19
2015-09-11 20:17:17.014	20441	11301	-94	-91	19	20.65	78.15	3.062
2015-09-11 20:24:28.61	20441	11301	-94	-91	18	20.51	78.25	3.063
2015-09-11 20:40:31.219	20441	11301	-94	-92	18	20.14	78.41	3.055
2015-09-11 20:50:51.218	20441	11301	-94	-92	18	20.07	78.29	3.06
2015-09-11 20:54:13.48	20441	11301	-94	-91	18	20.08	78.24	3.056
2015-09-11 21:06:12.514	20441	11301	-94	-91	18	20.13	78.07	3.055
2015-09-11 21:09:09.847	20441	11301	-94	-92	17
2015-09-11 21:17:40.175	20441	11301	-94	-91	17	20.08	77.95	3.09
2015-09-11 21:24:01.754	20441	11301	-94	-92	17	20.14	77.86	3.071
2015-09-11 21:31:00.567	20441	11301	-94	-92	16
2015-09-11 21:40:58.57	20441	11301	-94	-92	16	20.04	77.81	3.055
2015-09-11 21:49:38.078	20441	11301	-94	-92	16	19.99	77.83	3.06
2015-09-11 22:01:00.554	20441	11301	-94	-87	15	19.61	78.09	3.073
2015-09-11 22:10:38.562	20441	11301	-94	-89	14	19.54	78.18	3.06
2015-09-11 22:12:54.102	20441	11301	-94	-92	14
2015-09-11 22:20:56.095	20441	11301	-94	-91	14	19.56	78.05	3.061
2015-09-11 23:15:00.034	20441	11301	-94	-91	14	19.11	78.12	3.06
2015-09-11 23:31:10.946	20441	11301	-94	-92	14	19.02	78.07	3.062
2015-09-11 23:34:24.463	20441	11301	-94	-92	14	19.0	78.09	3.055
2015-09-11 23:47:30.502	20441	11301	-94	-91	13	18.9	78.13	3.057
2015-09-11 23:55:31.91	20441	11301	-94	-91	12	18.86	78.14	3.056
2015-09-12 00:05:14.534	20441	11301	-94	-90	12	18.78	78.15	3.045
2015-09-12 00:14:50.342	20441	11301	-94	-91	12	18.71	78.19	3.057
2015-09-12 00:20:24.882	20441	11301	-94	-90	11
2015-09-12 00:28:05.086	20441	11301	-94	-90	11	18.57	78.21	3.054
2015-09-12 00:38:35.722	20441	11301	-94	-92	11	18.52	78.23	3.055
2015-09-12 00:48:24.814	20441	11301	-94	-91	10
2015-09-12 00:50:51.506	20441	11301	-94	-92	10	18.46	78.24	3.055
2015-09-12 00:56:18.606	20441	11301	-94	-92	10	18.42	78.26	3.057
2015-09-12 01:10:14.807	20441	11301	-94	-91	10	18.29	78.28	3.055
2015-09-12 01:16:29.771	20441	11301	-94	-90	10	18.25	78.3	3.062
2015-09-12 01:24:08.855	20441	11301	-97	-90	10
2015-09-12 01:29:43.218	20441	11301	-94	-91	10	18.14	78.3	3.055
2015-09-12 01:40:53.807	20441	11301	-94	-92	10	18.06	78.39	3.054
2015-09-12 01:44:25.602	20441	11301	-94	-92	10	18.04	78.39	3.059
2015-09-12 01:56:04.754	20441	11301	-94	-91	10	17.99	78.38	3.07
2015-09-12 02:05:23.255	20441	11301	-94	-91	10	17.93	78.37	3.063
2015-09-12 02:14:53.295	20441	11301	-94	-90	10	17.88	78.38	3.078
2015-09-12 02:27:53.886	20441	11301	-94	-91	10
2015-09-12 02:27:56.346	20441	11301	-94	-91	10	17.82	78.39	3.063
2015-09-12 02:37:42.679	20441	11301	-94	-91	10	17.78	78.38	3.051
2015-09-12 02:43:59.598	20441	11301	-94	-92	10	17.72	78.35	3.054
2015-09-12 02:54:45.263	20441	11301	-94	-90	10	17.43	78.44	3.056
2015-09-12 03:04:48.835	20441	11301	-94	-90	10	17.15	78.67	3.059
2015-09-12 03:48:16.603	20441	11301	-91	-89	10	16.56	78.92	3.059
2015-09-12 03:54:17.219	20441	11301	-94	-85	10	16.52	78.92	3.065
2015-09-12 04:05:50.814	20441	11301	-94	-91	10
2015-09-12 04:09:51.382	20441	11301	-94	-90	10	16.4	78.99	3.055
2015-09-12 04:16:04.23	20441	11301	-94	-90	10	16.4	78.97	3.061
2015-09-12 04:25:13.878	20441	11301	-94	-85	10	16.33	78.93	3.061
2015-09-12 04:35:23.77	20441	11301	-91	-86	10
2015-09-12 04:40:17.683	20441	11301	-94	-88	10	16.25	78.99	3.059
2015-09-12 04:47:07.718	20441	11301	-94	-88	10	16.2	78.92	3.054
2015-09-12 04:54:13.462	20441	11301	-91	-86	10	16.14	78.96	3.056
2015-09-12 05:04:00.431	20441	11301	-94	-90	10	16.1	78.98	3.057
2015-09-12 05:15:08.735	20441	11301	-94	-91	10	16.06	79.0	3.054
2015-09-12 05:24:12.194	20441	11301	-94	-94	10	15.99	78.96	3.054
2015-09-12 05:39:09.302	20441	11301	-94	-93	10
2015-09-12 05:40:09.255	20441	11301	-94	-93	10	15.88	78.98	3.056
2015-09-12 05:49:53.587	20441	11301	-94	-90	10	15.82	79.0	3.051
2015-09-12 05:58:57.919	20441	11301	-94	-89	10	15.78	78.99	3.057
2015-09-12 06:10:33.882	20441	11301	-94	-92	10	15.72	79.03	3.057
2015-09-12 06:15:50.211	20441	11301	-94	-90	10	15.67	79.04	3.054
2015-09-12 06:30:19.962	20441	11301	-94	-90	10	15.58	79.13	3.06
2015-09-12 06:37:00.891	20441	11301	-94	-90	10	15.61	79.08	3.055
2015-09-12 06:42:54.262	20441	11301	-94	-92	10
2015-09-12 06:45:19.782	20441	11301	-94	-92	10	15.56	79.07	3.06
2015-09-12 06:55:02.322	20441	11301	-94	-95	10	15.54	78.96	3.061
2015-09-12 09:38:57.819	20441	11301	-94	-91	19	15.49	78.54	3.057
2015-09-12 09:43:59.67	20441	11301	-94	-90	19	15.5	78.52	3.052
2015-09-12 09:54:11.702	20441	11301	-94	-90	19
2015-09-12 09:58:44.202	20441	11301	-94	-90	19	15.57	78.41	3.059
2015-09-12 10:06:35.558	20441	11301	-94	-90	18	15.61	78.34	3.06
2015-09-12 10:16:34.926	20441	11301	-94	-89	18	15.67	78.27	3.055
2015-09-12 10:28:06.218	20441	11301	-94	-89	18	15.72	78.21	3.063
2015-09-12 10:35:36.023	20441	11301	-94	-90	17	15.75	78.09	3.054
2015-09-12 10:40:39.114	20441	11301	-94	-92	17
2015-09-12 10:50:42.142	20441	11301	-94	-90	17	15.83	78.0	3.055
2015-09-12 10:54:14.374	20441	11301	-94	-93	17	15.86	77.98	3.063
2015-09-12 10:57:53.222	20441	11301	-94	-93	17
2015-09-12 11:04:22.05	20441	11301	-94	-91	16	15.93	77.92	3.059
2015-09-12 11:19:25.546	20441	11301	-94	-93	16	16.1	77.7	3.059
2015-09-12 11:26:18.598	20441	11301	-94	-93	16	16.07	77.67	3.056
2015-09-12 11:36:45.086	20441	11301	-94	-94	15	16.02	77.7	3.057
2015-09-12 11:48:05.535	20441	11301	-94	-89	15	16.1	77.72	3.062
2015-09-12 11:58:44.154	20441	11301	-94	-89	15	16.33	77.38	3.054
2015-09-12 12:01:39.154	20441	11301	-94	-91	15
2015-09-12 12:07:57.158	20441	11301	-94	-90	13	16.32	77.28	3.061
2015-09-12 12:15:34.758	20441	11301	-94	-89	13	16.29	77.37	3.056
2015-09-12 12:29:37.87	20441	11301	-91	-88	13	16.24	77.52	3.054
2015-09-12 12:36:36.863	20441	11301	-88	-85	12	16.27	77.47	3.062
2015-09-12 12:51:05.274	20441	11301	-88	-82	12	16.1	77.75	3.055
2015-09-12 13:00:30.098	20441	11301	-91	-83	12	16.14	77.76	3.055
2015-09-12 13:05:24.634	20441	11301	-91	-84	12
2015-09-12 13:08:32.606	20441	11301	-91	-85	12	16.07	77.64	3.055
2015-09-12 13:17:41.01	20441	11301	-91	-84	11	15.88	77.93	3.06
2015-09-12 13:29:39.223	20441	11301	-91	-84	11	15.86	77.96	3.056
2015-09-12 13:34:10.682	20441	11301	-88	-84	11	15.95	77.87	3.061
2015-09-12 13:47:42.082	20441	11301	-91	-83	10	16.08	77.64	3.06
2015-09-12 13:57:14.178	20441	11301	-88	-84	10	16.07	77.64	3.054
2015-09-12 13:58:00.923	20441	11301	-91	-82	10
2015-09-12 14:08:14.186	20441	11301	-88	-83	10	16.07	77.64	3.052
2015-09-12 14:09:08.758	20441	11301	-91	-83	10
2015-09-12 14:14:02.102	20441	11301	-91	-83	10	16.11	77.6	3.051
2015-09-12 14:26:46.622	20441	11301	-91	-82	10	17.15	76.72	3.06
2015-09-12 14:35:17.882	20441	11301	-88	-82	10	17.31	76.25	3.065
2015-09-12 14:50:16.562	20441	11301	-88	-83	10	16.86	76.76	3.057
2015-09-12 14:57:40.591	20441	11301	-88	-82	10	16.7	77.07	3.059
2015-09-12 15:05:21.186	20441	11301	-88	-82	10	16.71	77.15	3.059
2015-09-12 15:12:54.438	20441	11301	-88	-83	10
2015-09-12 15:14:49.479	20441	11301	-88	-82	10	16.68	77.14	3.059
2015-09-12 15:27:21.955	20441	11301	-94	-82	10	16.28	77.37	3.056
2015-09-12 15:34:27.427	20441	11301	-94	-88	10	15.97	77.77	3.052
2015-09-12 15:49:09.958	20441	11301	-91	-86	10	15.75	78.03	3.057
2015-09-12 15:53:58.539	20441	11301	-94	-88	10	15.72	78.05	3.054
2015-09-12 16:10:59.214	20441	11301	-91	-86	10	15.64	78.04	3.06
2015-09-12 16:16:43.854	20441	11301	-91	-84	10
2015-09-12 16:18:40.638	20441	11301	-94	-88	10	15.57	78.05	3.059
2015-09-12 16:27:01.171	20441	11301	-91	-84	10	15.47	78.15	3.052
2015-09-12 16:41:07.856	20441	11301	-94	-85	10	15.38	78.21	3.063
2015-09-12 16:44:38.534	20441	11301	-94	-89	10	15.33	78.2	3.061
2015-09-12 16:58:33.134	20441	11301	-94	-88	10	15.25	78.29	3.078
2015-09-12 17:08:09.599	20441	11301	-94	-93	10	15.22	78.31	3.056
2015-09-12 17:15:25.17	20441	11301	-94	-93	10
2015-09-12 17:15:50.618	20441	11301	-94	-91	10	15.29	78.25	3.061
2015-09-12 17:20:24.07	20441	11301	-94	-92	10
2015-09-12 17:30:03.902	20441	11301	-94	-89	10	15.36	78.03	3.059
2015-09-12 17:34:46.122	20441	11301	-94	-92	10	15.33	78.05	3.065
2015-09-12 17:48:08.118	20441	11301	-94	-93	10	15.22	78.13	3.055
2015-09-12 17:59:24.426	20441	11301	-94	-92	10	15.08	78.2	3.055
2015-09-12 18:07:17.246	20441	11301	-94	-88	10	15.0	78.29	3.051
2015-09-12 18:17:22.334	20441	11301	-94	-87	10	14.89	78.34	3.052
2015-09-12 18:24:10.998	20441	11301	-94	-88	10
2015-09-12 18:25:31.492	20441	11301	-94	-92	10	14.81	78.37	3.061
2015-09-12 18:39:17.295	20441	11301	-94	-90	10	14.57	78.55	3.057
2015-09-12 18:49:39.655	20441	11301	-94	-87	10	14.45	78.65	3.052
2015-09-12 18:57:57.395	20441	11301	-94	-93	10	14.38	78.71	3.051
2015-09-12 19:06:23.346	20441	11301	-94	-88	10	14.28	78.74	3.059
2015-09-12 19:19:48.606	20441	11301	-94	-89	10	14.18	78.87	3.059
2015-09-12 19:27:46.503	20441	11301	-94	-85	10	14.18	78.82	3.055
2015-09-12 19:27:53.63	20441	11301	-94	-88	10
2015-09-12 19:36:49.778	20441	11301	-94	-87	10	14.2	78.78	3.055
2015-09-12 19:50:13.654	20441	11301	-94	-90	10	14.2	78.7	3.056
2015-09-12 19:59:07.194	20441	11301	-94	-86	10	14.13	78.71	3.056
2015-09-12 20:11:06.374	20441	11301	-91	-88	10	14.1	78.68	3.056
2015-09-12 20:16:42.167	20441	11301	-94	-86	10	14.08	78.65	3.06
2015-09-12 20:25:28.195	20441	11301	-94	-86	10	14.04	78.69	3.061
2015-09-12 20:31:39.038	20441	11301	-94	-86	10
2015-09-12 20:32:49.799	20441	11301	-94	-90	10
2015-09-12 20:33:57.242	20441	11301	-94	-86	10	14.04	78.69	3.057
2015-09-12 20:48:00.178	20441	11301	-91	-84	10	14.06	78.6	3.059
2015-09-12 20:56:58.19	20441	11301	-97	-82	10	14.0	78.63	3.055
2015-09-12 21:05:23.091	20441	11301	-94	-87	10	13.89	78.66	3.051
2015-09-12 21:15:30.566	20441	11301	-94	-90	10	13.78	78.76	3.052
2015-09-12 21:26:15.502	20441	11301	-94	-94	10	13.68	78.82	3.061
2015-09-12 21:35:23.55	20441	11301	-94	-88	10
2015-09-12 21:39:44.358	20441	11301	-94	-86	10	13.6	78.85	3.06
2015-09-12 21:44:30.011	20441	11301	-91	-82	10	13.54	78.84	3.055
2015-09-12 21:59:28.115	20441	11301	-94	-88	10	13.46	78.92	3.059
2015-09-12 22:09:17.483	20441	11301	-94	-90	10	13.47	78.9	3.052
2015-09-12 22:17:52.326	20441	11301	-94	-85	10	13.39	78.86	3.056
2015-09-12 22:25:16.686	20441	11301	-94	-87	10	13.36	78.9	3.059
2015-09-12 22:37:34.17	20441	11301	-94	-87	10	13.25	78.98	3.052
2015-09-12 22:39:09.734	20441	11301	-94	-88	10
2015-09-12 22:48:23.902	20441	11301	-91	-84	10	13.18	79.01	3.06
2015-09-12 22:56:09.903	20441	11301	-91	-84	10	13.14	79.03	3.057
2015-09-12 23:05:30.006	20441	11301	-94	-82	10	13.06	79.06	3.057
2015-09-12 23:14:04.714	20441	11301	-91	-85	10	12.97	79.1	3.059
2015-09-12 23:30:39.727	20441	11301	-94	-92	10	12.83	79.17	3.054
2015-09-12 23:35:04.163	20441	11301	-94	-89	10	12.79	79.2	3.057
2015-09-12 23:42:53.995	20441	11301	-94	-88	10
2015-09-12 23:47:55.411	20441	11301	-94	-89	10	12.75	79.17	3.057
2015-09-12 23:50:13.39	20441	11301	-94	-91	10
2015-09-12 23:55:13.299	20441	11301	-94	-90	10	12.72	79.19	3.059
2015-09-13 00:04:13.958	20441	11301	-94	-89	10	12.68	79.18	3.057
2015-09-13 00:16:34.678	20441	11301	-94	-90	10	12.61	79.19	3.05
2015-09-13 00:29:34.118	20441	11301	-94	-88	10	12.54	79.23	3.052
2015-09-13 00:40:42.972	20441	11301	-94	-91	10	12.47	79.26	3.062
2015-09-13 00:46:38.11	20441	11301	-94	-91	10
2015-09-13 00:49:43.45	20441	11301	-94	-89	10	12.46	79.28	3.061
2015-09-13 00:56:12.886	20441	11301	-94	-86	10	12.47	79.26	3.054
2015-09-13 01:09:12.89	20441	11301	-94	-87	10	12.43	79.2	3.055
2015-09-13 01:19:48.846	20441	11301	-94	-85	10	12.43	79.2	3.051
2015-09-13 01:26:26.906	20441	11301	-94	-86	10	12.43	79.15	3.055
2015-09-13 01:40:28.667	20441	11301	-91	-88	10	12.36	79.19	3.06
2015-09-13 01:49:14.704	20441	11301	-94	-86	10	12.33	79.18	3.059
2015-09-13 01:50:23.707	20441	11301	-94	-85	10
2015-09-13 01:54:54.026	20441	11301	-91	-85	10	12.32	79.18	3.061
2015-09-13 02:05:45.134	20441	11301	-91	-83	10	12.31	79.18	3.057
2015-09-13 02:19:57.834	20441	11301	-94	-84	10	12.32	79.18	3.081
2015-09-13 02:29:30.278	20441	11301	-91	-84	10	12.28	79.14	3.054
2015-09-13 02:47:33.679	20441	11301	-91	-83	10	12.22	79.16	3.057
2015-09-13 02:55:38.438	20441	11301	-91	-86	10	12.2	79.13	3.062
2015-09-13 03:26:45.243	20441	11301	-94	-84	10	12.24	79.11	3.056
2015-09-13 03:40:07.134	20441	11301	-91	-84	10	12.24	79.04	3.051
2015-09-13 03:46:46.007	20441	11301	-91	-83	10	12.24	79.04	3.056
2015-09-13 03:57:54.31	20441	11301	-91	-82	10
2015-09-13 04:00:42.846	20441	11301	-88	-83	10	12.25	78.99	3.06
2015-09-13 04:07:46.77	20441	11301	-91	-83	10	12.27	78.97	3.057
2015-09-13 04:17:31.967	20441	11301	-94	-83	10	12.25	78.96	3.059
2015-09-13 04:25:37.886	20441	11301	-91	-83	10	12.25	78.94	3.059
2015-09-13 04:37:49.846	20441	11301	-91	-84	10	12.25	78.94	3.051
2015-09-13 04:44:59.994	20441	11301	-91	-84	10	12.24	78.94	3.061
2015-09-13 04:54:00.839	20441	11301	-91	-83	10	12.21	78.95	3.048
2015-09-13 05:01:39.198	20441	11301	-91	-83	10
2015-09-13 05:27:52.083	20441	11301	-91	-82	10	12.04	79.07	3.062
2015-09-13 05:40:54.67	20441	11301	-91	-83	10	12.02	79.06	3.052
2015-09-13 05:47:06.134	20441	11301	-91	-83	10	12.04	79.07	3.056
2015-09-13 05:56:06.703	20441	11301	-94	-82	10	12.06	79.02	3.055
2015-09-13 06:05:24.482	20441	11301	-94	-83	10
2015-09-13 06:08:53.922	20441	11301	-94	-84	10	12.04	78.92	3.054
2015-09-13 06:19:11.123	20441	11301	-91	-83	10	12.0	79.01	3.054
2015-09-13 06:25:02.27	20441	11301	-91	-83	10
2015-09-13 06:28:28.335	20441	11301	-91	-83	10	11.95	79.05	3.052
2015-09-13 06:38:23.203	20441	11301	-88	-83	10	11.92	79.09	3.056
2015-09-13 06:47:00.243	20441	11301	-91	-84	10	11.86	79.08	3.057
2015-09-13 06:57:30.514	20441	11301	-91	-83	10	11.77	79.21	3.057
2015-09-13 07:04:22.118	20441	11301	-91	-83	10	11.74	79.23	3.05
2015-09-13 07:09:08.11	20441	11301	-91	-84	10
2015-09-13 07:18:02.246	20441	11301	-91	-83	10	11.64	79.26	3.072
2015-09-13 07:28:16.814	20441	11301	-91	-83	10	11.6	79.3	3.059
2015-09-13 07:33:58.07	20441	11301	-91	-84	10	11.57	79.32	3.056
2015-09-13 07:43:56.714	20441	11301	-91	-84	10	11.54	79.31	3.061
2015-09-13 07:57:09.278	20441	11301	-91	-87	10	11.54	79.28	3.05
2015-09-13 08:09:46.058	20441	11301	-91	-86	10	11.6	79.17	3.051
2015-09-13 08:12:53.799	20441	11301	-94	-87	10
2015-09-13 08:37:59.89	20441	11301	-91	-83	10	11.64	78.93	3.061
2015-09-13 08:59:16.734	20441	11301	-88	-84	10	11.92	78.54	3.05
2015-09-13 09:10:47.854	20441	11301	-94	-81	10	12.1	78.73	3.055
2015-09-13 09:14:46.075	20441	11301	-91	-82	10	12.2	78.53	3.061
2015-09-13 09:16:38.595	20441	11301	-91	-83	10
2015-09-13 09:29:41.754	20441	11301	-91	-82	10	12.57	77.92	3.05
2015-09-13 09:39:52.07	20441	11301	-91	-82	10	12.72	77.68	3.06
2015-09-13 09:42:24.679	20441	11301	-88	-83	10
2015-09-13 09:49:50.022	20441	11301	-91	-82	10	12.82	77.72	3.055
2015-09-13 09:57:00.395	20441	11301	-88	-80	10	12.99	77.55	3.056
2015-09-13 10:03:54.438	20441	11301	-94	-81	10	13.14	77.33	3.06
2015-09-13 10:14:21.598	20441	11301	-88	-84	10	13.6	76.86	3.059
2015-09-13 10:20:24.194	20441	11301	-91	-81	10
2015-09-13 10:25:25.53	20441	11301	-88	-83	10	13.67	76.72	3.059
2015-09-13 10:36:42.51	20441	11301	-94	-80	10	14.43	76.16	3.052
2015-09-13 10:47:28.23	20441	11301	-88	-82	10	14.28	76.33	3.056
2015-09-13 10:57:00.646	20441	11301	-88	-81	10	14.65	76.21	3.066
2015-09-13 11:11:16.366	20441	11301	-94	-82	10	14.52	76.33	3.054
2015-09-13 11:19:10.951	20441	11301	-91	-85	10	14.18	76.78	3.051
2015-09-13 11:36:41.267	20441	11301	-88	-83	10	14.29	76.72	3.056
2015-09-13 12:26:44.406	20441	11301	-94	-86	10	12.25	78.79	3.052
2015-09-13 12:39:35.844	20441	11301	-94	-90	10	12.5	78.44	3.054
2015-09-13 12:43:49.478	20441	11301	-91	-85	10	12.63	78.24	3.051
2015-09-13 12:58:23.582	20441	11301	-91	-87	10	12.93	77.82	3.059
2015-09-13 12:59:49.59	20441	11301	-88	-82	10
2015-09-13 13:05:02.111	20441	11301	-91	-84	10	13.14	77.69	3.065
2015-09-13 13:20:35.891	20441	11301	-91	-81	10	13.57	77.17	3.056
2015-09-13 13:26:27.939	20441	11301	-88	-84	10	13.82	76.88	3.051
2015-09-13 13:31:40.57	20441	11301	-88	-82	10
2015-09-13 13:35:09.73	20441	11301	-91	-82	10	14.39	76.38	3.061
2015-09-13 13:44:11.207	20441	11301	-91	-83	10	14.33	76.09	3.06
2015-09-13 13:59:29.303	20441	11301	-88	-86	10	13.65	77.16	3.054
2015-09-13 14:08:06.883	20441	11301	-91	-80	10	13.57	77.37	3.059
2015-09-13 14:14:25.106	20441	11301	-91	-81	10	13.78	77.31	3.063
2015-09-13 14:25:20.623	20441	11301	-91	-81	10	14.61	76.69	3.061
2015-09-13 14:35:24.007	20441	11301	-91	-84	10
2015-09-13 14:40:14.707	20441	11301	-94	-83	10	17.78	74.46	3.062
2015-09-13 14:50:52.503	20441	11301	-94	-84	10	19.39	72.84	3.061
2015-09-13 14:59:43.575	20441	11301	-94	-85	10	19.32	73.23	3.061
2015-09-13 15:07:09.871	20441	11301	-91	-86	10	17.74	74.64	3.057
2015-09-13 15:17:37.767	20441	11301	-91	-84	10	15.99	76.71	3.062
2015-09-13 15:25:14.255	20441	11301	-91	-82	10	15.46	77.33	3.056
2015-09-13 15:37:24.239	20441	11301	-88	-83	10	15.65	76.98	3.065
2015-09-13 15:39:08.538	20441	11301	-91	-81	10
2015-09-13 15:44:18.795	20441	11301	-91	-84	10	15.54	76.98	3.06
2015-09-13 15:58:53.487	20441	11301	-88	-84	10	15.22	77.23	3.056
2015-09-13 16:10:45.323	20441	11301	-94	-81	10	15.33	76.99	3.056
2015-09-13 16:17:13.567	20441	11301	-91	-88	10
2015-09-13 16:17:15.832	20441	11301	-91	-88	10
2015-09-13 16:20:53.735	20441	11301	-94	-84	10	15.0	77.23	3.052
2015-09-13 16:24:27.67	20441	11301	-94	-85	10	14.86	77.39	3.056
2015-09-13 16:39:40.803	20441	11301	-94	-86	10	14.54	77.88	3.059
2015-09-13 16:42:55.855	20441	11301	-91	-84	10
2015-09-13 16:46:09.495	20441	11301	-94	-82	10	14.54	77.88	3.062
2015-09-13 16:59:59.763	20441	11301	-91	-90	10	14.58	77.66	3.062
2015-09-13 17:07:01.295	20441	11301	-94	-82	10	14.47	77.76	3.06
2015-09-13 17:18:36.379	20441	11301	-91	-83	10	14.52	77.83	3.059
2015-09-13 17:28:29.728	20441	11301	-91	-83	10	14.56	77.68	3.051
2015-09-13 17:40:46.439	20441	11301	-91	-84	10	14.86	77.54	3.057
2015-09-13 17:46:38.646	20441	11301	-94	-84	10
2015-09-13 17:46:47.695	20441	11301	-94	-84	10	15.0	77.21	3.056
2015-09-13 17:55:11.482	20441	11301	-94	-84	10	15.04	77.22	3.063
2015-09-13 18:09:13.026	20441	11301	-94	-82	10	15.15	77.01	3.055
2015-09-13 18:17:09.199	20441	11301	-91	-89	10	14.97	77.2	3.054
2015-09-13 18:24:00.207	20441	11301	-91	-86	10	14.93	77.35	3.06
2015-09-13 18:38:22.259	20441	11301	-94	-86	10	14.95	77.35	3.055
2015-09-13 18:49:19.363	20441	11301	-91	-86	10	14.82	77.48	3.059
2015-09-13 18:50:28.144	20441	11301	-94	-84	10
2015-09-13 19:00:31.314	20441	11301	-94	-87	10	14.68	77.66	3.052
2015-09-13 19:08:59.575	20441	11301	-91	-84	10	14.57	77.79	3.052
2015-09-13 19:18:40.451	20441	11301	-91	-83	10	14.43	77.91	3.061
2015-09-13 19:29:50.806	20441	11301	-91	-84	10	14.15	78.18	3.05
2015-09-13 19:34:17.166	20441	11301	-91	-84	10	14.0	78.35	3.055
2015-09-13 19:34:37.57	20441	11301	-91	-83	10
2015-09-13 19:51:11.33	20441	11301	-91	-88	10	13.68	78.72	3.056
2015-09-13 19:54:08.594	20441	11301	-91	-84	10
2015-09-13 19:58:37.858	20441	11301	-91	-83	10	13.54	78.76	3.051
2015-09-13 20:08:28.779	20441	11301	-91	-82	10	13.31	78.91	3.093
2015-09-13 20:14:47.494	20441	11301	-91	-83	10	13.14	79.1	3.063
2015-09-13 20:27:49.355	20441	11301	-91	-82	10	12.86	79.35	3.061
2015-09-13 20:37:31.539	20441	11301	-88	-82	10	12.7	79.44	3.056
2015-09-13 20:47:26.615	20441	11301	-91	-83	10	12.54	79.6	3.078
2015-09-13 20:57:53.554	20441	11301	-91	-84	10
2015-09-13 21:00:16.882	20441	11301	-91	-83	10	12.22	79.83	3.05
2015-09-13 21:11:08.731	20441	11301	-91	-83	10	12.02	80.01	3.052
2015-09-13 21:19:47.327	20441	11301	-91	-84	10	11.83	80.12	3.061
2015-09-13 21:27:31.398	20441	11301	-91	-84	10	11.61	80.22	3.061
2015-09-13 21:36:36.45	20441	11301	-91	-83	10	11.42	80.32	3.061
2015-09-13 21:48:52.079	20441	11301	-94	-84	10	11.24	80.43	3.061
2015-09-13 21:58:11.554	20441	11301	-91	-83	10	11.14	80.41	3.057
2015-09-13 22:01:38.931	20441	11301	-91	-82	10
2015-09-13 22:11:06.962	20441	11301	-91	-83	10	11.1	80.35	3.06
2015-09-13 22:20:58.702	20441	11301	-91	-84	10	11.18	80.17	3.056
2015-09-13 22:30:51.886	20441	11301	-91	-83	10	11.2	80.08	3.056
2015-09-13 22:40:55.682	20441	11301	-91	-84	10	11.14	80.09	3.05
2015-09-13 22:46:37.563	20441	11301	-94	-83	10	11.14	80.09	3.057
2015-09-13 22:52:01.387	20441	11301	-91	-84	10
2015-09-13 23:00:46.478	20441	11301	-91	-84	10	11.24	79.89	3.051
2015-09-13 23:05:24.254	20441	11301	-91	-84	10
2015-09-13 23:09:06.434	20441	11301	-91	-85	10	11.24	79.84	3.061
2015-09-13 23:20:06.083	20441	11301	-94	-84	10	11.25	79.79	3.057
2015-09-13 23:27:55.087	20441	11301	-91	-83	10	11.28	79.77	3.051
2015-09-13 23:40:02.011	20441	11301	-91	-85	10	11.29	79.68	3.054
2015-09-13 23:47:17.807	20441	11301	-94	-84	10	11.28	79.67	3.059
2015-09-13 23:57:27.806	20441	11301	-91	-85	10	11.38	79.57	3.052
2015-09-14 00:09:08.282	20441	11301	-91	-84	10
2015-09-14 00:09:30.398	20441	11301	-94	-85	10	11.38	79.52	3.06
2015-09-14 00:13:53.983	20441	11301	-94	-84	10	11.36	79.54	3.061
2015-09-14 00:28:37.874	20441	11301	-91	-85	10	11.22	79.64	3.057
2015-09-14 00:38:02.866	20441	11301	-91	-84	10	11.0	79.79	3.052
2015-09-14 00:44:19.255	20441	11301	-91	-84	10	10.89	79.91	3.056
2015-09-14 00:56:01.835	20441	11301	-94	-84	10	10.89	79.88	3.054
2015-09-14 01:06:10.67	20441	11301	-91	-85	10	10.96	79.75	3.06
2015-09-14 01:12:53.226	20441	11301	-94	-85	10
2015-09-14 01:18:15.438	20441	11301	-91	-85	10	10.89	79.76	3.057
2015-09-14 01:29:20.144	20441	11301	-94	-84	10	10.79	79.89	3.059
2015-09-14 01:39:11.406	20441	11301	-91	-85	10	10.78	79.84	3.054
2015-09-14 01:45:32.05	20441	11301	-94	-85	10	10.82	79.8	3.054
2015-09-14 02:00:20.194	20441	11301	-94	-84	10	10.79	79.77	3.055
2015-09-14 02:08:28.795	20441	11301	-94	-84	10	10.89	79.69	3.052
2015-09-14 02:09:26.63	20441	11301	-94	-86	10
2015-09-14 02:14:47.686	20441	11301	-91	-86	10	10.97	79.53	3.055
2015-09-14 02:16:41.102	20441	11301	-94	-86	10
2015-09-14 02:28:13.691	20441	11301	-94	-86	10	11.0	79.49	3.061
2015-09-14 02:39:23.206	20441	11301	-94	-84	10	11.02	79.44	3.059
2015-09-14 02:44:36.207	20441	11301	-94	-85	10	11.07	79.41	3.054
2015-09-14 02:59:20.743	20441	11301	-88	-85	10	11.13	79.27	3.051
2015-09-14 03:10:21.506	20441	11301	-91	-84	10	11.07	79.36	3.051
2015-09-14 03:19:23.098	20441	11301	-94	-84	10	11.06	79.4	3.057
2015-09-14 03:20:23.387	20441	11301	-94	-84	10
2015-09-14 03:28:00.451	20441	11301	-94	-85	10	11.08	79.36	3.06
2015-09-14 03:36:38.91	20441	11301	-91	-85	10	11.13	79.27	3.074
2015-09-14 03:50:55.486	20441	11301	-91	-85	10	11.11	79.29	3.05
2015-09-14 03:57:34.842	20441	11301	-91	-85	10	11.14	79.22	3.057
2015-09-14 04:05:26.45	20441	11301	-94	-85	10	11.14	79.27	3.05
2015-09-14 04:20:01.103	20441	11301	-91	-85	10	10.88	79.46	3.057
2015-09-14 04:24:08.415	20441	11301	-91	-85	10
2015-09-14 04:24:44.411	20441	11301	-94	-85	10	10.75	79.58	3.055
2015-09-14 04:34:04.058	20441	11301	-94	-85	10	10.74	79.65	3.055
2015-09-14 04:45:09.666	20441	11301	-91	-85	10	10.75	79.63	3.055
2015-09-14 04:55:07.006	20441	11301	-94	-85	10	10.89	79.44	3.052
2015-09-14 05:10:06.834	20441	11301	-94	-85	10	10.99	79.29	3.055
2015-09-14 05:20:25.799	20441	11301	-94	-87	10	11.0	79.24	3.056
2015-09-14 05:24:10.986	20441	11301	-91	-85	10	11.0	79.27	3.05
2015-09-14 05:26:50.778	20441	11301	-94	-86	10
2015-09-14 05:27:52.87	20441	11301	-94	-86	10
2015-09-14 05:35:24.518	20441	11301	-94	-86	10	10.97	79.29	3.05
2015-09-14 05:47:43.89	20441	11301	-91	-88	10	11.0	79.27	3.057
2015-09-14 05:56:29.33	20441	11301	-94	-86	10	10.89	79.32	3.062
2015-09-14 06:05:09.786	20441	11301	-91	-86	10	10.65	79.59	3.059
2015-09-14 06:13:58.718	20441	11301	-91	-86	10	10.61	79.65	3.055
2015-09-14 06:27:37.722	20441	11301	-94	-86	10	10.77	79.41	3.059
2015-09-14 06:31:38.206	20441	11301	-91	-87	10
2015-09-14 06:40:12.01	20441	11301	-94	-86	10	10.72	79.38	3.061
2015-09-14 06:51:09.034	20441	11301	-94	-88	10	10.6	79.55	3.061
2015-09-14 06:54:11.99	20441	11301	-94	-87	10	10.58	79.57	3.051
2015-09-14 07:07:41.102	20441	11301	-94	-87	10	10.43	79.69	3.056
2015-09-14 07:20:20.714	20441	11301	-91	-88	10	10.39	79.7	3.059
2015-09-14 07:26:17.794	20441	11301	-94	-88	10	10.39	79.7	3.095
2015-09-14 07:34:57.45	20441	11301	-91	-88	10	10.39	79.65	3.06
2015-09-14 07:35:23.946	20441	11301	-94	-87	10
2015-09-14 07:44:40.198	20441	11301	-94	-88	10	10.39	79.63	3.057
2015-09-14 07:57:23.627	20441	11301	-91	-86	10	10.46	79.57	3.059
2015-09-14 08:07:28.646	20441	11301	-91	-87	10	10.6	79.45	3.059
2015-09-14 08:18:49.318	20441	11301	-94	-87	10	10.72	79.23	3.045
2015-09-14 08:27:29.823	20441	11301	-91	-88	10	10.89	79.12	3.052
2015-09-14 08:39:09.947	20441	11301	-94	-85	10
2015-09-14 08:41:05.654	20441	11301	-91	-87	10	11.24	78.77	3.061
2015-09-14 08:44:14.202	20441	11301	-94	-86	10
2015-09-14 08:45:16.159	20441	11301	-94	-89	10	11.36	78.65	3.061
2015-09-14 08:58:43.222	20441	11301	-94	-89	10	12.02	78.11	3.051
2015-09-14 09:06:51.643	20441	11301	-94	-89	10	13.0	77.58	3.052
2015-09-14 09:15:55.53	20441	11301	-94	-88	10	13.36	77.25	3.066
2015-09-14 09:27:46.458	20441	11301	-94	-89	10	13.43	76.75	3.06
2015-09-14 09:35:51.931	20441	11301	-94	-90	10	13.56	76.6	3.056
2015-09-14 09:42:52.851	20441	11301	-94	-89	10
2015-09-14 09:48:49.095	20441	11301	-94	-90	10	13.96	76.24	3.061
2015-09-14 10:00:54.419	20441	11301	-94	-89	10	14.29	76.11	3.063
2015-09-14 10:08:02.159	20441	11301	-94	-93	10	14.54	75.95	3.051
2015-09-14 10:14:49.998	20441	11301	-91	-90	10	14.95	75.85	3.059
2015-09-14 10:26:45.207	20441	11301	-94	-83	10	15.9	75.2	3.054
2015-09-14 10:34:29.139	20441	11301	-94	-93	10	17.03	74.74	3.066
2015-09-14 10:43:49.154	20441	11301	-94	-90	10	18.5	74.02	3.065
2015-09-14 10:46:37.69	20441	11301	-94	-94	10
2015-09-14 10:56:14.73	20441	11301	-94	-88	10	17.93	74.12	3.059
2015-09-14 11:09:38.094	20441	11301	-94	-90	10	18.14	73.73	3.055
2015-09-14 11:17:53.322	20441	11301	-91	-90	10	18.85	73.36	3.065
2015-09-14 11:29:33.03	20441	11301	-94	-83	10	20.46	72.38	3.062
2015-09-14 11:37:55.57	20441	11301	-94	-94	10	20.27	72.38	3.06
2015-09-14 11:48:45.878	20441	11301	-94	-92	10	19.67	73.41	3.056
2015-09-14 11:50:23.495	20441	11301	-94	-88	10
2015-09-14 11:57:56.174	20441	11301	-94	-92	10	19.79	73.32	3.06
2015-09-14 12:01:39.442	20441	11301	-94	-94	10
2015-09-14 12:10:57.106	20441	11301	-94	-92	10	21.85	71.96	3.074
2015-09-14 12:17:59.942	20441	11301	-94	-92	10	21.7	72.32	3.061
2015-09-14 12:30:45.265	20441	11301	-94	-90	10	22.38	71.64	3.059
2015-09-14 12:39:33.799	20441	11301	-94	-93	10	22.14	72.12	3.062
2015-09-14 12:46:55.791	20441	11301	-94	-90	10	22.18	72.49	3.057
2015-09-14 12:54:08.007	20441	11301	-94	-89	10
2015-09-14 12:57:52.254	20441	11301	-94	-92	10	21.47	73.6	3.059
2015-09-14 13:06:29.247	20441	11301	-94	-92	10	21.26	73.69	3.059
2015-09-14 13:16:08.663	20441	11301	-94	-93	10	21.06	73.87	3.06
2015-09-14 13:30:10.41	20441	11301	-94	-93	10	21.08	73.63	3.063
2015-09-14 13:37:17.319	20441	11301	-94	-93	10	21.26	73.58	3.056
2015-09-14 13:44:13.263	20441	11301	-94	-89	10	21.45	73.62	3.066
2015-09-14 13:56:38.755	20441	11301	-94	-91	10	22.02	74.03	3.057
2015-09-14 13:58:04.123	20441	11301	-94	-95	10
2015-09-14 14:08:22.958	20441	11301	-94	-92	13	23.02	73.48	3.061
2015-09-14 14:14:45.806	20441	11301	-94	-93	13	23.11	73.17	3.059
2015-09-14 14:26:20.102	20441	11301	-94	-92	13	23.04	73.35	3.055
2015-09-14 14:34:33.25	20441	11301	-94	-92	13	23.7	72.86	3.057
2015-09-14 14:49:51.446	20441	11301	-94	-94	12	26.41	70.41	3.065
2015-09-14 15:00:36.114	20441	11301	-94	-93	12	27.63	70.12	3.061
2015-09-14 15:01:37.902	20441	11301	-94	-93	12
2015-09-14 15:06:01.114	20441	11301	-94	-93	12	27.51	70.61	3.059
2015-09-14 15:16:43.05	20441	11301	-94	-92	12	26.72	72.0	3.061
2015-09-14 15:19:04.326	20441	11301	-94	-93	13
2015-09-14 15:24:39.788	20441	11301	-94	-92	13	25.99	72.38	3.063
2015-09-14 15:39:56.05	20441	11301	-94	-93	13	24.74	73.79	3.062
2015-09-14 15:45:01.139	20441	11301	-94	-94	13	24.77	73.54	3.062
2015-09-14 16:01:14.023	20441	11301	-94	-91	13	23.72	74.53	3.059
2015-09-14 16:05:21.74	20441	11301	-94	-93	12	23.53	74.71	3.055
2015-09-14 16:05:31.502	20441	11301	-94	-91	12
2015-09-14 16:20:23.251	20441	11301	-94	-94	16	23.11	75.06	3.062
2015-09-14 16:30:18.094	20441	11301	-94	-93	15	22.79	75.33	3.061
2015-09-14 16:36:28.706	20441	11301	-94	-94	15	22.69	75.44	3.065
2015-09-14 16:44:35.934	20441	11301	-94	-89	15	22.52	75.54	3.061
2015-09-14 18:36:26.178	20441	11301	-94	-91	20
2015-09-14 20:37:31.802	20441	11301	-94	-92	19	16.65	80.17	3.059
2015-09-14 20:44:57.227	20441	11301	-94	-92	18	16.52	80.19	3.062
2015-09-14 20:57:00.406	20441	11301	-94	-92	18	16.32	80.2	3.052
2015-09-14 21:10:44.043	20441	11301	-94	-93	18	16.11	80.25	3.056
2015-09-14 21:14:44.69	20441	11301	-94	-92	17	16.06	80.24	3.062
2015-09-14 21:24:08.298	20441	11301	-94	-93	16
2015-09-14 21:27:41.587	20441	11301	-94	-93	16	15.95	80.27	3.061
2015-09-14 21:39:44.362	20441	11301	-94	-93	16	15.81	80.26	3.061
2015-09-14 21:48:43.999	20441	11301	-94	-92	16	15.7	80.26	3.061
2015-09-14 21:53:49.658	20441	11301	-94	-92	16
2015-09-14 21:59:23.554	20441	11301	-94	-92	15	15.6	80.32	3.062
2015-09-14 22:05:44.974	20441	11301	-94	-92	15	15.53	80.3	3.054
2015-09-14 22:21:05.002	20441	11301	-94	-92	15	15.33	80.34	3.056
2015-09-14 22:26:24.398	20441	11301	-94	-92	15	15.28	80.32	3.057
2015-09-14 22:27:52.446	20441	11301	-94	-93	14
2015-09-14 22:35:50.866	20441	11301	-94	-92	14	15.15	80.35	3.059
2015-09-14 22:44:45.838	20441	11301	-94	-93	14	15.1	80.33	3.057
2015-09-14 22:59:22.586	20441	11301	-94	-92	14	14.99	80.34	3.059
2015-09-14 23:07:22.779	20441	11301	-94	-93	14	14.92	80.4	3.055
2015-09-14 23:19:36.23	20441	11301	-94	-93	13	14.74	80.46	3.055
2015-09-14 23:30:42.475	20441	11301	-94	-92	13	14.61	80.48	3.061
2015-09-14 23:31:37.274	20441	11301	-94	-92	13
2015-09-14 23:34:25.898	20441	11301	-94	-93	13	14.6	80.45	3.052
2015-09-14 23:50:41.96	20441	11301	-94	-92	13	14.57	80.35	3.057
2015-09-15 00:00:59.586	20441	11301	-94	-92	12	14.54	80.34	3.054
2015-09-15 00:08:14.182	20441	11301	-94	-91	12	14.43	80.37	3.052
2015-09-15 00:17:14.159	20441	11301	-94	-92	12	14.33	80.42	3.062
2015-09-15 00:25:49.122	20441	11301	-94	-92	12	14.28	80.41	3.055
2015-09-15 00:35:23.538	20441	11301	-94	-93	11
2015-09-15 00:36:51.755	20441	11301	-94	-92	11	14.11	80.49	3.06
2015-09-15 00:50:43.534	20441	11301	-94	-92	11	13.93	80.55	3.054
2015-09-15 00:55:01.102	20441	11301	-94	-93	11	13.86	80.56	3.054
2015-09-15 01:09:58.13	20441	11301	-94	-92	11	13.74	80.64	3.057
2015-09-15 01:11:14.07	20441	11301	-94	-93	10
2015-09-15 01:15:51.438	20441	11301	-94	-92	10	13.65	80.67	3.057
2015-09-15 01:26:24.802	20441	11301	-94	-92	10	13.56	80.7	3.052
2015-09-15 01:34:20.658	20441	11301	-94	-93	10	13.5	80.71	3.06
2015-09-15 01:39:06.919	20441	11301	-94	-92	10
2015-09-15 01:44:21.926	20441	11301	-94	-92	10	13.45	80.67	3.059
2015-09-15 02:01:09.598	20441	11301	-94	-93	10	13.33	80.7	3.052
2015-09-15 02:08:25.351	20441	11301	-94	-92	10	13.25	80.7	3.051
2015-09-15 02:13:49.459	20441	11301	-94	-92	10	13.25	80.68	3.059
2015-09-15 02:25:56.438	20441	11301	-94	-92	10	13.22	80.65	3.059
2015-09-15 02:36:02.635	20441	11301	-94	-92	10	13.14	80.65	3.059
2015-09-15 02:42:55.042	20441	11301	-94	-92	10
2015-09-15 02:44:42.814	20441	11301	-94	-91	10	13.03	80.73	3.061
2015-09-15 02:58:12.538	20441	11301	-94	-92	10	12.82	80.88	3.055
2015-09-15 03:04:02.983	20441	11301	-94	-92	10	12.79	80.82	3.055
2015-09-15 03:13:59.807	20441	11301	-94	-92	10	12.7	80.8	3.052
2015-09-15 03:28:28.007	20441	11301	-94	-92	10	12.57	80.85	3.063
2015-09-15 03:39:21.01	20441	11301	-94	-92	10	12.49	80.9	3.054
2015-09-15 03:46:37.779	20441	11301	-94	-92	10
2015-09-15 03:50:24.286	20441	11301	-94	-93	10	12.4	80.89	3.052
2015-09-15 03:59:27.079	20441	11301	-94	-92	10	12.33	80.97	3.06
2015-09-15 04:04:07.746	20441	11301	-94	-92	10	12.28	80.96	3.074
2015-09-15 04:17:38.994	20441	11301	-94	-92	10	12.15	81.03	3.056
2015-09-15 04:28:20.815	20441	11301	-94	-92	10	12.04	81.0	3.05
2015-09-15 04:28:37.247	20441	11301	-94	-91	10
2015-09-15 04:39:41.81	20441	11301	-94	-91	10	11.92	81.07	3.056
2015-09-15 04:43:57.355	20441	11301	-94	-92	10	11.89	81.12	3.06
2015-09-15 04:50:22.178	20441	11301	-94	-91	10
2015-09-15 04:57:32.33	20441	11301	-94	-92	10	11.81	81.1	3.056
2015-09-15 05:04:55.535	20441	11301	-94	-91	10	11.78	81.07	3.056
2015-09-15 05:16:08.591	20441	11301	-94	-92	10	11.65	81.11	3.059
2015-09-15 05:30:21.046	20441	11301	-94	-92	10	11.64	81.06	3.055
2015-09-15 05:37:07.098	20441	11301	-94	-92	10	11.54	81.09	3.056
2015-09-15 05:46:35.83	20441	11301	-94	-91	10	11.47	81.14	3.062
2015-09-15 05:54:07.475	20441	11301	-94	-92	10
2015-09-15 05:55:40.959	20441	11301	-94	-91	10	11.52	81.08	3.059
2015-09-15 06:09:07.662	20441	11301	-94	-91	10	11.33	81.07	3.052
2015-09-15 06:19:44.447	20441	11301	-94	-91	10	11.27	81.17	3.051
2015-09-15 06:25:18.314	20441	11301	-94	-91	10	11.25	81.12	3.055
2015-09-15 06:35:38.295	20441	11301	-94	-91	10	11.2	81.13	3.06
2015-09-15 07:20:40.854	20441	11301	-94	-91	10	11.11	80.99	3.056
2015-09-15 07:27:26.93	20441	11301	-94	-90	10	11.17	80.91	3.051
2015-09-15 07:37:49.718	20441	11301	-94	-91	10	11.29	80.79	3.052
2015-09-15 07:46:03.006	20441	11301	-94	-90	10
2015-09-15 07:50:44.867	20441	11301	-94	-90	10	11.43	80.52	3.052
2015-09-15 07:54:52.026	20441	11301	-94	-90	10	11.5	80.51	3.056
2015-09-15 08:01:37.539	20441	11301	-94	-91	10
2015-09-15 08:06:44.706	20441	11301	-94	-92	10	11.68	80.38	3.054
2015-09-15 08:18:07.535	20441	11301	-94	-92	10	11.93	80.09	3.06
2015-09-15 09:35:33.566	20441	11301	-94	-92	10	15.18	76.99	3.06
2015-09-15 09:46:43.146	20441	11301	-94	-92	10	15.57	76.78	3.077
2015-09-15 09:56:08.054	20441	11301	-94	-93	10	15.93	76.49	3.056
2015-09-15 10:06:33.359	20441	11301	-94	-91	10	16.46	75.97	3.059
2015-09-15 10:09:06.75	20441	11301	-94	-91	10
2015-09-15 10:15:44.626	20441	11301	-94	-91	10	17.02	75.82	3.05
2015-09-15 10:25:59.458	20441	11301	-94	-93	10	17.72	75.44	3.057
2015-09-15 10:37:55.171	20441	11301	-94	-89	10	19.57	74.66	3.06
2015-09-15 10:44:01.903	20441	11301	-94	-93	10	19.88	74.18	3.055
2015-09-15 10:55:17.41	20441	11301	-94	-90	10	19.61	74.21	3.055
2015-09-15 11:10:17.75	20441	11301	-94	-90	14	20.0	74.31	3.055
2015-09-15 11:12:52.911	20441	11301	-94	-93	17
2015-09-15 11:15:50.435	20441	11301	-94	-93	17	20.68	73.85	3.063
2015-09-15 11:26:55.658	20441	11301	-94	-89	17	21.78	73.08	3.055
2015-09-15 11:34:40.858	20441	11301	-94	-93	17	22.52	72.78	3.065
2015-09-15 11:48:16.119	20441	11301	-94	-92	17	21.86	73.07	3.062
2015-09-15 12:00:16.211	20441	11301	-94	-93	16	22.11	73.11	3.061
2015-09-15 12:07:41.782	20441	11301	-94	-92	16	23.6	72.37	3.06
2015-09-15 12:16:36.698	20441	11301	-94	-92	14
2015-09-15 12:18:15.026	20441	11301	-94	-89	14	23.97	71.69	3.06
2015-09-15 12:27:30.502	20441	11301	-94	-89	14	25.54	70.28	3.061
2015-09-15 12:41:10.807	20441	11301	-94	-93	15	24.97	71.62	3.056
2015-09-15 12:47:41.539	20441	11301	-94	-90	15	24.72	72.05	3.059
2015-09-15 12:57:59.454	20441	11301	-94	-93	15	23.86	73.15	3.056
2015-09-15 13:17:52.354	20441	11301	-94	-91	21	23.68	73.25	3.057
2015-09-15 13:20:21.574	20441	11301	-94	-93	21
2015-09-15 13:27:47.726	20441	11301	-94	-93	21	23.61	73.4	3.057
2015-09-15 13:34:07.687	20441	11301	-94	-93	20	23.83	73.14	3.065
2015-09-15 13:45:27.534	20441	11301	-94	-94	20	24.2	72.68	3.057
2015-09-15 13:56:20.326	20441	11301	-94	-92	20	24.49	72.85	3.055
2015-09-15 14:04:31.647	20441	11301	-94	-94	20	24.8	73.1	3.062
2015-09-15 14:20:17.375	20441	11301	-94	-92	20	25.55	72.55	3.059
2015-09-15 14:20:49.63	20441	11301	-94	-92	19
2015-09-15 20:37:42.159	20441	11301	-94	-91	19	19.07	79.8	3.055
2015-09-15 20:44:09.934	20441	11301	-94	-91	19	18.93	79.87	3.057
2015-09-15 20:46:36.339	20441	11301	-94	-92	19
2015-09-15 20:55:37.51	20441	11301	-94	-91	19
2015-09-15 20:59:26.93	20441	11301	-94	-91	18	18.65	80.01	3.056
2015-09-15 21:06:44.794	20441	11301	-94	-92	18	18.53	80.04	3.055
2015-09-15 21:17:11.834	20441	11301	-94	-92	18	18.25	80.18	3.062
2015-09-15 21:29:45.998	20441	11301	-94	-91	18	18.14	80.13	3.06
2015-09-15 21:36:11.415	20441	11301	-94	-92	18	18.11	80.08	3.055
2015-09-15 21:44:23.486	20441	11301	-94	-92	17	18.04	80.06	3.061
2015-09-15 21:50:21.822	20441	11301	-94	-91	17
2015-09-15 21:53:54.542	20441	11301	-94	-92	17	18.0	80.03	3.056
2015-09-15 22:09:13.95	20441	11301	-94	-92	17	17.79	80.11	3.061
2015-09-15 22:17:28.283	20441	11301	-94	-92	17	17.72	80.12	3.059
2015-09-15 22:27:43.499	20441	11301	-94	-92	16	17.61	80.12	3.061
2015-09-15 22:39:52.326	20441	11301	-94	-92	15	17.49	80.12	3.054
2015-09-15 22:46:26.535	20441	11301	-94	-92	15	17.36	80.09	3.062
2015-09-15 22:54:06.754	20441	11301	-94	-91	15
2015-09-15 23:00:23.83	20441	11301	-94	-92	14	17.07	80.39	3.061
2015-09-15 23:09:46.951	20441	11301	-94	-91	14	17.02	80.37	3.067
2015-09-15 23:14:46.242	20441	11301	-94	-91	14	16.9	80.4	3.057
2015-09-15 23:25:01.798	20441	11301	-94	-92	14	16.82	80.36	3.057
2015-09-15 23:39:21.395	20441	11301	-94	-92	14	16.85	80.24	3.062
2015-09-15 23:51:01.982	20441	11301	-94	-92	13	16.65	80.37	3.055
2015-09-15 23:54:11.766	20441	11301	-94	-92	13	16.58	80.36	3.054
2015-09-15 23:57:51.739	20441	11301	-94	-92	13
2015-09-16 00:09:28.547	20441	11301	-94	-92	13	16.47	80.36	3.055
2015-09-16 00:13:01.647	20441	11301	-94	-92	12
2015-09-16 00:19:55.555	20441	11301	-94	-93	12	16.38	80.36	3.054
2015-09-16 00:29:14.098	20441	11301	-94	-91	12	16.36	80.31	3.052
2015-09-16 00:35:47.521	20441	11301	-94	-92	12	16.32	80.32	3.057
2015-09-16 00:50:52.087	20441	11301	-94	-92	11	16.07	80.45	3.057
2015-09-16 00:59:54.782	20441	11301	-94	-91	11	16.07	80.42	3.06
2015-09-16 01:01:36.23	20441	11301	-94	-91	11
2015-09-16 01:07:16.61	20441	11301	-94	-91	11	16.0	80.38	3.06
2015-09-16 01:18:18.134	20441	11301	-94	-92	11	15.83	80.55	3.061
2015-09-16 01:26:23.51	20441	11301	-94	-92	11	15.78	80.53	3.061
2015-09-16 01:34:33.098	20441	11301	-94	-91	10	15.75	80.48	3.055
2015-09-16 01:48:21.582	20441	11301	-94	-91	10	15.6	80.49	3.061
2015-09-16 02:01:11.903	20441	11301	-94	-91	10	15.4	80.6	3.059
2015-09-16 02:05:22.959	20441	11301	-94	-91	10
2015-09-16 02:08:05.391	20441	11301	-94	-91	10	15.32	80.63	3.054
2015-09-16 02:19:34.254	20441	11301	-94	-92	10	15.14	80.82	3.061
2015-09-16 02:31:05.246	20441	11301	-94	-92	10	15.11	80.72	3.057
2015-09-16 02:34:58.723	20441	11301	-94	-92	10	15.11	80.72	3.059
2015-09-16 02:49:33.722	20441	11301	-94	-92	10	15.03	80.72	3.054
2015-09-16 03:00:09.736	20441	11301	-94	-91	10	14.92	80.75	3.063
2015-09-16 03:05:31.36	20441	11301	-94	-92	10	14.93	80.7	3.057
2015-09-16 03:09:06.883	20441	11301	-94	-92	10
2015-09-16 03:20:05.282	20441	11301	-94	-92	10	14.92	80.55	3.062
2015-09-16 03:27:18.415	20441	11301	-94	-92	10	14.82	80.6	3.061
2015-09-16 03:30:27.034	20441	11301	-94	-92	10
2015-09-16 03:39:11.03	20441	11301	-94	-92	10	14.72	80.7	3.059
2015-09-16 03:50:01.391	20441	11301	-94	-92	10	14.74	80.61	3.052
2015-09-16 03:53:59.886	20441	11301	-94	-92	10	14.72	80.58	3.06
2015-09-16 04:08:53.958	20441	11301	-94	-92	10	14.6	80.63	3.054
2015-09-16 04:12:51.242	20441	11301	-94	-93	10
2015-09-16 04:17:49.923	20441	11301	-94	-92	10	14.57	80.62	3.061
2015-09-16 04:25:42.606	20441	11301	-94	-92	10	14.47	80.65	3.052
2015-09-16 04:34:09.023	20441	11301	-94	-92	10	14.42	80.71	3.059
2015-09-16 04:48:03.118	20441	11301	-94	-93	10	14.4	80.58	3.061
2015-09-16 04:56:58.378	20441	11301	-94	-93	10	14.36	80.62	3.057
2015-09-16 05:06:29.534	20441	11301	-94	-93	10	14.35	80.57	3.045
2015-09-16 05:15:57.558	20441	11301	-94	-93	10	14.32	80.54	3.06
2015-09-16 05:16:36.903	20441	11301	-94	-92	10
2015-09-16 09:59:30.547	20441	11301	-94	-92	10	17.97	76.23	3.074
2015-09-16 10:11:02.65	20441	11301	-94	-90	14	18.6	75.72	3.059
2015-09-16 10:15:29.65	20441	11301	-94	-92	14	18.93	75.6	3.061
2015-09-16 10:30:51.975	20441	11301	-94	-92	14	19.82	74.79	3.054
2015-09-16 10:34:29.294	20441	11301	-94	-92	19	20.54	74.8	3.054
2015-09-16 13:40:59.762	20441	11301	-94	-92	19	26.9	71.61	3.063
2015-09-16 13:45:39.802	20441	11301	-94	-93	19	26.85	71.72	3.063
