result_time	node_id	parent_id	stats_frssi	stats_brssi	etx	temperature	humidity	voltage
2015-07-11 14:49:19.175	20851	21831	-82	-78	10	27.26	84.37	3.913
2015-07-11 16:13:35.291	20851	21831	-82	-80	10
2015-07-11 17:14:25.995	20851	21831	-82	-79	10	27.68	83.76	3.913
2015-07-11 22:48:35.662	20851	21831	-81	-78	10
2015-07-12 00:41:08.255	20851	21831	-80	-78	10	18.47	83.14	3.901
2015-07-12 08:33:27.067	20851	21831	-82	-78	10
2015-07-13 22:42:01.498	20851	21831	-81	-78	10	22.01	83.63	3.877
2015-07-14 19:45:00.747	20851	21831	-84	-82	10	20.29	83.44	3.865
2015-07-14 20:50:55.303	20851	21831	-85	-82	10
2015-07-14 21:33:13.69	20851	21831	-85	-84	10	19.79	83.46	3.865
2015-07-14 22:17:02.723	20851	21831	-86	-83	10
2015-07-14 23:49:47.655	20851	21831	-85	-84	10	19.96	83.52	3.865
2015-07-15 01:11:30.514	20851	21831	-85	-84	10	19.92	83.61	3.841
2015-07-15 02:28:47.146	20851	21831	-84	-82	10
2015-07-15 03:25:50.143	20851	21831	-83	-82	10	19.89	83.66	3.841
2015-07-15 09:03:35.755	20851	21831	-83	-80	10
2015-07-15 11:00:00.054	20851	21831	-85	-80	10	21.36	83.84	3.853
2015-07-15 11:33:09.279	20851	21831	-84	-82	10	22.04	83.71	3.853
2015-07-15 12:45:24.222	20851	21831	-84	-80	10	22.64	83.79	3.853
2015-07-15 14:04:31.939	20851	21831	-83	-81	10
2015-07-15 14:44:17.166	20851	21831	-84	-82	10	23.97	84.02	3.865
2015-07-15 15:38:25.354	20851	21831	-85	-82	10
2015-07-15 16:11:15.434	20851	21831	-85	-81	10	25.33	84.01	3.865
2015-07-15 17:17:43.95	20851	21831	-84	-81	10	24.88	84.17	3.853
2015-07-15 18:22:56.914	20851	21831	-84	-80	10
2015-07-15 18:55:49.894	20851	21831	-84	-80	10
2015-07-15 19:46:38.262	20851	21831	-84	-82	10	22.69	83.83	3.853
2015-07-15 21:15:13.698	20851	21831	-83	-81	10
2015-07-15 22:02:20.23	20851	21831	-83	-81	10	19.24	83.66	3.853
2015-07-15 22:17:06.342	20851	21831	-83	-81	10	18.88	83.67	3.853
2015-07-16 00:07:31.478	20851	21831	-81	-80	10
2015-07-16 00:24:29.367	20851	21831	-82	-79	10	16.43	83.69	3.853
2015-07-16 01:12:11.099	20851	21831	-82	-80	10	15.64	83.73	3.853
2015-07-16 01:33:37.043	20851	21831	-82	-80	10
2015-07-16 02:29:30.354	20851	21831	-81	-80	10	14.54	83.64	3.853
2015-07-16 02:59:44.855	20851	21831	-81	-80	10
2015-07-16 03:56:47.746	20851	21831	-81	-79	10	13.68	83.62	3.841
2015-07-16 04:26:27.714	20851	21831	-81	-79	10
2015-07-16 04:48:14.339	20851	21831	-82	-79	10
2015-07-16 05:50:57.483	20851	21831	-81	-79	10	12.83	83.66	3.841
2015-07-16 05:52:12.515	20851	21831	-82	-79	10
2015-07-16 07:18:09.706	20851	21831	-82	-78	10
2015-07-16 09:42:30.662	20851	21831	-82	-80	10	16.36	83.67	3.841
2015-07-16 10:29:54.338	20851	21831	-82	-80	10	18.1	83.82	3.841
2015-07-16 11:21:12.978	20851	21831	-83	-80	10	20.38	83.66	3.841
2015-07-16 11:36:34.302	20851	21831	-83	-80	10
2015-07-16 12:24:23.191	20851	21831	-83	-80	10	24.63	81.77	3.841
2015-07-16 13:02:42.587	20851	21831	-83	-80	10
2015-07-16 14:31:08.579	20851	21831	-82	-79	10	27.13	85.03	3.853
2015-07-16 17:21:06.418	20851	21831	-83	-80	10
2015-07-16 18:42:36.091	20851	21831	-82	-80	10	24.77	83.79	3.865
2015-07-16 20:13:23.187	20851	21831	-81	-79	10
2015-07-16 20:57:45.938	20851	21831	-82	-79	10	20.94	83.89	3.853
2015-07-16 21:43:05.53	20851	21831	-82	-78	10	19.43	83.8	3.853
2015-07-17 01:15:57.91	20851	21831	-82	-79	10	17.18	83.54	3.841
2015-07-17 02:24:58.974	20851	21831	-81	-79	10	17.32	83.69	3.841
2015-07-17 02:47:51.687	20851	21831	-82	-79	10	17.25	83.7	3.841
2015-07-17 03:26:39.695	20851	21831	-81	-79	10	17.07	83.71	3.841
2015-07-17 04:03:17.734	20851	21831	-82	-79	10	16.74	83.76	3.841
2015-07-17 04:50:11.066	20851	21831	-83	-80	10
2015-07-17 04:58:29.511	20851	21831	-83	-80	10	16.18	83.68	3.841
2015-07-17 06:16:19.019	20851	21831	-82	-80	10
2015-07-17 07:28:42.319	20851	21831	-83	-79	10	16.57	83.52	3.841
2015-07-17 07:42:37.743	20851	21831	-84	-80	10
2015-07-17 08:30:40.187	20851	21831	-82	-80	10	18.38	83.51	3.841
2015-07-17 09:08:36.126	20851	21831	-82	-80	10
2015-07-17 13:27:06.875	20851	21831	-82	-80	10
2015-07-17 13:42:07.638	20851	21831	-83	-80	10
2015-07-17 14:53:07.73	20851	21831	-84	-80	10
2015-07-17 16:12:15.906	20851	21831	-83	-80	10	26.77	83.9	3.853
2015-07-17 16:59:43.618	20851	21831	-83	-82	10
2015-07-17 17:45:24.49	20851	21831	-83	-80	10
2015-07-17 18:16:41.114	20851	21831	-83	-80	10	27.6	83.82	3.853
2015-07-18 01:01:59.759	20851	21831	-83	-80	10	24.77	83.92	3.853
2015-07-18 02:51:44.427	20851	21831	-82	-80	10
2015-07-18 05:01:17.546	20851	21831	-82	-79	10	24.15	83.9	3.841
2015-07-18 05:23:49.823	20851	21831	-82	-79	10	24.04	83.91	3.841
2015-07-18 06:40:37.455	20851	21831	-82	-79	10
2015-07-18 07:32:01.135	20851	21831	-82	-79	10	23.97	83.84	3.841
2015-07-18 10:17:11.638	20851	21831	-83	-80	10	26.46	83.8	3.853
2015-07-18 12:24:06.064	20851	21831	-84	-80	10	30.63	82.4	3.841
2015-07-18 13:21:17.523	20851	21831	-85	-81	10	32.69	82.57	3.853
2015-07-18 14:14:44.743	20851	21831	-81	-76	10	32.36	83.95	3.853
2015-07-18 16:01:23.123	20851	21831	-82	-77	10
2015-07-18 19:18:47.914	20851	21831	-79	-76	10
2015-07-18 20:46:15.13	20851	21831	-79	-76	10	26.86	83.42	3.853
2015-07-18 22:28:09.059	20851	21831	-77	-75	10
2015-07-18 22:31:11.77	20851	21831	-79	-75	10	25.02	83.38	3.841
2015-07-18 22:36:11.27	20851	21831	-78	-75	10
2015-07-19 00:00:53.534	20851	21831	-79	-75	10	25.19	83.42	3.853
2015-07-19 01:20:22.815	20851	21831	-79	-76	10
2015-07-19 01:53:36.198	20851	21831	-79	-75	10
2015-07-19 02:59:36.935	20851	21831	-78	-75	10	24.09	83.38	3.841
2015-07-19 04:12:38.566	20851	21831	-79	-76	10
2015-07-19 05:21:29.203	20851	21831	-79	-76	10	23.65	83.43	3.841
2015-07-19 07:04:54.658	20851	21831	-79	-76	10
2015-07-19 09:23:49.035	20851	21831	-79	-78	10	25.08	83.42	3.841
2015-07-19 11:23:19.147	20851	21831	-81	-77	10
2015-07-19 12:00:39.67	20851	21831	-81	-78	10	29.76	83.3	3.841
2015-07-19 12:57:42.038	20851	21831	-81	-76	10	30.86	83.28	3.841
2015-07-19 14:15:41.598	20851	21831	-81	-76	10
2015-07-20 12:20:09.299	20851	21831	-79	-76	10	28.96	81.83	3.829
2015-07-20 13:13:45.59	20851	21831	-79	-78	10
2015-07-21 02:51:15.443	20851	21831	-80	-78	10	21.32	82.69	3.829
2015-07-21 03:15:05.423	20851	21831	-80	-78	10
2015-07-21 16:01:59.123	20851	21831	-77	-74	10	22.09	82.76	3.818
2015-07-21 17:27:59.282	20851	21831	-79	-76	10	24.8	83.33	3.829
2015-07-21 18:17:02.378	20851	21831	-78	-75	10	24.61	82.82	3.818
2015-07-21 20:58:09.286	20851	21831	-78	-74	10	21.63	82.91	3.818
2015-07-21 23:40:58.487	20851	21831	-79	-75	10
2015-07-22 01:15:37.463	20851	21831	-77	-74	10	16.07	82.64	3.806
2015-07-22 03:54:27.138	20851	21831	-78	-75	10	14.82	82.51	3.806
2015-07-22 05:48:59.826	20851	21831	-78	-75	10	14.75	82.52	3.806
2015-07-22 09:42:05.584	20851	21831	-79	-74	10	19.03	82.78	3.806
2015-07-22 11:10:08.836	20851	21831	-78	-74	10
2015-07-22 11:56:17.862	20851	21831	-78	-74	10	23.4	83.35	3.806
2015-07-22 13:00:01.21	20851	21831	-78	-76	10	25.43	82.51	3.806
2015-07-22 13:51:17.031	20851	21831	-78	-74	10	24.93	83.18	3.806
2015-07-22 15:26:10.982	20851	21831	-78	-76	10
2015-07-22 15:45:30.726	20851	21831	-77	-74	10	24.69	83.49	3.806
2015-07-22 18:25:50.419	20851	21831	-77	-74	10	23.58	83.01	3.806
2015-07-22 19:46:55.551	20851	21831	-77	-74	10
2015-07-23 03:47:13.694	20851	21831	-75	-74	10	15.72	82.66	3.795
2015-07-23 04:35:50.498	20851	21831	-76	-74	10
2015-07-23 07:15:56.858	20851	21831	-79	-74	10
2015-07-23 15:52:46.727	20851	21831	-78	-74	10
2015-07-24 16:11:53.514	20851	21831	-75	-72	10	29.36	83.77	3.818
2015-07-24 17:14:37.406	20851	21831	-74	-70	10	28.77	82.8	3.818
2015-07-24 20:04:42.59	20851	21831	-74	-72	10
2015-07-25 04:42:09.947	20851	21831	-78	-73	10	17.0	82.06	3.795
2015-07-25 05:56:54.958	20851	21831	-77	-74	10
2015-07-25 08:15:09.123	20851	21831	-78	-74	10	17.71	81.84	3.795
2015-07-26 13:31:36.734	20851	21831	-77	-76	10	31.55	81.45	3.806
2015-07-27 02:57:39.422	20851	21831	-77	-74	10	21.21	81.39	3.795
2015-07-27 04:00:38.566	20851	21831	-78	-74	10
2015-07-27 04:17:47.199	20851	21831	-78	-74	10	20.88	81.39	3.795
2015-07-27 04:34:56.015	20851	21831	-77	-74	10
2015-07-27 06:00:51.79	20851	21831	-78	-74	10
2015-07-27 07:18:02.25	20851	21831	-77	-74	10
2015-07-30 14:11:49.355	20851	21831	-81	-77	10	33.88	82.51	3.795
2015-07-30 15:31:51.954	20851	21831	-82	-77	10	32.36	81.13	3.783
2015-07-30 17:12:02.558	20851	21831	-81	-78	10	30.86	81.06	3.795
2015-07-30 18:01:36.694	20851	21831	-81	-76	10	29.41	80.65	3.795
2015-07-30 18:47:46.826	20851	21831	-81	-76	10	28.46	80.34	3.795
2015-07-30 20:08:58.91	20851	21831	-80	-76	10
2015-07-30 20:51:01.159	20851	21831	-79	-76	10
2015-07-30 21:12:46.33	20851	21831	-79	-76	10	24.66	80.04	3.795
2015-07-30 21:35:07.27	20851	21831	-79	-75	10
2015-07-30 21:43:59.91	20851	21831	-79	-76	10	24.0	80.01	3.783
2015-07-31 13:55:51.951	20851	21831	-83	-79	13	33.76	80.0	3.783
2015-07-31 14:18:59.255	20851	21831	-81	-79	13	32.97	81.31	3.783
2015-07-31 14:48:43.298	20851	21831	-81	-79	13
2015-07-31 14:55:49.437	20851	21831	-80	-78	13	31.08	81.0	3.783
2015-07-31 15:13:23.527	20851	21831	-82	-77	13	31.43	80.42	3.783
2015-07-31 16:14:51.318	20851	21831	-81	-79	11
2015-07-31 16:15:33.643	20851	21831	-81	-77	11	29.69	80.65	3.806
2015-07-31 16:35:04.151	20851	21831	-81	-76	11
2015-07-31 17:54:45.198	20851	21831	-81	-77	10	27.55	80.04	3.783
2015-07-31 18:29:40.531	20851	21831	-80	-77	10	27.79	79.85	3.783
2015-07-31 19:52:29.52	20851	21831	-80	-77	10
2015-07-31 21:59:23.738	20851	21831	-79	-76	10
2015-07-31 23:00:02.734	20851	21831	-80	-76	10	23.1	79.43	3.783
2015-07-31 23:55:20.031	20851	21831	-79	-76	10	22.9	79.54	3.772
2015-08-01 02:17:48.11	20851	21831	-80	-76	10
2015-08-01 03:20:16.843	20851	21831	-79	-75	10	22.11	79.59	3.772
2015-08-01 03:51:55.899	20851	21831	-78	-75	10	21.61	79.58	3.772
2015-08-01 05:31:55.795	20851	21831	-79	-76	10	19.77	79.45	3.772
2015-08-01 07:30:25.319	20851	21831	-80	-76	10	18.77	79.19	3.76
2015-08-01 10:54:37.006	20851	21831	-80	-77	10
2015-08-01 12:20:45.183	20851	21831	-79	-77	10
2015-08-01 12:45:25.024	20851	21831	-82	-77	10	27.65	80.01	3.772
2015-08-01 13:44:29.686	20851	21831	-80	-76	10	29.57	79.87	3.772
2015-08-01 14:18:59.314	20851	21831	-80	-78	10	28.93	80.7	3.772
2015-08-01 14:50:12.342	20851	21831	-82	-76	10	29.66	80.37	3.772
2015-08-01 15:13:03.046	20851	21831	-83	-77	10
2015-08-01 15:19:43.386	20851	21831	-79	-80	10	29.88	79.99	3.772
2015-08-01 15:36:59.834	20851	21831	-80	-77	10
2015-08-01 15:50:41.974	20851	21831	-82	-77	10	30.22	80.38	3.772
2015-08-01 16:27:42.926	20851	21831	-80	-76	10	30.07	80.62	3.772
2015-08-01 16:39:09.091	20851	21831	-82	-79	10
2015-08-01 16:47:04.014	20851	21831	-81	-79	10	29.22	80.5	3.772
2015-08-01 17:25:29.227	20851	21831	-79	-77	10	27.77	79.93	3.772
2015-08-01 18:01:02.891	20851	21831	-80	-76	10	25.74	79.53	3.772
2015-08-01 18:05:17.318	20851	21831	-80	-76	10
2015-08-01 18:16:04.886	20851	21831	-79	-76	10	25.19	79.42	3.772
2015-08-01 18:48:29.947	20851	21831	-79	-76	10	24.43	79.28	3.772
2015-08-01 18:54:19.783	20851	21831	-79	-76	10
2015-08-01 19:20:02.23	20851	21831	-79	-76	10	24.11	79.24	3.772
2015-08-01 19:31:25.911	20851	21831	-79	-76	10
2015-08-01 19:59:41.119	20851	21831	-79	-75	10	23.94	79.13	3.772
2015-08-01 20:25:12.866	20851	21831	-79	-76	10	23.42	79.28	3.772
2015-08-01 20:57:33.122	20851	21831	-79	-76	10
2015-08-01 21:02:08.578	20851	21831	-79	-75	10	22.36	79.32	3.772
2015-08-01 21:30:30.827	20851	21831	-78	-75	10	21.61	79.17	3.772
2015-08-01 21:58:38.45	20851	21831	-79	-75	10	21.07	79.05	3.772
2015-08-01 22:11:45.466	20851	21831	-78	-75	10
2015-08-01 22:17:52.31	20851	21831	-78	-75	10	20.69	78.94	3.772
2015-08-01 22:23:42.367	20851	21831	-79	-75	10
2015-08-02 01:15:57.958	20851	21831	-79	-76	10
2015-08-02 01:47:43.752	20851	21831	-80	-76	10	18.45	78.84	3.76
2015-08-02 02:51:35.302	20851	21831	-78	-76	10	18.83	78.79	3.76
2015-08-02 06:46:37.755	20851	21831	-79	-77	10	17.82	78.75	3.76
2015-08-02 07:23:01.795	20851	21831	-79	-77	10	18.1	78.92	3.749
2015-08-02 09:02:07.206	20851	21831	-80	-77	10	20.21	78.97	3.749
2015-08-02 10:14:44.623	20851	21831	-80	-76	10	22.67	79.05	3.749
2015-08-02 12:02:23.715	20851	21831	-81	-78	10	26.77	79.48	3.76
2015-08-02 12:45:02.134	20851	21831	-82	-78	10
2015-08-02 13:13:56.4	20851	21831	-82	-78	10	29.47	77.78	3.76
2015-08-02 14:38:46.146	20851	21831	-80	-76	10
2015-08-02 14:41:49.198	20851	21831	-80	-76	10	30.36	80.33	3.772
2015-08-02 15:27:22.587	20851	21831	-81	-78	10	30.74	79.46	3.772
2015-08-02 15:37:18.414	20851	21831	-81	-77	10
2015-08-02 15:49:48.03	20851	21831	-82	-78	10	31.08	79.53	3.772
2015-08-02 16:31:54.595	20851	21831	-81	-78	10	31.05	79.74	3.772
2015-08-02 16:51:38.354	20851	21831	-81	-77	10	30.05	79.83	3.772
2015-08-02 17:03:26.926	20851	21831	-81	-78	10
2015-08-02 17:33:07.35	20851	21831	-81	-77	10	29.55	79.41	3.772
2015-08-02 17:46:56.818	20851	21831	-81	-77	10	29.4	79.27	3.772
2015-08-02 17:56:13.294	20851	21831	-80	-76	10
2015-08-02 18:14:19.258	20851	21831	-81	-78	10	29.11	79.12	3.772
2015-08-02 18:29:50.97	20851	21831	-80	-78	10
2015-08-02 18:45:42.487	20851	21831	-81	-78	10	28.47	79.18	3.772
2015-08-02 19:23:55.106	20851	21831	-80	-78	10	28.07	79.1	3.772
2015-08-02 19:55:42.65	20851	21831	-81	-76	10
2015-08-02 19:58:36.986	20851	21831	-80	-77	10	27.41	79.07	3.772
2015-08-02 20:24:55.307	20851	21831	-81	-76	10	26.8	79.03	3.772
2015-08-02 20:46:23.926	20851	21831	-80	-76	10	26.41	78.97	3.772
2015-08-02 21:13:35.611	20851	21831	-79	-76	10
2015-08-02 21:21:51.854	20851	21831	-80	-77	10
2015-08-02 21:23:34.702	20851	21831	-79	-76	10	25.86	78.89	3.772
2015-08-02 22:00:48.147	20851	21831	-80	-76	10	25.43	78.88	3.772
2015-08-02 22:28:10.323	20851	21831	-82	-77	10	25.11	78.84	3.772
2015-08-02 22:55:50.311	20851	21831	-79	-76	10	24.77	78.82	3.772
2015-08-03 00:14:08.215	20851	21831	-79	-78	10
2015-08-03 01:47:12.698	20851	21831	-79	-76	10	23.43	78.7	3.76
2015-08-03 03:48:24.366	20851	21831	-79	-75	10
2015-08-03 04:32:31.415	20851	21831	-79	-75	10
2015-08-03 04:43:31.486	20851	21831	-79	-76	10	20.61	78.48	3.76
2015-08-03 08:13:01.274	20851	21831	-79	-77	10	20.14	78.28	3.76
2015-08-03 10:02:48.618	20851	21831	-80	-76	10	21.92	78.33	3.749
2015-08-03 10:20:13.355	20851	21831	-79	-76	10	22.26	78.38	3.749
2015-08-03 13:09:20.411	20851	21831	-82	-78	10
2015-08-03 14:35:28.078	20851	21831	-82	-78	10
2015-08-03 16:32:42.03	20851	21831	-81	-76	10	26.74	78.93	3.76
2015-08-03 17:01:36.218	20851	21831	-79	-76	10	26.19	78.66	3.76
2015-08-03 18:29:26.714	20851	21831	-80	-76	10	24.24	78.12	3.76
2015-08-03 19:58:02.238	20851	21831	-80	-76	10	22.93	78.41	3.76
2015-08-03 20:20:02.671	20851	21831	-81	-78	10
2015-08-03 21:00:29.119	20851	21831	-83	-81	10	20.79	78.08	3.76
2015-08-03 21:33:36.671	20851	21831	-83	-82	10	20.5	78.09	3.76
2015-08-03 21:46:09.103	20851	21831	-83	-82	10
2015-08-03 22:03:11.655	20851	21831	-83	-81	10	20.38	78.12	3.76
2015-08-03 22:31:35.111	20851	21831	-83	-81	10	20.32	78.13	3.749
2015-08-03 22:50:37.502	20851	21831	-83	-82	10	20.22	78.17	3.749
2015-08-03 23:12:17.435	20851	21831	-83	-82	10
2015-08-03 23:15:08.398	20851	21831	-84	-83	10	20.07	78.16	3.749
2015-08-03 23:32:50.71	20851	21831	-85	-84	10
2015-08-03 23:49:11.058	20851	21831	-84	-84	10	19.5	78.2	3.749
2015-08-04 00:21:36.074	20851	21831	-84	-82	10	19.15	78.05	3.749
2015-08-04 00:38:25.99	20851	21831	-83	-82	10
2015-08-04 00:49:56.866	20851	21831	-83	-82	10	19.04	78.0	3.749
2015-08-04 01:20:30.919	20851	21831	-83	-83	10	18.97	78.04	3.749
2015-08-04 01:48:41.923	20851	21831	-84	-82	10	18.9	78.08	3.749
2015-08-04 02:04:33.135	20851	21831	-83	-82	10
2015-08-04 02:32:51.355	20851	21831	-84	-82	10	18.6	78.19	3.749
2015-08-04 02:50:16.362	20851	21831	-83	-82	10
2015-08-04 02:57:07.791	20851	21831	-84	-82	10	18.47	78.22	3.749
2015-08-04 03:30:41.355	20851	21831	-84	-82	10
2015-08-04 03:31:29.446	20851	21831	-83	-82	10	18.31	78.24	3.749
2015-08-04 03:46:33.966	20851	21831	-84	-82	10	18.22	78.19	3.749
2015-08-04 04:15:12.799	20851	21831	-84	-83	10	17.9	78.13	3.749
2015-08-04 04:44:06.803	20851	21831	-84	-83	10	17.52	78.04	3.749
2015-08-04 04:56:49.495	20851	21831	-84	-82	10
2015-08-04 05:21:38.063	20851	21831	-84	-82	10	17.33	78.16	3.749
2015-08-04 05:45:22.726	20851	21831	-83	-82	10	17.5	78.04	3.738
2015-08-04 06:07:40.834	20851	21831	-83	-82	10
2015-08-04 06:13:01.826	20851	21831	-83	-82	10	17.68	78.13	3.738
2015-08-04 06:22:57.814	20851	21831	-84	-82	10
2015-08-04 06:54:44.063	20851	21831	-84	-82	10	17.52	78.15	3.749
2015-08-04 07:13:00.663	20851	21831	-83	-82	10	17.43	78.18	3.738
2015-08-04 07:49:05.966	20851	21831	-83	-82	10
2015-08-04 07:54:40.259	20851	21831	-83	-82	10	17.28	78.15	3.738
2015-08-04 08:23:12.851	20851	21831	-83	-82	10	17.28	78.1	3.738
2015-08-04 08:59:37.518	20851	21831	-82	-80	10	17.6	78.17	3.738
2015-08-04 09:15:14.007	20851	21831	-82	-80	10
2015-08-04 09:15:24.162	20851	21831	-82	-80	10	17.81	78.21	3.738
2015-08-04 09:25:04.567	20851	21831	-81	-80	10
2015-08-04 09:53:14.23	20851	21831	-81	-80	10	18.54	78.36	3.738
2015-08-04 10:13:16.234	20851	21831	-82	-79	10	19.15	78.49	3.738
2015-08-04 10:41:21.75	20851	21831	-81	-78	10
2015-08-04 10:41:54.503	20851	21831	-81	-79	10	20.24	78.51	3.738
2015-08-04 12:07:38.326	20851	21831	-83	-79	10
2015-08-04 12:18:38.454	20851	21831	-82	-78	10	24.26	78.55	3.738
2015-08-04 12:42:29.186	20851	21831	-81	-78	10
2015-08-04 12:45:55.942	20851	21831	-82	-78	10	25.11	78.68	3.749
2015-08-04 13:26:56.634	20851	21831	-82	-80	10	32.66	72.77	3.749
2015-08-04 13:33:40.515	20851	21831	-82	-78	10
2015-08-04 13:52:45.203	20851	21831	-83	-78	10	31.68	77.67	3.749
2015-08-04 15:19:59.919	20851	21831	-81	-79	10	29.43	78.81	3.76
2015-08-04 15:49:13.066	20851	21831	-82	-78	10	30.05	78.36	3.76
2015-08-04 15:59:53.296	20851	21831	-82	-79	10
2015-08-04 16:24:38.57	20851	21831	-82	-78	10	29.13	79.18	3.76
2015-08-04 16:25:55.57	20851	21831	-82	-78	10
2015-08-04 16:47:12.918	20851	21831	-81	-78	10	28.51	78.97	3.76
2015-08-04 17:19:27.018	20851	21831	-82	-78	10	27.99	78.87	3.76
2015-08-04 17:42:06.806	20851	21831	-81	-77	10	27.8	78.8	3.76
2015-08-04 17:52:02.118	20851	21831	-81	-78	10
2015-08-04 18:29:48.062	20851	21831	-82	-78	10	26.76	78.56	3.76
2015-08-04 18:53:16.178	20851	21831	-82	-78	10	26.38	78.46	3.76
2015-08-04 19:17:17.662	20851	21831	-81	-77	10
2015-08-04 19:18:11.098	20851	21831	-81	-78	10
2015-08-04 19:23:16.403	20851	21831	-80	-78	10	25.68	78.45	3.76
2015-08-04 20:00:20.595	20851	21831	-80	-77	10	24.82	78.32	3.76
2015-08-04 20:28:04.27	20851	21831	-80	-77	10	24.03	78.29	3.749
2015-08-04 20:44:18.306	20851	21831	-79	-76	10
2015-08-04 20:47:31.606	20851	21831	-79	-76	10	23.24	78.29	3.749
2015-08-04 22:03:57.376	20851	21831	-81	-76	10	21.08	78.13	3.749
2015-08-04 22:34:42.07	20851	21831	-79	-76	10
2015-08-04 23:36:35.066	20851	21831	-80	-76	10
2015-08-05 00:52:45.655	20851	21831	-80	-77	10	18.28	78.02	3.749
2015-08-05 01:52:06.722	20851	21831	-80	-78	10
2015-08-05 04:42:54.102	20851	21831	-81	-78	10	16.57	77.85	3.738
2015-08-05 05:18:28.212	20851	21831	-81	-78	10	16.38	77.81	3.738
2015-08-05 06:33:34.094	20851	21831	-81	-78	10	16.0	77.83	3.738
2015-08-05 07:43:41.091	20851	21831	-81	-78	10	16.68	77.71	3.738
2015-08-05 09:31:59.631	20851	21831	-81	-78	10	20.25	78.04	3.738
2015-08-05 09:39:32.682	20851	21831	-81	-78	10
2015-08-05 09:42:44.15	20851	21831	-81	-78	10	20.67	78.15	3.738
2015-08-05 10:23:00.446	20851	21831	-80	-76	10	21.9	78.38	3.738
2015-08-05 11:03:43.703	20851	21831	-81	-77	10	23.08	78.42	3.738
2015-08-05 11:05:39.226	20851	21831	-80	-78	10
2015-08-05 11:16:37.171	20851	21831	-81	-78	10	23.5	78.4	3.738
2015-08-05 11:44:21.878	20851	21831	-81	-78	10
2015-08-05 11:49:29.387	20851	21831	-82	-78	10	24.9	78.31	3.738
2015-08-05 12:16:05.114	20851	21831	-81	-78	10	25.32	78.83	3.738
2015-08-05 12:43:48.467	20851	21831	-81	-77	10	25.79	78.55	3.738
2015-08-05 13:29:44.622	20851	21831	-81	-79	10	30.22	75.77	3.749
2015-08-05 13:57:56.806	20851	21831	-82	-78	10
2015-08-05 13:58:26.315	20851	21831	-82	-78	10	30.15	79.07	3.749
2015-08-05 14:57:32.53	20851	21831	-81	-78	10	28.33	79.13	3.749
2015-08-05 15:01:44.234	20851	21831	-83	-78	10
2015-08-05 15:20:22.726	20851	21831	-81	-79	10	28.49	78.94	3.749
2015-08-05 15:24:03.306	20851	21831	-81	-78	10
2015-08-05 15:44:46.175	20851	21831	-81	-78	10	27.99	78.89	3.749
2015-08-05 16:28:51.815	20851	21831	-81	-78	10	28.18	79.37	3.749
2015-08-05 16:50:11.842	20851	21831	-80	-78	10
2015-08-05 16:50:28.522	20851	21831	-80	-76	10	27.38	79.28	3.749
2015-08-05 17:16:11.126	20851	21831	-80	-78	10	26.66	78.84	3.749
2015-08-05 17:42:55.835	20851	21831	-81	-78	10	26.29	78.79	3.749
2015-08-05 18:16:19.223	20851	21831	-80	-76	10
2015-08-05 18:19:08.503	20851	21831	-80	-77	10
2015-08-05 18:27:48.779	20851	21831	-80	-76	10	25.33	78.35	3.749
2015-08-05 18:58:27.518	20851	21831	-79	-76	10	24.71	78.33	3.749
2015-08-05 19:30:13.45	20851	21831	-80	-76	10	23.99	78.18	3.749
2015-08-05 19:42:28.086	20851	21831	-80	-76	10
2015-08-05 19:47:32.547	20851	21831	-79	-76	10	23.56	78.12	3.749
2015-08-05 20:14:07.046	20851	21831	-79	-76	10	22.45	78.18	3.749
2015-08-05 21:08:36.763	20851	21831	-79	-76	10
2015-08-06 01:21:50.662	20851	21831	-80	-76	10	16.88	77.73	3.738
2015-08-06 02:30:53.295	20851	21831	-80	-77	10	16.2	77.77	3.727
2015-08-06 03:16:52.871	20851	21831	-80	-77	10	15.36	77.7	3.738
2015-08-06 04:19:17.106	20851	21831	-80	-78	10
2015-08-06 05:27:44.406	20851	21831	-80	-77	10	14.65	77.62	3.727
2015-08-06 05:43:06.79	20851	21831	-80	-77	10	14.52	77.62	3.727
2015-08-06 06:31:18.606	20851	21831	-80	-77	10	14.32	77.66	3.727
2015-08-06 07:58:22.375	20851	21831	-80	-78	10	14.75	77.57	3.727
2015-08-06 09:30:46.207	20851	21831	-80	-78	10	17.56	77.85	3.727
2015-08-06 10:03:56.678	20851	21831	-80	-78	10
2015-08-06 10:03:58.763	20851	21831	-80	-78	10
2015-08-06 10:04:00.75	20851	21831	-80	-78	10
2015-08-06 11:29:57.122	20851	21831	-79	-76	10
2015-08-06 12:32:57.791	20851	21831	-79	-76	10	21.07	78.11	3.727
2015-08-06 12:53:18.482	20851	21831	-80	-76	10	21.08	78.21	3.727
2015-08-06 12:56:06.006	20851	21831	-79	-76	10
2015-08-06 13:25:48.682	20851	21831	-79	-76	10	21.02	78.28	3.727
2015-08-06 13:43:29.458	20851	21831	-79	-76	10	21.26	78.09	3.727
2015-08-06 14:03:36.258	20851	21831	-79	-76	10
2015-08-06 14:18:03.223	20851	21831	-79	-76	10	21.33	78.21	3.727
2015-08-06 14:22:13.906	20851	21831	-80	-76	10
2015-08-06 14:53:49.27	20851	21831	-80	-76	10	21.04	78.26	3.727
2015-08-06 15:24:55.534	20851	21831	-79	-76	10	21.11	78.14	3.727
2015-08-06 15:53:12.375	20851	21831	-80	-76	10	21.2	78.13	3.727
2015-08-06 17:25:27.938	20851	21831	-80	-76	10	21.08	78.11	3.727
2015-08-06 18:28:43.578	20851	21831	-79	-76	10	20.72	78.19	3.727
2015-08-06 18:51:20.618	20851	21831	-79	-76	10	20.64	78.15	3.727
2015-08-06 20:38:23.874	20851	21831	-79	-76	10
2015-08-06 22:59:01.75	20851	21831	-80	-77	10
2015-08-07 00:14:43.919	20851	21831	-80	-78	10	16.86	77.85	3.727
2015-08-07 01:21:21.39	20851	21831	-80	-77	10	16.52	77.94	3.727
2015-08-07 02:57:29.286	20851	21831	-80	-78	10	15.47	77.9	3.716
2015-08-07 03:26:24.43	20851	21831	-80	-78	10	15.33	77.82	3.727
2015-08-07 05:20:35.995	20851	21831	-81	-78	10	14.72	77.82	3.727
2015-08-07 06:53:26.063	20851	21831	-80	-78	10	14.54	77.8	3.716
2015-08-07 07:31:29.963	20851	21831	-81	-78	10	14.78	77.73	3.716
2015-08-07 07:35:49.863	20851	21831	-81	-78	10
2015-08-07 08:02:23.587	20851	21831	-81	-78	10	15.22	77.72	3.716
2015-08-07 08:29:42.083	20851	21831	-81	-78	10	15.92	77.68	3.716
2015-08-07 11:32:25.134	20851	21831	-80	-76	10	22.68	78.31	3.716
2015-08-07 11:45:45.387	20851	21831	-81	-77	10	23.33	78.34	3.727
2015-08-07 11:54:14.93	20851	21831	-80	-78	10
2015-08-07 12:22:55.174	20851	21831	-81	-78	10	24.99	78.25	3.727
2015-08-07 12:47:33.479	20851	21831	-81	-78	10	25.16	78.34	3.727
2015-08-07 13:05:26.895	20851	21831	-80	-77	10
2015-08-07 13:19:58.714	20851	21831	-81	-77	10	25.55	78.1	3.727
2015-08-07 13:20:23.15	20851	21831	-81	-78	10
2015-08-07 13:58:20.378	20851	21831	-81	-77	10	24.72	78.36	3.727
2015-08-07 14:18:42.075	20851	21831	-80	-78	10	24.58	78.25	3.727
2015-08-07 14:46:30.654	20851	21831	-81	-77	10
2015-08-07 16:12:39.631	20851	21831	-80	-77	10
2015-08-07 16:44:00.454	20851	21831	-80	-77	10	24.14	78.29	3.738
2015-08-07 17:13:40.922	20851	21831	-80	-77	10	23.79	78.17	3.727
2015-08-07 17:38:47.754	20851	21831	-80	-77	10
2015-08-07 17:51:13.814	20851	21831	-80	-77	10	23.85	78.15	3.727
2015-08-07 18:21:11.491	20851	21831	-80	-77	10	23.78	78.11	3.738
2015-08-07 19:03:13.638	20851	21831	-80	-77	10	23.74	78.13	3.738
2015-08-07 19:04:55.398	20851	21831	-80	-76	10
2015-08-07 19:24:13.418	20851	21831	-80	-77	10	23.5	78.18	3.738
2015-08-07 19:40:15.95	20851	21831	-79	-76	10
2015-08-07 20:00:14.314	20851	21831	-79	-76	10	23.02	78.14	3.738
2015-08-07 20:15:59.762	20851	21831	-79	-77	10	22.85	78.18	3.738
2015-08-07 20:31:04.283	20851	21831	-79	-76	10
2015-08-07 20:56:48.607	20851	21831	-81	-76	10	21.96	78.16	3.738
2015-08-07 21:30:46.991	20851	21831	-79	-76	10	21.2	78.13	3.727
2015-08-07 21:42:11.166	20851	21831	-79	-76	10	20.9	78.07	3.727
2015-08-07 21:57:11.922	20851	21831	-80	-76	10
2015-08-07 22:23:41.178	20851	21831	-79	-76	10	20.11	78.01	3.738
2015-08-07 22:43:26.63	20851	21831	-79	-76	10	19.78	77.99	3.727
2015-08-07 22:57:40.486	20851	21831	-79	-76	10
2015-08-07 23:23:19.602	20851	21831	-79	-76	10
2015-08-07 23:24:42.623	20851	21831	-79	-76	10	19.25	77.94	3.727
2015-08-08 00:03:11.259	20851	21831	-79	-76	10	18.77	77.89	3.727
2015-08-08 00:33:32.418	20851	21831	-81	-76	10	18.43	77.93	3.727
2015-08-08 00:42:19.618	20851	21831	-79	-77	10	18.29	77.87	3.738
2015-08-08 00:49:28.211	20851	21831	-80	-77	10
2015-08-08 01:26:05.875	20851	21831	-80	-77	10	17.97	77.83	3.727
2015-08-08 01:55:38.115	20851	21831	-80	-77	10	17.92	77.82	3.727
2015-08-08 02:15:07.603	20851	21831	-80	-77	10
2015-08-08 02:15:35.538	20851	21831	-79	-77	10
2015-08-08 02:22:57.53	20851	21831	-80	-77	10	17.97	77.77	3.727
2015-08-08 02:54:26.422	20851	21831	-80	-77	10	17.89	77.86	3.727
2015-08-08 03:25:22.667	20851	21831	-80	-78	10	17.86	77.83	3.727
2015-08-08 03:41:44.215	20851	21831	-80	-77	10
2015-08-08 03:45:06.243	20851	21831	-80	-77	10	17.86	77.83	3.727
2015-08-08 04:26:26.162	20851	21831	-80	-77	10	17.88	77.83	3.727
2015-08-08 04:42:08.411	20851	21831	-80	-77	10	17.93	77.82	3.727
2015-08-08 05:07:52.778	20851	21831	-80	-77	10
2015-08-08 05:20:20.686	20851	21831	-80	-77	10	17.79	77.95	3.727
2015-08-08 05:32:29.014	20851	21831	-80	-77	10
2015-08-08 06:00:36.07	20851	21831	-80	-77	10	17.6	77.91	3.727
2015-08-08 06:24:22.662	20851	21831	-80	-77	10	17.49	77.88	3.716
2015-08-08 06:34:00.378	20851	21831	-80	-77	10
2015-08-08 06:42:26.326	20851	21831	-80	-78	10	17.45	77.9	3.727
2015-08-08 07:13:57.266	20851	21831	-80	-78	10	17.42	77.92	3.727
2015-08-08 07:41:40.126	20851	21831	-80	-78	10	17.43	77.92	3.716
2015-08-08 08:00:09.134	20851	21831	-80	-77	10
2015-08-08 08:15:26.638	20851	21831	-80	-77	10	17.86	77.8	3.727
2015-08-08 08:49:53.406	20851	21831	-80	-78	10
2015-08-08 08:51:25.162	20851	21831	-81	-78	10	18.81	77.85	3.716
2015-08-08 09:16:37.614	20851	21831	-80	-78	10	19.82	77.74	3.716
2015-08-08 09:26:16.731	20851	21831	-80	-77	10
2015-08-08 14:54:37.174	20851	21831	-79	-76	10	27.49	79.25	3.738
2015-08-08 15:19:15.215	20851	21831	-79	-76	10	26.32	78.6	3.738
2015-08-08 15:24:42.275	20851	21831	-80	-76	10
2015-08-08 15:48:56.366	20851	21831	-80	-76	10	27.96	77.36	3.738
2015-08-08 16:33:25.87	20851	21831	-80	-76	10	28.02	78.66	3.738
2015-08-08 16:36:57.038	20851	21831	-81	-76	10
2015-08-08 16:57:06.183	20851	21831	-80	-76	10	27.41	78.69	3.738
2015-08-08 17:28:19.798	20851	21831	-80	-76	10	26.72	78.39	3.738
2015-08-08 17:54:32.442	20851	21831	-81	-76	10	26.36	78.29	3.738
2015-08-08 18:03:05.687	20851	21831	-79	-76	10
2015-08-08 18:24:12.751	20851	21831	-81	-76	10	25.51	78.25	3.738
2015-08-08 18:42:06.958	20851	21831	-79	-76	10
2015-08-08 18:47:52.559	20851	21831	-79	-76	10	25.01	78.17	3.738
2015-08-08 19:14:34.995	20851	21831	-80	-76	10	24.58	78.11	3.738
2015-08-08 19:29:13.554	20851	21831	-80	-76	10
2015-08-08 19:47:53.766	20851	21831	-79	-76	10	24.27	78.05	3.738
2015-08-08 20:33:22.486	20851	21831	-79	-76	10	23.56	78.09	3.738
2015-08-08 20:44:59.599	20851	21831	-79	-76	10	23.29	78.12	3.738
2015-08-08 20:55:22.19	20851	21831	-79	-76	10
2015-08-08 21:22:22.426	20851	21831	-79	-76	10	22.68	78.01	3.738
2015-08-08 21:59:11.706	20851	21831	-79	-76	10	22.11	78.03	3.738
2015-08-08 21:59:31.183	20851	21831	-79	-76	10
2015-08-09 00:26:46.311	20851	21831	-79	-76	10	20.83	77.93	3.727
2015-08-09 01:13:45.95	20851	21831	-79	-76	10
2015-08-09 01:16:56.474	20851	21831	-79	-76	10
2015-08-09 01:26:41.467	20851	21831	-80	-76	10	20.52	77.94	3.727
2015-08-09 01:44:17.343	20851	21831	-79	-76	10	20.38	77.94	3.727
2015-08-09 02:18:15.939	20851	21831	-80	-76	10	20.36	77.91	3.727
2015-08-09 02:39:53.862	20851	21831	-79	-76	10
2015-08-09 03:00:36.362	20851	21831	-79	-76	10	20.22	77.93	3.727
2015-08-09 03:21:38.23	20851	21831	-79	-76	10	20.07	77.93	3.727
2015-08-09 04:34:20.411	20851	21831	-80	-76	10
2015-08-09 05:22:12.591	20851	21831	-78	-76	10	19.29	77.92	3.727
2015-08-09 06:01:21.479	20851	21831	-79	-76	10	19.06	77.92	3.727
2015-08-09 06:13:03.19	20851	21831	-79	-76	10	18.93	77.92	3.727
2015-08-09 06:47:25.754	20851	21831	-79	-76	10	18.78	77.92	3.716
2015-08-09 06:58:17.83	20851	21831	-79	-76	10
2015-08-09 07:29:38.718	20851	21831	-79	-76	10	18.79	77.89	3.716
2015-08-09 07:51:56.562	20851	21831	-79	-76	10
2015-08-09 08:24:25.594	20851	21831	-79	-76	10
2015-08-09 10:43:40.114	20851	21831	-80	-77	10	24.51	78.07	3.727
2015-08-09 11:16:54.271	20851	21831	-80	-78	10
2015-08-09 11:51:32.642	20851	21831	-82	-77	10	27.46	78.0	3.727
2015-08-09 13:23:16.435	20851	21831	-81	-79	10	31.69	75.12	3.727
2015-08-09 14:03:11.31	20851	21831	-81	-77	10	30.35	78.18	3.738
2015-08-09 14:08:59.071	20851	21831	-82	-77	10
2015-08-09 14:16:49.166	20851	21831	-82	-78	10	30.66	78.51	3.727
2015-08-09 14:26:32.766	20851	21831	-81	-78	10
2015-08-09 14:46:46.302	20851	21831	-81	-77	10	28.77	78.89	3.727
2015-08-09 15:13:21.819	20851	21831	-81	-78	10	28.57	78.5	3.738
2015-08-09 15:35:14.046	20851	21831	-82	-77	10
2015-08-09 15:52:50.859	20851	21831	-81	-78	10	31.66	77.61	3.738
2015-08-09 16:20:24.311	20851	21831	-81	-78	10	30.49	78.86	3.738
2015-08-09 16:46:32.123	20851	21831	-81	-77	10	29.63	78.69	3.738
2015-08-09 17:01:15.11	20851	21831	-81	-78	10
2015-08-09 17:30:45.167	20851	21831	-81	-78	10	29.0	78.5	3.738
2015-08-09 17:43:57.739	20851	21831	-80	-77	10
2015-08-09 17:46:12.398	20851	21831	-80	-77	10	28.55	78.47	3.738
2015-08-09 18:15:37.351	20851	21831	-81	-78	10	27.99	78.19	3.738
2015-08-09 18:27:23.523	20851	21831	-81	-78	10
2015-08-09 18:52:23.583	20851	21831	-80	-77	10	27.22	78.14	3.738
2015-08-09 19:29:17.026	20851	21831	-80	-77	10	26.33	78.12	3.738
2015-08-09 19:49:53.31	20851	21831	-80	-76	10	25.72	78.05	3.738
2015-08-09 19:53:30.802	20851	21831	-80	-77	10
2015-08-09 20:32:52.202	20851	21831	-80	-76	10	24.6	77.98	3.738
2015-08-09 20:52:29.559	20851	21831	-79	-76	10	24.08	77.96	3.738
2015-08-09 21:01:22.863	20851	21831	-79	-76	10
2015-08-09 21:19:39.427	20851	21831	-79	-76	10
2015-08-09 21:19:44.554	20851	21831	-81	-76	10	23.51	77.89	3.738
2015-08-09 22:01:30.387	20851	21831	-79	-76	10	22.71	77.86	3.727
2015-08-09 22:15:51.486	20851	21831	-79	-76	10	22.5	77.87	3.727
2015-08-09 22:45:47.943	20851	21831	-80	-76	10
2015-08-09 22:52:48.56	20851	21831	-79	-76	10	22.01	77.82	3.727
2015-08-09 23:13:23.663	20851	21831	-79	-76	10	21.74	77.82	3.727
2015-08-09 23:46:07.558	20851	21831	-79	-76	10	21.47	77.74	3.727
2015-08-10 04:33:42.579	20851	21831	-79	-76	10	19.43	77.74	3.727
2015-08-10 05:44:46.315	20851	21831	-80	-77	10	19.14	77.68	3.716
2015-08-10 06:14:40.863	20851	21831	-80	-77	10	19.06	77.69	3.716
2015-08-10 06:53:35.091	20851	21831	-80	-77	10
2015-08-10 06:55:34.523	20851	21831	-81	-77	10	18.89	77.76	3.716
2015-08-10 07:12:01.462	20851	21831	-80	-77	10	18.83	77.67	3.716
2015-08-10 07:22:37.215	20851	21831	-80	-77	10
2015-08-10 08:02:59.54	20851	21831	-80	-77	10	19.32	77.69	3.716
2015-08-10 08:31:06.071	20851	21831	-81	-76	10	20.13	77.67	3.716
2015-08-10 08:45:27.822	20851	21831	-79	-76	10	20.68	77.63	3.716
2015-08-10 08:48:43.687	20851	21831	-79	-76	10
2015-08-10 09:22:02.187	20851	21831	-80	-76	10	22.02	77.72	3.716
2015-08-10 09:51:16.646	20851	21831	-81	-77	10	23.36	77.7	3.716
2015-08-10 10:11:00.17	20851	21831	-81	-77	10
2015-08-10 10:14:54.222	20851	21831	-81	-78	10
2015-08-10 10:29:59.658	20851	21831	-80	-78	10	25.69	77.61	3.716
2015-08-10 11:03:01.779	20851	21831	-81	-78	10	27.08	78.03	3.716
2015-08-10 11:11:54.006	20851	21831	-81	-78	10	27.44	78.05	3.716
2015-08-10 11:40:59.71	20851	21831	-81	-78	10
2015-08-10 11:54:44.158	20851	21831	-82	-78	10	28.38	78.24	3.727
2015-08-10 12:12:22.73	20851	21831	-81	-78	10	27.3	78.59	3.727
2015-08-10 13:02:09.058	20851	21831	-80	-77	10	26.55	78.06	3.727
2015-08-10 13:07:08.523	20851	21831	-80	-77	10
2015-08-10 13:15:11.635	20851	21831	-81	-78	10	26.41	78.08	3.727
2015-08-10 13:28:23.995	20851	21831	-81	-77	10
2015-08-10 13:53:53.731	20851	21831	-80	-77	10	26.72	77.9	3.727
2015-08-10 14:22:08.662	20851	21831	-82	-78	10	27.85	77.72	3.727
2015-08-10 14:33:16.846	20851	21831	-81	-78	10
2015-08-10 15:02:19.422	20851	21831	-81	-78	10	27.97	78.05	3.727
2015-08-10 15:28:27.022	20851	21831	-81	-78	10	26.36	78.4	3.727
2015-08-10 15:45:59.863	20851	21831	-80	-76	10	24.58	78.97	3.727
2015-08-10 15:59:24.839	20851	21831	-80	-77	10
2015-08-10 16:23:40.166	20851	21831	-80	-76	10	25.16	77.91	3.716
2015-08-10 16:45:51.182	20851	21831	-81	-77	10
2015-08-10 16:53:01.498	20851	21831	-81	-78	10	26.11	77.84	3.727
2015-08-10 17:25:36.302	20851	21831	-81	-77	10
2015-08-10 17:33:20.63	20851	21831	-81	-77	10	26.49	77.91	3.727
2015-08-10 18:11:58.35	20851	21831	-81	-78	10	26.27	77.98	3.727
2015-08-10 18:51:40.135	20851	21831	-81	-77	10
2015-08-10 18:56:29.918	20851	21831	-80	-77	10	25.93	78.04	3.727
2015-08-10 19:24:15.086	20851	21831	-81	-77	10	25.71	77.97	3.727
2015-08-10 19:45:20.478	20851	21831	-80	-77	10	25.49	78.03	3.727
2015-08-10 20:03:15.85	20851	21831	-80	-77	10
2015-08-10 20:17:48.775	20851	21831	-82	-77	10
2015-08-10 20:28:56.978	20851	21831	-81	-77	10	24.68	77.97	3.716
2015-08-10 20:56:46.151	20851	21831	-80	-77	10	24.51	77.91	3.727
2015-08-10 21:14:46.822	20851	21831	-81	-78	10	24.47	77.93	3.727
2015-08-10 21:42:53.643	20851	21831	-81	-77	10	24.58	77.92	3.727
2015-08-10 21:43:56.57	20851	21831	-80	-77	10
2015-08-10 22:29:56.434	20851	21831	-80	-77	10	24.22	77.98	3.716
2015-08-10 22:56:09.603	20851	21831	-80	-78	10	23.95	77.96	3.727
2015-08-10 23:20:37.674	20851	21831	-80	-77	10
2015-08-10 23:54:57.226	20851	21831	-81	-77	10	23.32	78.12	3.727
2015-08-11 00:13:43.058	20851	21831	-81	-78	10	22.6	78.24	3.727
2015-08-11 00:36:13.086	20851	21831	-82	-78	10
2015-08-11 00:50:44.602	20851	21831	-81	-78	10	22.07	78.02	3.727
2015-08-11 01:27:23.862	20851	21831	-81	-78	10	22.0	77.98	3.716
2015-08-11 01:43:49.051	20851	21831	-80	-78	10	21.94	78.02	3.716
2015-08-11 02:02:30.955	20851	21831	-81	-77	10
2015-08-11 02:38:01.894	20851	21831	-81	-77	10
2015-08-11 03:01:40.642	20851	21831	-80	-78	10	21.64	78.07	3.716
2015-08-11 03:23:32.334	20851	21831	-80	-78	10	21.44	78.0	3.716
2015-08-11 03:28:30.01	20851	21831	-80	-78	10
2015-08-11 03:48:58.61	20851	21831	-81	-78	10	21.25	78.01	3.716
2015-08-11 04:12:58.734	20851	21831	-82	-78	10	21.15	78.04	3.716
2015-08-11 04:45:40.559	20851	21831	-80	-78	10	20.97	77.98	3.716
2015-08-11 04:54:37.454	20851	21831	-81	-77	10
2015-08-11 05:20:06.194	20851	21831	-81	-78	10	20.97	77.98	3.716
2015-08-11 05:55:26.582	20851	21831	-81	-78	10
2015-08-11 05:59:51.578	20851	21831	-81	-78	10	21.0	77.96	3.716
2015-08-11 06:20:45.022	20851	21831	-81	-78	10
2015-08-11 06:32:13.014	20851	21831	-81	-78	10	21.0	77.99	3.716
2015-08-11 06:57:33.134	20851	21831	-82	-78	10	20.88	78.07	3.716
2015-08-11 07:14:41.218	20851	21831	-81	-78	10	20.72	78.09	3.716
2015-08-11 07:41:48.57	20851	21831	-81	-78	10	20.61	78.09	3.716
2015-08-11 07:46:53.222	20851	21831	-81	-78	10
2015-08-11 08:12:37.299	20851	21831	-82	-78	10	20.58	78.08	3.716
2015-08-11 08:52:06.974	20851	21831	-81	-78	10	20.75	78.14	3.716
2015-08-11 09:12:51.123	20851	21831	-81	-78	10
2015-08-11 09:13:01.886	20851	21831	-81	-78	10
2015-08-11 09:24:44.235	20851	21831	-81	-78	10	21.14	78.17	3.716
2015-08-11 09:48:52.495	20851	21831	-81	-78	10	21.47	78.14	3.705
2015-08-11 10:12:52.143	20851	21831	-82	-78	10	21.71	78.03	3.716
2015-08-11 10:39:12.471	20851	21831	-81	-78	10
2015-08-11 10:42:59.782	20851	21831	-81	-78	10	22.65	78.01	3.716
2015-08-11 11:29:15.643	20851	21831	-83	-77	10	24.33	78.25	3.716
2015-08-11 12:00:14.131	20851	21831	-82	-79	10	24.85	78.73	3.716
2015-08-11 12:05:17.531	20851	21831	-81	-79	10
2015-08-11 12:28:17.883	20851	21831	-83	-80	10	25.52	78.68	3.716
2015-08-11 12:30:19.05	20851	21831	-82	-79	10
2015-08-11 12:51:26.695	20851	21831	-82	-78	10	26.1	78.4	3.716
2015-08-11 13:55:06.858	20851	21831	-81	-78	10	27.11	78.77	3.716
2015-08-11 15:47:40.87	20851	21831	-83	-79	10
2015-08-11 15:49:05.946	20851	21831	-82	-80	10	29.0	76.72	3.727
2015-08-11 16:23:46.514	20851	21831	-83	-78	10
2015-08-11 16:31:00.163	20851	21831	-83	-80	10	27.52	79.04	3.716
2015-08-11 16:53:53.178	20851	21831	-84	-79	10	27.72	79.16	3.727
2015-08-11 17:32:21.618	20851	21831	-83	-80	10	27.36	78.76	3.727
2015-08-11 17:48:26.498	20851	21831	-82	-78	10	26.58	78.87	3.727
2015-08-11 17:49:50.854	20851	21831	-82	-78	10
2015-08-11 18:26:37.275	20851	21831	-81	-79	10	25.13	78.33	3.716
2015-08-11 21:31:35.338	20851	21831	-80	-77	10	20.96	77.87	3.716
2015-08-11 21:54:25.623	20851	21831	-80	-77	10	20.29	77.84	3.716
2015-08-11 22:08:15.042	20851	21831	-79	-77	10
2015-08-11 22:22:28.95	20851	21831	-80	-77	10
2015-08-11 22:31:44.518	20851	21831	-80	-77	10	19.47	77.75	3.716
2015-08-11 22:45:05.282	20851	21831	-81	-78	10	19.31	77.66	3.716
2015-08-11 23:32:31.03	20851	21831	-81	-77	10	18.89	77.6	3.716
2015-08-11 23:34:22.554	20851	21831	-81	-78	10
2015-08-12 00:04:02.339	20851	21831	-81	-78	10	18.56	77.66	3.716
2015-08-12 00:18:05.91	20851	21831	-81	-78	10	18.42	77.66	3.716
2015-08-12 00:50:35.502	20851	21831	-81	-78	10	18.24	77.65	3.705
2015-08-12 01:00:30.578	20851	21831	-81	-78	10
2015-08-12 01:31:04.286	20851	21831	-81	-78	10	17.81	77.69	3.705
2015-08-12 01:39:53.682	20851	21831	-80	-78	10
2015-08-12 02:03:47.511	20851	21831	-82	-78	10	17.56	77.69	3.705
2015-08-12 02:14:08.079	20851	21831	-81	-78	10	17.54	77.69	3.705
2015-08-12 02:26:38.975	20851	21831	-82	-78	10
2015-08-12 02:57:40.438	20851	21831	-82	-78	10	17.38	77.73	3.705
2015-08-12 03:13:15.38	20851	21831	-82	-79	10	17.39	77.76	3.705
2015-08-12 03:52:47.275	20851	21831	-82	-78	10
2015-08-12 04:02:06.082	20851	21831	-82	-78	10	17.5	77.68	3.705
2015-08-12 04:32:58.211	20851	21831	-82	-78	10	17.56	77.74	3.705
2015-08-12 04:52:33.334	20851	21831	-81	-78	10	17.47	77.78	3.705
2015-08-12 04:57:17.106	20851	21831	-81	-78	10
2015-08-12 05:18:54.862	20851	21831	-81	-78	10
2015-08-12 05:32:15.534	20851	21831	-81	-78	10	17.29	77.82	3.705
2015-08-12 05:48:21.466	20851	21831	-81	-78	10	17.11	77.88	3.705
2015-08-12 06:31:26.23	20851	21831	-83	-78	10	16.74	77.86	3.694
2015-08-12 06:43:38.518	20851	21831	-81	-78	10	16.67	77.81	3.705
2015-08-12 06:45:03.774	20851	21831	-82	-78	10
2015-08-12 07:26:16.03	20851	21831	-82	-79	10	16.56	77.74	3.705
2015-08-12 07:57:36.55	20851	21831	-82	-79	10	16.75	77.65	3.705
2015-08-12 08:11:11.95	20851	21831	-82	-79	10
2015-08-12 08:14:42.943	20851	21831	-81	-80	10
2015-08-12 08:24:56.762	20851	21831	-81	-79	10	17.22	77.64	3.694
2015-08-12 08:52:00.183	20851	21831	-82	-79	10	17.97	77.75	3.694
2015-08-12 09:20:23.858	20851	21831	-82	-79	10	18.97	77.78	3.694
2015-08-12 09:37:20.247	20851	21831	-82	-78	10
2015-08-12 09:58:31.082	20851	21831	-82	-78	10	20.61	77.88	3.694
2015-08-12 10:16:20.67	20851	21831	-81	-78	10	20.79	78.15	3.694
2015-08-12 10:58:49.874	20851	21831	-81	-78	10	21.86	78.06	3.705
2015-08-12 11:03:28.103	20851	21831	-83	-79	10
2015-08-12 11:24:46.446	20851	21831	-81	-78	10	22.56	78.31	3.705
2015-08-12 11:32:06.522	20851	21831	-81	-78	10
2015-08-12 11:56:46.296	20851	21831	-83	-78	10	23.86	78.34	3.705
2015-08-12 12:14:15.91	20851	21831	-83	-79	10	24.15	78.58	3.694
2015-08-12 12:29:35.443	20851	21831	-82	-78	10
2015-08-12 12:51:13.762	20851	21831	-80	-79	10	25.24	78.6	3.705
2015-08-12 13:30:47.202	20851	21831	-83	-78	10	30.54	74.93	3.705
2015-08-12 13:54:12.062	20851	21831	-81	-79	10	28.11	79.24	3.705
2015-08-12 13:55:43.502	20851	21831	-80	-78	10
2015-08-12 14:31:59.999	20851	21831	-80	-77	10	24.22	79.18	3.716
2015-08-12 14:49:33.826	20851	21831	-80	-77	10
2015-08-12 14:52:37.766	20851	21831	-81	-76	10	23.29	78.65	3.716
2015-08-12 15:16:52.155	20851	21831	-82	-78	10	24.83	77.92	3.716
2015-08-12 15:21:51.727	20851	21831	-82	-79	10
2015-08-12 15:58:19.45	20851	21831	-81	-78	10	26.46	78.42	3.716
2015-08-12 16:13:54.31	20851	21831	-80	-77	10	24.88	79.14	3.716
2015-08-12 16:48:00.702	20851	21831	-80	-76	10
2015-08-12 17:04:05.242	20851	21831	-82	-76	10	24.52	78.39	3.705
2015-08-12 17:18:25.194	20851	21831	-81	-77	10	24.24	78.47	3.716
2015-08-12 17:51:11.014	20851	21831	-81	-78	10	24.49	78.44	3.716
2015-08-12 18:06:56.226	20851	21831	-80	-77	10
2015-08-12 18:21:04.608	20851	21831	-80	-76	10	24.26	78.45	3.705
2015-08-12 19:26:42.359	20851	21831	-80	-77	10	22.74	78.16	3.705
2015-08-12 19:40:16.067	20851	21831	-80	-77	10
2015-08-12 19:46:08.299	20851	21831	-79	-76	10	22.11	78.16	3.705
2015-08-12 20:32:05.514	20851	21831	-80	-77	10	20.97	77.98	3.705
2015-08-12 20:52:49.439	20851	21831	-80	-76	10	20.45	77.92	3.705
2015-08-12 21:06:24.747	20851	21831	-79	-76	10
2015-08-12 21:15:04.054	20851	21831	-78	-76	10	19.82	77.93	3.705
2015-08-12 21:24:19.511	20851	21831	-79	-76	10
2015-08-12 21:43:57.47	20851	21831	-79	-77	10	19.21	77.82	3.705
2015-08-12 22:22:00.458	20851	21831	-79	-77	10	18.75	77.73	3.705
2015-08-12 22:32:32.763	20851	21831	-80	-76	10
2015-08-12 22:42:08.551	20851	21831	-81	-77	10	18.39	77.79	3.694
2015-08-12 23:32:20.423	20851	21831	-80	-77	10	17.68	77.74	3.705
2015-08-12 23:47:20.627	20851	21831	-80	-78	10	17.5	77.73	3.705
2015-08-12 23:58:40.19	20851	21831	-80	-77	10
2015-08-13 00:25:39.127	20851	21831	-80	-77	10	16.38	77.7	3.694
2015-08-13 00:41:44.486	20851	21831	-81	-78	10
2015-08-13 00:57:01.803	20851	21831	-81	-78	10	15.65	77.53	3.705
2015-08-13 01:24:48.982	20851	21831	-81	-78	10
2015-08-13 01:27:08.263	20851	21831	-81	-78	10	15.15	77.55	3.694
2015-08-13 01:58:56.438	20851	21831	-81	-78	10	14.6	77.48	3.694
2015-08-13 02:33:46.179	20851	21831	-81	-78	10	13.97	77.33	3.694
2015-08-13 02:50:57.374	20851	21831	-81	-78	10
2015-08-13 02:58:38.463	20851	21831	-81	-78	10	13.61	77.3	3.694
2015-08-13 03:26:15.462	20851	21831	-81	-78	10	13.24	77.25	3.694
2015-08-13 03:52:55.571	20851	21831	-81	-78	10	13.02	77.13	3.694
2015-08-13 03:59:08.247	20851	21831	-81	-78	10
2015-08-13 04:17:05.19	20851	21831	-81	-78	10
2015-08-13 04:18:34.286	20851	21831	-81	-78	10	12.83	77.11	3.694
2015-08-13 04:45:33.09	20851	21831	-81	-78	10	12.63	77.25	3.694
2015-08-13 05:23:17.234	20851	21831	-81	-78	10	12.43	77.29	3.683
2015-08-13 05:43:12.923	20851	21831	-81	-78	10
2015-08-13 06:01:20.587	20851	21831	-81	-78	10	12.36	77.24	3.683
2015-08-13 06:16:19.363	20851	21831	-81	-78	10	12.31	77.26	3.683
2015-08-13 06:44:01.475	20851	21831	-81	-78	10	12.33	77.26	3.683
2015-08-13 07:09:21.419	20851	21831	-81	-78	10
2015-08-13 07:15:43.626	20851	21831	-81	-78	10	12.6	77.17	3.683
2015-08-13 07:16:33.27	20851	21831	-81	-78	10
2015-08-13 07:50:31.342	20851	21831	-82	-78	10	13.39	77.13	3.683
2015-08-13 08:23:23.57	20851	21831	-82	-78	10	14.17	77.27	3.672
2015-08-13 08:35:28.33	20851	21831	-81	-78	10
2015-08-13 09:01:40.258	20851	21831	-82	-79	10	15.5	77.41	3.683
2015-08-13 09:26:45.566	20851	21831	-82	-79	10	16.56	77.43	3.683
2015-08-13 09:45:10.082	20851	21831	-82	-79	10	17.36	77.52	3.683
2015-08-13 10:01:36.526	20851	21831	-82	-78	10
2015-08-13 10:15:09.374	20851	21831	-82	-79	10	18.95	77.87	3.683
2015-08-13 10:33:57.406	20851	21831	-81	-80	10
2015-08-13 10:45:46.846	20851	21831	-82	-78	10	20.27	77.91	3.683
2015-08-13 11:27:45.743	20851	21831	-80	-78	10
2015-08-13 11:31:55.95	20851	21831	-80	-78	10	22.36	78.29	3.683
2015-08-13 11:42:54.18	20851	21831	-81	-78	10	22.4	78.38	3.683
2015-08-13 12:30:31.517	20851	21831	-81	-78	10	24.08	78.09	3.694
2015-08-13 12:42:52.067	20851	21831	-81	-78	10	24.58	78.22	3.694
2015-08-13 12:53:53.49	20851	21831	-82	-78	10
2015-08-13 13:29:59.958	20851	21831	-81	-80	10	29.22	73.89	3.694
2015-08-13 13:51:23.927	20851	21831	-80	-78	10
2015-08-13 13:55:59.328	20851	21831	-81	-77	10	29.16	77.69	3.694
2015-08-13 14:54:38.078	20851	21831	-81	-77	10	26.13	78.67	3.705
2015-08-13 15:31:14.019	20851	21831	-80	-76	10	24.77	78.58	3.705
2015-08-13 15:46:09.551	20851	21831	-80	-77	10
2015-08-13 16:03:47.967	20851	21831	-81	-76	10	25.91	78.09	3.705
2015-08-13 16:27:48.838	20851	21831	-81	-78	10	26.69	78.55	3.705
2015-08-13 16:51:48.864	20851	21831	-82	-77	10	26.16	78.92	3.705
2015-08-13 17:08:49.53	20851	21831	-80	-78	10
2015-08-13 17:12:18.103	20851	21831	-81	-77	10
2015-08-13 17:23:40.05	20851	21831	-81	-77	10	26.65	78.48	3.705
2015-08-13 18:03:12.071	20851	21831	-80	-77	10	25.91	78.36	3.705
2015-08-13 18:25:12.451	20851	21831	-80	-77	10	25.38	78.2	3.705
2015-08-13 18:38:25.843	20851	21831	-80	-76	10
2015-08-13 18:49:30.935	20851	21831	-80	-76	10	25.07	78.13	3.705
2015-08-13 19:25:37.603	20851	21831	-79	-76	10	24.55	78.14	3.727
2015-08-13 19:51:56.895	20851	21831	-79	-76	10	23.77	78.05	3.705
2015-08-13 20:04:33.742	20851	21831	-79	-76	10
2015-08-13 20:18:08.283	20851	21831	-80	-76	10	22.74	77.97	3.705
2015-08-13 20:26:11.046	20851	21831	-79	-76	10
2015-08-13 20:43:27.039	20851	21831	-79	-76	10	21.74	77.87	3.705
2015-08-13 21:14:51.97	20851	21831	-79	-76	10	20.83	77.66	3.694
2015-08-13 21:30:42.858	20851	21831	-80	-76	10
2015-08-13 21:53:07.402	20851	21831	-79	-76	10	19.96	77.61	3.705
2015-08-13 22:28:44.882	20851	21831	-79	-76	10	19.52	77.52	3.694
2015-08-13 22:48:51.274	20851	21831	-79	-76	10	19.28	77.52	3.705
2015-08-13 22:56:49.69	20851	21831	-78	-76	10
2015-08-13 23:14:42.782	20851	21831	-79	-76	10	19.03	77.5	3.694
2015-08-13 23:43:37.771	20851	21831	-79	-76	10
2015-08-13 23:58:35.786	20851	21831	-79	-76	10	18.56	77.45	3.694
2015-08-14 00:17:33.566	20851	21831	-80	-77	10	18.46	77.46	3.694
2015-08-14 00:22:58.786	20851	21831	-80	-77	10
2015-08-14 00:59:08.142	20851	21831	-80	-77	10	18.14	77.55	3.694
2015-08-14 01:15:21.55	20851	21831	-80	-77	10	17.92	77.5	3.694
2015-08-14 01:49:07.306	20851	21831	-80	-77	10
2015-08-14 01:59:40.791	20851	21831	-80	-77	10	17.61	77.42	3.694
2015-08-14 02:31:54.107	20851	21831	-80	-77	10	17.31	77.38	3.694
2015-08-14 03:00:59.943	20851	21831	-80	-77	10
2015-08-14 03:04:11.375	20851	21831	-80	-77	10	17.06	77.38	3.694
2015-08-14 03:15:14.01	20851	21831	-80	-78	10
2015-08-14 03:20:56.954	20851	21831	-81	-78	10	16.86	77.36	3.694
2015-08-14 04:02:55.362	20851	21831	-80	-78	10	16.79	77.35	3.694
2015-08-14 04:12:38.515	20851	21831	-80	-78	10	16.64	77.37	3.683
2015-08-14 04:41:22.51	20851	21831	-81	-78	10
2015-08-14 04:56:15.83	20851	21831	-80	-78	10	16.22	77.36	3.683
2015-08-14 05:26:50.53	20851	21831	-81	-78	10	16.07	77.3	3.683
2015-08-14 05:50:41.478	20851	21831	-81	-78	10	15.96	77.33	3.683
2015-08-14 06:07:32.934	20851	21831	-80	-78	10
2015-08-14 06:14:37.102	20851	21831	-81	-78	10	15.88	77.37	3.683
2015-08-14 06:18:26.21	20851	21831	-80	-78	10
2015-08-14 06:48:33.727	20851	21831	-81	-78	10	15.61	77.34	3.683
2015-08-14 07:27:11.114	20851	21831	-81	-78	10	15.83	77.28	3.683
2015-08-14 07:33:39.183	20851	21831	-81	-78	10
2015-08-14 07:46:17.93	20851	21831	-82	-78	10	16.06	77.3	3.683
2015-08-14 08:16:39.306	20851	21831	-81	-78	10	16.65	77.32	3.683
2015-08-14 08:50:57.466	20851	21831	-82	-78	10	18.14	77.37	3.683
2015-08-14 08:59:47.486	20851	21831	-82	-78	10
2015-08-14 09:22:58.107	20851	21831	-81	-78	10	19.29	77.48	3.683
2015-08-14 09:36:01.378	20851	21831	-81	-78	10
2015-08-14 10:01:27.107	20851	21831	-80	-78	10	21.01	77.67	3.683
2015-08-14 10:18:05.446	20851	21831	-81	-78	10	21.82	77.7	3.683
2015-08-14 10:25:54.975	20851	21831	-82	-77	10
2015-08-14 10:56:52.23	20851	21831	-81	-78	10	23.65	77.87	3.683
2015-08-14 11:52:08.475	20851	21831	-82	-78	10
2015-08-14 11:56:37.507	20851	21831	-81	-78	10	26.91	77.91	3.694
2015-08-14 12:14:47.75	20851	21831	-82	-79	10	27.54	77.83	3.683
2015-08-14 12:15:35.191	20851	21831	-82	-78	10	27.58	77.7	3.683
2015-08-14 12:16:14.903	20851	21831	-81	-78	10	27.61	77.65	3.683
2015-08-14 12:16:59.895	20851	21831	-82	-78	10	27.63	77.68	3.683
2015-08-14 12:17:42.994	20851	21831	-82	-79	10	27.63	77.68	3.694
2015-08-14 15:01:09.771	20851	21831	-81	-78	10	32.33	78.69	3.694
2015-08-14 15:22:50.522	20851	21831	-82	-78	10	31.68	78.53	3.705
2015-08-14 16:04:23.522	20851	21831	-81	-78	10	31.57	78.04	3.705
2015-08-14 16:25:21.278	20851	21831	-82	-79	10	31.68	78.33	3.716
2015-08-14 16:32:27.37	20851	21831	-83	-78	10
2015-08-14 16:59:48.755	20851	21831	-81	-78	10	30.99	78.36	3.705
2015-08-15 08:29:34.655	20851	21831	-79	-76	10	19.92	77.13	3.683
2015-08-15 12:43:11.083	20851	21831	-81	-78	10	29.52	77.82	3.683
2015-08-15 13:17:35.471	20851	21831	-84	-80	10
2015-08-15 14:09:44.11	20851	21831	-84	-80	10	37.41	75.62	3.694
2015-08-17 01:10:59.915	20851	21831	-79	-77	10
2015-08-17 02:37:05.43	20851	21831	-80	-76	10
2015-08-17 03:33:02.751	20851	21831	-79	-76	10	20.96	76.44	3.672
2015-08-17 05:11:36.999	20851	21831	-80	-77	10
2015-08-17 07:34:01.23	20851	21831	-80	-77	10	19.74	76.24	3.661
2015-08-17 08:29:37.927	20851	21831	-80	-77	10	20.7	76.36	3.661
2015-08-17 12:15:01.727	20851	21831	-82	-80	10	29.36	76.66	3.672
2015-08-17 14:06:10.919	20851	21831	-83	-78	10
2015-08-17 14:15:58.886	20851	21831	-82	-79	10	34.05	76.23	3.683
2015-08-17 15:03:50.595	20851	21831	-81	-78	10
2015-08-17 16:58:28.958	20851	21831	-83	-79	10
2015-08-17 18:21:13.666	20851	21831	-82	-78	10
2015-08-17 20:30:56.459	20851	21831	-81	-78	10	26.94	76.42	3.683
2015-08-17 22:06:13.534	20851	21831	-80	-77	10	24.4	76.24	3.672
2015-08-17 22:45:29.159	20851	21831	-80	-78	10	23.61	76.19	3.672
2015-08-17 23:34:38.295	20851	21831	-80	-77	10	23.4	76.12	3.672
2015-08-18 00:41:24.298	20851	21831	-80	-77	10	22.68	76.19	3.661
2015-08-18 03:01:23.947	20851	21831	-80	-78	10
2015-08-18 07:30:51.35	20851	21831	-85	-85	10
2015-08-18 08:39:45.294	20851	21831	-84	-84	10	20.39	75.95	3.651
2015-08-18 09:19:39.964	20851	21831	-84	-83	10	20.54	76.01	3.651
2015-08-18 10:07:48.679	20851	21831	-85	-83	10	20.88	75.99	3.651
2015-08-18 12:04:07.911	20851	21831	-83	-82	10	22.22	75.97	3.651
2015-08-18 13:41:34.131	20851	21831	-82	-80	10	22.47	76.31	3.651
2015-08-18 15:13:46.427	20851	21831	-83	-80	10	25.08	76.95	3.651
2015-08-18 17:20:16.863	20851	21831	-82	-80	10	23.77	76.39	3.651
2015-08-18 18:50:26.542	20851	21831	-82	-79	10	23.38	76.28	3.64
2015-08-18 19:12:32.678	20851	21831	-82	-79	10	23.45	76.3	3.651
2015-08-18 22:34:22.434	20851	21831	-81	-79	10	21.15	76.43	3.651
2015-08-19 03:03:35.999	20851	21831	-82	-80	10	20.03	76.41	3.64
2015-08-19 03:25:41.438	20851	21831	-83	-80	10
2015-08-19 04:12:42.194	20851	21831	-82	-80	10	19.83	76.5	3.64
2015-08-19 05:37:22.214	20851	21831	-83	-80	10	19.38	76.46	3.63
2015-08-19 08:45:45.694	20851	21831	-83	-80	10	20.74	76.31	3.63
2015-08-19 09:50:07.482	20851	21831	-82	-80	10
2015-08-19 11:36:29.427	20851	21831	-84	-80	10	27.72	76.47	3.64
2015-08-19 14:45:15.419	20851	21831	-84	-80	10	32.86	76.62	3.651
2015-08-19 16:07:01.487	20851	21831	-83	-79	10	32.55	76.73	3.651
2015-08-19 16:24:56.846	20851	21831	-84	-80	10
2015-08-19 17:39:54.619	20851	21831	-83	-79	10	31.3	77.18	3.661
2015-08-19 20:20:50.343	20851	21831	-81	-77	10	25.9	76.6	3.651
2015-08-19 21:41:28.9	20851	21831	-80	-78	10	24.63	76.48	3.651
2015-08-19 22:05:25.603	20851	21831	-80	-77	10
2015-08-19 22:41:18.198	20851	21831	-80	-77	10	24.02	76.49	3.651
2015-08-20 01:39:00.862	20851	21831	-80	-77	10	22.92	76.4	3.64
2015-08-20 03:12:02.591	20851	21831	-80	-77	10	22.79	76.43	3.64
2015-08-20 06:42:15.779	20851	21831	-80	-77	10
2015-08-20 08:08:23.643	20851	21831	-81	-77	10
2015-08-20 09:12:33.179	20851	21831	-79	-77	10	24.04	76.58	3.63
2015-08-20 13:19:20.67	20851	21831	-82	-79	10	25.05	76.7	3.619
2015-08-20 15:26:46.93	20851	21831	-83	-80	10
2015-08-20 16:36:14.267	20851	21831	-83	-78	10	27.97	76.98	3.63
2015-08-20 17:20:49.782	20851	21831	-83	-79	10	27.66	77.36	3.63
2015-08-20 19:16:48.07	20851	21831	-82	-79	10	25.11	76.87	3.63
2015-08-20 20:06:02.958	20851	21831	-82	-78	10	23.84	76.72	3.63
2015-08-20 21:21:14.218	20851	21831	-81	-78	10	22.15	76.47	3.619
2015-08-20 22:01:36.978	20851	21831	-81	-78	10
2015-08-20 23:55:54.162	20851	21831	-81	-78	10
2015-08-21 02:48:08.026	20851	21831	-83	-80	10
2015-08-21 03:14:37.495	20851	21831	-83	-81	10	16.96	76.36	3.609
2015-08-21 04:48:26.598	20851	21831	-84	-81	10	15.42	76.07	3.609
2015-08-21 07:06:32.502	20851	21831	-84	-81	10
2015-08-21 08:14:32.99	20851	21831	-84	-82	10	15.0	75.91	3.588
2015-08-21 09:37:51.626	20851	21831	-83	-80	10	18.31	76.19	3.598
2015-08-21 10:32:05.579	20851	21831	-81	-80	10	20.57	76.57	3.598
2015-08-21 12:03:38.523	20851	21831	-82	-78	10	25.02	77.26	3.598
2015-08-21 13:31:47.178	20851	21831	-86	-79	10	34.19	68.79	3.609
2015-08-21 14:28:39.746	20851	21831	-81	-79	10
2015-08-21 17:14:10.058	20851	21831	-84	-80	10	27.36	77.76	3.619
2015-08-21 17:51:22.498	20851	21831	-83	-81	10	26.19	77.45	3.619
2015-08-21 18:35:36.531	20851	21831	-84	-80	10
2015-08-21 19:00:42.798	20851	21831	-83	-80	10	24.39	76.94	3.619
2015-08-21 21:27:52.279	20851	21831	-84	-80	10
2015-08-21 23:47:29.074	20851	21831	-83	-81	10	17.82	76.38	3.588
2015-08-22 00:39:25.25	20851	21831	-84	-82	10	16.68	76.31	3.598
2015-08-22 01:46:20.126	20851	21831	-85	-82	10
2015-08-22 04:00:17.362	20851	21831	-85	-82	10	13.74	76.07	3.588
2015-08-22 05:34:33.898	20851	21831	-85	-83	10	12.97	75.96	3.578
2015-08-22 08:19:04.992	20851	21831	-86	-83	10	14.14	75.86	3.578
2015-08-22 10:23:05.763	20851	21831	-86	-82	10
2015-08-22 11:49:14.135	20851	21831	-84	-82	10
2015-08-22 14:05:15.266	20851	21831	-83	-83	10	35.04	73.06	3.598
2015-08-22 16:07:38.634	20851	21831	-88	-86	10
2015-08-22 16:30:01.194	20851	21831	-89	-85	10	28.91	76.95	3.609
2015-08-22 17:05:10.731	20851	21831	-87	-86	10	27.82	77.61	3.609
2015-08-22 18:59:55.046	20851	21831	-86	-84	10
2015-08-22 20:46:08.47	20851	21831	-85	-83	10	20.52	76.38	3.598
2015-08-22 21:34:30.427	20851	21831	-85	-83	10	19.32	76.27	3.598
2015-08-22 22:51:25.33	20851	21831	-85	-83	10	17.83	76.07	3.588
2015-08-23 00:00:02.854	20851	21831	-85	-83	10	17.07	75.99	3.578
2015-08-23 01:48:09.774	20851	21831	-85	-83	10	16.25	75.96	3.578
2015-08-23 02:13:45.314	20851	21831	-85	-82	10	16.03	75.89	3.578
2015-08-23 03:36:43.714	20851	21831	-85	-82	10
2015-08-23 07:03:04.263	20851	21831	-85	-82	10	13.97	75.81	3.567
2015-08-23 07:55:08.594	20851	21831	-85	-82	10
2015-08-23 08:35:24.03	20851	21831	-85	-82	10	15.46	75.69	3.557
2015-08-23 09:40:14.296	20851	21831	-85	-83	10	17.65	75.88	3.547
2015-08-23 11:09:14.746	20851	21831	-85	-84	10	21.01	76.1	3.557
2015-08-23 12:13:37.819	20851	21831	-87	-84	10
2015-08-23 14:47:07.01	20851	21831	-88	-87	10	35.36	73.5	3.588
2015-08-23 16:31:56.567	20851	21831	-89	-86	10
2015-08-23 19:07:10.226	20851	21831	-87	-84	10
2015-08-23 20:50:20.031	20851	21831	-85	-83	10
2015-08-23 22:24:34.07	20851	21831	-85	-82	10
2015-08-23 23:32:09.811	20851	21831	-85	-82	10	21.17	75.86	3.567
2015-08-24 02:03:18.05	20851	21831	-85	-82	10	19.83	75.57	3.557
2015-08-24 02:34:52.502	20851	21831	-85	-82	10
2015-08-24 04:59:22.566	20851	21831	-85	-82	10
2015-08-24 05:50:56.378	20851	21831	-85	-82	10	19.74	75.71	3.547
2015-08-24 06:31:21.235	20851	21831	-85	-82	10	19.83	75.62	3.547
2015-08-24 08:32:07.698	20851	21831	-85	-83	10	19.83	75.73	3.547
2015-08-24 11:01:40.974	20851	21831	-86	-84	10	22.38	75.78	3.537
2015-08-24 12:04:17.49	20851	21831	-90	-84	10	27.08	76.51	3.547
2015-08-24 14:51:41.851	20851	21831	-90	-86	10
2015-08-24 18:01:38.25	20851	21831	-89	-85	10	25.61	76.16	3.557
2015-08-24 18:43:26.298	20851	21831	-87	-86	10	24.55	76.0	3.557
2015-08-24 20:21:15.535	20851	21831	-86	-84	10	22.95	75.71	3.557
2015-08-24 21:19:50.098	20851	21831	-87	-83	10	22.14	75.55	3.547
2015-08-25 00:48:35.926	20851	21831	-85	-83	10	17.9	75.05	3.527
2015-08-25 02:45:12.651	20851	21831	-85	-83	10	15.65	74.76	3.527
2015-08-25 04:50:21.031	20851	21831	-85	-82	10	14.53	74.66	3.517
2015-08-25 05:34:24.847	20851	21831	-85	-82	10	14.33	74.65	3.507
2015-08-25 10:09:52.847	20851	21831	-86	-84	10
2015-08-25 10:36:07.615	20851	21831	-88	-84	10
2015-08-25 11:12:48.303	20851	21831	-88	-86	10	21.97	74.86	3.507
2015-08-25 11:50:13.19	20851	21831	-87	-87	10	22.22	76.0	3.498
2015-08-25 13:02:07.859	20851	21831	-88	-85	10
2015-08-25 13:53:27.231	20851	21831	-88	-84	10
2015-08-25 14:29:27.438	20851	21831	-89	-85	10	22.56	75.79	3.507
2015-08-25 15:54:23.274	20851	21831	-87	-85	10
2015-08-25 16:50:22.342	20851	21831	-86	-85	10	21.35	75.5	3.507
2015-08-25 17:36:20.047	20851	21831	-87	-84	10	20.43	75.5	3.498
2015-08-25 19:36:55.094	20851	21831	-86	-84	10	18.65	75.17	3.498
2015-08-25 22:17:51.703	20851	21831	-86	-84	10	17.4	74.98	3.488
2015-08-26 01:20:12.746	20851	21831	-86	-84	10	16.5	74.9	3.478
2015-08-26 01:57:21.055	20851	21831	-85	-84	10
2015-08-26 04:02:56.726	20851	21831	-85	-83	10	13.47	74.48	3.469
2015-08-26 06:15:44.222	20851	21831	-85	-83	10
2015-08-26 09:37:53.555	20851	21831	-86	-84	10
2015-08-26 12:00:17.038	20851	21831	-86	-84	10
2015-08-26 14:52:33.839	20851	21831	-86	-85	10
2015-08-26 16:10:56.563	20851	21831	-87	-84	10	21.4	75.16	3.459
2015-08-26 17:37:49.359	20851	21831	-88	-86	10	20.9	75.3	3.459
2015-08-26 19:13:12.571	20851	21831	-86	-84	10	19.33	75.15	3.459
2015-08-26 19:47:03.078	20851	21831	-86	-84	10	18.78	75.04	3.45
2015-08-26 20:38:57.474	20851	21831	-85	-84	10	18.1	75.06	3.45
2015-08-26 21:17:17.399	20851	21831	-85	-84	10	17.6	75.02	3.45
2015-08-26 22:01:40.659	20851	21831	-86	-84	10	16.96	74.83	3.44
2015-08-26 23:51:34.179	20851	21831	-85	-84	10	16.36	74.71	3.431
2015-08-27 02:21:38.246	20851	21831	-86	-83	10
2015-08-27 05:12:02.534	20851	21831	-86	-84	10	15.47	74.67	3.421
2015-08-27 06:40:02.031	20851	21831	-85	-83	10
2015-08-27 07:36:20.582	20851	21831	-85	-83	10	15.33	74.62	3.412
2015-08-27 08:10:23.931	20851	21831	-85	-83	10	15.75	74.67	3.412
2015-08-27 09:18:37.467	20851	21831	-85	-83	10	17.02	74.85	3.412
2015-08-27 12:42:42.115	20851	21831	-88	-85	10	20.61	75.08	3.412
2015-08-27 13:04:19.25	20851	21831	-86	-85	10	21.22	74.88	3.412
2015-08-27 14:04:04.49	20851	21831	-86	-85	10	21.83	75.0	3.412
2015-08-27 14:47:38.026	20851	21831	-86	-84	10	20.53	75.44	3.412
2015-08-27 15:14:33.27	20851	21831	-87	-84	10
2015-08-27 16:08:42.69	20851	21831	-87	-84	10	21.33	75.06	3.412
2015-08-27 16:43:01.263	20851	21831	-89	-86	10
2015-08-27 19:35:16.79	20851	21831	-87	-84	10
2015-08-27 23:11:23.474	20851	21831	-85	-83	10	16.29	74.78	3.384
2015-08-27 23:53:38.982	20851	21831	-85	-83	10
2015-08-28 01:06:47.922	20851	21831	-85	-83	10
2015-08-28 02:45:56.122	20851	21831	-85	-83	10
2015-08-28 03:40:56.18	20851	21831	-86	-83	10	13.97	74.55	3.366
2015-08-28 05:38:11.846	20851	21831	-84	-82	10
2015-08-28 07:48:25.03	20851	21831	-85	-83	10	13.29	74.44	3.348
2015-08-28 08:30:28.646	20851	21831	-86	-84	10
2015-08-28 09:00:38.958	20851	21831	-86	-83	10	14.82	74.41	3.339
2015-08-28 09:49:18.874	20851	21831	-86	-83	10	17.24	74.52	3.348
2015-08-28 10:59:00.838	20851	21831	-87	-84	10
2015-08-28 12:04:08.804	20851	21831	-89	-85	10	25.61	75.77	3.366
2015-08-28 13:13:02.023	20851	21831	-88	-87	10	27.44	76.02	3.375
2015-08-28 13:33:51.702	20851	21831	-87	-86	10	28.46	73.35	3.357
2015-08-28 14:16:24.338	20851	21831	-87	-85	10
2015-08-28 15:41:08.298	20851	21831	-88	-84	10
2015-08-28 17:31:18.219	20851	21831	-87	-85	10	26.97	75.49	3.375
2015-08-28 18:38:09.722	20851	21831	-87	-84	10	25.18	75.17	3.366
2015-08-28 21:11:55.814	20851	21831	-86	-83	10	19.82	74.74	3.339
2015-08-28 22:49:44.647	20851	21831	-85	-83	10	18.06	74.55	3.33
2015-08-29 00:43:32.842	20851	21831	-85	-83	10	16.65	74.46	3.313
2015-08-29 01:44:05.367	20851	21831	-85	-83	10
2015-08-29 02:20:12.006	20851	21831	-85	-83	10	15.43	74.34	3.304
2015-08-29 03:10:13.986	20851	21831	-85	-83	10
2015-08-29 03:26:05.606	20851	21831	-85	-83	10
2015-08-29 06:02:29.787	20851	21831	-85	-82	10
2015-08-29 08:14:57.855	20851	21831	-85	-83	10	13.96	74.15	3.252
2015-08-29 08:54:45.366	20851	21831	-85	-83	10
2015-08-29 09:34:57.984	20851	21831	-85	-83	10	16.97	74.15	3.252
2015-08-29 10:04:18.314	20851	21831	-88	-84	10	18.74	74.31	3.252
2015-08-29 11:32:00.767	20851	21831	-88	-85	10	27.05	73.42	3.269
2015-08-29 13:19:06.146	20851	21831	-90	-87	10	31.93	72.69	3.295
2015-08-29 15:46:48.842	20851	21831	-87	-85	10	29.58	74.77	3.304
2015-08-29 16:06:24.494	20851	21831	-89	-85	10	29.83	74.91	3.295
2015-08-29 17:31:33.763	20851	21831	-88	-85	10
2015-08-29 18:36:47.306	20851	21831	-88	-84	10	27.66	75.02	3.269
2015-08-29 19:04:03.747	20851	21831	-87	-85	10	26.85	74.91	3.269
2015-08-29 21:41:59.166	20851	21831	-87	-84	10	22.86	74.41	3.236
2015-08-29 22:17:28.111	20851	21831	-86	-84	10	22.64	74.37	3.236
2015-08-29 23:10:29.731	20851	21831	-86	-84	10
2015-08-29 23:50:10.938	20851	21831	-86	-84	10	21.4	74.29	3.211
2015-08-30 07:13:39.886	20851	21831	-88	-87	10	19.22	74.24	3.107
2015-08-30 07:52:56.399	20851	21831	-88	-87	10
2015-08-30 09:06:54.203	20851	21831	-89	-86	10	19.93	74.22	3.077
2015-08-30 10:39:25.439	20851	21831	-88	-86	10	20.97	74.18	3.054
2015-08-30 12:19:37.191	20851	21831	-88	-86	10	25.49	73.68	3.039
2015-08-30 12:37:36.41	20851	21831	-90	-87	10	27.49	72.66	3.032
2015-08-30 13:21:56.155	20851	21831	-89	-88	10	29.41	72.05	3.032
2015-08-30 15:33:33.63	20851	21831	-90	-87	10	29.65	75.12	3.01
2015-08-30 16:09:05.115	20851	21831	-90	-88	10	29.96	74.76	3.003
2015-08-30 17:01:18.642	20851	21831	-90	-87	10	29.63	74.78	2.981
2015-08-30 17:32:23.639	20851	21831	-90	-88	10	29.07	74.95	2.967
2015-08-30 18:00:57.67	20851	21831	-89	-87	10	28.55	74.77	2.96
2015-08-30 18:44:15.45	20851	21831	-89	-87	10	27.97	74.66	2.939
