result_time	node_id	parent_id	stats_frssi	stats_brssi	etx	temperature	humidity	voltage
2015-07-19 09:38:32.086	21251	10501	-94	-84	10	33.33	74.44	3.76
2015-07-19 09:40:23.878	21251	10501	-94	-87	10	32.52	75.96	3.772
2015-07-19 10:27:40.65	21251	10501	-94	-82	10	27.91	87.6	3.806
2015-07-19 11:02:00.43	21251	10501	-94	-85	10	28.66	88.78	3.818
2015-07-19 11:43:52.494	21251	10501	-94	-83	10	30.13	89.43	3.829
2015-07-19 12:31:06.338	21251	10501	-94	-88	10	32.47	88.91	3.829
2015-07-19 12:48:44.106	21251	10501	-94	-86	10	33.1	88.8	3.841
2015-07-19 13:18:42.262	21251	10501	-94	-87	10	35.36	87.49	3.841
2015-07-19 13:42:23.85	21251	10501	-94	-89	10	33.52	88.9	3.841
2015-07-19 13:42:25.874	21251	10501	-94	-87	10
2015-07-19 14:17:10.126	21251	10501	-94	-87	10	33.83	88.64	3.841
2015-07-19 14:17:14.55	21251	10501	-94	-85	10
2015-07-19 15:01:47.519	21251	10501	-91	-86	10	33.11	89.11	3.841
2015-07-19 15:26:11.538	21251	10501	-94	-85	10	34.38	88.54	3.841
2015-07-19 15:45:18.582	21251	10501	-94	-85	10
2015-07-19 15:50:45.642	21251	10501	-94	-86	10
2015-07-19 17:16:20.214	21251	10501	-94	-86	10	31.88	89.84	3.841
2015-07-19 17:45:52.647	21251	10501	-94	-87	10	30.69	90.26	3.841
2015-07-19 18:25:34.579	21251	10501	-94	-85	10	29.93	90.47	3.841
2015-07-19 18:57:48.375	21251	10501	-94	-83	10
2015-07-19 19:30:44.71	21251	10501	-94	-83	10	28.51	91.06	3.841
2015-07-19 20:20:25.67	21251	10501	-94	-86	10	26.41	91.33	3.841
2015-07-19 20:51:34.622	21251	10501	-94	-84	10	25.55	91.36	3.841
2015-07-19 21:31:52.658	21251	10501	-94	-85	10	25.44	91.52	3.841
2015-07-19 21:53:56.923	21251	10501	-94	-84	10
2015-07-19 22:01:51.446	21251	10501	-94	-86	10	25.05	91.67	3.829
2015-07-19 22:04:53.198	21251	10501	-94	-85	10
2015-07-19 22:14:08.33	21251	10501	-94	-82	10	24.94	91.73	3.841
2015-07-19 22:46:28.739	21251	10501	-97	-84	10	24.61	91.84	3.829
2015-07-19 23:30:49.087	21251	10501	-94	-86	10	24.03	91.98	3.829
2015-07-19 23:38:21.667	21251	10501	-94	-84	10
2015-07-19 23:48:07.826	21251	10501	-94	-84	10	23.9	92.04	3.829
2015-07-19 23:56:51.955	21251	10501	-94	-83	10
2015-07-20 00:11:46.427	21251	10501	-94	-83	10	23.67	92.1	3.829
2015-07-20 00:45:37.071	21251	10501	-94	-84	10	23.29	92.2	3.829
2015-07-20 01:11:53.163	21251	10501	-94	-84	10
2015-07-20 01:24:50.371	21251	10501	-94	-84	10	23.06	92.3	3.829
2015-07-20 01:56:31.727	21251	10501	-94	-84	10	22.85	92.37	3.829
2015-07-20 01:59:41.506	21251	10501	-94	-83	10
2015-07-20 02:25:44.399	21251	10501	-94	-87	10	22.6	92.47	3.818
2015-07-20 02:45:23.386	21251	10501	-94	-83	10
2015-07-20 02:50:36.131	21251	10501	-94	-82	10	22.4	92.51	3.818
2015-07-20 03:29:52.906	21251	10501	-94	-83	10	22.11	92.62	3.829
2015-07-20 03:48:48.466	21251	10501	-94	-83	10	22.02	92.65	3.829
2015-07-20 04:02:34.963	21251	10501	-94	-83	10
2015-07-20 04:16:00.63	21251	10501	-94	-83	10	21.89	92.71	3.818
2015-07-20 04:18:54.979	21251	10501	-94	-83	10
2015-07-20 04:59:25.687	21251	10501	-94	-84	10	21.68	92.79	3.829
2015-07-20 05:24:30.967	21251	10501	-94	-83	10	21.44	92.87	3.818
2015-07-20 05:42:07.222	21251	10501	-94	-82	10	21.24	92.91	3.818
2015-07-20 05:52:28.743	21251	10501	-94	-82	10
2015-07-20 06:05:26.303	21251	10501	-94	-83	10
2015-07-20 06:26:09.55	21251	10501	-94	-84	10	21.07	92.91	3.818
2015-07-20 06:48:02.323	21251	10501	-94	-82	10	21.08	92.96	3.818
2015-07-20 07:25:57.118	21251	10501	-94	-82	10
2015-07-20 07:28:52.386	21251	10501	-94	-83	10	21.28	92.92	3.818
2015-07-20 07:54:42.535	21251	10501	-94	-83	10	21.7	92.91	3.818
2015-07-20 08:08:18.866	21251	10501	-91	-83	10
2015-07-20 08:28:16.191	21251	10501	-94	-82	10	22.45	92.8	3.818
2015-07-20 08:56:31.443	21251	10501	-94	-83	10	22.97	92.82	3.818
2015-07-20 08:59:28.999	21251	10501	-94	-82	10
2015-07-20 09:20:07.559	21251	10501	-94	-83	10	23.24	92.79	3.818
2015-07-20 10:03:37.122	21251	10501	-94	-83	10	24.11	92.66	3.818
2015-07-20 10:11:10.774	21251	10501	-94	-83	10
2015-07-20 10:28:24.639	21251	10501	-94	-82	10	24.79	92.64	3.818
2015-07-20 10:32:59.639	21251	10501	-94	-83	10
2015-07-20 10:57:05.867	21251	10501	-94	-84	10	25.61	92.62	3.818
2015-07-20 11:11:37.246	21251	10501	-94	-84	10	26.49	92.53	3.818
2015-07-20 12:03:07.542	21251	10501	-94	-85	10	28.19	92.2	3.818
2015-07-20 12:06:31.095	21251	10501	-94	-83	10
2015-07-20 12:14:04.274	21251	10501	-94	-86	10
2015-07-20 12:21:04.126	21251	10501	-94	-82	10	30.77	90.77	3.818
2015-07-20 12:49:44.143	21251	10501	-97	-89	10	32.13	90.55	3.829
2015-07-20 13:18:46.198	21251	10501	-94	-89	10	35.43	88.31	3.829
2015-07-20 13:40:06.412	21251	10501	-94	-82	10
2015-07-20 13:52:10.418	21251	10501	-94	-88	10	32.4	90.31	3.829
2015-07-20 14:16:56.45	21251	10501	-94	-89	10
2015-07-20 14:20:22.522	21251	10501	-94	-89	10	33.01	89.5	3.829
2015-07-20 14:45:34.751	21251	10501	-94	-85	10	33.83	88.51	3.829
2015-07-20 15:13:40.795	21251	10501	-94	-90	10
2015-07-20 15:26:44.366	21251	10501	-94	-83	10	35.88	87.0	3.829
2015-07-20 15:57:26.402	21251	10501	-94	-86	10	32.43	89.18	3.829
2015-07-20 16:19:49.579	21251	10501	-94	-88	10
2015-07-20 16:28:55.414	21251	10501	-94	-88	10	32.02	89.36	3.829
2015-07-20 16:47:04.499	21251	10501	-94	-91	10
2015-07-20 16:52:49.971	21251	10501	-94	-89	10	33.36	88.58	3.829
2015-07-20 17:43:29.019	21251	10501	-94	-90	10	30.86	89.95	3.829
2015-07-20 18:13:47.518	21251	10501	-94	-84	10	29.63	90.38	3.829
2015-07-20 18:20:35.654	21251	10501	-94	-88	10
2015-07-20 18:22:55.207	21251	10501	-94	-88	10
2015-07-20 18:47:00.887	21251	10501	-94	-90	10	28.66	90.61	3.829
2015-07-20 19:29:18.915	21251	10501	-94	-89	10	27.71	90.92	3.829
2015-07-20 19:54:06.055	21251	10501	-94	-90	10
2015-07-20 20:00:16.271	21251	10501	-94	-89	10	26.93	91.12	3.829
2015-07-20 20:12:37.811	21251	10501	-94	-89	10	26.71	91.14	3.829
2015-07-20 20:25:42.214	21251	10501	-94	-89	10
2015-07-20 20:50:22.955	21251	10501	-94	-89	11	25.74	91.41	3.829
2015-07-20 21:19:03.919	21251	10501	-94	-88	10	24.6	91.63	3.818
2015-07-20 21:27:36.823	21251	10501	-94	-87	10
2015-07-20 21:50:52.083	21251	10501	-94	-87	10	23.83	91.77	3.818
2015-07-20 22:28:26.534	21251	10501	-94	-87	10
2015-07-20 22:29:00.883	21251	10501	-94	-85	10	23.27	91.93	3.818
2015-07-20 22:47:11.135	21251	10501	-94	-87	10	23.08	91.98	3.818
2015-07-20 23:01:09.223	21251	10501	-94	-88	10
2015-07-20 23:21:31.819	21251	10501	-94	-87	10	22.9	92.12	3.818
2015-07-20 23:51:48.539	21251	10501	-94	-88	10	22.83	92.22	3.818
2015-07-21 00:16:33.431	21251	10501	-94	-87	10	22.92	92.29	3.818
2015-07-21 00:31:19.395	21251	10501	-94	-86	10
2015-07-21 00:34:40.039	21251	10501	-94	-87	10
2015-07-21 01:00:44.011	21251	10501	-97	-88	10	22.82	92.48	3.818
2015-07-21 01:11:46.802	21251	10501	-94	-89	10	22.79	92.47	3.818
2015-07-21 01:56:37.319	21251	10501	-94	-88	10	22.72	92.64	3.806
2015-07-21 02:08:11.139	21251	10501	-94	-90	10
2015-07-21 02:32:24.895	21251	10501	-94	-87	10	21.38	92.76	3.818
2015-07-21 02:34:12.479	21251	10501	-94	-85	10
2015-07-21 02:54:20.663	21251	10501	-94	-85	10	21.15	92.7	3.806
2015-07-21 03:23:59.831	21251	10501	-94	-86	10	21.1	92.71	3.806
2015-07-21 03:41:42.811	21251	10501	-94	-88	10
2015-07-21 03:55:15.131	21251	10501	-94	-88	10	21.42	92.77	3.806
2015-07-21 04:37:05.182	21251	10501	-94	-88	10
2015-07-21 04:58:41.183	21251	10501	-94	-88	10	21.32	92.98	3.806
2015-07-21 05:15:13.387	21251	10501	-94	-89	10
2015-07-21 05:33:15.558	21251	10501	-94	-88	10	21.15	93.03	3.806
2015-07-21 05:48:04.03	21251	10501	-94	-88	10	21.04	93.04	3.806
2015-07-21 06:19:36.219	21251	10501	-94	-87	10	20.86	93.09	3.806
2015-07-21 06:39:56.358	21251	10501	-94	-88	10
2015-07-21 06:48:44.306	21251	10501	-94	-87	10
2015-07-21 06:49:55.255	21251	10501	-94	-88	10	20.78	93.11	3.806
2015-07-21 07:15:50.791	21251	10501	-94	-88	10	20.85	93.13	3.806
2015-07-21 08:00:27.166	21251	10501	-94	-85	10	21.29	93.11	3.795
2015-07-21 08:12:53.938	21251	10501	-94	-86	10	21.5	93.05	3.806
2015-07-21 08:22:15.515	21251	10501	-94	-85	10
2015-07-21 08:42:49.491	21251	10501	-94	-86	10
2015-07-21 08:43:43.042	21251	10501	-94	-87	10	21.99	93.1	3.795
2015-07-21 09:24:15.082	21251	10501	-94	-87	10	22.61	93.1	3.806
2015-07-21 09:55:47.294	21251	10501	-94	-87	10
2015-07-21 09:59:05.654	21251	10501	-94	-85	10	23.11	93.09	3.795
2015-07-21 10:16:56.022	21251	10501	-94	-85	10	23.68	93.02	3.806
2015-07-21 10:45:44.951	21251	10501	-94	-88	10
2015-07-21 10:54:07.902	21251	10501	-94	-89	10	24.77	92.9	3.795
2015-07-21 11:29:21.278	21251	10501	-94	-88	10
2015-07-21 11:49:49.802	21251	10501	-94	-89	10	26.8	92.48	3.795
2015-07-21 12:48:39.134	21251	10501	-94	-91	10
2015-07-21 13:02:11.35	21251	10501	-94	-88	10	30.72	91.01	3.806
2015-07-21 13:02:51.406	21251	10501	-94	-84	10
2015-07-21 13:11:36.318	21251	10501	-94	-88	10	31.3	90.73	3.806
2015-07-21 15:32:22.302	21251	10501	-94	-89	21	22.25	91.7	3.806
2015-07-21 16:43:02.735	21251	10501	-94	-89	19	26.01	90.99	3.806
2015-07-21 16:54:21.322	21251	10501	-94	-89	19
2015-07-21 17:30:26.339	21251	10501	-94	-88	19	26.52	91.4	3.806
2015-07-21 17:43:24.775	21251	10501	-94	-89	19
2015-07-21 18:02:14.318	21251	10501	-94	-89	19	25.16	91.79	3.806
2015-07-21 18:12:26.999	21251	10501	-94	-89	18	25.32	91.73	3.806
2015-07-21 18:54:27.975	21251	10501	-94	-88	17	24.93	91.92	3.806
2015-07-21 18:57:14.214	21251	10501	-94	-89	20
2015-07-21 19:16:52.666	21251	10501	-94	-90	20
2015-07-21 19:19:15.758	21251	10501	-94	-87	20	24.22	92.05	3.806
2015-07-21 19:57:34.026	21251	10501	-94	-88	19	23.28	92.17	3.806
2015-07-21 21:24:24.786	21251	10501	-94	-89	18	20.22	92.58	3.795
2015-07-21 21:52:32.558	21251	10501	-94	-85	18	19.14	92.65	3.795
2015-07-21 22:14:15.994	21251	10501	-94	-88	18	18.47	92.66	3.795
2015-07-21 22:23:55.227	21251	10501	-94	-86	18
2015-07-21 22:49:51.346	21251	10501	-94	-86	17	17.54	92.69	3.795
2015-07-21 23:02:57.142	21251	10501	-94	-86	16
2015-07-21 23:19:16.646	21251	10501	-94	-86	16	17.1	92.73	3.795
2015-07-21 23:53:43.787	21251	10501	-94	-87	16	16.32	92.87	3.795
2015-07-21 23:57:26.482	21251	10501	-94	-87	16
2015-07-22 00:22:14.246	21251	10501	-94	-86	15	15.85	92.88	3.795
2015-07-22 00:47:44.903	21251	10501	-94	-88	14	15.64	92.91	3.795
2015-07-22 01:05:48.763	21251	10501	-94	-86	14
2015-07-22 01:13:49.555	21251	10501	-94	-87	14	15.36	92.93	3.783
2015-07-22 01:30:57.271	21251	10501	-94	-86	14
2015-07-22 01:49:55.606	21251	10501	-94	-88	13	15.13	93.0	3.783
2015-07-22 02:22:00.67	21251	10501	-94	-86	12	14.82	93.08	3.783
2015-07-22 02:44:40.967	21251	10501	-94	-88	12	14.65	93.1	3.783
2015-07-22 03:04:29.254	21251	10501	-94	-87	11
2015-07-22 03:08:41.402	21251	10501	-94	-87	11
2015-07-22 03:24:13.71	21251	10501	-94	-86	11	14.22	93.07	3.783
2015-07-22 03:50:46.882	21251	10501	-94	-86	11	14.2	93.07	3.783
2015-07-22 04:26:32.09	21251	10501	-94	-86	11	13.96	93.14	3.783
2015-07-22 04:37:59.398	21251	10501	-94	-86	10
2015-07-22 04:45:40.106	21251	10501	-94	-86	10	14.0	93.12	3.783
2015-07-22 05:11:34.78	21251	10501	-94	-87	10
2015-07-22 05:31:19.85	21251	10501	-94	-87	10	14.02	93.22	3.783
2015-07-22 05:45:06.487	21251	10501	-94	-87	10	14.07	93.21	3.783
2015-07-22 06:11:30.775	21251	10501	-94	-87	10
2015-07-22 06:12:36.727	21251	10501	-94	-86	10	14.25	93.21	3.772
2015-07-22 06:56:53.315	21251	10501	-94	-86	10	14.29	93.31	3.772
2015-07-22 07:14:27.099	21251	10501	-94	-89	10
2015-07-22 07:24:18.65	21251	10501	-94	-87	10	14.79	93.27	3.783
2015-07-22 07:45:02.466	21251	10501	-94	-88	10
2015-07-22 07:47:45.359	21251	10501	-94	-89	10	15.28	93.22	3.783
2015-07-22 08:24:25.435	21251	10501	-94	-90	10	16.35	93.21	3.783
2015-07-22 09:17:19.722	21251	10501	-94	-88	10
2015-07-22 09:18:22.854	21251	10501	-94	-84	10	18.24	93.19	3.772
2015-07-22 09:18:33.095	21251	10501	-94	-86	10
2015-07-22 09:48:07.21	21251	10501	-94	-88	10	19.43	93.18	3.783
2015-07-22 10:22:00.335	21251	10501	-94	-91	10	20.6	93.16	3.783
2015-07-22 10:43:49.166	21251	10501	-94	-93	10	21.54	93.08	3.783
2015-07-22 10:52:04.275	21251	10501	-94	-87	10
2015-07-22 21:33:48.283	21251	10501	-94	-89	20	18.81	92.52	3.795
2015-07-22 21:34:34.727	21251	10501	-94	-89	20
2015-07-22 21:46:42.114	21251	10501	-94	-89	20
2015-07-22 21:48:27.914	21251	10501	-94	-89	20	18.54	92.54	3.783
2015-07-22 22:11:28.555	21251	10501	-94	-89	20	18.07	92.6	3.783
2015-07-22 23:03:18.322	21251	10501	-94	-89	18	17.32	92.79	3.783
2015-07-22 23:20:13.474	21251	10501	-94	-89	18
2015-07-22 23:28:56.698	21251	10501	-94	-90	18	16.99	92.86	3.783
2015-07-22 23:37:27.262	21251	10501	-94	-90	18
2015-07-22 23:44:44.042	21251	10501	-94	-89	18	16.72	92.88	3.783
2015-07-23 00:18:38.903	21251	10501	-94	-89	16	16.22	92.93	3.783
2015-07-23 00:42:06.802	21251	10501	-94	-89	16	16.0	92.96	3.783
2015-07-23 00:53:44.482	21251	10501	-94	-89	16
2015-07-23 01:16:11.218	21251	10501	-94	-89	16	15.86	92.95	3.783
2015-07-23 01:40:19.41	21251	10501	-94	-88	15
2015-07-23 01:51:55.282	21251	10501	-94	-88	14	15.61	93.04	3.783
2015-07-23 02:16:37.314	21251	10501	-94	-88	14	15.61	93.09	3.772
2015-07-23 02:27:15.882	21251	10501	-94	-89	14
2015-07-23 02:44:06.762	21251	10501	-94	-89	14	15.65	93.1	3.772
2015-07-23 03:21:16.903	21251	10501	-94	-87	13	15.47	93.18	3.772
2015-07-23 03:43:11.598	21251	10501	-94	-89	12
2015-07-23 03:43:37.446	21251	10501	-94	-88	12	15.15	93.25	3.783
2015-07-23 04:00:48.522	21251	10501	-94	-89	12
2015-07-23 04:16:06.886	21251	10501	-94	-88	12	14.78	93.26	3.772
2015-07-23 04:49:43.263	21251	10501	-94	-87	11	14.47	93.27	3.772
2015-07-23 05:12:45.226	21251	10501	-94	-89	10	14.35	93.3	3.772
2015-07-23 05:34:17.97	21251	10501	-94	-87	10
2015-07-23 05:46:04.606	21251	10501	-94	-88	10
2015-07-23 06:00:24.662	21251	10501	-94	-88	10	14.29	93.31	3.772
2015-07-23 06:22:31.33	21251	10501	-94	-88	10	14.24	93.36	3.772
2015-07-23 07:01:20.535	21251	10501	-94	-88	10	14.71	93.29	3.772
2015-07-23 07:07:48.31	21251	10501	-94	-88	10
2015-07-23 07:26:44.946	21251	10501	-94	-89	10	14.93	93.35	3.772
2015-07-23 07:47:22.85	21251	10501	-94	-89	10	15.22	93.38	3.772
2015-07-23 07:48:56.518	21251	10501	-94	-88	10
2015-07-23 08:18:36.47	21251	10501	-94	-87	10	16.64	93.13	3.772
2015-07-23 08:41:20.427	21251	10501	-94	-90	10
2015-07-23 09:02:59.966	21251	10501	-94	-89	10	18.36	93.15	3.772
2015-07-23 09:13:45.855	21251	10501	-94	-89	10	18.74	93.14	3.772
2015-07-23 22:16:51.435	21251	10501	-94	-87	20	19.18	92.07	3.783
2015-07-24 03:23:33.919	21251	10501	-94	-87	19
2015-07-24 03:27:15.495	21251	10501	-94	-87	19	14.08	92.73	3.772
2015-07-24 03:50:20.867	21251	10501	-94	-87	19	13.88	92.72	3.772
2015-07-24 04:17:41.73	21251	10501	-94	-87	19
2015-07-24 04:25:48.302	21251	10501	-94	-86	19	13.54	92.74	3.772
2015-07-24 04:57:04.85	21251	10501	-94	-85	17
2015-07-24 04:59:56.342	21251	10501	-94	-85	17	13.5	92.75	3.772
2015-07-24 05:30:02.482	21251	10501	-94	-86	17	13.32	92.88	3.772
2015-07-24 05:42:25.819	21251	10501	-94	-87	17	13.29	92.87	3.772
2015-07-24 06:19:09.314	21251	10501	-94	-86	16	12.97	92.92	3.772
2015-07-24 06:20:34.41	21251	10501	-94	-86	15
2015-07-24 06:30:35.874	21251	10501	-94	-85	15
2015-07-24 06:55:26.299	21251	10501	-94	-84	15	13.11	92.87	3.772
2015-07-24 07:30:56.63	21251	10501	-94	-84	15	13.75	92.8	3.76
2015-07-24 07:48:47.062	21251	10501	-94	-86	14	14.28	92.82	3.783
2015-07-24 08:04:07.598	21251	10501	-94	-85	13
2015-07-24 08:23:27.075	21251	10501	-94	-86	13
2015-07-24 08:28:08.755	21251	10501	-94	-85	13	15.92	92.72	3.772
2015-07-24 08:42:58.75	21251	10501	-94	-85	13	16.67	92.73	3.772
2015-07-24 09:29:12.722	21251	10501	-94	-85	12	18.95	92.74	3.772
2015-07-24 09:37:38.175	21251	10501	-94	-88	11
2015-07-24 09:49:41.647	21251	10501	-94	-86	11	20.13	92.7	3.772
2015-07-24 10:17:00.347	21251	10501	-94	-86	11	21.7	92.57	3.772
2015-07-24 10:26:19.911	21251	10501	-94	-86	11
2015-07-24 10:51:29.479	21251	10501	-94	-89	10	23.36	92.38	3.772
2015-07-24 11:11:09.375	21251	10501	-94	-92	10
2015-07-24 11:12:26.051	21251	10501	-94	-91	10	24.26	92.42	3.772
2015-07-24 20:21:55.031	21251	10501	-94	-92	26	24.38	91.4	3.795
2015-07-25 06:50:39.074	21251	10501	-94	-89	20	15.52	93.06	3.772
2015-07-25 07:26:54.279	21251	10501	-94	-88	19
2015-07-25 08:03:22.363	21251	10501	-94	-88	19	16.86	92.97	3.772
2015-07-25 08:17:13.334	21251	10501	-94	-87	19	17.5	92.95	3.76
2015-07-25 08:51:18.41	21251	10501	-94	-88	19	18.97	92.92	3.76
2015-07-25 08:57:57.067	21251	10501	-94	-89	18
2015-07-25 09:00:25.222	21251	10501	-94	-88	17
2015-07-25 09:12:06.335	21251	10501	-94	-88	17	19.96	92.9	3.772
2015-07-25 09:44:55.927	21251	10501	-94	-92	20	21.52	92.89	3.772
2015-07-25 17:09:29.954	21251	10501	-94	-90	26
2015-07-25 18:56:30.374	21251	10501	-94	-90	29	29.68	90.34	3.795
2015-07-25 19:29:11.718	21251	10501	-94	-91	29	28.57	90.54	3.795
2015-07-25 21:28:34.242	21251	10501	-94	-86	25
2015-07-25 22:03:14.714	21251	10501	-94	-88	25	22.99	91.63	3.795
2015-07-25 23:18:05.531	21251	10501	-94	-86	23
2015-07-25 23:43:48.89	21251	10501	-94	-86	21	21.97	92.08	3.783
2015-07-26 01:27:14.77	21251	10501	-94	-84	20	21.4	92.28	3.772
2015-07-26 02:09:07.718	21251	10501	-94	-84	19
2015-07-26 02:16:05.203	21251	10501	-94	-86	19	21.07	92.5	3.783
2015-07-26 02:47:15.371	21251	10501	-94	-85	19	20.58	92.65	3.772
2015-07-26 03:23:51.039	21251	10501	-94	-85	19
2015-07-26 03:31:54.047	21251	10501	-94	-85	18	20.27	92.66	3.772
2015-07-26 03:42:39.403	21251	10501	-94	-84	17
2015-07-26 03:49:07.683	21251	10501	-94	-85	17	20.2	92.69	3.772
2015-07-26 04:15:15.012	21251	10501	-94	-85	17	20.03	92.76	3.772
2015-07-26 04:45:03.327	21251	10501	-94	-86	17	19.9	92.85	3.772
2015-07-26 05:16:10.459	21251	10501	-94	-86	16
2015-07-26 05:26:42.787	21251	10501	-94	-84	15
2015-07-26 05:27:32.091	21251	10501	-94	-84	15	19.67	92.9	3.772
2015-07-26 05:48:02.635	21251	10501	-97	-85	15	19.86	92.88	3.772
2015-07-26 06:28:42.807	21251	10501	-94	-84	15	19.72	93.0	3.772
2015-07-26 06:47:16.811	21251	10501	-94	-84	14	19.61	93.04	3.772
2015-07-26 06:49:41.49	21251	10501	-94	-84	13
2015-07-26 07:29:35.595	21251	10501	-94	-83	13
2015-07-26 07:32:38.09	21251	10501	-94	-86	13	19.81	93.0	3.772
2015-07-26 08:03:01.998	21251	10501	-94	-84	13	20.46	92.96	3.772
2015-07-26 08:23:12.166	21251	10501	-94	-86	12
2015-07-26 08:25:42.995	21251	10501	-94	-85	11	20.99	92.94	3.772
2015-07-26 08:54:31.823	21251	10501	-94	-89	11	22.11	92.86	3.772
2015-07-26 09:19:31.811	21251	10501	-94	-88	11	23.11	92.88	3.76
2015-07-26 09:32:28.722	21251	10501	-94	-90	11
2015-07-26 09:55:51.29	21251	10501	-94	-88	10	24.57	92.82	3.76
2015-07-26 09:56:52.894	21251	10501	-94	-90	10
2015-07-26 10:16:53.391	21251	10501	-94	-88	11	25.51	92.83	3.772
2015-07-26 10:43:44.382	21251	10501	-94	-89	11	26.63	92.71	3.772
2015-07-26 11:30:15.402	21251	10501	-94	-86	11
2015-07-26 15:41:05.506	21251	10501	-94	-91	24
2015-07-26 19:46:50.394	21251	10501	-94	-86	26
2015-07-26 20:51:21.974	21251	10501	-94	-86	24
2015-07-26 21:26:53.79	21251	10501	-94	-86	24	23.47	92.78	3.772
2015-07-26 21:49:44.047	21251	10501	-94	-85	22
2015-07-26 23:52:35.291	21251	10501	-94	-86	20
2015-07-26 23:55:56.426	21251	10501	-94	-85	19	21.72	93.13	3.772
2015-07-26 23:58:24.175	21251	10501	-94	-85	19
2015-07-27 00:22:39.482	21251	10501	-94	-86	19	21.54	93.24	3.772
2015-07-27 00:47:20.359	21251	10501	-94	-87	18	21.36	93.26	3.772
2015-07-27 01:13:04.966	21251	10501	-94	-86	18	21.2	93.31	3.772
2015-07-27 01:31:55.951	21251	10501	-94	-88	17
2015-07-27 01:55:28.622	21251	10501	-94	-87	17
2015-07-27 02:00:56.546	21251	10501	-94	-87	17	20.81	93.4	3.772
2015-07-27 02:29:38.89	21251	10501	-94	-85	15	20.79	93.39	3.772
2015-07-27 09:56:04.782	21251	10501	-94	-88	10	23.36	93.34	3.76
2015-07-27 10:07:00.298	21251	10501	-94	-88	10
2015-07-27 10:26:07.066	21251	10501	-94	-89	10	24.47	93.27	3.76
2015-07-27 10:46:12.694	21251	10501	-94	-88	10	25.69	93.06	3.76
2015-07-27 10:53:01.362	21251	10501	-94	-89	10
2015-07-27 11:14:56.738	21251	10501	-94	-84	10	26.69	93.03	3.76
2015-07-27 12:03:35.622	21251	10501	-94	-93	10	28.99	92.69	3.76
2015-07-27 12:09:51.586	21251	10501	-94	-89	10
2015-07-27 12:25:24.406	21251	10501	-94	-89	10	30.58	92.11	3.76
2015-07-27 12:26:34.835	21251	10501	-94	-90	10
2015-07-27 14:13:37.918	21251	10501	-94	-88	21	31.27	91.19	3.772
2015-07-27 15:17:46.214	21251	10501	-94	-89	21	31.16	91.22	3.772
2015-07-27 15:33:34.63	21251	10501	-94	-88	19
2015-07-27 15:57:58.843	21251	10501	-94	-88	19	31.41	90.93	3.772
2015-07-27 16:15:35.442	21251	10501	-94	-89	19
2015-07-27 16:19:19.546	21251	10501	-94	-88	19	31.77	91.06	3.772
2015-07-27 16:52:28.798	21251	10501	-94	-89	19	35.18	89.13	3.783
2015-07-27 17:07:05.838	21251	10501	-94	-87	17
2015-07-27 17:29:09.346	21251	10501	-94	-91	17	32.76	90.88	3.783
2015-07-27 17:46:30.93	21251	10501	-94	-89	17	31.88	91.02	3.783
2015-07-27 18:18:27.962	21251	10501	-94	-89	17
2015-07-27 18:25:16.214	21251	10501	-94	-88	17	30.15	91.32	3.783
2015-07-27 18:40:36.998	21251	10501	-94	-88	15
2015-07-27 18:52:56.507	21251	10501	-94	-87	15	29.63	91.29	3.772
2015-07-27 19:22:27.243	21251	10501	-94	-86	15	28.47	91.59	3.783
2015-07-27 19:55:59.05	21251	10501	-94	-86	15	27.3	91.7	3.772
2015-07-27 20:14:08.055	21251	10501	-94	-85	14
2015-07-27 20:21:20.294	21251	10501	-94	-85	13
2015-07-27 20:30:24.134	21251	10501	-94	-86	13	25.91	91.93	3.772
2015-07-27 20:54:40.263	21251	10501	-94	-85	13	24.99	92.08	3.772
2015-07-27 21:22:27.098	21251	10501	-94	-85	13	24.0	92.16	3.772
2015-07-27 21:41:51.986	21251	10501	-94	-86	12	23.58	92.25	3.772
2015-07-27 21:47:40.539	21251	10501	-94	-86	11
2015-07-27 22:24:13.267	21251	10501	-94	-85	11
2015-07-27 22:26:47.238	21251	10501	-94	-85	11	22.78	92.37	3.772
2015-07-27 22:43:01.402	21251	10501	-94	-84	11	22.64	92.38	3.772
2015-07-27 23:21:11.115	21251	10501	-94	-85	10
2015-07-27 23:23:01.338	21251	10501	-94	-86	10	22.25	92.52	3.76
2015-07-27 23:42:05.123	21251	10501	-94	-85	10	22.04	92.58	3.76
2015-07-28 00:18:29.155	21251	10501	-94	-84	10	21.79	92.66	3.76
2015-07-28 00:27:05.907	21251	10501	-94	-85	10
2015-07-28 00:52:32.711	21251	10501	-94	-84	10	21.64	92.78	3.76
2015-07-28 00:54:41.866	21251	10501	-94	-86	10
2015-07-28 01:19:44.098	21251	10501	-94	-84	10	21.4	92.81	3.76
2015-07-28 01:48:42.307	21251	10501	-94	-85	10	21.35	92.89	3.76
2015-07-28 02:15:03.527	21251	10501	-94	-84	10	21.08	92.96	3.76
2015-07-28 02:28:12.802	21251	10501	-94	-84	10
2015-07-28 02:29:59.583	21251	10501	-94	-86	10
2015-07-28 02:48:08.107	21251	10501	-94	-84	10	20.86	93.02	3.76
2015-07-28 03:15:36.714	21251	10501	-94	-84	10	20.68	93.09	3.76
2015-07-28 03:47:31.687	21251	10501	-94	-86	10	20.63	93.1	3.76
2015-07-28 04:01:44.054	21251	10501	-94	-85	10
2015-07-28 04:22:36.195	21251	10501	-94	-86	10	20.32	93.2	3.76
2015-07-28 04:32:50.378	21251	10501	-94	-85	10
2015-07-28 04:42:16.53	21251	10501	-94	-86	10	20.27	93.17	3.76
2015-07-28 05:35:15.71	21251	10501	-94	-84	10
2015-07-28 05:47:48.438	21251	10501	-94	-85	10	20.03	93.26	3.749
2015-07-28 06:23:58.123	21251	10501	-94	-86	10	19.89	93.28	3.749
2015-07-28 06:35:43.703	21251	10501	-94	-85	10
2015-07-28 07:08:46.011	21251	10501	-97	-85	10
2015-07-28 07:26:28.371	21251	10501	-94	-86	10	19.96	93.31	3.749
2015-07-28 08:33:01.306	21251	10501	-94	-86	10	21.2	93.22	3.749
2015-07-28 08:38:36.146	21251	10501	-94	-86	10
2015-07-28 08:42:17.619	21251	10501	-94	-86	10
2015-07-28 08:52:35.882	21251	10501	-94	-88	10	21.81	93.24	3.749
2015-07-28 09:19:39.691	21251	10501	-94	-88	10	22.77	93.14	3.749
2015-07-28 09:56:36.006	21251	10501	-94	-88	10	24.32	93.09	3.749
2015-07-28 10:15:02.423	21251	10501	-94	-84	10	25.22	93.04	3.749
2015-07-28 10:15:48.079	21251	10501	-94	-87	10
2015-07-28 10:41:28.67	21251	10501	-94	-88	10
2015-07-28 10:54:00.926	21251	10501	-94	-87	10	27.33	92.76	3.749
2015-07-28 11:15:56.015	21251	10501	-94	-87	10	28.8	92.65	3.76
2015-07-28 11:49:04.043	21251	10501	-94	-88	10	29.91	92.58	3.76
2015-07-28 11:49:19.839	21251	10501	-94	-89	10
2015-07-28 12:12:14.723	21251	10501	-94	-89	10	30.54	92.39	3.76
2015-07-28 12:44:21.283	21251	10501	-94	-88	10
2015-07-28 12:59:58.534	21251	10501	-94	-89	10	33.61	91.66	3.76
2015-07-28 13:22:10.367	21251	10501	-94	-90	10	35.41	90.95	3.772
2015-07-28 13:22:51.062	21251	10501	-94	-88	10
2015-07-28 13:51:45.742	21251	10501	-94	-90	10	33.82	91.43	3.772
2015-07-28 15:31:13.806	21251	10501	-94	-89	20	31.61	91.0	3.772
2015-07-28 16:26:45.294	21251	10501	-94	-90	19	31.77	91.41	3.772
2015-07-28 16:29:53.294	21251	10501	-94	-90	19
2015-07-28 16:42:08.691	21251	10501	-94	-89	18	31.44	91.33	3.772
2015-07-28 16:50:06.071	21251	10501	-94	-89	18
2015-07-28 17:27:05.058	21251	10501	-94	-89	13	31.94	91.01	3.772
2015-07-28 17:59:28.615	21251	10501	-94	-89	11	30.83	91.24	3.772
2015-07-28 18:03:24.431	21251	10501	-94	-89	11
2015-07-28 18:15:44.755	21251	10501	-94	-89	11	30.41	91.26	3.772
2015-07-28 18:48:07.522	21251	10501	-94	-89	11	29.72	91.26	3.772
2015-07-28 18:52:58.763	21251	10501	-94	-87	11
2015-07-28 19:32:44.819	21251	10501	-94	-87	10	28.26	91.47	3.772
2015-07-28 19:36:56.007	21251	10501	-94	-88	10
2015-07-28 19:44:02.539	21251	10501	-94	-88	10	28.02	91.48	3.772
2015-07-28 20:14:27.77	21251	10501	-94	-87	10	26.99	91.76	3.772
2015-07-28 20:44:26.446	21251	10501	-94	-87	10	26.05	91.87	3.76
2015-07-28 20:55:51.011	21251	10501	-94	-87	10
2015-07-28 21:10:26.243	21251	10501	-94	-87	10
2015-07-28 21:24:51.619	21251	10501	-94	-87	10	24.83	92.09	3.76
2015-07-28 21:47:37.89	21251	10501	-94	-86	10	24.32	92.15	3.76
2015-07-28 22:16:19.362	21251	10501	-94	-86	10	24.01	92.26	3.76
2015-07-28 22:43:57.778	21251	10501	-94	-86	10
2015-07-28 22:49:05.59	21251	10501	-94	-86	10	23.78	92.34	3.76
2015-07-28 22:58:43.235	21251	10501	-94	-86	10
2015-07-28 23:31:30.351	21251	10501	-94	-86	10	23.64	92.5	3.76
2015-07-28 23:47:57.351	21251	10501	-94	-86	10	23.47	92.55	3.76
2015-07-29 00:17:29.454	21251	10501	-94	-85	10
2015-07-29 00:30:06.678	21251	10501	-94	-84	10	22.84	92.71	3.76
2015-07-29 00:45:04.602	21251	10501	-94	-86	10	22.72	92.76	3.76
2015-07-29 01:01:37.147	21251	10501	-94	-84	10
2015-07-29 01:15:30.67	21251	10501	-94	-84	10	22.39	92.83	3.76
2015-07-29 01:42:46.414	21251	10501	-94	-86	10	22.18	92.92	3.783
2015-07-29 01:51:00.466	21251	10501	-94	-84	10
2015-07-29 02:29:01.586	21251	10501	-94	-84	10	21.74	93.01	3.749
2015-07-29 03:03:46.554	21251	10501	-94	-84	10	21.47	93.09	3.749
2015-07-29 03:04:29.107	21251	10501	-94	-84	10
2015-07-29 03:14:05.646	21251	10501	-94	-84	10	21.42	93.12	3.749
2015-07-29 03:24:30.631	21251	10501	-94	-84	10
2015-07-29 03:58:25.014	21251	10501	-94	-84	10	20.9	93.19	3.749
2015-07-29 04:18:41.671	21251	10501	-94	-84	10	20.82	93.22	3.749
2015-07-29 04:58:01.855	21251	10501	-94	-84	10
2015-07-29 04:58:55.939	21251	10501	-94	-84	10	20.45	93.26	3.749
2015-07-29 05:07:20.651	21251	10501	-94	-84	10
2015-07-29 05:30:30.307	21251	10501	-94	-84	10	20.32	93.29	3.749
2015-07-29 05:52:44.542	21251	10501	-94	-84	10	20.22	93.34	3.749
2015-07-29 06:31:32.954	21251	10501	-94	-84	10
2015-07-29 06:32:59.151	21251	10501	-94	-84	10	19.82	93.39	3.749
2015-07-29 06:51:31.834	21251	10501	-94	-84	10	19.82	93.37	3.738
2015-07-29 07:10:15.211	21251	10501	-94	-83	10
2015-07-29 07:29:17.887	21251	10501	-94	-84	10	20.13	93.34	3.738
2015-07-29 07:54:37.375	21251	10501	-94	-84	10	20.54	93.33	3.749
2015-07-29 08:05:05.004	21251	10501	-94	-84	10
2015-07-29 08:17:48.482	21251	10501	-94	-84	10	21.11	93.29	3.738
2015-07-29 08:50:28.211	21251	10501	-94	-84	10	22.14	93.21	3.738
2015-07-29 09:13:08.683	21251	10501	-94	-84	10
2015-07-29 09:31:38.047	21251	10501	-94	-85	10	23.96	93.14	3.749
2015-07-29 09:38:35.514	21251	10501	-94	-86	10
2015-07-29 09:44:22.928	21251	10501	-94	-84	10	24.54	93.1	3.738
2015-07-29 10:14:48.447	21251	10501	-94	-87	10	25.99	93.04	3.749
2015-07-29 11:00:35.407	21251	10501	-94	-88	10	27.94	92.86	3.738
2015-07-29 11:12:07.138	21251	10501	-94	-87	10
2015-07-29 11:16:01.274	21251	10501	-94	-86	10
2015-07-29 11:18:24.682	21251	10501	-94	-90	10	30.16	92.16	3.749
2015-07-29 11:42:12.735	21251	10501	-94	-87	10	30.68	92.26	3.749
2015-07-29 12:21:00.623	21251	10501	-94	-88	10	31.61	92.11	3.749
2015-07-29 12:45:38.159	21251	10501	-94	-86	10
2015-07-29 12:51:11.662	21251	10501	-94	-89	10	33.66	91.57	3.76
2015-07-29 13:18:50.818	21251	10501	-94	-90	10
2015-07-29 13:23:46.571	21251	10501	-94	-88	10	34.33	91.43	3.76
2015-07-29 13:56:05.27	21251	10501	-94	-88	10	32.57	91.78	3.76
2015-07-29 14:19:09.291	21251	10501	-94	-88	10
2015-07-29 14:19:43.255	21251	10501	-94	-87	10	31.5	91.77	3.76
2015-07-29 15:22:18.342	21251	10501	-94	-89	10	33.66	90.94	3.76
2015-07-29 15:52:42.722	21251	10501	-94	-89	10
2015-07-29 15:59:25.23	21251	10501	-94	-88	10	32.88	91.33	3.76
2015-07-29 16:23:06.102	21251	10501	-94	-88	10	33.41	91.08	3.76
2015-07-29 16:46:08.591	21251	10501	-94	-87	10	33.16	91.05	3.772
2015-07-29 17:13:26.51	21251	10501	-94	-87	10	32.02	91.32	3.76
2015-07-29 17:24:36.202	21251	10501	-94	-87	10
2015-07-29 17:26:10.699	21251	10501	-94	-87	10
2015-07-29 17:56:33.942	21251	10501	-94	-87	10	31.85	91.28	3.76
2015-07-29 18:30:50.178	21251	10501	-94	-86	10	31.13	91.36	3.76
2015-07-29 18:59:47.978	21251	10501	-94	-85	10
2015-07-29 19:02:00.85	21251	10501	-94	-89	10	30.79	91.37	3.76
2015-07-29 19:14:43.851	21251	10501	-94	-87	10	30.58	91.42	3.76
2015-07-29 19:27:28.551	21251	10501	-94	-86	10
2015-07-29 19:48:28.043	21251	10501	-94	-87	10	29.74	91.66	3.76
2015-07-29 20:29:58.591	21251	10501	-94	-86	10	27.97	91.91	3.76
2015-07-29 20:33:15.198	21251	10501	-94	-84	10
2015-07-29 20:43:49.43	21251	10501	-94	-84	10	27.49	91.98	3.76
2015-07-29 21:30:21.002	21251	10501	-94	-84	10
2015-07-29 21:33:34.33	21251	10501	-94	-84	10	26.15	92.18	3.76
2015-07-29 21:47:33.81	21251	10501	-94	-84	10	25.91	92.21	3.76
2015-07-29 22:06:45.106	21251	10501	-94	-84	10
2015-07-29 22:29:13.394	21251	10501	-94	-84	10	25.22	92.38	3.76
2015-07-29 22:54:05.822	21251	10501	-94	-84	10	24.93	92.49	3.76
2015-07-29 23:33:13.947	21251	10501	-94	-84	10
2015-07-29 23:33:41.383	21251	10501	-94	-84	10	24.44	92.63	3.749
2015-07-29 23:40:16.203	21251	10501	-94	-84	10
2015-07-29 23:44:43.371	21251	10501	-94	-84	10	24.38	92.66	3.76
2015-07-30 00:20:29.878	21251	10501	-94	-84	10	24.14	92.76	3.749
2015-07-30 00:45:08.028	21251	10501	-94	-83	10	24.04	92.83	3.749
2015-07-30 01:13:46.367	21251	10501	-94	-84	10
2015-07-30 01:16:15.394	21251	10501	-94	-84	10	23.94	92.85	3.749
2015-07-30 01:36:05.947	21251	10501	-94	-84	10
2015-07-30 01:53:18.691	21251	10501	-94	-84	10	23.92	92.94	3.749
2015-07-30 02:24:44.531	21251	10501	-94	-84	10	23.88	93.05	3.749
2015-07-30 02:47:18.022	21251	10501	-94	-83	10
2015-07-30 02:56:51.675	21251	10501	-94	-82	10	23.96	93.07	3.749
2015-07-30 03:28:45.775	21251	10501	-94	-83	10	24.06	93.09	3.749
2015-07-30 03:38:59.023	21251	10501	-94	-84	10
2015-07-30 03:47:41.072	21251	10501	-94	-83	10	24.14	93.11	3.738
2015-07-30 04:32:50.799	21251	10501	-94	-86	10	24.09	93.22	3.749
2015-07-30 04:53:59.158	21251	10501	-94	-84	10	23.99	93.24	3.738
2015-07-30 05:29:41.795	21251	10501	-94	-85	10	24.01	93.24	3.738
2015-07-30 05:41:52.35	21251	10501	-94	-85	10
2015-07-30 05:45:15.538	21251	10501	-94	-84	10	23.97	93.28	3.738
2015-07-30 05:54:21.067	21251	10501	-94	-86	10
2015-07-30 06:20:35.751	21251	10501	-94	-87	10	23.74	93.36	3.738
2015-07-30 06:41:57.911	21251	10501	-94	-84	10	23.58	93.37	3.738
2015-07-30 07:27:52.098	21251	10501	-94	-84	10
2015-07-30 07:30:49.098	21251	10501	-94	-83	10	23.15	93.45	3.738
2015-07-30 07:44:44.102	21251	10501	-94	-82	10
2015-07-30 07:55:13.154	21251	10501	-94	-84	10	22.92	93.43	3.738
2015-07-30 08:26:10.118	21251	10501	-94	-84	10	22.79	93.44	3.738
2015-07-30 09:01:23.498	21251	10501	-94	-84	10
2015-07-30 09:02:55.87	21251	10501	-94	-84	10	23.22	93.35	3.738
2015-07-30 09:30:17.564	21251	10501	-94	-83	10	23.72	93.26	3.738
2015-07-30 09:47:36.783	21251	10501	-94	-84	10
2015-07-30 09:53:20.874	21251	10501	-94	-83	10	24.29	93.25	3.738
2015-07-30 10:29:37.046	21251	10501	-94	-84	10	25.49	93.15	3.738
2015-07-30 10:34:54.062	21251	10501	-94	-87	10
2015-07-30 10:43:10.994	21251	10501	-94	-85	10	26.55	92.92	3.738
2015-07-30 11:34:20.303	21251	10501	-94	-88	10	29.46	92.37	3.738
2015-07-30 11:45:00.01	21251	10501	-94	-86	10	29.19	92.5	3.738
2015-07-30 11:50:28.882	21251	10501	-94	-86	10
2015-07-30 12:08:24.646	21251	10501	-94	-86	10
2015-07-30 12:32:18.679	21251	10501	-94	-89	10	30.55	91.91	3.738
2015-07-30 12:43:56.69	21251	10501	-94	-88	10	31.04	91.88	3.738
2015-07-30 13:26:48.483	21251	10501	-94	-90	10	33.0	91.38	3.749
2015-07-30 13:42:10.07	21251	10501	-94	-91	10
2015-07-30 13:44:39.102	21251	10501	-94	-90	10	32.21	91.79	3.749
2015-07-30 13:53:24.738	21251	10501	-94	-88	10
2015-07-30 14:25:25.15	21251	10501	-94	-90	10	32.02	91.42	3.749
2015-07-30 14:54:50.294	21251	10501	-94	-89	10	31.58	91.59	3.749
2015-07-30 15:15:27.386	21251	10501	-94	-88	10
2015-07-30 15:17:51.214	21251	10501	-94	-89	11	31.97	91.59	3.749
2015-07-30 15:42:02.435	21251	10501	-94	-90	10	32.05	91.43	3.749
2015-07-30 15:56:28.114	21251	10501	-94	-90	11
2015-07-30 16:29:13.582	21251	10501	-94	-91	14	31.69	91.79	3.749
2015-07-30 16:49:03.374	21251	10501	-94	-89	14
2015-07-30 16:56:03.798	21251	10501	-94	-88	14	31.86	91.39	3.749
2015-07-30 17:29:40.134	21251	10501	-94	-89	13	31.15	91.66	3.749
2015-07-30 17:59:11.2	21251	10501	-94	-89	13
2015-07-30 18:13:24.055	21251	10501	-94	-88	13	29.21	91.97	3.749
2015-07-30 18:22:32.23	21251	10501	-94	-86	13
2015-07-30 19:00:10.97	21251	10501	-94	-89	12	27.9	92.03	3.749
2015-07-30 19:18:53.727	21251	10501	-94	-84	12	27.33	92.06	3.749
2015-07-30 19:56:01.076	21251	10501	-94	-88	12
2015-07-30 19:58:45.571	21251	10501	-94	-88	12	26.38	92.14	3.749
2015-07-30 20:02:01.482	21251	10501	-94	-89	12
2015-07-30 20:33:39.49	21251	10501	-94	-88	11	25.02	92.37	3.738
2015-07-30 21:54:06.078	21251	10501	-94	-84	10	22.92	92.64	3.738
2015-07-30 22:04:52.275	21251	10501	-94	-85	10
2015-07-30 22:21:33.146	21251	10501	-94	-84	10	22.58	92.7	3.738
2015-07-30 22:58:50.006	21251	10501	-94	-84	10	21.88	92.87	3.738
2015-07-30 23:03:03.194	21251	10501	-94	-84	10
2015-07-30 23:15:52.263	21251	10501	-94	-84	10	21.49	92.93	3.738
2015-07-30 23:58:23.954	21251	10501	-94	-86	10	20.88	93.0	3.738
2015-07-31 00:07:44.362	21251	10501	-94	-85	10
2015-07-31 00:32:56.33	21251	10501	-94	-87	10	20.33	93.09	3.727
2015-07-31 00:36:33.898	21251	10501	-94	-85	10
2015-07-31 00:52:43.183	21251	10501	-94	-86	10	20.11	93.08	3.727
2015-07-31 01:13:36.455	21251	10501	-94	-84	10	19.82	93.14	3.738
2015-07-31 01:57:11.222	21251	10501	-94	-86	10	19.2	93.23	3.727
2015-07-31 02:10:09.423	21251	10501	-94	-85	10
2015-07-31 02:10:36.542	21251	10501	-94	-87	10
2015-07-31 02:22:53.335	21251	10501	-94	-86	10	18.97	93.29	3.727
2015-07-31 03:01:34.426	21251	10501	-94	-87	10	18.77	93.32	3.727
2015-07-31 03:29:07.699	21251	10501	-94	-86	10	18.6	93.32	3.727
2015-07-31 03:43:36.511	21251	10501	-94	-86	10
2015-07-31 03:57:51.239	21251	10501	-94	-86	10	18.32	93.39	3.716
2015-07-31 04:13:29.187	21251	10501	-94	-86	10
2015-07-31 04:27:03.652	21251	10501	-94	-85	10	17.96	93.47	3.727
2015-07-31 04:46:54.715	21251	10501	-94	-84	10	17.78	93.47	3.727
2015-07-31 05:14:09.703	21251	10501	-94	-85	10	17.54	93.48	3.716
2015-07-31 05:17:07.283	21251	10501	-94	-85	10
2015-07-31 05:43:16.215	21251	10501	-94	-86	10	17.36	93.5	3.727
2015-07-31 06:15:11.294	21251	10501	-94	-86	10	17.18	93.54	3.716
2015-07-31 06:16:21.746	21251	10501	-94	-85	10
2015-07-31 06:50:38.975	21251	10501	-94	-85	10
2015-07-31 06:55:07.823	21251	10501	-94	-84	10	17.14	93.53	3.716
2015-07-31 07:18:39.019	21251	10501	-94	-84	10	17.5	93.49	3.716
2015-07-31 07:46:31.162	21251	10501	-94	-84	10	18.07	93.5	3.705
2015-07-31 08:19:15.23	21251	10501	-94	-84	10
2015-07-31 08:24:10.138	21251	10501	-94	-85	10
2015-07-31 08:24:49.375	21251	10501	-94	-84	10	19.1	93.5	3.716
2015-07-31 08:43:00.827	21251	10501	-94	-84	10	19.68	93.47	3.716
2015-07-31 09:19:55.09	21251	10501	-94	-87	10	21.27	93.42	3.716
2015-07-31 09:52:26.735	21251	10501	-94	-86	10	22.7	93.42	3.716
2015-07-31 09:57:42.082	21251	10501	-94	-89	10
2015-07-31 10:22:06.495	21251	10501	-94	-88	10
2015-07-31 10:23:02.55	21251	10501	-94	-89	10	24.04	93.44	3.716
2015-07-31 10:50:38.123	21251	10501	-94	-88	10	25.8	93.16	3.716
2015-07-31 11:31:12.43	21251	10501	-94	-89	10
2015-07-31 11:33:41.695	21251	10501	-94	-87	10	28.96	92.49	3.727
2015-07-31 12:24:59.423	21251	10501	-94	-86	10
2015-07-31 12:31:41.843	21251	10501	-94	-88	10	30.02	92.22	3.727
2015-07-31 12:52:23.294	21251	10501	-94	-92	10	30.82	92.24	3.727
2015-07-31 13:31:34.734	21251	10501	-94	-92	24	33.05	91.32	3.738
2015-07-31 16:31:00.866	21251	10501	-94	-93	19
2015-07-31 17:48:52.838	21251	10501	-94	-91	18	27.65	92.12	3.738
2015-07-31 19:26:40.958	21251	10501	-94	-92	20	27.22	92.3	3.738
2015-07-31 23:34:22.434	21251	10501	-94	-90	19	21.79	93.05	3.727
2015-07-31 23:46:49.392	21251	10501	-94	-89	19	21.79	93.08	3.727
2015-07-31 23:59:20.663	21251	10501	-94	-89	19
2015-08-01 00:32:09.99	21251	10501	-94	-89	18	21.76	93.2	3.727
2015-08-01 00:42:14.223	21251	10501	-94	-88	18
2015-08-01 00:44:46.479	21251	10501	-94	-88	18	21.54	93.31	3.716
2015-08-01 01:23:28.075	21251	10501	-94	-88	15	21.9	93.17	3.716
2015-08-01 01:32:51.723	21251	10501	-94	-90	13
2015-08-01 01:53:31.395	21251	10501	-94	-89	16	22.2	93.29	3.716
2015-08-01 02:20:41.026	21251	10501	-94	-90	16	22.21	93.37	3.716
2015-08-01 02:45:23.379	21251	10501	-94	-91	11
2015-08-01 02:55:07.475	21251	10501	-94	-90	11	22.0	93.45	3.705
2015-08-01 03:06:27.366	21251	10501	-94	-91	10
2015-08-01 03:15:40.47	21251	10501	-94	-90	10	21.61	93.53	3.716
2015-08-01 04:01:55.787	21251	10501	-94	-90	10	20.35	93.64	3.716
2015-08-01 04:16:59.275	21251	10501	-94	-89	10	20.15	93.64	3.716
2015-08-01 04:39:55.026	21251	10501	-94	-90	10
2015-08-01 04:46:44.539	21251	10501	-94	-89	10	19.49	93.67	3.716
2015-08-01 04:48:01.622	21251	10501	-94	-89	10
2015-08-01 05:21:22.566	21251	10501	-94	-88	10	18.93	93.66	3.705
2015-08-01 06:01:47.138	21251	10501	-94	-88	10	18.33	93.73	3.705
2015-08-01 06:13:27.53	21251	10501	-94	-88	10
2015-08-01 06:14:29.606	21251	10501	-94	-89	10	18.06	93.72	3.716
2015-08-01 06:45:50.131	21251	10501	-94	-89	10	17.72	93.73	3.705
2015-08-01 06:50:51.771	21251	10501	-94	-88	10
2015-08-01 07:13:43.474	21251	10501	-94	-88	10	17.78	93.65	3.705
2015-08-01 07:46:56.498	21251	10501	-94	-89	10
2015-08-01 07:50:54.207	21251	10501	-94	-88	10	18.39	93.59	3.705
2015-08-01 08:25:36.827	21251	10501	-94	-92	10	19.35	93.56	3.705
2015-08-01 08:53:44.595	21251	10501	-94	-89	10
2015-08-01 09:03:50.299	21251	10501	-94	-91	10	20.4	93.57	3.705
2015-08-01 09:20:27.854	21251	10501	-94	-89	10
2015-08-01 09:30:54.61	21251	10501	-94	-88	10	21.33	93.53	3.705
2015-08-01 09:53:35.331	21251	10501	-94	-90	10	22.15	93.51	3.705
2015-08-01 10:15:42.566	21251	10501	-94	-89	10	23.08	93.5	3.705
2015-08-01 10:54:07.623	21251	10501	-94	-88	10
2015-08-01 12:04:11.623	21251	10501	-94	-91	17	27.24	92.4	3.705
2015-08-01 22:17:47.318	21251	10501	-94	-89	11	20.11	92.88	3.705
2015-08-01 22:59:06.618	21251	10501	-94	-89	18	19.49	93.03	3.705
2015-08-01 23:13:52.378	21251	10501	-94	-89	18
2015-08-01 23:17:59.918	21251	10501	-94	-89	17	19.28	93.05	3.705
2015-08-01 23:22:07.679	21251	10501	-94	-89	17
2015-08-01 23:43:12.454	21251	10501	-94	-89	12	18.93	93.14	3.705
2015-08-02 00:12:23.174	21251	10501	-94	-89	11	18.64	93.13	3.705
2015-08-02 00:55:38.746	21251	10501	-94	-88	11
2015-08-02 00:56:22.927	21251	10501	-94	-88	11	18.31	93.25	3.705
2015-08-02 01:16:44.046	21251	10501	-94	-88	11
2015-08-02 01:32:52.742	21251	10501	-94	-88	11	17.93	93.29	3.705
2015-08-02 01:51:33.891	21251	10501	-94	-87	10	17.86	93.29	3.694
2015-08-02 02:25:51.182	21251	10501	-94	-87	10	18.02	93.24	3.694
2015-08-02 02:29:09.888	21251	10501	-94	-89	10
2015-08-02 02:55:32.827	21251	10501	-94	-86	10	18.11	93.31	3.694
2015-08-02 03:17:56.646	21251	10501	-94	-88	10	17.86	93.42	3.705
2015-08-02 03:19:36.762	21251	10501	-94	-87	10
2015-08-02 03:47:38.891	21251	10501	-94	-88	10	17.47	93.5	3.694
2015-08-02 04:02:41.531	21251	10501	-94	-88	10
2015-08-02 04:20:31.051	21251	10501	-94	-88	10	16.78	93.57	3.694
2015-08-02 04:42:39.863	21251	10501	-94	-88	10	16.46	93.57	3.694
2015-08-02 05:22:29.53	21251	10501	-94	-88	10
2015-08-02 05:33:37.79	21251	10501	-94	-86	10	16.27	93.52	3.694
2015-08-02 05:36:12.714	21251	10501	-94	-87	10
2015-08-02 05:54:51.15	21251	10501	-94	-88	10	16.36	93.52	3.694
2015-08-02 06:34:27.162	21251	10501	-94	-86	10	16.79	93.5	3.683
2015-08-02 06:53:42.074	21251	10501	-94	-86	10	17.14	93.53	3.683
2015-08-02 07:09:43.594	21251	10501	-94	-86	10
2015-08-02 07:17:58.674	21251	10501	-94	-86	10	17.42	93.6	3.694
2015-08-02 07:25:21.774	21251	10501	-94	-87	10
2015-08-02 07:53:12.315	21251	10501	-94	-88	10	18.04	93.58	3.683
2015-08-02 08:32:30.57	21251	10501	-94	-89	10	19.2	93.48	3.683
2015-08-02 08:43:15.094	21251	10501	-94	-89	10
2015-08-02 08:58:06.774	21251	10501	-94	-88	10	19.89	93.46	3.694
2015-08-02 09:22:59.655	21251	10501	-94	-88	10	20.65	93.36	3.683
2015-08-02 09:28:14.371	21251	10501	-94	-88	10
2015-08-02 10:01:42.194	21251	10501	-94	-87	10	22.18	93.29	3.694
2015-08-02 10:15:59.502	21251	10501	-94	-90	10	22.89	93.24	3.694
2015-08-02 10:16:48.579	21251	10501	-94	-88	10
2015-08-02 10:58:10.203	21251	10501	-94	-88	10	24.57	93.13	3.694
2015-08-02 11:19:11.766	21251	10501	-94	-90	10	28.76	91.03	3.694
2015-08-02 11:31:07.698	21251	10501	-94	-89	10
2015-08-02 11:50:24.366	21251	10501	-94	-89	10
2015-08-02 12:15:22.13	21251	10501	-94	-90	10	28.1	92.18	3.694
2015-08-02 12:48:34.21	21251	10501	-94	-87	10	29.86	91.44	3.705
2015-08-02 17:39:45.366	21251	10501	-94	-93	16
2015-08-02 18:04:27.076	21251	10501	-94	-89	13
2015-08-02 18:48:43.046	21251	10501	-94	-88	12	28.61	91.77	3.705
2015-08-02 19:37:52.659	21251	10501	-94	-89	11
2015-08-02 20:01:13.162	21251	10501	-94	-84	11	27.11	92.18	3.716
2015-08-02 20:52:22.97	21251	10501	-94	-88	10	25.83	92.39	3.705
2015-08-02 21:24:05.97	21251	10501	-94	-85	10	25.32	92.47	3.705
2015-08-02 22:04:15.983	21251	10501	-94	-84	10	24.86	92.64	3.705
2015-08-02 22:25:02.079	21251	10501	-94	-88	10	24.57	92.68	3.705
2015-08-02 22:44:55.654	21251	10501	-94	-88	10
2015-08-02 22:59:14.979	21251	10501	-94	-86	10	24.22	92.74	3.705
2015-08-02 23:30:58.006	21251	10501	-94	-84	10	24.03	92.78	3.705
2015-08-02 23:48:22.407	21251	10501	-94	-84	10
2015-08-03 00:18:26.299	21251	10501	-94	-83	10
2015-08-03 00:24:17.839	21251	10501	-94	-82	10	23.65	92.92	3.694
2015-08-03 00:48:34.731	21251	10501	-94	-84	10	23.42	92.91	3.694
2015-08-03 01:23:17.483	21251	10501	-94	-84	10	23.24	92.98	3.694
2015-08-03 01:51:15.134	21251	10501	-94	-85	10
2015-08-03 01:51:56.69	21251	10501	-94	-84	10
2015-08-03 01:58:36.242	21251	10501	-94	-86	10	22.76	93.07	3.694
2015-08-03 02:30:24.938	21251	10501	-94	-84	10	22.4	93.14	3.694
2015-08-03 03:01:28.382	21251	10501	-94	-84	10	21.61	93.23	3.694
2015-08-03 03:25:27.574	21251	10501	-94	-84	10
2015-08-03 03:33:11.91	21251	10501	-94	-85	10	21.2	93.22	3.694
2015-08-03 03:54:07.579	21251	10501	-94	-86	10
2015-08-03 03:55:01.73	21251	10501	-94	-86	10	20.6	93.34	3.694
2015-08-03 04:58:59.806	21251	10501	-94	-83	10
2015-08-03 05:29:24.106	21251	10501	-94	-83	10	19.75	93.35	3.683
2015-08-03 05:55:28.598	21251	10501	-94	-84	10	19.32	93.45	3.683
2015-08-03 05:56:59.794	21251	10501	-94	-84	10
2015-08-03 06:16:41.507	21251	10501	-94	-84	10	19.14	93.42	3.694
2015-08-03 06:32:30.85	21251	10501	-94	-84	10
2015-08-03 06:55:20.71	21251	10501	-94	-84	10	19.1	93.41	3.683
2015-08-03 07:15:15.966	21251	10501	-94	-84	10	19.24	93.4	3.683
2015-08-03 07:59:52.246	21251	10501	-94	-86	10
2015-08-03 08:01:59.286	21251	10501	-94	-84	10	19.67	93.35	3.683
2015-08-03 08:06:01.151	21251	10501	-94	-84	10
2015-08-03 08:26:35.711	21251	10501	-94	-83	10	20.14	93.36	3.683
2015-08-03 09:29:57.111	21251	10501	-94	-86	10	21.08	93.28	3.683
2015-08-03 09:39:32.987	21251	10501	-94	-87	10
2015-08-03 09:42:44.262	21251	10501	-94	-88	10	21.47	93.2	3.683
2015-08-03 10:02:46.63	21251	10501	-94	-89	10
2015-08-03 10:19:11.242	21251	10501	-94	-84	10	22.36	93.13	3.672
2015-08-03 10:47:58.631	21251	10501	-94	-89	10	23.0	93.13	3.683
2015-08-03 11:13:05.57	21251	10501	-94	-87	10
2015-08-03 11:28:46.963	21251	10501	-94	-88	10	26.38	91.85	3.683
2015-08-03 11:52:38.582	21251	10501	-94	-86	10	26.27	92.33	3.683
2015-08-03 12:05:37.014	21251	10501	-94	-89	10
2015-08-03 12:31:59.534	21251	10501	-94	-86	10	28.05	92.17	3.683
2015-08-03 12:46:46.966	21251	10501	-94	-83	10
2015-08-03 13:18:06.387	21251	10501	-94	-85	10	31.22	90.66	3.694
2015-08-03 13:47:25.75	21251	10501	-94	-85	10	31.1	91.15	3.694
2015-08-03 17:12:21.547	21251	10501	-94	-91	19	24.49	92.24	3.694
2015-08-03 18:14:14.866	21251	10501	-94	-91	17
2015-08-03 18:16:37.37	21251	10501	-94	-89	17	23.75	91.53	3.683
2015-08-03 18:42:41.471	21251	10501	-94	-89	16	24.18	91.69	3.683
2015-08-03 19:00:39.766	21251	10501	-94	-86	10
2015-08-03 19:13:39.53	21251	10501	-94	-89	10	23.58	92.06	3.683
2015-08-03 19:55:56.91	21251	10501	-94	-89	10	22.78	92.37	3.683
2015-08-04 01:30:25.931	21251	10501	-94	-88	10	18.78	93.01	3.672
2015-08-04 02:24:33.635	21251	10501	-94	-86	10	18.32	93.16	3.661
2015-08-04 02:46:30.548	21251	10501	-94	-85	10	18.1	93.22	3.661
2015-08-04 03:16:54.879	21251	10501	-94	-84	10	17.99	93.21	3.661
2015-08-04 04:21:46.791	21251	10501	-94	-84	10
2015-08-04 04:33:55.163	21251	10501	-94	-83	10	17.22	93.26	3.661
2015-08-04 05:17:42.131	21251	10501	-94	-82	10	16.93	93.3	3.661
2015-08-04 11:13:29.506	21251	10501	-94	-84	10	24.58	91.38	3.661
2015-08-04 12:40:07.998	21251	10501	-94	-90	10
2015-08-04 13:19:19.85	21251	10501	-94	-87	10	31.94	89.35	3.672
2015-08-04 22:02:31.555	21251	10501	-94	-89	19	20.14	92.12	3.672
2015-08-04 22:19:04.762	21251	10501	-94	-90	16	19.88	92.15	3.661
2015-08-04 22:50:40.886	21251	10501	-94	-90	15	19.35	92.34	3.661
2015-08-04 23:53:55.902	21251	10501	-94	-90	19	18.25	92.53	3.661
2015-08-05 00:28:34.019	21251	10501	-94	-90	19	17.86	92.59	3.661
2015-08-05 00:37:38.942	21251	10501	-94	-90	19
2015-08-05 00:49:03.834	21251	10501	-94	-90	19	17.68	92.68	3.651
2015-08-05 00:57:30.482	21251	10501	-94	-90	19
2015-08-05 01:13:39.178	21251	10501	-94	-90	18	17.28	92.74	3.651
2015-08-05 01:52:52.662	21251	10501	-94	-90	18	17.18	92.73	3.651
2015-08-05 02:11:03.999	21251	10501	-94	-90	18
2015-08-05 06:17:44.742	21251	10501	-94	-88	16	15.39	93.2	3.64
2015-08-05 06:51:36.274	21251	10501	-94	-87	13
2015-08-05 06:56:50.518	21251	10501	-94	-89	11	15.25	93.21	3.64
2015-08-05 07:06:00.95	21251	10501	-94	-88	11
2015-08-05 07:23:26.594	21251	10501	-94	-88	11	15.64	93.18	3.64
2015-08-05 08:00:29.658	21251	10501	-94	-88	10	16.56	93.13	3.64
2015-08-05 08:16:10.818	21251	10501	-94	-89	10	17.13	93.12	3.64
2015-08-05 08:25:07.644	21251	10501	-94	-89	10
2015-08-05 09:08:56.583	21251	10501	-94	-93	10
2015-08-05 12:13:30.774	21251	10501	-94	-93	10	26.55	91.7	3.651
2015-08-05 14:17:57.738	21251	10501	-94	-90	38	28.4	90.15	3.661
2015-08-05 15:01:14.047	21251	10501	-94	-92	13	28.69	90.17	3.661
2015-08-05 15:24:36.034	21251	10501	-94	-93	13	29.65	89.76	3.661
2015-08-05 16:29:01.774	21251	10501	-94	-89	24	29.26	89.96	3.661
2015-08-05 19:19:52.306	21251	10501	-94	-90	13
2015-08-05 19:23:16.19	21251	10501	-94	-91	13
2015-08-05 20:26:25.43	21251	10501	-94	-89	12	21.11	91.77	3.651
2015-08-05 20:53:16.415	21251	10501	-94	-89	12
2015-08-05 20:59:45.906	21251	10501	-94	-89	12	19.96	91.85	3.651
2015-08-05 21:26:08.427	21251	10501	-94	-88	12
2015-08-05 21:29:40.167	21251	10501	-94	-89	11	19.25	91.95	3.651
2015-08-05 21:50:56.863	21251	10501	-94	-90	11	18.79	92.01	3.64
2015-08-05 22:18:02.567	21251	10501	-94	-89	11	18.22	92.09	3.64
2015-08-05 22:26:48.594	21251	10501	-94	-90	11
2015-08-05 22:56:48.131	21251	10501	-94	-90	11	17.67	92.18	3.64
2015-08-05 23:17:41.835	21251	10501	-94	-90	10	17.56	92.24	3.64
2015-08-05 23:29:00.818	21251	10501	-94	-89	10
2015-08-05 23:46:19.983	21251	10501	-94	-88	10	16.97	92.32	3.63
2015-08-06 00:00:20.927	21251	10501	-94	-89	10
2015-08-06 00:19:57.042	21251	10501	-94	-90	10	16.5	92.33	3.64
2015-08-06 00:55:41.395	21251	10501	-94	-90	10	16.32	92.42	3.63
2015-08-06 01:31:56.254	21251	10501	-94	-90	10
2015-08-06 01:32:00.171	21251	10501	-94	-90	10	16.07	92.49	3.619
2015-08-06 01:33:49.207	21251	10501	-94	-90	10
2015-08-06 01:53:16.334	21251	10501	-94	-90	10	15.85	92.57	3.63
2015-08-06 02:25:52.114	21251	10501	-94	-90	10	15.52	92.59	3.63
2015-08-06 02:44:40.37	21251	10501	-94	-91	10	15.0	92.66	3.63
2015-08-06 03:07:20.415	21251	10501	-94	-88	10
2015-08-06 03:19:44.199	21251	10501	-94	-90	10	14.47	92.59	3.63
2015-08-06 03:34:45.81	21251	10501	-94	-91	10
2015-08-06 03:56:01.315	21251	10501	-94	-90	10	14.36	92.58	3.619
2015-08-06 04:20:22.163	21251	10501	-94	-89	10	14.11	92.58	3.619
2015-08-06 04:40:51.478	21251	10501	-94	-88	10
2015-08-06 05:37:38.575	21251	10501	-94	-90	10
2015-08-06 06:27:26.71	21251	10501	-94	-89	10	13.53	92.67	3.619
2015-08-06 06:43:34.271	21251	10501	-94	-89	10	13.5	92.69	3.619
2015-08-06 07:25:30.934	21251	10501	-94	-90	10	13.77	92.62	3.619
2015-08-06 07:40:31.53	21251	10501	-94	-90	10
2015-08-06 07:45:47.89	21251	10501	-94	-89	10	14.04	92.63	3.619
2015-08-06 07:47:54.058	21251	10501	-94	-89	10
2015-08-06 08:23:33.662	21251	10501	-94	-90	10	15.32	92.48	3.609
2015-08-06 08:59:15.586	21251	10501	-94	-90	10	16.72	92.41	3.619
2015-08-06 09:52:01.51	21251	10501	-94	-91	10	18.04	92.37	3.609
2015-08-06 10:14:18.762	21251	10501	-94	-89	10	18.67	92.35	3.619
2015-08-06 10:53:18.483	21251	10501	-94	-91	10	20.07	92.17	3.619
2015-08-06 11:32:24.234	21251	10501	-94	-90	10	21.01	92.02	3.619
2015-08-06 14:23:53.87	21251	10501	-94	-88	10	21.65	92.0	3.619
2015-08-06 15:22:33.506	21251	10501	-94	-89	10	21.4	91.93	3.619
2015-08-06 15:51:07.718	21251	10501	-94	-87	10	21.36	91.92	3.619
2015-08-06 16:21:03.57	21251	10501	-94	-87	10	21.17	91.97	3.619
2015-08-06 16:45:34.899	21251	10501	-94	-89	10	21.26	91.99	3.619
2015-08-06 17:09:00.515	21251	10501	-94	-88	10
2015-08-06 17:22:08.478	21251	10501	-94	-87	10	21.33	91.94	3.619
2015-08-06 17:54:53.227	21251	10501	-94	-88	10
2015-08-06 18:03:47.35	21251	10501	-94	-88	10	21.29	92.09	3.619
2015-08-06 18:32:35.959	21251	10501	-94	-88	10	20.74	92.18	3.619
2015-08-06 18:42:33.666	21251	10501	-94	-88	10
2015-08-06 18:48:29.926	21251	10501	-94	-86	10	20.58	92.19	3.619
2015-08-06 19:32:20.882	21251	10501	-94	-88	10	21.0	92.11	3.619
2015-08-06 19:49:40.042	21251	10501	-94	-88	10	20.52	92.31	3.619
2015-08-06 19:57:45.982	21251	10501	-94	-88	10
2015-08-06 20:16:02.778	21251	10501	-94	-88	10
2015-08-06 20:32:32.891	21251	10501	-94	-88	10	19.0	92.54	3.619
2015-08-06 20:51:30.782	21251	10501	-94	-88	10	18.4	92.6	3.619
2015-08-06 21:30:37.726	21251	10501	-94	-88	10	17.29	92.65	3.619
2015-08-06 21:49:33.942	21251	10501	-94	-87	10
2015-08-06 21:51:17.318	21251	10501	-94	-88	10	16.85	92.65	3.609
2015-08-06 22:00:38.254	21251	10501	-94	-88	10
2015-08-06 22:20:54.702	21251	10501	-94	-88	10	16.54	92.61	3.609
2015-08-06 23:02:11.638	21251	10501	-94	-88	10	16.43	92.65	3.609
2015-08-06 23:16:12.491	21251	10501	-94	-88	10	16.45	92.68	3.609
2015-08-06 23:23:05.49	21251	10501	-94	-88	10
2015-08-06 23:46:39.587	21251	10501	-94	-88	10	16.29	92.73	3.609
2015-08-07 00:03:30.659	21251	10501	-94	-86	10
2015-08-07 00:13:05.587	21251	10501	-94	-88	10	16.25	92.74	3.609
2015-08-07 00:42:55.379	21251	10501	-94	-88	10	16.18	92.76	3.609
2015-08-07 00:56:36.299	21251	10501	-94	-87	10
2015-08-07 01:17:17.779	21251	10501	-94	-88	10	15.93	92.79	3.609
2015-08-07 01:53:46.447	21251	10501	-94	-86	10	15.64	92.8	3.598
2015-08-07 02:06:23.766	21251	10501	-94	-88	10
2015-08-07 02:28:14.182	21251	10501	-94	-88	10	15.08	92.86	3.598
2015-08-07 02:30:07.663	21251	10501	-94	-89	10
2015-08-07 02:53:58.871	21251	10501	-94	-88	10	14.82	92.81	3.598
2015-08-07 03:24:22.907	21251	10501	-94	-88	10	14.75	92.77	3.598
2015-08-07 04:01:12.947	21251	10501	-94	-88	10	14.45	92.82	3.598
2015-08-07 06:17:11.398	21251	10501	-94	-87	10	13.92	92.86	3.598
2015-08-07 07:03:05.238	21251	10501	-94	-88	10	13.92	92.82	3.598
2015-08-07 07:16:08.675	21251	10501	-94	-87	10	14.07	92.81	3.588
2015-08-07 10:00:01.727	21251	10501	-94	-87	10	19.18	92.32	3.598
2015-08-07 10:17:51.778	21251	10501	-94	-84	10
2015-08-07 10:17:54.002	21251	10501	-94	-88	10
2015-08-07 10:27:36.255	21251	10501	-94	-87	10	20.5	92.24	3.588
2015-08-07 10:43:57.355	21251	10501	-94	-89	10	21.65	91.83	3.598
2015-08-07 11:27:48.587	21251	10501	-94	-86	10	26.05	90.15	3.598
2015-08-07 11:56:18.211	21251	10501	-94	-88	10	25.71	90.96	3.609
2015-08-07 12:34:13.294	21251	10501	-94	-88	10	26.52	90.87	3.609
2015-08-07 13:16:49.57	21251	10501	-94	-90	10	26.61	90.7	3.609
2015-08-07 13:55:12.142	21251	10501	-94	-85	10	25.44	90.95	3.609
2015-08-07 14:31:44.283	21251	10501	-94	-84	10	25.24	90.92	3.609
2015-08-07 14:58:16.707	21251	10501	-94	-87	10
2015-08-07 15:55:53.075	21251	10501	-94	-87	10	25.46	91.0	3.609
2015-08-07 16:26:31.07	21251	10501	-94	-87	10
2015-08-07 16:31:49.083	21251	10501	-94	-86	10
2015-08-07 16:33:40.558	21251	10501	-94	-86	10	24.71	91.25	3.609
2015-08-07 17:15:42.318	21251	10501	-94	-86	10	23.94	91.34	3.609
2015-08-07 17:56:52.05	21251	10501	-94	-87	10	23.89	91.43	3.609
2015-08-07 18:20:17.731	21251	10501	-94	-86	10	23.86	91.42	3.609
2015-08-07 18:43:17.51	21251	10501	-94	-86	10	23.84	91.48	3.609
2015-08-07 19:38:51.038	21251	10501	-94	-88	10
2015-08-07 20:32:17.718	21251	10501	-94	-87	10
2015-08-07 20:51:37.311	21251	10501	-94	-88	10	21.53	92.08	3.598
2015-08-07 21:19:56.47	21251	10501	-94	-88	10	20.75	92.16	3.609
2015-08-07 22:12:40.115	21251	10501	-94	-87	10	19.57	92.3	3.598
2015-08-07 22:45:52.631	21251	10501	-94	-88	10
2015-08-07 23:20:12.847	21251	10501	-94	-88	10	18.57	92.41	3.598
2015-08-08 00:19:23.874	21251	10501	-94	-88	10
2015-08-08 00:38:02.443	21251	10501	-94	-88	10
2015-08-08 01:26:44.05	21251	10501	-94	-88	10	17.29	92.58	3.588
2015-08-08 02:03:48.854	21251	10501	-94	-88	10	17.38	92.56	3.588
2015-08-08 02:40:54.734	21251	10501	-94	-88	10
2015-08-08 03:24:05.322	21251	10501	-94	-87	10	17.14	92.7	3.588
2015-08-08 03:49:39.278	21251	10501	-94	-88	10	17.18	92.73	3.578
2015-08-08 04:43:46.919	21251	10501	-94	-88	10
2015-08-08 04:59:57.911	21251	10501	-94	-88	10
2015-08-08 05:46:14.29	21251	10501	-94	-87	10	17.06	92.88	3.578
2015-08-08 06:33:28.366	21251	10501	-94	-87	10
2015-08-08 06:54:53.53	21251	10501	-94	-86	10	16.82	92.89	3.578
2015-08-08 07:50:40.858	21251	10501	-94	-88	10	17.0	92.85	3.578
2015-08-08 08:26:34.058	21251	10501	-94	-88	10	17.7	92.78	3.578
2015-08-08 08:56:15.239	21251	10501	-94	-88	10	18.72	92.63	3.578
2015-08-08 09:40:30.795	21251	10501	-94	-87	10
2015-08-08 09:52:43.094	21251	10501	-94	-86	10	21.26	92.41	3.578
2015-08-08 10:23:32.854	21251	10501	-94	-86	10	22.78	92.3	3.578
2015-08-08 10:46:23.102	21251	10501	-94	-88	10	23.9	92.02	3.578
2015-08-08 10:52:23.626	21251	10501	-94	-85	10
2015-08-08 11:14:01.319	21251	10501	-94	-86	10
2015-08-08 12:47:32.671	21251	10501	-94	-87	10
2015-08-08 12:48:05.535	21251	10501	-94	-86	10	28.49	90.79	3.588
2015-08-08 12:55:16.499	21251	10501	-94	-85	10
2015-08-08 13:20:53.951	21251	10501	-94	-85	10	29.82	90.5	3.588
2015-08-08 13:46:15.579	21251	10501	-94	-84	10	33.22	88.32	3.598
2015-08-08 14:21:03.85	21251	10501	-94	-86	10
2015-08-08 14:22:44.854	21251	10501	-94	-84	10	30.65	89.9	3.588
2015-08-08 14:58:10.018	21251	10501	-94	-84	10
2015-08-08 15:54:35.698	21251	10501	-94	-83	10
2015-08-08 16:14:01.627	21251	10501	-94	-87	10	28.66	90.17	3.598
2015-08-08 17:01:01.994	21251	10501	-94	-84	10
2015-08-08 17:28:06.278	21251	10501	-94	-84	10
2015-08-08 18:29:03.974	21251	10501	-94	-84	10	25.22	91.04	3.598
2015-08-08 19:01:37.723	21251	10501	-94	-86	10
2015-08-08 19:16:52.594	21251	10501	-94	-86	10	24.1	91.19	3.588
2015-08-08 20:22:54.191	21251	10501	-94	-85	10	23.15	91.39	3.588
2015-08-08 20:51:03.554	21251	10501	-94	-84	10	22.56	91.54	3.588
2015-08-08 21:16:08.967	21251	10501	-94	-85	10	22.09	91.59	3.588
2015-08-08 22:08:39.839	21251	10501	-94	-86	10
2015-08-08 22:47:49.67	21251	10501	-94	-85	10	20.94	91.72	3.578
2015-08-08 23:09:40.118	21251	10501	-94	-85	10
2015-08-08 23:27:30.942	21251	10501	-94	-85	10	20.47	91.75	3.578
2015-08-08 23:42:10.366	21251	10501	-94	-85	10
2015-08-08 23:45:03.454	21251	10501	-94	-84	10	20.36	91.77	3.578
2015-08-09 00:13:34.966	21251	10501	-94	-86	10	20.29	91.75	3.578
2015-08-09 01:15:44.659	21251	10501	-94	-85	10
2015-08-09 01:28:59.75	21251	10501	-94	-85	10	19.96	91.8	3.567
2015-08-09 02:17:11.407	21251	10501	-94	-85	10	19.75	91.8	3.567
2015-08-09 02:51:23.474	21251	10501	-94	-84	10	19.71	91.83	3.567
2015-08-09 03:30:55.562	21251	10501	-94	-85	10	19.52	91.87	3.567
2015-08-09 03:44:24.612	21251	10501	-94	-84	10	19.39	91.89	3.557
2015-08-09 04:15:17.402	21251	10501	-94	-85	10	19.18	91.93	3.557
2015-08-09 04:22:44.443	21251	10501	-94	-85	10
2015-08-09 04:42:44.178	21251	10501	-94	-85	10	18.95	91.96	3.567
2015-08-09 05:17:40.99	21251	10501	-94	-85	10	18.74	91.97	3.557
2015-08-09 05:18:17.218	21251	10501	-94	-84	10
2015-08-09 05:56:16.51	21251	10501	-94	-86	10
2015-08-09 06:45:42.159	21251	10501	-94	-85	10	18.11	92.0	3.557
2015-08-09 07:29:17.722	21251	10501	-94	-84	10	18.24	91.94	3.557
2015-08-09 07:49:08.202	21251	10501	-94	-86	10	18.36	91.92	3.547
2015-08-09 08:27:58.931	21251	10501	-94	-86	10	18.97	91.83	3.557
2015-08-09 08:45:59.01	21251	10501	-94	-86	10	19.52	91.74	3.557
2015-08-09 09:03:18.09	21251	10501	-94	-87	10
2015-08-09 09:24:02.214	21251	10501	-94	-84	10
2015-08-09 09:33:18.598	21251	10501	-94	-86	10	21.42	91.52	3.547
2015-08-09 09:45:57.419	21251	10501	-94	-84	10	22.06	91.47	3.557
2015-08-09 10:29:10.343	21251	10501	-94	-84	10	24.15	91.28	3.557
2015-08-09 10:36:48.526	21251	10501	-94	-85	10
2015-08-09 11:03:47.439	21251	10501	-94	-88	10	25.8	90.94	3.557
2015-08-09 11:18:05.778	21251	10501	-94	-87	10	26.77	90.45	3.557
2015-08-09 11:26:54.279	21251	10501	-94	-86	10
2015-08-09 11:58:02.579	21251	10501	-94	-90	10	29.91	89.02	3.567
2015-08-09 12:10:20.066	21251	10501	-94	-89	10
2015-08-09 12:21:06.767	21251	10501	-94	-87	10	29.51	89.23	3.567
2015-08-09 13:03:26.526	21251	10501	-94	-88	10	31.63	88.31	3.567
2015-08-09 13:29:47.699	21251	10501	-94	-89	10
2015-08-09 13:55:48.05	21251	10501	-94	-87	10	33.15	86.64	3.567
2015-08-09 14:52:31.194	21251	10501	-94	-89	10	28.91	88.73	3.578
2015-08-09 15:17:22.122	21251	10501	-94	-88	10
2015-08-09 15:52:04.038	21251	10501	-94	-86	10	32.18	87.97	3.578
2015-08-09 16:50:38.65	21251	10501	-94	-88	10	29.97	88.84	3.567
2015-08-09 17:33:17.978	21251	10501	-94	-88	10	29.58	88.84	3.567
2015-08-09 17:57:33.119	21251	10501	-94	-88	10	28.77	89.1	3.578
2015-08-09 18:24:26.694	21251	10501	-94	-88	10
2015-08-09 19:20:23.723	21251	10501	-94	-86	10	26.32	89.68	3.567
2015-08-09 19:57:55.591	21251	10501	-94	-86	10
2015-08-09 20:12:33.183	21251	10501	-94	-88	10	24.61	90.05	3.567
2015-08-09 21:23:57.574	21251	10501	-94	-86	10	22.75	90.43	3.557
2015-08-09 21:41:17.382	21251	10501	-94	-88	10
2015-08-09 22:17:26.254	21251	10501	-94	-87	10	21.72	90.6	3.557
2015-08-09 23:04:57.351	21251	10501	-94	-87	10
2015-08-09 23:44:11.723	21251	10501	-94	-87	10
2015-08-10 00:29:17.791	21251	10501	-94	-88	10	20.75	90.88	3.547
2015-08-10 00:38:28.767	21251	10501	-94	-88	10
2015-08-10 01:03:23.971	21251	10501	-94	-87	10	20.57	90.95	3.537
2015-08-10 01:33:02.694	21251	10501	-94	-87	10	20.38	90.98	3.537
2015-08-10 01:47:05.415	21251	10501	-94	-88	10
2015-08-10 02:00:11.458	21251	10501	-94	-86	10	20.24	91.08	3.537
2015-08-10 02:11:59.319	21251	10501	-94	-88	10
2015-08-10 02:31:39.478	21251	10501	-94	-88	10	19.88	91.13	3.537
2015-08-10 02:48:13.65	21251	10501	-94	-86	10	19.68	91.15	3.537
2015-08-10 03:17:01.258	21251	10501	-94	-88	10	19.39	91.2	3.527
2015-08-10 03:45:30.842	21251	10501	-94	-88	10
2015-08-10 03:49:54.446	21251	10501	-94	-88	10
2015-08-10 03:52:51.014	21251	10501	-94	-88	10	19.0	91.19	3.527
2015-08-10 04:34:05.275	21251	10501	-94	-88	10	18.72	91.16	3.527
2015-08-10 05:02:51.914	21251	10501	-94	-88	10	18.6	91.18	3.517
2015-08-10 05:19:02.135	21251	10501	-94	-89	10
2015-08-10 05:23:30.718	21251	10501	-94	-87	10	18.56	91.17	3.527
2015-08-10 05:52:50.767	21251	10501	-94	-88	10
2015-08-10 06:18:00.615	21251	10501	-94	-88	10	18.39	91.22	3.527
2015-08-10 06:44:07.53	21251	10501	-94	-89	10	18.22	91.25	3.517
2015-08-10 06:52:33.93	21251	10501	-94	-88	10
2015-08-10 07:55:40.782	21251	10501	-94	-87	10
2015-08-10 08:26:07.255	21251	10501	-94	-89	10
2015-08-10 08:46:41.799	21251	10501	-94	-88	10	20.32	90.92	3.517
2015-08-10 09:58:32.766	21251	10501	-94	-86	10
2015-08-10 10:00:24.595	21251	10501	-94	-86	10	23.86	90.61	3.517
2015-08-10 10:50:23.187	21251	10501	-94	-87	10	26.9	90.19	3.517
2015-08-10 11:33:06.782	21251	10501	-94	-89	10
2015-08-10 12:01:44.751	21251	10501	-94	-87	10	29.66	88.91	3.527
2015-08-10 12:54:08.73	21251	10501	-94	-87	10	26.82	89.31	3.527
2015-08-10 13:20:42.347	21251	10501	-94	-86	10	26.44	89.37	3.527
2015-08-10 14:04:17.522	21251	10501	-94	-88	10
2015-08-10 14:40:09.23	21251	10501	-94	-86	10
2015-08-10 16:13:40.374	21251	10501	-94	-88	10
2015-08-10 17:32:50.519	21251	10501	-94	-88	10	26.88	89.72	3.517
2015-08-10 17:48:37.082	21251	10501	-94	-88	10	26.38	89.91	3.527
2015-08-10 18:15:46.458	21251	10501	-94	-87	10	26.27	89.87	3.517
2015-08-10 19:20:42.018	21251	10501	-94	-88	10
2015-08-10 19:58:43.774	21251	10501	-94	-88	10	24.88	90.28	3.517
2015-08-10 20:29:55.746	21251	10501	-94	-89	10	24.21	90.38	3.517
2015-08-10 20:54:14.027	21251	10501	-94	-87	10
2015-08-10 22:02:45.386	21251	10501	-94	-87	10	23.9	90.52	3.507
2015-08-10 22:17:51.875	21251	10501	-94	-89	10	23.82	90.55	3.507
2015-08-10 22:48:32.766	21251	10501	-94	-87	10	23.54	90.6	3.507
2015-08-10 23:27:36.398	21251	10501	-94	-86	10	23.14	90.65	3.498
2015-08-11 00:01:16.106	21251	10501	-94	-87	10
2015-08-11 00:29:15.098	21251	10501	-94	-87	10	21.7	90.84	3.498
2015-08-11 01:21:10.303	21251	10501	-94	-88	10	21.36	90.85	3.498
2015-08-11 01:48:25.506	21251	10501	-94	-90	10	21.28	90.87	3.498
2015-08-11 02:21:32.147	21251	10501	-94	-86	10
2015-08-11 03:08:19.983	21251	10501	-94	-84	10
2015-08-11 03:52:11.951	21251	10501	-94	-85	10	20.83	91.07	3.488
2015-08-11 04:31:36.834	21251	10501	-94	-85	10	20.46	91.09	3.488
2015-08-11 04:58:35.546	21251	10501	-94	-86	10	20.36	91.04	3.478
2015-08-11 05:58:47.902	21251	10501	-94	-87	10	20.47	91.07	3.478
2015-08-11 06:23:20.144	21251	10501	-94	-88	10	20.47	91.05	3.478
2015-08-11 06:49:39.53	21251	10501	-94	-87	10	20.43	91.08	3.478
2015-08-11 07:48:53.399	21251	10501	-94	-84	10
2015-08-11 08:30:11.206	21251	10501	-94	-89	10
2015-08-11 09:17:17.694	21251	10501	-94	-89	10	20.76	91.02	3.459
2015-08-11 09:53:38.235	21251	10501	-94	-88	10	21.24	90.96	3.469
2015-08-11 10:33:02.827	21251	10501	-94	-90	10
2015-08-11 10:55:55.062	21251	10501	-94	-88	10
2015-08-11 11:43:41.943	21251	10501	-94	-87	10	28.74	88.04	3.469
2015-08-11 12:29:25.554	21251	10501	-94	-86	10
2015-08-11 12:52:10.319	21251	10501	-94	-90	10	28.63	88.57	3.478
2015-08-11 13:20:47.926	21251	10501	-94	-92	10	30.3	87.65	3.478
2015-08-11 13:57:29.221	21251	10501	-94	-88	10	28.96	87.94	3.478
2015-08-11 15:36:28.699	21251	10501	-94	-86	10
2015-08-11 16:25:11.178	21251	10501	-94	-87	10	28.04	88.38	3.469
2015-08-11 16:51:23.518	21251	10501	-94	-87	10	28.22	88.57	3.469
2015-08-11 17:12:59.723	21251	10501	-94	-89	10	28.16	88.56	3.469
2015-08-11 18:19:45.231	21251	10501	-94	-87	10	25.4	89.16	3.469
2015-08-11 18:44:32.646	21251	10501	-94	-88	10
2015-08-11 19:27:34.259	21251	10501	-94	-89	10	24.1	89.36	3.459
2015-08-11 19:47:41.718	21251	10501	-94	-89	10	23.4	89.49	3.459
2015-08-11 20:24:23.019	21251	10501	-94	-87	10	22.11	89.66	3.45
2015-08-11 23:24:29.684	21251	10501	-94	-87	10
2015-08-12 15:02:27.19	21251	10501	-94	-86	10	24.15	87.79	3.403
2015-08-12 15:24:04.028	21251	10501	-94	-90	10	26.08	87.47	3.393
2015-08-12 16:21:40.602	21251	10501	-94	-88	10	24.86	88.42	3.393
2015-08-12 16:55:36.623	21251	10501	-94	-86	10	24.34	88.54	3.393
2015-08-12 17:26:50.994	21251	10501	-94	-86	10	24.66	88.52	3.384
2015-08-12 18:06:16.459	21251	10501	-94	-91	10
2015-08-12 18:47:12.862	21251	10501	-94	-92	10	23.18	89.05	3.375
2015-08-12 19:22:33.586	21251	10501	-94	-89	10	22.44	89.16	3.375
2015-08-12 19:57:49.828	21251	10501	-94	-91	10	21.18	89.4	3.366
2015-08-12 20:54:21.195	21251	10501	-94	-89	10	19.18	89.65	3.366
2015-08-12 21:16:01.582	21251	10501	-94	-88	10	18.52	89.72	3.357
2015-08-12 21:46:19.651	21251	10501	-94	-89	10	17.7	89.77	3.357
2015-08-12 22:46:54.079	21251	10501	-94	-89	10
2015-08-12 23:24:47.867	21251	10501	-94	-89	10
2015-08-13 00:04:50.947	21251	10501	-94	-88	10	15.5	90.13	3.339
2015-08-13 00:32:45.455	21251	10501	-94	-89	10	14.81	90.23	3.33
2015-08-13 01:25:05.499	21251	10501	-94	-89	10	13.88	90.29	3.321
2015-08-13 01:53:51.798	21251	10501	-94	-89	10
2015-08-14 08:10:48.607	21251	10501	-94	-88	10
2015-08-14 08:56:30.15	21251	10501	-94	-88	10	17.68	90.07	3.061
2015-08-14 09:15:01.763	21251	10501	-94	-90	10	18.54	90.01	3.061
2015-08-14 10:13:46.299	21251	10501	-94	-89	10
2015-08-14 10:43:47.53	21251	10501	-94	-91	10	23.06	89.69	3.01
2015-08-14 12:23:20.746	21251	10501	-94	-86	10	28.52	88.59	4.052
2015-08-28 12:35:55.45	21251	10501	-94	-89	10	27.1	89.82	3.818
2015-08-31 14:10:11.578	21251	10501	-94	-93	10	33.72	87.24	3.829
2015-08-31 15:34:58.819	21251	10501	-94	-89	10
2015-08-31 16:09:25.034	21251	10501	-94	-90	10	33.94	87.24	3.841
