result_time	node_id	parent_id	stats_frssi	stats_brssi	etx	temperature	humidity	voltage
2015-07-17 15:51:01.022	21411	10501	-88	-91	16	29.0	74.27	3.779
2015-07-17 15:52:13.022	21411	10501	-88	-88	16	29.18	75.7	3.779
2015-07-17 17:14:10.715	21411	10501	-88	-97	15	27.72	84.29	3.767
2015-07-17 19:07:25.13	21411	10501	-88	-85	12	27.77	83.83	3.754
2015-07-17 20:33:12.575	21411	10501	-88	-97	11	26.83	82.84	3.742
2015-07-17 21:32:26.566	21411	10501	-88	-97	10	26.24	82.59	3.742
2015-07-17 22:16:10.9	21411	10501	-88	-88	10
2015-07-17 23:44:17.563	21411	10501	-88	-97	10
2015-07-18 01:10:42.271	21411	10501	-88	-97	10	24.88	82.11	3.742
2015-07-18 04:11:22.638	21411	10501	-91	-97	10	24.55	81.83	3.729
2015-07-18 04:34:21.744	21411	10501	-88	-88	10	24.41	81.72	3.742
2015-07-18 04:41:56.359	21411	10501	-88	-88	10
2015-07-18 05:10:22.291	21411	10501	-88	-97	10	24.19	81.54	3.729
2015-07-18 06:18:22.939	21411	10501	-91	-97	10
2015-07-18 07:38:10.606	21411	10501	-91	-97	10
2015-07-18 07:54:49.078	21411	10501	-88	-88	10
2015-07-18 09:24:17.195	21411	10501	-91	-97	10	25.38	81.7	3.729
2015-07-18 09:58:17.655	21411	10501	-88	-88	10	26.19	81.84	3.729
2015-07-18 10:33:17.987	21411	10501	-88	-91	10	27.63	81.12	3.729
2015-07-18 11:07:42.93	21411	10501	-91	-97	10
2015-07-18 12:59:20.987	21411	10501	-91	-97	10	30.11	81.62	3.742
2015-07-18 15:01:55.446	21411	10501	-91	-88	10	31.91	82.11	3.742
2015-07-18 17:33:28.803	21411	10501	-91	-97	10
2015-07-18 17:36:23.067	21411	10501	-91	-97	10	31.96	81.5	3.742
2015-07-18 18:03:43.687	21411	10501	-88	-97	10	32.0	81.67	3.742
2015-07-18 19:29:00.998	21411	10501	-88	-97	10
2015-07-18 20:13:45.631	21411	10501	-91	-97	10	28.66	79.25	3.729
2015-07-18 20:53:24.914	21411	10501	-88	-88	10	27.33	78.95	3.742
2015-07-18 21:25:22.195	21411	10501	-91	-97	10	26.68	78.79	3.729
2015-07-18 23:08:51.594	21411	10501	-91	-88	10	25.57	78.99	3.729
2015-07-18 23:29:21.594	21411	10501	-88	-97	10	25.55	79.01	3.729
2015-07-19 00:15:21.542	21411	10501	-91	-88	10	25.38	79.08	3.729
2015-07-19 00:35:53.074	21411	10501	-88	-88	10	25.15	79.09	3.729
2015-07-19 01:05:59.458	21411	10501	-88	-97	10	25.02	79.08	3.729
2015-07-19 03:22:54.658	21411	10501	-91	-88	10
2015-07-19 03:34:31.883	21411	10501	-88	-97	10	24.15	78.98	3.717
2015-07-19 04:28:12.415	21411	10501	-91	-97	10	23.78	79.07	3.729
2015-07-19 04:48:33.891	21411	10501	-91	-97	10
2015-07-19 04:55:57.479	21411	10501	-88	-97	10	23.9	79.01	3.729
2015-07-19 05:27:34.206	21411	10501	-88	-97	10	23.75	79.03	3.729
2015-07-19 06:05:30.287	21411	10501	-91	-97	10	23.44	78.94	3.717
2015-07-19 06:25:00.847	21411	10501	-91	-97	10
2015-07-19 06:44:22.711	21411	10501	-88	-97	10	23.27	78.99	3.717
2015-07-19 07:02:30.858	21411	10501	-91	-97	10	23.22	78.98	3.729
2015-07-19 07:19:50.508	21411	10501	-88	-97	10
2015-07-19 07:42:15.787	21411	10501	-91	-97	10	23.5	79.09	3.717
2015-07-19 08:42:14.834	21411	10501	-94	-88	10	24.34	79.45	3.717
2015-07-19 08:54:51.41	21411	10501	-91	-97	10	24.55	79.39	3.729
2015-07-19 09:23:33.439	21411	10501	-88	-97	10	25.19	79.73	3.717
2015-07-19 09:55:07.606	21411	10501	-88	-88	10	26.29	79.94	3.717
2015-07-19 10:33:44.439	21411	10501	-91	-97	10	26.91	79.72	3.717
2015-07-19 11:01:16.387	21411	10501	-91	-97	10	27.91	79.79	3.729
2015-07-19 12:36:49.646	21411	10501	-91	-97	10	30.93	79.28	3.729
2015-07-19 13:14:31.019	21411	10501	-91	-97	10	31.27	79.98	3.729
2015-07-19 13:39:12.711	21411	10501	-91	-88	10	31.43	79.85	3.729
2015-07-19 14:24:52.811	21411	10501	-88	-97	10	31.85	79.99	3.729
2015-07-19 15:13:46.242	21411	10501	-88	-97	10
2015-07-19 17:14:01.758	21411	10501	-88	-97	10	31.6	79.85	3.729
2015-07-19 18:33:31.075	21411	10501	-94	-91	10	29.97	78.7	3.729
2015-07-19 19:16:31.946	21411	10501	-88	-97	10
2015-07-19 22:29:26.587	21411	10501	-91	-91	10
2015-07-19 23:07:37.123	21411	10501	-91	-97	10
2015-07-20 00:05:52.574	21411	10501	-88	-91	10
2015-07-20 02:01:44.554	21411	10501	-91	-88	10	23.15	77.95	3.717
2015-07-20 03:18:43.959	21411	10501	-91	-97	10
2015-07-20 04:55:12.754	21411	10501	-88	-88	10
2015-07-20 04:56:00.874	21411	10501	-91	-97	10	21.92	77.96	3.717
2015-07-20 05:56:39.839	21411	10501	-88	-88	10	21.31	77.94	3.717
2015-07-20 06:31:37.607	21411	10501	-88	-97	10
2015-07-20 07:14:19.191	21411	10501	-91	-88	10	21.4	78.23	3.705
2015-07-20 08:08:04.151	21411	10501	-94	-91	10
2015-07-20 08:59:45.651	21411	10501	-91	-88	10	22.86	78.79	3.717
2015-07-20 11:41:21.982	21411	10501	-91	-88	10	27.11	79.47	3.717
2015-07-20 12:41:11.274	21411	10501	-88	-91	10	29.19	78.05	3.717
2015-07-20 14:35:54.662	21411	10501	-88	-97	10	30.88	80.06	3.717
2015-07-20 14:55:24.107	21411	10501	-88	-88	10
2015-07-20 15:06:57.346	21411	10501	-88	-85	10	31.05	80.61	3.717
2015-07-20 16:10:27.97	21411	10501	-85	-97	10
2015-07-20 19:23:09.754	21411	10501	-91	-97	10
2015-07-20 21:01:51.443	21411	10501	-88	-97	10	26.24	77.15	3.717
2015-07-20 21:30:04.871	21411	10501	-88	-88	10	25.24	77.25	3.717
2015-07-20 22:13:45.843	21411	10501	-91	-97	10	24.26	77.21	3.717
2015-07-20 22:49:17.203	21411	10501	-88	-97	10
2015-07-21 00:14:56.959	21411	10501	-88	-97	10	23.5	77.62	3.717
2015-07-21 02:10:44.43	21411	10501	-94	-97	10	22.6	77.41	3.717
2015-07-21 02:24:11.599	21411	10501	-94	-97	10	21.76	77.35	3.729
2015-07-21 02:55:20.794	21411	10501	-94	-97	10	21.47	77.31	3.717
2015-07-21 03:25:22.151	21411	10501	-94	-97	10
2015-07-21 04:37:06.526	21411	10501	-94	-97	10	21.68	77.78	3.705
2015-07-21 04:55:18.646	21411	10501	-91	-97	10	21.56	77.78	3.717
2015-07-21 05:01:48.667	21411	10501	-91	-97	10
2015-07-21 05:34:18.582	21411	10501	-94	-97	10	21.38	77.75	3.705
2015-07-21 06:07:24.69	21411	10501	-94	-97	10	21.1	77.69	3.705
2015-07-21 06:26:43.499	21411	10501	-91	-97	10	21.0	77.67	3.717
2015-07-21 06:38:15.598	21411	10501	-91	-97	10
2015-07-21 06:43:10.075	21411	10501	-91	-97	10
2015-07-21 06:57:36.299	21411	10501	-94	-97	10	20.97	77.72	3.705
2015-07-21 07:40:24.406	21411	10501	-91	-97	10	21.2	77.84	3.705
2015-07-21 08:12:55.534	21411	10501	-91	-97	10	21.74	78.03	3.705
2015-07-21 08:14:41.979	21411	10501	-94	-97	10
2015-07-21 08:28:05.278	21411	10501	-91	-97	10	21.86	78.11	3.717
2015-07-21 09:01:19.702	21411	10501	-94	-91	10	22.43	78.23	3.705
2015-07-21 09:29:56.175	21411	10501	-94	-97	10	22.89	78.3	3.705
2015-07-21 09:51:07.855	21411	10501	-91	-97	10
2015-07-21 10:01:33.248	21411	10501	-94	-97	10	23.65	78.54	3.705
2015-07-21 10:29:24.431	21411	10501	-91	-97	10	25.27	77.8	3.717
2015-07-21 10:40:06.855	21411	10501	-94	-94	10
2015-07-21 11:27:39.382	21411	10501	-91	-88	10
2015-07-21 14:01:16.556	21411	10501	-91	-97	10	27.02	77.99	3.717
2015-07-21 14:40:27.05	21411	10501	-88	-88	10
2015-07-21 14:41:53.394	21411	10501	-91	-97	10	24.91	77.88	3.705
2015-07-21 15:07:46.342	21411	10501	-91	-97	10	23.4	77.52	3.717
2015-07-21 15:38:09.766	21411	10501	-91	-97	10	22.54	77.29	3.717
2015-07-21 16:15:20.703	21411	10501	-91	-88	10	23.11	77.84	3.705
2015-07-21 16:16:53.754	21411	10501	-91	-97	10
2015-07-21 16:28:14.034	21411	10501	-88	-97	10	24.32	79.15	3.717
2015-07-21 17:09:10.074	21411	10501	-91	-97	10	26.55	82.08	3.717
2015-07-21 17:37:14.678	21411	10501	-88	-97	10	25.55	80.29	3.717
2015-07-21 17:53:20.154	21411	10501	-91	-97	10
2015-07-21 18:34:01.075	21411	10501	-88	-97	10
2015-07-21 19:03:25.814	21411	10501	-88	-97	10	25.1	78.91	3.717
2015-07-21 19:29:46.803	21411	10501	-91	-97	10
2015-07-21 19:32:59.542	21411	10501	-91	-91	10	24.47	78.52	3.717
2015-07-21 19:53:43.63	21411	10501	-88	-97	10	23.99	78.07	3.717
2015-07-21 20:53:30.475	21411	10501	-91	-97	10	22.22	77.17	3.717
2015-07-21 21:06:13.918	21411	10501	-91	-88	10
2015-07-21 21:34:23.158	21411	10501	-91	-97	10	21.11	76.95	3.705
2015-07-21 22:02:00.63	21411	10501	-88	-97	10	20.36	76.88	3.705
2015-07-21 22:25:06.234	21411	10501	-88	-97	10	19.74	76.67	3.717
2015-07-21 22:30:57.766	21411	10501	-88	-97	10
2015-07-21 22:42:40.546	21411	10501	-88	-97	10
2015-07-21 23:10:24.119	21411	10501	-88	-97	10	18.08	76.7	3.705
2015-07-21 23:44:32.898	21411	10501	-88	-88	10	17.29	76.56	3.705
2015-07-22 00:10:53.226	21411	10501	-88	-97	10	16.79	76.67	3.705
2015-07-22 00:19:06.706	21411	10501	-88	-97	10
2015-07-22 00:43:57.654	21411	10501	-88	-97	10	16.35	76.61	3.705
2015-07-22 01:10:27.839	21411	10501	-88	-97	10	16.07	76.73	3.705
2015-07-22 01:41:05.054	21411	10501	-88	-97	10	15.68	76.73	3.705
2015-07-22 01:55:33.027	21411	10501	-91	-97	10
2015-07-22 02:10:06.39	21411	10501	-88	-97	10	15.5	76.85	3.705
2015-07-22 02:23:40.706	21411	10501	-91	-97	10	15.33	76.79	3.717
2015-07-22 02:27:52.894	21411	10501	-88	-97	10
2015-07-22 02:55:08.494	21411	10501	-91	-97	10	15.0	76.87	3.705
2015-07-22 03:27:18.606	21411	10501	-88	-97	10	14.72	77.02	3.705
2015-07-22 03:31:59.302	21411	10501	-88	-97	10
2015-07-22 03:56:27.11	21411	10501	-88	-97	10	14.68	77.06	3.705
2015-07-22 04:25:10.582	21411	10501	-88	-97	10	14.43	77.09	3.705
2015-07-22 05:03:49.947	21411	10501	-91	-88	10	14.72	77.28	3.705
2015-07-22 05:08:25.47	21411	10501	-91	-97	10
2015-07-22 05:36:20.29	21411	10501	-91	-97	10	14.56	77.45	3.705
2015-07-22 05:57:53.778	21411	10501	-88	-97	10	14.72	77.48	3.705
2015-07-22 06:24:50.423	21411	10501	-88	-97	10
2015-07-22 06:42:26.267	21411	10501	-91	-91	10	14.72	77.46	3.693
2015-07-22 06:44:52.055	21411	10501	-88	-97	10
2015-07-22 07:03:03.218	21411	10501	-88	-97	10	14.79	77.65	3.705
2015-07-22 07:34:06.238	21411	10501	-91	-97	10	15.32	77.77	3.705
2015-07-22 08:06:06.639	21411	10501	-88	-88	10	16.0	78.01	3.705
2015-07-22 08:21:19.243	21411	10501	-88	-97	10
2015-07-22 08:25:45.615	21411	10501	-88	-97	10	16.43	78.18	3.705
2015-07-22 09:09:16.446	21411	10501	-91	-88	10	17.82	78.63	3.693
2015-07-22 09:43:36.967	21411	10501	-91	-97	10	19.06	78.99	3.705
2015-07-22 09:57:45.395	21411	10501	-88	-97	10
2015-07-22 10:01:25.407	21411	10501	-91	-97	10	19.64	79.14	3.705
2015-07-22 10:21:56.031	21411	10501	-88	-97	10
2015-07-22 10:26:44.703	21411	10501	-88	-97	10	20.83	79.26	3.705
2015-07-22 10:54:53.423	21411	10501	-88	-97	10	21.61	79.11	3.705
2015-07-22 11:59:52.939	21411	10501	-88	-97	10	24.04	78.64	3.705
2015-07-22 14:18:45.223	21411	10501	-88	-85	10
2015-07-22 16:23:32.267	21411	10501	-88	-97	10
2015-07-22 17:59:57.547	21411	10501	-88	-97	10
2015-07-22 18:07:49.219	21411	10501	-91	-97	10	24.76	79.35	3.705
2015-07-22 18:15:39.947	21411	10501	-91	-97	10
2015-07-22 19:36:24.922	21411	10501	-88	-97	10
2015-07-22 20:36:17.063	21411	10501	-88	-97	10	21.49	77.05	3.705
2015-07-22 21:03:20.742	21411	10501	-91	-88	10	20.83	77.0	3.705
2015-07-22 21:12:50.927	21411	10501	-91	-97	10
2015-07-22 21:36:17.895	21411	10501	-91	-97	10	20.14	76.83	3.705
2015-07-22 22:05:20.899	21411	10501	-91	-97	10	19.18	76.87	3.705
2015-07-22 22:12:36.029	21411	10501	-88	-97	10
2015-07-22 22:43:01.227	21411	10501	-88	-97	10	18.4	76.79	3.705
2015-07-22 22:49:16.922	21411	10501	-91	-97	10
2015-07-22 23:15:26.122	21411	10501	-88	-97	10	17.83	76.75	3.705
2015-07-22 23:24:22.879	21411	10501	-88	-97	10	17.67	76.67	3.717
2015-07-23 00:00:53.279	21411	10501	-91	-97	10	17.0	76.61	3.705
2015-07-23 00:25:44.082	21411	10501	-88	-97	10
2015-07-23 00:30:36.59	21411	10501	-88	-97	10	16.65	76.75	3.705
2015-07-23 01:09:57.978	21411	10501	-88	-97	10	16.28	76.9	3.705
2015-07-23 01:25:43.33	21411	10501	-88	-97	10	16.2	76.91	3.717
2015-07-23 02:02:10.555	21411	10501	-91	-97	10
2015-07-23 02:09:33.738	21411	10501	-88	-97	10
2015-07-23 02:11:11.299	21411	10501	-88	-97	10	16.0	77.03	3.693
2015-07-23 02:44:20.006	21411	10501	-88	-97	10	16.0	77.18	3.705
2015-07-23 03:13:13.202	21411	10501	-88	-97	10	15.92	77.17	3.705
2015-07-23 03:38:37.026	21411	10501	-88	-97	10
2015-07-23 03:39:34.491	21411	10501	-88	-97	10	15.6	77.07	3.705
2015-07-23 04:11:38.887	21411	10501	-88	-88	10	15.17	77.14	3.705
2015-07-23 04:30:35.139	21411	10501	-88	-97	10	14.97	77.05	3.705
2015-07-23 05:09:20.394	21411	10501	-91	-88	10	14.75	77.05	3.693
2015-07-23 05:15:02.623	21411	10501	-91	-97	10
2015-07-23 05:33:55.906	21411	10501	-88	-97	10	14.68	77.09	3.705
2015-07-23 06:06:29.902	21411	10501	-91	-97	10
2015-07-23 06:13:59.511	21411	10501	-88	-88	10	14.57	77.17	3.693
2015-07-23 06:33:55.919	21411	10501	-88	-97	10	14.64	77.31	3.705
2015-07-23 06:51:29.978	21411	10501	-88	-88	10
2015-07-23 07:01:36.675	21411	10501	-91	-97	10	14.89	77.44	3.705
2015-07-23 07:35:35.551	21411	10501	-88	-97	10	15.14	77.6	3.705
2015-07-23 08:07:00.627	21411	10501	-88	-97	10	16.02	78.22	3.705
2015-07-23 08:27:56.466	21411	10501	-88	-97	10
2015-07-23 08:36:57.894	21411	10501	-88	-97	10	17.04	78.41	3.705
2015-07-23 08:56:43.454	21411	10501	-88	-97	10	17.83	78.68	3.705
2015-07-23 09:32:40.002	21411	10501	-88	-97	10	19.15	78.96	3.693
2015-07-23 10:03:26.482	21411	10501	-88	-97	10
2015-07-23 10:04:22.722	21411	10501	-91	-97	10
2015-07-23 10:12:52.306	21411	10501	-88	-97	10	20.86	79.32	3.693
2015-07-23 10:27:50.071	21411	10501	-88	-97	10	21.79	78.68	3.705
2015-07-23 11:10:55.435	21411	10501	-88	-97	10	23.15	78.85	3.705
2015-07-23 11:35:13.983	21411	10501	-88	-97	10	23.63	78.85	3.705
2015-07-23 11:41:20.207	21411	10501	-91	-97	10
2015-07-23 12:01:25.615	21411	10501	-91	-97	10	24.22	77.69	3.705
2015-07-23 12:43:06.402	21411	10501	-88	-97	10	26.32	77.22	3.705
2015-07-23 13:06:54.191	21411	10501	-91	-97	10	26.21	78.69	3.705
2015-07-23 13:17:22.199	21411	10501	-91	-97	10
2015-07-23 13:38:54.799	21411	10501	-94	-94	10	26.9	79.42	3.705
2015-07-23 14:15:03.651	21411	10501	-91	-97	10	26.91	79.91	3.705
2015-07-23 14:43:38.658	21411	10501	-91	-97	10	28.3	80.28	3.705
2015-07-23 14:53:45.615	21411	10501	-88	-97	10
2015-07-23 15:05:34.37	21411	10501	-91	-97	10	28.69	80.71	3.717
2015-07-23 16:09:45.919	21411	10501	-91	-97	10	28.63	79.76	3.717
2015-07-23 16:30:09.91	21411	10501	-88	-97	10
2015-07-23 16:35:24.846	21411	10501	-88	-97	10	28.58	79.91	3.717
2015-07-23 17:10:48.347	21411	10501	-91	-85	10	29.32	82.15	3.717
2015-07-23 17:32:42.066	21411	10501	-91	-97	10	28.79	80.46	3.717
2015-07-23 19:26:39.01	21411	10501	-88	-97	10	25.74	77.57	3.717
2015-07-23 21:19:29.127	21411	10501	-91	-88	10
2015-07-23 22:55:56.226	21411	10501	-88	-97	10
2015-07-23 23:28:34.886	21411	10501	-91	-97	10	18.75	76.52	3.705
2015-07-24 00:14:25.311	21411	10501	-88	-88	10	17.81	76.41	3.705
2015-07-24 00:32:21.35	21411	10501	-91	-97	10
2015-07-24 00:44:55.102	21411	10501	-91	-97	10	17.38	76.58	3.705
2015-07-24 00:58:18.53	21411	10501	-88	-97	10	17.1	76.55	3.717
2015-07-24 01:35:33.09	21411	10501	-88	-97	10	16.29	76.38	3.705
2015-07-24 01:51:13.947	21411	10501	-88	-88	10
2015-07-24 01:58:59.67	21411	10501	-88	-97	10	15.81	76.52	3.717
2015-07-24 02:08:48.318	21411	10501	-91	-97	10
2015-07-24 02:23:48.026	21411	10501	-88	-97	10	15.52	76.41	3.705
2015-07-24 03:01:53.426	21411	10501	-91	-97	10	15.07	76.5	3.705
2015-07-24 03:44:49.186	21411	10501	-88	-97	10	14.63	76.56	3.693
2015-07-24 03:45:14.674	21411	10501	-91	-97	10
2015-07-24 04:08:31.022	21411	10501	-88	-88	10	14.46	76.66	3.705
2015-07-24 04:31:35.846	21411	10501	-88	-97	10	14.29	76.75	3.705
2015-07-24 05:11:50.274	21411	10501	-88	-97	10	14.02	76.77	3.705
2015-07-24 05:21:40.386	21411	10501	-88	-97	10
2015-07-24 05:36:44.946	21411	10501	-91	-97	10	13.81	76.8	3.705
2015-07-24 05:48:09.306	21411	10501	-88	-97	10
2015-07-24 06:03:22.847	21411	10501	-88	-97	10	13.64	76.74	3.705
2015-07-24 06:25:57.891	21411	10501	-88	-97	10	13.45	76.81	3.705
2015-07-24 06:55:06.37	21411	10501	-88	-97	10	13.54	77.03	3.705
2015-07-24 06:58:06.807	21411	10501	-91	-97	10
2015-07-24 07:33:57.615	21411	10501	-88	-97	10	14.0	77.33	3.693
2015-07-24 07:56:16.839	21411	10501	-88	-97	10	14.57	77.53	3.705
2015-07-24 08:33:32.454	21411	10501	-88	-97	10	16.08	78.16	3.705
2015-07-24 08:34:34.15	21411	10501	-88	-97	10
2015-07-24 08:56:27.083	21411	10501	-88	-97	10	17.25	78.51	3.705
2015-07-24 09:44:59.262	21411	10501	-91	-97	10	19.47	79.13	3.693
2015-07-24 09:45:06.711	21411	10501	-91	-97	10
2015-07-24 10:10:20.958	21411	10501	-88	-97	10	20.86	79.53	3.705
2015-07-24 10:11:02.259	21411	10501	-88	-97	10
2015-07-24 10:40:34.839	21411	10501	-91	-97	10	22.67	78.91	3.705
2015-07-24 11:01:56.623	21411	10501	-88	-88	10	23.58	78.31	3.705
2015-07-24 11:43:36.571	21411	10501	-91	-88	10	24.65	79.41	3.705
2015-07-24 11:47:26.199	21411	10501	-91	-97	10
2015-07-24 11:57:16.1	21411	10501	-88	-88	10	26.13	78.03	3.717
2015-07-24 12:43:20.23	21411	10501	-91	-88	10	27.76	77.24	3.705
2015-07-24 13:11:23.491	21411	10501	-91	-97	10	27.86	78.54	3.705
2015-07-24 13:57:33.918	21411	10501	-88	-97	10	28.77	79.22	3.729
2015-07-24 14:42:36.719	21411	10501	-88	-97	10	29.63	79.56	3.717
2015-07-24 14:55:28.407	21411	10501	-88	-97	10	30.33	80.62	3.717
2015-07-24 15:00:19.327	21411	10501	-88	-97	10
2015-07-24 15:38:34.175	21411	10501	-88	-97	10	30.6	81.7	3.717
2015-07-24 16:02:48.114	21411	10501	-88	-97	10	30.3	79.12	3.717
2015-07-24 16:28:30.851	21411	10501	-88	-97	10	30.04	79.21	3.717
2015-07-24 16:36:46.691	21411	10501	-91	-97	10
2015-07-24 17:29:55.422	21411	10501	-88	-97	10	30.13	80.07	3.717
2015-07-24 17:39:03.959	21411	10501	-88	-97	10
2015-07-24 18:04:49.986	21411	10501	-88	-97	10	30.38	80.5	3.717
2015-07-24 18:13:25.33	21411	10501	-91	-97	10
2015-07-24 19:36:30.039	21411	10501	-91	-88	10	27.3	77.45	3.717
2015-07-24 19:49:38.974	21411	10501	-88	-97	10
2015-07-24 19:58:05.443	21411	10501	-88	-97	10	26.76	77.07	3.717
2015-07-24 20:37:27.159	21411	10501	-88	-97	10	25.58	76.7	3.717
2015-07-24 21:06:36.047	21411	10501	-91	-97	10	24.24	76.45	3.717
2015-07-24 21:26:05.676	21411	10501	-91	-97	10
2015-07-24 21:35:33.538	21411	10501	-91	-88	10	23.31	76.38	3.717
2015-07-24 21:35:56.558	21411	10501	-88	-97	10
2015-07-24 22:14:05.638	21411	10501	-88	-97	10	22.38	76.27	3.705
2015-07-24 22:28:43.446	21411	10501	-88	-97	10	22.04	76.36	3.717
2015-07-24 23:02:32.215	21411	10501	-91	-88	10
2015-07-24 23:05:04.743	21411	10501	-91	-97	10	21.36	76.41	3.705
2015-07-24 23:38:18.25	21411	10501	-91	-97	10	20.78	76.29	3.705
2015-07-24 23:56:39.394	21411	10501	-91	-88	10	20.52	76.38	3.717
2015-07-25 00:27:35.431	21411	10501	-91	-88	10	20.08	76.37	3.705
2015-07-25 00:38:58.85	21411	10501	-88	-97	10
2015-07-25 01:06:05.466	21411	10501	-91	-88	10	19.63	76.49	3.705
2015-07-25 01:32:53.234	21411	10501	-88	-97	10
2015-07-25 01:43:29.764	21411	10501	-88	-97	10	19.32	76.59	3.705
2015-07-25 02:04:30.198	21411	10501	-91	-97	10	19.08	76.56	3.717
2015-07-25 02:15:24.915	21411	10501	-88	-97	10
2015-07-25 02:33:26.127	21411	10501	-88	-97	10	18.89	76.63	3.705
2015-07-25 03:00:20.066	21411	10501	-91	-88	10	18.52	76.66	3.705
2015-07-25 03:34:04.662	21411	10501	-88	-97	10	18.02	76.58	3.705
2015-07-25 03:51:51.49	21411	10501	-91	-97	10
2015-07-25 03:55:20.142	21411	10501	-91	-97	10	17.65	76.45	3.717
2015-07-25 04:32:27.111	21411	10501	-88	-97	10	17.15	76.46	3.705
2015-07-25 05:11:05.522	21411	10501	-88	-97	10	16.79	76.46	3.705
2015-07-25 05:28:18.907	21411	10501	-88	-97	10
2015-07-25 05:29:49.606	21411	10501	-88	-97	10
2015-07-25 05:43:45.762	21411	10501	-88	-97	10	16.43	76.54	3.705
2015-07-25 06:08:26.883	21411	10501	-88	-88	10	16.24	76.58	3.705
2015-07-25 06:35:16.546	21411	10501	-88	-97	10	15.92	76.59	3.705
2015-07-25 07:04:44.839	21411	10501	-91	-97	10
2015-07-25 07:09:44.506	21411	10501	-91	-97	10	16.02	76.8	3.705
2015-07-25 07:43:02.128	21411	10501	-88	-97	10	16.56	77.09	3.705
2015-07-25 08:05:16.775	21411	10501	-88	-97	10	17.22	77.41	3.705
2015-07-25 08:41:11.459	21411	10501	-88	-97	10
2015-07-25 08:41:36.958	21411	10501	-88	-97	10	18.74	77.94	3.705
2015-07-25 08:53:44.687	21411	10501	-88	-97	10	19.21	78.09	3.717
2015-07-25 09:26:45.939	21411	10501	-88	-97	10
2015-07-25 09:35:24.131	21411	10501	-91	-97	10	21.02	78.57	3.693
2015-07-25 09:58:57.478	21411	10501	-88	-97	10	22.04	78.78	3.705
2015-07-25 10:28:44.894	21411	10501	-88	-97	10	24.11	78.15	3.705
2015-07-25 12:40:00.719	21411	10501	-91	-88	10	29.86	77.0	3.717
2015-07-25 13:23:42.755	21411	10501	-88	-97	10
2015-07-25 14:32:37.307	21411	10501	-91	-88	10	31.4	79.49	3.717
2015-07-25 15:07:35.559	21411	10501	-91	-88	10	31.61	79.61	3.717
2015-07-25 15:24:54.35	21411	10501	-88	-97	10	32.27	79.53	3.717
2015-07-25 16:24:24.067	21411	10501	-88	-97	10	32.18	79.1	3.717
2015-07-25 16:43:28.075	21411	10501	-88	-97	10
2015-07-25 16:58:54.574	21411	10501	-91	-88	10	32.61	79.9	3.717
2015-07-25 17:20:39.027	21411	10501	-91	-97	10
2015-07-25 18:19:50.538	21411	10501	-91	-97	10
2015-07-25 18:24:35.007	21411	10501	-88	-97	10	32.01	80.51	3.717
2015-07-25 18:54:28.374	21411	10501	-91	-97	10	30.65	78.62	3.717
2015-07-25 19:32:20.11	21411	10501	-88	-97	10	29.49	77.2	3.717
2015-07-25 19:56:16.354	21411	10501	-91	-97	10
2015-07-25 20:04:53.572	21411	10501	-91	-91	10	28.49	76.59	3.717
2015-07-25 20:37:54.298	21411	10501	-91	-88	10	27.04	76.28	3.717
2015-07-25 20:58:26.882	21411	10501	-88	-97	10	26.08	76.2	3.717
2015-07-25 21:17:35.923	21411	10501	-88	-97	10
2015-07-25 21:30:55.183	21411	10501	-91	-97	10	25.18	76.07	3.717
2015-07-25 21:32:43.87	21411	10501	-91	-97	10
2015-07-25 21:59:28.074	21411	10501	-88	-88	10	24.68	76.03	3.705
2015-07-25 22:44:56.062	21411	10501	-88	-97	10	23.86	76.24	3.705
2015-07-25 22:54:36.963	21411	10501	-91	-97	10	23.82	76.26	3.729
2015-07-25 23:09:09.422	21411	10501	-88	-97	10
2015-07-25 23:29:54.026	21411	10501	-88	-97	10	23.9	76.33	3.717
2015-07-26 00:03:09.623	21411	10501	-91	-97	10	23.31	76.48	3.717
2015-07-26 00:30:21.991	21411	10501	-88	-97	10	22.4	76.33	3.717
2015-07-26 00:45:35.583	21411	10501	-88	-97	10
2015-07-26 01:13:21.186	21411	10501	-88	-97	10	22.21	76.42	3.705
2015-07-26 01:14:34.042	21411	10501	-88	-97	10
2015-07-26 01:29:03.45	21411	10501	-88	-97	10	22.22	76.51	3.717
2015-07-26 02:11:29.351	21411	10501	-88	-97	10	21.76	76.49	3.705
2015-07-26 02:22:02.659	21411	10501	-88	-97	10
2015-07-26 02:30:27.618	21411	10501	-88	-88	10	21.39	76.5	3.717
2015-07-26 03:04:37.158	21411	10501	-88	-97	10	20.99	76.5	3.705
2015-07-26 03:39:46.51	21411	10501	-88	-97	10	20.85	76.6	3.705
2015-07-26 03:58:28.863	21411	10501	-88	-88	10
2015-07-26 03:59:32.287	21411	10501	-91	-97	10	20.78	76.61	3.717
2015-07-26 04:39:52.007	21411	10501	-91	-97	10	20.49	76.66	3.705
2015-07-26 05:10:13.155	21411	10501	-91	-97	10	20.45	76.57	3.705
2015-07-26 05:11:29.939	21411	10501	-88	-97	10
2015-07-26 05:26:57.827	21411	10501	-88	-97	10	20.25	76.67	3.717
2015-07-26 05:34:55.638	21411	10501	-88	-88	10
2015-07-26 06:03:26.307	21411	10501	-88	-85	10	20.43	76.73	3.705
2015-07-26 06:34:06.951	21411	10501	-88	-97	10	20.24	76.66	3.705
2015-07-26 06:58:00.407	21411	10501	-88	-97	10	20.1	76.69	3.705
2015-07-26 07:11:22.211	21411	10501	-91	-97	10
2015-07-26 07:35:05.839	21411	10501	-88	-97	10	20.29	76.89	3.693
2015-07-26 07:56:53.923	21411	10501	-88	-97	10	20.68	77.05	3.705
2015-07-26 08:33:42.307	21411	10501	-88	-97	10	21.5	77.37	3.705
2015-07-26 08:47:48.09	21411	10501	-88	-97	10
2015-07-26 09:00:34.054	21411	10501	-91	-97	10	22.44	77.62	3.705
2015-07-26 09:08:26.099	21411	10501	-88	-97	10
2015-07-26 09:44:26.711	21411	10501	-91	-97	10	24.02	78.02	3.705
2015-07-26 09:54:12.81	21411	10501	-94	-97	10	24.4	78.18	3.717
2015-07-26 10:24:14.494	21411	10501	-88	-97	10
2015-07-26 10:42:11.55	21411	10501	-91	-97	10	26.6	77.85	3.705
2015-07-26 11:10:02.302	21411	10501	-91	-97	10	27.76	77.71	3.705
2015-07-26 11:25:54.431	21411	10501	-91	-97	10	28.1	77.83	3.717
2015-07-26 12:00:42.847	21411	10501	-88	-97	10
2015-07-26 12:58:39.182	21411	10501	-88	-97	10	30.6	77.95	3.717
2015-07-26 13:25:43.359	21411	10501	-88	-97	10	30.32	77.62	3.705
2015-07-26 14:13:05.795	21411	10501	-88	-97	10	30.29	77.97	3.717
2015-07-26 14:29:15.51	21411	10501	-88	-97	10	31.1	78.38	3.717
2015-07-26 15:13:35.326	21411	10501	-91	-97	10
2015-07-26 17:09:17.99	21411	10501	-88	-97	10	27.85	76.74	3.717
2015-07-26 20:37:59.75	21411	10501	-91	-88	10	25.16	76.26	3.717
2015-07-26 21:23:42.21	21411	10501	-88	-97	10	24.22	76.13	3.717
2015-07-27 00:23:09.958	21411	10501	-91	-97	10	21.97	76.22	3.705
2015-07-27 02:28:39.622	21411	10501	-91	-88	10
2015-07-27 02:34:44.447	21411	10501	-91	-97	10	21.18	76.32	3.705
2015-07-27 04:05:06.67	21411	10501	-91	-91	10
2015-07-27 06:29:59.95	21411	10501	-88	-97	10	20.33	76.58	3.705
2015-07-27 06:59:06.782	21411	10501	-88	-97	10	20.46	76.68	3.705
2015-07-27 08:23:24.735	21411	10501	-91	-97	10	21.26	77.09	3.705
2015-07-27 08:58:27.91	21411	10501	-91	-91	10	21.99	77.39	3.705
2015-07-27 10:23:53.662	21411	10501	-88	-97	10	24.55	77.76	3.705
2015-07-27 10:30:51.996	21411	10501	-88	-97	10
2015-07-27 11:05:14.554	21411	10501	-91	-97	10	26.15	77.52	3.705
2015-07-27 11:24:05.839	21411	10501	-91	-97	10	26.6	77.85	3.705
2015-07-27 12:07:19.199	21411	10501	-91	-88	10
2015-07-27 12:24:15.567	21411	10501	-91	-91	10	29.86	77.45	3.717
2015-07-27 12:47:02.486	21411	10501	-91	-97	10
2015-07-27 12:56:56.826	21411	10501	-91	-97	10	29.29	77.3	3.705
2015-07-27 13:40:50.206	21411	10501	-88	-97	10	28.47	77.5	3.705
2015-07-27 13:43:45.302	21411	10501	-91	-97	10
2015-07-27 14:07:53.486	21411	10501	-88	-88	10	29.76	78.22	3.717
2015-07-27 14:30:48.271	21411	10501	-88	-97	10	30.69	78.33	3.717
2015-07-27 15:10:06.846	21411	10501	-88	-97	10	30.86	79.16	3.717
2015-07-27 15:20:11.35	21411	10501	-91	-97	10
2015-07-27 15:30:07.358	21411	10501	-91	-97	10	30.35	78.53	3.717
2015-07-27 16:13:56.13	21411	10501	-91	-97	10	31.54	78.72	3.717
2015-07-27 16:40:46.002	21411	10501	-91	-97	10	31.49	78.57	3.717
2015-07-27 16:43:58.91	21411	10501	-88	-97	10
2015-07-27 16:56:38.21	21411	10501	-88	-97	10
2015-07-27 16:57:02.952	21411	10501	-88	-97	10	32.33	80.06	3.717
2015-07-27 17:31:18.839	21411	10501	-91	-97	10	32.1	79.71	3.717
2015-07-27 18:01:29.234	21411	10501	-88	-97	10	32.25	80.29	3.717
2015-07-27 18:29:24.93	21411	10501	-91	-88	10	31.13	78.5	3.717
2015-07-27 18:33:04.863	21411	10501	-88	-97	10
2015-07-27 19:05:45.634	21411	10501	-88	-97	10	30.11	77.14	3.717
2015-07-27 19:25:06.274	21411	10501	-88	-97	10	29.63	76.6	3.717
2015-07-27 20:06:52.187	21411	10501	-91	-97	10	28.11	75.91	3.717
2015-07-27 20:09:31.126	21411	10501	-88	-97	10
2015-07-27 20:26:25.274	21411	10501	-91	-97	10	27.41	75.74	3.717
2015-07-27 20:40:55.45	21411	10501	-88	-97	10
2015-07-27 21:08:27.231	21411	10501	-88	-97	10	25.85	75.46	3.717
2015-07-27 21:35:44.574	21411	10501	-88	-85	10	25.01	75.33	3.717
2015-07-27 21:45:57.674	21411	10501	-88	-97	10
2015-07-27 22:07:00.634	21411	10501	-88	-97	10	24.2	75.41	3.705
2015-07-27 22:33:19.595	21411	10501	-91	-97	10	23.79	75.5	3.717
2015-07-27 23:09:15.751	21411	10501	-88	-85	10	23.53	75.69	3.705
2015-07-27 23:22:26.071	21411	10501	-91	-97	10
2015-07-27 23:32:48.139	21411	10501	-91	-97	10	23.29	75.78	3.717
2015-07-27 23:53:47.664	21411	10501	-88	-97	10	23.06	75.84	3.717
2015-07-28 00:24:27.666	21411	10501	-91	-97	10	22.89	75.91	3.705
2015-07-28 00:37:52.742	21411	10501	-88	-97	10
2015-07-28 00:58:50.871	21411	10501	-88	-97	10
2015-07-28 00:59:01.714	21411	10501	-88	-97	10	22.56	75.98	3.705
2015-07-28 01:29:32.062	21411	10501	-91	-97	10	22.34	75.96	3.705
2015-07-28 02:10:29.17	21411	10501	-88	-97	10	21.95	75.94	3.705
2015-07-28 02:24:37.307	21411	10501	-88	-97	10	21.7	75.94	3.717
2015-07-28 02:35:16.954	21411	10501	-91	-97	10
2015-07-28 03:10:49.055	21411	10501	-91	-97	10	21.22	75.87	3.705
2015-07-28 03:38:02.182	21411	10501	-88	-97	10	21.02	75.94	3.705
2015-07-28 03:54:56.11	21411	10501	-88	-97	10	20.9	75.92	3.717
2015-07-28 04:11:43.807	21411	10501	-91	-97	10
2015-07-28 04:34:14.982	21411	10501	-91	-97	10	20.65	76.0	3.705
2015-07-28 04:34:49.027	21411	10501	-91	-97	10
2015-07-28 05:32:36.158	21411	10501	-91	-88	10	20.42	76.06	3.705
2015-07-28 05:48:10.907	21411	10501	-91	-88	10
2015-07-28 06:01:30.155	21411	10501	-88	-97	10	20.22	76.08	3.705
2015-07-28 07:15:12.639	21411	10501	-88	-97	10	20.11	76.19	3.705
2015-07-28 07:24:36.806	21411	10501	-91	-97	10
2015-07-28 07:25:43.055	21411	10501	-88	-97	10	20.13	76.22	3.717
2015-07-28 07:53:36.455	21411	10501	-88	-97	10	20.47	76.39	3.705
2015-07-28 08:28:51.155	21411	10501	-88	-97	10	21.15	76.69	3.705
2015-07-28 08:31:45.414	21411	10501	-88	-97	10
2015-07-28 09:00:56.682	21411	10501	-91	-97	10	22.06	77.09	3.705
2015-07-28 09:01:03.494	21411	10501	-88	-97	10
2015-07-28 09:27:06.986	21411	10501	-91	-97	10	23.04	77.4	3.705
2015-07-28 09:56:09.39	21411	10501	-88	-97	10	24.24	77.72	3.705
2015-07-28 10:36:21.347	21411	10501	-88	-97	10	26.71	77.19	3.705
2015-07-28 10:37:29.567	21411	10501	-88	-97	10
2015-07-28 11:10:00.099	21411	10501	-88	-97	10	27.88	77.68	3.705
2015-07-28 11:44:29.347	21411	10501	-91	-97	10	29.22	77.89	3.705
2015-07-28 12:08:14.123	21411	10501	-88	-97	10	30.83	77.42	3.717
2015-07-28 12:13:55.887	21411	10501	-91	-88	10
2015-07-28 12:28:42.107	21411	10501	-88	-97	10
2015-07-28 12:32:52.979	21411	10501	-91	-97	10	31.8	76.89	3.717
2015-07-28 12:58:37.283	21411	10501	-91	-97	10	31.72	77.4	3.717
2015-07-28 13:32:16.97	21411	10501	-88	-88	10	32.27	78.01	3.717
2015-07-28 13:50:23.134	21411	10501	-88	-97	10
2015-07-28 14:10:08.41	21411	10501	-91	-97	10	32.82	78.23	3.717
2015-07-28 14:26:22.15	21411	10501	-88	-97	10	33.22	78.54	3.717
2015-07-28 15:07:04.306	21411	10501	-88	-97	10	30.9	77.46	3.717
2015-07-28 15:26:49.83	21411	10501	-91	-97	10
2015-07-28 15:30:16.31	21411	10501	-91	-97	10	32.5	78.53	3.717
2015-07-28 16:14:01.722	21411	10501	-88	-97	10	33.18	78.66	3.717
2015-07-28 16:23:27.39	21411	10501	-91	-97	10	32.41	77.98	3.717
2015-07-28 16:25:43.286	21411	10501	-91	-91	10
2015-07-28 17:00:45.903	21411	10501	-91	-97	10	32.66	79.06	3.717
2015-07-28 17:03:16.499	21411	10501	-91	-97	10
2015-07-28 17:34:38.591	21411	10501	-88	-97	10	32.29	78.68	3.717
2015-07-28 18:08:37.263	21411	10501	-91	-97	10	32.36	78.97	3.717
2015-07-28 18:32:46.754	21411	10501	-91	-97	10	31.47	77.66	3.717
2015-07-28 18:39:43.408	21411	10501	-91	-97	10
2015-07-28 19:13:14.838	21411	10501	-88	-97	10	30.29	76.48	3.717
2015-07-28 19:31:36.331	21411	10501	-88	-97	10	29.69	76.11	3.717
2015-07-28 20:07:13.391	21411	10501	-88	-97	10	28.41	75.72	3.717
2015-07-28 20:16:09.059	21411	10501	-91	-97	10
2015-07-28 20:22:35.899	21411	10501	-88	-97	10
2015-07-28 20:26:45.828	21411	10501	-91	-88	10	27.77	75.62	3.717
2015-07-28 21:00:29.702	21411	10501	-88	-97	10	26.91	75.42	3.717
2015-07-28 21:28:10.939	21411	10501	-91	-97	10	26.04	75.39	3.717
2015-07-28 21:52:35.099	21411	10501	-91	-97	10
2015-07-28 22:13:13.482	21411	10501	-88	-97	10	25.35	75.47	3.705
2015-07-28 22:31:19.822	21411	10501	-88	-97	10	25.05	75.58	3.717
2015-07-28 22:55:08.235	21411	10501	-88	-97	10	24.86	75.63	3.717
2015-07-28 23:29:02.719	21411	10501	-88	-97	10
2015-07-28 23:35:16.159	21411	10501	-88	-88	10	24.52	75.7	3.705
2015-07-29 00:09:59.554	21411	10501	-91	-88	10	24.06	75.63	3.705
2015-07-29 00:19:32.534	21411	10501	-91	-97	10
2015-07-29 00:39:32.327	21411	10501	-88	-88	10	23.7	75.72	3.705
2015-07-29 01:05:28.162	21411	10501	-88	-97	10
2015-07-29 01:12:00.406	21411	10501	-88	-88	10	23.24	75.71	3.705
2015-07-29 01:30:01.446	21411	10501	-88	-97	10	23.14	75.69	3.717
2015-07-29 02:13:49.491	21411	10501	-88	-97	10	22.6	75.72	3.705
2015-07-29 02:40:13.834	21411	10501	-88	-88	10	22.34	75.72	3.705
2015-07-29 02:41:55.166	21411	10501	-88	-97	10
2015-07-29 03:08:13.65	21411	10501	-91	-97	10	22.04	75.69	3.705
2015-07-29 03:24:45.546	21411	10501	-91	-97	10	21.9	75.71	3.717
2015-07-29 04:07:45.218	21411	10501	-91	-88	10	21.5	75.74	3.705
2015-07-29 04:16:29.014	21411	10501	-88	-97	10
2015-07-29 04:18:21.187	21411	10501	-88	-97	10
2015-07-29 04:43:42.803	21411	10501	-91	-97	10	21.08	75.69	3.705
2015-07-29 04:57:03.339	21411	10501	-91	-97	10	20.94	75.71	3.717
2015-07-29 05:44:49.711	21411	10501	-91	-97	10	20.72	75.8	3.693
2015-07-29 05:54:48.411	21411	10501	-88	-97	10
2015-07-29 06:08:35.182	21411	10501	-91	-88	10	20.46	75.8	3.705
2015-07-29 06:44:57.843	21411	10501	-91	-97	10	20.18	75.85	3.705
2015-07-29 07:10:13.947	21411	10501	-91	-91	10	20.28	75.95	3.705
2015-07-29 07:31:14.747	21411	10501	-91	-97	10
2015-07-29 07:44:44.091	21411	10501	-91	-97	10	20.64	76.16	3.705
2015-07-29 08:09:37.167	21411	10501	-88	-97	10	21.1	76.39	3.705
2015-07-29 08:13:25.358	21411	10501	-91	-88	10
2015-07-29 08:37:24.488	21411	10501	-91	-97	10	21.76	76.65	3.705
2015-07-29 08:54:40.19	21411	10501	-91	-97	10	22.33	76.85	3.705
2015-07-29 09:07:41.378	21411	10501	-88	-88	10
2015-07-29 09:22:48.026	21411	10501	-91	-97	10	23.52	77.25	3.705
2015-07-29 10:08:20.476	21411	10501	-88	-97	10	25.54	77.69	3.705
2015-07-29 10:30:57.751	21411	10501	-91	-97	10	26.91	77.32	3.705
2015-07-29 10:44:08.219	21411	10501	-91	-97	10
2015-07-29 11:13:00.798	21411	10501	-88	-97	10	28.47	77.47	3.705
2015-07-29 11:39:31.302	21411	10501	-91	-97	10	29.57	77.5	3.705
2015-07-29 11:53:01.319	21411	10501	-91	-97	10	30.36	77.85	3.717
2015-07-29 12:10:22.819	21411	10501	-91	-97	10
2015-07-29 12:20:34.483	21411	10501	-91	-97	10
2015-07-29 12:27:42.586	21411	10501	-91	-97	10	31.77	77.41	3.705
2015-07-29 13:13:09.462	21411	10501	-88	-97	10	31.97	77.53	3.717
2015-07-29 13:40:37.832	21411	10501	-91	-88	10	31.76	77.69	3.717
2015-07-29 13:57:00.575	21411	10501	-91	-97	10
2015-07-29 14:10:16.799	21411	10501	-91	-97	10	31.68	77.34	3.717
2015-07-29 14:27:40.814	21411	10501	-88	-97	10	31.54	77.5	3.717
2015-07-29 15:33:27.478	21411	10501	-94	-97	10
2015-07-29 16:06:04.61	21411	10501	-88	-97	10	33.41	78.1	3.717
2015-07-29 16:07:18.591	21411	10501	-88	-97	10
2015-07-29 16:37:01.222	21411	10501	-91	-97	10	33.6	77.97	3.717
2015-07-29 16:52:52.591	21411	10501	-91	-97	10	33.01	77.68	3.717
2015-07-29 17:09:53.75	21411	10501	-91	-88	10
2015-07-29 17:35:54.738	21411	10501	-91	-97	10	33.11	77.93	3.717
2015-07-29 18:04:00.719	21411	10501	-88	-97	10	33.16	78.86	3.717
2015-07-29 18:28:43.87	21411	10501	-91	-97	10	32.44	77.6	3.717
2015-07-29 18:46:20.682	21411	10501	-91	-97	10
2015-07-29 19:01:44.866	21411	10501	-88	-97	10	32.04	76.77	3.717
2015-07-29 19:42:31.907	21411	10501	-91	-97	10	30.99	76.03	3.717
2015-07-29 20:02:53.556	21411	10501	-91	-97	10	30.22	75.74	3.717
2015-07-29 20:04:16.322	21411	10501	-91	-97	10
2015-07-29 20:22:46.347	21411	10501	-91	-97	10
2015-07-29 20:30:44.71	21411	10501	-94	-97	10	29.44	75.5	3.717
2015-07-29 21:12:12.018	21411	10501	-91	-97	10	28.49	75.37	3.717
2015-07-29 21:44:55.506	21411	10501	-91	-97	10	27.85	75.39	3.717
2015-07-29 21:59:12.822	21411	10501	-91	-97	10
2015-07-29 22:06:37.422	21411	10501	-91	-97	10	27.15	75.47	3.717
2015-07-29 22:28:29.386	21411	10501	-88	-97	10	26.6	75.45	3.717
2015-07-29 23:04:04.11	21411	10501	-88	-97	10	26.11	75.49	3.705
2015-07-29 23:23:49.083	21411	10501	-88	-97	10	25.74	75.52	3.717
2015-07-29 23:35:39.43	21411	10501	-91	-97	10
2015-07-30 00:01:12.843	21411	10501	-88	-97	10
2015-07-30 00:04:55.967	21411	10501	-88	-97	10	25.19	75.61	3.705
2015-07-30 00:31:48.014	21411	10501	-88	-97	10	25.05	75.72	3.705
2015-07-30 00:58:03.318	21411	10501	-88	-97	10	25.13	75.82	3.705
2015-07-30 01:12:05.946	21411	10501	-88	-97	10
2015-07-30 01:22:50.043	21411	10501	-88	-97	10	25.16	75.82	3.705
2015-07-30 02:05:27.383	21411	10501	-91	-88	10	24.94	75.92	3.705
2015-07-30 02:27:29.254	21411	10501	-88	-97	10	25.02	75.93	3.705
2015-07-30 02:48:32.263	21411	10501	-91	-97	10
2015-07-30 03:08:26.079	21411	10501	-88	-97	10	24.88	75.96	3.705
2015-07-30 03:25:47.394	21411	10501	-91	-97	10	24.82	75.94	3.717
2015-07-30 03:58:10.827	21411	10501	-91	-97	10
2015-07-30 03:59:20.538	21411	10501	-94	-97	10	24.74	75.96	3.705
2015-07-30 04:42:33.955	21411	10501	-94	-91	10	24.46	75.87	3.705
2015-07-30 05:13:44.115	21411	10501	-91	-97	10	24.41	75.94	3.705
2015-07-30 05:40:05.77	21411	10501	-91	-97	10	24.34	75.96	3.705
2015-07-30 05:54:23.134	21411	10501	-91	-97	10	24.22	75.96	3.717
2015-07-30 06:01:25.738	21411	10501	-91	-88	10
2015-07-30 06:41:25.562	21411	10501	-88	-97	10	24.0	75.92	3.705
2015-07-30 07:07:04.663	21411	10501	-91	-97	10	23.81	75.91	3.705
2015-07-30 07:28:54.671	21411	10501	-91	-97	10	23.63	75.9	3.705
2015-07-30 07:37:52.074	21411	10501	-91	-97	10
2015-07-30 07:55:05.314	21411	10501	-91	-97	10
2015-07-30 07:57:57.778	21411	10501	-91	-97	10	23.4	75.91	3.705
2015-07-30 08:24:10.298	21411	10501	-91	-97	10	23.32	75.94	3.705
2015-07-30 09:05:11.391	21411	10501	-88	-91	10	23.79	76.26	3.693
2015-07-30 09:14:20.514	21411	10501	-88	-97	10
2015-07-30 09:43:24.514	21411	10501	-91	-88	10	24.51	76.62	3.705
2015-07-30 10:03:10.018	21411	10501	-91	-97	10	24.93	76.78	3.705
2015-07-30 10:32:04.635	21411	10501	-88	-97	10	26.3	76.59	3.705
2015-07-30 10:50:47.35	21411	10501	-88	-97	10
2015-07-30 11:03:38.794	21411	10501	-91	-91	10	27.13	77.03	3.705
2015-07-30 11:43:10.682	21411	10501	-91	-97	10	28.44	77.22	3.705
2015-07-30 11:52:02.215	21411	10501	-88	-97	10
2015-07-30 11:58:48.55	21411	10501	-88	-97	10	29.55	75.97	3.705
2015-07-30 12:27:12.022	21411	10501	-88	-97	10
2015-07-30 12:39:06.762	21411	10501	-88	-97	10	30.22	76.02	3.705
2015-07-30 13:03:02.731	21411	10501	-85	-97	10	30.26	76.83	3.705
2015-07-30 13:29:25.182	21411	10501	-88	-97	10	30.52	77.3	3.705
2015-07-30 14:03:38.738	21411	10501	-91	-91	10
2015-07-30 14:13:58.027	21411	10501	-88	-97	10	31.5	77.72	3.705
2015-07-30 15:07:52.467	21411	10501	-88	-97	10	32.55	78.23	3.717
2015-07-30 15:30:36.126	21411	10501	-91	-97	10	33.44	80.4	3.717
2015-07-30 15:40:05.434	21411	10501	-88	-97	10
2015-07-30 15:48:59.174	21411	10501	-88	-97	10
2015-07-30 15:58:51.035	21411	10501	-91	-97	10	32.83	79.31	3.717
2015-07-30 16:32:38.343	21411	10501	-88	-97	10	32.11	77.62	3.717
2015-07-30 17:09:25.875	21411	10501	-88	-97	10	32.38	79.06	3.717
2015-07-30 17:16:30.978	21411	10501	-88	-97	10
2015-07-30 17:23:56.075	21411	10501	-88	-97	10	31.83	78.28	3.717
2015-07-30 18:11:24.699	21411	10501	-88	-97	10	31.38	79.21	3.717
2015-07-30 18:25:20.35	21411	10501	-88	-97	10	30.61	77.59	3.717
2015-07-30 18:52:57.894	21411	10501	-94	-97	10
2015-07-30 19:06:46.314	21411	10501	-91	-97	10	29.02	76.03	3.717
2015-07-30 19:43:40.916	21411	10501	-88	-97	10	27.88	75.39	3.705
2015-07-30 19:45:55.778	21411	10501	-88	-97	10
2015-07-30 20:14:58.738	21411	10501	-88	-97	10	26.9	75.06	3.705
2015-07-30 20:25:59.851	21411	10501	-91	-97	10	26.47	75.03	3.717
2015-07-30 20:29:24.418	21411	10501	-91	-97	10
2015-07-30 21:08:09.866	21411	10501	-91	-88	10	25.41	74.86	3.705
2015-07-30 21:44:20.526	21411	10501	-91	-88	10	24.58	74.86	3.705
2015-07-30 21:55:44.11	21411	10501	-91	-97	10	24.52	74.98	3.717
2015-07-30 22:05:50.271	21411	10501	-88	-97	10
2015-07-30 22:42:21.507	21411	10501	-88	-88	10	23.6	75.02	3.705
2015-07-30 23:01:47.222	21411	10501	-91	-97	10	22.89	74.91	3.705
2015-07-30 23:36:02.639	21411	10501	-88	-97	10	22.4	74.95	3.705
2015-07-30 23:42:16.818	21411	10501	-88	-88	10
2015-07-30 23:42:51.834	21411	10501	-91	-97	10
2015-07-30 23:58:59.699	21411	10501	-91	-97	10	22.03	74.93	3.705
2015-07-31 00:25:01.594	21411	10501	-91	-97	10	21.78	75.02	3.705
2015-07-31 01:02:33.783	21411	10501	-88	-97	10	21.13	74.97	3.705
2015-07-31 01:18:43.747	21411	10501	-91	-97	10
2015-07-31 01:28:49.675	21411	10501	-88	-97	10	20.56	75.02	3.705
2015-07-31 01:53:08.503	21411	10501	-91	-97	10	20.18	74.94	3.705
2015-07-31 02:25:43.487	21411	10501	-88	-97	10	20.18	75.13	3.705
2015-07-31 02:55:09.418	21411	10501	-91	-97	10
2015-07-31 02:59:44.319	21411	10501	-91	-97	10	20.1	75.22	3.705
2015-07-31 03:29:17.747	21411	10501	-94	-91	10	20.02	75.34	3.705
2015-07-31 03:39:49.195	21411	10501	-91	-97	10
2015-07-31 03:53:26.466	21411	10501	-91	-97	10	19.68	75.22	3.705
2015-07-31 04:31:38.023	21411	10501	-91	-97	10
2015-07-31 04:35:55.318	21411	10501	-94	-88	10	19.04	75.06	3.693
2015-07-31 05:12:27.963	21411	10501	-91	-97	10	18.64	75.09	3.693
2015-07-31 05:34:28.71	21411	10501	-91	-97	10	18.46	75.11	3.705
2015-07-31 06:05:35.186	21411	10501	-88	-97	10	18.29	75.15	3.693
2015-07-31 06:08:02.582	21411	10501	-91	-97	10
2015-07-31 06:44:22.291	21411	10501	-88	-97	10	18.15	75.34	3.681
2015-07-31 06:53:13.066	21411	10501	-88	-97	10	18.08	75.33	3.717
2015-07-31 07:35:47.003	21411	10501	-88	-97	10	18.4	75.5	3.693
2015-07-31 07:36:45.714	21411	10501	-88	-97	10
2015-07-31 07:44:29.23	21411	10501	-88	-88	10
2015-07-31 08:03:52.794	21411	10501	-88	-97	10	18.85	75.77	3.693
2015-07-31 08:28:28.258	21411	10501	-88	-97	10	19.36	76.01	3.705
2015-07-31 08:56:22.335	21411	10501	-91	-97	10	20.29	76.38	3.693
2015-07-31 09:20:55.558	21411	10501	-88	-97	10
2015-07-31 09:23:12.015	21411	10501	-88	-97	10	21.36	76.71	3.693
2015-07-31 10:14:54.255	21411	10501	-88	-97	10	23.72	77.43	3.693
2015-07-31 10:40:03.65	21411	10501	-88	-97	10	25.4	76.93	3.693
2015-07-31 10:57:21.635	21411	10501	-88	-97	10
2015-07-31 11:02:26.25	21411	10501	-91	-97	10	25.94	77.2	3.705
2015-07-31 11:27:38.975	21411	10501	-91	-88	10	27.07	76.75	3.705
2015-07-31 11:33:43.483	21411	10501	-91	-97	10
2015-07-31 12:08:18.055	21411	10501	-91	-91	10	29.08	75.88	3.705
2015-07-31 12:33:49.608	21411	10501	-91	-97	10
2015-07-31 12:37:01.982	21411	10501	-88	-97	10	29.75	76.09	3.705
2015-07-31 13:12:24.162	21411	10501	-88	-97	10	30.36	77.05	3.705
2015-07-31 13:32:11.474	21411	10501	-88	-88	10	30.13	77.11	3.717
2015-07-31 13:55:12.13	21411	10501	-88	-88	10	30.76	76.93	3.705
2015-07-31 14:10:15.875	21411	10501	-94	-97	10
2015-07-31 14:39:03.371	21411	10501	-88	-97	10	31.36	77.05	3.705
2015-07-31 14:58:49.111	21411	10501	-88	-97	10	31.08	77.55	3.705
2015-07-31 15:34:08.36	21411	10501	-94	-97	10	30.27	76.72	3.729
2015-07-31 15:46:42.743	21411	10501	-94	-88	10
2015-07-31 15:58:20.214	21411	10501	-91	-97	10	30.72	76.73	3.717
2015-07-31 16:33:44.606	21411	10501	-91	-97	10	30.61	77.13	3.729
2015-07-31 18:59:34.667	21411	10501	-91	-97	10
2015-07-31 19:06:35.051	21411	10501	-88	-97	10	28.3	76.14	3.705
2015-07-31 19:27:34.963	21411	10501	-91	-97	10
2015-07-31 19:40:47.751	21411	10501	-91	-97	10	27.69	75.66	3.705
2015-07-31 20:11:34.93	21411	10501	-88	-97	10	27.11	75.41	3.705
2015-07-31 20:35:51.094	21411	10501	-91	-97	10	26.47	75.23	3.705
2015-07-31 20:36:01.706	21411	10501	-91	-97	10
2015-07-31 21:13:41.898	21411	10501	-91	-97	10	25.55	75.05	3.705
2015-07-31 21:38:06.767	21411	10501	-88	-97	10	24.58	75.05	3.705
2015-07-31 22:02:34.759	21411	10501	-88	-97	10	24.11	74.99	3.705
2015-07-31 22:12:27.243	21411	10501	-94	-97	10
2015-07-31 22:35:58.266	21411	10501	-88	-97	10	24.15	75.02	3.705
2015-07-31 22:54:04.572	21411	10501	-88	-88	10	23.95	75.14	3.705
2015-07-31 23:24:31.444	21411	10501	-88	-97	10
2015-07-31 23:30:01.487	21411	10501	-91	-97	10	23.5	75.16	3.705
2015-07-31 23:48:54.363	21411	10501	-88	-97	10
2015-08-01 00:01:02.123	21411	10501	-88	-97	10	23.32	75.16	3.705
2015-08-01 00:24:57.051	21411	10501	-88	-91	10	23.1	75.14	3.705
2015-08-01 00:52:50.49	21411	10501	-91	-88	10	22.86	75.26	3.705
2015-08-01 01:23:41.283	21411	10501	-91	-97	10	22.93	75.38	3.705
2015-08-01 01:25:20.346	21411	10501	-91	-97	10
2015-08-01 02:02:21.431	21411	10501	-91	-97	10	22.9	75.48	3.693
2015-08-01 02:24:28.402	21411	10501	-88	-97	10	22.72	75.45	3.705
2015-08-01 02:54:57.803	21411	10501	-88	-97	10	22.51	75.38	3.705
2015-08-01 03:01:46.786	21411	10501	-91	-97	10
2015-08-01 03:39:35.002	21411	10501	-91	-91	10	21.92	75.23	3.693
2015-08-01 04:04:32.854	21411	10501	-91	-88	10	21.44	75.19	3.705
2015-08-01 04:28:11.514	21411	10501	-91	-97	10	21.13	74.99	3.705
2015-08-01 04:38:13.298	21411	10501	-91	-97	10
2015-08-01 05:09:32.687	21411	10501	-91	-97	10	20.36	74.92	3.693
2015-08-01 05:24:00.159	21411	10501	-91	-88	10	19.93	74.92	3.705
2015-08-01 06:01:35.486	21411	10501	-91	-97	10	19.29	74.82	3.693
2015-08-01 06:14:39.955	21411	10501	-88	-97	10
2015-08-01 06:40:31.43	21411	10501	-88	-97	10	18.52	74.88	3.693
2015-08-01 06:52:55.347	21411	10501	-91	-97	10	18.39	74.88	3.705
2015-08-01 07:18:24.879	21411	10501	-91	-97	10
2015-08-01 07:35:11.91	21411	10501	-88	-97	10	18.86	75.21	3.693
2015-08-01 07:51:09.403	21411	10501	-91	-88	10
2015-08-01 08:03:38.775	21411	10501	-91	-97	10	19.22	75.45	3.693
2015-08-01 09:12:16.199	21411	10501	-91	-91	10	20.86	76.15	3.693
2015-08-01 09:27:33.007	21411	10501	-88	-97	10
2015-08-01 09:29:40.507	21411	10501	-88	-97	10	21.43	76.37	3.705
2015-08-01 10:09:31.295	21411	10501	-94	-97	10	22.76	76.8	3.693
2015-08-01 10:22:55.503	21411	10501	-91	-97	10	23.53	76.8	3.705
2015-08-01 11:03:59.491	21411	10501	-94	-88	10
2015-08-01 11:10:05.031	21411	10501	-88	-97	10	24.8	77.11	3.693
2015-08-01 11:15:21.071	21411	10501	-91	-97	10
2015-08-01 11:25:12.955	21411	10501	-94	-97	10	25.19	76.32	3.705
2015-08-01 12:00:43.607	21411	10501	-91	-88	10	26.99	76.41	3.693
2015-08-01 12:28:29.415	21411	10501	-94	-97	10	27.66	76.56	3.705
2015-08-01 12:58:01.562	21411	10501	-88	-88	10	28.27	76.66	3.705
2015-08-01 13:24:44.303	21411	10501	-91	-97	10	27.96	76.68	3.705
2015-08-01 15:09:12.318	21411	10501	-94	-88	10	30.04	77.89	3.705
2015-08-01 16:06:17.51	21411	10501	-91	-97	10	30.21	78.15	3.705
2015-08-01 17:23:07.576	21411	10501	-91	-88	10	28.49	76.29	3.705
2015-08-01 18:57:13.378	21411	10501	-88	-88	10	25.11	74.82	3.705
2015-08-01 22:19:04.735	21411	10501	-88	-97	10
2015-08-01 22:41:32.007	21411	10501	-88	-97	10	20.6	74.78	3.693
2015-08-01 23:01:44.123	21411	10501	-88	-97	10	20.29	74.8	3.705
2015-08-01 23:06:11.662	21411	10501	-88	-97	10
2015-08-01 23:26:45.595	21411	10501	-85	-97	10	20.02	74.8	3.705
2015-08-01 23:55:31.63	21411	10501	-88	-97	10
2015-08-02 00:14:52.99	21411	10501	-88	-97	10	19.38	74.84	3.693
2015-08-02 00:30:28.863	21411	10501	-88	-88	10	19.27	74.89	3.705
2015-08-02 01:02:14.23	21411	10501	-91	-88	10	19.25	74.89	3.693
2015-08-02 01:31:57.686	21411	10501	-88	-97	10
2015-08-02 01:43:11.27	21411	10501	-88	-97	10	18.65	75.01	3.693
2015-08-02 02:11:47.354	21411	10501	-88	-85	10	18.75	75.17	3.693
2015-08-02 02:35:25.026	21411	10501	-88	-88	10	19.18	75.2	3.693
2015-08-02 03:03:09.358	21411	10501	-88	-97	10
2015-08-02 03:07:23.738	21411	10501	-88	-97	10	19.24	75.24	3.693
2015-08-02 03:08:23.974	21411	10501	-88	-97	10
2015-08-02 03:25:51.09	21411	10501	-88	-88	10	18.82	75.15	3.705
2015-08-02 04:12:26.37	21411	10501	-88	-88	10	17.95	74.82	3.681
2015-08-02 04:35:00.07	21411	10501	-88	-88	10	17.46	74.75	3.693
2015-08-02 04:44:50.575	21411	10501	-88	-97	10
2015-08-02 04:54:28.011	21411	10501	-91	-97	10	17.25	74.71	3.705
2015-08-02 05:28:19.623	21411	10501	-88	-97	10	17.47	74.88	3.693
2015-08-02 05:57:31.054	21411	10501	-88	-97	10	17.57	75.04	3.693
2015-08-02 06:21:17.886	21411	10501	-91	-97	10
2015-08-02 06:29:35.258	21411	10501	-88	-97	10	17.75	75.2	3.693
2015-08-02 07:00:05.042	21411	10501	-85	-97	10
2015-08-02 07:07:59.383	21411	10501	-88	-97	10	18.06	75.35	3.693
2015-08-02 07:44:58.398	21411	10501	-88	-97	10	18.43	75.5	3.693
2015-08-02 07:57:44.174	21411	10501	-91	-97	10
2015-08-02 08:05:32.81	21411	10501	-88	-97	10	18.68	75.66	3.693
2015-08-02 08:38:39.582	21411	10501	-88	-97	10	19.5	76.09	3.693
2015-08-02 09:11:24.899	21411	10501	-91	-97	10	20.2	76.18	3.693
2015-08-02 09:34:10.19	21411	10501	-91	-97	10
2015-08-02 09:40:48.81	21411	10501	-88	-97	10	21.2	76.38	3.693
2015-08-02 09:55:49.539	21411	10501	-88	-88	10	21.81	76.56	3.705
2015-08-02 10:37:20.822	21411	10501	-91	-88	10	24.0	76.27	3.693
2015-08-02 10:57:01.17	21411	10501	-91	-85	10
2015-08-02 11:00:54.15	21411	10501	-88	-97	10	24.74	76.39	3.693
2015-08-02 11:10:43.25	21411	10501	-88	-91	10
2015-08-02 11:29:38.21	21411	10501	-88	-97	10	26.16	76.57	3.693
2015-08-02 12:31:10.802	21411	10501	-91	-97	10	28.16	75.67	3.705
2015-08-02 12:47:05.734	21411	10501	-91	-97	10
2015-08-02 12:59:33.386	21411	10501	-91	-97	10	28.21	76.43	3.693
2015-08-02 13:34:27.486	21411	10501	-94	-97	10	29.25	76.85	3.693
2015-08-02 13:56:12.246	21411	10501	-88	-97	10	30.19	77.12	3.705
2015-08-02 14:23:30.722	21411	10501	-91	-97	10
2015-08-02 14:36:47.974	21411	10501	-88	-97	10	29.83	76.69	3.705
2015-08-02 14:53:58.735	21411	10501	-88	-97	10
2015-08-02 15:12:45.951	21411	10501	-94	-97	10	31.41	77.34	3.705
2015-08-02 15:38:55.682	21411	10501	-88	-97	10	32.36	80.75	3.705
2015-08-02 15:58:55.142	21411	10501	-88	-97	10	31.63	78.33	3.705
2015-08-02 16:36:27.051	21411	10501	-91	-91	10	31.46	77.57	3.705
2015-08-02 17:00:22.343	21411	10501	-88	-97	10	30.8	77.11	3.705
2015-08-02 17:27:00.515	21411	10501	-91	-97	10	30.41	76.25	3.705
2015-08-02 17:36:23.079	21411	10501	-94	-91	10
2015-08-02 18:13:00.886	21411	10501	-94	-88	10	30.97	77.91	3.705
2015-08-02 18:35:41.578	21411	10501	-91	-94	10	29.66	76.33	3.705
2015-08-02 18:50:54.506	21411	10501	-88	-97	10
2015-08-02 19:04:59.082	21411	10501	-88	-88	10	29.41	75.86	3.705
2015-08-02 19:12:50.143	21411	10501	-94	-97	10
2015-08-02 19:38:06.427	21411	10501	-91	-97	10	28.44	75.28	3.705
2015-08-02 19:59:47.91	21411	10501	-91	-88	10	27.8	74.99	3.705
2015-08-02 20:37:28.351	21411	10501	-91	-85	10	26.99	74.69	3.693
2015-08-02 20:49:16.546	21411	10501	-88	-97	10
2015-08-02 20:59:12.606	21411	10501	-88	-97	10	26.52	74.63	3.705
2015-08-02 21:57:37.782	21411	10501	-88	-97	10	25.72	74.64	3.705
2015-08-02 22:25:42.355	21411	10501	-88	-97	10
2015-08-02 22:36:04.246	21411	10501	-88	-97	10	25.19	74.65	3.705
2015-08-02 22:47:51.442	21411	10501	-88	-85	10
2015-08-02 23:04:34.255	21411	10501	-91	-97	10	24.9	74.64	3.705
2015-08-03 00:01:41.487	21411	10501	-91	-97	10	24.38	74.68	3.705
2015-08-03 00:02:09.194	21411	10501	-91	-97	10
2015-08-03 00:24:12.082	21411	10501	-88	-97	10	24.19	74.7	3.705
2015-08-03 00:52:37.615	21411	10501	-91	-97	10	24.0	74.74	3.705
2015-08-03 01:29:15.703	21411	10501	-88	-97	10	23.7	74.68	3.693
2015-08-03 01:38:35.738	21411	10501	-88	-97	10
2015-08-03 02:04:20.167	21411	10501	-88	-97	10	23.27	74.71	3.693
2015-08-03 02:42:20.291	21411	10501	-91	-85	10	22.84	74.6	3.693
2015-08-03 02:44:47.707	21411	10501	-88	-97	10
2015-08-03 03:00:05.016	21411	10501	-88	-97	10	22.18	74.58	3.705
2015-08-03 03:15:02.378	21411	10501	-88	-97	10
2015-08-03 03:34:24.235	21411	10501	-88	-97	10	21.86	74.49	3.693
2015-08-03 04:03:26.414	21411	10501	-91	-97	10	21.39	74.45	3.693
2015-08-03 04:51:28.33	21411	10501	-91	-88	10
2015-08-03 05:11:14.886	21411	10501	-91	-88	10	20.68	74.5	3.693
2015-08-03 05:26:20.918	21411	10501	-88	-97	10	20.54	74.47	3.705
2015-08-03 06:13:36.095	21411	10501	-91	-97	10	20.07	74.54	3.693
2015-08-03 06:27:54.202	21411	10501	-88	-85	10
2015-08-03 06:28:12.026	21411	10501	-88	-97	10	19.82	74.6	3.705
2015-08-03 06:41:44.086	21411	10501	-88	-97	10
2015-08-03 06:53:28.278	21411	10501	-91	-97	10	19.81	74.6	3.693
2015-08-03 07:23:26.531	21411	10501	-91	-88	10	19.67	74.62	3.693
2015-08-03 07:57:38.667	21411	10501	-91	-88	10	19.78	74.92	3.693
2015-08-03 08:04:21.146	21411	10501	-91	-88	10
2015-08-03 09:06:24.883	21411	10501	-88	-97	10	20.43	75.34	3.693
2015-08-03 09:30:54.163	21411	10501	-88	-97	10	20.99	75.61	3.693
2015-08-03 09:40:47.995	21411	10501	-88	-97	10
2015-08-03 09:59:14.838	21411	10501	-91	-97	10	21.58	75.79	3.693
2015-08-03 10:30:18.899	21411	10501	-88	-91	10	22.27	75.92	3.693
2015-08-03 10:38:40.747	21411	10501	-88	-91	10
2015-08-03 11:13:04.062	21411	10501	-91	-97	10	23.74	75.68	3.693
2015-08-03 11:17:14.638	21411	10501	-91	-88	10
2015-08-03 11:59:41.126	21411	10501	-94	-97	10	25.54	75.62	3.693
2015-08-03 12:41:25.798	21411	10501	-91	-97	10	26.88	75.72	3.693
2015-08-03 12:59:00.747	21411	10501	-91	-97	10	27.13	76.13	3.705
2015-08-03 13:33:42.034	21411	10501	-91	-97	10	27.69	76.27	3.693
2015-08-03 14:30:07.539	21411	10501	-91	-97	10
2015-08-03 14:39:41.626	21411	10501	-91	-88	10	30.25	77.05	3.705
2015-08-03 15:14:06.002	21411	10501	-88	-88	10	29.88	77.06	3.705
2015-08-03 15:37:04.483	21411	10501	-91	-97	10	29.47	77.01	3.705
2015-08-03 16:02:13.362	21411	10501	-91	-88	10	28.21	75.87	3.705
2015-08-03 16:06:33.482	21411	10501	-88	-88	10
2015-08-03 17:00:35.595	21411	10501	-91	-97	10	26.49	75.01	3.705
2015-08-03 17:37:34.383	21411	10501	-91	-97	10	24.51	74.35	3.693
2015-08-03 17:43:00.354	21411	10501	-94	-97	10
2015-08-03 17:59:50.11	21411	10501	-88	-97	10	24.2	74.65	3.693
2015-08-03 18:32:33.77	21411	10501	-91	-97	10
2015-08-03 19:07:22.987	21411	10501	-88	-97	10	23.9	74.89	3.693
2015-08-03 19:19:26.75	21411	10501	-91	-97	10
2015-08-03 19:32:32.862	21411	10501	-88	-97	10	23.46	74.75	3.705
2015-08-03 20:06:30.134	21411	10501	-94	-97	10	22.88	74.5	3.693
2015-08-04 02:58:04.206	21411	10501	-94	-97	10	18.4	74.54	3.693
2015-08-04 03:21:38.911	21411	10501	-94	-97	10
2015-08-04 03:44:12.907	21411	10501	-94	-94	10	18.22	74.58	3.681
2015-08-04 04:03:54.191	21411	10501	-94	-97	10	17.97	74.53	3.693
2015-08-04 04:23:35.29	21411	10501	-94	-97	10	17.7	74.5	3.693
2015-08-04 04:58:06.027	21411	10501	-94	-97	10
2015-08-04 05:00:02.783	21411	10501	-94	-97	10	17.52	74.55	3.693
2015-08-04 05:24:30.231	21411	10501	-94	-97	10	17.35	74.54	3.693
2015-08-04 11:09:40.51	21411	10501	-94	-94	10	22.72	75.34	3.681
2015-08-04 11:23:51.69	21411	10501	-88	-97	10
2015-08-04 21:32:15.426	21411	10501	-88	-97	10	22.83	73.72	3.693
2015-08-04 22:00:40.374	21411	10501	-88	-97	10	21.99	73.61	3.693
2015-08-04 22:11:12.567	21411	10501	-88	-88	10
2015-08-04 22:29:14.466	21411	10501	-88	-97	10	21.11	73.71	3.693
2015-08-04 22:38:57.21	21411	10501	-88	-97	10
2015-08-04 22:59:02.226	21411	10501	-88	-97	10	20.31	73.59	3.693
2015-08-04 23:34:29.102	21411	10501	-88	-97	10	19.65	73.65	3.693
2015-08-05 00:01:35.594	21411	10501	-88	-97	10	19.27	73.66	3.693
2015-08-05 00:15:23.086	21411	10501	-88	-97	10
2015-08-05 00:41:22.11	21411	10501	-88	-88	10	18.78	73.78	3.693
2015-08-05 01:07:05.114	21411	10501	-91	-97	10	18.36	73.77	3.693
2015-08-05 01:41:12.902	21411	10501	-88	-97	10	18.02	74.03	3.693
2015-08-05 01:51:50.054	21411	10501	-88	-97	10
2015-08-05 02:08:07.23	21411	10501	-91	-97	10
2015-08-05 02:11:18.598	21411	10501	-88	-97	10	17.75	73.93	3.693
2015-08-05 02:40:48.694	21411	10501	-88	-97	10	17.5	74.04	3.693
2015-08-05 03:11:06.93	21411	10501	-91	-85	10	17.22	74.01	3.693
2015-08-05 03:28:16.182	21411	10501	-88	-97	10
2015-08-05 03:41:37.03	21411	10501	-91	-97	10	17.07	74.11	3.693
2015-08-05 04:13:55.95	21411	10501	-91	-97	10	16.65	74.11	3.693
2015-08-05 04:33:33.235	21411	10501	-88	-97	10	16.57	73.99	3.693
2015-08-05 05:04:43.168	21411	10501	-88	-88	10
2015-08-05 05:09:35.146	21411	10501	-88	-97	10	16.38	74.11	3.693
2015-08-05 05:39:16.282	21411	10501	-88	-97	10	16.24	74.11	3.693
2015-08-05 06:05:04.419	21411	10501	-91	-88	10
2015-08-05 06:14:14.951	21411	10501	-88	-88	10	16.06	74.15	3.693
2015-08-05 06:27:03.886	21411	10501	-91	-97	10	15.95	74.15	3.705
2015-08-05 06:41:09.35	21411	10501	-88	-88	10
2015-08-05 07:09:40.008	21411	10501	-88	-88	10	16.04	74.28	3.681
2015-08-05 07:29:40.347	21411	10501	-88	-97	10	16.32	74.44	3.693
2015-08-05 08:17:35.93	21411	10501	-94	-97	10
2015-08-05 08:38:10.63	21411	10501	-88	-97	10	18.07	75.11	3.681
2015-08-05 12:12:01.107	21411	10501	-91	-88	10	26.1	75.4	3.693
2015-08-05 13:03:27.018	21411	10501	-94	-91	10	25.94	75.29	3.693
2015-08-05 13:06:55.826	21411	10501	-91	-97	10
2015-08-05 15:28:03.218	21411	10501	-88	-85	10	28.35	76.67	3.705
2015-08-05 16:35:23.898	21411	10501	-88	-88	10	28.22	76.76	3.693
2015-08-05 17:55:56.758	21411	10501	-88	-88	10
2015-08-05 17:59:29.698	21411	10501	-88	-97	10	27.44	77.34	3.693
2015-08-05 18:55:15.546	21411	10501	-88	-85	10	26.16	75.69	3.693
2015-08-05 19:32:42.383	21411	10501	-88	-88	10
2015-08-05 20:06:37.811	21411	10501	-88	-85	10	23.65	74.07	3.693
2015-08-05 20:30:05.359	21411	10501	-88	-97	10	22.9	73.84	3.693
2015-08-05 21:09:08.683	21411	10501	-88	-97	10
2015-08-05 21:11:16.915	21411	10501	-88	-97	10	21.77	73.71	3.693
2015-08-05 21:34:49.079	21411	10501	-88	-97	10	21.26	73.69	3.693
2015-08-05 21:52:50.63	21411	10501	-88	-97	10
2015-08-05 21:54:17.702	21411	10501	-88	-97	10	20.86	73.72	3.705
2015-08-05 22:37:40.59	21411	10501	-88	-97	10	19.78	73.59	3.681
2015-08-05 22:45:34.278	21411	10501	-88	-97	10
2015-08-05 23:14:10.659	21411	10501	-88	-97	10	18.93	73.54	3.693
2015-08-05 23:36:42.247	21411	10501	-88	-88	10	18.4	73.49	3.693
2015-08-06 00:02:27.788	21411	10501	-85	-97	10	18.29	73.47	3.693
2015-08-06 00:22:01.23	21411	10501	-88	-97	10
2015-08-06 00:42:33.27	21411	10501	-88	-88	10	17.63	73.6	3.681
2015-08-06 00:54:20.586	21411	10501	-88	-97	10	17.39	73.59	3.705
2015-08-06 01:24:19.242	21411	10501	-88	-97	10	16.95	73.55	3.693
2015-08-06 01:49:46.75	21411	10501	-88	-97	10
2015-08-06 01:58:27.726	21411	10501	-88	-97	10
2015-08-06 02:07:04.963	21411	10501	-88	-97	10	16.35	73.54	3.681
2015-08-06 02:34:33.727	21411	10501	-88	-97	10	15.96	73.38	3.693
2015-08-06 02:56:44.751	21411	10501	-91	-97	10	15.56	73.44	3.693
2015-08-06 03:34:53.466	21411	10501	-88	-97	10
2015-08-06 03:41:18.266	21411	10501	-88	-97	10	15.18	73.61	3.681
2015-08-06 03:56:38.758	21411	10501	-88	-97	10	15.04	73.58	3.693
2015-08-06 04:33:26.736	21411	10501	-88	-97	10	14.82	73.72	3.681
2015-08-06 05:11:20.526	21411	10501	-88	-88	10
2015-08-06 05:42:22.122	21411	10501	-88	-88	10	14.22	73.73	3.693
2015-08-06 05:46:43.534	21411	10501	-88	-97	10
2015-08-06 06:05:51.53	21411	10501	-88	-97	10	14.14	73.74	3.693
2015-08-06 06:34:21.854	21411	10501	-88	-97	10	13.89	73.72	3.693
2015-08-06 06:47:46.975	21411	10501	-88	-97	10
2015-08-06 07:12:58.486	21411	10501	-88	-97	10	14.04	73.88	3.681
2015-08-06 07:26:29.642	21411	10501	-88	-97	10	14.18	74.07	3.693
2015-08-06 08:01:55.498	21411	10501	-88	-97	10	14.65	74.48	3.681
2015-08-06 08:24:13.655	21411	10501	-88	-97	10
2015-08-06 08:34:13.662	21411	10501	-88	-97	10	15.61	74.91	3.681
2015-08-06 09:07:04.266	21411	10501	-88	-97	10	16.7	75.31	3.681
2015-08-06 09:43:30.406	21411	10501	-88	-85	10	17.39	75.53	3.681
2015-08-06 10:02:23.102	21411	10501	-88	-97	10	17.93	75.67	3.693
2015-08-06 11:13:21.09	21411	10501	-88	-97	10	19.7	75.84	3.681
2015-08-06 11:27:34.571	21411	10501	-88	-97	10	20.0	75.9	3.693
2015-08-06 11:37:06.599	21411	10501	-88	-97	10
2015-08-06 16:08:16.206	21411	10501	-88	-97	10	21.36	75.12	3.681
2015-08-06 16:26:26.331	21411	10501	-88	-97	10
2015-08-06 16:38:09.655	21411	10501	-91	-97	10	21.26	74.97	3.681
2015-08-06 17:12:13.395	21411	10501	-88	-97	10	21.4	75.13	3.681
2015-08-06 17:37:33.942	21411	10501	-88	-97	10
2015-08-06 17:42:44.382	21411	10501	-88	-97	10	21.79	75.83	3.681
2015-08-06 18:02:52.606	21411	10501	-88	-97	10
2015-08-06 18:04:52.014	21411	10501	-88	-97	10	21.54	75.59	3.693
2015-08-06 18:42:30.263	21411	10501	-88	-88	10	21.11	74.97	3.681
2015-08-06 19:10:43.906	21411	10501	-88	-97	10	21.58	75.27	3.681
2015-08-06 19:39:18.618	21411	10501	-88	-97	10
2015-08-06 19:43:50.534	21411	10501	-88	-97	10	21.15	74.76	3.681
2015-08-06 20:08:42.994	21411	10501	-88	-97	10	20.43	74.34	3.693
2015-08-06 20:28:38.39	21411	10501	-88	-97	10	19.82	74.09	3.693
2015-08-06 20:53:00.566	21411	10501	-88	-97	10	19.07	73.81	3.693
2015-08-06 21:15:45.127	21411	10501	-88	-97	10
2015-08-06 21:34:22.106	21411	10501	-91	-97	10	18.06	73.5	3.681
2015-08-06 21:34:30.194	21411	10501	-88	-97	10
2015-08-06 22:03:48.062	21411	10501	-88	-88	10	17.54	73.56	3.681
2015-08-06 22:37:17.146	21411	10501	-88	-97	10	17.24	73.69	3.681
2015-08-06 22:52:11.41	21411	10501	-88	-97	10
2015-08-06 23:11:54.542	21411	10501	-91	-97	10	17.1	73.82	3.681
2015-08-06 23:35:06.282	21411	10501	-91	-97	10	16.96	73.87	3.693
2015-08-06 23:59:10.57	21411	10501	-91	-97	10	16.83	73.96	3.693
2015-08-07 00:25:05.371	21411	10501	-88	-97	10	16.79	73.98	3.693
2015-08-07 00:28:38.33	21411	10501	-88	-97	10
2015-08-07 01:13:30.334	21411	10501	-88	-97	10	16.43	73.96	3.669
2015-08-07 01:23:34.482	21411	10501	-88	-97	10	16.32	73.96	3.693
2015-08-07 01:31:26.778	21411	10501	-88	-97	10
2015-08-07 02:05:04.738	21411	10501	-88	-88	10
2015-08-07 02:10:10.022	21411	10501	-88	-97	10	15.89	73.85	3.669
2015-08-07 02:27:20.367	21411	10501	-88	-97	10	15.65	73.83	3.693
2015-08-07 03:01:09.558	21411	10501	-88	-97	10	15.32	73.79	3.681
2015-08-07 03:39:26.855	21411	10501	-88	-97	10	15.13	73.83	3.681
2015-08-07 03:41:33.371	21411	10501	-88	-97	10
2015-08-07 04:28:06.122	21411	10501	-91	-97	10	14.72	73.86	3.681
2015-08-07 05:18:00.746	21411	10501	-88	-97	10
2015-08-07 05:28:28.946	21411	10501	-88	-97	10
2015-08-07 06:25:00.426	21411	10501	-88	-97	10	14.38	73.97	3.681
2015-08-07 06:52:36.778	21411	10501	-88	-97	10	14.32	74.04	3.681
2015-08-07 07:24:11.182	21411	10501	-88	-85	10	14.49	74.18	3.681
2015-08-07 07:57:16.13	21411	10501	-88	-97	10	14.97	74.36	3.681
2015-08-07 08:38:27.434	21411	10501	-88	-88	10	16.1	75.01	3.669
2015-08-07 08:56:10.754	21411	10501	-88	-97	10	16.47	74.87	3.681
2015-08-07 09:25:20.514	21411	10501	-88	-97	10
2015-08-07 09:32:17.651	21411	10501	-85	-88	10	17.61	75.44	3.681
2015-08-07 10:07:16.926	21411	10501	-88	-85	10
2015-08-07 10:08:35.083	21411	10501	-88	-97	10	19.32	76.0	3.681
2015-08-07 10:30:00.767	21411	10501	-91	-97	10	20.82	75.53	3.681
2015-08-07 11:43:44.491	21411	10501	-88	-97	10
2015-08-07 11:44:26.518	21411	10501	-88	-97	10	24.29	75.38	3.681
2015-08-07 12:09:00.099	21411	10501	-88	-97	10	24.9	75.91	3.681
2015-08-07 12:39:09.186	21411	10501	-91	-97	10	25.55	75.68	3.681
2015-08-07 12:53:59.843	21411	10501	-88	-97	10	25.44	75.93	3.693
2015-08-07 13:20:10.834	21411	10501	-88	-97	10
2015-08-07 13:22:16.454	21411	10501	-91	-97	10
2015-08-07 13:36:58.198	21411	10501	-88	-97	10	25.18	75.61	3.681
2015-08-07 14:36:00.179	21411	10501	-88	-97	10	25.04	75.52	3.681
2015-08-07 14:56:37.419	21411	10501	-88	-97	10
2015-08-07 15:04:11.715	21411	10501	-88	-97	10	25.4	75.65	3.693
2015-08-07 15:42:40.483	21411	10501	-91	-97	10	25.38	75.59	3.681
2015-08-07 15:57:41.371	21411	10501	-88	-97	10	25.43	75.52	3.693
2015-08-07 16:33:03.314	21411	10501	-88	-97	10
2015-08-07 16:34:49.554	21411	10501	-88	-97	10	24.86	75.1	3.693
2015-08-07 17:19:13.354	21411	10501	-88	-97	10
2015-08-07 17:41:43.482	21411	10501	-88	-97	10	24.49	74.87	3.693
2015-08-07 18:01:56.598	21411	10501	-88	-97	10	24.29	74.8	3.693
2015-08-07 18:09:29.988	21411	10501	-88	-88	10
2015-08-07 18:42:08.81	21411	10501	-88	-97	10	24.28	74.91	3.681
2015-08-07 19:09:06.85	21411	10501	-88	-85	10	24.29	75.02	3.693
2015-08-07 19:40:12.286	21411	10501	-88	-88	10	23.76	74.75	3.693
2015-08-07 19:45:56.051	21411	10501	-88	-97	10
2015-08-07 19:53:42.77	21411	10501	-88	-97	10	23.64	74.7	3.693
2015-08-07 20:30:08.862	21411	10501	-88	-97	10	22.86	74.25	3.693
2015-08-07 21:12:02.134	21411	10501	-88	-97	10	21.9	73.98	3.681
2015-08-07 21:16:10.463	21411	10501	-88	-97	10
2015-08-07 21:22:22.334	21411	10501	-88	-97	10
2015-08-07 21:27:08.75	21411	10501	-88	-97	10	21.54	73.94	3.693
2015-08-07 22:08:06.975	21411	10501	-88	-88	10	20.77	73.78	3.681
2015-08-07 22:27:35.974	21411	10501	-88	-97	10	20.33	73.73	3.693
2015-08-07 22:54:42.49	21411	10501	-88	-97	10	19.92	73.76	3.693
2015-08-07 22:58:49.806	21411	10501	-88	-97	10
2015-08-07 23:42:49.075	21411	10501	-88	-97	10	19.25	73.73	3.681
2015-08-07 23:56:21.367	21411	10501	-88	-97	10	19.04	73.8	3.693
2015-08-08 00:35:16.115	21411	10501	-88	-97	10
2015-08-08 00:36:02.655	21411	10501	-88	-97	10	18.5	73.83	3.681
2015-08-08 01:01:43.002	21411	10501	-88	-97	10	18.28	73.84	3.693
2015-08-08 01:13:06.855	21411	10501	-88	-88	10
2015-08-08 01:37:02.755	21411	10501	-88	-97	10	17.97	73.97	3.681
2015-08-08 01:59:58.038	21411	10501	-88	-97	10	18.02	74.06	3.693
2015-08-08 02:11:42.182	21411	10501	-88	-97	10
2015-08-08 02:33:36.146	21411	10501	-88	-88	10	17.97	74.08	3.681
2015-08-08 03:12:48.086	21411	10501	-88	-88	10	17.82	74.12	3.681
2015-08-08 03:25:40.146	21411	10501	-91	-97	10	17.81	74.15	3.693
2015-08-08 03:48:08.991	21411	10501	-91	-88	10
2015-08-08 04:05:20.322	21411	10501	-88	-97	10	17.78	74.22	3.681
2015-08-08 04:22:41.978	21411	10501	-88	-97	10	17.74	74.24	3.693
2015-08-08 05:03:43.47	21411	10501	-88	-88	10	17.81	74.26	3.681
2015-08-08 05:10:04.054	21411	10501	-88	-97	10
2015-08-08 05:24:35.278	21411	10501	-88	-97	10
2015-08-08 05:42:29.223	21411	10501	-88	-97	10	17.57	74.21	3.681
2015-08-08 06:07:43.414	21411	10501	-88	-88	10	17.39	74.12	3.693
2015-08-08 06:43:58.046	21411	10501	-88	-88	10	17.32	74.19	3.681
2015-08-08 07:01:02.511	21411	10501	-88	-97	10
2015-08-08 07:04:14.73	21411	10501	-88	-97	10	17.32	74.24	3.693
2015-08-08 07:37:50.138	21411	10501	-88	-97	10	17.32	74.3	3.681
2015-08-08 07:53:58.263	21411	10501	-88	-97	10	17.47	74.3	3.693
2015-08-08 08:24:34.422	21411	10501	-88	-97	10	18.04	74.6	3.681
2015-08-08 08:37:28.626	21411	10501	-88	-97	10
2015-08-08 09:01:31.494	21411	10501	-88	-97	10	19.2	75.2	3.681
2015-08-08 09:06:59.887	21411	10501	-88	-97	10
2015-08-08 09:28:04.938	21411	10501	-91	-97	10	20.15	75.42	3.681
2015-08-08 09:56:52.458	21411	10501	-88	-97	10	21.39	75.77	3.681
2015-08-08 10:13:55.531	21411	10501	-88	-97	10
2015-08-08 10:32:12.347	21411	10501	-91	-97	10	24.83	74.27	3.681
2015-08-08 12:36:08.432	21411	10501	-88	-85	10	26.41	75.74	3.693
2015-08-08 13:03:56.642	21411	10501	-88	-97	10
2015-08-08 13:04:31.875	21411	10501	-88	-97	10	26.76	75.73	3.693
2015-08-08 13:26:46.318	21411	10501	-91	-97	10	27.99	76.22	3.693
2015-08-08 13:26:48.026	21411	10501	-88	-97	10
2015-08-08 14:06:58.286	21411	10501	-91	-97	10	27.91	76.34	3.693
2015-08-08 14:40:51.61	21411	10501	-91	-88	10	27.66	75.65	3.693
2015-08-08 15:38:48.95	21411	10501	-88	-97	10	26.76	75.31	3.693
2015-08-08 15:58:50.51	21411	10501	-91	-97	10	28.49	75.79	3.693
2015-08-08 16:39:40.866	21411	10501	-88	-88	10
2015-08-08 16:42:20.466	21411	10501	-88	-97	10	28.63	77.25	3.693
2015-08-08 17:00:53.618	21411	10501	-91	-97	10
2015-08-08 17:10:29.094	21411	10501	-88	-97	10	27.27	75.97	3.693
2015-08-08 17:26:25.41	21411	10501	-91	-97	10	27.24	75.54	3.705
2015-08-08 18:10:44.87	21411	10501	-88	-97	10	26.46	74.67	3.693
2015-08-08 18:16:07.798	21411	10501	-88	-97	10
2015-08-08 18:31:30.794	21411	10501	-88	-97	10	25.96	74.41	3.693
2015-08-08 19:14:14.698	21411	10501	-88	-88	10	25.18	74.2	3.693
2015-08-08 19:30:56.838	21411	10501	-88	-97	10	24.99	74.22	3.693
2015-08-08 19:52:34.918	21411	10501	-88	-97	10
2015-08-08 20:11:56.186	21411	10501	-91	-97	10	24.38	74.1	3.693
2015-08-08 20:39:51.666	21411	10501	-88	-97	10	23.85	74.03	3.693
2015-08-08 20:57:50.058	21411	10501	-88	-97	10
2015-08-08 21:12:23.146	21411	10501	-88	-97	10	23.1	73.96	3.693
2015-08-08 21:28:59.93	21411	10501	-88	-97	10
2015-08-08 21:33:12.502	21411	10501	-91	-97	10	22.92	73.93	3.693
2015-08-08 21:53:28.014	21411	10501	-88	-97	10	22.52	73.88	3.693
2015-08-08 22:29:56.97	21411	10501	-88	-97	10	22.04	73.95	3.693
2015-08-08 23:13:00.954	21411	10501	-88	-97	10	21.58	73.92	3.681
2015-08-08 23:33:36.73	21411	10501	-88	-97	10	21.32	73.86	3.693
2015-08-09 00:06:31.835	21411	10501	-88	-97	10	21.03	73.94	3.693
2015-08-09 00:27:21.375	21411	10501	-88	-97	10	20.86	73.99	3.693
2015-08-09 00:41:53.294	21411	10501	-88	-97	10
2015-08-09 00:54:46.814	21411	10501	-88	-97	10
2015-08-09 00:58:09.098	21411	10501	-91	-97	10	20.72	73.99	3.693
2015-08-09 01:31:21.262	21411	10501	-88	-97	10	20.5	74.0	3.693
2015-08-09 01:53:35.627	21411	10501	-88	-97	10	20.32	74.02	3.693
2015-08-09 02:18:19.802	21411	10501	-88	-97	10
2015-08-09 02:32:09.194	21411	10501	-88	-97	10	20.28	74.1	3.681
2015-08-09 03:07:12.01	21411	10501	-88	-97	10	20.08	74.11	3.681
2015-08-09 03:26:40.078	21411	10501	-88	-97	10	19.97	74.12	3.693
2015-08-09 03:54:46.546	21411	10501	-88	-97	10
2015-08-09 04:08:19.99	21411	10501	-91	-97	10	19.75	74.1	3.681
2015-08-09 04:39:45.103	21411	10501	-88	-97	10	19.5	74.05	3.681
2015-08-09 04:51:43.078	21411	10501	-88	-97	10
2015-08-09 05:07:26.542	21411	10501	-88	-88	10	19.33	74.1	3.693
2015-08-09 05:31:12.671	21411	10501	-91	-91	10
2015-08-09 06:08:09.774	21411	10501	-91	-97	10	18.88	73.98	3.693
2015-08-09 06:40:38.974	21411	10501	-88	-97	10	18.68	74.0	3.681
2015-08-09 07:07:40.05	21411	10501	-88	-97	10
2015-08-09 07:07:47.91	21411	10501	-88	-97	10	18.68	74.11	3.681
2015-08-09 07:24:50.098	21411	10501	-88	-97	10	18.7	74.11	3.693
2015-08-09 07:58:29.566	21411	10501	-88	-97	10	18.83	74.25	3.681
2015-08-09 08:28:51.147	21411	10501	-88	-97	10	19.29	74.52	3.681
2015-08-09 08:44:05.322	21411	10501	-88	-97	10
2015-08-09 08:48:39.946	21411	10501	-91	-97	10
2015-08-09 09:05:52.195	21411	10501	-88	-97	10	20.46	74.97	3.681
2015-08-09 09:22:29.038	21411	10501	-88	-97	10	21.04	75.22	3.693
2015-08-09 09:59:20.158	21411	10501	-91	-97	10	22.75	75.83	3.681
2015-08-09 10:20:32.094	21411	10501	-91	-97	10
2015-08-09 10:22:33.282	21411	10501	-91	-97	10	24.65	76.21	3.693
2015-08-09 10:55:17.17	21411	10501	-88	-97	10	26.24	74.1	3.681
2015-08-09 11:56:58.523	21411	10501	-88	-97	10
2015-08-09 12:28:29.846	21411	10501	-91	-97	10	28.8	74.54	3.693
2015-08-09 13:08:57.126	21411	10501	-91	-91	10	29.26	75.69	3.693
2015-08-09 13:55:01.595	21411	10501	-91	-97	10	28.94	75.85	3.693
2015-08-09 14:28:08.402	21411	10501	-91	-97	10	29.02	75.37	3.693
2015-08-09 15:09:51.586	21411	10501	-91	-88	10
2015-08-09 15:32:05.39	21411	10501	-88	-97	10	30.9	77.35	3.693
2015-08-09 16:27:15.002	21411	10501	-88	-97	10	30.36	76.41	3.693
2015-08-09 16:42:32.347	21411	10501	-91	-91	10
2015-08-09 17:13:42.187	21411	10501	-88	-88	10	30.49	76.79	3.693
2015-08-09 17:29:51.579	21411	10501	-88	-97	10	30.0	76.17	3.693
2015-08-09 18:22:47.258	21411	10501	-91	-97	10
2015-08-09 19:00:12.694	21411	10501	-91	-97	10	28.05	74.7	3.693
2015-08-09 19:28:19.943	21411	10501	-88	-97	10	27.22	74.26	3.693
2015-08-09 19:56:37.691	21411	10501	-88	-97	10	26.26	73.94	3.693
2015-08-09 19:59:11.099	21411	10501	-91	-97	10
2015-08-09 20:34:43.31	21411	10501	-88	-97	10	25.13	73.58	3.693
2015-08-09 20:39:30.291	21411	10501	-91	-88	10
2015-08-09 20:58:03.627	21411	10501	-88	-97	10	24.52	73.5	3.693
2015-08-09 21:32:18.146	21411	10501	-88	-88	10	23.72	73.51	3.693
2015-08-09 21:35:38.131	21411	10501	-88	-97	10
2015-08-09 21:55:49.863	21411	10501	-88	-97	10	23.26	73.42	3.693
2015-08-09 22:38:09.735	21411	10501	-88	-97	10	22.57	73.5	3.693
2015-08-09 23:01:07.559	21411	10501	-91	-97	10	22.27	73.53	3.693
2015-08-09 23:12:03.419	21411	10501	-88	-85	10
2015-08-09 23:24:45.102	21411	10501	-88	-97	10	21.94	73.68	3.693
2015-08-10 00:10:04.899	21411	10501	-91	-88	10	21.69	73.77	3.681
2015-08-10 00:25:27.899	21411	10501	-88	-97	10	21.61	73.84	3.693
2015-08-10 00:36:26.055	21411	10501	-91	-88	10
2015-08-10 00:48:31.427	21411	10501	-91	-97	10
2015-08-10 01:13:28.454	21411	10501	-91	-88	10	21.33	73.9	3.681
2015-08-10 01:42:55.643	21411	10501	-91	-97	10	21.04	73.89	3.693
2015-08-10 02:09:09.071	21411	10501	-88	-97	10	20.83	73.85	3.693
2015-08-10 02:23:41.91	21411	10501	-88	-97	10	20.63	73.87	3.693
2015-08-10 02:24:57.839	21411	10501	-91	-97	10
2015-08-10 03:10:59.098	21411	10501	-91	-88	10	20.11	73.79	3.681
2015-08-10 03:36:41.598	21411	10501	-91	-97	10	19.83	73.79	3.693
2015-08-10 04:01:23.902	21411	10501	-91	-97	10
2015-08-10 04:04:52.678	21411	10501	-91	-97	10	19.6	73.77	3.693
2015-08-10 04:33:22.782	21411	10501	-91	-97	10	19.39	73.79	3.693
2015-08-10 04:33:24.974	21411	10501	-91	-97	10
2015-08-10 04:55:09.299	21411	10501	-88	-97	10	19.29	73.82	3.693
2015-08-10 05:26:27.199	21411	10501	-88	-97	10	19.11	73.9	3.681
2015-08-10 06:05:12.31	21411	10501	-88	-88	10	18.93	73.91	3.681
2015-08-10 07:14:19.734	21411	10501	-88	-88	10
2015-08-10 08:13:37.359	21411	10501	-88	-88	10	19.46	74.39	3.681
2015-08-10 08:29:48.078	21411	10501	-88	-97	10	19.96	74.6	3.693
2015-08-10 08:30:19.747	21411	10501	-88	-97	10
2015-08-10 08:50:42.698	21411	10501	-88	-97	10
2015-08-10 08:55:46.226	21411	10501	-88	-97	10	20.86	74.94	3.681
2015-08-10 09:27:41.542	21411	10501	-88	-97	10	22.14	75.38	3.681
2015-08-10 10:09:35.854	21411	10501	-88	-97	10	24.29	75.92	3.681
2015-08-10 10:27:10.043	21411	10501	-88	-88	10
2015-08-10 10:36:05.222	21411	10501	-91	-97	10	27.08	74.43	3.693
2015-08-10 11:05:13.23	21411	10501	-88	-88	10	28.11	75.24	3.693
2015-08-10 11:43:38.73	21411	10501	-88	-88	10	30.11	74.28	3.693
2015-08-10 12:03:36.494	21411	10501	-88	-85	10
2015-08-10 12:04:11.914	21411	10501	-88	-97	10	28.32	74.78	3.693
2015-08-10 12:27:16.074	21411	10501	-88	-97	10
2015-08-10 12:27:34.51	21411	10501	-88	-97	10	27.3	74.75	3.693
2015-08-10 13:03:01.407	21411	10501	-88	-88	10	27.11	74.58	3.693
2015-08-10 13:39:00.019	21411	10501	-88	-97	10	27.11	74.71	3.693
2015-08-10 13:40:02.746	21411	10501	-88	-97	10
2015-08-10 14:04:44.647	21411	10501	-88	-97	10	27.74	75.2	3.693
2015-08-10 14:35:39.142	21411	10501	-88	-97	10	28.18	75.48	3.693
2015-08-10 17:41:10.136	21411	10501	-85	-85	10	26.74	75.03	3.693
2015-08-10 18:13:04.826	21411	10501	-88	-97	10	26.8	75.21	3.693
2015-08-10 18:23:08.446	21411	10501	-88	-97	10	26.74	75.14	3.705
2015-08-10 18:29:22.798	21411	10501	-88	-97	10
2015-08-10 19:13:20.71	21411	10501	-88	-97	10	26.13	74.72	3.693
2015-08-10 19:43:13.546	21411	10501	-88	-97	10	25.85	74.5	3.693
2015-08-10 20:05:48.363	21411	10501	-88	-97	10
2015-08-10 20:10:38.446	21411	10501	-88	-97	10	25.36	74.26	3.693
2015-08-10 20:21:09.678	21411	10501	-88	-97	10
2015-08-10 20:32:16.066	21411	10501	-88	-97	10	25.02	74.2	3.693
2015-08-10 20:58:12.318	21411	10501	-88	-97	10	24.85	74.17	3.693
2015-08-10 21:37:18.39	21411	10501	-91	-97	10	24.8	74.21	3.693
2015-08-10 21:42:14.466	21411	10501	-88	-97	10
2015-08-10 21:52:21.462	21411	10501	-91	-97	10	24.69	74.25	3.693
2015-08-10 22:34:58.098	21411	10501	-88	-91	10	24.36	74.24	3.681
2015-08-10 23:13:10.358	21411	10501	-88	-97	10	23.93	74.15	3.693
2015-08-10 23:18:43.366	21411	10501	-88	-97	10
2015-08-10 23:28:41.106	21411	10501	-88	-97	10	23.79	74.13	3.693
2015-08-11 00:02:34.062	21411	10501	-94	-91	10	23.19	74.06	3.681
2015-08-11 00:18:05.95	21411	10501	-91	-97	10
2015-08-11 00:38:11.498	21411	10501	-91	-91	10	22.51	74.18	3.681
2015-08-11 00:55:08.058	21411	10501	-91	-97	10
2015-08-11 01:06:47.974	21411	10501	-91	-97	10	22.29	74.08	3.693
2015-08-11 01:41:42.362	21411	10501	-88	-88	10	22.17	74.14	3.681
2015-08-11 02:04:42.659	21411	10501	-94	-97	10	22.11	74.07	3.693
2015-08-11 02:31:34.302	21411	10501	-88	-97	10
2015-08-11 02:38:16.879	21411	10501	-88	-97	10	22.03	74.19	3.681
2015-08-11 03:00:51.331	21411	10501	-91	-97	10	21.74	74.16	3.693
2015-08-11 03:38:05.242	21411	10501	-94	-88	10	21.44	74.19	3.681
2015-08-11 03:54:39.546	21411	10501	-94	-97	10	21.29	74.1	3.693
2015-08-11 04:08:00.898	21411	10501	-91	-97	10
2015-08-11 04:15:03.034	21411	10501	-91	-97	10
2015-08-11 04:30:01.626	21411	10501	-91	-97	10	20.97	73.99	3.681
2015-08-11 05:08:40.691	21411	10501	-94	-91	10	20.92	74.06	3.681
2015-08-11 05:41:06.163	21411	10501	-91	-91	10	20.86	74.1	3.681
2015-08-11 05:44:27.83	21411	10501	-91	-97	10
2015-08-11 05:58:49.375	21411	10501	-91	-97	10	20.83	74.12	3.693
2015-08-11 06:27:56.974	21411	10501	-91	-97	10	20.9	74.17	3.681
2015-08-11 07:00:07.954	21411	10501	-91	-97	10	20.78	74.06	3.681
2015-08-11 07:20:54.19	21411	10501	-91	-97	10
2015-08-11 07:33:02.198	21411	10501	-91	-97	10	20.72	73.97	3.681
2015-08-11 07:56:53.294	21411	10501	-91	-97	10	20.68	74.07	3.681
2015-08-11 08:11:59.314	21411	10501	-91	-97	10
2015-08-11 08:24:54.166	21411	10501	-91	-97	10	20.74	74.3	3.681
2015-08-11 08:52:22.602	21411	10501	-88	-97	10	20.83	74.48	3.681
2015-08-11 08:57:21.226	21411	10501	-91	-97	10
2015-08-11 09:32:08.883	21411	10501	-88	-88	10	21.45	74.9	3.681
2015-08-11 09:59:24.102	21411	10501	-91	-97	10	21.4	74.7	3.681
2015-08-11 10:30:25.163	21411	10501	-91	-97	10	23.57	73.64	3.681
2015-08-11 10:33:47.646	21411	10501	-88	-97	10
2015-08-11 10:56:40.814	21411	10501	-88	-97	10	23.38	74.87	3.681
2015-08-11 11:36:21.123	21411	10501	-91	-88	10	26.19	74.12	3.681
2015-08-11 12:08:55.795	21411	10501	-91	-97	10
2015-08-11 12:10:14.002	21411	10501	-88	-97	10
2015-08-11 12:12:03.547	21411	10501	-91	-97	10	25.96	75.07	3.681
2015-08-11 12:41:19.686	21411	10501	-88	-97	10	26.1	74.91	3.681
2015-08-11 13:12:52.639	21411	10501	-91	-91	10	27.05	75.37	3.681
2015-08-11 13:35:02.159	21411	10501	-91	-97	10	26.58	75.88	3.693
2015-08-11 13:46:39.438	21411	10501	-88	-97	10
2015-08-11 14:04:12.636	21411	10501	-88	-88	10	26.74	76.19	3.693
2015-08-11 14:31:23.123	21411	10501	-88	-97	10	28.15	76.08	3.693
2015-08-11 15:02:54.85	21411	10501	-91	-97	10	28.27	76.11	3.693
2015-08-11 15:23:06.486	21411	10501	-88	-88	10
2015-08-11 16:01:46.042	21411	10501	-88	-97	10	27.69	76.38	3.693
2015-08-11 16:05:53.75	21411	10501	-88	-85	10
2015-08-11 16:24:34.095	21411	10501	-91	-97	10	27.72	76.85	3.693
2015-08-11 16:58:18.042	21411	10501	-91	-85	10	28.82	79.71	3.693
2015-08-11 16:59:32.474	21411	10501	-91	-97	10
2015-08-11 17:41:45.751	21411	10501	-88	-97	10	27.68	76.49	3.693
2015-08-11 18:13:22.824	21411	10501	-88	-97	10	27.29	78.51	3.693
2015-08-11 18:26:09.939	21411	10501	-88	-97	10	26.52	77.35	3.693
2015-08-11 18:35:59.59	21411	10501	-88	-97	10
2015-08-11 19:14:23.667	21411	10501	-88	-91	10	25.69	75.68	3.693
2015-08-11 19:30:39.882	21411	10501	-88	-85	10	25.08	74.96	3.693
2015-08-11 20:02:53.73	21411	10501	-91	-88	10
2015-08-11 20:12:27.382	21411	10501	-88	-97	10
2015-08-11 20:13:53.094	21411	10501	-91	-97	10	23.69	73.97	3.681
2015-08-11 21:04:55.199	21411	10501	-88	-97	10	22.04	73.43	3.693
2015-08-12 00:54:01.358	21411	10501	-88	-88	10	18.5	73.59	3.693
2015-08-12 02:38:12.232	21411	10501	-88	-88	10
2015-08-12 04:00:50.778	21411	10501	-91	-88	10	17.43	73.94	3.681
2015-08-12 07:01:23.474	21411	10501	-88	-85	10	16.49	73.81	3.681
2015-08-12 15:47:33.186	21411	10501	-91	-88	10
2015-08-12 17:09:24.198	21411	10501	-88	-88	10	25.33	76.73	3.681
2015-08-12 17:23:59.906	21411	10501	-88	-97	10	24.94	76.7	3.693
2015-08-12 19:33:15.566	21411	10501	-88	-91	10	23.42	74.99	3.681
2015-08-12 20:19:04.427	21411	10501	-88	-88	10
2015-08-12 21:37:45.791	21411	10501	-91	-97	10	19.71	73.44	3.681
2015-08-13 00:39:46.627	21411	10501	-88	-97	10	15.97	73.12	3.681
2015-08-13 01:08:22.658	21411	10501	-88	-88	10
2015-08-13 01:12:20.438	21411	10501	-88	-97	10	15.25	73.09	3.681
2015-08-13 01:39:30.559	21411	10501	-88	-97	10	14.65	72.97	3.681
2015-08-13 01:54:35.734	21411	10501	-88	-97	10	14.42	73.0	3.681
2015-08-13 04:13:23.967	21411	10501	-88	-85	10	12.65	73.37	3.669
2015-08-13 04:32:12.723	21411	10501	-88	-88	10	12.49	73.31	3.681
2015-08-14 08:30:49.71	21411	10501	-88	-88	10	17.1	74.68	3.681
2015-08-14 09:10:22.543	21411	10501	-88	-91	10	18.68	75.12	3.669
