result_time	node_id	parent_id	stats_frssi	stats_brssi	etx	temperature	humidity	voltage
2015-07-31 13:24:15.535	21831	10701	-94	-89	10	30.86	36.05	3.765
2015-07-31 13:25:44.85	21831	10701	-94	-86	10	30.69	32.5	3.763
2015-07-31 13:27:11.898	21831	10701	-94	-89	10	30.47	29.98	3.765
2015-07-31 13:28:43.315	21831	10701	-94	-90	10	30.3	29.53	3.764
2015-07-31 13:30:12.375	21831	10701	-94	-89	10	30.22	30.53	3.764
2015-07-31 14:08:55.039	21831	10701	-94	-90	10	30.63	24.86	3.764
2015-07-31 14:51:58.095	21831	10701	-94	-90	10	29.68	23.69	3.763
2015-07-31 15:15:11.822	21831	10701	-94	-89	10	30.69	21.71	3.763
2015-07-31 15:34:21.178	21831	10701	-94	-85	10
2015-07-31 15:36:45.974	21831	10701	-94	-84	10
2015-07-31 15:42:22.079	21831	10701	-94	-88	10	28.93	22.49	3.764
2015-07-31 16:14:18.566	21831	10701	-91	-85	10	29.19	21.84	3.763
2015-07-31 17:43:33.03	21831	10701	-94	-84	10	26.77	21.1	3.764
2015-07-31 18:21:08.071	21831	10701	-91	-85	10	27.41	21.06	3.76
2015-07-31 18:37:45.014	21831	10701	-94	-91	10	27.4	20.77	3.763
2015-07-31 19:05:04.502	21831	10701	-94	-86	10	27.32	20.54	3.762
2015-07-31 20:04:52.298	21831	10701	-94	-85	10
2015-07-31 21:51:30.434	21831	10701	-94	-85	10	21.4	20.26	3.758
2015-07-31 22:09:19.919	21831	10701	-94	-86	10
2015-07-31 22:20:02.123	21831	10701	-94	-85	10	21.08	20.35	3.757
2015-07-31 23:15:59.283	21831	10701	-94	-86	10	21.22	20.32	3.756
2015-08-01 00:20:59.068	21831	10701	-91	-85	10
2015-08-01 00:51:25.695	21831	10701	-94	-86	10	20.94	20.52	3.756
2015-08-01 01:39:06.975	21831	10701	-91	-86	10	21.89	19.92	3.754
2015-08-01 02:18:04.443	21831	10701	-94	-85	10	21.89	20.06	3.754
2015-08-01 02:32:39.043	21831	10701	-94	-84	10
2015-08-01 02:34:41.278	21831	10701	-94	-84	10	21.79	20.13	3.757
2015-08-01 02:47:03.935	21831	10701	-94	-86	10
2015-08-01 03:00:55.391	21831	10701	-94	-86	10	21.33	20.18	3.757
2015-08-01 03:30:52.287	21831	10701	-94	-85	10	20.36	19.97	3.754
2015-08-01 04:10:34.63	21831	10701	-91	-85	10	19.36	19.95	3.754
2015-08-01 04:39:36.346	21831	10701	-94	-85	10	18.97	19.96	3.753
2015-08-01 04:44:17.72	21831	10701	-94	-85	10
2015-08-01 05:00:52.815	21831	10701	-91	-85	10	18.68	19.87	3.754
2015-08-01 05:01:07.995	21831	10701	-94	-85	10
2015-08-01 05:45:27.395	21831	10701	-91	-85	10	18.02	19.83	3.751
2015-08-01 06:07:15.455	21831	10701	-94	-86	10	17.61	19.66	3.751
2015-08-01 06:33:07.151	21831	10701	-94	-86	10	17.21	19.71	3.748
2015-08-01 06:55:58.115	21831	10701	-91	-86	10
2015-08-01 07:15:11.243	21831	10701	-94	-85	10
2015-08-01 07:15:57.538	21831	10701	-94	-85	10	17.43	19.8	3.751
2015-08-01 07:41:02.682	21831	10701	-94	-85	10	18.0	19.54	3.752
2015-08-01 08:14:17.219	21831	10701	-94	-85	10	19.1	19.46	3.751
2015-08-01 08:46:00.028	21831	10701	-94	-86	10	21.47	18.86	3.751
2015-08-01 09:07:37.815	21831	10701	-94	-85	10
2015-08-01 09:20:33.111	21831	10701	-94	-88	10	21.72	19.54	3.752
2015-08-01 09:29:14.667	21831	10701	-94	-85	10
2015-08-01 09:43:55.487	21831	10701	-94	-86	10	22.74	19.6	3.753
2015-08-01 10:15:21.875	21831	10701	-94	-84	10	23.82	19.66	3.754
2015-08-01 10:34:24.67	21831	10701	-94	-88	10	24.6	19.71	3.753
2015-08-01 11:12:06.931	21831	10701	-94	-84	10	25.52	20.17	3.754
2015-08-01 11:19:16.962	21831	10701	-94	-85	10
2015-08-01 11:43:18.154	21831	10701	-94	-85	10
2015-08-01 11:43:53.894	21831	10701	-94	-89	10	27.01	19.74	3.753
2015-08-01 12:11:01.942	21831	10701	-94	-87	10	28.91	19.81	3.743
2015-08-01 12:44:17.306	21831	10701	-94	-87	10	28.97	20.19	3.754
2015-08-01 13:18:18.898	21831	10701	-94	-88	10	28.36	20.45	3.757
2015-08-01 13:30:56.534	21831	10701	-94	-86	10
2015-08-01 13:38:03.542	21831	10701	-94	-86	10	26.97	21.11	3.757
2015-08-01 13:57:21.706	21831	10701	-94	-85	10
2015-08-01 14:20:38.246	21831	10701	-94	-88	10	27.96	20.43	3.756
2015-08-01 14:44:47.77	21831	10701	-94	-86	10	29.11	20.2	3.756
2015-08-01 15:00:24.654	21831	10701	-94	-85	10	28.96	20.41	3.757
2015-08-01 15:32:39.45	21831	10701	-94	-85	10	29.35	20.47	3.756
2015-08-01 15:42:35.518	21831	10701	-94	-86	10
2015-08-01 16:11:25.186	21831	10701	-94	-86	10
2015-08-01 16:20:59.291	21831	10701	-94	-88	10	29.4	20.59	3.758
2015-08-01 16:47:39.398	21831	10701	-94	-89	10	28.19	21.26	3.757
2015-08-01 17:06:44.551	21831	10701	-94	-86	10	28.3	20.6	3.757
2015-08-01 17:45:12.602	21831	10701	-94	-85	10	24.94	20.77	3.757
2015-08-01 17:54:15.386	21831	10701	-94	-84	10
2015-08-01 18:02:07.51	21831	10701	-94	-86	10	24.22	20.57	3.756
2015-08-01 18:25:29.318	21831	10701	-91	-85	10
2015-08-01 18:43:42.215	21831	10701	-91	-84	10	23.14	20.54	3.754
2015-08-01 19:04:45.503	21831	10701	-94	-85	10	23.46	20.23	3.756
2015-08-01 19:30:23.554	21831	10701	-91	-84	10	22.96	20.42	3.756
2015-08-01 20:05:54.951	21831	10701	-91	-85	10
2015-08-01 20:17:18.295	21831	10701	-91	-84	10	22.56	20.25	3.752
2015-08-01 20:39:32.426	21831	10701	-94	-85	10
2015-08-01 20:44:00.643	21831	10701	-91	-83	10	21.33	20.25	3.751
2015-08-01 21:16:36.73	21831	10701	-94	-84	10	20.36	20.08	3.751
2015-08-01 21:33:27.71	21831	10701	-94	-84	10	20.02	19.95	3.751
2015-08-01 22:14:41.959	21831	10701	-94	-84	10	19.45	19.99	3.75
2015-08-01 22:17:34.742	21831	10701	-91	-84	10
2015-08-01 22:42:10.023	21831	10701	-91	-84	10	19.08	19.97	3.748
2015-08-01 22:53:36.558	21831	10701	-94	-85	10
2015-08-01 23:04:20.759	21831	10701	-91	-84	10	18.78	19.88	3.751
2015-08-01 23:30:24.414	21831	10701	-91	-85	10	18.5	19.86	3.748
2015-08-02 00:20:01.419	21831	10701	-91	-84	10	17.96	19.83	3.748
2015-08-02 00:29:13.742	21831	10701	-91	-85	10
2015-08-02 00:35:47.166	21831	10701	-94	-85	10	17.89	19.82	3.75
2015-08-02 01:05:09.118	21831	10701	-94	-85	10	17.7	19.81	3.747
2015-08-02 01:07:43.59	21831	10701	-94	-85	10
2015-08-02 01:50:55.874	21831	10701	-91	-85	10	17.25	19.79	3.747
2015-08-02 02:09:43.99	21831	10701	-91	-85	10	17.29	19.86	3.747
2015-08-02 02:35:03.426	21831	10701	-91	-84	10	17.56	19.73	3.747
2015-08-02 02:40:53.638	21831	10701	-94	-84	10
2015-08-02 03:01:11.834	21831	10701	-94	-85	10	17.5	19.8	3.746
2015-08-02 03:21:43.91	21831	10701	-91	-85	10
2015-08-02 03:30:45.378	21831	10701	-91	-84	10	17.14	19.85	3.75
2015-08-02 04:06:25.254	21831	10701	-94	-85	10	16.47	19.67	3.746
2015-08-02 04:34:46.438	21831	10701	-94	-85	10	15.96	19.71	3.745
2015-08-02 04:52:32.378	21831	10701	-91	-85	10
2015-08-02 05:08:43.359	21831	10701	-94	-86	10	15.75	19.62	3.743
2015-08-02 05:35:47.418	21831	10701	-91	-85	10
2015-08-02 05:37:18.358	21831	10701	-94	-85	10	15.81	19.63	3.745
2015-08-02 06:05:33.491	21831	10701	-94	-84	10	15.97	19.71	3.743
2015-08-02 06:45:49.483	21831	10701	-94	-85	10	17.04	19.48	3.743
2015-08-02 07:04:12.562	21831	10701	-94	-85	10
2015-08-02 07:17:51.914	21831	10701	-94	-85	10	17.52	19.51	3.745
2015-08-02 07:42:44.466	21831	10701	-94	-85	10	18.0	19.61	3.743
2015-08-02 07:49:50.614	21831	10701	-94	-85	10
2015-08-02 08:06:37.726	21831	10701	-94	-85	10	18.57	19.57	3.745
2015-08-02 08:49:40.286	21831	10701	-94	-86	10	20.71	19.33	3.745
2015-08-02 09:13:52.623	21831	10701	-94	-85	10	20.89	19.78	3.746
2015-08-02 09:15:51.09	21831	10701	-94	-85	10
2015-08-02 09:50:16.727	21831	10701	-94	-85	10	22.54	19.73	3.746
2015-08-02 10:03:54.087	21831	10701	-94	-85	10
2015-08-02 10:07:10.274	21831	10701	-94	-87	10	23.77	19.62	3.747
2015-08-02 10:45:08.855	21831	10701	-94	-88	10	25.19	19.74	3.745
2015-08-02 11:18:47.547	21831	10701	-94	-86	10	26.18	20.17	3.75
2015-08-02 11:27:31.047	21831	10701	-94	-89	10
2015-08-02 11:51:23.854	21831	10701	-91	-85	10	28.05	19.99	3.75
2015-08-02 12:04:15.686	21831	10701	-94	-89	10	29.16	19.98	3.754
2015-08-02 12:17:58.979	21831	10701	-94	-89	10
2015-08-02 12:47:50.638	21831	10701	-94	-88	10	28.13	20.96	3.748
2015-08-02 13:03:23.294	21831	10701	-94	-86	10	28.22	20.63	3.752
2015-08-02 13:31:21.674	21831	10701	-94	-89	10	29.97	20.48	3.751
2015-08-02 13:39:10.542	21831	10701	-94	-90	10
2015-08-02 14:12:23.186	21831	10701	-94	-88	10	30.0	20.92	3.754
2015-08-02 14:32:01.686	21831	10701	-94	-89	10
2015-08-02 14:45:03.626	21831	10701	-94	-90	10	29.13	21.39	3.756
2015-08-02 15:19:23.759	21831	10701	-94	-88	10	30.02	21.0	3.754
2015-08-02 15:45:21.218	21831	10701	-94	-88	10	30.38	21.02	3.753
2015-08-02 15:50:51.046	21831	10701	-94	-88	10
2015-08-02 16:18:42.05	21831	10701	-94	-87	10	30.72	20.89	3.754
2015-08-02 16:34:48.134	21831	10701	-94	-88	10	30.41	20.95	3.756
2015-08-02 16:46:05.246	21831	10701	-94	-88	10
2015-08-02 17:08:23.347	21831	10701	-94	-88	10	29.16	21.32	3.754
2015-08-02 17:52:26.818	21831	10701	-94	-86	10	28.9	21.23	3.743
2015-08-02 18:02:29.786	21831	10701	-94	-88	10
2015-08-02 18:07:47.974	21831	10701	-91	-87	10	28.94	21.08	3.754
2015-08-02 18:50:25.114	21831	10701	-94	-87	10	28.3	21.12	3.753
2015-08-02 19:00:09.519	21831	10701	-94	-88	10
2015-08-02 19:15:09.791	21831	10701	-94	-88	10	27.91	21.1	3.754
2015-08-02 19:36:23.031	21831	10701	-94	-87	10	27.3	21.13	3.754
2015-08-02 20:11:42.418	21831	10701	-94	-91	10	26.24	21.1	3.753
2015-08-02 20:14:10.507	21831	10701	-94	-88	10
2015-08-02 20:46:09.97	21831	10701	-94	-87	10	25.61	20.95	3.753
2015-08-02 21:01:34.303	21831	10701	-94	-86	10	25.3	21.01	3.754
2015-08-02 21:14:12.911	21831	10701	-94	-88	10
2015-08-02 21:38:53.37	21831	10701	-94	-88	10	24.99	20.92	3.753
2015-08-02 22:10:33.303	21831	10701	-94	-86	10	24.6	20.89	3.756
2015-08-02 22:25:49.258	21831	10701	-94	-88	10
2015-08-02 22:40:08.422	21831	10701	-94	-89	10	24.24	20.87	3.753
2015-08-02 23:02:51.794	21831	10701	-91	-86	10	24.04	20.86	3.748
2015-08-02 23:28:17.091	21831	10701	-94	-87	10
2015-08-02 23:39:25.903	21831	10701	-94	-87	10	23.86	20.92	3.752
2015-08-03 00:09:42.29	21831	10701	-94	-86	10	23.65	20.91	3.75
2015-08-03 00:32:48.671	21831	10701	-94	-88	10	23.44	20.86	3.748
2015-08-03 00:37:27.959	21831	10701	-94	-86	10
2015-08-03 01:11:10.127	21831	10701	-94	-87	10	23.2	20.88	3.751
2015-08-03 01:42:20.502	21831	10701	-94	-88	10
2015-08-03 01:48:48.734	21831	10701	-94	-86	10	22.81	20.78	3.75
2015-08-03 02:01:34.318	21831	10701	-91	-89	10	22.58	20.84	3.752
2015-08-03 02:35:05.51	21831	10701	-94	-88	10	22.14	20.74	3.751
2015-08-03 02:49:08.206	21831	10701	-94	-88	10
2015-08-03 03:05:11.246	21831	10701	-94	-89	10	21.08	20.75	3.751
2015-08-03 03:46:22.766	21831	10701	-94	-88	10	20.29	20.59	3.75
2015-08-03 03:56:23.55	21831	10701	-94	-87	10
2015-08-03 04:10:46.49	21831	10701	-94	-87	10	19.42	20.5	3.748
2015-08-03 04:42:59.779	21831	10701	-94	-87	10	19.57	20.47	3.75
2015-08-03 05:00:47.698	21831	10701	-94	-89	10
2015-08-03 05:11:34.231	21831	10701	-94	-88	10	19.61	20.44	3.748
2015-08-03 05:39:21.262	21831	10701	-94	-87	10	18.96	20.47	3.748
2015-08-03 06:10:27.478	21831	10701	-94	-87	10
2015-08-03 06:13:00.338	21831	10701	-94	-88	10	18.46	20.37	3.747
2015-08-03 06:34:06.694	21831	10701	-94	-89	10	18.36	20.4	3.745
2015-08-03 07:12:26.735	21831	10701	-94	-89	10
2015-08-03 07:13:50.134	21831	10701	-94	-88	10	18.79	20.24	3.746
2015-08-03 07:32:32.951	21831	10701	-94	-88	10	18.97	20.33	3.746
2015-08-03 08:13:36.33	21831	10701	-94	-89	10	19.89	20.16	3.75
2015-08-03 08:24:31.13	21831	10701	-94	-89	10
2015-08-03 08:41:01.291	21831	10701	-94	-88	10	20.0	20.32	3.746
2015-08-03 09:13:53.818	21831	10701	-94	-88	10	20.54	20.35	3.746
2015-08-03 09:24:06.346	21831	10701	-94	-89	10
2015-08-03 09:50:23.379	21831	10701	-91	-87	10	21.72	20.27	3.747
2015-08-03 10:15:07.162	21831	10701	-94	-86	10	22.36	20.39	3.747
2015-08-03 10:34:14.723	21831	10701	-94	-86	10	22.86	20.42	3.746
2015-08-03 10:38:34.294	21831	10701	-94	-89	10
2015-08-03 11:21:03.335	21831	10701	-94	-85	10	24.66	20.6	3.747
2015-08-03 11:35:45.743	21831	10701	-94	-90	10
2015-08-03 11:49:19.018	21831	10701	-94	-87	10	26.01	20.53	3.748
2015-08-03 12:14:46.838	21831	10701	-94	-87	10	28.69	20.32	3.748
2015-08-03 12:52:23.146	21831	10701	-94	-85	10	27.63	21.15	3.751
2015-08-03 12:52:38.25	21831	10701	-94	-89	10
2015-08-03 13:00:16.41	21831	10701	-94	-89	10	27.72	21.16	3.751
2015-08-03 13:30:35.814	21831	10701	-94	-87	10	28.22	21.11	3.752
2015-08-03 13:47:25.035	21831	10701	-94	-86	10
2015-08-03 14:04:05.222	21831	10701	-94	-89	10	29.24	21.06	3.75
2015-08-03 14:45:06.398	21831	10701	-94	-84	10	29.96	21.44	3.754
2015-08-03 15:06:42.49	21831	10701	-94	-87	10
2015-08-03 15:09:51.478	21831	10701	-94	-85	10	28.97	21.61	3.752
2015-08-03 15:48:34.482	21831	10701	-94	-88	10	28.04	21.47	3.756
2015-08-03 15:59:04.71	21831	10701	-94	-85	10
2015-08-03 16:20:24.719	21831	10701	-94	-86	10	26.21	21.47	3.751
2015-08-03 16:48:25.487	21831	10701	-94	-86	10	25.83	21.34	3.752
2015-08-03 16:48:27.606	21831	10701	-94	-86	10	25.83	21.34	3.752
2015-08-03 17:14:36.691	21831	10701	-91	-88	10	24.29	21.46	3.751
2015-08-03 17:20:45.01	21831	10701	-94	-86	10
2015-08-03 17:50:17.47	21831	10701	-94	-85	10	22.86	21.3	3.751
2015-08-03 18:10:44.47	21831	10701	-94	-81	10
2015-08-03 18:20:03.858	21831	10701	-94	-86	10	23.71	20.91	3.75
2015-08-03 18:37:47.726	21831	10701	-94	-85	10	23.72	20.95	3.748
2015-08-03 19:11:08.518	21831	10701	-94	-85	10	23.02	21.09	3.75
2015-08-03 19:34:49.27	21831	10701	-94	-86	10
2015-08-03 19:43:06.071	21831	10701	-94	-85	10	22.52	21.06	3.75
2015-08-03 20:04:00.714	21831	10701	-94	-85	10	21.97	21.1	3.75
2015-08-03 20:22:25.466	21831	10701	-97	-88	10
2015-08-03 20:51:18.414	21831	10701	-94	-86	10	20.11	21.09	3.748
2015-08-03 21:03:02.258	21831	10701	-94	-86	10	20.07	20.98	3.748
2015-08-03 21:33:57.619	21831	10701	-94	-86	10	19.85	21.0	3.747
2015-08-03 21:48:53.283	21831	10701	-94	-87	10
2015-08-03 22:13:15.262	21831	10701	-94	-86	10	19.82	20.96	3.745
2015-08-03 22:34:03.487	21831	10701	-94	-87	10
2015-08-03 22:34:30.187	21831	10701	-94	-87	10	19.86	20.89	3.746
2015-08-03 23:08:32.322	21831	10701	-94	-87	10	19.57	20.95	3.743
2015-08-03 23:42:19.443	21831	10701	-94	-85	10	18.97	20.91	3.743
2015-08-04 00:02:56.475	21831	10701	-94	-85	10
2015-08-04 00:22:14.926	21831	10701	-94	-84	10	18.43	20.84	3.743
2015-08-04 00:45:42.818	21831	10701	-94	-85	10
2015-08-04 00:45:51.047	21831	10701	-94	-85	10	18.54	20.81	3.742
2015-08-04 01:09:23.883	21831	10701	-94	-85	10	18.47	20.88	3.745
2015-08-04 01:38:46.278	21831	10701	-91	-85	10	18.58	20.74	3.739
2015-08-04 02:15:31.866	21831	10701	-94	-85	10	18.14	20.82	3.741
2015-08-04 02:16:59.714	21831	10701	-94	-85	10
2015-08-04 02:51:14.231	21831	10701	-94	-83	10	17.79	20.84	3.742
2015-08-04 02:57:22.455	21831	10701	-91	-84	10
2015-08-04 03:00:23.847	21831	10701	-94	-85	10	17.83	20.84	3.741
2015-08-04 03:45:06.371	21831	10701	-94	-85	10	17.54	20.75	3.74
2015-08-04 04:13:42.075	21831	10701	-91	-85	10	17.21	20.65	3.742
2015-08-04 04:31:03.326	21831	10701	-94	-86	10
2015-08-04 04:35:30.963	21831	10701	-91	-86	10	16.92	20.71	3.74
2015-08-04 05:02:06.467	21831	10701	-94	-87	10	16.81	20.67	3.739
2015-08-04 05:09:01.467	21831	10701	-94	-87	10
2015-08-04 05:40:04.398	21831	10701	-94	-87	10	16.71	20.77	3.737
2015-08-04 06:11:33.011	21831	10701	-94	-88	10	17.2	20.51	3.74
2015-08-04 06:39:04.115	21831	10701	-94	-88	10	17.13	20.58	3.736
2015-08-04 06:45:07.078	21831	10701	-94	-87	10
2015-08-04 07:16:51.555	21831	10701	-94	-86	10	16.93	20.67	3.736
2015-08-04 07:20:40.638	21831	10701	-94	-87	10
2015-08-04 07:34:20.367	21831	10701	-94	-87	10	16.88	20.63	3.739
2015-08-04 08:18:41.122	21831	10701	-94	-86	10	17.14	20.69	3.737
2015-08-04 08:35:07.73	21831	10701	-94	-88	10	17.54	20.64	3.735
2015-08-04 08:59:10.386	21831	10701	-94	-85	10
2015-08-04 09:00:38.963	21831	10701	-94	-88	10	18.35	20.43	3.724
2015-08-04 09:32:20.238	21831	10701	-94	-88	10
2015-08-04 09:48:10.838	21831	10701	-94	-87	10	20.02	20.46	3.736
2015-08-04 10:03:39.607	21831	10701	-94	-85	10	21.52	20.15	3.736
2015-08-04 10:46:57.122	21831	10701	-94	-91	10	22.7	20.48	3.737
2015-08-04 11:07:56.586	21831	10701	-94	-86	10	23.74	20.62	3.739
2015-08-04 11:13:14.318	21831	10701	-94	-86	10
2015-08-04 11:43:59.635	21831	10701	-94	-86	10
2015-08-04 11:47:06.543	21831	10701	-94	-86	10	25.22	20.52	3.739
2015-08-04 12:15:54.322	21831	10701	-94	-89	10	28.58	20.39	3.741
2015-08-04 12:32:52.65	21831	10701	-94	-90	10	27.19	21.27	3.741
2015-08-04 13:15:34.914	21831	10701	-94	-86	10	27.41	21.29	3.742
2015-08-04 13:27:17.675	21831	10701	-94	-88	10
2015-08-04 13:34:41.082	21831	10701	-94	-88	10	27.82	21.31	3.743
2015-08-04 13:55:41.45	21831	10701	-94	-89	12
2015-08-04 14:04:11.099	21831	10701	-94	-89	11	28.02	21.55	3.741
2015-08-04 15:22:14.867	21831	10701	-94	-87	17	28.49	21.76	3.746
2015-08-04 15:41:26.958	21831	10701	-94	-88	10
2015-08-04 15:43:06.474	21831	10701	-94	-88	10	28.77	21.59	3.746
2015-08-04 16:07:20.895	21831	10701	-94	-88	10
2015-08-04 16:10:52.159	21831	10701	-94	-88	10	28.9	21.9	3.746
2015-08-04 16:45:19.05	21831	10701	-94	-88	10	27.58	21.85	3.747
2015-08-04 17:21:08.63	21831	10701	-94	-89	10	28.27	21.41	3.746
2015-08-04 17:52:05.418	21831	10701	-94	-91	10	27.22	21.94	3.745
2015-08-04 17:55:25.895	21831	10701	-94	-86	10
2015-08-04 18:05:21.798	21831	10701	-94	-86	10	26.79	21.99	3.746
2015-08-04 18:18:59.762	21831	10701	-94	-86	10
2015-08-04 18:30:27.62	21831	10701	-94	-90	10	26.36	21.89	3.745
2015-08-04 19:16:46.926	21831	10701	-94	-87	10	25.33	21.82	3.745
2015-08-04 19:47:59.042	21831	10701	-94	-87	10	24.34	21.76	3.745
2015-08-04 20:05:41.682	21831	10701	-94	-85	10	23.44	21.77	3.741
2015-08-04 20:09:28.994	21831	10701	-94	-85	10
2015-08-04 20:30:38.686	21831	10701	-94	-85	10
2015-08-04 20:43:08.862	21831	10701	-94	-85	10	21.46	21.65	3.742
2015-08-04 21:16:44.018	21831	10701	-91	-85	10	20.47	21.44	3.743
2015-08-04 21:45:26.818	21831	10701	-94	-85	10	19.72	21.39	3.741
2015-08-04 22:11:39.787	21831	10701	-94	-85	10	19.15	21.28	3.74
2015-08-04 22:23:32.782	21831	10701	-94	-85	10
2015-08-04 22:42:17.534	21831	10701	-94	-86	10
2015-08-04 22:51:39.446	21831	10701	-94	-85	10	18.52	21.24	3.742
2015-08-04 23:03:38.76	21831	10701	-94	-85	10	18.27	21.23	3.74
2015-08-04 23:48:05.806	21831	10701	-91	-85	10	17.71	21.12	3.737
2015-08-05 00:08:22.162	21831	10701	-94	-85	10	17.42	21.1	3.739
2015-08-05 00:37:35.634	21831	10701	-94	-86	10
2015-08-05 00:51:46.002	21831	10701	-94	-85	10	16.97	21.0	3.739
2015-08-05 00:53:56.622	21831	10701	-94	-85	10
2015-08-05 01:09:11.81	21831	10701	-91	-85	10	16.74	21.06	3.739
2015-08-05 01:30:36.238	21831	10701	-94	-85	10	16.58	21.05	3.739
2015-08-05 02:16:01.482	21831	10701	-94	-86	10	16.47	20.97	3.737
2015-08-05 02:45:43.439	21831	10701	-94	-85	10	16.31	20.96	3.736
2015-08-05 02:51:40.01	21831	10701	-94	-84	10
2015-08-05 03:05:36.187	21831	10701	-91	-85	10
2015-08-05 03:22:32.57	21831	10701	-94	-85	10	16.0	20.94	3.736
2015-08-05 03:42:08.718	21831	10701	-94	-85	10	16.02	20.87	3.737
2015-08-05 04:03:12.623	21831	10701	-94	-85	10	15.67	20.92	3.736
2015-08-05 04:37:32.55	21831	10701	-94	-85	10	15.5	20.91	3.736
2015-08-05 05:05:43.179	21831	10701	-94	-85	10
2015-08-05 05:17:16.056	21831	10701	-94	-85	10
2015-08-05 05:20:44.262	21831	10701	-94	-85	10	15.31	20.82	3.734
2015-08-05 05:46:56.91	21831	10701	-94	-85	10	15.06	20.88	3.736
2015-08-05 06:15:24.046	21831	10701	-94	-85	10	14.99	20.8	3.734
2015-08-05 06:37:12.054	21831	10701	-94	-84	10	14.88	20.87	3.735
2015-08-05 07:11:30.007	21831	10701	-91	-85	10	15.15	20.78	3.736
2015-08-05 07:19:47.358	21831	10701	-94	-85	10
2015-08-05 07:28:55.478	21831	10701	-94	-85	10
2015-08-05 07:45:49.37	21831	10701	-94	-85	10	16.24	20.59	3.734
2015-08-05 08:15:22.422	21831	10701	-94	-84	10	17.28	20.66	3.734
2015-08-05 08:31:51.706	21831	10701	-94	-85	10	18.07	20.64	3.735
2015-08-05 09:15:50.762	21831	10701	-94	-87	10	20.32	20.77	3.737
2015-08-05 09:33:51.334	21831	10701	-94	-86	10
2015-08-05 09:40:35.062	21831	10701	-91	-85	10
2015-08-05 09:41:58.323	21831	10701	-94	-85	10	21.5	20.92	3.736
2015-08-05 10:04:43.09	21831	10701	-94	-88	10	23.01	20.79	3.724
2015-08-05 10:48:19.347	21831	10701	-94	-88	10	24.36	20.95	3.736
2015-08-05 11:16:27.346	21831	10701	-94	-88	10	24.63	21.34	3.74
2015-08-05 11:47:54.175	21831	10701	-94	-88	10
2015-08-05 11:50:31.646	21831	10701	-94	-87	10	26.88	21.11	3.74
2015-08-05 11:52:14.527	21831	10701	-94	-88	10
2015-08-05 12:12:20.29	21831	10701	-94	-88	10	29.3	21.07	3.74
2015-08-05 12:34:17.878	21831	10701	-94	-85	13	27.13	22.16	3.741
2015-08-05 13:14:32.914	21831	10701	-94	-89	10	25.72	22.32	3.74
2015-08-05 13:46:10.634	21831	10701	-94	-89	10	26.61	22.12	3.74
2015-08-05 14:01:59.762	21831	10701	-94	-88	10
2015-08-05 14:03:53.89	21831	10701	-94	-91	10
2015-08-05 14:10:32.222	21831	10701	-94	-91	10	26.49	22.19	3.742
2015-08-05 14:35:24.111	21831	10701	-94	-88	10	26.52	21.97	3.74
2015-08-05 15:19:30.686	21831	10701	-94	-88	10	27.71	22.12	3.74
2015-08-05 15:34:22.206	21831	10701	-94	-87	10	26.3	22.77	3.741
2015-08-05 16:15:37.502	21831	10701	-94	-86	10
2015-08-05 16:16:01.59	21831	10701	-94	-89	10
2015-08-05 16:17:13.382	21831	10701	-94	-86	10	27.52	21.96	3.742
2015-08-05 16:30:06.206	21831	10701	-94	-90	10	27.22	22.2	3.741
2015-08-05 17:01:44.151	21831	10701	-94	-84	10	25.6	22.68	3.742
2015-08-05 17:42:02.354	21831	10701	-94	-88	10	25.58	22.28	3.742
2015-08-05 18:10:32.744	21831	10701	-91	-85	10	24.69	22.29	3.743
2015-08-05 18:27:13.762	21831	10701	-94	-90	10
2015-08-05 18:30:06.038	21831	10701	-94	-85	10
2015-08-05 18:30:25.426	21831	10701	-94	-86	10	24.55	22.21	3.742
2015-08-05 19:03:25.246	21831	10701	-94	-87	10	23.94	22.17	3.745
2015-08-05 19:37:14.562	21831	10701	-94	-84	10	22.64	22.09	3.745
2015-08-05 20:00:57.487	21831	10701	-94	-86	10	21.49	22.16	3.741
2015-08-05 20:31:28.935	21831	10701	-91	-86	10	20.1	21.96	3.74
2015-08-05 20:38:56.967	21831	10701	-94	-85	10
2015-08-05 20:44:09.219	21831	10701	-91	-85	10
2015-08-05 21:07:07.283	21831	10701	-94	-84	10	19.04	21.71	3.741
2015-08-05 21:38:11.655	21831	10701	-94	-85	10	18.43	21.6	3.74
2015-08-05 22:15:47.495	21831	10701	-94	-84	10	17.64	21.55	3.739
2015-08-05 22:37:04.094	21831	10701	-94	-85	10	17.33	21.46	3.739
2015-08-05 22:50:31.507	21831	10701	-94	-85	10
2015-08-05 22:58:12.778	21831	10701	-91	-85	10
2015-08-05 23:12:09.875	21831	10701	-94	-85	10	17.04	21.44	3.739
2015-08-05 23:44:31.342	21831	10701	-91	-84	10	16.46	21.4	3.737
2015-08-06 00:07:31.154	21831	10701	-94	-85	10	16.11	21.38	3.739
2015-08-06 00:40:29.142	21831	10701	-94	-85	10	16.04	21.3	3.737
2015-08-06 01:02:11.738	21831	10701	-94	-84	10
2015-08-06 01:04:33.043	21831	10701	-94	-85	10	15.99	21.3	3.736
2015-08-06 01:12:16.346	21831	10701	-94	-85	10
2015-08-06 01:45:13.338	21831	10701	-91	-85	10	15.57	21.27	3.736
2015-08-06 02:07:50.826	21831	10701	-94	-85	10	15.36	21.33	3.737
2015-08-06 02:47:52.915	21831	10701	-94	-85	10	14.56	21.28	3.734
2015-08-06 03:00:43.363	21831	10701	-94	-85	10	14.24	21.26	3.734
2015-08-06 03:13:50.622	21831	10701	-91	-84	10
2015-08-06 03:26:19.89	21831	10701	-94	-85	10
2015-08-06 03:32:48.871	21831	10701	-94	-85	10	14.25	21.15	3.737
2015-08-06 04:02:01.179	21831	10701	-94	-85	10	14.06	21.11	3.734
2015-08-06 04:43:08.894	21831	10701	-94	-84	10	13.89	21.13	3.735
2015-08-06 05:20:39.67	21831	10701	-94	-85	10	13.86	21.02	3.735
2015-08-06 05:25:30.406	21831	10701	-94	-84	10
2015-08-06 05:40:23.034	21831	10701	-91	-85	10
2015-08-06 05:43:59.138	21831	10701	-91	-85	10	13.5	21.07	3.734
2015-08-06 06:04:28.966	21831	10701	-94	-84	10	13.36	21.06	3.731
2015-08-06 06:33:21.615	21831	10701	-91	-84	10	13.22	21.05	3.73
2015-08-06 07:11:39.062	21831	10701	-91	-84	10	13.54	20.93	3.731
2015-08-06 07:37:10.214	21831	10701	-91	-85	10
2015-08-06 07:37:28.346	21831	10701	-91	-84	10	13.78	20.94	3.731
2015-08-06 07:54:26.882	21831	10701	-94	-85	10
2015-08-06 08:13:38.586	21831	10701	-94	-85	10	15.07	20.85	3.731
2015-08-06 08:36:54.698	21831	10701	-91	-86	10	16.1	20.87	3.735
2015-08-06 09:18:37.862	21831	10701	-94	-87	10	17.43	21.07	3.732
2015-08-06 09:37:36.283	21831	10701	-94	-86	10	17.68	21.19	3.734
2015-08-06 09:48:51.542	21831	10701	-94	-85	10
2015-08-06 10:08:42.879	21831	10701	-94	-85	10
2015-08-06 10:11:36.43	21831	10701	-94	-85	10	18.52	21.24	3.732
2015-08-06 10:43:02.17	21831	10701	-94	-89	10	19.74	21.25	3.734
2015-08-06 11:13:23.518	21831	10701	-94	-86	10	20.15	21.49	3.734
2015-08-06 11:51:29.386	21831	10701	-94	-86	10	20.82	21.53	3.735
2015-08-06 12:00:29.087	21831	10701	-94	-86	10
2015-08-06 12:18:41.367	21831	10701	-94	-86	10	21.22	21.6	3.732
2015-08-06 12:22:34.323	21831	10701	-94	-86	10
2015-08-06 12:37:11.466	21831	10701	-94	-85	10	21.04	21.77	3.734
2015-08-06 13:12:45.53	21831	10701	-94	-88	10	20.76	21.89	3.734
2015-08-06 13:37:09.974	21831	10701	-94	-86	10	21.15	21.77	3.734
2015-08-06 14:12:08.287	21831	10701	-94	-87	10
2015-08-06 14:13:11.118	21831	10701	-94	-88	10	21.08	21.84	3.735
2015-08-06 14:30:26.306	21831	10701	-94	-86	10	20.94	21.91	3.736
2015-08-06 14:36:38.138	21831	10701	-94	-85	10
2015-08-06 15:10:56.027	21831	10701	-91	-85	10	20.86	21.83	3.734
2015-08-06 15:46:16.966	21831	10701	-94	-87	10	20.94	21.83	3.734
2015-08-06 16:20:28.951	21831	10701	-91	-87	10	20.71	21.96	3.735
2015-08-06 16:23:47.618	21831	10701	-94	-86	10
2015-08-06 16:34:04.118	21831	10701	-94	-86	10	20.7	21.89	3.732
2015-08-06 16:50:41.959	21831	10701	-94	-89	10
2015-08-06 17:09:21.831	21831	10701	-94	-86	10	20.82	21.9	3.732
2015-08-06 17:38:00.786	21831	10701	-94	-86	10	21.04	21.91	3.736
2015-08-06 18:19:51.302	21831	10701	-94	-86	10	20.35	22.09	3.735
2015-08-06 18:35:27.178	21831	10701	-94	-86	10
2015-08-06 18:43:51.49	21831	10701	-94	-86	10	20.17	22.07	3.734
2015-08-06 19:04:45.587	21831	10701	-94	-86	10
2015-08-06 19:09:41.202	21831	10701	-94	-88	10	21.36	21.5	3.734
2015-08-06 19:36:41.286	21831	10701	-94	-88	10	20.51	21.95	3.734
2015-08-06 20:17:59.65	21831	10701	-94	-86	10	18.9	22.07	3.736
2015-08-06 20:47:06.767	21831	10701	-94	-86	10
2015-08-06 20:50:28.322	21831	10701	-94	-85	10	17.86	21.96	3.735
2015-08-06 21:18:48.475	21831	10701	-94	-85	10
2015-08-06 21:19:59.419	21831	10701	-91	-85	10	16.97	21.83	3.734
2015-08-06 21:36:20.568	21831	10701	-94	-86	10	16.64	21.77	3.734
2015-08-06 22:19:19.899	21831	10701	-94	-85	10	16.22	21.68	3.731
2015-08-06 22:35:58.478	21831	10701	-94	-87	10	16.22	21.64	3.734
2015-08-06 22:58:46.315	21831	10701	-94	-87	10
2015-08-06 23:17:17.755	21831	10701	-94	-86	10	16.29	21.57	3.732
2015-08-06 23:32:52.607	21831	10701	-94	-86	10
2015-08-06 23:47:57.367	21831	10701	-94	-86	10	16.15	21.63	3.731
2015-08-07 00:20:24.73	21831	10701	-94	-87	10	16.2	21.6	3.732
2015-08-07 00:43:19.187	21831	10701	-94	-87	10	16.18	21.6	3.732
2015-08-07 01:02:40.542	21831	10701	-94	-86	10	16.06	21.56	3.731
2015-08-07 01:10:25.863	21831	10701	-94	-86	10
2015-08-07 01:42:47.783	21831	10701	-94	-86	10	15.74	21.57	3.729
2015-08-07 01:46:56.051	21831	10701	-94	-86	10
2015-08-07 02:03:51.851	21831	10701	-94	-85	10	15.29	21.58	3.731
2015-08-07 02:41:40.882	21831	10701	-94	-86	10	14.79	21.55	3.732
2015-08-07 03:12:19.858	21831	10701	-94	-86	10	14.75	21.51	3.729
2015-08-07 03:22:05.423	21831	10701	-94	-87	10
2015-08-07 03:32:12.879	21831	10701	-91	-88	10	14.68	21.47	3.729
2015-08-07 04:00:31.734	21831	10701	-94	-87	10	14.36	21.48	3.73
2015-08-07 04:00:59.718	21831	10701	-94	-88	10
2015-08-07 04:39:38.162	21831	10701	-94	-87	10	14.29	21.41	3.729
2015-08-07 05:18:05.136	21831	10701	-94	-87	10	14.18	21.4	3.728
2015-08-07 05:33:44.627	21831	10701	-94	-86	10
2015-08-07 05:37:46.687	21831	10701	-94	-87	10	14.07	21.43	3.729
2015-08-07 06:15:03.067	21831	10701	-94	-86	10
2015-08-07 06:19:58.586	21831	10701	-94	-87	10	13.89	21.38	3.726
2015-08-07 06:40:19.838	21831	10701	-94	-87	10	13.9	21.45	3.728
2015-08-07 07:04:15.958	21831	10701	-94	-87	10	14.04	21.39	3.728
2015-08-07 07:45:24.035	21831	10701	-94	-90	10
2015-08-07 07:48:18.163	21831	10701	-91	-87	10	14.86	21.23	3.728
2015-08-07 08:19:44.839	21831	10701	-94	-88	10	15.74	21.28	3.726
2015-08-07 08:29:07.41	21831	10701	-94	-87	10
2015-08-07 08:34:24.966	21831	10701	-94	-86	10	16.6	21.16	3.725
2015-08-07 09:08:09.352	21831	10701	-94	-91	10	17.38	21.39	3.728
2015-08-07 09:44:03.687	21831	10701	-94	-86	10	19.38	21.37	3.729
2015-08-07 09:57:03.954	21831	10701	-94	-87	10
2015-08-07 10:14:07.991	21831	10701	-94	-85	10	20.63	21.56	3.73
2015-08-07 10:43:10.311	21831	10701	-94	-86	10
2015-08-07 10:47:26.418	21831	10701	-94	-87	10	21.94	21.68	3.729
2015-08-07 11:00:59.511	21831	10701	-94	-86	10	22.76	21.66	3.729
2015-08-07 11:47:58.511	21831	10701	-94	-86	10	25.79	21.55	3.731
2015-08-07 12:08:44.139	21831	10701	-94	-86	10
2015-08-07 12:11:38.75	21831	10701	-94	-87	10	29.46	20.82	3.734
2015-08-07 12:40:14.931	21831	10701	-91	-88	10	26.21	22.83	3.735
2015-08-07 12:57:14.367	21831	10701	-94	-86	10
2015-08-07 13:02:41.631	21831	10701	-94	-87	10	25.76	22.73	3.735
2015-08-07 13:37:46.147	21831	10701	-94	-85	10	24.68	22.81	3.735
2015-08-07 14:04:31.118	21831	10701	-94	-86	10	24.36	22.78	3.734
2015-08-07 14:20:22.967	21831	10701	-94	-88	10
2015-08-07 14:36:55.042	21831	10701	-94	-87	10	24.71	22.62	3.736
2015-08-07 15:11:17.914	21831	10701	-91	-87	10
2015-08-07 15:18:06.814	21831	10701	-94	-87	10	24.9	22.6	3.736
2015-08-07 15:34:55.599	21831	10701	-94	-87	10	24.86	22.67	3.735
2015-08-07 16:01:11.946	21831	10701	-94	-88	10	24.69	22.73	3.737
2015-08-07 16:32:12.018	21831	10701	-94	-86	10
2015-08-07 16:32:43.726	21831	10701	-94	-88	10	24.08	22.77	3.736
2015-08-07 17:09:40.774	21831	10701	-94	-87	10	23.47	22.73	3.735
2015-08-07 17:25:21.078	21831	10701	-94	-87	10
2015-08-07 17:32:57.898	21831	10701	-94	-86	10	23.77	22.53	3.736
2015-08-07 18:22:24.846	21831	10701	-94	-87	10	23.61	22.52	3.737
2015-08-07 18:31:49.878	21831	10701	-94	-87	10	23.6	22.52	3.737
2015-08-07 18:43:43.754	21831	10701	-94	-87	10
2015-08-07 19:04:44.338	21831	10701	-94	-85	10	23.59	22.51	3.739
2015-08-07 19:39:25.902	21831	10701	-94	-86	10
2015-08-07 19:47:29.458	21831	10701	-94	-87	10	22.64	22.67	3.735
2015-08-07 20:00:31.415	21831	10701	-94	-86	10	22.47	22.66	3.735
2015-08-07 20:52:29.426	21831	10701	-94	-86	10	20.9	22.63	3.734
2015-08-07 20:55:20.994	21831	10701	-94	-86	10
2015-08-07 21:06:52.255	21831	10701	-91	-87	10	20.51	22.53	3.736
2015-08-07 21:47:47.474	21831	10701	-94	-87	10	19.57	22.47	3.734
2015-08-07 21:53:28.703	21831	10701	-94	-86	10
2015-08-07 22:19:25.123	21831	10701	-94	-86	10	19.0	22.36	3.731
2015-08-07 22:41:08.646	21831	10701	-94	-86	10	18.61	22.34	3.735
2015-08-07 23:07:00.243	21831	10701	-94	-86	10
2015-08-07 23:12:47.822	21831	10701	-94	-86	10	18.28	22.24	3.732
2015-08-07 23:30:05.647	21831	10701	-94	-85	10	18.1	22.23	3.732
2015-08-08 00:07:32.202	21831	10701	-94	-85	10
2015-08-08 00:13:04.939	21831	10701	-94	-86	10	17.63	22.2	3.732
2015-08-08 00:36:29.615	21831	10701	-94	-86	10	17.33	22.25	3.731
2015-08-08 01:18:41.631	21831	10701	-94	-87	10
2015-08-08 01:22:11.858	21831	10701	-94	-86	10	16.99	22.12	3.735
2015-08-08 01:31:13.99	21831	10701	-94	-85	10	16.97	22.16	3.731
2015-08-08 02:09:28.47	21831	10701	-94	-85	10	17.18	22.1	3.729
2015-08-08 02:21:35.882	21831	10701	-94	-85	10
2015-08-08 02:48:43.194	21831	10701	-94	-87	10	17.0	22.12	3.732
2015-08-08 03:10:53.33	21831	10701	-94	-86	10	17.04	22.12	3.729
2015-08-08 03:30:20.187	21831	10701	-94	-86	10
2015-08-08 03:46:11.806	21831	10701	-94	-85	10	17.06	22.09	3.73
2015-08-08 04:01:40.94	21831	10701	-94	-86	10	17.1	22.09	3.729
2015-08-08 04:35:40.007	21831	10701	-94	-86	10
2015-08-08 04:46:53.774	21831	10701	-94	-87	10	17.31	22.07	3.73
2015-08-08 05:01:49.886	21831	10701	-94	-85	10	17.25	22.1	3.726
2015-08-08 05:37:44.699	21831	10701	-94	-85	10	16.93	22.19	3.728
2015-08-08 05:42:01.411	21831	10701	-94	-87	10
2015-08-08 06:11:09.771	21831	10701	-94	-87	10	16.83	22.15	3.73
2015-08-08 06:49:43.702	21831	10701	-94	-87	10
2015-08-08 06:50:47.818	21831	10701	-94	-86	10	16.79	22.11	3.729
2015-08-08 07:05:53.43	21831	10701	-94	-86	10	16.78	22.14	3.729
2015-08-08 07:30:56.066	21831	10701	-94	-86	10	16.82	22.15	3.728
2015-08-08 07:53:38.966	21831	10701	-94	-86	10
2015-08-08 08:12:56.162	21831	10701	-94	-86	10	17.63	21.98	3.729
2015-08-08 08:38:22.11	21831	10701	-94	-88	10	18.49	21.93	3.726
2015-08-08 09:03:47.242	21831	10701	-94	-86	10
2015-08-08 09:06:20.575	21831	10701	-94	-86	10	20.2	21.79	3.73
2015-08-08 09:41:11.834	21831	10701	-94	-86	10	21.76	22.1	3.73
2015-08-08 10:05:18.382	21831	10701	-94	-84	10
2015-08-08 10:15:32.054	21831	10701	-94	-85	10	23.42	22.14	3.729
2015-08-08 10:33:58.915	21831	10701	-94	-86	10	23.95	22.39	3.73
2015-08-08 11:13:38.391	21831	10701	-94	-86	10	25.83	22.51	3.732
2015-08-08 11:17:51.11	21831	10701	-94	-86	10
2015-08-08 11:36:09.874	21831	10701	-94	-87	10	25.3	22.96	3.731
2015-08-08 12:15:14.603	21831	10701	-94	-87	10	26.38	22.77	3.734
2015-08-08 12:16:58.499	21831	10701	-94	-85	10
2015-08-08 12:45:24.198	21831	10701	-94	-88	10	27.52	22.77	3.734
2015-08-08 13:18:00.966	21831	10701	-91	-86	10	27.43	23.06	3.736
2015-08-08 13:31:54.075	21831	10701	-94	-85	10
2015-08-08 13:33:02.69	21831	10701	-94	-87	10	29.16	22.58	3.736
2015-08-08 14:08:54.782	21831	10701	-94	-86	10	28.44	23.13	3.739
2015-08-08 14:28:37.11	21831	10701	-94	-87	10
2015-08-08 14:42:57.879	21831	10701	-94	-85	10	26.65	23.96	3.739
2015-08-08 15:14:51.422	21831	10701	-94	-85	10	24.96	23.63	3.74
2015-08-08 15:43:49.846	21831	10701	-94	-86	10	26.83	22.8	3.739
2015-08-08 15:45:58.646	21831	10701	-94	-87	10
2015-08-08 16:20:04.19	21831	10701	-94	-86	10	27.27	23.42	3.74
2015-08-08 16:40:17.015	21831	10701	-94	-86	10
2015-08-08 16:40:41.358	21831	10701	-94	-85	10	27.94	23.17	3.74
2015-08-08 17:12:42.35	21831	10701	-91	-85	10	26.11	23.63	3.742
2015-08-08 17:38:18.974	21831	10701	-94	-85	10	26.22	23.35	3.737
2015-08-08 18:00:05.07	21831	10701	-91	-85	10
2015-08-08 18:03:12.69	21831	10701	-94	-85	10	25.38	23.44	3.739
2015-08-08 18:51:49.026	21831	10701	-94	-85	10	23.86	23.34	3.74
2015-08-08 18:51:55.81	21831	10701	-94	-84	10
2015-08-08 19:08:13.134	21831	10701	-94	-85	10	23.58	23.24	3.74
2015-08-08 19:39:50.838	21831	10701	-94	-85	10	23.36	23.16	3.74
2015-08-08 20:03:29.494	21831	10701	-94	-85	10	23.04	23.14	3.739
2015-08-08 20:14:05.306	21831	10701	-94	-85	10
2015-08-08 20:34:36.234	21831	10701	-94	-85	10	22.38	23.16	3.736
2015-08-08 21:03:35.658	21831	10701	-94	-85	10
2015-08-08 21:06:20.338	21831	10701	-94	-86	10	21.7	23.12	3.737
2015-08-08 21:52:25.471	21831	10701	-91	-85	10	21.1	23.01	3.736
2015-08-08 22:07:39.486	21831	10701	-94	-86	10	20.86	22.99	3.736
2015-08-08 22:28:09.346	21831	10701	-94	-85	10
2015-08-08 22:30:20.21	21831	10701	-94	-86	10	20.72	22.98	3.735
2015-08-08 23:02:09.534	21831	10701	-94	-85	10	20.29	22.99	3.736
2015-08-08 23:15:15.53	21831	10701	-94	-86	10
2015-08-08 23:33:00.074	21831	10701	-94	-86	10	20.1	22.94	3.737
2015-08-09 00:12:42.114	21831	10701	-94	-86	10	20.07	22.9	3.737
2015-08-09 00:42:12.242	21831	10701	-94	-86	10
2015-08-09 00:50:41.143	21831	10701	-94	-86	10	20.02	22.86	3.732
2015-08-09 01:02:18.354	21831	10701	-91	-86	10	19.96	22.93	3.735
2015-08-09 01:26:54.911	21831	10701	-91	-85	10
2015-08-09 01:33:58.959	21831	10701	-94	-85	10	19.75	22.88	3.735
2015-08-09 02:05:52.559	21831	10701	-94	-85	10	19.64	22.91	3.736
2015-08-09 02:51:39.879	21831	10701	-94	-85	10	19.61	22.83	3.737
2015-08-09 02:56:16.23	21831	10701	-91	-85	10
2015-08-09 03:06:11.483	21831	10701	-94	-86	10	19.52	22.86	3.735
2015-08-09 03:38:33.69	21831	10701	-91	-85	10
2015-08-09 03:43:52.015	21831	10701	-94	-86	10	19.25	22.88	3.734
2015-08-09 04:01:30.742	21831	10701	-94	-85	10	19.07	22.87	3.734
2015-08-09 04:43:02.658	21831	10701	-94	-85	10	18.74	22.85	3.734
2015-08-09 05:10:23.114	21831	10701	-94	-85	10
2015-08-09 05:17:05.887	21831	10701	-94	-85	10	18.57	22.84	3.731
2015-08-09 05:47:36.059	21831	10701	-91	-85	10	18.31	22.82	3.731
2015-08-09 05:50:14.283	21831	10701	-94	-85	10
2015-08-09 06:11:07.798	21831	10701	-94	-85	10	18.17	22.81	3.731
2015-08-09 06:38:48.498	21831	10701	-94	-86	10	18.03	22.8	3.732
2015-08-09 07:01:20.442	21831	10701	-94	-85	10	18.1	22.73	3.732
2015-08-09 07:24:23.579	21831	10701	-91	-86	10
2015-08-09 07:48:42.574	21831	10701	-94	-86	10	18.39	22.72	3.732
2015-08-09 08:00:25.546	21831	10701	-94	-85	10	18.52	22.69	3.719
2015-08-09 08:01:53.398	21831	10701	-94	-85	10
2015-08-09 08:49:21.422	21831	10701	-94	-85	10	20.15	22.51	3.732
2015-08-09 09:16:20.594	21831	10701	-94	-85	10	21.65	22.53	3.73
2015-08-09 09:33:31.959	21831	10701	-94	-85	10	22.65	22.56	3.737
2015-08-09 09:38:26.794	21831	10701	-94	-85	10
2015-08-09 10:07:28.946	21831	10701	-94	-85	10	23.89	22.9	3.732
2015-08-09 10:13:32.423	21831	10701	-94	-85	10
2015-08-09 10:49:47.706	21831	10701	-94	-86	10	25.99	22.89	3.735
2015-08-09 11:02:46.463	21831	10701	-94	-85	10	26.13	23.23	3.732
2015-08-09 11:49:14.422	21831	10701	-94	-84	10	29.29	22.74	3.735
2015-08-09 11:52:33.054	21831	10701	-94	-85	10
2015-08-09 12:01:56.492	21831	10701	-94	-88	10	29.15	23.14	3.735
2015-08-09 12:25:14.61	21831	10701	-91	-85	10
2015-08-09 12:48:53.214	21831	10701	-94	-85	10	28.46	23.64	3.737
2015-08-09 13:01:03.942	21831	10701	-94	-87	10	28.76	23.66	3.74
2015-08-09 13:47:02.078	21831	10701	-91	-86	10	27.55	24.54	3.74
2015-08-09 14:02:49.282	21831	10701	-91	-85	10	28.72	23.73	3.739
2015-08-09 14:06:34.547	21831	10701	-91	-86	10
2015-08-09 14:33:47.902	21831	10701	-94	-85	10	28.13	24.21	3.739
2015-08-09 14:36:51.759	21831	10701	-94	-86	10
2015-08-09 15:03:31.934	21831	10701	-94	-85	10	27.72	24.03	3.737
2015-08-09 15:47:53.786	21831	10701	-91	-85	10	30.66	23.79	3.739
2015-08-09 16:00:10.586	21831	10701	-94	-86	10	30.47	24.0	3.741
2015-08-09 16:20:38.002	21831	10701	-94	-84	10
2015-08-09 16:48:33.582	21831	10701	-94	-84	10
2015-08-09 16:48:38.39	21831	10701	-94	-88	10	28.49	24.38	3.741
2015-08-09 17:04:47.618	21831	10701	-91	-84	10	29.08	24.05	3.742
2015-08-09 17:38:36.942	21831	10701	-94	-84	10	28.26	24.14	3.741
2015-08-09 18:05:02.522	21831	10701	-94	-85	10	27.66	24.14	3.74
2015-08-09 18:34:42.127	21831	10701	-94	-85	10
2015-08-09 18:50:28.154	21831	10701	-94	-86	10	26.58	24.07	3.741
2015-08-09 19:00:11.122	21831	10701	-94	-85	10
2015-08-09 19:20:21.122	21831	10701	-94	-85	10	25.55	24.07	3.743
2015-08-09 19:48:46.983	21831	10701	-94	-85	10	24.63	23.97	3.741
2015-08-09 20:04:33.159	21831	10701	-94	-84	10	24.1	23.93	3.739
2015-08-09 20:48:45.259	21831	10701	-94	-84	10
2015-08-09 20:50:41.919	21831	10701	-94	-84	10	22.79	23.77	3.74
2015-08-09 21:02:19.975	21831	10701	-94	-84	10	22.57	23.72	3.739
2015-08-09 21:11:50.547	21831	10701	-94	-84	10
2015-08-09 21:36:12.371	21831	10701	-94	-84	10	21.86	23.64	3.74
2015-08-09 22:01:05.795	21831	10701	-91	-85	10	21.47	23.61	3.736
2015-08-09 22:32:54.162	21831	10701	-91	-84	10	21.03	23.51	3.737
2015-08-09 23:02:48.639	21831	10701	-94	-84	10
2015-08-09 23:04:47.93	21831	10701	-94	-84	10	20.65	23.48	3.736
2015-08-09 23:23:29.511	21831	10701	-91	-84	10
2015-08-09 23:47:02.247	21831	10701	-91	-85	10	20.43	23.43	3.734
2015-08-10 00:17:27.89	21831	10701	-94	-84	10	20.43	23.4	3.735
2015-08-10 00:45:58.451	21831	10701	-94	-84	10	20.33	23.39	3.734
2015-08-10 01:13:16.631	21831	10701	-94	-84	10	20.22	23.42	3.736
2015-08-10 01:16:52.05	21831	10701	-91	-84	10
2015-08-10 01:35:09.047	21831	10701	-94	-84	10
2015-08-10 01:50:06.815	21831	10701	-91	-84	10	20.02	23.44	3.735
2015-08-10 02:14:44.471	21831	10701	-94	-84	10	19.72	23.35	3.734
2015-08-10 02:41:27.554	21831	10701	-94	-84	10	19.4	23.4	3.735
2015-08-10 03:15:14.806	21831	10701	-91	-84	10	19.06	23.37	3.735
2015-08-10 03:30:56.138	21831	10701	-94	-84	10
2015-08-10 03:45:47.786	21831	10701	-94	-84	10	18.72	23.35	3.734
2015-08-10 03:46:48.566	21831	10701	-94	-84	10
2015-08-10 04:10:45.595	21831	10701	-91	-84	10	18.52	23.34	3.731
2015-08-10 04:48:19.274	21831	10701	-94	-84	10	18.43	23.26	3.731
2015-08-10 05:11:56.522	21831	10701	-91	-84	10	18.33	23.25	3.732
2015-08-10 05:44:59.866	21831	10701	-91	-84	10
2015-08-10 05:50:56.227	21831	10701	-91	-85	10	18.28	23.18	3.73
2015-08-10 05:58:28.251	21831	10701	-94	-84	10
2015-08-10 06:10:56.09	21831	10701	-94	-84	10	18.21	23.28	3.73
2015-08-10 06:51:06.598	21831	10701	-91	-85	10	18.06	23.23	3.731
2015-08-10 07:16:20.891	21831	10701	-91	-84	10	18.14	23.17	3.732
2015-08-10 07:47:48.923	21831	10701	-94	-85	10	18.54	23.12	3.731
2015-08-10 07:59:03.406	21831	10701	-94	-86	10
2015-08-10 08:02:01.907	21831	10701	-94	-85	10	18.97	23.04	3.729
2015-08-10 08:10:07.315	21831	10701	-94	-85	10
2015-08-10 08:45:19.875	21831	10701	-91	-84	10	20.9	22.92	3.73
2015-08-10 09:06:06.955	21831	10701	-91	-85	10	22.11	22.93	3.731
2015-08-10 09:37:41.754	21831	10701	-94	-84	10	23.79	23.11	3.731
2015-08-10 10:13:06.886	21831	10701	-94	-88	10
2015-08-10 10:14:56.059	21831	10701	-94	-86	10	26.02	23.19	3.732
2015-08-10 10:21:47.398	21831	10701	-91	-85	10
2015-08-10 10:44:04.182	21831	10701	-94	-84	10	27.44	23.5	3.734
2015-08-10 11:05:33.026	21831	10701	-91	-85	10	28.55	23.58	3.735
2015-08-10 11:39:06.954	21831	10701	-94	-86	10	30.07	23.6	3.735
2015-08-10 12:13:33.85	21831	10701	-94	-85	10	26.61	24.69	3.734
2015-08-10 12:27:10.73	21831	10701	-94	-84	10
2015-08-10 12:33:26.754	21831	10701	-94	-86	10
2015-08-10 12:50:40.03	21831	10701	-91	-86	10	26.13	24.15	3.734
2015-08-10 13:08:32.491	21831	10701	-91	-85	10	25.83	24.13	3.736
2015-08-10 13:47:33.558	21831	10701	-94	-86	10	26.61	24.0	3.736
2015-08-10 14:05:32.13	21831	10701	-94	-86	10	27.82	23.75	3.734
2015-08-10 14:35:31.674	21831	10701	-94	-86	10	28.27	24.07	3.739
2015-08-10 14:41:13.734	21831	10701	-94	-87	10
2015-08-10 14:45:07.858	21831	10701	-94	-87	10
2015-08-10 15:10:44.359	21831	10701	-94	-88	10	27.69	24.29	3.737
2015-08-10 15:36:11.054	21831	10701	-94	-89	10	24.11	24.95	3.737
2015-08-10 16:00:21.43	21831	10701	-94	-89	10	23.76	24.35	3.734
2015-08-10 16:30:10.742	21831	10701	-94	-90	10	25.94	23.69	3.734
2015-08-10 16:55:17.554	21831	10701	-94	-90	10
2015-08-10 16:56:45.539	21831	10701	-94	-90	10
2015-08-10 17:07:58.71	21831	10701	-94	-90	10	26.13	24.15	3.725
2015-08-10 17:46:12.03	21831	10701	-94	-92	13	26.11	24.25	3.737
2015-08-10 18:04:12.07	21831	10701	-94	-90	10	25.97	24.35	3.735
2015-08-10 18:41:17.91	21831	10701	-94	-89	10	25.69	24.26	3.735
2015-08-10 19:08:25.21	21831	10701	-94	-90	10
2015-08-10 19:08:44.942	21831	10701	-94	-89	10	25.33	24.24	3.736
2015-08-10 19:09:22.039	21831	10701	-94	-91	10
2015-08-10 19:36:44.403	21831	10701	-94	-89	10	24.97	24.21	3.737
2015-08-10 20:04:02.563	21831	10701	-94	-90	10	24.26	24.24	3.734
2015-08-10 20:51:34.739	21831	10701	-94	-89	10	23.72	24.13	3.736
2015-08-10 21:16:39.346	21831	10701	-94	-90	10	23.72	24.13	3.735
2015-08-10 21:20:04.791	21831	10701	-94	-88	10
2015-08-10 21:23:24.444	21831	10701	-94	-89	10
2015-08-10 21:48:39.227	21831	10701	-94	-90	18	24.03	24.0	3.732
2015-08-10 22:06:29.967	21831	10701	-94	-91	16	23.97	24.07	3.734
2015-08-10 22:45:01.754	21831	10701	-94	-88	10	23.57	24.12	3.734
2015-08-10 23:18:41.331	21831	10701	-94	-88	10	23.04	24.15	3.731
2015-08-10 23:31:46.094	21831	10701	-94	-89	10
2015-08-10 23:37:28.471	21831	10701	-94	-89	10
2015-08-10 23:51:54.079	21831	10701	-94	-90	10	22.81	24.06	3.732
2015-08-11 00:20:24.01	21831	10701	-94	-89	10	21.74	24.21	3.732
2015-08-11 00:50:53.395	21831	10701	-94	-89	10	21.54	24.05	3.73
2015-08-11 01:11:15.154	21831	10701	-94	-91	10	21.47	24.04	3.73
2015-08-11 01:43:09.438	21831	10701	-94	-90	10	21.47	23.97	3.731
2015-08-11 01:43:23.91	21831	10701	-94	-88	10
2015-08-11 01:51:32.426	21831	10701	-94	-88	10
2015-08-11 02:22:25.943	21831	10701	-94	-89	10	21.6	23.98	3.731
2015-08-11 02:43:19.91	21831	10701	-94	-89	11	21.45	23.97	3.731
2015-08-11 03:18:40.327	21831	10701	-94	-89	10	20.96	24.01	3.729
2015-08-11 03:48:56.574	21831	10701	-94	-90	10	20.72	23.99	3.73
2015-08-11 03:55:02.958	21831	10701	-94	-89	10
2015-08-11 04:05:36.314	21831	10701	-94	-88	10
2015-08-11 04:10:00.77	21831	10701	-94	-90	10	20.58	23.95	3.72
2015-08-11 04:43:48.575	21831	10701	-94	-90	10	20.46	23.9	3.729
2015-08-11 05:05:18.875	21831	10701	-94	-90	10	20.42	23.9	3.731
2015-08-11 05:36:25.578	21831	10701	-94	-88	10	20.45	23.94	3.729
2015-08-11 06:06:42.21	21831	10701	-94	-88	10
2015-08-11 06:19:08.15	21831	10701	-94	-89	10	20.6	23.91	3.726
2015-08-11 06:19:41.078	21831	10701	-94	-90	10
2015-08-11 06:50:48.203	21831	10701	-94	-90	10	20.53	23.91	3.726
2015-08-11 07:02:23.23	21831	10701	-94	-88	10	20.43	23.97	3.728
2015-08-11 07:31:50.934	21831	10701	-94	-87	11	20.36	23.97	3.728
2015-08-11 08:18:22.091	21831	10701	-94	-87	10
2015-08-11 08:21:19.539	21831	10701	-94	-86	10	20.42	23.93	3.73
2015-08-11 08:33:42.695	21831	10701	-94	-86	10
2015-08-11 08:39:53.062	21831	10701	-94	-87	10	20.53	23.91	3.73
2015-08-11 09:09:30.883	21831	10701	-94	-90	10	20.86	23.86	3.728
2015-08-11 09:32:00.89	21831	10701	-94	-86	10	21.65	23.77	3.728
2015-08-11 10:15:42.078	21831	10701	-94	-90	10	22.44	23.68	3.73
2015-08-11 10:30:01.362	21831	10701	-94	-88	10
2015-08-11 10:47:46.378	21831	10701	-94	-86	10
2015-08-11 10:51:42.171	21831	10701	-94	-88	10	23.36	24.03	3.726
2015-08-11 11:04:33.946	21831	10701	-94	-90	10	23.88	23.99	3.726
2015-08-11 11:50:22.819	21831	10701	-91	-85	10	25.55	24.32	3.729
2015-08-11 12:01:57.059	21831	10701	-94	-90	10	26.24	24.23	3.728
2015-08-11 12:30:45.335	21831	10701	-94	-91	10	26.69	24.26	3.729
2015-08-11 12:41:41.488	21831	10701	-94	-89	10
2015-08-11 13:01:50.702	21831	10701	-94	-89	11
2015-08-11 13:13:28.003	21831	10701	-94	-90	10	27.02	24.46	3.729
2015-08-11 13:43:09.391	21831	10701	-94	-89	10	26.85	24.41	3.732
2015-08-11 14:22:05.903	21831	10701	-94	-89	16	29.1	23.76	3.729
2015-08-11 14:38:36.391	21831	10701	-94	-89	13	27.49	24.9	3.731
2015-08-11 14:53:23.114	21831	10701	-94	-86	10
2015-08-11 15:15:54.618	21831	10701	-94	-90	12
2015-08-11 15:17:09.678	21831	10701	-94	-86	11	26.26	25.17	3.731
2015-08-11 15:47:26.443	21831	10701	-94	-89	10	27.6	24.17	3.732
2015-08-11 16:18:11.503	21831	10701	-94	-90	10	26.47	25.04	3.731
2015-08-11 16:37:32.047	21831	10701	-94	-86	10	26.94	24.71	3.73
2015-08-11 17:05:00.472	21831	10701	-94	-87	10
2015-08-11 17:16:11.53	21831	10701	-94	-92	10	26.82	24.78	3.731
2015-08-11 17:29:58.294	21831	10701	-94	-91	10
2015-08-11 17:51:53.93	21831	10701	-94	-86	10	25.52	25.05	3.731
2015-08-11 18:18:10.266	21831	10701	-94	-85	10	24.61	25.02	3.731
2015-08-11 18:30:54.919	21831	10701	-91	-84	10	24.21	25.07	3.73
2015-08-11 19:16:40.147	21831	10701	-94	-86	10
2015-08-11 19:17:45.37	21831	10701	-94	-84	10	24.07	24.73	3.731
2015-08-11 19:41:31.738	21831	10701	-94	-86	10	23.14	24.81	3.73
2015-08-11 19:44:01.122	21831	10701	-94	-86	10
2015-08-11 20:13:38.598	21831	10701	-94	-87	10	22.2	24.67	3.732
2015-08-11 20:50:33.502	21831	10701	-94	-86	10	20.65	24.63	3.731
2015-08-11 21:19:44.446	21831	10701	-94	-84	10	19.7	24.42	3.728
2015-08-11 21:28:18.706	21831	10701	-94	-84	10
2015-08-11 21:43:56.11	21831	10701	-91	-85	10	19.08	24.31	3.728
2015-08-11 21:58:04.99	21831	10701	-94	-84	10
2015-08-11 22:09:33.387	21831	10701	-94	-84	10	18.54	24.2	3.726
2015-08-11 22:33:03.439	21831	10701	-94	-84	10	18.18	24.18	3.725
2015-08-11 23:08:36.287	21831	10701	-94	-84	10	17.88	24.08	3.726
2015-08-11 23:39:58.091	21831	10701	-94	-85	10
2015-08-11 23:49:43.37	21831	10701	-94	-85	10	17.61	23.99	3.724
2015-08-12 00:02:34.018	21831	10701	-94	-86	10	17.47	24.05	3.724
2015-08-12 00:12:08.554	21831	10701	-94	-85	10
2015-08-12 00:30:26.271	21831	10701	-91	-85	10	17.29	23.93	3.725
2015-08-12 01:08:11.582	21831	10701	-91	-85	10	16.88	23.94	3.724
2015-08-12 01:34:31.606	21831	10701	-94	-85	10	16.72	23.89	3.725
2015-08-12 01:51:38.398	21831	10701	-91	-85	10
2015-08-12 02:10:37.21	21831	10701	-94	-85	10	16.47	23.91	3.724
2015-08-12 02:26:12.763	21831	10701	-94	-85	10
2015-08-12 02:31:08.735	21831	10701	-94	-85	10	16.43	23.91	3.72
2015-08-12 03:17:32.302	21831	10701	-94	-86	10	16.49	23.77	3.721
2015-08-12 03:32:17.098	21831	10701	-91	-85	10	16.28	23.9	3.72
2015-08-12 03:59:59.562	21831	10701	-94	-85	10	16.75	23.75	3.721
2015-08-12 04:03:17.735	21831	10701	-94	-86	10
2015-08-12 04:40:15.47	21831	10701	-91	-84	10
2015-08-12 04:50:14.146	21831	10701	-94	-89	10	16.89	23.8	3.72
2015-08-12 05:20:05.094	21831	10701	-94	-85	10	16.78	23.86	3.72
2015-08-12 05:36:31.09	21831	10701	-94	-85	10	16.57	23.92	3.717
2015-08-12 06:06:33.682	21831	10701	-94	-85	10	16.21	23.89	3.721
2015-08-12 06:14:57.37	21831	10701	-94	-85	10
2015-08-12 06:34:19.55	21831	10701	-94	-86	10	15.97	23.88	3.718
2015-08-12 06:54:19.514	21831	10701	-94	-87	10
2015-08-12 07:04:06.723	21831	10701	-94	-86	10	15.72	23.86	3.718
2015-08-12 07:41:56.398	21831	10701	-94	-86	10	15.93	23.8	3.719
2015-08-12 08:11:01.606	21831	10701	-94	-84	10	16.72	23.65	3.717
2015-08-12 08:26:36.394	21831	10701	-94	-85	10
2015-08-12 08:49:09.114	21831	10701	-94	-87	10	18.14	23.53	3.717
2015-08-12 09:04:45.687	21831	10701	-94	-86	10	18.86	23.58	3.719
2015-08-12 09:08:23.302	21831	10701	-94	-86	10
2015-08-12 09:48:00.754	21831	10701	-91	-84	10	21.42	23.82	3.717
2015-08-12 10:08:11.735	21831	10701	-94	-86	10	21.33	24.18	3.719
2015-08-12 10:35:02.694	21831	10701	-94	-85	10	21.47	24.19	3.719
2015-08-12 10:38:16.49	21831	10701	-94	-85	10
2015-08-12 11:16:43.138	21831	10701	-94	-86	10	23.6	24.01	3.719
2015-08-12 11:22:28.89	21831	10701	-94	-86	10
2015-08-12 11:34:20.662	21831	10701	-94	-90	10	24.29	24.2	3.721
2015-08-12 12:15:16.779	21831	10701	-94	-90	10	25.46	24.39	3.72
2015-08-12 12:46:26.22	21831	10701	-94	-88	10	26.38	24.45	3.72
2015-08-12 12:49:54.89	21831	10701	-91	-85	10
2015-08-12 13:15:33.25	21831	10701	-94	-91	10	25.97	24.86	3.723
2015-08-12 13:36:30.266	21831	10701	-94	-90	10
2015-08-12 13:40:31.394	21831	10701	-94	-90	10	26.11	24.95	3.723
2015-08-12 14:22:20.642	21831	10701	-94	-89	10	22.99	25.59	3.721
2015-08-12 14:43:10.85	21831	10701	-94	-87	10	21.65	25.42	3.721
2015-08-12 15:01:37.446	21831	10701	-94	-88	10
2015-08-12 15:08:05.922	21831	10701	-94	-88	10	23.96	24.36	3.721
2015-08-12 15:46:30.311	21831	10701	-94	-85	10	26.05	24.72	3.721
2015-08-12 15:50:35.411	21831	10701	-91	-87	10
2015-08-12 16:12:45.318	21831	10701	-94	-87	10	23.29	25.61	3.723
2015-08-12 16:45:34.554	21831	10701	-94	-88	10	23.1	25.24	3.721
2015-08-12 17:07:08.642	21831	10701	-94	-90	10	24.36	24.46	3.723
2015-08-12 17:13:14.27	21831	10701	-94	-89	10
2015-08-12 17:38:18.502	21831	10701	-94	-88	11	24.26	24.74	3.721
2015-08-12 18:04:49.623	21831	10701	-94	-89	10
2015-08-12 18:21:26.631	21831	10701	-94	-88	10	23.51	25.05	3.724
2015-08-12 18:21:30.022	21831	10701	-94	-88	10	23.51	25.05	3.724
2015-08-12 18:47:20.098	21831	10701	-94	-90	14	22.78	24.96	3.724
2015-08-12 19:09:43.818	21831	10701	-94	-90	10	22.77	24.71	3.724
2015-08-12 19:24:53.662	21831	10701	-94	-89	10
2015-08-12 19:49:00.998	21831	10701	-94	-86	10	21.1	24.95	3.723
2015-08-12 20:15:32.623	21831	10701	-94	-86	10	20.38	24.76	3.723
2015-08-12 20:18:46.879	21831	10701	-94	-85	10
2015-08-12 20:31:00.939	21831	10701	-94	-86	10	19.79	24.79	3.723
2015-08-12 21:07:56.995	21831	10701	-94	-85	10	18.53	24.63	3.72
2015-08-12 21:35:52.75	21831	10701	-94	-89	10	17.93	24.44	3.719
2015-08-12 21:36:34.802	21831	10701	-94	-86	10
2015-08-12 22:16:59.05	21831	10701	-94	-85	10	17.82	24.29	3.72
2015-08-12 22:31:25.223	21831	10701	-94	-85	10	17.6	24.35	3.719
2015-08-12 22:32:44.819	21831	10701	-94	-87	10
2015-08-12 23:03:35.571	21831	10701	-94	-87	10	16.93	24.34	3.718
2015-08-12 23:32:27.827	21831	10701	-94	-87	10	16.67	24.28	3.717
2015-08-12 23:48:13.063	21831	10701	-94	-86	10
2015-08-13 00:05:49.635	21831	10701	-94	-86	10	15.54	24.27	3.72
2015-08-13 00:32:50.495	21831	10701	-94	-87	10	14.64	24.21	3.718
2015-08-13 00:46:48.358	21831	10701	-94	-86	10
2015-08-13 01:04:59.701	21831	10701	-94	-86	10	13.97	24.06	3.718
2015-08-13 01:32:51.419	21831	10701	-94	-86	10	13.56	23.99	3.714
2015-08-13 01:59:54.786	21831	10701	-94	-87	10
2015-08-13 02:14:35.675	21831	10701	-94	-88	10	12.7	23.86	3.712
2015-08-13 02:47:45.05	21831	10701	-94	-87	10	12.25	23.76	3.714
2015-08-13 03:00:52.099	21831	10701	-94	-87	10
2015-08-13 03:08:28.622	21831	10701	-94	-88	10	12.07	23.75	3.713
2015-08-13 03:44:23.195	21831	10701	-94	-88	10	11.71	23.65	3.71
2015-08-13 04:03:31.855	21831	10701	-94	-87	10	11.58	23.68	3.713
2015-08-13 04:11:32.222	21831	10701	-94	-89	10
2015-08-13 04:45:05.13	21831	10701	-91	-86	10	11.43	23.6	3.709
2015-08-13 05:14:57.002	21831	10701	-94	-87	10
2015-08-13 05:16:14.534	21831	10701	-94	-88	10	11.22	23.65	3.712
2015-08-13 05:44:03.551	21831	10701	-94	-87	10	11.15	23.61	3.712
2015-08-13 06:00:10.483	21831	10701	-94	-87	10	11.15	23.61	3.71
2015-08-13 06:23:11.055	21831	10701	-94	-86	10
2015-08-13 06:34:20.14	21831	10701	-94	-88	10	11.18	23.62	3.701
2015-08-13 07:01:02.778	21831	10701	-94	-88	10	11.47	23.53	3.708
2015-08-13 07:28:59.595	21831	10701	-94	-88	10
2015-08-13 07:46:24.887	21831	10701	-94	-88	10	12.82	23.38	3.708
2015-08-13 08:06:50.13	21831	10701	-94	-89	10	13.65	23.36	3.709
2015-08-13 08:34:51.647	21831	10701	-94	-89	10
2015-08-13 08:39:57.807	21831	10701	-94	-88	10	14.83	23.44	3.709
2015-08-13 09:18:44.358	21831	10701	-94	-89	10	17.72	23.07	3.712
2015-08-13 09:43:02.886	21831	10701	-94	-89	10
2015-08-13 09:51:42.019	21831	10701	-94	-86	10	19.18	23.56	3.712
2015-08-13 10:06:50.939	21831	10701	-94	-86	10	19.82	23.86	3.712
2015-08-13 10:46:31.85	21831	10701	-94	-88	10
2015-08-13 10:51:57.683	21831	10701	-94	-88	10	22.09	24.05	3.714
2015-08-13 11:16:29.766	21831	10701	-94	-85	10	23.77	24.09	3.715
2015-08-13 11:38:46.21	21831	10701	-94	-86	10	22.75	24.85	3.714
2015-08-13 11:57:06.546	21831	10701	-94	-87	10
2015-08-13 12:01:07.283	21831	10701	-94	-86	10	23.72	24.42	3.714
2015-08-13 12:43:51.27	21831	10701	-94	-87	10	25.72	24.55	3.715
2015-08-13 12:58:10.774	21831	10701	-94	-90	10
2015-08-13 13:06:32.962	21831	10701	-94	-86	10	25.26	25.1	3.717
2015-08-13 13:32:40.731	21831	10701	-94	-88	17	25.61	24.84	3.717
2015-08-13 14:11:10.062	21831	10701	-94	-89	14
2015-08-13 14:14:24.638	21831	10701	-94	-90	12	25.69	24.99	3.72
2015-08-13 14:38:51.975	21831	10701	-91	-87	10	24.18	25.53	3.719
2015-08-13 15:06:34.799	21831	10701	-94	-89	10	25.19	25.06	3.72
2015-08-13 15:09:50.566	21831	10701	-94	-89	10
2015-08-13 15:42:54.839	21831	10701	-94	-87	10	24.36	25.26	3.719
2015-08-13 16:17:22.622	21831	10701	-94	-86	10	27.08	24.72	3.723
2015-08-13 16:25:14.498	21831	10701	-94	-88	10
2015-08-13 16:43:14.522	21831	10701	-94	-88	10	25.76	25.43	3.723
2015-08-13 17:01:54.007	21831	10701	-94	-89	10	26.13	25.2	3.721
2015-08-13 17:21:29.211	21831	10701	-94	-88	10
2015-08-13 17:45:27.395	21831	10701	-94	-87	10	25.77	25.36	3.721
2015-08-13 18:05:52.683	21831	10701	-94	-89	10	25.01	25.45	3.723
2015-08-13 18:39:18.21	21831	10701	-94	-88	10
2015-08-13 18:43:33.391	21831	10701	-94	-90	10	24.69	25.35	3.724
2015-08-13 19:05:08.415	21831	10701	-94	-89	10	24.86	25.04	3.723
2015-08-13 19:33:08.618	21831	10701	-94	-88	10
2015-08-13 19:43:51.387	21831	10701	-94	-87	10	22.82	25.51	3.723
2015-08-13 20:15:01.79	21831	10701	-94	-87	10	21.18	25.39	3.724
2015-08-13 20:41:16.779	21831	10701	-94	-87	10	20.11	25.17	3.719
2015-08-13 20:53:21.766	21831	10701	-94	-87	10
2015-08-13 21:04:10.035	21831	10701	-94	-87	10	19.54	24.99	3.72
2015-08-13 21:37:09.482	21831	10701	-94	-87	10	18.96	24.8	3.718
2015-08-13 21:44:47.695	21831	10701	-94	-87	10
2015-08-13 22:18:09.523	21831	10701	-94	-87	10	18.33	24.76	3.72
2015-08-13 22:35:44.61	21831	10701	-94	-86	10	18.21	24.68	3.718
2015-08-13 23:07:25.443	21831	10701	-94	-86	10
2015-08-13 23:14:18.206	21831	10701	-94	-87	10	17.86	24.65	3.72
2015-08-13 23:42:50.895	21831	10701	-94	-86	10	17.61	24.64	3.718
2015-08-13 23:56:28.726	21831	10701	-94	-86	10
2015-08-14 00:18:34.594	21831	10701	-94	-86	10	17.36	24.65	3.718
2015-08-14 00:30:04.359	21831	10701	-94	-86	10	17.33	24.62	3.714
2015-08-14 01:21:04.65	21831	10701	-94	-86	10	16.68	24.53	3.715
2015-08-14 01:21:28.582	21831	10701	-94	-87	10
2015-08-14 01:43:12.642	21831	10701	-94	-86	10	16.64	24.53	3.714
2015-08-14 02:04:44.811	21831	10701	-94	-87	10	16.42	24.44	3.714
2015-08-14 02:08:06.594	21831	10701	-94	-87	10
2015-08-14 02:30:59.878	21831	10701	-94	-86	10	16.25	24.47	3.717
2015-08-14 03:10:25.962	21831	10701	-94	-87	10	15.85	24.44	3.714
2015-08-14 03:35:32.614	21831	10701	-94	-87	10
2015-08-14 03:43:20.803	21831	10701	-94	-86	10	15.72	24.5	3.713
2015-08-14 04:07:45.202	21831	10701	-94	-86	10	15.63	24.42	3.715
2015-08-14 04:19:46.478	21831	10701	-94	-87	10
2015-08-14 04:32:32.734	21831	10701	-94	-86	10	15.29	24.43	3.713
2015-08-14 05:14:12.286	21831	10701	-94	-86	10	15.22	24.39	3.712
2015-08-14 05:37:06.69	21831	10701	-94	-86	10	15.08	24.39	3.701
2015-08-14 05:49:35.578	21831	10701	-94	-86	10
2015-08-14 06:14:40.846	21831	10701	-94	-86	10	14.92	24.37	3.713
2015-08-14 06:31:26.034	21831	10701	-94	-88	10
2015-08-14 06:42:52.139	21831	10701	-94	-87	10	14.68	24.43	3.712
2015-08-14 07:22:22.767	21831	10701	-94	-86	10	15.24	24.18	3.71
2015-08-14 07:43:24.463	21831	10701	-94	-87	10	15.6	24.21	3.709
2015-08-14 08:02:30.5	21831	10701	-94	-86	10	16.04	24.24	3.71
2015-08-14 08:03:39.248	21831	10701	-94	-87	10
2015-08-14 08:42:03.642	21831	10701	-94	-87	10	17.93	24.05	3.71
2015-08-14 08:43:06.31	21831	10701	-94	-88	10
2015-08-14 09:13:22.595	21831	10701	-94	-88	10	21.68	22.83	3.713
2015-08-14 09:48:03.075	21831	10701	-94	-87	10	22.65	23.84	3.713
2015-08-14 10:01:51.654	21831	10701	-94	-87	10	22.7	24.27	3.713
2015-08-14 10:17:43.275	21831	10701	-94	-88	10
2015-08-14 10:43:54.115	21831	10701	-94	-90	10	24.31	24.6	3.713
2015-08-14 10:54:45.138	21831	10701	-94	-89	10
2015-08-14 11:00:33.007	21831	10701	-94	-90	10	25.55	24.54	3.712
2015-08-14 11:31:02.343	21831	10701	-94	-88	11	26.61	24.91	3.715
2015-08-14 12:19:19.608	21831	10701	-94	-86	10	29.11	24.86	3.715
2015-08-14 12:42:42.79	21831	10701	-94	-90	28	28.38	25.69	3.719
2015-08-14 13:06:26.419	21831	10701	-94	-92	30
2015-08-14 13:19:51.878	21831	10701	-94	-90	30	29.55	25.55	3.721
2015-08-14 13:34:48.923	21831	10701	-94	-89	30	29.96	25.58	3.719
2015-08-14 14:04:31.915	21831	10701	-94	-90	30	29.24	26.19	3.721
2015-08-14 14:49:13.922	21831	10701	-94	-89	30	30.54	26.21	3.723
2015-08-14 15:18:04.347	21831	10701	-94	-90	18
2015-08-14 15:22:01.378	21831	10701	-94	-88	17	30.54	26.06	3.725
2015-08-14 15:42:13.438	21831	10701	-94	-91	10	30.38	25.98	3.726
2015-08-14 16:05:30.71	21831	10701	-94	-89	10	31.19	25.52	3.725
2015-08-14 16:36:22.167	21831	10701	-94	-90	10	30.44	26.2	3.725
2015-08-14 16:59:54.374	21831	10701	-94	-90	10
2015-09-03 22:01:07.503	21831	10701	-94	-85	14	23.26	32.28	3.703
2015-09-03 22:46:21.887	21831	10701	-94	-86	10
2015-09-03 22:47:12.518	21831	10701	-94	-85	10	22.71	32.03	3.699
2015-09-03 22:55:45.754	21831	10701	-91	-84	10	22.67	31.92	3.702
2015-09-03 23:10:54.983	21831	10701	-94	-84	10
2015-09-03 23:31:55.899	21831	10701	-94	-85	10	22.14	31.98	3.701
2015-09-04 00:16:41.591	21831	10701	-94	-84	10	21.67	31.9	3.697
2015-09-04 00:26:43.878	21831	10701	-91	-84	10	21.68	31.87	3.698
2015-09-04 01:00:25.207	21831	10701	-91	-84	10
2015-09-04 01:04:08.983	21831	10701	-94	-84	10	21.6	31.79	3.685
2015-09-04 01:22:34.158	21831	10701	-94	-83	10
2015-09-04 01:34:40.175	21831	10701	-91	-84	10	21.57	31.75	3.696
2015-09-04 01:59:43.85	21831	10701	-91	-84	10	21.57	31.72	3.695
2015-09-04 02:35:57.279	21831	10701	-94	-85	10	21.07	31.85	3.692
2015-09-04 02:58:19.171	21831	10701	-94	-85	10	20.79	31.79	3.693
2015-09-04 03:14:28.923	21831	10701	-91	-84	10
2015-09-04 03:34:13.674	21831	10701	-94	-84	10
2015-09-04 03:45:08.938	21831	10701	-94	-83	10	20.28	31.78	3.69
2015-09-04 03:59:22.07	21831	10701	-94	-84	10	20.14	31.73	3.692
2015-09-04 04:32:49.087	21831	10701	-94	-84	10	20.13	31.66	3.69
2015-09-04 04:59:00.619	21831	10701	-94	-85	10	20.28	31.54	3.687
2015-09-04 05:28:12.798	21831	10701	-94	-84	10	20.0	31.65	3.688
2015-09-04 05:28:32.487	21831	10701	-91	-84	10
2015-09-04 05:45:54.435	21831	10701	-94	-85	10
2015-09-04 06:11:31.883	21831	10701	-94	-83	10	19.65	31.62	3.685
2015-09-04 06:32:42.684	21831	10701	-91	-84	10	19.42	31.67	3.684
2015-09-04 07:13:53.603	21831	10701	-94	-84	10	19.38	31.56	3.686
2015-09-04 07:40:15.255	21831	10701	-91	-84	10	19.46	31.5	3.684
2015-09-04 07:42:35.875	21831	10701	-94	-84	10
2015-09-04 07:57:32.446	21831	10701	-94	-85	10
2015-09-04 08:02:48.015	21831	10701	-94	-84	10	19.75	31.35	3.682
2015-09-04 08:45:11.33	21831	10701	-91	-84	10	20.1	31.42	3.682
2015-09-04 09:07:46.427	21831	10701	-94	-84	10	20.54	31.39	3.682
2015-09-04 09:43:51.154	21831	10701	-94	-85	10	22.67	30.76	3.684
2015-09-04 09:56:39.411	21831	10701	-94	-84	10
2015-09-04 10:05:09.854	21831	10701	-94	-87	10	23.27	31.09	3.681
2015-09-04 10:09:12.003	21831	10701	-94	-85	10
2015-09-04 10:27:09.819	21831	10701	-91	-87	10	24.24	31.21	3.682
2015-09-04 10:58:47.276	21831	10701	-94	-87	10	26.01	31.25	3.684
2015-09-04 11:38:00.81	21831	10701	-94	-88	10	28.35	31.73	3.686
2015-09-04 12:10:44.443	21831	10701	-94	-88	10
2015-09-04 12:14:31.595	21831	10701	-91	-88	10	29.63	31.77	3.677
2015-09-04 12:20:51.335	21831	10701	-94	-88	10
2015-09-04 12:36:00.254	21831	10701	-94	-89	10	30.04	32.02	3.687
2015-09-04 13:10:59.887	21831	10701	-94	-87	10	31.22	32.19	3.687
2015-09-04 13:41:16.167	21831	10701	-94	-88	10	32.44	32.51	3.691
2015-09-04 13:57:38.395	21831	10701	-94	-89	11	32.54	32.88	3.693
2015-09-04 14:24:51.463	21831	10701	-94	-88	10
2015-09-04 14:29:50.102	21831	10701	-94	-88	10	33.29	33.01	3.682
2015-09-04 14:32:31.231	21831	10701	-94	-88	10
2015-09-04 15:00:17.159	21831	10701	-94	-88	10	32.96	33.16	3.695
2015-09-04 17:30:22.222	21831	10701	-94	-86	19	31.88	33.07	3.699
2015-09-04 18:01:15.574	21831	10701	-94	-89	10	30.26	33.64	3.701
2015-09-04 18:34:26.011	21831	10701	-94	-85	10	28.05	33.76	3.699
2015-09-04 18:52:54.823	21831	10701	-91	-85	10
2015-09-04 18:55:50.306	21831	10701	-94	-85	10
2015-09-04 19:07:42.891	21831	10701	-94	-86	10	24.99	33.76	3.697
2015-09-04 19:26:45.07	21831	10701	-94	-84	10	24.38	33.22	3.698
2015-09-04 20:00:35.65	21831	10701	-94	-85	10	23.51	32.79	3.696
2015-09-04 20:26:03.93	21831	10701	-94	-84	10	22.68	32.72	3.696
2015-09-04 20:57:15.771	21831	10701	-91	-85	10	21.79	32.61	3.695
2015-09-04 21:06:58.18	21831	10701	-94	-84	10
2015-09-04 21:07:29.835	21831	10701	-91	-83	10
2015-09-04 21:29:48.57	21831	10701	-91	-83	10	21.2	32.38	3.692
2015-09-04 22:08:05.915	21831	10701	-91	-83	10	21.22	32.11	3.691
2015-09-04 22:32:17.574	21831	10701	-91	-85	10	21.19	32.1	3.691
2015-09-04 22:59:21.866	21831	10701	-91	-83	10	21.07	32.09	3.688
2015-09-04 23:19:09.266	21831	10701	-94	-84	10
2015-09-04 23:21:01.09	21831	10701	-94	-84	10
2015-09-04 23:27:59.546	21831	10701	-91	-83	10	20.72	32.13	3.688
2015-09-05 00:12:21.202	21831	10701	-94	-84	10	20.32	32.13	3.688
2015-09-05 00:41:28.711	21831	10701	-91	-83	10	20.29	31.96	3.685
2015-09-05 00:57:47.086	21831	10701	-94	-83	10	20.2	32.05	3.685
2015-09-05 01:30:48.535	21831	10701	-94	-84	10
2015-09-05 01:35:04.947	21831	10701	-91	-83	10
2015-09-05 01:41:09.623	21831	10701	-91	-83	10	19.96	32.0	3.684
2015-09-05 01:59:59.638	21831	10701	-94	-84	10	19.75	31.98	3.685
2015-09-05 02:35:59.499	21831	10701	-91	-84	10	19.5	31.92	3.684
2015-09-05 03:10:02.715	21831	10701	-94	-83	10	19.21	31.93	3.684
2015-09-05 03:38:25.55	21831	10701	-91	-83	10	18.96	31.91	3.668
2015-09-05 03:42:28.002	21831	10701	-91	-83	10
2015-09-05 03:49:09.41	21831	10701	-91	-83	10
2015-09-05 03:56:48.626	21831	10701	-88	-83	10	18.82	31.83	3.68
2015-09-05 04:39:22.167	21831	10701	-91	-84	10	18.52	31.87	3.68
2015-09-05 04:57:42.826	21831	10701	-91	-84	10	18.5	31.8	3.679
2015-09-05 05:27:33.414	21831	10701	-91	-84	10	18.46	31.8	3.677
2015-09-05 05:54:11.839	21831	10701	-91	-83	10
2015-09-05 06:03:12.599	21831	10701	-91	-83	10
2015-09-05 06:11:54.634	21831	10701	-91	-84	10	18.54	31.73	3.677
2015-09-05 06:28:23.958	21831	10701	-94	-84	10	18.54	31.73	3.677
2015-09-05 07:17:00.626	21831	10701	-91	-84	10	18.68	31.75	3.675
2015-09-05 07:32:09.878	21831	10701	-94	-84	10	18.9	31.59	3.676
2015-09-05 07:58:43.018	21831	10701	-94	-85	10	19.11	31.65	3.677
2015-09-05 08:05:47.343	21831	10701	-94	-85	10
2015-09-05 08:17:16.214	21831	10701	-91	-85	10
2015-09-05 08:42:21.658	21831	10701	-91	-86	10	20.96	31.25	3.677
2015-09-05 08:55:03.055	21831	10701	-91	-85	10	21.71	31.17	3.675
2015-09-05 09:30:30.778	21831	10701	-94	-87	10	23.67	31.3	3.679
2015-09-05 10:10:17.151	21831	10701	-94	-87	10	25.88	31.31	3.677
2015-09-05 10:17:26.107	21831	10701	-94	-86	10
2015-09-05 10:31:19.766	21831	10701	-94	-87	10
2015-09-05 10:38:18.486	21831	10701	-94	-87	10	27.1	31.56	3.68
2015-09-05 10:58:21.058	21831	10701	-94	-90	10	28.24	31.62	3.68
2015-09-05 11:55:04.902	21831	10701	-94	-90	14	29.65	32.38	3.675
2015-09-05 12:29:06.49	21831	10701	-94	-89	19
2015-09-05 12:38:00.643	21831	10701	-94	-89	14	31.05	32.46	3.676
2015-09-05 12:45:27.251	21831	10701	-94	-90	13
2015-09-05 13:06:42.003	21831	10701	-94	-90	22	31.47	32.89	3.688
2015-09-05 13:34:52.63	21831	10701	-91	-89	10	31.63	32.98	3.688
2015-09-05 14:40:45.31	21831	10701	-94	-91	25
2015-09-05 14:59:27.182	21831	10701	-94	-92	18
2015-09-05 15:04:09.538	21831	10701	-94	-90	17	32.38	33.51	3.693
2015-09-05 16:13:05.19	21831	10701	-94	-88	24	32.04	33.94	3.698
2015-09-05 16:46:37.942	21831	10701	-94	-89	19	28.41	34.56	3.698
2015-09-05 16:52:25.599	21831	10701	-94	-88	18
2015-09-05 16:57:50.338	21831	10701	-94	-89	18	27.3	34.53	3.696
2015-09-05 17:13:30.53	21831	10701	-94	-86	15
2015-09-05 17:46:05.607	21831	10701	-94	-86	25	22.59	33.96	3.696
2015-09-06 09:36:28.59	21831	10701	-94	-90	10	22.19	31.56	3.687
2015-09-06 10:05:51.197	21831	10701	-94	-89	15	23.6	31.58	3.675
2015-09-06 10:25:40.827	21831	10701	-94	-89	10
2015-09-06 10:45:47.546	21831	10701	-94	-88	10	25.3	31.62	3.686
2015-09-06 10:56:30.558	21831	10701	-94	-91	10	25.88	31.67	3.69
2015-09-06 11:05:59.223	21831	10701	-94	-88	10
2015-09-06 11:41:40.754	21831	10701	-94	-90	19	27.32	32.35	3.69
2015-09-06 12:03:13.158	21831	10701	-94	-89	12	27.88	32.33	3.688
2015-09-06 12:28:00.399	21831	10701	-91	-88	10	28.86	32.35	3.691
2015-09-06 12:37:20.222	21831	10701	-94	-89	10
2015-09-06 14:37:23.598	21831	10701	-94	-90	27	31.83	34.24	3.696
2015-09-06 14:49:00.206	21831	10701	-94	-91	23
2015-09-06 15:03:05.703	21831	10701	-94	-86	13	32.18	33.77	3.696
2015-09-06 15:32:47.614	21831	10701	-94	-89	10	30.82	34.11	3.695
2015-09-06 15:34:07.31	21831	10701	-94	-89	10
2015-09-06 15:57:43.014	21831	10701	-94	-89	10	32.24	33.14	3.699
2015-09-06 16:38:00.927	21831	10701	-94	-88	10	31.88	33.75	3.698
2015-09-06 16:55:38.526	21831	10701	-94	-89	10	31.3	33.87	3.697
2015-09-06 17:00:39.578	21831	10701	-94	-86	10
2015-09-06 17:35:13.87	21831	10701	-94	-84	10	30.5	33.8	3.697
2015-09-06 17:48:11.522	21831	10701	-94	-88	10
2015-09-06 18:04:51.883	21831	10701	-94	-86	10	29.88	33.78	3.698
2015-09-06 18:25:43.275	21831	10701	-94	-88	10	29.54	33.72	3.698
2015-09-06 19:03:29.434	21831	10701	-94	-86	10	28.38	33.79	3.699
2015-09-06 19:12:21.894	21831	10701	-91	-86	10
2015-09-06 19:32:29.53	21831	10701	-94	-85	10	27.44	33.78	3.698
2015-09-06 19:59:32.374	21831	10701	-94	-84	10	25.99	33.96	3.698
2015-09-06 20:02:13.823	21831	10701	-94	-85	10
2015-09-06 20:42:21.975	21831	10701	-94	-84	10	24.15	33.62	3.695
2015-09-06 21:10:27.195	21831	10701	-91	-84	10	23.46	33.42	3.697
2015-09-06 21:23:58.822	21831	10701	-94	-84	10
2015-09-06 21:24:56.662	21831	10701	-91	-84	10	23.14	33.39	3.697
2015-09-06 21:58:53.667	21831	10701	-94	-84	10	22.53	33.19	3.693
2015-09-06 22:16:17.991	21831	10701	-91	-84	10
2015-09-06 22:41:49.198	21831	10701	-94	-84	10	21.95	33.11	3.692
2015-09-06 23:05:21.639	21831	10701	-94	-84	10	21.92	33.0	3.692
2015-09-06 23:35:38.165	21831	10701	-91	-84	10
2015-09-06 23:39:01.194	21831	10701	-91	-83	10	21.75	32.92	3.692
2015-09-06 23:56:31.606	21831	10701	-94	-84	10	21.64	32.91	3.692
2015-09-07 00:28:51.615	21831	10701	-94	-83	10	21.45	32.89	3.691
2015-09-07 00:30:21.422	21831	10701	-91	-83	10
2015-09-07 01:03:50.599	21831	10701	-94	-83	10	21.27	32.91	3.69
2015-09-07 01:41:36.275	21831	10701	-88	-84	10	21.1	32.86	3.691
2015-09-07 01:47:17.102	21831	10701	-91	-83	10
2015-09-07 02:04:33.818	21831	10701	-94	-83	10	20.79	32.9	3.69
2015-09-07 02:27:49.587	21831	10701	-91	-84	10	20.64	32.82	3.677
2015-09-07 02:44:25.047	21831	10701	-91	-84	10
2015-09-07 03:12:32.379	21831	10701	-91	-84	10	20.32	32.79	3.688
2015-09-07 03:34:13.743	21831	10701	-91	-85	10	20.28	32.72	3.688
2015-09-07 03:58:56.942	21831	10701	-91	-83	10
2015-09-07 04:12:20.791	21831	10701	-94	-84	10	19.93	32.76	3.688
2015-09-07 04:26:44.074	21831	10701	-94	-84	10	19.85	32.71	3.687
2015-09-07 04:55:19.051	21831	10701	-94	-84	10	19.57	32.72	3.686
2015-09-07 04:58:29.198	21831	10701	-94	-84	10
2015-09-07 05:45:07.487	21831	10701	-91	-84	10	19.31	32.67	3.687
2015-09-07 06:02:21.302	21831	10701	-94	-84	10	19.25	32.7	3.685
2015-09-07 06:10:36.023	21831	10701	-91	-83	10
2015-09-07 06:29:32.57	21831	10701	-94	-83	10	19.25	32.56	3.682
2015-09-07 07:06:37.126	21831	10701	-91	-83	10	18.81	32.72	3.682
2015-09-07 07:12:32.094	21831	10701	-91	-83	10
2015-09-07 07:42:04.623	21831	10701	-94	-85	10	19.22	32.42	3.684
2015-09-07 08:02:34.162	21831	10701	-94	-84	10	19.72	32.32	3.685
2015-09-07 08:22:15.623	21831	10701	-91	-84	10
2015-09-07 08:24:51.507	21831	10701	-94	-84	10	20.25	32.3	3.682
2015-09-07 09:05:54.126	21831	10701	-91	-84	10	22.29	31.99	3.685
2015-09-07 09:26:36.083	21831	10701	-94	-85	10
2015-09-07 09:40:45.091	21831	10701	-94	-84	10	24.33	31.92	3.685
2015-09-07 10:13:34.567	21831	10701	-91	-84	10	25.36	32.33	3.685
2015-09-07 10:33:55.083	21831	10701	-94	-84	10
2015-09-07 10:44:32.939	21831	10701	-91	-86	10	26.74	32.31	3.686
2015-09-07 11:16:46.051	21831	10701	-94	-85	10	30.07	31.74	3.687
2015-09-07 11:34:53.875	21831	10701	-94	-86	10	29.69	32.7	3.688
2015-09-07 11:40:39.183	21831	10701	-94	-85	10
2015-09-07 12:08:43.98	21831	10701	-91	-88	10	30.46	33.05	3.69
2015-09-07 12:45:20.242	21831	10701	-94	-88	10	31.58	33.22	3.691
2015-09-07 12:45:34.823	21831	10701	-94	-90	10
2015-09-07 13:08:10.246	21831	10701	-94	-85	10	30.65	34.06	3.693
2015-09-07 13:27:12.778	21831	10701	-94	-87	10	31.33	33.41	3.692
2015-09-07 13:54:45.731	21831	10701	-94	-89	10
2015-09-07 14:06:53.638	21831	10701	-94	-88	10	34.58	32.91	3.693
2015-09-07 14:31:56.598	21831	10701	-94	-90	10	33.5	33.93	3.693
2015-09-07 14:57:14.651	21831	10701	-94	-89	10
2015-09-07 15:06:32.154	21831	10701	-94	-89	10	33.76	34.02	3.696
2015-09-07 15:44:06.95	21831	10701	-94	-91	10	33.22	34.36	3.696
2015-09-07 16:08:47.282	21831	10701	-94	-90	10
2015-09-07 16:15:37.751	21831	10701	-94	-87	10	33.33	34.09	3.697
2015-09-07 16:35:31.963	21831	10701	-94	-88	10	32.74	34.39	3.698
2015-09-07 17:08:54.226	21831	10701	-94	-86	10
2015-09-07 17:10:27.498	21831	10701	-94	-87	10	31.96	34.39	3.698
2015-09-07 17:43:42.586	21831	10701	-94	-87	10	31.26	34.33	3.699
2015-09-07 17:57:13.859	21831	10701	-94	-86	10	30.97	34.37	3.699
2015-09-07 18:22:51.851	21831	10701	-94	-86	10
2015-09-07 18:41:10.447	21831	10701	-94	-85	10	29.36	34.51	3.699
2015-09-07 19:06:41.83	21831	10701	-94	-85	10	27.88	34.52	3.698
2015-09-07 19:20:33.611	21831	10701	-91	-85	10
2015-09-07 19:30:54.722	21831	10701	-91	-85	10	26.69	34.41	3.697
2015-09-07 20:02:59.086	21831	10701	-91	-84	10	25.41	34.15	3.698
2015-09-07 20:32:52.303	21831	10701	-91	-84	10	24.57	33.94	3.695
2015-09-07 20:36:54.843	21831	10701	-94	-84	10
2015-09-07 20:59:06.803	21831	10701	-91	-84	10	23.76	33.86	3.696
2015-09-07 21:32:13.299	21831	10701	-91	-83	10
2015-09-07 21:43:40.903	21831	10701	-91	-84	10	22.77	33.63	3.697
2015-09-07 22:02:45.231	21831	10701	-94	-84	10	22.52	33.54	3.695
2015-09-07 22:40:10.806	21831	10701	-94	-83	10	22.34	33.39	3.693
2015-09-07 22:50:57.727	21831	10701	-94	-83	10
2015-09-07 23:01:31.515	21831	10701	-94	-84	10	22.04	33.39	3.692
2015-09-07 23:43:52.562	21831	10701	-91	-83	10
2015-09-07 23:46:26.47	21831	10701	-91	-83	10	21.32	33.43	3.692
2015-09-07 23:59:46.018	21831	10701	-94	-83	10	21.21	33.35	3.692
2015-09-08 00:39:06.242	21831	10701	-91	-83	10	21.06	33.2	3.693
2015-09-08 00:57:53.774	21831	10701	-91	-83	10	20.92	33.22	3.691
2015-09-08 01:05:01.211	21831	10701	-91	-84	10
2015-09-08 01:39:11.542	21831	10701	-91	-83	10	20.7	33.17	3.69
2015-09-08 01:55:31.571	21831	10701	-91	-83	10
2015-09-08 02:03:50.271	21831	10701	-91	-83	10	20.33	33.21	3.69
2015-09-08 02:25:59.998	21831	10701	-94	-83	10	20.18	33.12	3.691
2015-09-08 03:16:33.63	21831	10701	-88	-83	10	19.75	33.09	3.687
2015-09-08 03:19:04.938	21831	10701	-94	-83	10
2015-09-08 03:43:10.346	21831	10701	-91	-84	10	19.58	33.07	3.688
2015-09-08 03:57:56.859	21831	10701	-94	-84	10	19.5	33.03	3.684
2015-09-08 04:07:11.478	21831	10701	-94	-83	10
2015-09-08 04:34:44.482	21831	10701	-91	-83	10	19.29	33.04	3.688
2015-09-08 05:07:19.13	21831	10701	-91	-84	10	19.02	33.02	3.688
2015-09-08 05:33:08.758	21831	10701	-91	-83	10
2015-09-08 05:33:10.506	21831	10701	-91	-83	10	18.85	33.0	3.687
2015-09-08 06:09:23.419	21831	10701	-91	-83	10	18.64	32.99	3.686
2015-09-08 06:18:51.104	21831	10701	-94	-84	10
2015-09-08 06:32:17.098	21831	10701	-88	-84	10	18.52	32.91	3.685
2015-09-08 07:12:22.498	21831	10701	-91	-84	10	18.43	32.93	3.685
2015-09-08 07:26:45.394	21831	10701	-94	-82	10	18.56	32.84	3.682
2015-09-08 07:47:12.6	21831	10701	-94	-83	10
2015-09-08 08:01:28.954	21831	10701	-91	-83	10	19.33	32.56	3.68
2015-09-08 08:26:23.01	21831	10701	-91	-84	10	20.28	32.44	3.68
2015-09-08 08:30:30.306	21831	10701	-91	-84	10
2015-09-08 09:05:03.474	21831	10701	-94	-85	10	22.34	32.2	3.684
2015-09-08 09:29:25.426	21831	10701	-94	-85	10	24.22	31.98	3.684
2015-09-08 09:56:37.374	21831	10701	-91	-85	10	25.3	32.6	3.684
2015-09-08 10:01:19.046	21831	10701	-94	-86	10
2015-09-08 10:34:34.014	21831	10701	-91	-86	10	27.29	32.71	3.685
2015-09-08 10:42:09.934	21831	10701	-94	-85	10
2015-09-08 11:09:07.427	21831	10701	-94	-86	13	31.04	31.53	3.686
2015-09-08 11:34:30.558	21831	10701	-91	-89	10	30.68	33.14	3.688
2015-09-08 12:14:40.854	21831	10701	-94	-90	10	31.8	33.46	3.692
2015-09-08 12:15:31.234	21831	10701	-94	-89	10
2015-09-08 12:40:03.702	21831	10701	-94	-89	10	31.97	34.0	3.692
2015-09-08 12:53:50.307	21831	10701	-94	-86	10
2015-09-08 13:06:02.103	21831	10701	-94	-89	10	31.75	34.59	3.692
2015-09-08 13:30:19.806	21831	10701	-94	-90	10	32.21	34.63	3.693
2015-09-08 14:06:54.87	21831	10701	-94	-88	11	33.0	33.7	3.693
2015-09-08 14:45:05.302	21831	10701	-94	-88	17	33.88	33.96	3.695
2015-09-08 14:59:24.675	21831	10701	-94	-91	14	33.8	34.34	3.696
2015-09-08 15:05:33.27	21831	10701	-94	-90	11
2015-09-08 15:42:59.122	21831	10701	-94	-89	15	33.72	34.98	3.698
2015-09-08 16:05:48.686	21831	10701	-94	-90	10	34.02	34.51	3.698
2015-09-08 16:41:03.302	21831	10701	-94	-86	14	33.49	34.74	3.697
2015-09-08 16:43:29.931	21831	10701	-94	-89	14
2015-09-08 17:01:40.158	21831	10701	-94	-91	10	33.41	34.52	3.698
2015-09-08 17:17:08.275	21831	10701	-94	-91	10
2015-09-08 17:40:32.494	21831	10701	-94	-89	10	32.6	34.52	3.698
2015-09-08 17:40:35.43	21831	10701	-94	-89	10	32.6	34.52	3.698
2015-09-08 17:40:37.726	21831	10701	-94	-89	10	32.6	34.52	3.698
2015-09-08 17:40:39.758	21831	10701	-94	-89	10	32.6	34.52	3.698
2015-09-08 17:40:42.026	21831	10701	-94	-89	10	32.6	34.52	3.698
2015-09-08 18:04:42.482	21831	10701	-94	-90	10	32.46	34.47	3.698
2015-09-08 18:38:58.363	21831	10701	-94	-87	10	31.27	34.75	3.698
2015-09-08 18:57:30.867	21831	10701	-94	-88	10
2015-09-08 19:01:38.095	21831	10701	-94	-87	10	30.22	34.91	3.702
2015-09-08 19:28:48.018	21831	10701	-91	-86	10
2015-09-08 19:30:56.07	21831	10701	-94	-86	10	28.19	35.03	3.698
2015-09-08 20:03:56.995	21831	10701	-94	-85	10	26.69	34.69	3.696
2015-09-08 20:33:24.458	21831	10701	-94	-85	10	25.52	34.44	3.696
2015-09-08 21:11:34.198	21831	10701	-94	-85	10
2015-09-08 21:12:00.31	21831	10701	-94	-85	10	24.69	34.09	3.698
2015-09-08 21:40:27.651	21831	10701	-91	-84	10
2015-09-08 21:44:50.663	21831	10701	-94	-84	10	24.03	34.06	3.693
2015-09-08 22:15:25.05	21831	10701	-94	-85	10	23.43	34.04	3.693
2015-09-08 22:46:25.047	21831	10701	-91	-85	10	22.79	33.91	3.692
2015-09-08 23:09:35.138	21831	10701	-91	-84	10	22.5	33.82	3.693
2015-09-08 23:25:38.207	21831	10701	-91	-84	10
2015-09-08 23:25:48.471	21831	10701	-91	-83	10	22.29	33.8	3.691
2015-09-08 23:52:06.543	21831	10701	-91	-85	10
2015-09-09 00:04:08.85	21831	10701	-91	-84	10	22.4	33.6	3.69
2015-09-09 00:42:56.638	21831	10701	-88	-84	10	22.14	33.54	3.69
2015-09-09 01:01:56.45	21831	10701	-91	-85	10	22.0	33.56	3.692
2015-09-09 01:28:04.94	21831	10701	-91	-83	10	21.6	33.63	3.691
2015-09-09 01:39:41.627	21831	10701	-91	-84	10
2015-09-09 01:59:08.191	21831	10701	-91	-84	10	21.21	33.6	3.687
2015-09-09 02:03:46.859	21831	10701	-91	-84	10
2015-09-09 02:43:53.134	21831	10701	-91	-84	10	20.89	33.53	3.69
2015-09-09 03:05:50.347	21831	10701	-94	-84	10	20.69	33.58	3.688
2015-09-09 03:45:11.334	21831	10701	-91	-84	10	20.61	33.44	3.687
2015-09-09 03:53:44.775	21831	10701	-94	-83	10
2015-09-09 04:05:24.319	21831	10701	-94	-83	10	20.47	33.39	3.687
2015-09-09 04:15:25.934	21831	10701	-91	-84	10
2015-09-09 04:32:52.202	21831	10701	-91	-83	10	20.32	33.41	3.686
2015-09-09 05:11:39.53	21831	10701	-94	-84	10	20.58	33.26	3.685
2015-09-09 05:38:06.566	21831	10701	-91	-83	10	20.65	33.34	3.685
2015-09-09 06:07:48.554	21831	10701	-91	-84	10
2015-09-09 06:16:01.65	21831	10701	-91	-84	10	20.88	33.26	3.685
2015-09-09 06:27:04.862	21831	10701	-91	-83	10
2015-09-09 06:39:33.151	21831	10701	-91	-84	10	21.04	33.23	3.685
2015-09-09 06:59:51.886	21831	10701	-94	-83	10	21.08	33.27	3.684
2015-09-09 07:42:27.555	21831	10701	-91	-84	10	21.2	33.32	3.684
2015-09-09 08:09:56.831	21831	10701	-91	-84	10	21.72	33.16	3.682
2015-09-09 08:21:52.084	21831	10701	-91	-84	10
2015-09-09 08:38:44.822	21831	10701	-91	-83	10
2015-09-09 08:41:04.586	21831	10701	-94	-83	10	22.94	32.88	3.684
2015-09-09 09:05:33.638	21831	10701	-88	-85	10	23.65	33.02	3.681
2015-09-09 09:43:34.75	21831	10701	-94	-85	10	24.55	33.1	3.686
2015-09-09 10:09:56.123	21831	10701	-91	-86	10	25.65	32.98	3.682
2015-09-09 10:35:55.886	21831	10701	-94	-84	10
2015-09-09 10:36:09.406	21831	10701	-91	-86	10	27.16	32.91	3.684
2015-09-09 10:50:24.594	21831	10701	-94	-89	10
2015-09-09 11:17:09.27	21831	10701	-94	-88	10	30.26	32.89	3.677
2015-09-09 11:31:38.586	21831	10701	-94	-89	10	30.13	33.45	3.686
2015-09-09 12:08:43.827	21831	10701	-94	-88	10	31.66	33.76	3.688
2015-09-09 12:45:30.243	21831	10701	-94	-85	10	30.63	34.41	3.688
2015-09-09 12:50:00.206	21831	10701	-94	-86	10
2015-09-09 12:55:55.851	21831	10701	-94	-86	10	31.02	33.88	3.688
2015-09-09 13:02:04.251	21831	10701	-94	-86	10
2015-09-09 13:39:13.055	21831	10701	-94	-86	10	31.88	33.71	3.688
2015-09-09 14:01:33.539	21831	10701	-94	-90	10	34.93	33.37	3.691
2015-09-09 14:24:42.419	21831	10701	-94	-86	10	32.99	35.76	3.693
2015-09-09 14:58:01.226	21831	10701	-94	-89	10	34.21	34.6	3.693
2015-09-09 15:04:03.759	21831	10701	-94	-91	10
2015-09-09 15:13:43.51	21831	10701	-94	-87	12
2015-09-09 15:28:04.935	21831	10701	-94	-89	28	25.24	39.37	3.691
2015-09-09 16:39:43.956	21831	10701	-94	-88	26	22.86	34.4	3.69
2015-09-09 17:10:39.427	21831	10701	-94	-90	20	20.4	34.73	3.688
2015-09-09 17:18:07.406	21831	10701	-94	-85	19
2015-09-09 17:25:23.231	21831	10701	-94	-87	18
2015-09-09 17:29:36.803	21831	10701	-94	-88	17	19.68	34.45	3.688
2015-09-09 18:02:00.767	21831	10701	-94	-89	10	20.28	33.75	3.686
2015-09-09 18:45:50.726	21831	10701	-94	-90	26	20.75	33.55	3.687
2015-09-09 18:59:01.743	21831	10701	-94	-89	13	20.72	33.59	3.686
2015-09-09 19:32:10.775	21831	10701	-94	-89	10
2015-09-09 19:33:28.443	21831	10701	-94	-89	10	20.58	33.71	3.684
2015-09-09 19:37:05.846	21831	10701	-94	-89	10
