result_time	node_id	parent_id	stats_frssi	stats_brssi	etx	temperature	humidity	voltage
2015-07-10 14:48:50.283	21931	10501	-88	-80	10	26.27	63.76	3.939
2015-07-10 14:50:55.83	21931	10501	-88	-80	10	25.41	66.45	3.939
2015-07-10 20:12:21.562	21931	10501	-88	-80	10	20.83	73.85	3.93
2015-07-10 20:35:17.53	21931	10501	-88	-80	10	20.43	74.37	3.928
2015-07-10 22:36:50.31	21931	10501	-88	-80	10	19.18	75.71	3.925
2015-07-10 23:56:04.123	21931	10501	-88	-80	10	18.72	76.25	3.924
2015-07-11 01:08:01.918	21931	10501	-88	-80	10	18.38	76.71	3.923
2015-07-11 01:37:16.299	21931	10501	-91	-81	10	18.07	77.04	3.922
2015-07-11 02:59:29.814	21931	10501	-91	-81	10	17.38	78.12	3.919
2015-07-11 04:21:33.799	21931	10501	-91	-81	10	16.75	79.02	3.919
2015-07-11 05:30:31.398	21931	10501	-91	-81	10	16.0	79.47	3.918
2015-07-11 06:52:07.67	21931	10501	-91	-81	10	15.93	79.33	3.914
2015-07-11 07:28:17.103	21931	10501	-88	-82	10	16.36	78.86	3.914
2015-07-11 08:35:36.071	21931	10501	-91	-79	10	18.53	76.47	3.917
2015-07-11 09:11:52.887	21931	10501	-88	-78	10
2015-07-11 09:50:57.896	21931	10501	-88	-80	10	21.97	73.28	3.916
2015-07-11 10:25:13.779	21931	10501	-91	-80	10	24.0	70.77	3.916
2015-07-11 11:57:45.226	21931	10501	-91	-81	10	28.04	66.49	3.919
2015-07-11 12:52:14.53	21931	10501	-91	-82	10
2015-07-11 13:56:47.674	21931	10501	-88	-82	10	26.93	67.82	3.917
2015-07-11 14:36:29.218	21931	10501	-88	-80	10	28.41	64.5	3.917
2015-07-11 14:55:27.103	21931	10501	-88	-80	10	28.52	64.4	3.917
2015-07-11 15:35:16.219	21931	10501	-88	-81	10	30.75	60.28	3.917
2015-07-11 15:38:03.046	21931	10501	-88	-78	10
2015-07-11 16:35:03.083	21931	10501	-88	-81	10	29.19	63.34	3.917
2015-07-11 16:58:16.391	21931	10501	-88	-79	10	28.19	64.68	3.917
2015-07-11 17:05:56.411	21931	10501	-94	-79	10
2015-07-11 17:28:19.13	21931	10501	-88	-80	10	27.83	64.85	3.917
2015-07-11 17:53:11.747	21931	10501	-91	-80	10	27.77	64.22	3.916
2015-07-11 18:23:52.538	21931	10501	-88	-81	10
2015-07-11 18:42:25.402	21931	10501	-91	-80	10	25.83	67.08	3.914
2015-07-11 18:59:44.146	21931	10501	-91	-80	10	25.27	67.73	3.913
2015-07-11 19:43:58.058	21931	10501	-88	-80	10
2015-07-11 20:39:59.907	21931	10501	-88	-80	10	21.44	71.85	3.911
2015-07-11 22:21:59.147	21931	10501	-88	-79	10
2015-07-11 22:52:48.734	21931	10501	-88	-79	10	19.0	73.98	3.908
2015-07-11 23:58:14.354	21931	10501	-88	-79	10	18.21	74.87	3.905
2015-07-12 01:00:00.604	21931	10501	-88	-78	10
2015-07-12 01:13:19.258	21931	10501	-88	-79	10	17.42	75.62	3.905
2015-07-12 01:30:01.439	21931	10501	-88	-79	10	17.24	75.76	3.903
2015-07-12 02:51:42.775	21931	10501	-88	-78	10	16.81	76.28	3.903
2015-07-12 04:57:51.555	21931	10501	-88	-79	10	16.4	76.96	3.901
2015-07-12 06:09:34.37	21931	10501	-88	-79	10	16.43	77.09	3.898
2015-07-12 06:16:04.751	21931	10501	-88	-78	10
2015-07-12 06:41:19.919	21931	10501	-88	-78	10	16.61	77.0	3.9
2015-07-12 06:59:44.335	21931	10501	-88	-78	10	16.96	76.63	3.9
2015-07-12 07:37:09.382	21931	10501	-88	-78	10	17.65	75.98	3.897
2015-07-12 07:58:18.914	21931	10501	-88	-79	10	18.07	75.7	3.9
2015-07-12 08:12:57.819	21931	10501	-88	-79	10
2015-07-12 08:39:33.971	21931	10501	-91	-79	10	19.18	74.72	3.898
2015-07-12 10:58:47.574	21931	10501	-91	-80	10
2015-07-12 11:32:07.775	21931	10501	-91	-82	10
2015-07-12 13:44:36.006	21931	10501	-88	-80	10
2015-07-12 15:34:28.387	21931	10501	-91	-80	10	25.83	68.73	3.901
2015-07-12 16:37:33.295	21931	10501	-85	-80	10	23.22	71.77	3.9
2015-07-12 17:36:33.139	21931	10501	-88	-81	10	20.46	75.7	3.897
2015-07-12 18:35:17.743	21931	10501	-85	-77	10	20.9	74.71	3.897
2015-07-12 19:16:14.371	21931	10501	-88	-78	10
2015-07-12 20:09:38.322	21931	10501	-88	-80	10	20.13	76.11	3.896
2015-07-12 21:00:14.97	21931	10501	-91	-81	10	19.46	76.85	3.895
2015-07-12 22:04:13.782	21931	10501	-91	-82	10
2015-07-12 22:24:26.742	21931	10501	-88	-81	10	18.88	77.49	3.892
2015-07-12 23:42:33.109	21931	10501	-88	-81	10	18.86	77.57	3.892
2015-07-13 00:47:51.706	21931	10501	-88	-79	10
2015-07-13 02:13:12.158	21931	10501	-88	-80	10	19.18	77.79	3.892
2015-07-13 02:57:46.37	21931	10501	-88	-78	10	19.11	78.09	3.891
2015-07-13 03:33:41.347	21931	10501	-91	-80	10
2015-07-13 04:56:45.775	21931	10501	-88	-80	10	18.61	78.74	3.891
2015-07-13 06:19:31.039	21931	10501	-91	-80	10
2015-07-13 07:12:24.072	21931	10501	-91	-80	10	18.64	78.98	3.887
2015-07-13 07:51:24.278	21931	10501	-88	-79	10	19.88	77.38	3.887
2015-07-13 09:32:10.555	21931	10501	-88	-80	10	21.93	75.96	3.889
2015-07-13 11:40:21.779	21931	10501	-91	-80	10	28.58	67.7	3.891
2015-07-13 13:27:54.228	21931	10501	-91	-82	10	28.66	68.97	3.891
2015-07-13 14:24:59.442	21931	10501	-88	-81	10	28.36	69.06	3.891
2015-07-13 15:10:46.987	21931	10501	-91	-82	10	28.76	68.29	3.894
2015-07-13 16:27:16.39	21931	10501	-94	-81	10	28.08	69.16	3.892
2015-07-13 17:09:56.786	21931	10501	-88	-81	10	24.88	74.67	3.891
2015-07-13 19:08:25.762	21931	10501	-91	-80	10
2015-07-13 23:32:28.362	21931	10501	-91	-82	10	21.01	80.24	3.887
2015-07-14 00:24:29.091	21931	10501	-94	-83	10
2015-07-14 01:42:22.766	21931	10501	-94	-80	10	21.17	80.99	3.885
2015-07-14 03:27:21.898	21931	10501	-88	-80	10	20.68	82.17	3.885
2015-07-14 05:29:21.114	21931	10501	-91	-79	10	20.29	82.59	3.884
2015-07-14 07:11:53.662	21931	10501	-91	-78	10
2015-07-14 08:37:15.826	21931	10501	-88	-83	10	21.35	81.42	3.884
2015-07-14 09:10:46.414	21931	10501	-91	-80	10	22.08	80.54	3.88
2015-07-14 09:28:45.927	21931	10501	-91	-80	10	22.93	79.73	3.883
2015-07-14 10:04:19.019	21931	10501	-91	-81	10	24.14	77.86	3.881
2015-07-14 12:09:02.775	21931	10501	-94	-86	10	29.0	70.08	3.886
2015-07-14 12:57:13.154	21931	10501	-94	-83	10	29.36	68.66	3.885
2015-07-14 13:34:36.147	21931	10501	-91	-82	10
2015-07-14 15:33:45.142	21931	10501	-94	-87	10	26.99	72.28	3.885
2015-07-14 17:05:49.908	21931	10501	-88	-84	10	24.68	75.51	3.87
2015-07-14 18:00:45.503	21931	10501	-88	-82	10	22.79	78.17	3.881
2015-07-14 19:07:58.97	21931	10501	-91	-84	10	20.52	80.72	3.88
2015-07-14 19:28:42.763	21931	10501	-94	-88	10	20.18	80.96	3.88
2015-07-14 19:56:14.047	21931	10501	-94	-84	10	19.82	81.19	3.88
2015-07-14 20:36:34.071	21931	10501	-94	-86	10	19.75	80.92	3.88
2015-07-14 20:59:14.407	21931	10501	-94	-88	10	19.7	80.88	3.881
2015-07-14 21:00:58.067	21931	10501	-94	-86	10
2015-07-14 21:25:05.899	21931	10501	-94	-89	10	19.61	80.99	3.88
2015-07-14 21:28:40.571	21931	10501	-94	-94	10
2015-07-14 21:52:06.467	21931	10501	-94	-92	10	19.7	80.93	3.878
2015-07-14 22:26:01.247	21931	10501	-94	-93	10	19.75	80.89	3.879
2015-07-14 23:03:59.503	21931	10501	-94	-91	10	19.82	80.98	3.879
2015-07-14 23:25:54.603	21931	10501	-94	-92	10	19.89	80.97	3.876
2015-07-14 23:46:46.927	21931	10501	-94	-90	10
2015-07-14 23:51:45.91	21931	10501	-94	-89	10	19.93	81.03	3.876
2015-07-15 00:06:42.082	21931	10501	-94	-89	10
2015-07-15 00:56:10.979	21931	10501	-94	-84	10	19.85	81.42	3.876
2015-07-15 02:12:33.21	21931	10501	-94	-84	10	19.81	81.69	3.874
2015-07-15 02:32:35.159	21931	10501	-94	-84	10
2015-07-15 02:44:43.947	21931	10501	-91	-84	10
2015-07-15 03:22:20.534	21931	10501	-91	-83	10	19.86	81.88	3.875
2015-07-15 04:32:24.467	21931	10501	-91	-84	10	19.89	82.22	3.874
2015-07-15 05:22:46.303	21931	10501	-94	-83	10
2015-07-15 06:12:57.759	21931	10501	-91	-81	10	19.97	82.47	3.874
2015-07-15 08:22:20.806	21931	10501	-91	-86	10	20.35	82.68	3.874
2015-07-15 10:50:04.17	21931	10501	-88	-83	10
2015-07-15 11:40:02.906	21931	10501	-94	-82	10	23.69	78.81	3.873
2015-07-15 12:23:20.91	21931	10501	-94	-80	10	24.11	78.63	3.873
2015-07-15 13:30:18.455	21931	10501	-88	-80	10	23.76	78.98	3.874
2015-07-15 14:58:27.183	21931	10501	-85	-78	10	24.22	78.17	3.873
2015-07-15 16:12:11.246	21931	10501	-88	-81	10	27.27	72.36	3.875
2015-07-15 16:35:31.166	21931	10501	-91	-80	10	25.32	76.18	3.876
2015-07-15 17:32:50.946	21931	10501	-91	-80	10	25.32	75.96	3.874
2015-07-15 18:32:52.13	21931	10501	-88	-80	10
2015-07-15 19:12:14.911	21931	10501	-88	-80	10	23.32	77.77	3.876
2015-07-15 19:57:12.582	21931	10501	-88	-80	10	21.71	79.29	3.874
2015-07-15 21:05:39.059	21931	10501	-88	-79	10	19.83	80.47	3.87
2015-07-15 22:06:09.159	21931	10501	-85	-78	10	18.54	80.98	3.869
2015-07-15 23:48:55.775	21931	10501	-88	-77	10
2015-07-16 00:03:50.751	21931	10501	-85	-78	10	16.04	82.09	3.868
2015-07-16 00:39:08.379	21931	10501	-85	-78	10
2015-07-16 00:54:06.354	21931	10501	-88	-77	10	15.18	82.54	3.869
2015-07-16 01:37:47.443	21931	10501	-88	-78	10	14.2	83.25	3.865
2015-07-16 01:59:23.438	21931	10501	-88	-78	10	14.14	83.21	3.865
2015-07-16 02:26:57.06	21931	10501	-88	-79	10
2015-07-16 02:36:49.438	21931	10501	-88	-78	10	13.64	83.41	3.864
2015-07-16 02:53:57.146	21931	10501	-88	-79	10	13.38	83.64	3.864
2015-07-16 03:24:57.494	21931	10501	-88	-80	10
2015-07-16 03:28:56.687	21931	10501	-88	-79	10	13.22	83.7	3.862
2015-07-16 03:53:39.838	21931	10501	-88	-79	10	13.18	83.67	3.864
2015-07-16 04:36:09.862	21931	10501	-91	-79	10	12.75	83.91	3.863
2015-07-16 04:55:29.282	21931	10501	-88	-80	10	12.43	84.24	3.862
2015-07-16 05:26:18.303	21931	10501	-85	-79	10	12.32	84.38	3.861
2015-07-16 07:20:54.655	21931	10501	-91	-80	10	12.54	84.12	3.861
2015-07-16 08:56:36.787	21931	10501	-88	-78	10
2015-07-16 09:23:36.494	21931	10501	-91	-78	10	17.28	79.39	3.862
2015-07-16 10:21:01.631	21931	10501	-88	-78	10
2015-07-16 11:42:37.162	21931	10501	-88	-78	10
2015-07-16 13:04:30.146	21931	10501	-88	-83	10	26.72	67.26	3.868
2015-07-16 14:11:18.987	21931	10501	-88	-80	10	26.07	68.43	3.868
2015-07-16 14:54:29.15	21931	10501	-91	-78	10	27.15	66.9	3.868
2015-07-16 16:10:51.559	21931	10501	-94	-82	10	30.41	61.64	3.869
2015-07-16 16:52:27.298	21931	10501	-88	-80	10	27.07	66.06	3.868
2015-07-16 17:42:17.227	21931	10501	-91	-81	10	27.58	65.08	3.87
2015-07-16 18:15:07.111	21931	10501	-91	-80	10
2015-07-16 19:31:49.051	21931	10501	-91	-80	10	23.6	70.33	3.869
2015-07-16 20:53:07.886	21931	10501	-91	-80	10
2015-07-16 22:37:13.23	21931	10501	-91	-80	10	17.25	76.37	3.864
2015-07-16 22:51:23.067	21931	10501	-91	-81	10	17.14	76.43	3.865
2015-07-17 00:59:08.87	21931	10501	-91	-80	10	16.58	76.92	3.862
2015-07-17 02:26:29.771	21931	10501	-91	-80	10	16.95	77.04	3.862
2015-07-17 03:03:53.251	21931	10501	-88	-80	10	16.75	77.47	3.861
2015-07-17 03:30:04.106	21931	10501	-88	-80	10	16.57	77.79	3.858
2015-07-17 04:01:37.603	21931	10501	-88	-80	10	16.15	78.27	3.861
2015-07-17 04:17:18.778	21931	10501	-88	-80	10
2015-07-17 04:34:22.842	21931	10501	-88	-80	10	15.71	78.82	3.858
2015-07-17 04:47:12.091	21931	10501	-91	-80	10
2015-07-17 05:07:05.146	21931	10501	-91	-81	10	15.45	79.1	3.858
2015-07-17 05:22:07.354	21931	10501	-88	-80	10	15.4	79.16	3.857
2015-07-17 05:58:54.386	21931	10501	-91	-80	10	15.22	79.45	3.858
2015-07-17 06:41:55.138	21931	10501	-88	-80	10	15.32	79.42	3.856
2015-07-17 06:55:41.682	21931	10501	-91	-80	10	15.74	78.88	3.857
2015-07-17 07:03:08.506	21931	10501	-91	-80	10
2015-07-17 07:25:13.659	21931	10501	-91	-80	10
2015-07-17 07:37:26.042	21931	10501	-91	-80	10	17.14	77.47	3.857
2015-07-17 08:06:47.046	21931	10501	-91	-80	10	18.07	76.99	3.858
2015-07-17 08:32:11.114	21931	10501	-88	-80	10	19.38	75.64	3.858
2015-07-17 08:55:57.334	21931	10501	-91	-80	10	20.04	75.45	3.858
2015-07-17 09:25:44.603	21931	10501	-91	-81	10	20.85	75.13	3.858
2015-07-17 09:48:58.239	21931	10501	-88	-82	10
2015-07-17 10:01:45.206	21931	10501	-94	-81	10	22.99	72.81	3.861
2015-07-17 14:32:50.134	21931	10501	-94	-82	10	27.63	69.43	3.864
2015-07-17 16:32:01.407	21931	10501	-91	-81	10	28.69	68.74	3.865
2015-07-17 16:56:51.978	21931	10501	-88	-84	10	27.86	70.22	3.865
2015-07-17 17:57:20.411	21931	10501	-88	-81	10
2015-07-17 18:06:25.582	21931	10501	-91	-81	10
2015-07-17 18:58:03.45	21931	10501	-91	-82	10	27.77	71.32	3.867
2015-07-17 19:34:32.319	21931	10501	-91	-80	10	26.99	72.51	3.864
2015-07-17 20:10:54.499	21931	10501	-91	-80	10	26.11	73.72	3.864
2015-07-17 20:52:14.65	21931	10501	-91	-81	10
2015-07-17 21:01:40.694	21931	10501	-91	-84	10	25.63	74.29	3.865
2015-07-17 23:07:13.858	21931	10501	-91	-83	10	24.97	75.84	3.863
2015-07-18 01:37:30.295	21931	10501	-91	-81	10	24.32	77.74	3.862
2015-07-18 02:23:52.263	21931	10501	-91	-82	10
2015-07-18 03:25:17.123	21931	10501	-91	-82	10	24.41	77.84	3.863
2015-07-18 07:03:56.335	21931	10501	-88	-81	10	23.68	79.07	3.861
2015-07-18 07:07:26.931	21931	10501	-88	-82	10
2015-07-18 09:13:13.682	21931	10501	-91	-89	10	26.11	77.35	3.861
2015-07-18 09:45:29.938	21931	10501	-91	-84	10
2015-07-18 10:42:10.903	21931	10501	-91	-83	10	34.46	60.97	3.863
2015-07-18 11:08:07.259	21931	10501	-91	-85	10	30.44	71.0	3.863
2015-07-18 12:28:39.367	21931	10501	-91	-87	10	30.58	69.78	3.863
2015-07-18 13:12:11.214	21931	10501	-94	-81	10	31.63	67.13	3.865
2015-07-18 13:27:09.831	21931	10501	-94	-86	10
2015-07-18 14:37:23.935	21931	10501	-94	-84	10	32.5	64.9	3.868
2015-07-18 15:01:32.698	21931	10501	-94	-89	10
2015-07-18 15:31:49.119	21931	10501	-91	-85	10	32.72	64.52	3.867
2015-07-18 16:23:43.971	21931	10501	-91	-84	10	32.16	66.06	3.869
2015-07-18 17:37:22.314	21931	10501	-94	-81	10	31.58	67.63	3.868
2015-07-18 17:52:33.083	21931	10501	-94	-86	10	31.66	65.97	3.868
2015-07-18 18:58:46.874	21931	10501	-94	-82	10
2015-07-18 19:03:34.415	21931	10501	-91	-85	10	29.13	69.93	3.867
2015-07-18 19:40:33.151	21931	10501	-91	-82	10	27.97	71.27	3.864
2015-07-18 20:04:33.647	21931	10501	-88	-82	10	27.04	72.6	3.864
2015-07-18 20:20:54.983	21931	10501	-91	-82	10	26.51	73.23	3.865
2015-07-18 21:24:34.127	21931	10501	-91	-82	10	24.74	75.16	3.862
2015-07-18 21:44:36.698	21931	10501	-91	-82	10
2015-07-18 22:37:55.215	21931	10501	-91	-81	10	24.0	76.05	3.861
2015-07-18 23:12:54.814	21931	10501	-94	-82	10	23.94	76.15	3.861
2015-07-19 00:06:01.062	21931	10501	-91	-82	10	24.17	76.36	3.862
2015-07-19 00:38:58.026	21931	10501	-91	-82	10	23.85	77.02	3.862
2015-07-19 01:58:56.422	21931	10501	-91	-82	10	23.58	77.56	3.861
2015-07-19 02:29:54.874	21931	10501	-91	-82	10	23.38	77.97	3.859
2015-07-19 03:16:14.263	21931	10501	-91	-82	10
2015-07-19 03:34:36.042	21931	10501	-91	-82	10	23.24	78.56	3.859
2015-07-19 04:11:39.562	21931	10501	-91	-82	10
2015-07-19 04:40:30.091	21931	10501	-91	-82	10	23.09	78.95	3.858
2015-07-19 05:08:51.375	21931	10501	-91	-82	10	23.06	79.1	3.859
2015-07-19 05:26:31.666	21931	10501	-91	-82	10	23.13	79.17	3.858
2015-07-19 06:02:03.675	21931	10501	-94	-82	10
2015-07-19 06:05:33.763	21931	10501	-91	-83	10	22.83	79.79	3.857
2015-07-19 06:41:31.026	21931	10501	-91	-82	10	22.74	79.93	3.856
2015-07-19 06:49:41.478	21931	10501	-91	-83	10
2015-07-19 06:52:28.418	21931	10501	-91	-82	10	22.84	79.79	3.856
2015-07-19 07:28:44.834	21931	10501	-91	-82	10	23.28	79.67	3.857
2015-07-19 08:47:52.051	21931	10501	-91	-82	10
2015-07-19 09:21:37.918	21931	10501	-94	-82	10	25.96	77.15	3.858
2015-07-19 09:56:28.958	21931	10501	-91	-82	10	27.47	74.87	3.857
2015-07-19 11:29:47.119	21931	10501	-94	-86	10	32.3	66.86	3.862
2015-07-19 12:05:44.654	21931	10501	-91	-88	10
2015-07-19 13:09:18.687	21931	10501	-91	-80	10	32.27	67.87	3.862
2015-07-19 13:38:11.478	21931	10501	-94	-85	10	31.75	68.75	3.862
2015-07-19 14:39:18.443	21931	10501	-94	-87	10	31.32	68.59	3.863
2015-07-19 16:38:59.718	21931	10501	-94	-88	10	31.9	66.67	3.864
2015-07-19 16:59:48.206	21931	10501	-91	-83	10	30.58	68.75	3.863
2015-07-19 17:05:19.046	21931	10501	-94	-82	10
2015-07-19 17:53:28.627	21931	10501	-91	-85	10	29.99	68.91	3.861
2015-07-19 18:25:10.487	21931	10501	-94	-90	10	29.46	69.58	3.862
2015-07-19 19:51:08.479	21931	10501	-94	-82	10
2015-07-19 19:59:49.754	21931	10501	-94	-88	10
2015-07-19 21:12:28.026	21931	10501	-94	-83	10	25.32	75.08	3.859
2015-07-19 22:11:31.179	21931	10501	-91	-83	10	24.69	75.89	3.858
2015-07-19 22:22:02.975	21931	10501	-91	-82	10	24.66	75.83	3.858
2015-07-19 22:22:06.182	21931	10501	-91	-82	10	24.66	75.83	3.858
2015-07-19 22:36:58.007	21931	10501	-94	-83	10
2015-07-19 23:07:09.111	21931	10501	-94	-86	10	24.11	76.0	3.857
2015-07-20 00:37:34.431	21931	10501	-94	-83	10	23.18	76.78	3.857
2015-07-20 01:05:59.623	21931	10501	-91	-83	10	23.02	76.8	3.858
2015-07-20 01:24:17.523	21931	10501	-91	-86	10	22.88	77.01	3.853
2015-07-20 03:12:16.943	21931	10501	-91	-83	10	22.18	78.15	3.854
2015-07-20 03:51:35.191	21931	10501	-94	-83	10	21.99	78.4	3.853
2015-07-20 04:33:20.851	21931	10501	-91	-83	10	21.78	78.62	3.854
2015-07-20 05:08:07.247	21931	10501	-91	-82	10	21.5	78.98	3.853
2015-07-20 05:40:15.319	21931	10501	-91	-82	10	21.08	79.55	3.853
2015-07-20 06:54:25.298	21931	10501	-94	-82	10
2015-07-20 08:54:05.826	21931	10501	-94	-82	10	23.34	78.12	3.852
2015-07-20 09:09:58.198	21931	10501	-91	-84	10
2015-07-20 09:40:16.107	21931	10501	-94	-88	10
2015-07-20 09:51:44.552	21931	10501	-94	-91	10	24.11	77.05	3.852
2015-07-20 10:58:58.178	21931	10501	-94	-85	10	28.94	69.75	3.842
2015-07-20 11:29:47.911	21931	10501	-94	-85	10	31.44	64.52	3.853
2015-07-20 11:48:00.831	21931	10501	-94	-83	10
2015-07-20 12:07:10.966	21931	10501	-91	-90	10	29.96	67.5	3.856
2015-07-20 12:37:17.398	21931	10501	-91	-92	10	30.0	67.12	3.856
2015-07-20 13:04:21.454	21931	10501	-91	-81	10	31.27	64.01	3.854
2015-07-20 14:01:33.358	21931	10501	-94	-89	10	31.01	63.51	3.856
2015-07-20 14:25:59.906	21931	10501	-94	-81	10
2015-07-20 15:11:52.654	21931	10501	-94	-82	10
2015-07-20 16:03:03.975	21931	10501	-91	-90	10	32.97	59.74	3.857
2015-07-20 17:40:00.43	21931	10501	-94	-85	10	31.24	63.3	3.856
2015-07-20 18:07:25.443	21931	10501	-94	-85	10	29.32	64.05	3.856
2015-07-20 18:29:20.914	21931	10501	-94	-88	10	28.22	65.75	3.856
2015-07-20 19:02:24.647	21931	10501	-94	-87	10	27.96	65.91	3.854
2015-07-20 19:40:54.199	21931	10501	-94	-90	10	26.74	67.61	3.843
2015-07-20 20:28:46.239	21931	10501	-91	-85	10	25.86	68.77	3.853
2015-07-20 20:43:30.599	21931	10501	-91	-83	10
2015-07-20 21:40:08.227	21931	10501	-94	-82	10	23.35	71.85	3.853
2015-07-20 22:02:55.715	21931	10501	-94	-83	10	22.97	72.34	3.851
2015-07-20 22:56:31.57	21931	10501	-94	-84	10	22.64	72.8	3.848
2015-07-21 00:10:25.818	21931	10501	-94	-84	10	22.74	73.12	3.85
2015-07-21 00:34:11.675	21931	10501	-94	-84	10	22.82	73.25	3.85
2015-07-21 00:59:47.011	21931	10501	-94	-85	10	22.76	73.6	3.851
2015-07-21 01:54:26.874	21931	10501	-94	-84	10	22.65	74.62	3.85
2015-07-21 02:15:08.423	21931	10501	-94	-89	10
2015-07-21 02:23:04.759	21931	10501	-94	-89	10	21.11	77.11	3.848
2015-07-21 03:00:01.439	21931	10501	-94	-85	10	21.02	77.2	3.847
2015-07-21 03:23:26.423	21931	10501	-91	-83	10	21.11	77.08	3.846
2015-07-21 03:36:07.202	21931	10501	-91	-84	10
2015-07-21 04:24:32.774	21931	10501	-94	-83	10	21.56	76.93	3.846
2015-07-21 04:55:45.362	21931	10501	-94	-83	10	21.4	77.49	3.847
2015-07-21 05:00:58.387	21931	10501	-91	-83	10
2015-07-21 05:30:03.874	21931	10501	-94	-83	10	21.22	77.93	3.845
2015-07-21 06:03:29.258	21931	10501	-91	-83	10	20.94	78.45	3.847
2015-07-21 06:14:08.926	21931	10501	-91	-82	10
2015-07-21 06:31:02.538	21931	10501	-91	-82	10	20.86	78.51	3.845
2015-07-21 07:00:25.758	21931	10501	-91	-83	10	20.9	78.55	3.845
2015-07-21 07:28:44.935	21931	10501	-91	-83	10	21.08	78.4	3.843
2015-07-21 07:46:46.708	21931	10501	-91	-83	10
2015-07-21 08:01:12.782	21931	10501	-94	-84	10	21.72	77.74	3.846
2015-07-21 08:41:08.167	21931	10501	-91	-82	10	22.54	77.0	3.842
2015-07-21 08:52:10.335	21931	10501	-91	-84	10
2015-07-21 08:57:49.066	21931	10501	-91	-84	10	23.01	76.5	3.845
2015-07-21 09:33:45.01	21931	10501	-91	-82	10	23.64	76.17	3.846
2015-07-21 09:53:20.415	21931	10501	-91	-84	10	25.33	73.23	3.845
2015-07-21 10:32:35.628	21931	10501	-91	-83	10
2015-07-21 10:35:17.394	21931	10501	-94	-82	10	28.8	67.94	3.846
2015-07-21 11:02:26.274	21931	10501	-91	-81	10	28.05	70.31	3.846
2015-07-21 11:30:11.19	21931	10501	-91	-85	10
2015-07-21 14:08:11.347	21931	10501	-91	-83	10	24.11	74.46	3.846
2015-07-21 14:33:25.634	21931	10501	-94	-82	10	24.04	74.81	3.846
2015-07-21 15:13:18.586	21931	10501	-91	-85	10	21.88	76.76	3.846
2015-07-21 15:33:14.71	21931	10501	-88	-80	10	21.56	76.99	3.845
2015-07-21 16:04:25.674	21931	10501	-88	-83	10
2015-07-21 16:10:28.415	21931	10501	-91	-80	10	22.85	75.04	3.845
2015-07-21 16:28:59.603	21931	10501	-94	-84	10	25.36	71.44	3.843
2015-07-21 16:46:14.695	21931	10501	-91	-84	10
2015-07-21 17:06:09.335	21931	10501	-94	-89	10	26.15	70.99	3.845
2015-07-21 17:25:07.266	21931	10501	-88	-92	10	25.38	72.35	3.845
2015-07-21 18:03:31.322	21931	10501	-94	-81	10	24.96	72.57	3.846
2015-07-21 18:50:04.878	21931	10501	-94	-84	10
2015-07-21 19:24:18.502	21931	10501	-94	-83	10
2015-07-21 19:42:27.734	21931	10501	-91	-83	10	23.36	72.94	3.843
2015-07-21 19:54:58.966	21931	10501	-91	-82	10	22.99	73.53	3.845
2015-07-21 20:22:05.786	21931	10501	-94	-83	10	22.13	74.24	3.831
2015-07-21 21:09:39.358	21931	10501	-94	-82	10	20.61	75.43	3.842
2015-07-21 21:35:52.486	21931	10501	-91	-82	10
2015-07-21 22:02:17.218	21931	10501	-91	-82	10
2015-07-21 22:05:33.871	21931	10501	-91	-83	10	18.57	77.04	3.841
2015-07-21 22:34:51.21	21931	10501	-91	-82	10	17.52	77.86	3.839
2015-07-21 22:53:57.947	21931	10501	-91	-82	10	17.11	78.12	3.839
2015-07-21 23:32:09.682	21931	10501	-91	-82	10	16.39	78.35	3.837
2015-07-22 00:08:15.962	21931	10501	-91	-82	10	15.82	78.61	3.837
2015-07-22 00:21:32.018	21931	10501	-91	-81	10	15.72	78.57	3.837
2015-07-22 00:21:41.663	21931	10501	-88	-81	10
2015-07-22 00:40:19.462	21931	10501	-91	-81	10
2015-07-22 01:08:07.791	21931	10501	-88	-81	10	15.24	79.0	3.835
2015-07-22 01:32:31.318	21931	10501	-88	-80	10	15.08	79.12	3.836
2015-07-22 02:10:55.522	21931	10501	-91	-80	10	14.82	79.32	3.835
2015-07-22 02:31:57.714	21931	10501	-88	-81	10	14.63	79.48	3.835
2015-07-22 03:06:56.418	21931	10501	-91	-81	10	14.33	79.79	3.834
2015-07-22 03:07:30.21	21931	10501	-91	-81	10
2015-07-22 03:18:20.207	21931	10501	-91	-82	10
2015-07-22 03:37:31.391	21931	10501	-91	-81	10	14.14	79.9	3.833
2015-07-22 04:07:18.278	21931	10501	-88	-80	10	14.07	79.96	3.833
2015-07-22 04:21:03.614	21931	10501	-91	-81	10	13.93	80.13	3.833
2015-07-22 05:01:41.158	21931	10501	-88	-80	10	14.39	79.63	3.833
2015-07-22 05:40:58.375	21931	10501	-91	-81	10	14.07	80.11	3.833
2015-07-22 05:53:18.711	21931	10501	-88	-80	10
2015-07-22 05:56:21.55	21931	10501	-88	-80	10
2015-07-22 06:09:56.271	21931	10501	-88	-81	10	14.31	79.94	3.831
2015-07-22 06:34:36.779	21931	10501	-91	-80	10	14.29	80.01	3.831
2015-07-22 07:11:49.83	21931	10501	-88	-81	10	14.82	79.57	3.831
2015-07-22 07:21:43.638	21931	10501	-88	-81	10	14.93	79.44	3.831
2015-07-22 07:59:10.295	21931	10501	-88	-80	10	16.29	78.25	3.833
2015-07-22 08:25:13.598	21931	10501	-88	-80	10	17.29	77.32	3.833
2015-07-22 08:39:07.97	21931	10501	-91	-81	10
2015-07-22 09:12:57.139	21931	10501	-91	-84	10	19.31	75.62	3.831
2015-07-22 09:40:46.615	21931	10501	-91	-81	10	20.82	74.07	3.836
2015-07-22 10:00:12.775	21931	10501	-94	-82	10	21.82	72.42	3.834
2015-07-22 10:33:29.718	21931	10501	-91	-81	10	23.26	70.8	3.834
2015-07-22 11:03:45.603	21931	10501	-94	-88	10	25.27	68.51	3.837
2015-07-22 11:38:51.031	21931	10501	-91	-84	10	27.01	64.89	3.836
2015-07-22 12:06:04.987	21931	10501	-91	-87	10	27.02	64.87	3.836
2015-07-22 13:37:26.435	21931	10501	-91	-88	10	24.51	67.2	3.836
2015-07-22 13:50:26.831	21931	10501	-94	-87	10
2015-07-22 14:10:47.179	21931	10501	-91	-84	10
2015-07-22 15:27:18.275	21931	10501	-94	-88	10	25.88	63.85	3.837
2015-07-22 16:02:35.334	21931	10501	-91	-87	10	25.88	65.09	3.836
2015-07-22 19:06:41.662	21931	10501	-91	-83	10
2015-07-22 19:23:49.023	21931	10501	-88	-84	10	22.31	69.01	3.835
2015-07-22 19:42:25.022	21931	10501	-91	-82	10
2015-07-22 20:32:14.458	21931	10501	-94	-82	10	20.06	71.84	3.833
2015-07-22 20:56:52.991	21931	10501	-91	-80	10	19.29	72.65	3.834
2015-07-22 21:26:51.946	21931	10501	-91	-82	10	18.58	73.28	3.834
2015-07-22 21:44:31.083	21931	10501	-91	-82	10
2015-07-22 21:55:45.967	21931	10501	-91	-82	10	18.06	73.55	3.831
2015-07-22 22:22:09.167	21931	10501	-91	-82	10	17.57	74.0	3.831
2015-07-22 22:28:13.482	21931	10501	-91	-81	10
2015-07-22 22:52:23.703	21931	10501	-91	-82	10	17.21	74.19	3.83
2015-07-22 23:37:21.347	21931	10501	-88	-81	10	16.57	74.78	3.83
2015-07-23 00:06:59.95	21931	10501	-91	-82	10	16.14	75.25	3.83
2015-07-23 00:22:33.399	21931	10501	-91	-81	10
2015-07-23 00:42:49.999	21931	10501	-91	-81	10	15.88	75.44	3.829
2015-07-23 00:55:05.351	21931	10501	-91	-82	10	15.81	75.53	3.828
2015-07-23 01:14:03.134	21931	10501	-91	-81	10
2015-07-23 01:35:43.711	21931	10501	-88	-81	10	15.68	75.63	3.826
2015-07-23 01:53:21.21	21931	10501	-88	-81	10	15.61	75.7	3.829
2015-07-23 02:31:23.79	21931	10501	-88	-80	10	15.72	75.61	3.828
2015-07-23 03:00:34.358	21931	10501	-88	-80	10
2015-07-23 03:05:48.498	21931	10501	-88	-81	10	15.6	75.88	3.829
2015-07-23 03:41:19.658	21931	10501	-88	-80	10	15.14	76.44	3.826
2015-07-23 03:53:17.142	21931	10501	-88	-80	10	14.93	76.7	3.826
2015-07-23 03:59:51.823	21931	10501	-88	-80	10
2015-07-23 04:29:09.814	21931	10501	-88	-80	10	14.46	77.17	3.828
2015-07-23 04:53:58.842	21931	10501	-88	-80	10	14.43	77.19	3.826
2015-07-23 05:38:36.706	21931	10501	-91	-80	10
2015-07-23 05:41:20.222	21931	10501	-88	-81	10	14.36	77.43	3.825
2015-07-23 05:55:03.526	21931	10501	-88	-80	10	14.39	77.44	3.824
2015-07-23 06:38:20.49	21931	10501	-91	-80	10	14.6	77.3	3.826
2015-07-23 06:45:41.523	21931	10501	-91	-80	10
2015-07-23 06:51:01.939	21931	10501	-91	-80	10	14.89	76.95	3.825
2015-07-23 07:24:25.319	21931	10501	-88	-80	10	15.22	76.84	3.822
2015-07-23 08:05:42.503	21931	10501	-88	-80	10	16.93	75.04	3.824
2015-07-23 08:16:38.01	21931	10501	-91	-80	10
2015-07-23 08:24:42.471	21931	10501	-88	-81	10	17.89	73.98	3.824
2015-07-23 08:51:27.015	21931	10501	-91	-81	10	19.4	72.4	3.828
2015-07-23 09:31:30.454	21931	10501	-91	-82	10
2015-07-23 09:34:23.171	21931	10501	-91	-82	10	20.83	71.69	3.825
2015-07-23 09:59:28.042	21931	10501	-91	-82	10	22.61	69.13	3.826
2015-07-23 10:41:04.123	21931	10501	-91	-82	10	29.63	56.49	3.829
2015-07-23 10:54:39.419	21931	10501	-91	-84	10
2015-07-23 10:57:32.102	21931	10501	-91	-84	10	28.69	60.12	3.83
2015-07-23 11:37:38.838	21931	10501	-91	-84	10	25.88	66.24	3.831
2015-07-23 11:53:58.919	21931	10501	-91	-82	10	27.97	61.81	3.831
2015-07-23 12:17:19.683	21931	10501	-91	-82	10
2015-07-23 12:31:23.007	21931	10501	-91	-83	10	27.1	64.43	3.831
2015-07-23 13:07:17.419	21931	10501	-94	-84	10	28.36	61.75	3.833
2015-07-23 14:54:47.571	21931	10501	-94	-92	10	28.83	60.35	3.834
2015-07-23 15:03:08.614	21931	10501	-94	-88	10
2015-07-23 16:12:41.335	21931	10501	-94	-89	10	33.41	52.32	3.836
2015-07-23 16:39:22.666	21931	10501	-94	-84	10	28.36	61.38	3.836
2015-07-23 17:11:39.346	21931	10501	-94	-85	10	27.29	62.39	3.822
2015-07-23 17:28:11.39	21931	10501	-94	-87	10	27.3	62.25	3.835
2015-07-23 19:00:13.259	21931	10501	-91	-88	10	24.88	65.07	3.834
2015-07-23 20:09:39.53	21931	10501	-94	-86	10	22.29	68.42	3.834
2015-07-23 20:34:48.058	21931	10501	-94	-85	10
2015-07-23 20:55:06.222	21931	10501	-94	-85	10	20.78	69.84	3.831
2015-07-23 21:24:03.623	21931	10501	-94	-84	10	19.89	70.65	3.831
2015-07-23 21:51:34.502	21931	10501	-94	-82	10	19.2	71.32	3.83
2015-07-23 23:02:37.826	21931	10501	-91	-84	10	17.95	72.21	3.828
2015-07-23 23:20:35.194	21931	10501	-94	-84	10
2015-07-23 23:25:13.69	21931	10501	-91	-84	10	17.5	72.55	3.826
2015-07-24 00:04:45.986	21931	10501	-91	-84	10
2015-07-24 00:12:01.267	21931	10501	-91	-84	10	16.71	72.99	3.826
2015-07-24 00:23:19.539	21931	10501	-91	-83	10	16.54	73.04	3.826
2015-07-24 01:03:27.919	21931	10501	-91	-84	10	15.93	73.46	3.828
2015-07-24 01:30:29.447	21931	10501	-94	-82	10	15.39	73.86	3.826
2015-07-24 01:56:18.535	21931	10501	-91	-82	10	14.83	74.22	3.824
2015-07-24 02:06:24.259	21931	10501	-91	-82	10
2015-07-24 02:25:11.686	21931	10501	-91	-82	10	14.6	74.31	3.825
2015-07-24 02:42:48.187	21931	10501	-91	-83	10
2015-07-24 03:07:16.238	21931	10501	-91	-83	10	14.2	74.54	3.823
2015-07-24 03:20:52.403	21931	10501	-91	-82	10	14.07	74.73	3.824
2015-07-24 04:03:16.614	21931	10501	-91	-81	10	13.68	75.17	3.823
2015-07-24 04:32:51.598	21931	10501	-91	-82	10	13.54	75.3	3.822
2015-07-24 04:52:14.182	21931	10501	-88	-81	10
2015-07-24 04:56:41.518	21931	10501	-91	-81	10	13.5	75.29	3.823
2015-07-24 05:20:50.474	21931	10501	-88	-81	10
2015-07-24 05:25:21.098	21931	10501	-91	-82	10	13.24	75.6	3.82
2015-07-24 05:59:09.923	21931	10501	-91	-82	10	13.18	75.72	3.82
2015-07-24 06:32:39.898	21931	10501	-91	-81	10	13.04	75.95	3.822
2015-07-24 06:54:30.418	21931	10501	-88	-82	10	13.2	75.78	3.822
2015-07-24 07:35:46.154	21931	10501	-88	-80	10	14.32	74.99	3.82
2015-07-24 07:38:03.338	21931	10501	-88	-82	10
2015-07-24 07:58:25.406	21931	10501	-91	-82	10	15.11	74.31	3.822
2015-07-24 07:58:51.294	21931	10501	-91	-82	10
2015-07-24 08:26:55.278	21931	10501	-91	-82	10	17.25	71.83	3.82
2015-07-24 08:58:12.991	21931	10501	-91	-83	10	19.08	70.58	3.824
2015-07-24 09:42:06.12	21931	10501	-91	-84	10	22.47	66.7	3.823
2015-07-24 10:12:05.007	21931	10501	-94	-85	10	23.0	67.39	3.825
2015-07-24 10:23:51.875	21931	10501	-94	-88	10
2015-07-24 10:36:53.53	21931	10501	-97	-87	10
2015-07-24 10:40:38.919	21931	10501	-88	-85	10	28.9	56.88	3.828
2015-07-24 10:54:53.074	21931	10501	-94	-84	10	29.69	56.62	3.828
2015-07-24 11:32:17.158	21931	10501	-91	-88	10	26.63	63.61	3.828
2015-07-24 12:01:39.579	21931	10501	-88	-87	10	29.88	57.34	3.826
2015-07-24 12:39:33.406	21931	10501	-94	-89	10	28.9	60.55	3.826
2015-07-24 13:12:00.854	21931	10501	-94	-87	10	29.82	58.77	3.829
2015-07-24 13:14:53.967	21931	10501	-94	-91	10
2015-07-24 13:58:39.074	21931	10501	-94	-88	10	28.91	60.24	3.831
2015-07-24 14:39:05.091	21931	10501	-94	-86	10	29.38	59.6	3.83
2015-07-24 15:09:48.343	21931	10501	-94	-88	10	30.21	58.42	3.83
2015-07-24 15:28:17.171	21931	10501	-94	-91	10	30.05	58.18	3.831
2015-07-24 15:53:00.974	21931	10501	-94	-88	10
2015-07-24 16:40:13.611	21931	10501	-94	-91	10	29.22	60.32	3.834
2015-07-24 17:11:08.948	21931	10501	-91	-85	10	28.63	61.12	3.833
2015-07-24 17:38:52.435	21931	10501	-94	-83	10	28.8	61.02	3.833
2015-07-24 17:52:38.694	21931	10501	-91	-87	10	28.74	60.89	3.833
2015-07-24 18:41:27.702	21931	10501	-94	-88	10
2015-07-24 19:32:01.447	21931	10501	-94	-89	10	25.35	65.27	3.833
2015-07-24 20:05:40.555	21931	10501	-94	-88	10	24.35	66.38	3.829
2015-07-24 20:28:18.211	21931	10501	-94	-88	10	23.54	67.37	3.829
2015-07-24 21:08:59.086	21931	10501	-94	-88	10
2015-07-24 21:11:52.614	21931	10501	-94	-86	10	21.97	69.18	3.829
2015-07-24 21:27:08.478	21931	10501	-94	-88	10
2015-07-24 21:31:29.271	21931	10501	-94	-86	10	21.43	69.7	3.83
2015-07-24 21:52:51.01	21931	10501	-94	-87	10	21.06	69.92	3.829
2015-07-24 22:40:43.03	21931	10501	-94	-86	10	20.22	70.52	3.828
2015-07-25 00:12:58.102	21931	10501	-91	-85	10
2015-07-25 00:23:50.178	21931	10501	-94	-86	10	18.96	71.55	3.826
2015-07-25 01:00:01.166	21931	10501	-94	-86	10	18.68	71.8	3.819
2015-07-25 01:38:38.255	21931	10501	-94	-86	10	18.33	72.2	3.825
2015-07-25 02:33:51.222	21931	10501	-94	-85	10	17.86	72.65	3.824
2015-07-25 02:58:46.558	21931	10501	-94	-86	10
2015-07-25 03:26:25.206	21931	10501	-94	-86	10	17.31	73.16	3.823
2015-07-25 04:28:58.719	21931	10501	-94	-85	10	16.29	74.06	3.822
2015-07-25 05:05:12.226	21931	10501	-94	-85	10	16.04	74.31	3.822
2015-07-25 05:44:35.794	21931	10501	-94	-85	10
2015-07-25 07:06:07.45	21931	10501	-94	-84	10	15.54	74.76	3.819
2015-07-25 07:41:05.227	21931	10501	-94	-85	10
2015-07-25 08:30:25.371	21931	10501	-94	-85	10
2015-07-25 09:24:46.787	21931	10501	-94	-88	10	22.2	68.6	3.822
2015-07-25 13:07:27.086	21931	10501	-88	-86	10	31.93	57.07	3.829
2015-07-25 14:04:41.831	21931	10501	-94	-87	10	30.85	58.86	3.831
2015-07-25 15:04:01.154	21931	10501	-94	-85	10	30.54	58.44	3.83
2015-07-25 15:35:09.506	21931	10501	-94	-89	10
2015-07-25 16:29:34.434	21931	10501	-94	-88	10	32.66	55.14	3.833
2015-07-25 16:47:52.698	21931	10501	-94	-92	10
2015-07-25 17:05:35.279	21931	10501	-94	-89	10	31.16	57.21	3.833
2015-07-25 18:13:18.074	21931	10501	-94	-88	10
2015-07-25 19:02:35.535	21931	10501	-94	-86	10	28.77	58.83	3.831
2015-07-25 19:28:07.662	21931	10501	-94	-86	10	27.79	60.04	3.831
2015-07-25 19:33:42.054	21931	10501	-94	-90	10
2015-07-25 20:10:50.327	21931	10501	-94	-89	10	26.02	62.28	3.833
2015-07-25 20:35:22.535	21931	10501	-94	-86	10	24.63	64.03	3.829
2015-07-25 20:51:12.618	21931	10501	-94	-87	10
2015-07-25 21:01:09.143	21931	10501	-94	-88	10	23.71	65.14	3.83
2015-07-25 21:36:30.455	21931	10501	-94	-87	10	22.92	65.85	3.826
2015-07-25 21:52:06.546	21931	10501	-94	-88	10	22.71	66.02	3.829
2015-07-25 22:19:30.75	21931	10501	-94	-87	10
2015-07-25 22:37:45.236	21931	10501	-94	-87	10	21.97	66.96	3.828
2015-07-25 23:07:42.583	21931	10501	-94	-87	10	21.93	67.03	3.826
2015-07-25 23:21:25.482	21931	10501	-94	-86	10	21.82	67.27	3.829
2015-07-25 23:29:14.443	21931	10501	-94	-87	10
2015-07-26 00:12:48.798	21931	10501	-94	-87	10	21.32	68.18	3.826
2015-07-26 00:35:25.891	21931	10501	-94	-87	10	20.85	68.98	3.828
2015-07-26 00:56:21.923	21931	10501	-94	-87	10	21.0	68.78	3.825
2015-07-26 01:05:19.139	21931	10501	-94	-86	10
2015-07-26 01:38:13.294	21931	10501	-94	-86	10	21.4	68.91	3.825
2015-07-26 02:07:16.307	21931	10501	-94	-87	10
2015-07-26 02:09:41.726	21931	10501	-94	-87	10	20.94	69.87	3.828
2015-07-26 02:41:05.026	21931	10501	-94	-87	10	20.38	70.57	3.824
2015-07-26 03:01:39.019	21931	10501	-91	-88	10	20.24	70.71	3.824
2015-07-26 03:26:11.435	21931	10501	-94	-88	10	20.07	71.04	3.823
2015-07-26 03:51:08.919	21931	10501	-94	-88	10
2015-07-26 04:08:18.731	21931	10501	-94	-88	10	19.9	71.29	3.822
2015-07-26 04:26:30.272	21931	10501	-94	-86	10	19.81	71.57	3.823
2015-07-26 04:45:17.516	21931	10501	-94	-86	10
2015-07-26 04:50:53.058	21931	10501	-94	-85	10	19.58	72.11	3.822
2015-07-26 05:31:14.911	21931	10501	-94	-86	10	19.49	72.53	3.82
2015-07-26 05:57:30.142	21931	10501	-94	-87	10	19.5	72.78	3.822
2015-07-26 06:36:57.963	21931	10501	-94	-88	10
2015-07-26 06:40:17.779	21931	10501	-94	-85	10	19.39	73.41	3.822
2015-07-26 07:11:08.167	21931	10501	-94	-88	10	19.47	73.59	3.82
2015-07-26 07:23:19.122	21931	10501	-94	-87	10
2015-07-26 07:39:38.862	21931	10501	-94	-89	10	20.29	73.8	3.82
2015-07-26 08:07:57.626	21931	10501	-94	-87	10	21.44	72.6	3.822
2015-07-26 08:27:52.038	21931	10501	-94	-88	10	22.09	71.73	3.823
2015-07-26 08:52:27.287	21931	10501	-94	-90	10	23.43	70.04	3.822
2015-07-26 09:22:46.95	21931	10501	-94	-88	10
2015-07-26 09:32:17.343	21931	10501	-94	-86	10	24.93	68.97	3.824
2015-07-26 09:58:21.374	21931	10501	-94	-90	10	26.02	67.93	3.812
2015-07-26 10:01:20.77	21931	10501	-91	-88	10
2015-07-26 10:57:45.402	21931	10501	-94	-87	10	31.18	59.81	3.825
2015-07-26 11:23:31.25	21931	10501	-94	-89	10	30.02	62.56	3.828
2015-07-26 13:33:47.155	21931	10501	-94	-86	10	30.33	61.32	3.828
2015-07-26 14:54:48.942	21931	10501	-94	-88	10
2015-07-26 14:54:53.043	21931	10501	-94	-88	10
2015-07-26 17:40:14.562	21931	10501	-91	-88	10
2015-07-26 17:52:23.97	21931	10501	-94	-84	10	28.55	63.59	3.826
2015-07-26 17:55:25.344	21931	10501	-94	-89	10
2015-07-26 18:31:03.983	21931	10501	-94	-93	10	27.18	65.99	3.828
2015-07-26 19:22:12.374	21931	10501	-94	-87	10	25.66	67.69	3.826
2015-07-26 20:26:04.054	21931	10501	-94	-89	10
2015-07-26 20:33:27.886	21931	10501	-94	-89	10
2015-07-26 20:42:08.299	21931	10501	-94	-90	10	23.88	69.95	3.824
2015-07-26 20:52:03.942	21931	10501	-94	-89	10	23.77	70.07	3.824
2015-07-26 22:55:14.634	21931	10501	-94	-89	10	22.19	72.16	3.822
2015-07-26 23:11:52.77	21931	10501	-94	-89	10
2015-07-26 23:39:31.662	21931	10501	-94	-89	10	21.72	72.96	3.822
2015-07-27 00:11:35.798	21931	10501	-94	-89	10	21.47	73.35	3.822
2015-07-27 02:24:46.57	21931	10501	-94	-89	10	20.79	74.58	3.82
2015-07-27 10:40:44.915	21931	10501	-94	-87	10	28.91	65.45	3.82
2015-07-27 10:58:38.034	21931	10501	-91	-86	10	31.3	62.03	3.822
2015-07-27 11:25:51.282	21931	10501	-94	-88	10	28.41	69.31	3.82
2015-07-27 11:54:48.742	21931	10501	-94	-90	10	31.74	63.11	3.809
2015-07-27 12:21:36.339	21931	10501	-94	-86	10
2015-07-27 12:41:25.776	21931	10501	-94	-88	10	30.51	66.88	3.823
2015-07-27 12:54:18.962	21931	10501	-94	-89	10	30.71	66.26	3.823
2015-07-27 13:00:57.547	21931	10501	-94	-88	10
2015-07-27 13:34:01.735	21931	10501	-94	-90	10	28.44	69.63	3.823
2015-07-27 14:04:39.586	21931	10501	-91	-89	10	30.0	67.21	3.824
2015-07-27 14:24:55.102	21931	10501	-94	-93	10	31.96	63.63	3.824
2015-07-27 14:56:06.198	21931	10501	-94	-91	10	30.27	66.39	3.824
2015-07-27 14:59:37.002	21931	10501	-94	-91	10
2015-07-27 15:34:04.626	21931	10501	-94	-90	10	30.04	66.98	3.825
2015-07-27 15:46:47.162	21931	10501	-94	-90	10
2015-07-27 16:09:38.651	21931	10501	-94	-87	10	34.97	58.21	3.824
2015-07-27 16:29:42.486	21931	10501	-94	-90	10	32.35	63.02	3.826
2015-07-27 16:55:36.868	21931	10501	-94	-90	10	31.08	65.06	3.826
2015-07-27 17:37:39.278	21931	10501	-94	-90	10
2015-07-27 17:42:08.835	21931	10501	-94	-93	10	30.77	65.1	3.825
2015-07-27 18:11:06.979	21931	10501	-94	-91	10	29.76	66.28	3.826
2015-07-27 18:32:35.782	21931	10501	-94	-91	10
2015-07-27 18:33:27.746	21931	10501	-94	-92	10	29.26	66.55	3.826
2015-07-27 18:53:21.731	21931	10501	-94	-91	10	28.52	67.31	3.825
2015-07-27 19:38:41.786	21931	10501	-94	-90	10	27.13	68.7	3.825
2015-07-27 20:12:25.662	21931	10501	-94	-88	10	25.72	70.46	3.824
2015-07-27 20:15:40.366	21931	10501	-94	-88	10
2015-07-27 20:37:07.583	21931	10501	-94	-88	10	24.86	71.4	3.824
2015-07-27 21:08:08.378	21931	10501	-94	-87	10	23.89	72.26	3.823
2015-07-27 21:18:25.839	21931	10501	-94	-87	10
2015-07-27 21:24:54.039	21931	10501	-94	-87	10	23.42	72.76	3.822
2015-07-27 22:10:57.015	21931	10501	-94	-87	10	22.63	73.46	3.823
2015-07-27 22:28:30.27	21931	10501	-94	-86	10	22.46	73.59	3.82
2015-07-27 22:53:41.818	21931	10501	-94	-84	10
2015-07-27 23:10:17.551	21931	10501	-91	-85	10	22.15	73.86	3.82
2015-07-27 23:23:51.514	21931	10501	-94	-85	10	22.07	74.04	3.82
2015-07-27 23:54:38.418	21931	10501	-94	-84	10	21.81	74.31	3.82
2015-07-28 00:04:14.278	21931	10501	-94	-85	10
2015-07-28 00:26:45.079	21931	10501	-94	-85	10	21.71	74.49	3.818
2015-07-28 01:06:03.791	21931	10501	-91	-84	10	21.39	74.97	3.819
2015-07-28 01:31:43.142	21931	10501	-94	-83	10
2015-07-28 01:42:16.29	21931	10501	-91	-84	10	21.28	75.19	3.819
2015-07-28 02:08:17.634	21931	10501	-94	-84	10	20.99	75.64	3.818
2015-07-28 02:32:17.082	21931	10501	-94	-83	10	20.85	75.88	3.817
2015-07-28 02:50:06.607	21931	10501	-91	-84	10
2015-07-28 03:01:25.675	21931	10501	-94	-84	10	20.72	76.07	3.817
2015-07-28 03:26:45.156	21931	10501	-91	-84	10	20.58	76.36	3.817
2015-07-28 03:52:53.294	21931	10501	-91	-83	10	20.43	76.6	3.818
2015-07-28 04:09:44.815	21931	10501	-91	-82	10
2015-07-28 04:34:16.495	21931	10501	-91	-83	10	20.25	76.93	3.817
2015-07-28 05:03:58.05	21931	10501	-88	-82	10	20.27	76.96	3.815
2015-07-28 05:30:58.614	21931	10501	-88	-81	10	20.07	77.32	3.817
2015-07-28 05:36:04.763	21931	10501	-88	-80	10
2015-07-28 06:04:00.186	21931	10501	-88	-81	10	19.93	77.61	3.814
2015-07-28 06:36:32.934	21931	10501	-88	-82	10	19.86	77.78	3.815
2015-07-28 06:47:45.995	21931	10501	-91	-82	10
2015-07-28 07:11:48.795	21931	10501	-91	-82	10	20.0	77.65	3.814
2015-07-28 07:24:38.391	21931	10501	-91	-81	10	20.14	77.49	3.815
2015-07-28 08:02:04.975	21931	10501	-88	-80	10	20.99	76.68	3.803
2015-07-28 08:21:41.742	21931	10501	-91	-82	10
2015-07-28 08:42:10.786	21931	10501	-88	-84	10	22.33	75.42	3.814
2015-07-28 08:57:28.567	21931	10501	-94	-84	10	22.97	74.84	3.814
2015-07-28 09:25:47.903	21931	10501	-91	-84	10
2015-07-28 09:28:14.594	21931	10501	-94	-82	10	24.36	73.57	3.815
2015-07-28 10:11:11.446	21931	10501	-91	-88	10	26.51	71.68	3.817
2015-07-28 10:42:46.686	21931	10501	-94	-84	10	31.72	62.77	3.818
2015-07-28 11:07:31.118	21931	10501	-94	-88	10
2015-07-28 11:08:23.039	21931	10501	-94	-86	10	30.27	67.64	3.819
2015-07-28 11:38:33.839	21931	10501	-91	-88	10	30.74	67.54	3.819
2015-07-28 12:03:49.807	21931	10501	-94	-89	10
2015-07-28 12:11:54.923	21931	10501	-94	-84	10	34.63	60.49	3.822
2015-07-28 12:34:00.087	21931	10501	-94	-90	10	32.72	65.03	3.824
2015-07-28 13:01:39.703	21931	10501	-94	-91	10	35.1	59.65	3.823
2015-07-28 13:30:07.815	21931	10501	-94	-88	10	33.41	63.47	3.823
2015-07-28 13:50:47.431	21931	10501	-94	-90	10	32.08	64.89	3.824
2015-07-28 13:53:19.814	21931	10501	-91	-90	10
2015-07-28 14:32:41.767	21931	10501	-94	-88	10	32.55	62.99	3.824
2015-07-28 14:41:50.303	21931	10501	-94	-86	10
2015-07-28 14:58:35.563	21931	10501	-94	-87	10	30.02	66.97	3.823
2015-07-28 15:30:00.119	21931	10501	-94	-87	10	34.04	58.96	3.825
2015-07-28 16:03:41.558	21931	10501	-94	-89	10	34.93	58.74	3.825
2015-07-28 16:29:19.038	21931	10501	-94	-88	10	31.04	65.15	3.824
2015-07-28 16:39:08.735	21931	10501	-94	-86	10
2015-07-28 17:07:10.527	21931	10501	-94	-89	10	31.18	64.66	3.824
2015-07-28 17:19:52.482	21931	10501	-94	-89	10
2015-07-28 17:27:29.427	21931	10501	-94	-92	10	31.18	64.44	3.824
2015-07-28 17:56:57.966	21931	10501	-94	-88	10	30.13	66.01	3.825
2015-07-28 18:34:48.028	21931	10501	-94	-89	10	29.35	66.56	3.824
2015-07-28 19:11:56.45	21931	10501	-94	-88	10	28.46	67.44	3.823
2015-07-28 19:22:37.387	21931	10501	-94	-88	10	28.05	67.96	3.823
2015-07-28 19:24:57.987	21931	10501	-94	-87	10
2015-07-28 19:57:54.159	21931	10501	-94	-87	10
2015-07-28 20:03:35.006	21931	10501	-94	-87	10	26.6	69.53	3.823
2015-07-28 20:27:16.974	21931	10501	-94	-87	10	25.85	70.2	3.822
2015-07-28 21:03:28.019	21931	10501	-91	-85	10	24.97	70.8	3.822
2015-07-28 21:21:09.535	21931	10501	-91	-84	10	24.35	71.62	3.819
2015-07-28 22:06:34.068	21931	10501	-94	-84	10	23.86	71.86	3.807
2015-07-28 22:10:47.491	21931	10501	-94	-84	10
2015-07-28 22:33:51.814	21931	10501	-94	-84	10	23.65	72.05	3.819
2015-07-28 22:35:55.938	21931	10501	-91	-84	10
2015-07-28 22:55:57.963	21931	10501	-94	-87	10	23.64	71.91	3.818
2015-07-28 23:42:41.422	21931	10501	-94	-85	10	23.32	72.24	3.819
2015-07-28 23:52:57.047	21931	10501	-94	-85	10	23.17	72.54	3.819
2015-07-29 00:27:12.51	21931	10501	-94	-86	10	22.67	73.17	3.818
2015-07-29 00:56:36.694	21931	10501	-94	-86	10
2015-07-29 01:06:51.706	21931	10501	-94	-85	10	22.27	73.64	3.822
2015-07-29 01:13:56.47	21931	10501	-94	-85	10
2015-07-29 01:22:20.43	21931	10501	-94	-86	10	22.18	73.79	3.817
2015-07-29 02:12:31.511	21931	10501	-94	-84	10	21.69	74.45	3.815
2015-07-29 02:36:05.238	21931	10501	-94	-84	10	21.52	74.67	3.814
2015-07-29 02:56:28.795	21931	10501	-94	-86	10	21.42	74.84	3.815
2015-07-29 03:35:16.194	21931	10501	-91	-84	10	21.06	75.39	3.814
2015-07-29 03:42:25.258	21931	10501	-94	-85	10
2015-07-29 03:51:58.522	21931	10501	-94	-84	10
2015-07-29 04:05:34.907	21931	10501	-91	-84	10	20.81	75.66	3.814
2015-07-29 04:24:29.579	21931	10501	-94	-84	10	20.71	75.8	3.813
2015-07-29 05:07:55.631	21931	10501	-94	-84	10	20.36	76.21	3.814
2015-07-29 05:27:15.803	21931	10501	-91	-83	10	20.25	76.27	3.813
2015-07-29 06:12:08.451	21931	10501	-91	-84	10	19.93	76.73	3.814
2015-07-29 06:21:19.054	21931	10501	-91	-84	10	19.86	76.83	3.813
2015-07-29 06:28:14.594	21931	10501	-94	-83	10
2015-07-29 06:30:00.063	21931	10501	-91	-84	10
2015-07-29 07:08:50.463	21931	10501	-91	-83	10	20.02	76.57	3.812
2015-07-29 07:32:04.235	21931	10501	-94	-84	10	20.47	76.02	3.812
2015-07-29 08:11:44.242	21931	10501	-91	-85	10	21.54	74.89	3.812
2015-07-29 08:30:29.678	21931	10501	-91	-84	10	22.25	74.21	3.813
2015-07-29 08:59:12.002	21931	10501	-91	-84	10	23.65	72.83	3.813
2015-07-29 09:08:01.89	21931	10501	-91	-85	10
2015-07-29 09:14:02.959	21931	10501	-91	-84	10
2015-07-29 09:22:59.759	21931	10501	-94	-84	10	24.86	71.8	3.814
2015-07-29 10:05:51.386	21931	10501	-94	-87	10	27.05	69.96	3.815
2015-07-29 10:25:48.702	21931	10501	-94	-88	10	28.19	68.89	3.815
2015-07-29 11:09:02.146	21931	10501	-94	-89	10	30.5	66.43	3.818
2015-07-29 11:21:48.114	21931	10501	-91	-84	10	30.96	66.09	3.817
2015-07-29 11:46:02.782	21931	10501	-91	-88	10
2015-07-29 11:59:53.259	21931	10501	-94	-88	10
2015-07-29 12:07:45.435	21931	10501	-94	-91	10	35.16	58.81	3.82
2015-07-29 12:42:13.01	21931	10501	-94	-83	10	33.63	62.98	3.82
2015-07-29 13:11:01.838	21931	10501	-94	-87	10	33.27	63.66	3.822
2015-07-29 13:22:02.407	21931	10501	-94	-83	10	33.54	63.36	3.82
2015-07-29 14:09:35.678	21931	10501	-94	-87	10	31.49	66.18	3.822
2015-07-29 14:22:07.03	21931	10501	-94	-89	10	31.1	66.8	3.822
2015-07-29 14:24:04.759	21931	10501	-94	-89	10
2015-07-29 14:45:41.594	21931	10501	-94	-84	10
2015-07-29 15:01:41.086	21931	10501	-94	-91	10	33.44	62.76	3.822
2015-07-29 16:12:31.344	21931	10501	-91	-83	10	34.16	61.7	3.824
2015-07-29 16:22:32.606	21931	10501	-94	-83	10	34.08	61.69	3.822
2015-07-29 16:51:17.438	21931	10501	-94	-88	10	32.05	65.37	3.823
2015-07-29 17:02:05.398	21931	10501	-94	-89	10
2015-07-29 17:31:31.078	21931	10501	-94	-89	10
2015-07-29 17:34:38.027	21931	10501	-94	-90	10	32.72	63.54	3.822
2015-07-29 17:51:55.351	21931	10501	-94	-90	10	31.22	66.47	3.823
2015-07-29 18:28:22.578	21931	10501	-94	-87	10	31.01	66.34	3.822
2015-07-29 18:55:30.702	21931	10501	-94	-87	10	30.69	66.61	3.823
2015-07-29 19:40:10.387	21931	10501	-91	-91	10
2015-07-29 19:41:32.204	21931	10501	-94	-88	10	29.52	68.16	3.823
2015-07-29 19:53:15.675	21931	10501	-94	-87	10	29.11	68.67	3.823
2015-07-29 20:17:20.042	21931	10501	-91	-87	10
2015-07-29 20:36:09.679	21931	10501	-94	-84	10	27.19	70.95	3.82
2015-07-29 21:05:10.322	21931	10501	-94	-84	10	26.4	71.55	3.819
2015-07-29 21:36:09.91	21931	10501	-91	-84	10	25.76	72.14	3.82
2015-07-29 22:11:47.098	21931	10501	-91	-84	10	25.24	72.66	3.82
2015-07-29 22:18:09.122	21931	10501	-91	-85	10
2015-07-29 22:38:18.33	21931	10501	-94	-84	10	24.86	73.03	3.819
2015-07-29 23:03:08.943	21931	10501	-94	-85	10
2015-07-29 23:05:54.146	21931	10501	-94	-85	10	24.49	73.43	3.817
2015-07-29 23:37:44.466	21931	10501	-94	-85	10	24.2	73.82	3.818
2015-07-30 00:01:27.47	21931	10501	-94	-85	10	24.06	74.01	3.818
2015-07-30 00:34:42.307	21931	10501	-91	-86	10	23.94	74.1	3.817
2015-07-30 00:56:10.307	21931	10501	-91	-84	10
2015-07-30 01:05:40.874	21931	10501	-94	-84	10	23.97	74.11	3.815
2015-07-30 01:29:31.779	21931	10501	-94	-84	10	23.88	74.34	3.817
2015-07-30 01:48:58.034	21931	10501	-94	-86	10
2015-07-30 02:08:19.011	21931	10501	-94	-84	10	23.84	74.6	3.815
2015-07-30 02:35:05.067	21931	10501	-94	-85	10	24.08	74.51	3.817
2015-07-30 03:02:38.611	21931	10501	-91	-83	10	23.94	74.92	3.814
2015-07-30 03:34:11.914	21931	10501	-91	-84	10
2015-07-30 03:36:57.151	21931	10501	-94	-86	10	24.14	74.88	3.815
2015-07-30 03:51:03.418	21931	10501	-94	-84	10	24.17	74.86	3.815
2015-07-30 04:21:56.022	21931	10501	-94	-86	10	24.22	75.06	3.815
2015-07-30 05:08:59.151	21931	10501	-94	-85	10	24.13	75.51	3.815
2015-07-30 05:36:44.838	21931	10501	-94	-92	10	24.18	75.65	3.814
2015-07-30 06:02:33.642	21931	10501	-94	-88	10	23.97	76.24	3.813
2015-07-30 06:12:13.93	21931	10501	-94	-88	10
2015-07-30 06:35:21.443	21931	10501	-91	-85	10	23.75	76.6	3.814
2015-07-30 06:53:19.155	21931	10501	-94	-83	10	23.57	76.83	3.813
2015-07-30 07:20:36.978	21931	10501	-94	-88	10
2015-07-30 07:41:38.92	21931	10501	-94	-84	10	23.14	76.99	3.814
2015-07-30 07:59:20.614	21931	10501	-91	-86	10	23.04	76.86	3.814
2015-07-30 08:33:30.059	21931	10501	-91	-85	10	23.27	76.02	3.812
2015-07-30 08:50:14.818	21931	10501	-91	-92	10
2015-07-30 08:57:17.014	21931	10501	-91	-82	10	23.94	74.7	3.813
2015-07-30 09:32:34.69	21931	10501	-91	-89	10	24.77	73.29	3.814
2015-07-30 10:06:28.554	21931	10501	-94	-85	10
2015-07-30 10:10:15.558	21931	10501	-94	-89	10	25.91	71.54	3.814
2015-07-30 10:41:59.374	21931	10501	-94	-89	10	30.08	63.66	3.815
2015-07-30 10:55:24.818	21931	10501	-94	-91	10	31.1	61.99	3.817
2015-07-30 11:23:02.207	21931	10501	-94	-89	10	29.3	66.02	3.815
2015-07-30 11:28:17.834	21931	10501	-94	-91	10
2015-07-30 11:53:58.446	21931	10501	-94	-90	10	32.52	59.74	3.818
2015-07-30 12:22:01.146	21931	10501	-94	-88	10	31.71	61.97	3.817
2015-07-30 12:52:14.931	21931	10501	-91	-86	10
2015-07-30 12:54:49.638	21931	10501	-94	-82	10	33.99	56.25	3.819
2015-07-30 13:39:01.411	21931	10501	-94	-91	10	31.0	61.21	3.819
2015-07-30 14:01:22.387	21931	10501	-94	-91	10	31.02	60.13	3.819
2015-07-30 14:06:21.023	21931	10501	-94	-84	10
2015-07-30 15:03:12.731	21931	10501	-94	-88	10	31.26	57.92	3.82
2015-07-30 15:38:03.539	21931	10501	-94	-86	10
2015-07-30 15:41:26.734	21931	10501	-94	-91	10	31.86	56.33	3.819
2015-07-30 16:11:33.354	21931	10501	-94	-87	10	32.13	55.03	3.819
2015-07-30 16:34:52.127	21931	10501	-94	-88	10	31.68	54.93	3.822
2015-07-30 16:44:21.099	21931	10501	-94	-89	10
2015-07-30 17:04:30.679	21931	10501	-91	-91	10	30.55	57.12	3.819
2015-07-30 17:33:49.158	21931	10501	-91	-86	10	30.58	56.18	3.812
2015-07-30 18:04:41.947	21931	10501	-94	-89	10	29.02	58.03	3.818
2015-07-30 18:23:52.326	21931	10501	-94	-85	10
2015-07-30 18:36:43.451	21931	10501	-94	-91	10	28.33	58.64	3.817
2015-07-30 19:12:53.354	21931	10501	-94	-83	10	27.27	59.38	3.817
2015-07-30 19:22:21.698	21931	10501	-94	-94	10
2015-07-30 19:39:01.206	21931	10501	-94	-91	10	26.4	60.5	3.818
2015-07-30 19:55:58.238	21931	10501	-94	-89	10	26.04	60.9	3.817
2015-07-30 20:22:13.426	21931	10501	-94	-90	10	24.99	62.09	3.815
2015-07-30 21:41:58.654	21931	10501	-94	-91	10	22.77	64.77	3.813
2015-07-30 21:55:14.494	21931	10501	-94	-89	10	22.67	64.87	3.813
2015-07-30 22:00:22.078	21931	10501	-94	-90	10
2015-07-30 22:31:18.822	21931	10501	-94	-87	10	22.2	65.41	3.813
2015-07-30 22:53:46.811	21931	10501	-94	-88	10	21.65	66.18	3.813
2015-07-30 23:39:48.406	21931	10501	-94	-89	10	20.79	67.38	3.812
2015-07-30 23:55:31.354	21931	10501	-94	-88	10
2015-07-31 00:04:33.994	21931	10501	-94	-90	10	20.61	67.72	3.811
2015-07-31 00:38:23.878	21931	10501	-91	-86	10
2015-07-31 00:42:28.71	21931	10501	-94	-85	10	19.97	68.59	3.808
2015-07-31 00:56:01.791	21931	10501	-94	-88	10	19.83	68.71	3.811
2015-07-31 01:30:03.81	21931	10501	-94	-88	10	19.36	69.27	3.809
2015-07-31 01:52:23.794	21931	10501	-94	-86	10	19.06	69.66	3.811
2015-07-31 02:21:17.087	21931	10501	-94	-86	10	18.83	69.81	3.809
2015-07-31 02:41:19.367	21931	10501	-94	-91	10
2015-07-31 02:59:11.535	21931	10501	-94	-90	10	18.71	70.26	3.807
2015-07-31 03:16:26.115	21931	10501	-94	-90	10
2015-07-31 03:32:30.455	21931	10501	-94	-88	10	18.54	70.67	3.808
2015-07-31 04:10:57.163	21931	10501	-94	-88	10	18.14	71.42	3.807
2015-07-31 04:31:08.268	21931	10501	-94	-88	10	17.93	71.71	3.807
2015-07-31 05:10:16.91	21931	10501	-94	-85	10	17.64	72.04	3.806
2015-07-31 05:20:38.874	21931	10501	-91	-88	10	17.5	72.23	3.807
2015-07-31 05:27:08.755	21931	10501	-94	-88	10
2015-07-31 05:54:27.37	21931	10501	-94	-88	10
2015-07-31 06:02:04.97	21931	10501	-94	-88	10	17.25	72.48	3.804
2015-07-31 06:36:06.25	21931	10501	-91	-86	10	17.0	72.81	3.806
2015-07-31 06:56:08.71	21931	10501	-94	-87	10	17.0	72.89	3.804
2015-07-31 07:25:41.461	21931	10501	-94	-84	10	17.83	72.08	3.806
2015-07-31 08:03:34.683	21931	10501	-94	-83	10	18.99	71.09	3.806
2015-07-31 08:12:58.098	21931	10501	-94	-87	10
2015-07-31 08:26:08.99	21931	10501	-94	-84	10	19.96	70.08	3.804
2015-07-31 08:32:29.099	21931	10501	-94	-84	10
2015-07-31 08:54:36.579	21931	10501	-94	-87	10	21.61	68.26	3.806
2015-07-31 09:28:27.195	21931	10501	-94	-89	10	23.07	67.26	3.807
2015-07-31 09:51:42.699	21931	10501	-94	-88	10	24.2	66.13	3.804
2015-07-31 10:40:58.479	21931	10501	-94	-88	10	27.82	61.54	3.808
2015-07-31 10:58:47.243	21931	10501	-94	-87	10
2015-07-31 11:05:19.014	21931	10501	-94	-90	10	28.74	60.86	3.809
2015-07-31 11:10:37.043	21931	10501	-94	-91	10
2015-07-31 11:37:13.686	21931	10501	-94	-91	10	29.3	60.52	3.811
2015-08-01 07:40:45.067	21931	10501	-94	-86	10	18.47	15.92	3.801
2015-08-01 07:47:44.947	21931	10501	-94	-86	10
2015-08-01 08:16:37.934	21931	10501	-94	-83	10	19.68	16.02	3.803
2015-08-01 08:31:42.363	21931	10501	-94	-92	10	20.36	15.98	3.803
2015-08-01 09:07:51.946	21931	10501	-94	-86	10	21.72	16.2	3.801
2015-08-01 09:28:31.827	21931	10501	-91	-87	10	22.44	16.24	3.802
2015-08-01 10:00:32.126	21931	10501	-94	-90	10	23.64	16.3	3.802
2015-08-01 10:25:46.731	21931	10501	-94	-89	10
2015-08-01 10:29:31.431	21931	10501	-94	-87	10	24.9	16.33	3.801
2015-08-01 11:18:16.719	21931	10501	-94	-87	10	26.46	16.83	3.804
2015-08-01 11:28:07.567	21931	10501	-94	-90	10
2015-08-01 14:13:57.246	21931	10501	-94	-86	10
2015-08-01 15:43:22.03	21931	10501	-91	-90	10	30.1	17.09	3.808
2015-08-01 20:13:14.01	21931	10501	-94	-88	10	23.11	17.1	3.807
2015-08-01 22:12:00.486	21931	10501	-91	-86	10	19.83	16.85	3.803
2015-08-01 22:31:23.434	21931	10501	-94	-84	10
2015-08-01 23:04:46.851	21931	10501	-94	-87	10	19.18	16.81	3.802
2015-08-01 23:27:51.547	21931	10501	-94	-85	10	18.96	16.8	3.801
2015-08-01 23:35:54.126	21931	10501	-91	-85	10
2015-08-02 00:18:14.963	21931	10501	-94	-84	10	18.39	16.77	3.8
2015-08-02 00:27:44.755	21931	10501	-94	-84	10	18.39	16.73	3.798
2015-08-02 01:04:22.402	21931	10501	-94	-84	10	18.14	16.79	3.8
2015-08-02 01:17:12.37	21931	10501	-94	-84	10
2015-08-02 01:34:41.051	21931	10501	-94	-87	10	17.83	16.82	3.8
2015-08-02 02:07:44.57	21931	10501	-94	-89	10	17.68	16.59	3.801
2015-08-02 02:13:54.886	21931	10501	-94	-88	10
2015-08-02 02:44:08.33	21931	10501	-94	-86	10	18.07	16.9	3.797
2015-08-02 03:05:20.384	21931	10501	-94	-88	10	17.92	16.97	3.8
2015-08-02 03:44:45.971	21931	10501	-94	-86	10	17.35	16.94	3.797
2015-08-02 04:03:01.546	21931	10501	-94	-87	10
2015-08-02 04:05:34.698	21931	10501	-94	-88	10	16.96	16.92	3.797
2015-08-02 04:37:33.042	21931	10501	-94	-88	10	16.38	16.88	3.796
2015-08-02 04:51:57.022	21931	10501	-94	-87	10
2015-08-02 05:16:42.742	21931	10501	-94	-85	10	16.18	16.8	3.798
2015-08-02 05:44:59.71	21931	10501	-94	-85	10	16.36	16.7	3.797
2015-08-02 06:18:50.499	21931	10501	-91	-86	10	16.65	17.05	3.797
2015-08-02 06:34:51.838	21931	10501	-94	-85	10	17.07	17.22	3.796
2015-08-02 06:48:50.386	21931	10501	-94	-87	10
2015-08-02 07:11:43.122	21931	10501	-94	-87	10	17.93	17.19	3.797
2015-08-02 07:28:47.435	21931	10501	-94	-87	10	18.07	17.27	3.796
2015-08-02 07:30:07.034	21931	10501	-91	-86	10
2015-08-02 08:01:27.175	21931	10501	-94	-87	10	18.86	17.31	3.795
2015-08-02 08:41:09.398	21931	10501	-94	-83	10	20.65	17.26	3.796
2015-08-02 09:05:57.059	21931	10501	-91	-84	10	20.93	17.57	3.796
2015-08-02 09:34:41.762	21931	10501	-91	-85	10
2015-08-02 09:37:20.614	21931	10501	-94	-85	10	22.32	17.5	3.798
2015-08-02 10:04:08.191	21931	10501	-94	-89	10	23.53	17.64	3.797
2015-08-02 10:08:00.37	21931	10501	-88	-88	10
2015-08-02 10:33:17.854	21931	10501	-91	-92	10	24.91	17.64	3.797
2015-08-02 11:04:10.479	21931	10501	-94	-85	10	27.05	17.95	3.798
2015-08-02 11:27:07.602	21931	10501	-94	-86	10	27.4	18.15	3.798
2015-08-02 12:20:28.778	21931	10501	-94	-89	10
2015-08-02 12:40:18.45	21931	10501	-94	-90	10	28.91	18.58	3.803
2015-08-02 12:46:03.822	21931	10501	-94	-89	10
2015-08-02 13:38:02.906	21931	10501	-94	-90	11	30.57	18.4	3.803
2015-08-02 14:49:07.254	21931	10501	-94	-91	11	29.63	18.58	3.795
2015-08-02 15:07:02.618	21931	10501	-94	-86	11	30.94	18.5	3.804
2015-08-02 15:31:44.274	21931	10501	-94	-84	10	31.26	18.67	3.807
2015-08-02 16:38:13.41	21931	10501	-94	-84	10	30.33	19.07	3.807
2015-08-02 17:40:20.166	21931	10501	-94	-88	10	29.74	19.0	3.807
2015-08-02 18:02:19.962	21931	10501	-94	-91	10
2015-08-02 18:44:58.474	21931	10501	-94	-88	10	28.38	19.03	3.807
2015-08-02 19:30:01.294	21931	10501	-94	-85	10	27.8	19.08	3.807
2015-08-02 20:30:25.538	21931	10501	-94	-86	10	26.18	18.98	3.804
2015-08-02 20:40:06.466	21931	10501	-94	-93	10
2015-08-02 21:41:03.655	21931	10501	-94	-90	10	25.35	18.94	3.807
2015-08-02 22:39:53.086	21931	10501	-94	-85	10	24.63	18.89	3.804
2015-08-02 23:06:46.171	21931	10501	-97	-88	10	24.46	18.88	3.804
2015-08-02 23:18:07.622	21931	10501	-94	-90	10
2015-08-02 23:23:44.943	21931	10501	-94	-84	10
2015-08-02 23:37:09.283	21931	10501	-94	-92	10	24.26	18.95	3.803
2015-08-03 00:04:01.151	21931	10501	-94	-88	10	24.07	18.94	3.803
2015-08-03 00:30:30.707	21931	10501	-94	-85	10	23.86	19.0	3.806
2015-08-03 01:03:43.171	21931	10501	-94	-89	10	23.58	18.91	3.803
2015-08-03 01:35:04.544	21931	10501	-94	-91	10	23.44	18.97	3.803
2015-08-03 01:56:08.87	21931	10501	-94	-88	10
2015-08-03 02:09:34.114	21931	10501	-94	-89	10
2015-08-03 02:15:35.69	21931	10501	-91	-87	10	22.86	18.94	3.803
2015-08-03 02:31:17.478	21931	10501	-94	-84	10	22.61	19.0	3.801
2015-08-03 03:14:16.282	21931	10501	-94	-87	10	21.47	18.86	3.8
2015-08-03 03:31:53.567	21931	10501	-94	-90	10	21.19	18.88	3.801
2015-08-03 04:55:23.326	21931	10501	-94	-86	10
2015-08-03 05:36:53.418	21931	10501	-94	-88	10	19.45	18.89	3.798
2015-08-03 06:07:53.554	21931	10501	-94	-87	10	18.92	18.79	3.798
2015-08-03 06:39:46.147	21931	10501	-94	-88	10	18.77	18.67	3.797
2015-08-03 07:10:22.886	21931	10501	-91	-88	10	19.2	18.88	3.798
2015-08-03 07:12:14.378	21931	10501	-94	-87	10
2015-08-03 07:41:12.753	21931	10501	-94	-86	10
2015-08-03 07:42:28.098	21931	10501	-94	-89	10	19.56	18.97	3.797
2015-08-03 08:02:23.442	21931	10501	-94	-84	10	20.02	19.0	3.798
2015-08-03 09:10:19.494	21931	10501	-94	-90	10	20.88	19.27	3.796
2015-08-03 09:47:34.718	21931	10501	-94	-89	10	22.1	19.12	3.798
2015-08-03 09:50:14.278	21931	10501	-94	-90	10
2015-08-03 10:12:37.218	21931	10501	-94	-89	10	22.77	19.19	3.796
2015-08-03 10:27:02.138	21931	10501	-94	-88	10
2015-08-03 10:44:36.162	21931	10501	-94	-89	10	23.36	19.27	3.798
2015-08-03 11:01:45.658	21931	10501	-94	-93	10	24.86	19.13	3.797
2015-08-03 12:08:12.834	21931	10501	-94	-93	10	28.21	19.47	3.801
2015-08-03 12:28:05.446	21931	10501	-94	-88	10	28.38	19.78	3.802
2015-08-03 12:28:16.034	21931	10501	-91	-88	10
2015-08-03 13:12:51.958	21931	10501	-91	-83	10
2015-08-03 13:44:00.794	21931	10501	-91	-81	10	28.66	19.95	3.8
2015-08-03 14:03:49.422	21931	10501	-94	-87	10	29.36	19.92	3.803
2015-08-03 15:46:37.846	21931	10501	-94	-92	10	28.52	20.24	3.803
2015-08-03 15:58:40.238	21931	10501	-94	-91	10
2015-08-03 16:02:15.602	21931	10501	-94	-90	10	27.05	20.45	3.802
2015-08-03 17:03:55.342	21931	10501	-94	-85	10	25.11	20.29	3.802
2015-08-03 17:44:18.518	21931	10501	-94	-84	10
2015-08-03 18:13:41.654	21931	10501	-94	-87	10	23.88	19.92	3.8
2015-08-03 18:41:11.09	21931	10501	-94	-87	10	24.07	20.16	3.8
2015-08-03 18:44:28.734	21931	10501	-94	-88	10
2015-08-03 19:05:01.543	21931	10501	-94	-90	10	23.53	20.2	3.801
2015-08-03 19:32:21.398	21931	10501	-94	-90	10	23.0	20.13	3.801
2015-08-03 20:00:36.142	21931	10501	-94	-90	10	22.44	20.24	3.798
2015-08-04 01:38:24.195	21931	10501	-91	-84	10
2015-08-04 03:01:59.071	21931	10501	-94	-87	10
2015-08-04 03:40:35.391	21931	10501	-91	-84	10	18.03	20.41	3.791
2015-08-04 04:16:24.79	21931	10501	-88	-84	10
2015-08-04 05:03:09.782	21931	10501	-94	-83	10	17.17	20.14	3.791
2015-08-04 05:47:46.87	21931	10501	-91	-84	10
2015-08-04 13:40:24.462	21931	10501	-94	-90	10	27.8	21.38	3.796
2015-08-04 13:40:29.798	21931	10501	-94	-90	10	27.8	21.38	3.796
2015-08-04 14:05:17.266	21931	10501	-94	-87	10
2015-08-04 20:42:19.271	21931	10501	-94	-89	10	21.86	21.49	3.8
2015-08-04 21:27:46.334	21931	10501	-94	-90	10	20.51	21.3	3.796
2015-08-04 22:15:08.907	21931	10501	-94	-89	10	19.54	21.16	3.795
2015-08-04 22:22:40.602	21931	10501	-94	-90	10
2015-08-04 22:31:17.87	21931	10501	-94	-90	10	19.39	21.08	3.795
2015-08-04 22:42:35.346	21931	10501	-94	-89	10
2015-08-04 23:10:17.003	21931	10501	-94	-89	10	18.6	21.1	3.792
2015-08-04 23:31:40.458	21931	10501	-94	-90	10	18.33	21.01	3.795
2015-08-04 23:56:51.763	21931	10501	-94	-89	10	17.97	21.06	3.797
2015-08-05 00:37:26.77	21931	10501	-94	-90	10	17.65	20.9	3.791
2015-08-05 01:08:28.903	21931	10501	-94	-90	10
2015-08-05 01:09:35.842	21931	10501	-94	-89	10	17.17	21.01	3.79
2015-08-05 01:20:36.554	21931	10501	-94	-90	10
2015-08-05 01:39:54.454	21931	10501	-94	-90	10	17.13	20.76	3.791
2015-08-05 02:05:45.79	21931	10501	-94	-89	10	17.06	20.93	3.79
2015-08-05 02:33:52.806	21931	10501	-94	-89	10	16.75	20.92	3.789
2015-08-05 03:14:35.575	21931	10501	-94	-89	10	16.47	20.97	3.79
2015-08-05 03:33:04.906	21931	10501	-94	-89	10	16.39	20.89	3.787
2015-08-05 03:54:18.339	21931	10501	-94	-88	10
2015-08-05 03:58:38.41	21931	10501	-94	-88	10
2015-08-05 04:05:49.746	21931	10501	-94	-89	10	16.06	21.02	3.79
2015-08-05 04:28:10.954	21931	10501	-94	-90	10	16.04	20.87	3.789
2015-08-05 04:58:30.186	21931	10501	-94	-89	10	15.79	20.93	3.785
2015-08-05 05:32:42.015	21931	10501	-94	-87	10	15.67	20.96	3.785
2015-08-05 06:09:01.122	21931	10501	-94	-88	10	15.43	20.9	3.779
2015-08-05 06:36:41.107	21931	10501	-94	-88	10
2015-08-05 06:40:07.963	21931	10501	-94	-89	10
2015-08-05 06:47:39.931	21931	10501	-94	-88	10	15.31	20.9	3.786
2015-08-05 07:11:46.059	21931	10501	-94	-89	10	15.6	20.99	3.785
2015-08-05 08:07:47.955	21931	10501	-94	-88	10	17.46	21.1	3.786
2015-08-05 09:08:16.514	21931	10501	-94	-88	10	20.82	21.61	3.786
2015-08-05 12:11:47.507	21931	10501	-94	-90	10
2015-08-05 13:42:39.586	21931	10501	-94	-88	10	26.72	22.28	3.792
2015-08-05 15:40:55.278	21931	10501	-94	-89	12	26.97	22.59	3.795
2015-08-05 16:40:42.166	21931	10501	-94	-92	12	27.1	22.52	3.795
2015-08-05 17:43:24.094	21931	10501	-94	-90	12
2015-08-05 18:32:41.439	21931	10501	-94	-92	12	25.16	22.25	3.795
2015-08-05 20:29:12.579	21931	10501	-94	-91	12
2015-08-05 21:12:51.523	21931	10501	-94	-92	12	19.33	22.2	3.792
2015-08-05 21:38:07.671	21931	10501	-94	-93	12	18.86	22.13	3.79
2015-08-05 21:56:54.214	21931	10501	-94	-89	12	18.49	22.04	3.792
2015-08-05 22:24:48.875	21931	10501	-94	-89	12
2015-08-05 22:26:45.85	21931	10501	-94	-90	11	17.9	22.04	3.793
2015-08-05 23:02:59.17	21931	10501	-94	-92	11	17.46	21.9	3.787
2015-08-05 23:15:01.171	21931	10501	-94	-90	11
2015-08-05 23:35:49.134	21931	10501	-94	-90	11	16.97	21.94	3.791
2015-08-06 00:00:19.554	21931	10501	-94	-91	11	16.65	21.92	3.785
2015-08-06 00:48:16.906	21931	10501	-94	-91	10	16.52	21.73	3.789
2015-08-06 01:02:51.095	21931	10501	-94	-90	10
2015-08-06 01:19:03.611	21931	10501	-94	-91	10	16.31	21.82	3.786
2015-08-06 01:47:49.458	21931	10501	-94	-90	10	15.95	21.87	3.786
2015-08-06 01:57:40.026	21931	10501	-94	-90	10	15.88	21.87	3.782
2015-08-06 02:00:50.619	21931	10501	-94	-90	10
2015-08-06 02:42:59.302	21931	10501	-94	-90	10	15.08	21.89	3.786
2015-08-06 03:03:58.571	21931	10501	-94	-89	10	14.65	21.86	3.785
2015-08-06 03:40:51.4	21931	10501	-94	-90	10
2015-08-06 03:48:47.69	21931	10501	-94	-90	10	14.65	21.72	3.787
2015-08-06 04:01:45.203	21931	10501	-94	-89	10	14.52	21.71	3.785
2015-08-06 04:39:02.542	21931	10501	-94	-90	10	14.28	21.66	3.784
2015-08-06 05:43:23.435	21931	10501	-94	-88	10	13.93	21.81	3.784
2015-08-06 06:12:05.41	21931	10501	-94	-87	10	13.77	21.73	3.782
2015-08-06 06:18:53.198	21931	10501	-94	-87	10
2015-08-06 06:48:03.239	21931	10501	-94	-87	10	13.67	21.58	3.78
2015-08-06 06:59:44.751	21931	10501	-97	-87	10	13.79	21.52	3.782
2015-08-06 07:32:28.983	21931	10501	-94	-89	10
2015-08-06 07:44:32.462	21931	10501	-94	-88	10	14.38	21.91	3.782
2015-08-06 07:57:12.79	21931	10501	-94	-88	10	14.86	21.87	3.781
2015-08-06 08:30:41.531	21931	10501	-91	-88	10	16.32	21.83	3.781
2015-08-06 08:56:55.258	21931	10501	-94	-88	10
2015-08-06 09:12:32.83	21931	10501	-94	-89	10	17.81	21.99	3.781
2015-08-06 10:09:30.494	21931	10501	-94	-89	10	18.93	22.25	3.784
2015-08-06 10:18:17.846	21931	10501	-94	-90	10
2015-08-06 10:39:36.134	21931	10501	-94	-89	10	20.22	22.19	3.784
2015-08-06 11:34:56.238	21931	10501	-94	-92	10
2015-08-06 14:57:30.29	21931	10501	-94	-89	10	21.13	22.72	3.785
2015-08-06 15:49:56.351	21931	10501	-94	-92	10
2015-08-06 16:40:12.382	21931	10501	-94	-92	10	21.1	22.86	3.786
2015-08-06 16:51:00.371	21931	10501	-94	-91	10
2015-08-06 17:14:56.707	21931	10501	-94	-92	10	21.27	22.94	3.782
2015-08-06 17:47:45.862	21931	10501	-94	-91	10	21.72	22.9	3.785
2015-08-06 18:18:27.031	21931	10501	-94	-90	10	20.76	22.98	3.785
2015-08-06 18:28:33.306	21931	10501	-94	-93	10	20.67	22.9	3.785
2015-08-06 18:35:45.475	21931	10501	-94	-94	10
2015-08-06 19:10:31.622	21931	10501	-94	-92	11	21.36	22.81	3.786
2015-08-06 19:29:01.487	21931	10501	-94	-90	11
2015-08-06 19:30:53.902	21931	10501	-94	-89	11	21.02	23.07	3.785
2015-08-06 20:07:12.014	21931	10501	-94	-88	11	19.61	23.23	3.785
2015-08-06 20:41:35.767	21931	10501	-94	-90	10	18.57	23.12	3.786
2015-08-06 20:58:53.63	21931	10501	-94	-90	10	17.93	23.15	3.784
2015-08-06 21:21:34.043	21931	10501	-94	-89	10
2015-08-06 21:42:07.894	21931	10501	-94	-89	10	16.96	22.94	3.784
2015-08-06 22:07:03.134	21931	10501	-94	-89	10
2015-08-06 22:16:47.427	21931	10501	-94	-88	10	16.67	22.85	3.78
2015-08-06 22:29:21.126	21931	10501	-94	-88	10	16.65	22.78	3.782
2015-08-06 23:15:29.81	21931	10501	-94	-90	10	16.74	22.79	3.782
2015-08-06 23:28:27.502	21931	10501	-94	-89	10	16.68	22.78	3.78
2015-08-06 23:58:19.226	21931	10501	-94	-88	10	16.6	22.78	3.779
2015-08-07 00:07:23.227	21931	10501	-94	-88	10
2015-08-07 00:45:03.899	21931	10501	-94	-90	10
2015-08-07 00:45:54.738	21931	10501	-94	-88	10	16.61	22.92	3.782
2015-08-07 01:04:19.226	21931	10501	-94	-90	10	16.47	22.98	3.781
2015-08-07 01:37:40.386	21931	10501	-94	-87	10	16.18	22.89	3.781
2015-08-07 02:08:01.311	21931	10501	-94	-89	10	15.6	22.93	3.781
2015-08-07 02:48:26.231	21931	10501	-94	-88	10	15.22	22.83	3.78
2015-08-07 02:53:13.087	21931	10501	-94	-89	10
2015-08-07 03:18:00.919	21931	10501	-94	-89	10	15.21	22.76	3.779
2015-08-07 03:23:05.126	21931	10501	-94	-88	10
2015-08-07 03:47:07.443	21931	10501	-94	-88	10	14.92	22.84	3.78
2015-08-07 03:57:04.427	21931	10501	-94	-90	10	14.79	22.87	3.779
2015-08-07 05:39:07.459	21931	10501	-94	-88	10
2015-08-07 06:01:07.514	21931	10501	-94	-88	10
2015-08-07 07:15:59.159	21931	10501	-94	-91	10	14.6	22.89	3.776
2015-08-07 07:58:46.575	21931	10501	-94	-87	10	15.5	22.99	3.779
2015-08-07 09:45:52.399	21931	10501	-94	-89	10	20.02	22.93	3.78
2015-08-07 10:00:22.827	21931	10501	-94	-92	14	20.6	23.12	3.78
2015-08-07 11:18:05.099	21931	10501	-94	-89	13	24.03	24.0	3.782
2015-08-07 12:18:31.539	21931	10501	-94	-92	12	27.3	24.08	3.785
2015-08-07 12:33:27.219	21931	10501	-94	-92	12	26.82	24.41	3.784
2015-08-07 13:13:48.551	21931	10501	-94	-91	12	25.97	24.24	3.787
2015-08-07 13:35:44.311	21931	10501	-94	-92	12	25.19	24.44	3.787
2015-08-07 14:48:55.094	21931	10501	-91	-91	12	25.44	24.1	3.787
2015-08-07 18:03:45.362	21931	10501	-94	-91	12	23.78	24.42	3.786
2015-08-08 00:15:57.978	21931	10501	-94	-87	19	17.97	24.23	3.782
2015-08-08 06:09:07.206	21931	10501	-94	-86	19	17.22	24.32	3.781
2015-08-08 06:42:42.862	21931	10501	-94	-88	19	17.21	24.25	3.781
2015-08-08 07:48:11.066	21931	10501	-91	-85	18	17.43	24.41	3.781
2015-08-08 08:21:23.419	21931	10501	-94	-84	18
2015-08-08 09:04:07.123	21931	10501	-94	-91	18	20.71	24.28	3.781
2015-08-08 09:44:57.407	21931	10501	-94	-87	16	22.43	24.51	3.785
2015-08-08 10:07:21.999	21931	10501	-94	-88	16	23.6	24.52	3.782
2015-08-08 10:47:58.419	21931	10501	-94	-89	15	26.96	24.49	3.784
2015-08-08 16:14:58.074	21931	10501	-94	-88	23	27.77	25.72	3.791
2015-08-08 16:47:15.295	21931	10501	-94	-91	28	27.58	25.92	3.792
2015-08-08 22:40:28.786	21931	10501	-94	-89	24	20.99	25.66	3.787
2015-08-09 02:33:49.506	21931	10501	-94	-88	19	20.04	25.59	3.786
2015-08-09 03:09:26.939	21931	10501	-94	-89	19	19.88	25.69	3.786
2015-08-09 04:11:13.746	21931	10501	-94	-86	18	19.43	25.69	3.782
2015-08-09 04:37:57.062	21931	10501	-94	-88	18
2015-08-09 04:45:15.987	21931	10501	-94	-88	18	19.13	25.74	3.785
2015-08-09 05:03:50.478	21931	10501	-91	-88	18	19.02	25.66	3.784
2015-08-09 05:25:35.259	21931	10501	-94	-87	17
2015-08-09 06:00:38.659	21931	10501	-94	-88	16	18.64	25.71	3.784
2015-08-09 07:00:43.887	21931	10501	-94	-86	15	18.49	25.52	3.785
2015-08-09 07:35:44.579	21931	10501	-94	-86	15	18.68	25.71	3.781
2015-08-09 08:13:57.714	21931	10501	-94	-86	14	19.2	25.82	3.782
2015-08-09 08:30:08.134	21931	10501	-94	-85	14	19.82	25.72	3.782
2015-08-09 09:06:50.566	21931	10501	-94	-89	14	21.56	25.74	3.782
2015-08-09 09:49:05.082	21931	10501	-94	-91	13	23.79	25.72	3.785
2015-08-09 10:09:38.818	21931	10501	-94	-93	12
2015-08-09 10:16:47.89	21931	10501	-94	-94	15	24.82	26.12	3.786
2015-08-09 10:38:47.242	21931	10501	-94	-93	15	27.46	25.48	3.786
2015-08-09 10:41:37.986	21931	10501	-94	-92	15
2015-08-09 21:12:52.563	21931	10501	-94	-90	10
2015-08-09 21:17:33.235	21931	10501	-94	-91	16	22.57	27.07	3.791
2015-08-09 22:18:27.463	21931	10501	-94	-91	15	21.61	26.92	3.791
2015-08-09 23:03:51.462	21931	10501	-94	-90	15	21.04	26.88	3.791
2015-08-09 23:51:45.434	21931	10501	-94	-90	14
2015-08-10 00:04:00.21	21931	10501	-94	-90	14	20.86	26.69	3.789
2015-08-10 00:29:45.207	21931	10501	-94	-90	13	20.83	26.72	3.787
2015-08-10 01:10:27.607	21931	10501	-94	-89	12	20.65	26.78	3.786
2015-08-10 01:44:00.039	21931	10501	-94	-89	12	20.43	26.8	3.789
2015-08-10 02:03:45.258	21931	10501	-94	-89	11	20.25	26.89	3.789
2015-08-10 02:29:46.874	21931	10501	-94	-89	11
2015-08-10 02:44:28.682	21931	10501	-94	-89	10
2015-08-10 02:44:36.41	21931	10501	-94	-89	10	19.77	26.89	3.786
2015-08-10 03:17:03.047	21931	10501	-94	-90	10	19.42	26.86	3.789
2015-08-10 03:32:16.202	21931	10501	-94	-90	10	19.2	26.88	3.787
2015-08-10 04:01:31.878	21931	10501	-94	-90	10	18.99	26.87	3.785
2015-08-10 04:48:34.042	21931	10501	-94	-89	10	18.85	26.79	3.782
2015-08-10 05:07:50.798	21931	10501	-94	-89	10
2015-08-10 05:13:41.434	21931	10501	-94	-89	10	18.75	26.78	3.786
2015-08-10 05:30:18.37	21931	10501	-94	-89	10
2015-08-10 07:02:48.282	21931	10501	-94	-92	10	18.43	26.79	3.784
2015-08-10 07:45:50.247	21931	10501	-94	-93	10
2015-08-10 08:16:07.014	21931	10501	-94	-93	10
2015-08-10 09:01:59.959	21931	10501	-94	-92	10	22.29	26.73	3.784
2015-08-10 10:09:03.406	21931	10501	-94	-89	10	26.07	27.01	3.786
2015-08-10 10:29:22.758	21931	10501	-94	-89	10	27.58	26.79	3.789
2015-08-10 11:11:30.279	21931	10501	-94	-88	10	29.71	28.15	3.79
2015-08-10 11:58:05.164	21931	10501	-94	-92	10	28.8	29.05	3.79
2015-08-10 13:01:53.058	21931	10501	-94	-89	10
2015-08-10 13:42:07.294	21931	10501	-94	-91	10	26.77	27.85	3.789
2015-08-10 14:04:10.718	21931	10501	-94	-89	10	28.16	27.45	3.791
2015-08-10 15:02:16.451	21931	10501	-94	-91	10	28.57	28.03	3.79
2015-08-10 16:33:34.974	21931	10501	-94	-90	10
2015-08-10 17:08:00.902	21931	10501	-94	-92	10	26.49	28.15	3.79
2015-08-10 18:07:56.087	21931	10501	-94	-89	10	26.41	28.22	3.791
2015-08-10 19:00:09.967	21931	10501	-94	-89	10	25.69	28.31	3.789
2015-08-10 19:33:56.89	21931	10501	-94	-89	10	25.38	28.39	3.791
2015-08-10 20:35:14.159	21931	10501	-94	-87	10	24.18	28.37	3.787
2015-08-10 21:02:07.059	21931	10501	-94	-90	10	23.99	28.32	3.787
2015-08-10 21:59:47.266	21931	10501	-94	-86	10	24.35	28.27	3.791
2015-08-10 23:02:05.627	21931	10501	-94	-86	10	23.61	28.43	3.789
2015-08-10 23:34:45.722	21931	10501	-94	-89	10	23.32	28.34	3.787
2015-08-11 00:36:27.911	21931	10501	-91	-84	10	21.86	28.44	3.789
2015-08-11 01:01:06.794	21931	10501	-94	-85	10	21.78	28.36	3.787
2015-08-11 03:12:25.222	21931	10501	-91	-87	10	21.35	28.54	3.786
2015-08-11 03:37:49.41	21931	10501	-94	-87	10	21.15	28.52	3.785
2015-08-11 04:31:34.906	21931	10501	-91	-82	10	20.76	28.53	3.785
2015-08-11 05:12:49.67	21931	10501	-91	-85	10	20.76	28.42	3.785
2015-08-11 06:12:01.611	21931	10501	-94	-87	10	20.92	28.43	3.785
2015-08-11 06:30:17.186	21931	10501	-94	-91	10	20.94	28.5	3.782
2015-08-11 07:28:04.598	21931	10501	-94	-89	10
2015-08-11 08:06:09.518	21931	10501	-94	-93	10	20.64	28.52	3.785
2015-08-11 09:08:29.275	21931	10501	-94	-90	10
2015-08-11 09:26:44.999	21931	10501	-94	-90	10	21.83	28.43	3.782
2015-08-11 10:11:59.922	21931	10501	-94	-91	10	22.42	28.55	3.781
2015-08-11 10:58:11.482	21931	10501	-94	-92	10	24.26	28.48	3.782
2015-08-11 11:54:18.49	21931	10501	-94	-92	10
2015-08-11 12:42:52.322	21931	10501	-91	-93	10	26.71	29.6	3.786
2015-08-11 13:11:32.863	21931	10501	-94	-89	10	27.41	29.02	3.787
2015-08-11 14:40:07.615	21931	10501	-94	-87	10
2015-08-11 16:03:00.103	21931	10501	-94	-86	11	27.76	29.08	3.789
2015-08-11 17:01:48.571	21931	10501	-94	-91	11	27.36	29.16	3.789
2015-08-11 17:44:52.295	21931	10501	-94	-88	11	25.88	29.89	3.79
2015-08-11 18:14:14.254	21931	10501	-94	-91	11	25.02	29.5	3.785
2015-08-11 19:09:58.74	21931	10501	-94	-89	10	24.94	28.89	3.786
2015-08-11 19:48:56.302	21931	10501	-94	-87	10	23.28	29.47	3.785
2015-08-11 20:09:08.55	21931	10501	-94	-90	10	22.67	29.39	3.785
2015-08-11 20:38:11.771	21931	10501	-94	-93	14
2015-08-11 20:41:10.787	21931	10501	-94	-92	14	21.49	29.43	3.784
2015-08-12 17:03:36.235	21931	10501	-94	-90	11	24.91	29.17	3.781
2015-08-12 18:18:20.284	21931	10501	-94	-92	13
2015-08-14 08:11:04.911	21931	10501	-94	-87	11	16.79	30.06	3.769
2015-08-14 08:59:48.863	21931	10501	-94	-89	17
2015-08-14 09:13:00.647	21931	10501	-94	-92	16
2015-08-15 11:16:23.667	21931	10501	-97	-86	12	27.38	31.62	3.774
2015-08-15 11:48:47.962	21931	10501	-94	-92	13	35.38	29.46	3.775
2015-08-15 11:49:51.651	21931	10501	-94	-86	13	35.16	29.88	3.774
2015-08-15 11:51:54.302	21931	10501	-94	-86	13	35.27	30.26	3.775
2015-08-15 11:52:57.366	21931	10501	-91	-86	13	35.66	30.11	3.776
2015-08-15 12:24:29.03	21931	10501	-94	-87	10	30.85	34.01	3.779
2015-08-15 13:08:16.122	21931	10501	-94	-83	10	30.72	32.51	3.778
2015-08-15 14:14:30.95	21931	10501	-94	-90	17	32.18	31.77	3.779
2015-08-15 14:33:32.163	21931	10501	-94	-87	17
2015-08-15 20:24:05.683	21931	10501	-94	-88	14	23.74	32.74	3.781
2015-08-15 22:01:53.939	21931	10501	-94	-90	11	21.97	32.38	3.778
2015-08-15 22:19:49.131	21931	10501	-94	-90	11
2015-08-15 22:44:29.455	21931	10501	-94	-90	10	21.56	32.27	3.779
2015-08-15 22:50:59.079	21931	10501	-94	-90	10
2015-08-15 23:03:54.571	21931	10501	-94	-90	10	21.24	32.35	3.779
2015-08-15 23:39:29.25	21931	10501	-94	-90	10	20.85	32.28	3.779
2015-08-16 00:10:57.346	21931	10501	-94	-89	10	20.39	32.38	3.778
2015-08-16 00:36:15.979	21931	10501	-94	-90	10	20.25	32.23	3.776
2015-08-16 00:56:26.766	21931	10501	-94	-89	10	20.0	32.28	3.776
2015-08-16 00:57:52.39	21931	10501	-94	-89	10
2015-08-16 01:36:51.651	21931	10501	-94	-89	10
2015-08-16 01:45:19.731	21931	10501	-94	-90	10	19.7	32.25	3.774
2015-08-16 02:05:16.766	21931	10501	-94	-89	10	19.43	32.3	3.774
2015-08-16 02:35:58.482	21931	10501	-94	-88	10	19.29	32.22	3.774
2015-08-16 03:14:05.679	21931	10501	-94	-88	10	19.25	32.07	3.775
2015-08-16 03:35:54.21	21931	10501	-94	-88	10
2015-08-16 03:45:12.304	21931	10501	-94	-88	10	19.08	32.16	3.773
2015-08-16 04:05:39.111	21931	10501	-94	-87	10	18.93	32.18	3.774
2015-08-16 04:22:37.25	21931	10501	-94	-87	10
2015-08-16 04:39:03.883	21931	10501	-94	-87	10	18.75	32.24	3.773
2015-08-16 05:10:56.707	21931	10501	-94	-85	10	18.5	32.22	3.771
2015-08-16 05:35:33.547	21931	10501	-94	-86	10	18.46	32.14	3.77
2015-08-16 06:03:55.63	21931	10501	-94	-87	10	18.29	32.13	3.771
2015-08-16 06:13:54.134	21931	10501	-91	-87	10
2015-08-16 06:24:42.863	21931	10501	-94	-87	10	18.2	32.19	3.77
2015-08-16 06:54:45.363	21931	10501	-94	-87	10	18.25	31.99	3.771
2015-08-16 07:08:27.191	21931	10501	-94	-87	10
2015-08-16 07:35:38.238	21931	10501	-94	-87	10	18.47	32.14	3.773
2015-08-16 08:02:54.375	21931	10501	-94	-88	10	19.25	32.07	3.771
2015-08-16 08:39:53.99	21931	10501	-94	-87	10	20.88	31.94	3.774
2015-08-16 08:51:55.527	21931	10501	-94	-88	10
2015-08-16 09:00:55.278	21931	10501	-94	-85	10	21.79	31.88	3.773
2015-08-16 09:33:44.067	21931	10501	-94	-88	10	23.84	31.98	3.774
2015-08-16 09:54:15.979	21931	10501	-94	-90	10
2015-08-16 10:13:17.914	21931	10501	-94	-86	10	25.77	32.08	3.775
2015-08-16 10:36:12.003	21931	10501	-94	-89	10	26.83	32.17	3.775
2015-08-16 11:14:35.151	21931	10501	-94	-83	10	29.11	32.23	3.779
2015-08-16 11:29:56.226	21931	10501	-91	-86	10
2015-08-16 11:37:43.35	21931	10501	-94	-89	10	31.51	31.5	3.779
2015-08-16 11:56:05.218	21931	10501	-94	-90	10	34.33	31.45	3.78
2015-08-16 12:40:04.494	21931	10501	-94	-91	10
2015-08-16 12:41:36.478	21931	10501	-94	-92	10	30.69	34.21	3.78
2015-08-16 13:14:50.255	21931	10501	-94	-89	13	31.99	32.97	3.781
2015-08-16 13:42:54.602	21931	10501	-94	-92	25	31.85	33.6	3.781
2015-08-16 20:57:31.371	21931	10501	-94	-88	11
2015-08-16 23:59:57.338	21931	10501	-94	-90	11	21.97	33.32	3.779
2015-08-17 01:06:32.163	21931	10501	-94	-88	11	21.5	33.38	3.779
2015-08-17 01:42:40.006	21931	10501	-94	-89	10	21.13	33.35	3.78
2015-08-17 09:00:27.63	21931	10501	-94	-87	10	22.61	32.44	3.775
2015-08-17 11:25:03.451	21931	10501	-94	-89	10	28.8	33.47	3.779
2015-08-17 17:32:53.622	21931	10501	-94	-90	10	31.85	34.56	3.786
2015-08-18 08:53:09.766	21931	10501	-94	-88	10
2015-08-18 09:07:12.763	21931	10501	-94	-89	10	20.58	34.16	3.774
2015-08-18 09:40:16.342	21931	10501	-94	-89	10	20.68	34.27	3.773
2015-08-18 15:52:57.078	21931	10501	-91	-84	10	25.16	34.58	3.774
2015-08-18 18:31:39.387	21931	10501	-91	-83	10	23.29	35.13	3.774
2015-08-18 22:39:58.698	21931	10501	-94	-82	10	20.83	35.25	3.771
2015-08-19 00:04:31.599	21931	10501	-88	-81	10
2015-08-19 01:09:20.006	21931	10501	-91	-83	10	20.1	35.21	3.769
2015-08-19 05:20:34.81	21931	10501	-91	-84	10
2015-08-19 07:58:35.598	21931	10501	-94	-83	10
2015-08-19 07:58:51.611	21931	10501	-88	-82	10	19.67	35.0	3.765
2015-08-19 09:24:32.338	21931	10501	-94	-88	10	23.86	33.66	3.767
2015-08-19 10:42:07.727	21931	10501	-94	-87	10	27.01	34.44	3.769
2015-08-19 14:32:19.566	21931	10501	-94	-84	10	31.38	35.82	3.776
2015-08-19 18:03:05.155	21931	10501	-94	-92	10
2015-08-19 18:30:45.523	21931	10501	-94	-88	10
2015-09-05 19:54:45.39	21931	10501	-94	-89	10	20.14	46.94	3.748
2015-09-05 20:59:52.242	21931	10501	-94	-88	10
2015-09-05 22:54:49.599	21931	10501	-94	-87	10	19.79	47.09	3.748
