result_time	node_id	parent_id	stats_frssi	stats_brssi	etx	temperature	humidity	voltage
2015-08-18 06:25:27.11	22131	11301	-88	-81	10
2015-08-18 07:18:24.987	22131	11301	-88	-78	10
2015-08-18 07:32:22.782	22131	11301	-88	-77	10	19.79	30.66	3.687
2015-08-18 08:11:17.45	22131	11301	-88	-77	10	19.92	30.6	3.681
2015-08-18 09:26:50.571	22131	11301	-85	-76	10	20.45	30.57	3.68
2015-08-18 09:56:04.379	22131	11301	-85	-76	10
2015-08-18 09:57:33.023	22131	11301	-85	-75	10	20.74	30.53	3.681
2015-08-18 11:30:15.475	22131	11301	-85	-75	10	22.1	30.19	3.68
2015-08-18 12:06:53.567	22131	11301	-85	-78	10	23.11	29.88	3.68
2015-08-18 12:24:19.887	22131	11301	-88	-77	10	23.4	29.94	3.681
2015-08-18 12:47:07.403	22131	11301	-88	-79	10
2015-08-18 12:59:26.798	22131	11301	-91	-79	10	23.38	30.4	3.682
2015-08-18 13:26:36.918	22131	11301	-88	-79	10
2015-08-18 13:30:11.342	22131	11301	-88	-79	10	22.81	30.77	3.684
2015-08-18 14:00:29.675	22131	11301	-88	-80	10	23.76	30.15	3.681
2015-08-18 14:36:54.183	22131	11301	-88	-80	10
2015-08-18 15:04:06.747	22131	11301	-88	-79	10	25.66	30.16	3.682
2015-08-18 15:31:47.534	22131	11301	-88	-79	10	24.86	30.84	3.681
2015-08-18 16:12:16.31	22131	11301	-88	-79	10	24.36	31.01	3.681
2015-08-18 17:24:01.699	22131	11301	-88	-79	10	23.82	30.82	3.681
2015-08-18 18:11:07.623	22131	11301	-88	-79	10	23.35	31.17	3.681
2015-08-18 18:15:50.714	22131	11301	-88	-79	10
2015-08-18 18:32:05.507	22131	11301	-88	-80	10	23.04	31.14	3.682
2015-08-18 19:05:39.255	22131	11301	-88	-80	10	23.4	30.82	3.682
2015-08-18 19:30:26.65	22131	11301	-88	-79	10	23.33	30.96	3.681
2015-08-18 19:51:42.215	22131	11301	-88	-79	10	22.97	31.14	3.681
2015-08-18 20:05:25.614	22131	11301	-88	-79	10
2015-08-18 20:27:46.902	22131	11301	-88	-80	10
2015-08-18 20:36:48.066	22131	11301	-88	-80	10	21.97	31.37	3.681
2015-08-18 21:06:49.686	22131	11301	-88	-80	10	21.46	31.29	3.68
2015-08-18 21:25:33.559	22131	11301	-91	-79	10	21.32	31.24	3.68
2015-08-18 21:54:58.111	22131	11301	-88	-80	10
2015-08-18 21:55:08.871	22131	11301	-88	-79	10	21.07	31.22	3.681
2015-08-18 22:30:37.514	22131	11301	-85	-81	10	20.85	31.24	3.677
2015-08-18 22:52:17.09	22131	11301	-88	-78	10	20.64	31.22	3.677
2015-08-18 23:37:03.062	22131	11301	-88	-80	10	20.46	31.2	3.679
2015-08-18 23:58:22.334	22131	11301	-88	-80	10
2015-08-19 00:21:12.831	22131	11301	-88	-81	10	20.22	31.18	3.681
2015-08-19 01:09:35.823	22131	11301	-88	-79	10	20.04	31.17	3.679
2015-08-19 01:55:35.986	22131	11301	-88	-79	10	19.93	31.16	3.677
2015-08-19 02:32:22.599	22131	11301	-85	-79	10	19.72	31.21	3.677
2015-08-19 03:04:36.838	22131	11301	-85	-78	10	19.74	31.14	3.674
2015-08-19 03:21:02.546	22131	11301	-85	-79	10	19.77	31.15	3.676
2015-08-19 03:23:40.431	22131	11301	-88	-78	10
2015-08-19 03:28:56.474	22131	11301	-88	-78	10
2015-08-19 04:09:49.567	22131	11301	-88	-79	10	19.43	31.26	3.676
2015-08-19 04:31:15.702	22131	11301	-88	-79	10	19.31	31.18	3.676
2015-08-19 05:03:54.028	22131	11301	-88	-79	10	19.21	31.17	3.675
2015-08-19 05:13:14.526	22131	11301	-88	-79	10
2015-08-19 05:20:06.298	22131	11301	-88	-79	10	19.04	31.22	3.676
2015-08-19 06:04:54.331	22131	11301	-88	-78	10	18.86	31.17	3.676
2015-08-19 06:25:29.487	22131	11301	-88	-79	10	18.79	31.2	3.675
2015-08-19 06:52:30.546	22131	11301	-88	-78	10	18.82	31.13	3.676
2015-08-19 07:26:38.786	22131	11301	-85	-78	10	18.99	31.08	3.676
2015-08-19 07:54:56.826	22131	11301	-88	-77	10	19.47	30.84	3.675
2015-08-19 08:23:50.602	22131	11301	-88	-78	10	20.27	30.73	3.674
2015-08-19 09:04:02.074	22131	11301	-88	-80	10	21.71	30.5	3.676
2015-08-19 09:34:02.822	22131	11301	-88	-79	10	23.15	30.34	3.676
2015-08-19 10:20:26.95	22131	11301	-85	-80	10	25.61	30.3	3.677
2015-08-19 11:05:16.418	22131	11301	-88	-78	10	27.91	30.35	3.68
2015-08-19 12:31:31.158	22131	11301	-91	-81	10
2015-08-19 12:40:19.731	22131	11301	-88	-78	10	29.13	31.16	3.682
2015-08-19 13:25:49.042	22131	11301	-88	-78	10	30.11	31.17	3.681
2015-08-19 14:00:42.09	22131	11301	-88	-77	10
2015-08-19 14:02:37.739	22131	11301	-85	-78	10	30.71	31.0	3.685
2015-08-19 14:21:05.307	22131	11301	-88	-77	10
2015-08-19 14:36:17.631	22131	11301	-88	-78	10	30.58	31.53	3.685
2015-08-19 16:06:47.527	22131	11301	-88	-76	10	31.18	31.55	3.685
2015-08-19 16:10:42.243	22131	11301	-85	-77	10
2015-08-19 16:33:57.735	22131	11301	-88	-76	10	30.52	32.2	3.686
2015-08-19 17:57:04.159	22131	11301	-85	-77	10	30.68	32.15	3.687
2015-08-19 18:00:16.003	22131	11301	-85	-78	10
2015-08-19 19:06:51.867	22131	11301	-85	-78	10	26.96	32.68	3.686
2015-08-19 19:35:14.738	22131	11301	-85	-77	10	26.05	32.6	3.685
2015-08-19 19:49:50.395	22131	11301	-85	-77	10
2015-08-19 20:05:17.898	22131	11301	-85	-76	10	25.29	32.46	3.685
2015-08-19 20:41:43.838	22131	11301	-85	-76	10	24.6	32.37	3.684
2015-08-19 20:58:57.666	22131	11301	-85	-76	10	24.32	32.31	3.682
2015-08-19 21:01:51.574	22131	11301	-85	-76	10
2015-08-19 21:39:21.742	22131	11301	-85	-76	10
2015-08-19 21:41:27.37	22131	11301	-85	-77	10	24.03	32.21	3.684
2015-08-19 21:50:07.707	22131	11301	-85	-76	10	23.96	32.2	3.686
2015-08-19 22:32:44.843	22131	11301	-85	-76	10	23.52	32.24	3.684
2015-08-19 23:28:56.351	22131	11301	-85	-77	10
2015-08-19 23:33:07.898	22131	11301	-85	-77	10	23.24	32.14	3.684
2015-08-19 23:52:46.395	22131	11301	-85	-76	10	23.4	32.02	3.684
2015-08-20 00:53:53.954	22131	11301	-85	-76	10	22.78	32.24	3.682
2015-08-20 01:18:30.175	22131	11301	-85	-76	10
2015-08-20 01:39:13.082	22131	11301	-85	-76	10	22.47	32.15	3.685
2015-08-20 02:02:45.562	22131	11301	-85	-76	10	22.57	32.08	3.68
2015-08-20 02:22:25.09	22131	11301	-88	-76	10	22.45	32.14	3.681
2015-08-20 03:08:04.647	22131	11301	-85	-76	10
2015-08-20 03:09:54.526	22131	11301	-85	-77	10	22.56	32.05	3.681
2015-08-20 03:20:05.771	22131	11301	-85	-76	10	22.5	32.11	3.681
2015-08-20 04:03:02.443	22131	11301	-85	-77	10
2015-08-20 04:05:09.379	22131	11301	-85	-77	10	22.28	32.13	3.681
2015-08-20 04:28:00.042	22131	11301	-88	-76	10	23.24	31.58	3.68
2015-08-20 04:57:39.787	22131	11301	-85	-75	10
2015-08-20 05:36:22.387	22131	11301	-85	-74	10	22.86	32.25	3.68
2015-08-20 05:56:49.41	22131	11301	-85	-76	10	22.85	32.21	3.68
2015-08-20 06:38:34.488	22131	11301	-97	-75	10	23.03	32.12	3.681
2015-08-20 06:47:12.211	22131	11301	-85	-76	10
2015-08-20 06:55:36.875	22131	11301	-85	-75	10	22.94	32.19	3.68
2015-08-20 07:33:38.742	22131	11301	-85	-76	10
2015-08-20 07:39:15.347	22131	11301	-85	-76	10	23.32	32.01	3.681
2015-08-20 08:09:52.511	22131	11301	-82	-77	10	23.5	32.09	3.681
2015-08-20 08:21:03.587	22131	11301	-85	-76	10	23.6	32.03	3.681
2015-08-20 08:36:51.447	22131	11301	-82	-76	10
2015-08-20 09:10:09.283	22131	11301	-85	-76	10	24.08	32.0	3.68
2015-08-20 09:30:30.698	22131	11301	-88	-76	10	24.33	32.03	3.681
2015-08-20 09:54:15.078	22131	11301	-85	-76	10	24.46	32.11	3.681
2015-08-20 10:26:21.206	22131	11301	-85	-76	10
2015-08-20 10:32:18.851	22131	11301	-85	-76	10	24.44	32.11	3.68
2015-08-20 11:04:17.878	22131	11301	-85	-79	10
2015-08-20 11:05:01.743	22131	11301	-85	-77	10	24.86	32.07	3.681
2015-08-20 11:21:31.234	22131	11301	-85	-76	10	24.99	32.15	3.681
2015-08-20 12:06:14.206	22131	11301	-88	-77	10	25.02	32.44	3.681
2015-08-20 12:15:55.562	22131	11301	-85	-80	10
2015-08-20 12:20:42.806	22131	11301	-88	-78	10	24.58	32.68	3.681
2015-08-20 13:35:31.786	22131	11301	-91	-78	10	26.07	31.33	3.68
2015-08-20 14:05:21.63	22131	11301	-85	-77	10	24.63	32.96	3.68
2015-08-20 14:05:30.294	22131	11301	-88	-78	10
2015-08-20 14:27:37.114	22131	11301	-88	-77	10	27.11	30.99	3.685
2015-08-20 14:34:47.754	22131	11301	-88	-79	10
2015-08-20 15:00:00.079	22131	11301	-85	-80	10	26.22	32.4	3.68
2015-08-20 15:36:28.067	22131	11301	-88	-79	10	27.13	32.2	3.682
2015-08-20 15:55:02.987	22131	11301	-88	-79	10
2015-08-20 16:09:45.578	22131	11301	-88	-78	10	27.18	32.13	3.682
2015-08-20 16:38:43.798	22131	11301	-88	-79	10	27.4	31.87	3.681
2015-08-20 17:00:37.914	22131	11301	-91	-78	10	27.3	32.28	3.682
2015-08-20 17:44:37.855	22131	11301	-88	-78	10
2015-08-20 17:56:08.979	22131	11301	-88	-77	10	27.08	32.12	3.682
2015-08-20 18:05:22.726	22131	11301	-85	-80	10
2015-08-20 18:33:40.918	22131	11301	-85	-79	10	25.97	32.59	3.684
2015-08-20 18:54:03.123	22131	11301	-88	-79	10	25.26	32.81	3.682
2015-08-20 19:34:13.094	22131	11301	-85	-79	10
2015-08-20 19:36:21.463	22131	11301	-88	-77	10	24.02	32.77	3.682
2015-08-20 20:02:12.315	22131	11301	-85	-78	10	23.19	32.84	3.681
2015-08-20 20:40:43.259	22131	11301	-85	-77	10	21.45	32.99	3.679
2015-08-20 20:59:42.582	22131	11301	-85	-77	10	20.61	32.96	3.675
2015-08-20 21:23:38.03	22131	11301	-85	-77	10	20.58	32.47	3.677
2015-08-20 21:23:46.218	22131	11301	-85	-78	10
2015-08-20 21:35:57.434	22131	11301	-85	-77	10
2015-08-20 22:35:19.07	22131	11301	-85	-76	10	19.92	32.37	3.675
2015-08-20 23:00:23.591	22131	11301	-85	-77	10	19.74	32.36	3.675
2015-08-20 23:13:20.166	22131	11301	-85	-77	10
2015-08-20 23:28:18.223	22131	11301	-85	-77	10	19.57	32.24	3.676
2015-08-21 00:07:13.507	22131	11301	-88	-77	10	19.29	32.32	3.675
2015-08-21 01:02:53.93	22131	11301	-85	-76	10
2015-08-21 01:06:33.534	22131	11301	-85	-76	10
2015-08-21 01:06:42.351	22131	11301	-85	-77	10	17.67	32.42	3.673
2015-08-21 02:39:26.752	22131	11301	-85	-77	10	16.6	32.25	3.673
2015-08-21 02:52:28.518	22131	11301	-85	-77	10
2015-08-21 03:05:42.182	22131	11301	-85	-77	10	15.95	32.2	3.673
2015-08-21 03:52:03.798	22131	11301	-85	-76	10	15.1	32.12	3.67
2015-08-21 04:36:05.631	22131	11301	-85	-77	10	14.56	32.0	3.669
2015-08-21 04:37:07.527	22131	11301	-88	-77	10
2015-08-21 04:42:03.379	22131	11301	-85	-76	10
2015-08-21 04:57:20.607	22131	11301	-85	-77	10	14.32	31.95	3.67
2015-08-21 05:34:04.715	22131	11301	-85	-76	10	13.99	31.95	3.671
2015-08-21 06:09:12.759	22131	11301	-85	-77	10	13.7	31.86	3.67
2015-08-21 06:27:02.699	22131	11301	-85	-76	10	13.56	31.81	3.669
2015-08-21 06:31:36.75	22131	11301	-85	-77	10
2015-08-21 06:56:13.526	22131	11301	-85	-76	10	13.39	31.76	3.669
2015-08-21 07:38:04.238	22131	11301	-88	-77	10	13.72	31.66	3.668
2015-08-21 07:56:48.214	22131	11301	-85	-76	10	14.14	31.49	3.669
2015-08-21 08:07:42.387	22131	11301	-88	-77	10
2015-08-21 08:40:42.039	22131	11301	-85	-76	10	16.74	30.47	3.669
2015-08-21 10:04:20.618	22131	11301	-85	-77	10	20.68	30.8	3.67
2015-08-21 10:10:46.898	22131	11301	-88	-78	10
2015-08-21 10:25:43.431	22131	11301	-88	-79	10	21.56	30.88	3.671
2015-08-21 10:51:46.003	22131	11301	-85	-79	10	22.47	31.03	3.67
2015-08-21 11:38:18.047	22131	11301	-88	-78	10
2015-08-21 11:38:37.875	22131	11301	-88	-79	10	23.79	31.7	3.674
2015-08-21 12:00:23.735	22131	11301	-85	-78	10
2015-08-21 12:03:05.11	22131	11301	-88	-78	10	24.68	31.14	3.674
2015-08-21 12:35:28.53	22131	11301	-88	-77	10	24.88	31.51	3.673
2015-08-21 12:52:50.071	22131	11301	-85	-77	10	25.27	31.54	3.675
2015-08-21 13:24:34.795	22131	11301	-91	-79	10	25.77	31.66	3.673
2015-08-21 13:49:54.167	22131	11301	-85	-78	10
2015-08-21 14:01:23.919	22131	11301	-85	-78	10	26.36	31.57	3.676
2015-08-21 14:39:24.182	22131	11301	-88	-77	10	27.11	31.63	3.675
2015-08-21 15:08:03.326	22131	11301	-88	-79	10	27.52	31.59	3.677
2015-08-21 15:08:53.158	22131	11301	-88	-79	10
2015-08-21 15:34:50.926	22131	11301	-85	-78	10	26.16	32.75	3.677
2015-08-21 15:39:28.082	22131	11301	-85	-77	10
2015-08-21 16:01:36.038	22131	11301	-88	-77	10	26.44	32.0	3.676
2015-08-21 16:24:40.946	22131	11301	-88	-78	10	26.13	32.25	3.676
2015-08-21 17:10:05.303	22131	11301	-88	-78	10	26.66	32.09	3.676
2015-08-21 17:29:01.722	22131	11301	-85	-79	10
2015-08-21 17:42:20.15	22131	11301	-85	-79	10	25.69	32.57	3.677
2015-08-21 17:59:39.206	22131	11301	-85	-77	10	24.88	32.78	3.676
2015-08-21 18:29:14.61	22131	11301	-88	-78	10	24.51	32.46	3.676
2015-08-21 18:39:27.958	22131	11301	-85	-77	10
2015-08-21 18:50:03.231	22131	11301	-88	-77	10	23.56	32.94	3.676
2015-08-21 19:18:36.526	22131	11301	-85	-76	10
2015-08-21 19:26:40.962	22131	11301	-85	-78	10	22.15	33.02	3.676
2015-08-21 19:59:31.723	22131	11301	-85	-76	10	20.7	33.03	3.674
2015-08-21 20:21:49.063	22131	11301	-85	-76	10	19.82	32.95	3.676
2015-08-21 21:05:31.398	22131	11301	-85	-77	10	18.39	32.86	3.673
2015-08-21 21:08:20.774	22131	11301	-85	-78	10
2015-08-21 22:03:53.566	22131	11301	-85	-77	10	17.29	32.62	3.671
2015-08-21 22:42:10.295	22131	11301	-85	-77	10	17.15	32.23	3.67
2015-08-21 22:53:23.086	22131	11301	-85	-77	10	17.43	32.02	3.67
2015-08-21 22:57:46.463	22131	11301	-85	-76	10
2015-08-21 23:25:42.438	22131	11301	-85	-77	10	17.38	32.25	3.67
2015-08-22 00:42:07.631	22131	11301	-85	-76	10	15.79	32.46	3.671
2015-08-22 00:47:19.802	22131	11301	-85	-76	10
2015-08-22 00:59:48.935	22131	11301	-85	-76	10	15.43	32.42	3.669
2015-08-22 01:52:38.03	22131	11301	-85	-76	10	14.52	32.31	3.666
2015-08-22 02:20:53.427	22131	11301	-85	-76	10	14.11	32.31	3.666
2015-08-22 02:36:58.554	22131	11301	-85	-76	10
2015-08-22 03:00:26.098	22131	11301	-85	-77	10	13.4	32.31	3.665
2015-08-22 03:39:56.595	22131	11301	-88	-76	10	13.24	32.09	3.666
2015-08-22 04:04:25.15	22131	11301	-85	-76	10	12.86	32.19	3.664
2015-08-22 04:26:27.306	22131	11301	-85	-76	10
2015-08-22 04:38:55.403	22131	11301	-85	-77	10	12.72	32.08	3.665
2015-08-22 04:53:50.25	22131	11301	-85	-77	10	12.64	32.04	3.665
2015-08-22 05:11:13.322	22131	11301	-85	-76	10
2015-08-22 05:29:25.083	22131	11301	-85	-76	10	12.35	32.15	3.664
2015-08-22 05:59:19.338	22131	11301	-85	-76	10	12.29	32.04	3.651
2015-08-22 05:59:21.918	22131	11301	-85	-76	10	12.29	32.04	3.651
2015-08-22 06:16:01.598	22131	11301	-85	-76	10
2015-08-22 06:42:04.591	22131	11301	-85	-76	10	11.96	32.08	3.663
2015-08-22 06:53:00.042	22131	11301	-85	-76	10	11.86	32.11	3.663
2015-08-22 07:25:10.631	22131	11301	-85	-76	10	12.54	31.69	3.664
2015-08-22 07:56:07.186	22131	11301	-85	-76	10	13.36	31.49	3.664
2015-08-22 08:05:35.315	22131	11301	-85	-76	10
2015-08-22 08:41:47.871	22131	11301	-85	-77	10
2015-08-22 09:10:04.99	22131	11301	-85	-77	10	17.0	30.91	3.665
2015-08-22 10:31:25.579	22131	11301	-88	-79	10	20.27	31.05	3.665
2015-08-22 11:08:37.678	22131	11301	-88	-77	10	23.24	30.17	3.669
2015-08-22 11:40:27.519	22131	11301	-88	-77	10	22.9	31.83	3.668
2015-08-22 11:44:44.011	22131	11301	-88	-78	10
2015-08-22 11:51:57.534	22131	11301	-88	-78	10	23.1	31.85	3.668
2015-08-22 12:12:22.758	22131	11301	-88	-79	10
2015-08-22 12:20:05.136	22131	11301	-85	-77	10	24.07	31.58	3.669
2015-08-22 12:58:39.27	22131	11301	-88	-78	10	24.97	31.73	3.669
2015-08-22 13:34:17.963	22131	11301	-85	-78	10
2015-08-22 13:37:58.215	22131	11301	-88	-77	10	25.76	31.87	3.671
2015-08-22 13:56:57.859	22131	11301	-85	-78	10	25.74	32.11	3.671
2015-08-22 14:34:54.498	22131	11301	-85	-77	10	26.36	32.2	3.673
2015-08-22 15:23:51.902	22131	11301	-85	-78	10
2015-08-22 15:25:43.542	22131	11301	-91	-77	10	26.97	32.18	3.673
2015-08-22 15:42:58.027	22131	11301	-85	-79	10
2015-08-22 16:01:29.587	22131	11301	-88	-78	10	26.41	32.91	3.674
2015-08-22 16:25:12.651	22131	11301	-85	-79	10	26.49	32.6	3.674
2015-08-22 17:04:39.795	22131	11301	-88	-78	10	25.91	32.87	3.673
2015-08-22 17:13:26.202	22131	11301	-88	-79	10
2015-08-22 17:41:08.003	22131	11301	-88	-79	10	25.65	32.74	3.673
2015-08-22 18:08:07.65	22131	11301	-85	-77	10	25.08	32.65	3.673
2015-08-22 18:27:56.147	22131	11301	-85	-77	10	24.22	33.07	3.674
2015-08-22 18:59:52.825	22131	11301	-85	-77	10	23.19	33.18	3.673
2015-08-22 19:03:00.851	22131	11301	-85	-77	10
2015-08-22 19:13:32.934	22131	11301	-85	-76	10
2015-08-22 19:35:02.846	22131	11301	-85	-77	10	21.71	33.36	3.671
2015-08-22 19:50:15.935	22131	11301	-85	-77	10	21.11	33.34	3.671
2015-08-22 20:24:37.666	22131	11301	-85	-77	10	19.6	33.35	3.67
2015-08-22 20:52:33.623	22131	11301	-85	-77	10
2015-08-22 20:54:21.406	22131	11301	-85	-77	10	18.88	33.11	3.67
2015-08-22 21:26:05.07	22131	11301	-85	-76	10	18.1	33.04	3.67
2015-08-22 22:07:54.098	22131	11301	-85	-77	10	17.1	32.92	3.669
2015-08-22 22:32:37.57	22131	11301	-85	-77	10	16.81	32.82	3.669
2015-08-22 22:42:08.01	22131	11301	-85	-76	10
2015-08-22 22:44:07.31	22131	11301	-85	-77	10
2015-08-22 22:50:38.222	22131	11301	-85	-77	10	16.57	32.8	3.666
2015-08-22 23:37:42.326	22131	11301	-85	-77	10	16.15	32.69	3.666
2015-08-23 00:05:44.83	22131	11301	-85	-76	10	15.97	32.68	3.666
2015-08-23 00:23:30.63	22131	11301	-85	-77	10	16.06	32.48	3.665
2015-08-23 00:31:42.066	22131	11301	-85	-77	10
2015-08-23 01:10:16.362	22131	11301	-85	-76	10	15.53	32.64	3.664
2015-08-23 01:32:45.878	22131	11301	-85	-76	10	15.29	32.62	3.664
2015-08-23 02:12:10.535	22131	11301	-85	-76	10	15.14	32.54	3.664
2015-08-23 02:14:42.827	22131	11301	-85	-76	10
2015-08-23 02:21:16.205	22131	11301	-88	-76	10
2015-08-23 02:22:13.139	22131	11301	-85	-77	10	15.07	32.53	3.663
2015-08-23 03:05:59.206	22131	11301	-85	-77	10	14.65	32.59	3.663
2015-08-23 03:42:17.046	22131	11301	-85	-76	10	14.24	32.59	3.664
2015-08-23 04:10:51.106	22131	11301	-85	-76	10
2015-08-23 04:11:19.01	22131	11301	-88	-76	10	14.02	32.54	3.663
2015-08-23 04:33:22.634	22131	11301	-88	-76	10	13.97	32.46	3.664
2015-08-23 05:01:56.971	22131	11301	-85	-77	10	13.82	32.48	3.663
2015-08-23 05:35:31.394	22131	11301	-85	-76	10	13.56	32.53	3.663
2015-08-23 05:45:17.591	22131	11301	-85	-77	10
2015-08-23 05:52:28.346	22131	11301	-85	-77	10	13.53	32.46	3.662
2015-08-23 06:00:24.727	22131	11301	-85	-77	10
2015-08-23 06:27:19.502	22131	11301	-85	-77	10	13.53	32.39	3.663
2015-08-23 07:11:36.111	22131	11301	-85	-76	10	13.47	32.45	3.66
2015-08-23 07:26:10.662	22131	11301	-85	-77	10	13.61	32.33	3.663
2015-08-23 07:49:59.07	22131	11301	-85	-77	10
2015-08-23 08:11:29.186	22131	11301	-85	-76	10	14.75	31.85	3.662
2015-08-23 08:20:55.63	22131	11301	-85	-76	10	15.02	31.84	3.662
2015-08-23 09:11:50.03	22131	11301	-85	-77	10	17.32	31.35	3.662
2015-08-23 09:15:53.246	22131	11301	-88	-77	10
2015-08-23 09:24:31.018	22131	11301	-85	-77	10	17.64	31.52	3.664
2015-08-23 09:39:33.358	22131	11301	-85	-77	10
2015-08-23 10:05:11.143	22131	11301	-88	-77	10	18.78	31.79	3.663
2015-08-23 10:27:23.142	22131	11301	-85	-78	10	20.04	31.52	3.664
2015-08-23 11:29:07.326	22131	11301	-85	-77	10
2015-08-23 11:31:48.967	22131	11301	-85	-78	10	23.15	31.29	3.665
2015-08-23 12:38:45.079	22131	11301	-88	-76	10	26.27	31.88	3.669
2015-08-23 12:46:29.186	22131	11301	-91	-76	10
2015-08-23 12:58:37.715	22131	11301	-88	-76	10	26.82	32.1	3.668
2015-08-23 13:18:42.007	22131	11301	-88	-78	10
2015-08-23 13:20:27.959	22131	11301	-88	-78	10	27.24	32.21	3.67
2015-08-23 13:55:49.403	22131	11301	-85	-79	10	27.97	32.48	3.67
2015-08-23 14:41:09.107	22131	11301	-88	-78	10	28.82	32.56	3.673
2015-08-23 14:55:29.09	22131	11301	-88	-76	10	29.02	32.57	3.673
2015-08-23 15:08:16.298	22131	11301	-88	-78	10
2015-08-23 16:17:03.39	22131	11301	-85	-79	10
2015-08-23 16:38:19.598	22131	11301	-88	-78	10	28.52	33.2	3.675
2015-08-23 17:41:38.062	22131	11301	-85	-78	10	28.04	33.26	3.676
2015-08-23 17:58:21.05	22131	11301	-85	-76	10	28.05	33.19	3.676
2015-08-23 18:35:30.119	22131	11301	-85	-77	10	26.35	33.89	3.674
2015-08-23 18:47:24.643	22131	11301	-85	-77	10
2015-08-23 19:32:44.875	22131	11301	-85	-77	10	24.36	33.92	3.675
2015-08-23 19:47:38.167	22131	11301	-88	-77	10
2015-08-23 20:07:18.962	22131	11301	-85	-77	10	23.11	34.01	3.673
2015-08-23 20:36:58.451	22131	11301	-85	-76	10
2015-08-23 20:39:20.343	22131	11301	-85	-76	10	22.24	33.86	3.671
2015-08-23 21:03:16.058	22131	11301	-85	-76	10	21.78	33.75	3.671
2015-08-23 21:24:33.402	22131	11301	-85	-77	10	21.44	33.65	3.673
2015-08-23 21:56:07.056	22131	11301	-85	-76	10	20.96	33.61	3.671
2015-08-23 22:26:32.978	22131	11301	-88	-76	10
2015-08-23 22:42:26.302	22131	11301	-85	-77	10	20.57	33.43	3.67
2015-08-23 23:03:02.058	22131	11301	-85	-76	10	20.32	33.48	3.671
2015-08-23 23:18:12.622	22131	11301	-85	-76	10
2015-08-23 23:31:24.322	22131	11301	-85	-77	10	19.93	33.48	3.666
2015-08-24 00:04:20.062	22131	11301	-85	-77	10	19.65	33.42	3.67
2015-08-24 00:16:07.043	22131	11301	-85	-76	10
2015-08-24 00:20:10.655	22131	11301	-85	-76	10	19.61	33.28	3.665
2015-08-24 00:51:21.258	22131	11301	-85	-76	10	19.33	33.43	3.67
2015-08-24 01:22:30.314	22131	11301	-85	-76	10	19.29	33.28	3.671
2015-08-24 02:05:32.678	22131	11301	-85	-77	10	19.22	33.31	3.67
2015-08-24 02:05:40.478	22131	11301	-85	-76	10
2015-08-24 02:34:41.262	22131	11301	-85	-77	10	19.25	33.25	3.668
2015-08-24 03:12:16.159	22131	11301	-85	-76	10	19.14	33.34	3.666
2015-08-24 03:40:23.731	22131	11301	-85	-76	10	19.31	33.22	3.668
2015-08-24 03:54:13.142	22131	11301	-85	-76	10	19.46	33.13	3.668
2015-08-24 03:55:14.77	22131	11301	-85	-76	10
2015-08-24 04:54:53.182	22131	11301	-88	-77	10	19.43	33.26	3.668
2015-08-24 05:25:29.394	22131	11301	-85	-77	10	18.95	33.46	3.665
2015-08-24 05:44:48.963	22131	11301	-85	-76	10
2015-08-24 05:59:27.594	22131	11301	-88	-76	10	18.72	33.4	3.665
2015-08-24 06:19:22.858	22131	11301	-88	-76	10
2015-08-24 06:41:13.831	22131	11301	-85	-77	10	19.14	33.1	3.646
2015-08-24 06:59:29.618	22131	11301	-85	-77	10	19.32	33.08	3.665
2015-08-24 07:20:34.394	22131	11301	-88	-76	10	19.39	33.19	3.665
2015-08-24 07:34:23.194	22131	11301	-88	-78	10
2015-08-24 08:03:41.782	22131	11301	-85	-77	10	19.77	33.16	3.665
2015-08-24 08:26:38.211	22131	11301	-88	-78	10	19.63	33.35	3.665
2015-08-24 08:50:25.694	22131	11301	-85	-78	10	20.0	33.11	3.665
2015-08-24 09:22:24.61	22131	11301	-88	-79	10	20.85	32.84	3.664
2015-08-24 09:23:57.891	22131	11301	-85	-78	10
2015-08-24 09:49:59.33	22131	11301	-88	-77	10
2015-08-24 09:58:39.115	22131	11301	-88	-80	10	21.61	32.77	3.664
2015-08-24 10:22:26.347	22131	11301	-88	-78	10	22.06	32.77	3.668
2015-08-24 10:59:42.055	22131	11301	-91	-79	10	23.36	32.29	3.668
2015-08-24 11:13:32.486	22131	11301	-88	-79	10
2015-08-24 11:29:10.003	22131	11301	-85	-78	10	24.47	32.46	3.666
2015-08-24 11:54:40.27	22131	11301	-88	-79	10	24.88	32.71	3.668
2015-08-24 12:33:09.526	22131	11301	-91	-80	10	25.61	32.77	3.666
2015-08-24 13:03:05.839	22131	11301	-88	-79	10
2015-08-24 13:11:36.391	22131	11301	-85	-79	10	25.96	33.01	3.668
2015-08-24 13:20:35.454	22131	11301	-91	-78	10
2015-08-24 13:37:16.646	22131	11301	-88	-80	10	26.47	32.91	3.668
2015-08-24 13:51:54.534	22131	11301	-85	-80	10	26.69	32.9	3.669
2015-08-24 14:39:18.858	22131	11301	-88	-79	10	26.88	33.16	3.669
2015-08-24 14:51:43.258	22131	11301	-88	-76	10	27.27	32.99	3.67
2015-08-24 14:52:39.707	22131	11301	-85	-79	10
2015-08-24 15:31:33.938	22131	11301	-85	-78	10	27.88	32.47	3.671
2015-08-24 16:05:35.79	22131	11301	-91	-78	10	26.83	33.58	3.673
2015-08-24 16:34:17.522	22131	11301	-88	-80	10	26.11	33.65	3.67
2015-08-24 16:42:13.882	22131	11301	-88	-76	10
2015-08-24 16:51:21.69	22131	11301	-85	-76	10
2015-08-24 16:57:59.869	22131	11301	-88	-76	10	26.1	33.44	3.67
2015-08-24 17:42:01.698	22131	11301	-85	-77	10	25.3	33.83	3.673
2015-08-24 18:06:32.086	22131	11301	-85	-77	10	24.74	33.88	3.67
2015-08-24 18:31:49.35	22131	11301	-85	-79	10
2015-08-24 18:36:49.046	22131	11301	-88	-76	10	24.02	34.09	3.671
2015-08-24 19:08:05.115	22131	11301	-85	-79	10	23.68	33.85	3.673
2015-08-24 19:30:40.964	22131	11301	-85	-77	10	23.34	33.89	3.671
2015-08-24 19:58:58.85	22131	11301	-85	-77	10	22.7	33.97	3.67
2015-08-24 20:20:04.422	22131	11301	-85	-78	10	22.13	34.03	3.671
2015-08-24 20:21:23.023	22131	11301	-85	-77	10
2015-08-24 20:21:42.935	22131	11301	-88	-77	10
2015-08-24 20:50:55.73	22131	11301	-88	-77	10	21.07	34.1	3.669
2015-08-24 22:03:21.194	22131	11301	-85	-77	10	20.9	33.74	3.668
2015-08-24 22:10:57.263	22131	11301	-85	-77	10
2015-08-24 22:39:01.487	22131	11301	-85	-77	10	20.32	33.83	3.669
2015-08-24 22:50:15.327	22131	11301	-85	-78	10	20.14	33.81	3.669
2015-08-24 23:40:33.491	22131	11301	-88	-77	10	18.57	33.87	3.669
2015-08-24 23:52:18.406	22131	11301	-85	-77	10
2015-08-24 23:54:17.082	22131	11301	-85	-76	10	18.02	33.92	3.668
2015-08-25 00:00:30.146	22131	11301	-85	-77	10
2015-08-25 00:22:59.923	22131	11301	-85	-76	10	17.21	33.81	3.668
2015-08-25 00:59:37.178	22131	11301	-85	-77	10	16.32	33.66	3.666
2015-08-25 01:36:58.127	22131	11301	-85	-77	10	15.63	33.53	3.666
2015-08-25 01:50:05.102	22131	11301	-85	-77	10
2015-08-25 02:06:20.406	22131	11301	-85	-77	10	15.14	33.46	3.664
2015-08-25 02:31:22.222	22131	11301	-85	-77	10	14.77	33.39	3.664
2015-08-25 03:04:17.534	22131	11301	-85	-77	10	14.43	33.29	3.662
2015-08-25 03:22:54.159	22131	11301	-85	-77	10
2015-08-25 03:33:15.343	22131	11301	-85	-77	10	14.07	33.29	3.663
2015-08-25 03:39:39.818	22131	11301	-85	-77	10
2015-08-25 03:50:34.279	22131	11301	-88	-77	10	13.89	33.24	3.663
2015-08-25 04:36:55.694	22131	11301	-85	-78	10	13.7	33.12	3.665
2015-08-25 05:03:56.535	22131	11301	-88	-78	10	13.57	33.07	3.663
2015-08-25 05:29:13.322	22131	11301	-88	-77	10
2015-08-25 05:29:31.675	22131	11301	-85	-77	10	13.52	33.1	3.662
2015-08-25 06:02:52.962	22131	11301	-85	-77	10	13.36	33.05	3.66
2015-08-25 06:39:04.803	22131	11301	-85	-77	10	13.18	33.04	3.662
2015-08-25 06:53:29.343	22131	11301	-85	-76	10
2015-08-25 07:01:30.743	22131	11301	-85	-77	10	13.1	33.03	3.662
2015-08-25 07:18:46.923	22131	11301	-85	-78	10
2015-08-25 07:24:35.447	22131	11301	-85	-77	10	13.08	33.06	3.662
2015-08-25 08:02:37.179	22131	11301	-85	-77	10	14.39	32.43	3.662
2015-08-25 08:31:26.082	22131	11301	-85	-77	10	15.39	32.42	3.662
2015-08-25 09:00:55.13	22131	11301	-85	-77	10	16.52	32.31	3.662
2015-08-25 09:08:21.323	22131	11301	-88	-77	10
2015-08-25 09:40:05.314	22131	11301	-85	-78	10	18.15	32.32	3.663
2015-08-25 09:57:17.243	22131	11301	-85	-77	10	18.97	32.32	3.662
2015-08-25 10:24:03.511	22131	11301	-85	-78	10
2015-08-25 10:34:57.819	22131	11301	-88	-77	10	20.54	32.36	3.663
2015-08-25 10:52:58.415	22131	11301	-88	-75	10	22.1	31.62	3.663
2015-08-25 10:57:56.079	22131	11301	-88	-78	10
2015-08-25 11:36:50.763	22131	11301	-88	-77	10	22.06	33.47	3.663
2015-08-25 12:02:44.007	22131	11301	-88	-79	10	21.33	33.71	3.664
2015-08-25 12:38:48.079	22131	11301	-85	-77	10	21.36	33.2	3.663
2015-08-25 12:47:29.359	22131	11301	-88	-77	10
2015-08-25 12:59:21.487	22131	11301	-85	-77	10	21.06	33.37	3.664
2015-08-25 13:27:36.547	22131	11301	-88	-77	10	21.47	32.82	3.664
2015-08-25 13:54:38.606	22131	11301	-88	-78	10
2015-08-25 14:00:35.235	22131	11301	-85	-78	10	22.01	32.73	3.664
2015-08-25 14:31:21.602	22131	11301	-88	-77	10	21.79	33.44	3.665
2015-08-25 14:37:04.027	22131	11301	-85	-77	10
2015-08-25 15:02:29.355	22131	11301	-88	-78	10	21.56	33.45	3.664
2015-08-25 15:26:47.45	22131	11301	-85	-79	10	21.52	33.31	3.663
2015-08-25 15:53:30.131	22131	11301	-85	-76	10	21.51	33.24	3.663
2015-08-25 16:20:38.099	22131	11301	-85	-77	10	21.24	33.43	3.665
2015-08-25 16:26:40.114	22131	11301	-88	-78	10
2015-08-25 16:55:11.854	22131	11301	-85	-77	10	20.92	33.54	3.663
2015-08-25 17:25:13.818	22131	11301	-88	-79	10
2015-08-25 17:37:20.091	22131	11301	-88	-77	10	19.97	33.83	3.664
2015-08-25 18:03:59.439	22131	11301	-88	-77	10	19.52	33.79	3.664
2015-08-25 18:16:15.127	22131	11301	-85	-80	10
2015-08-25 18:27:07.271	22131	11301	-88	-79	10	19.13	33.79	3.664
2015-08-25 18:51:09.043	22131	11301	-85	-78	10	18.81	33.79	3.663
2015-08-25 19:22:53.31	22131	11301	-85	-77	10	18.39	33.79	3.664
2015-08-25 20:01:28.323	22131	11301	-88	-79	10	17.86	33.81	3.666
2015-08-25 20:05:46.282	22131	11301	-85	-77	10
2015-08-25 20:26:54.554	22131	11301	-85	-76	10	17.46	33.77	3.663
2015-08-25 20:55:48.218	22131	11301	-85	-77	10
2015-08-25 21:09:50.978	22131	11301	-88	-76	10	16.93	33.72	3.662
2015-08-25 21:23:15.267	22131	11301	-85	-77	10	17.1	33.53	3.663
2015-08-25 21:50:33.423	22131	11301	-85	-77	10	17.25	33.48	3.662
2015-08-25 21:55:20.623	22131	11301	-85	-76	10
2015-08-25 22:37:30.067	22131	11301	-85	-76	10	16.88	33.65	3.662
2015-08-25 23:08:56.23	22131	11301	-85	-77	10	16.72	33.57	3.662
2015-08-25 23:38:23.054	22131	11301	-85	-77	10	16.67	33.53	3.659
2015-08-25 23:44:54.962	22131	11301	-85	-77	10
2015-08-26 00:03:26.334	22131	11301	-85	-76	10	16.64	33.52	3.66
2015-08-26 00:26:24.274	22131	11301	-85	-76	10
2015-08-26 00:28:42.483	22131	11301	-85	-76	10	16.49	33.54	3.66
2015-08-26 01:09:10.038	22131	11301	-85	-77	10	16.04	33.57	3.658
2015-08-26 01:34:28.258	22131	11301	-85	-77	10
2015-08-26 01:36:51.259	22131	11301	-85	-77	10	15.67	33.61	3.66
2015-08-26 02:02:48.891	22131	11301	-85	-77	10	14.65	33.85	3.659
2015-08-26 02:23:39.911	22131	11301	-85	-76	10	14.07	33.87	3.658
2015-08-26 03:09:33.442	22131	11301	-85	-76	10	13.24	33.52	3.658
2015-08-26 03:24:03.03	22131	11301	-85	-76	10
2015-08-26 03:36:33.438	22131	11301	-85	-76	10	12.85	33.48	3.657
2015-08-26 03:56:58.99	22131	11301	-85	-76	10
2015-08-26 04:06:04.022	22131	11301	-85	-76	10	12.75	33.34	3.659
2015-08-26 04:20:13.258	22131	11301	-85	-76	10	12.61	33.29	3.658
2015-08-26 05:11:28.294	22131	11301	-85	-76	10	12.14	33.28	3.656
2015-08-26 05:13:37.79	22131	11301	-85	-76	10
2015-08-26 05:28:28.178	22131	11301	-85	-76	10	12.04	33.27	3.657
2015-08-26 05:52:24.494	22131	11301	-85	-76	10	11.96	33.26	3.657
2015-08-26 06:37:05.338	22131	11301	-85	-76	10	11.82	33.15	3.656
2015-08-26 07:03:12.978	22131	11301	-82	-76	10
2015-08-26 07:12:11.746	22131	11301	-85	-76	10	11.96	33.13	3.654
2015-08-26 07:19:58.239	22131	11301	-85	-76	10	12.29	33.02	3.654
2015-08-26 07:27:35.299	22131	11301	-85	-75	10
2015-08-26 07:27:37.383	22131	11301	-85	-75	10
2015-08-26 08:05:33.707	22131	11301	-85	-78	10	13.97	32.57	3.656
2015-08-26 08:26:05.002	22131	11301	-85	-76	10	14.57	32.59	3.656
2015-08-26 08:52:16.678	22131	11301	-85	-78	10	15.36	32.52	3.657
2015-08-26 08:52:46.582	22131	11301	-85	-76	10
2015-08-26 09:39:04.358	22131	11301	-85	-77	10	16.72	32.61	3.657
2015-08-26 10:11:57.291	22131	11301	-85	-76	10	18.25	32.23	3.656
2015-08-26 10:30:03.011	22131	11301	-88	-77	10	18.97	32.46	3.656
2015-08-26 10:42:20.642	22131	11301	-85	-77	10
2015-08-26 10:58:09.379	22131	11301	-85	-76	10
2015-08-26 11:03:34.094	22131	11301	-85	-77	10	20.61	31.84	3.658
2015-08-26 11:22:13.255	22131	11301	-85	-79	10	21.47	31.85	3.658
2015-08-26 11:57:59.218	22131	11301	-85	-76	10	19.43	33.81	3.659
2015-08-26 12:31:54.299	22131	11301	-85	-78	10
2015-08-26 12:36:14.215	22131	11301	-85	-77	10	20.22	32.92	3.658
2015-08-26 12:59:48.975	22131	11301	-85	-76	10	20.28	33.2	3.659
2015-08-26 13:21:48.423	22131	11301	-85	-78	10	20.77	33.04	3.658
2015-08-26 14:10:21.623	22131	11301	-85	-81	10	20.96	33.64	3.659
2015-08-26 14:21:28.552	22131	11301	-88	-78	10
2015-08-26 14:28:46.039	22131	11301	-85	-78	10
2015-08-26 14:42:16.81	22131	11301	-85	-76	10	21.24	33.39	3.662
2015-08-26 14:58:44.654	22131	11301	-85	-77	10	21.2	33.42	3.66
2015-08-26 15:41:47.011	22131	11301	-88	-77	10	21.4	33.23	3.662
2015-08-26 16:01:17.826	22131	11301	-85	-80	10	21.15	33.56	3.662
2015-08-26 16:11:02.654	22131	11301	-85	-77	10
2015-08-26 16:34:29.631	22131	11301	-85	-77	10	21.22	33.39	3.66
2015-08-26 16:50:06.262	22131	11301	-85	-78	10	21.21	33.49	3.662
2015-08-26 17:27:47.524	22131	11301	-85	-77	10	20.72	33.79	3.66
2015-08-26 17:59:19.551	22131	11301	-85	-78	10
2015-08-26 18:00:38.178	22131	11301	-85	-77	10
2015-08-26 18:00:59.743	22131	11301	-88	-78	10	20.21	33.95	3.662
2015-08-26 18:21:10.103	22131	11301	-85	-79	10	19.82	34.05	3.659
2015-08-26 18:58:45.27	22131	11301	-85	-77	10	19.14	34.06	3.66
2015-08-26 19:21:55.435	22131	11301	-85	-76	10	18.68	34.16	3.66
2015-08-26 19:50:10.291	22131	11301	-85	-78	10
2015-08-26 19:53:46.53	22131	11301	-88	-76	10	18.33	34.06	3.66
2015-08-26 20:20:05.022	22131	11301	-85	-77	10	18.03	34.06	3.659
2015-08-26 20:59:14.939	22131	11301	-85	-78	10	17.4	34.14	3.659
2015-08-26 21:21:37.31	22131	11301	-85	-77	10	17.07	34.08	3.66
2015-08-26 21:29:54.102	22131	11301	-85	-77	10
2015-08-26 21:39:45.339	22131	11301	-85	-77	10
2015-08-26 21:56:29.686	22131	11301	-88	-77	10	16.4	34.12	3.659
2015-08-26 22:31:33.411	22131	11301	-85	-77	10	15.97	33.97	3.658
2015-08-26 23:06:48.903	22131	11301	-85	-77	10	15.86	33.86	3.657
2015-08-26 23:25:43.471	22131	11301	-85	-77	10	16.0	33.74	3.658
2015-08-26 23:29:19.242	22131	11301	-85	-77	10
2015-08-27 00:01:27.599	22131	11301	-85	-77	10	15.79	33.86	3.658
2015-08-27 00:20:49.054	22131	11301	-85	-76	10	15.74	33.82	3.657
2015-08-27 00:57:41.086	22131	11301	-88	-77	10	15.65	33.81	3.657
2015-08-27 01:00:30.467	22131	11301	-85	-76	10
2015-08-27 01:18:54.227	22131	11301	-85	-77	10
2015-08-27 01:19:03.107	22131	11301	-85	-77	10
2015-08-27 01:19:06.971	22131	11301	-85	-77	10
2015-08-27 01:21:45.571	22131	11301	-85	-77	10	15.54	33.87	3.657
2015-08-27 02:12:25.03	22131	11301	-85	-77	10	15.25	33.84	3.656
2015-08-27 02:24:19.259	22131	11301	-85	-78	10	15.24	33.84	3.656
2015-08-27 03:08:27.611	22131	11301	-85	-78	10
2015-08-27 03:09:08.151	22131	11301	-85	-77	10	15.13	33.79	3.657
2015-08-27 03:26:50.531	22131	11301	-88	-77	10	15.11	33.79	3.657
2015-08-27 03:55:28.435	22131	11301	-85	-77	10	15.18	33.76	3.656
2015-08-27 04:23:00.85	22131	11301	-85	-78	10	15.31	33.71	3.656
2015-08-27 04:31:04.911	22131	11301	-85	-77	10
2015-08-27 04:50:45.691	22131	11301	-85	-77	10	15.29	33.78	3.656
2015-08-27 04:58:01.778	22131	11301	-85	-77	10
2015-08-27 05:26:44.563	22131	11301	-85	-77	10	15.07	33.82	3.656
2015-08-27 06:10:30.822	22131	11301	-85	-77	10	14.96	33.85	3.656
2015-08-27 06:37:58.815	22131	11301	-85	-77	10	14.9	33.88	3.654
2015-08-27 06:47:37.154	22131	11301	-85	-76	10
2015-08-27 07:03:10.246	22131	11301	-85	-76	10	14.86	33.84	3.654
2015-08-27 07:42:13.923	22131	11301	-85	-78	10	15.27	33.64	3.656
2015-08-27 07:53:59.234	22131	11301	-85	-77	10	15.43	33.58	3.654
2015-08-27 08:01:40.371	22131	11301	-85	-78	10
2015-08-27 08:22:03.678	22131	11301	-85	-76	10	16.14	33.34	3.656
2015-08-27 08:37:12.279	22131	11301	-85	-77	10
2015-08-27 08:54:20.026	22131	11301	-85	-78	10	16.92	33.24	3.656
2015-08-27 09:28:10.355	22131	11301	-85	-76	10	17.61	33.31	3.654
2015-08-27 09:57:22.67	22131	11301	-88	-78	10	19.42	32.5	3.657
2015-08-27 10:26:44.03	22131	11301	-85	-76	10
2015-08-27 10:32:59.082	22131	11301	-85	-76	10	19.33	33.39	3.656
2015-08-27 11:09:32.659	22131	11301	-85	-76	10	20.04	33.46	3.657
2015-08-27 11:25:59.91	22131	11301	-85	-79	10	20.65	33.17	3.656
2015-08-27 11:32:14.262	22131	11301	-88	-77	10
2015-08-27 12:02:33.419	22131	11301	-88	-78	10	20.22	33.82	3.658
2015-08-27 12:16:17.526	22131	11301	-88	-78	10
2015-08-27 12:41:51.43	22131	11301	-88	-80	10	20.65	33.72	3.657
2015-08-27 12:50:03.614	22131	11301	-85	-78	10	20.92	33.6	3.658
2015-08-27 13:26:17.926	22131	11301	-88	-77	10	21.58	33.46	3.662
2015-08-27 14:04:18.418	22131	11301	-85	-77	10	21.75	33.51	3.659
2015-08-27 14:05:52.342	22131	11301	-88	-78	10
2015-08-27 14:28:05.978	22131	11301	-85	-78	10	20.82	34.28	3.658
2015-08-27 15:02:49.383	22131	11301	-85	-78	10
2015-08-27 15:10:41.554	22131	11301	-88	-79	10	20.22	34.13	3.66
2015-08-27 15:33:28.347	22131	11301	-85	-79	10	21.26	33.39	3.658
2015-08-27 15:55:26.102	22131	11301	-88	-77	10
2015-08-27 15:58:07.23	22131	11301	-88	-79	10	21.32	33.74	3.66
2015-08-27 16:25:14.498	22131	11301	-88	-78	10	21.58	33.77	3.66
2015-08-27 17:07:56.174	22131	11301	-85	-79	10	22.08	33.78	3.659
2015-08-27 17:35:17.223	22131	11301	-85	-76	10	22.1	34.06	3.662
2015-08-27 17:45:00.878	22131	11301	-88	-77	10
2015-08-27 18:07:41.438	22131	11301	-88	-79	10	22.26	34.21	3.66
2015-08-27 18:29:52.591	22131	11301	-88	-78	10	21.51	34.59	3.662
2015-08-27 18:33:24.219	22131	11301	-88	-79	10
2015-08-27 18:52:30.319	22131	11301	-85	-78	10	20.83	34.77	3.66
2015-08-27 19:34:34.011	22131	11301	-85	-77	10
2015-08-27 19:35:45.443	22131	11301	-85	-77	10	19.65	34.73	3.662
2015-08-27 19:58:08.339	22131	11301	-85	-77	10	18.97	34.76	3.658
2015-08-27 20:27:32.867	22131	11301	-85	-76	10	18.43	34.61	3.66
2015-08-27 20:56:34.642	22131	11301	-85	-77	10	18.07	34.51	3.659
2015-08-27 21:24:08.77	22131	11301	-85	-76	10
2015-08-27 21:31:19.67	22131	11301	-88	-77	10	17.56	34.53	3.658
2015-08-27 21:54:39.942	22131	11301	-85	-77	10	17.03	34.58	3.658
2015-08-27 22:03:59.058	22131	11301	-85	-77	10
2015-08-27 22:31:44.158	22131	11301	-85	-76	10	16.06	34.66	3.656
2015-08-27 23:01:28.958	22131	11301	-85	-77	10	15.56	34.55	3.658
2015-08-27 23:13:43.302	22131	11301	-85	-76	10
2015-08-27 23:42:09.886	22131	11301	-85	-77	10	15.04	34.4	3.657
2015-08-27 23:59:07.298	22131	11301	-85	-77	10	14.82	34.41	3.66
2015-08-28 00:21:10.362	22131	11301	-85	-77	10	14.68	34.33	3.656
2015-08-28 01:03:17.338	22131	11301	-85	-77	10
2015-08-28 01:07:39.862	22131	11301	-85	-77	10	14.46	34.21	3.656
2015-08-28 01:34:35.534	22131	11301	-85	-76	10
2015-08-28 01:40:08.014	22131	11301	-85	-76	10	14.33	34.23	3.657
2015-08-28 01:51:18.667	22131	11301	-88	-77	10	14.32	34.19	3.656
2015-08-28 02:34:49.154	22131	11301	-85	-77	10	13.97	34.26	3.654
2015-08-28 02:52:51.522	22131	11301	-85	-76	10
2015-08-28 02:53:34.647	22131	11301	-85	-77	10	13.75	34.24	3.656
2015-08-28 03:21:23.055	22131	11301	-88	-77	10	13.56	34.22	3.657
2015-08-28 04:04:24.742	22131	11301	-85	-76	10	13.42	34.11	3.653
2015-08-28 04:36:12.674	22131	11301	-85	-76	10	13.32	34.1	3.654
2015-08-28 04:42:24.914	22131	11301	-85	-76	10
2015-08-28 04:54:18.75	22131	11301	-85	-76	10	13.32	34.07	3.654
2015-08-28 05:05:09.582	22131	11301	-85	-76	10
2015-08-28 05:40:27.231	22131	11301	-85	-76	10	12.96	34.17	3.653
2015-08-28 06:02:48.126	22131	11301	-85	-76	10	12.85	34.09	3.652
2015-08-28 06:21:22.57	22131	11301	-85	-76	10	12.78	34.08	3.652
2015-08-28 06:31:59.298	22131	11301	-85	-76	10
2015-08-28 06:52:01.19	22131	11301	-85	-76	10	12.65	34.1	3.653
2015-08-28 07:36:20.674	22131	11301	-85	-76	10	12.85	33.92	3.652
2015-08-28 08:00:51.618	22131	11301	-88	-76	10	13.28	33.72	3.652
2015-08-28 08:21:34.418	22131	11301	-85	-76	10
2015-08-28 08:24:36.011	22131	11301	-85	-76	10	13.9	33.51	3.652
2015-08-28 08:35:45.411	22131	11301	-85	-76	10
2015-08-28 09:12:22.274	22131	11301	-85	-77	10	16.47	32.79	3.652
2015-08-28 09:20:16.146	22131	11301	-85	-77	10	16.88	32.79	3.654
2015-08-28 10:07:13.514	22131	11301	-85	-78	10	20.47	32.08	3.654
2015-08-28 10:11:09.079	22131	11301	-85	-78	10
2015-08-28 10:28:28.298	22131	11301	-88	-77	10	21.03	32.92	3.656
2015-08-28 11:07:46.73	22131	11301	-88	-77	10	23.6	32.31	3.657
2015-08-28 11:25:20.475	22131	11301	-85	-77	10	23.54	33.22	3.658
2015-08-28 11:52:27.694	22131	11301	-88	-78	10	24.38	33.43	3.659
2015-08-28 12:00:42.21	22131	11301	-85	-79	10
2015-08-28 12:06:19.627	22131	11301	-85	-78	10
2015-08-28 12:39:16.631	22131	11301	-88	-78	10	26.27	33.0	3.659
2015-08-28 13:05:51.202	22131	11301	-88	-80	10	25.47	34.44	3.66
2015-08-28 13:40:16.81	22131	11301	-88	-78	10	24.26	34.81	3.662
2015-08-28 13:50:17.378	22131	11301	-88	-78	10
2015-08-28 14:06:29.683	22131	11301	-88	-79	10	25.04	34.4	3.662
2015-08-28 14:21:15.063	22131	11301	-88	-79	10	24.94	34.59	3.663
2015-08-28 14:57:43.486	22131	11301	-88	-78	10	24.96	34.74	3.663
2015-08-28 15:35:10.019	22131	11301	-88	-77	10	25.11	34.33	3.663
2015-08-28 15:36:54.114	22131	11301	-85	-79	10
2015-08-28 15:39:50.191	22131	11301	-85	-78	10
2015-08-28 16:01:45.318	22131	11301	-85	-79	10	26.85	33.48	3.666
2015-08-28 16:22:23.363	22131	11301	-88	-77	10	26.82	34.07	3.665
2015-08-28 16:59:01.471	22131	11301	-88	-78	10	26.19	34.85	3.665
2015-08-28 17:29:24.847	22131	11301	-88	-78	10
2015-08-28 17:35:25.202	22131	11301	-88	-78	10	25.69	34.87	3.664
2015-08-28 17:57:30.994	22131	11301	-85	-78	10	25.52	34.79	3.666
2015-08-28 18:28:58.763	22131	11301	-85	-77	10	24.46	35.24	3.665
2015-08-28 19:01:36.963	22131	11301	-85	-77	10	23.25	35.34	3.664
2015-08-28 19:07:30.279	22131	11301	-88	-77	10
2015-08-28 19:18:58.946	22131	11301	-85	-76	10
2015-08-28 19:32:25.194	22131	11301	-85	-75	10	21.89	35.52	3.665
2015-08-28 19:58:20.078	22131	11301	-85	-77	10	20.74	35.51	3.663
2015-08-28 20:37:00.471	22131	11301	-85	-78	10	19.52	35.43	3.662
2015-08-28 21:08:33.339	22131	11301	-85	-77	10
2015-08-28 21:09:14.643	22131	11301	-88	-77	10	18.54	35.34	3.66
2015-08-28 21:32:14.466	22131	11301	-85	-77	10	18.1	35.19	3.662
2015-08-28 22:05:29.318	22131	11301	-88	-77	10	17.61	35.01	3.662
2015-08-28 22:36:30.298	22131	11301	-88	-77	10	17.17	34.9	3.662
2015-08-28 22:38:05.434	22131	11301	-85	-77	10
2015-08-28 22:58:06.898	22131	11301	-85	-77	10
2015-08-28 23:03:17.33	22131	11301	-88	-77	10	16.92	34.88	3.66
2015-08-28 23:22:12.995	22131	11301	-85	-77	10	16.65	34.92	3.66
2015-08-29 00:12:20.151	22131	11301	-88	-76	10	16.07	34.8	3.662
2015-08-29 00:36:27.794	22131	11301	-85	-77	10	15.79	34.77	3.658
2015-08-29 00:47:42.154	22131	11301	-85	-76	10
2015-08-29 01:04:29.439	22131	11301	-85	-77	10	15.5	34.71	3.66
2015-08-29 01:23:36.382	22131	11301	-85	-77	10	15.32	34.66	3.659
2015-08-29 02:08:39.906	22131	11301	-85	-77	10
2015-08-29 02:08:48.754	22131	11301	-85	-77	10	14.72	34.74	3.658
2015-08-29 02:22:37.367	22131	11301	-85	-77	10	14.54	34.72	3.659
2015-08-29 02:37:17.402	22131	11301	-85	-76	10
2015-08-29 02:50:55.138	22131	11301	-85	-76	10	14.24	34.66	3.658
2015-08-29 03:32:14.158	22131	11301	-85	-77	10	13.89	34.59	3.659
2015-08-29 04:04:04.071	22131	11301	-88	-78	10	13.72	34.57	3.658
2015-08-29 04:26:49.711	22131	11301	-85	-77	10
2015-08-29 04:38:24.306	22131	11301	-85	-76	10	13.52	34.52	3.657
2015-08-29 05:01:04.742	22131	11301	-85	-77	10	13.36	34.51	3.657
2015-08-29 05:39:15.422	22131	11301	-85	-77	10
2015-08-29 05:40:25.686	22131	11301	-88	-76	10	13.2	34.46	3.657
2015-08-29 06:08:21.054	22131	11301	-85	-77	10	12.93	34.5	3.656
2015-08-29 06:16:24.766	22131	11301	-85	-77	10
2015-08-29 06:25:26.686	22131	11301	-85	-77	10	12.82	34.49	3.656
2015-08-29 06:52:44.43	22131	11301	-85	-77	10	12.74	34.48	3.656
2015-08-29 07:40:10.338	22131	11301	-85	-76	10	13.25	34.13	3.654
2015-08-29 07:54:09.442	22131	11301	-85	-76	10	13.47	34.08	3.654
2015-08-29 08:05:58.263	22131	11301	-85	-77	10
2015-08-29 08:28:27.63	22131	11301	-85	-76	10	14.46	33.8	3.654
2015-08-29 09:00:21.351	22131	11301	-85	-77	10	16.1	33.34	3.654
2015-08-29 09:09:50.287	22131	11301	-85	-77	10
2015-08-29 09:24:47.358	22131	11301	-85	-76	10	17.52	33.19	3.656
2015-08-29 09:50:20.262	22131	11301	-88	-78	10	19.39	32.92	3.657
2015-08-29 09:55:32.65	22131	11301	-85	-76	10
2015-08-29 10:30:20.091	22131	11301	-85	-78	10	22.18	32.99	3.662
2015-08-29 10:50:29.898	22131	11301	-88	-78	10	23.76	32.89	3.657
2015-08-29 11:30:35.414	22131	11301	-91	-76	10	25.86	33.46	3.66
2015-08-29 11:45:06.707	22131	11301	-88	-78	10
2015-08-29 11:52:20.147	22131	11301	-88	-76	10	26.74	33.64	3.662
2015-08-29 12:27:59.7	22131	11301	-88	-78	10	27.69	34.04	3.664
2015-08-29 12:40:25.598	22131	11301	-88	-78	10
2015-08-29 13:00:33.83	22131	11301	-85	-77	10	28.77	34.28	3.665
2015-08-29 13:34:43.066	22131	11301	-88	-81	10
2015-08-29 13:36:50.684	22131	11301	-88	-79	10	28.71	34.94	3.666
2015-08-29 13:58:29.682	22131	11301	-88	-79	10	28.33	35.47	3.666
2015-08-29 14:26:48.862	22131	11301	-88	-79	10	28.8	35.02	3.668
2015-08-29 15:08:42.814	22131	11301	-85	-81	10	28.91	35.45	3.668
2015-08-29 15:24:14.618	22131	11301	-85	-79	10
2015-08-29 15:38:37.958	22131	11301	-88	-79	10	27.99	35.78	3.668
2015-08-29 16:00:58.695	22131	11301	-88	-79	10	28.97	34.83	3.67
2015-08-29 16:11:00.606	22131	11301	-88	-80	10
2015-08-29 16:28:59.39	22131	11301	-88	-78	10	28.38	35.44	3.671
2015-08-29 17:00:09.154	22131	11301	-85	-79	10	27.68	35.75	3.67
2015-08-29 17:13:48.863	22131	11301	-85	-79	10
2015-08-29 17:39:38.778	22131	11301	-88	-79	10	28.47	34.99	3.67
2015-08-29 18:02:39.707	22131	11301	-91	-79	10	27.94	35.57	3.671
2015-08-29 18:24:06.123	22131	11301	-88	-79	10	27.58	35.61	3.671
2015-08-29 18:59:51.098	22131	11301	-85	-77	10	25.91	36.21	3.67
2015-08-29 19:03:24.567	22131	11301	-88	-78	10
2015-08-29 19:24:59.37	22131	11301	-85	-78	10	24.86	36.21	3.67
2015-08-29 19:41:34.583	22131	11301	-85	-77	10
2015-08-29 19:51:46.611	22131	11301	-85	-78	10	23.74	36.21	3.669
2015-08-29 20:29:36.094	22131	11301	-88	-77	10	22.54	36.03	3.668
2015-08-29 20:52:56.859	22131	11301	-88	-77	10
2015-08-29 21:03:52.811	22131	11301	-88	-77	10	22.04	35.77	3.67
2015-08-29 21:20:50.131	22131	11301	-85	-77	10	22.15	35.51	3.668
2015-08-29 22:07:18.811	22131	11301	-85	-77	10	22.0	35.46	3.669
2015-08-29 22:37:49.318	22131	11301	-88	-78	10	21.54	35.66	3.668
2015-08-29 22:42:32.126	22131	11301	-85	-77	10
2015-08-29 22:52:38.396	22131	11301	-85	-78	10	21.18	35.79	3.668
2015-08-29 23:12:09.943	22131	11301	-88	-78	10
2015-08-29 23:24:22.103	22131	11301	-85	-77	10	20.79	35.59	3.666
2015-08-29 23:55:13.551	22131	11301	-85	-77	10	20.63	35.5	3.666
2015-08-30 00:32:05.67	22131	11301	-85	-77	10
2015-08-30 00:32:29.314	22131	11301	-88	-77	10	20.29	35.54	3.666
2015-08-30 00:56:52.15	22131	11301	-88	-78	10	20.14	35.52	3.666
2015-08-30 01:20:04.278	22131	11301	-85	-77	10	20.04	35.45	3.666
2015-08-30 01:53:00.426	22131	11301	-85	-78	10	20.28	35.26	3.666
2015-08-30 02:21:39.713	22131	11301	-88	-78	10
2015-08-30 02:36:25.846	22131	11301	-85	-78	10	20.25	35.4	3.665
2015-08-30 02:42:46.571	22131	11301	-85	-78	10
2015-08-30 03:01:08.238	22131	11301	-88	-78	10	20.15	35.46	3.668
2015-08-30 03:38:47.731	22131	11301	-88	-77	10	20.02	35.51	3.665
2015-08-30 04:11:16.51	22131	11301	-88	-78	10
2015-08-30 04:12:18.19	22131	11301	-88	-78	10	19.61	35.58	3.664
2015-08-30 04:34:11.606	22131	11301	-85	-78	10	19.39	35.55	3.666
2015-08-30 05:05:23.034	22131	11301	-88	-78	10	19.17	35.5	3.663
2015-08-30 05:38:02.271	22131	11301	-85	-78	10	19.82	35.08	3.663
2015-08-30 05:52:32.715	22131	11301	-91	-79	10	19.78	35.18	3.665
2015-08-30 06:00:47.987	22131	11301	-88	-80	10
2015-08-30 06:13:20.579	22131	11301	-88	-78	10
2015-08-30 06:21:15.427	22131	11301	-88	-77	10	19.27	35.64	3.663
2015-08-30 06:56:05.274	22131	11301	-85	-78	10	19.17	35.53	3.663
2015-08-30 07:38:37.442	22131	11301	-85	-77	10	19.2	35.43	3.664
2015-08-30 07:50:25.034	22131	11301	-85	-76	10
2015-08-30 07:58:01.906	22131	11301	-85	-77	10	19.29	35.37	3.663
2015-08-30 08:25:08.498	22131	11301	-85	-76	10	19.56	35.3	3.663
2015-08-30 09:00:15.242	22131	11301	-85	-77	10	20.04	35.17	3.662
2015-08-30 09:39:56.363	22131	11301	-85	-76	10
2015-08-30 09:41:19.974	22131	11301	-88	-76	10	20.65	35.16	3.663
2015-08-30 09:43:54.519	22131	11301	-85	-76	10
2015-08-30 10:10:31.479	22131	11301	-88	-78	10	21.54	34.66	3.663
2015-08-30 10:21:31.398	22131	11301	-85	-76	10	21.25	35.15	3.663
2015-08-30 11:05:30.614	22131	11301	-88	-78	10	22.71	34.39	3.664
2015-08-30 11:29:32.774	22131	11301	-88	-79	10
2015-08-30 11:30:16.223	22131	11301	-88	-79	10	23.56	34.43	3.665
2015-08-30 11:59:02.086	22131	11301	-85	-78	10	25.19	34.06	3.665
2015-08-30 12:29:06.922	22131	11301	-88	-77	10	26.02	34.45	3.666
2015-08-30 12:57:23.579	22131	11301	-88	-79	10	26.99	34.51	3.668
2015-08-30 13:14:33.315	22131	11301	-88	-78	10
2015-08-30 13:19:04.911	22131	11301	-88	-78	10
2015-08-30 13:34:00.463	22131	11301	-91	-78	10	28.05	34.6	3.668
2015-08-30 13:57:27.334	22131	11301	-91	-79	10	28.47	34.81	3.669
2015-08-30 14:32:26.363	22131	11301	-85	-79	10	28.58	35.46	3.669
2015-08-30 14:55:56.551	22131	11301	-85	-78	10	28.88	35.38	3.669
2015-08-30 15:08:40.046	22131	11301	-88	-79	10
2015-08-30 15:09:02.162	22131	11301	-88	-79	10
2015-08-30 15:25:15.998	22131	11301	-88	-80	10	29.04	35.53	3.67
2015-08-30 15:59:51.49	22131	11301	-88	-78	10	29.16	35.89	3.671
2015-08-30 16:28:55.69	22131	11301	-88	-81	10	29.32	35.87	3.67
2015-08-30 16:45:05.463	22131	11301	-88	-78	10
2015-08-30 16:58:14.759	22131	11301	-88	-78	10
2015-08-30 17:07:30.832	22131	11301	-88	-80	10	29.54	35.65	3.673
2015-08-30 17:31:38.89	22131	11301	-88	-79	10	29.02	36.02	3.67
2015-08-30 18:08:33.846	22131	11301	-85	-79	10	28.19	36.36	3.673
2015-08-30 18:30:20.822	22131	11301	-88	-78	10	28.11	36.14	3.671
2015-08-30 18:47:49.658	22131	11301	-85	-78	10
2015-08-30 19:04:37.083	22131	11301	-85	-78	10	27.07	36.56	3.673
2015-08-30 19:24:31.91	22131	11301	-85	-78	10	26.36	36.67	3.671
2015-08-30 19:59:51.146	22131	11301	-85	-77	10	24.77	36.86	3.67
2015-08-30 20:15:40.542	22131	11301	-85	-77	10
2015-08-30 20:30:07.419	22131	11301	-88	-78	10	24.1	36.66	3.671
2015-08-30 20:37:20.81	22131	11301	-88	-78	10
2015-08-30 21:03:24.402	22131	11301	-85	-78	10	24.24	36.26	3.671
2015-08-30 21:26:45.39	22131	11301	-85	-77	10	23.09	36.7	3.669
2015-08-30 22:10:06.391	22131	11301	-85	-77	10	22.08	36.46	3.67
2015-08-30 22:25:22.251	22131	11301	-85	-77	10	21.77	36.4	3.67
2015-08-30 22:26:55.711	22131	11301	-88	-78	10
2015-08-30 23:10:54.583	22131	11301	-88	-78	10	21.74	36.09	3.67
2015-08-30 23:32:57.758	22131	11301	-88	-78	10	21.61	36.07	3.668
2015-08-30 23:46:15.515	22131	11301	-88	-79	10
2015-08-31 00:12:01.895	22131	11301	-88	-77	10	21.15	36.1	3.668
2015-08-31 00:16:30.246	22131	11301	-88	-77	10
2015-08-31 00:41:16.098	22131	11301	-88	-77	10	20.92	36.11	3.668
2015-08-31 00:51:01.614	22131	11301	-85	-78	10	20.83	36.07	3.668
2015-08-31 01:28:23.035	22131	11301	-88	-78	10	20.54	36.07	3.666
2015-08-31 02:02:54.35	22131	11301	-85	-78	10	20.47	36.03	3.669
2015-08-31 02:06:03.283	22131	11301	-88	-78	10
2015-08-31 02:20:17.702	22131	11301	-88	-78	10	20.38	36.02	3.666
2015-08-31 03:05:30.898	22131	11301	-88	-78	10	20.08	36.03	3.665
2015-08-31 03:16:50.211	22131	11301	-88	-77	10
2015-08-31 03:21:54.31	22131	11301	-88	-78	10	19.97	36.05	3.665
2015-08-31 03:55:38.522	22131	11301	-85	-77	10
2015-08-31 03:58:49.211	22131	11301	-85	-77	10	20.07	35.86	3.666
2015-08-31 04:36:04.206	22131	11301	-85	-78	10	19.72	36.03	3.664
2015-08-31 04:59:36.279	22131	11301	-85	-78	10	19.54	36.08	3.666
2015-08-31 05:37:11.099	22131	11301	-85	-78	10	19.49	36.01	3.665
2015-08-31 05:45:11.991	22131	11301	-85	-78	10
2015-08-31 06:05:20.29	22131	11301	-85	-79	10	19.36	36.03	3.665
2015-08-31 06:31:25.343	22131	11301	-88	-78	10	19.22	36.08	3.664
2015-08-31 06:47:25.022	22131	11301	-85	-78	10
2015-08-31 07:05:09.426	22131	11301	-88	-78	10	19.11	36.04	3.665
2015-08-31 07:34:45.843	22131	11301	-85	-77	10
2015-08-31 07:39:11.49	22131	11301	-85	-78	10	19.31	35.89	3.663
2015-08-31 08:07:36.074	22131	11301	-88	-78	10	19.9	35.57	3.664
2015-08-31 08:31:12.851	22131	11301	-85	-78	10	20.72	35.31	3.665
2015-08-31 09:00:20.475	22131	11301	-88	-77	10	21.42	35.41	3.663
2015-08-31 09:24:21.759	22131	11301	-88	-78	10
2015-08-31 09:38:32.354	22131	11301	-88	-79	10	22.07	35.54	3.666
2015-08-31 09:51:45.678	22131	11301	-85	-77	10	22.64	35.18	3.666
2015-08-31 10:18:00.371	22131	11301	-88	-78	10
2015-08-31 10:20:27.222	22131	11301	-88	-78	10	24.04	34.93	3.665
2015-08-31 11:09:11.154	22131	11301	-85	-79	10	27.04	34.72	3.668
2015-08-31 11:13:54.786	22131	11301	-91	-79	10
2015-08-31 11:26:43.563	22131	11301	-88	-82	10	28.02	34.81	3.669
2015-08-31 11:54:43.326	22131	11301	-88	-79	10	28.46	35.48	3.668
2015-08-31 12:34:33.974	22131	11301	-88	-79	10	29.86	35.22	3.671
2015-08-31 13:02:20.19	22131	11301	-88	-79	10	29.1	36.59	3.67
2015-08-31 13:03:39.198	22131	11301	-88	-78	10
2015-08-31 13:34:34.455	22131	11301	-91	-82	10	30.65	35.19	3.673
2015-08-31 13:48:47.478	22131	11301	-91	-81	10
2015-08-31 13:54:54.894	22131	11301	-88	-81	10	30.3	36.0	3.671
2015-08-31 14:40:58.066	22131	11301	-85	-79	10	31.66	35.99	3.673
2015-08-31 14:50:19.398	22131	11301	-88	-79	10	31.97	35.95	3.674
2015-08-31 14:53:04.762	22131	11301	-88	-79	10
2015-08-31 15:20:09.019	22131	11301	-85	-80	10	31.55	36.19	3.673
2015-08-31 15:51:52.538	22131	11301	-91	-82	10	32.36	35.84	3.675
2015-08-31 16:35:39.342	22131	11301	-94	-80	10	31.52	36.5	3.675
2015-08-31 16:42:36.396	22131	11301	-88	-83	10
2015-08-31 16:55:18.938	22131	11301	-91	-80	10	31.13	36.68	3.675
2015-08-31 17:19:10.002	22131	11301	-88	-79	10
2015-08-31 17:41:58.619	22131	11301	-88	-80	10	30.33	36.56	3.675
2015-08-31 18:04:11.526	22131	11301	-88	-82	10	29.68	36.99	3.676
2015-08-31 18:32:11.679	22131	11301	-88	-79	10
2015-08-31 18:34:00.414	22131	11301	-88	-79	10	28.75	37.18	3.676
2015-08-31 19:12:10.698	22131	11301	-88	-79	10	27.36	37.29	3.675
2015-08-31 19:36:00.566	22131	11301	-88	-78	10	26.29	37.42	3.674
2015-08-31 19:50:55.291	22131	11301	-88	-78	10	25.63	37.42	3.67
2015-08-31 20:21:44.995	22131	11301	-88	-78	10
2015-08-31 20:42:05.991	22131	11301	-88	-78	10	24.08	37.14	3.673
2015-08-31 20:49:45.851	22131	11301	-88	-78	10
2015-08-31 20:54:43.391	22131	11301	-85	-78	10	23.79	37.07	3.673
2015-08-31 21:28:07.026	22131	11301	-88	-78	10	23.14	36.94	3.673
2015-08-31 21:56:04.459	22131	11301	-88	-78	10	22.75	36.9	3.658
2015-08-31 22:11:18.887	22131	11301	-88	-79	10
2015-08-31 22:30:09.695	22131	11301	-88	-79	10	22.35	36.83	3.671
2015-08-31 23:11:48.527	22131	11301	-88	-79	10	21.71	36.83	3.671
2015-08-31 23:24:32.327	22131	11301	-88	-79	10	21.6	36.82	3.67
2015-08-31 23:50:12.17	22131	11301	-88	-79	10	21.36	36.73	3.669
2015-09-01 00:00:54.635	22131	11301	-88	-79	10
2015-09-01 00:20:20.638	22131	11301	-88	-79	10
2015-09-01 00:23:54.442	22131	11301	-88	-78	10	21.14	36.64	3.669
2015-09-01 01:07:11.126	22131	11301	-88	-79	10	21.02	36.63	3.668
2015-09-01 01:23:40.867	22131	11301	-88	-79	10	20.9	36.62	3.668
2015-09-01 01:50:27.798	22131	11301	-88	-79	10
2015-09-01 01:55:37.899	22131	11301	-88	-78	10	20.76	36.61	3.668
2015-09-01 02:26:38.783	22131	11301	-85	-79	10	20.45	36.71	3.668
2015-09-01 02:59:28.463	22131	11301	-85	-78	10	20.07	36.74	3.669
2015-09-01 03:30:02.402	22131	11301	-85	-78	10	19.78	36.65	3.668
2015-09-01 03:40:03.867	22131	11301	-88	-78	10
2015-09-01 03:50:56.85	22131	11301	-85	-78	10
2015-09-01 03:56:04.718	22131	11301	-88	-79	10	19.65	36.57	3.665
2015-09-01 04:39:54.743	22131	11301	-88	-79	10	19.4	36.58	3.665
2015-09-01 05:08:27.595	22131	11301	-88	-78	10	19.36	36.54	3.665
2015-09-01 05:24:13.638	22131	11301	-85	-78	10	19.32	36.5	3.665
2015-09-01 05:29:35.919	22131	11301	-88	-78	10
2015-09-01 05:50:01.029	22131	11301	-85	-78	10	19.2	36.52	3.666
2015-09-01 06:20:23.75	22131	11301	-85	-78	10	19.07	36.54	3.666
2015-09-01 06:58:43.051	22131	11301	-85	-78	10	18.93	36.53	3.665
2015-09-01 07:19:10.266	22131	11301	-85	-78	10
2015-09-01 07:21:30.874	22131	11301	-88	-78	10
2015-09-01 07:27:55.843	22131	11301	-88	-78	10	19.02	36.44	3.664
2015-09-01 07:50:44.122	22131	11301	-85	-77	10	19.39	36.2	3.664
2015-09-01 08:24:20.39	22131	11301	-85	-78	10	20.25	35.94	3.665
2015-09-01 08:51:41.582	22131	11301	-85	-79	10	21.29	35.63	3.664
2015-09-01 09:08:45.587	22131	11301	-88	-79	10
2015-09-01 09:26:59.631	22131	11301	-88	-78	10	23.02	35.32	3.665
2015-09-01 09:57:00.027	22131	11301	-85	-80	10	25.38	34.67	3.668
2015-09-01 10:39:55.435	22131	11301	-88	-80	10	27.04	35.17	3.666
2015-09-01 10:52:05.531	22131	11301	-88	-79	10
2015-09-01 10:56:21.875	22131	11301	-88	-79	10	27.91	35.08	3.668
2015-09-01 10:58:18.29	22131	11301	-88	-79	10
2015-09-01 11:40:41.702	22131	11301	-91	-81	10	28.97	35.81	3.669
2015-09-01 11:54:03.838	22131	11301	-88	-80	10	29.54	35.75	3.671
2015-09-01 12:29:03.515	22131	11301	-91	-80	10	30.16	36.2	3.67
2015-09-01 12:47:52.034	22131	11301	-88	-79	10
2015-09-01 12:52:15.666	22131	11301	-88	-79	10	29.52	36.84	3.67
2015-09-01 13:21:51.723	22131	11301	-88	-78	10	30.0	36.11	3.67
2015-09-01 13:55:18.574	22131	11301	-91	-81	10	31.8	35.44	3.673
2015-09-01 14:22:39.934	22131	11301	-88	-82	10
2015-09-01 14:31:12.382	22131	11301	-88	-80	10	31.97	36.51	3.674
2015-09-01 14:37:27.303	22131	11301	-88	-79	10
2015-09-01 15:06:51.21	22131	11301	-88	-82	10	32.69	36.3	3.674
2015-09-01 15:29:00.974	22131	11301	-88	-81	10	33.19	36.63	3.675
2015-09-01 16:09:48.486	22131	11301	-97	-80	10	32.6	36.99	3.675
2015-09-01 16:27:03.359	22131	11301	-88	-81	10
2015-09-01 16:35:01.623	22131	11301	-91	-80	10	31.82	37.44	3.676
2015-09-01 17:06:34.21	22131	11301	-91	-79	10	30.85	37.52	3.677
2015-09-01 17:24:45.079	22131	11301	-88	-80	10	30.94	37.04	3.676
2015-09-01 17:53:16.431	22131	11301	-88	-81	10
2015-09-01 17:53:45.835	22131	11301	-88	-80	10	30.1	37.66	3.675
2015-09-01 18:16:35.486	22131	11301	-91	-80	10
2015-09-01 18:25:00.807	22131	11301	-88	-79	10	28.9	37.75	3.675
2015-09-01 19:05:21.06	22131	11301	-88	-79	10	27.52	37.75	3.674
2015-09-01 19:40:27.646	22131	11301	-88	-78	10	26.33	37.74	3.67
2015-09-01 20:06:09.718	22131	11301	-85	-79	10
2015-09-01 20:11:57.626	22131	11301	-88	-79	10	25.33	37.77	3.674
2015-09-01 20:36:29.802	22131	11301	-88	-78	10	24.63	37.74	3.674
2015-09-01 20:57:04.751	22131	11301	-88	-79	10	24.29	37.64	3.673
2015-09-01 21:23:51.199	22131	11301	-88	-78	10
2015-09-01 21:37:55.402	22131	11301	-88	-79	10	23.79	37.45	3.674
2015-09-01 21:55:44.511	22131	11301	-85	-79	10
2015-09-01 22:11:29.115	22131	11301	-88	-79	10	23.61	37.29	3.671
2015-09-01 22:23:49.034	22131	11301	-88	-79	10	23.45	37.31	3.671
2015-09-01 23:05:26.118	22131	11301	-88	-78	10	23.53	37.08	3.671
2015-09-01 23:37:48.202	22131	11301	-88	-79	10	23.47	37.18	3.67
2015-09-01 23:45:16.93	22131	11301	-88	-79	10
2015-09-02 00:02:59.839	22131	11301	-88	-78	10	23.0	37.37	3.67
2015-09-02 00:29:34.827	22131	11301	-85	-78	10	22.58	37.4	3.67
2015-09-02 00:54:25.743	22131	11301	-85	-78	10
2015-09-02 01:01:36.143	22131	11301	-88	-78	10	22.18	37.32	3.671
2015-09-02 01:20:07.58	22131	11301	-85	-78	10	21.9	37.4	3.67
2015-09-02 01:34:53.155	22131	11301	-88	-78	10
2015-09-02 01:56:48.782	22131	11301	-85	-79	10	21.52	37.26	3.669
2015-09-02 02:20:27.219	22131	11301	-88	-78	10	21.43	37.18	3.668
2015-09-02 03:04:59.546	22131	11301	-88	-78	10	20.94	37.34	3.669
2015-09-02 03:24:27.998	22131	11301	-88	-78	10
2015-09-02 03:27:41.502	22131	11301	-88	-78	10	20.67	37.28	3.668
2015-09-02 03:50:59.098	22131	11301	-88	-78	10	20.52	37.19	3.668
2015-09-02 04:25:00.827	22131	11301	-85	-78	10
2015-09-02 04:29:58.018	22131	11301	-88	-78	10	20.32	37.14	3.666
2015-09-02 05:03:40.755	22131	11301	-88	-78	10	20.14	37.12	3.666
2015-09-02 05:14:00.494	22131	11301	-88	-78	10
2015-09-02 05:34:34.926	22131	11301	-88	-78	10	19.9	37.2	3.666
2015-09-02 06:06:01.307	22131	11301	-85	-78	10	19.74	37.12	3.665
2015-09-02 06:28:30.927	22131	11301	-85	-78	10	19.7	37.08	3.666
2015-09-02 07:03:34.082	22131	11301	-85	-78	10
2015-09-02 07:07:42.795	22131	11301	-85	-79	10	19.6	37.1	3.665
2015-09-02 07:37:32.386	22131	11301	-85	-78	10	19.78	36.92	3.665
2015-09-02 07:55:35.902	22131	11301	-88	-78	10
2015-09-02 08:06:55.059	22131	11301	-85	-78	10	20.32	36.63	3.664
2015-09-02 08:20:21.674	22131	11301	-88	-78	10	20.61	36.52	3.665
2015-09-02 08:53:08.327	22131	11301	-88	-79	10
2015-09-02 08:59:55.011	22131	11301	-88	-78	10	22.61	35.83	3.666
2015-09-02 09:31:51.455	22131	11301	-88	-79	10	24.22	35.77	3.665
2015-09-02 10:07:39.215	22131	11301	-85	-79	10	26.47	35.68	3.665
2015-09-02 10:31:21.603	22131	11301	-88	-79	10	27.49	35.74	3.669
2015-09-02 10:42:42.506	22131	11301	-88	-79	10
2015-09-02 11:01:30.802	22131	11301	-88	-80	10	28.3	36.16	3.668
2015-09-02 11:26:10.599	22131	11301	-88	-79	10
2015-09-02 11:36:37.479	22131	11301	-91	-78	10	29.94	35.76	3.669
2015-09-02 11:59:39.387	22131	11301	-88	-78	10	30.0	36.6	3.67
2015-09-02 12:29:35.847	22131	11301	-88	-80	10	31.36	36.07	3.673
2015-09-02 12:32:16.987	22131	11301	-88	-81	10
2015-09-02 12:59:30.426	22131	11301	-88	-84	10	28.32	39.31	3.668
2015-09-02 13:40:26.662	22131	11301	-91	-81	10	29.27	36.67	3.669
2015-09-02 14:05:51.722	22131	11301	-85	-80	10	31.19	36.12	3.67
2015-09-02 14:21:52.686	22131	11301	-91	-77	10
2015-09-02 14:28:53.414	22131	11301	-94	-82	10	31.94	36.51	3.674
2015-09-02 14:55:46.77	22131	11301	-91	-80	10	31.63	37.39	3.673
2015-09-02 14:56:46.818	22131	11301	-91	-79	10
2015-09-02 15:21:30.178	22131	11301	-88	-79	10	30.44	38.38	3.671
2015-09-02 16:07:53.962	22131	11301	-88	-78	10	30.36	38.24	3.676
2015-09-02 16:11:25.042	22131	11301	-88	-79	10
2015-09-02 16:37:52.463	22131	11301	-88	-80	10	31.05	37.54	3.674
2015-09-02 17:07:21.143	22131	11301	-88	-80	10	31.3	37.46	3.674
2015-09-02 17:28:25.295	22131	11301	-88	-79	10	31.38	37.36	3.675
2015-09-02 17:57:06.47	22131	11301	-88	-80	10	30.61	37.85	3.676
2015-09-02 18:00:59.274	22131	11301	-88	-80	10
2015-09-02 18:27:21.371	22131	11301	-88	-79	10
2015-09-02 18:30:06.466	22131	11301	-88	-78	10	29.18	38.4	3.674
2015-09-02 19:06:22.554	22131	11301	-85	-79	10	28.66	37.93	3.674
2015-09-02 19:32:07.266	22131	11301	-88	-79	10	27.72	38.18	3.673
2015-09-02 19:50:33.017	22131	11301	-88	-78	10
2015-09-02 19:50:43.887	22131	11301	-88	-78	10	26.55	38.58	3.673
2015-09-02 20:38:03.395	22131	11301	-88	-78	10	24.76	38.3	3.671
2015-09-02 20:50:19.354	22131	11301	-88	-79	10	24.43	38.26	3.67
2015-09-02 21:35:15.078	22131	11301	-88	-78	10	24.9	37.52	3.671
2015-09-02 21:40:06.414	22131	11301	-85	-78	10
2015-09-02 21:53:51.699	22131	11301	-85	-78	10	24.47	37.86	3.67
2015-09-02 21:57:56.09	22131	11301	-85	-78	10
2015-09-02 22:20:13.834	22131	11301	-88	-78	10	24.06	37.89	3.67
2015-09-02 22:50:42.83	22131	11301	-85	-79	10	23.64	37.88	3.669
2015-09-02 23:20:23.208	22131	11301	-85	-78	10	23.29	37.84	3.67
2015-09-02 23:29:41.826	22131	11301	-88	-78	10
2015-09-03 00:00:10.09	22131	11301	-88	-78	10	22.82	37.83	3.669
2015-09-03 00:41:11.495	22131	11301	-85	-78	10	22.13	37.9	3.668
2015-09-03 01:01:32.406	22131	11301	-85	-77	10	21.79	37.8	3.668
2015-09-03 01:19:15.823	22131	11301	-85	-78	10
2015-09-03 01:21:14.344	22131	11301	-85	-78	10	21.58	37.71	3.666
2015-09-03 01:28:34.331	22131	11301	-85	-78	10
2015-09-03 02:05:11.81	22131	11301	-85	-78	10	21.45	37.56	3.668
2015-09-03 02:28:16.802	22131	11301	-85	-78	10	21.47	37.49	3.666
2015-09-03 02:54:30.99	22131	11301	-88	-79	10	21.24	37.6	3.666
2015-09-03 03:08:51.002	22131	11301	-88	-78	10
2015-09-03 03:21:49.482	22131	11301	-85	-77	10	20.9	37.71	3.668
2015-09-03 04:06:53.147	22131	11301	-85	-78	10	21.26	37.37	3.668
2015-09-03 04:40:29.679	22131	11301	-85	-77	10	21.11	37.59	3.666
2015-09-03 04:50:54.738	22131	11301	-85	-78	10	20.86	37.7	3.666
2015-09-03 04:58:23.942	22131	11301	-85	-78	10
2015-09-03 04:59:05.958	22131	11301	-88	-78	10
2015-09-03 05:35:58.964	22131	11301	-85	-78	10	20.22	37.71	3.665
2015-09-03 05:52:58.118	22131	11301	-85	-78	10	20.06	37.69	3.665
2015-09-03 06:42:15.986	22131	11301	-85	-78	10	19.72	37.59	3.666
2015-09-03 06:47:58.506	22131	11301	-85	-77	10
2015-09-03 07:10:17.566	22131	11301	-88	-78	10	19.64	37.55	3.665
2015-09-03 07:28:08.746	22131	11301	-85	-77	10	19.68	37.52	3.664
2015-09-03 07:58:08.25	22131	11301	-85	-78	10	20.36	37.08	3.664
2015-09-03 08:29:40.943	22131	11301	-88	-78	10
2015-09-03 08:37:31.955	22131	11301	-85	-78	10
2015-09-03 08:37:48.946	22131	11301	-85	-78	10	22.0	36.52	3.664
2015-09-03 08:57:34.63	22131	11301	-88	-78	10	22.77	36.49	3.664
2015-09-03 09:26:48.556	22131	11301	-88	-78	10	23.77	36.56	3.663
2015-09-03 10:11:57.446	22131	11301	-85	-78	10	25.52	36.45	3.664
2015-09-03 10:27:11.906	22131	11301	-88	-78	10
2015-09-03 10:29:52.158	22131	11301	-88	-78	10	26.49	36.2	3.666
2015-09-03 10:51:33.803	22131	11301	-88	-78	10	27.46	36.08	3.669
2015-09-03 11:33:42.966	22131	11301	-88	-79	10	28.27	36.58	3.668
2015-09-03 12:00:16.034	22131	11301	-88	-81	10
2015-09-03 12:06:06.426	22131	11301	-88	-79	10	28.97	36.82	3.669
2015-09-03 12:16:41.143	22131	11301	-88	-79	10
2015-09-03 12:32:43.615	22131	11301	-88	-80	10	29.54	36.94	3.668
2015-09-03 12:58:28.847	22131	11301	-88	-79	10	29.35	37.72	3.669
2015-09-03 13:40:02.786	22131	11301	-88	-79	10	30.77	36.85	3.671
2015-09-03 13:40:04.922	22131	11301	-88	-79	10	30.77	36.85	3.671
2015-09-03 13:40:07.262	22131	11301	-88	-79	10	30.77	36.85	3.671
2015-09-03 13:40:09.022	22131	11301	-88	-79	10	30.77	36.85	3.671
2015-09-03 13:40:13.874	22131	11301	-88	-79	10	30.77	36.85	3.671
2015-09-03 13:50:49.998	22131	11301	-91	-81	10	30.4	37.34	3.67
2015-09-03 14:06:14.962	22131	11301	-91	-80	10
2015-09-03 14:28:23.28	22131	11301	-88	-79	10	32.27	36.33	3.671
2015-09-03 14:54:14.77	22131	11301	-88	-80	10	32.22	37.45	3.671
2015-09-03 15:30:52.33	22131	11301	-91	-79	10
2015-09-03 15:41:02.922	22131	11301	-91	-79	10	33.94	37.33	3.673
2015-09-03 15:51:14.022	22131	11301	-88	-80	10	32.55	38.49	3.676
2015-09-03 15:55:49.222	22131	11301	-85	-79	10
2015-09-03 16:21:16.431	22131	11301	-88	-79	10	29.99	39.1	3.673
2015-09-03 17:09:58.075	22131	11301	-88	-78	10	29.93	38.16	3.673
2015-09-03 17:34:42.672	22131	11301	-88	-79	10	28.49	38.95	3.67
2015-09-03 17:45:22.97	22131	11301	-88	-78	10
2015-09-03 18:10:48.227	22131	11301	-88	-79	10	27.85	38.54	3.67
2015-09-03 18:22:05.11	22131	11301	-88	-78	10	27.58	38.51	3.67
2015-09-03 19:01:26.426	22131	11301	-88	-78	10
2015-09-03 19:03:54.159	22131	11301	-85	-78	10	26.49	38.57	3.67
2015-09-03 19:34:56.295	22131	11301	-88	-78	10
2015-09-03 19:38:15.471	22131	11301	-88	-78	10	25.63	38.59	3.671
2015-09-03 20:01:38.519	22131	11301	-88	-78	10	25.54	38.31	3.669
2015-09-03 20:36:08.351	22131	11301	-88	-79	10	25.02	38.46	3.669
2015-09-03 21:09:27.743	22131	11301	-85	-79	10	24.41	38.47	3.668
2015-09-03 21:24:31.287	22131	11301	-88	-78	10
2015-09-03 21:40:40.407	22131	11301	-88	-79	10	23.84	38.44	3.67
2015-09-03 22:08:15.278	22131	11301	-88	-78	10	23.38	38.4	3.668
2015-09-03 22:21:56.623	22131	11301	-88	-78	10	23.14	38.41	3.669
2015-09-03 22:32:01.275	22131	11301	-85	-78	10
2015-09-04 14:53:17.515	22131	11301	-88	-82	10	31.88	37.76	3.668
2015-09-04 15:24:02.979	22131	11301	-88	-79	10	33.54	36.52	3.671
2015-09-04 16:05:10.546	22131	11301	-88	-80	10
2015-09-04 16:05:45.239	22131	11301	-91	-79	10	32.32	38.29	3.673
2015-09-04 16:27:22.359	22131	11301	-91	-78	10	31.11	39.21	3.67
2015-09-04 17:09:50.263	22131	11301	-85	-79	10	31.58	38.33	3.671
2015-09-04 17:29:47.462	22131	11301	-88	-79	10
2015-09-04 17:37:30.475	22131	11301	-88	-79	10	31.1	38.66	3.671
2015-09-04 18:58:49.439	22131	11301	-88	-80	10	25.68	40.36	3.67
2015-09-04 19:19:21.087	22131	11301	-88	-79	10
2015-09-04 19:38:35.003	22131	11301	-88	-79	10	24.18	39.39	3.669
2015-09-05 12:06:40.466	22131	11301	-88	-81	10	29.11	38.46	3.664
2015-09-05 13:08:28.071	22131	11301	-88	-78	10
2015-09-05 13:34:58.374	22131	11301	-85	-78	10	30.72	38.31	3.665
2015-09-05 14:05:47.331	22131	11301	-88	-76	10	31.32	37.88	3.666
2015-09-05 14:34:00.818	22131	11301	-88	-80	10	31.82	38.17	3.666
2015-09-05 14:57:28.843	22131	11301	-85	-78	10	31.83	38.04	3.668
2015-09-05 15:54:22.738	22131	11301	-88	-78	10	32.5	37.89	3.67
2015-09-05 16:21:41.206	22131	11301	-85	-80	10	30.61	39.79	3.668
2015-09-05 16:39:05.426	22131	11301	-85	-78	10
2015-09-05 16:50:29.61	22131	11301	-91	-79	10	28.04	40.54	3.666
2015-09-05 17:14:10.98	22131	11301	-88	-85	10
2015-09-05 17:25:26.682	22131	11301	-88	-78	10	24.69	40.77	3.668
2015-09-05 17:58:39.879	22131	11301	-88	-78	10	20.69	41.51	3.664
2015-09-05 22:42:52.714	22131	11301	-88	-78	10
2015-09-05 23:01:35.023	22131	11301	-88	-78	10	19.72	38.77	3.66
2015-09-05 23:28:48.874	22131	11301	-88	-78	10	19.64	38.79	3.66
2015-09-05 23:40:12.019	22131	11301	-88	-78	10
2015-09-06 00:01:07.123	22131	11301	-88	-78	10	19.47	38.81	3.659
2015-09-06 00:32:27.251	22131	11301	-88	-78	10
2015-09-06 00:37:06.098	22131	11301	-88	-78	10	19.42	38.77	3.659
2015-09-06 00:57:30.647	22131	11301	-88	-78	10	19.32	38.83	3.658
2015-09-06 01:35:26.794	22131	11301	-88	-77	10	19.22	38.81	3.658
2015-09-06 02:10:30.415	22131	11301	-88	-77	10	19.11	38.8	3.658
2015-09-06 02:22:02.502	22131	11301	-88	-77	10
2015-09-06 02:28:55.018	22131	11301	-88	-76	10	19.11	38.77	3.658
2015-09-06 03:01:19.667	22131	11301	-88	-77	10	19.0	38.79	3.657
2015-09-06 03:10:47.359	22131	11301	-88	-77	10
2015-09-06 03:40:48.355	22131	11301	-85	-76	10	18.89	38.78	3.657
2015-09-06 03:54:59.591	22131	11301	-88	-77	10	18.82	38.81	3.657
2015-09-06 04:11:35.978	22131	11301	-85	-76	10
2015-09-06 04:26:24.107	22131	11301	-88	-76	10	18.68	38.83	3.657
2015-09-06 04:56:10.538	22131	11301	-85	-76	10	18.52	38.81	3.657
2015-09-06 05:20:50.131	22131	11301	-88	-77	10	18.46	38.8	3.656
2015-09-06 06:01:10.155	22131	11301	-88	-76	10
2015-09-06 06:01:24.095	22131	11301	-88	-77	10	18.35	38.76	3.654
2015-09-06 06:25:17.159	22131	11301	-88	-76	10	18.28	38.78	3.657
2015-09-06 06:41:21.927	22131	11301	-85	-76	10
2015-09-06 06:55:18.639	22131	11301	-85	-76	10	18.18	38.77	3.654
2015-09-06 07:38:22.591	22131	11301	-85	-77	10	18.38	38.59	3.656
2015-09-06 07:50:44.731	22131	11301	-88	-76	10
2015-09-06 07:59:44.506	22131	11301	-88	-77	10	18.75	38.36	3.656
2015-09-06 08:40:05.531	22131	11301	-85	-77	10	20.02	37.89	3.656
2015-09-06 09:06:19.462	22131	11301	-88	-77	10	20.9	37.81	3.656
2015-09-06 10:11:56.463	22131	11301	-88	-79	10
2015-09-06 13:21:14.327	22131	11301	-85	-79	10	29.69	37.62	3.66
2015-09-06 13:42:32.054	22131	11301	-91	-80	10
2015-09-06 14:09:27.934	22131	11301	-88	-78	10	30.65	38.13	3.662
2015-09-06 14:26:01.874	22131	11301	-88	-78	10	31.29	37.91	3.663
2015-09-06 15:09:12.126	22131	11301	-88	-79	10
2015-09-06 19:12:01.826	22131	11301	-85	-77	10	28.11	39.87	3.665
2015-09-06 19:41:13.267	22131	11301	-85	-77	10	27.13	40.04	3.664
2015-09-07 16:20:04.514	22131	11301	-88	-78	10	32.19	39.67	3.665
2015-09-07 16:59:34.259	22131	11301	-91	-76	10	31.88	39.85	3.666
2015-09-07 17:40:02.859	22131	11301	-85	-76	10	31.25	40.09	3.668
2015-09-07 18:07:01.223	22131	11301	-85	-77	10	30.72	40.14	3.665
2015-09-07 18:32:32.343	22131	11301	-88	-77	10
2015-09-07 19:19:59.727	22131	11301	-85	-76	10	27.22	40.8	3.666
2015-09-07 20:08:01.031	22131	11301	-85	-77	10	25.43	40.61	3.665
2015-09-07 20:27:29.903	22131	11301	-85	-77	10	24.86	40.51	3.664
2015-09-07 21:28:23.971	22131	11301	-85	-76	10	23.11	40.43	3.664
2015-09-08 11:07:06.73	22131	11301	-88	-77	10	28.94	38.68	3.658
2015-09-08 11:20:32.37	22131	11301	-88	-78	10	34.47	34.12	3.66
2015-09-08 12:11:44.042	22131	11301	-88	-77	10	31.08	39.59	3.663
2015-09-08 12:48:15.27	22131	11301	-88	-80	10
2015-09-08 13:34:52.102	22131	11301	-88	-77	10	31.47	40.15	3.665
2015-09-08 14:04:14.695	22131	11301	-88	-79	10	31.44	39.87	3.665
2015-09-08 14:37:49.458	22131	11301	-91	-78	10
2015-09-08 15:08:13.987	22131	11301	-91	-80	10	33.5	39.0	3.666
2015-09-08 15:50:46.439	22131	11301	-88	-79	10	33.19	39.98	3.669
2015-09-08 16:27:22.83	22131	11301	-88	-79	10
2015-09-08 17:00:42.762	22131	11301	-88	-76	10	33.04	40.03	3.668
2015-09-08 17:23:13.835	22131	11301	-88	-78	10	32.4	40.38	3.669
2015-09-08 18:10:15.671	22131	11301	-85	-78	10	32.11	40.42	3.669
2015-09-08 18:21:17.522	22131	11301	-88	-78	10
2015-09-08 18:50:40.57	22131	11301	-85	-77	10	30.82	40.94	3.67
2015-09-08 19:26:18.52	22131	11301	-85	-77	10	28.47	41.54	3.668
2015-09-08 20:06:33.234	22131	11301	-85	-77	10
2015-09-09 11:54:14.515	22131	11301	-85	-80	10
2015-09-09 12:32:37.955	22131	11301	-88	-81	10
2015-09-09 13:24:48.715	22131	11301	-88	-78	10	29.51	41.11	3.664
2015-09-09 14:08:35.051	22131	11301	-91	-79	10	32.54	39.18	3.665
2015-09-09 14:41:21.635	22131	11301	-88	-80	10	32.74	39.59	3.664
2015-09-09 15:24:47.187	22131	11301	-91	-81	10
2015-09-09 15:37:15.698	22131	11301	-91	-80	10	24.02	45.75	3.664
2015-09-09 16:03:42.786	22131	11301	-91	-80	10	23.53	42.38	3.662
2015-09-09 16:11:46.806	22131	11301	-88	-81	10
2015-09-09 16:23:15.842	22131	11301	-88	-80	10	23.36	41.4	3.663
2015-09-10 19:29:30.459	22131	11301	-91	-79	10
2015-09-10 19:29:39.365	22131	11301	-91	-79	10
2015-09-10 19:32:45.538	22131	11301	-91	-79	10	19.36	41.62	3.637
2015-09-10 19:35:19.383	22131	11301	-91	-79	10
2015-09-10 20:00:12.762	22131	11301	-91	-78	10	18.75	41.59	3.638
2015-09-10 20:27:55.663	22131	11301	-91	-79	10	18.29	41.54	3.638
2015-09-10 21:02:39.471	22131	11301	-88	-79	10	17.83	41.52	3.636
2015-09-10 21:24:53.55	22131	11301	-91	-79	10
2015-09-10 21:31:32.894	22131	11301	-91	-79	10	17.54	41.43	3.638
2015-09-10 22:00:46.471	22131	11301	-91	-79	10	17.39	41.28	3.636
2015-09-10 22:33:30.622	22131	11301	-91	-79	10	17.2	41.29	3.637
2015-09-10 23:00:00.358	22131	11301	-91	-78	10	17.08	41.24	3.636
2015-09-10 23:00:02.07	22131	11301	-91	-78	10
2015-09-10 23:14:27.659	22131	11301	-88	-78	10
2015-09-10 23:30:05.506	22131	11301	-88	-79	10	16.79	41.34	3.635
2015-09-11 01:33:21.806	22131	11301	-88	-79	10	15.92	41.21	3.636
2015-09-11 02:06:24.442	22131	11301	-91	-79	10	15.74	41.16	3.635
2015-09-11 02:30:38.35	22131	11301	-88	-78	10
2015-09-11 02:33:21.079	22131	11301	-88	-78	10	15.49	41.26	3.634
2015-09-11 02:53:36.186	22131	11301	-91	-78	10
2015-09-11 03:11:09.898	22131	11301	-88	-78	10	15.25	41.17	3.637
2015-09-11 03:31:41.514	22131	11301	-88	-78	10	15.07	41.19	3.634
2015-09-11 03:59:58.567	22131	11301	-88	-78	10	15.29	40.92	3.636
2015-09-11 04:27:05.762	22131	11301	-91	-79	10	15.11	41.03	3.634
2015-09-11 04:43:11.658	22131	11301	-91	-78	10
2015-09-11 04:50:57.002	22131	11301	-88	-78	10	15.03	41.02	3.637
2015-09-11 05:39:07.858	22131	11301	-88	-80	10	15.02	40.95	3.634
2015-09-11 06:01:12.622	22131	11301	-88	-78	10
2015-09-11 06:09:14.982	22131	11301	-97	-78	10	15.36	40.73	3.634
2015-09-11 06:32:44.507	22131	11301	-88	-79	10
2015-09-11 06:39:18.131	22131	11301	-91	-78	10	15.65	40.69	3.634
2015-09-11 07:06:06.538	22131	11301	-91	-79	10	16.0	40.6	3.635
2015-09-11 07:28:58.434	22131	11301	-91	-80	10	16.25	40.63	3.637
2015-09-11 07:51:10.867	22131	11301	-94	-81	10	16.43	40.68	3.635
2015-09-11 08:22:15.482	22131	11301	-91	-81	10	16.6	40.8	3.635
2015-09-11 08:22:17.866	22131	11301	-91	-80	10
2015-09-11 08:52:24.847	22131	11301	-91	-80	10	16.68	40.94	3.634
2015-09-11 09:31:48.202	22131	11301	-91	-81	10
2015-09-11 09:38:14.091	22131	11301	-88	-82	10	17.04	40.78	3.635
2015-09-11 09:55:38.231	22131	11301	-94	-81	10	17.32	40.68	3.636
2015-09-11 10:11:52.25	22131	11301	-88	-81	10
2015-09-11 10:34:49.218	22131	11301	-91	-81	10	19.2	39.48	3.636
2015-09-11 12:55:48.839	22131	11301	-91	-84	10	23.56	40.14	3.638
2015-09-11 13:02:22.838	22131	11301	-91	-83	10
2015-09-11 13:34:33.735	22131	11301	-91	-81	10	24.61	39.98	3.638
2015-09-11 13:51:00.895	22131	11301	-91	-82	10
2015-09-11 13:53:21.259	22131	11301	-91	-81	10	24.8	40.27	3.638
2015-09-11 14:42:12.023	22131	11301	-88	-82	10	25.52	40.31	3.641
2015-09-11 15:05:28.87	22131	11301	-91	-82	10	25.61	40.76	3.641
2015-09-11 15:26:31.918	22131	11301	-91	-82	10	25.88	40.52	3.642
2015-09-11 15:40:35.654	22131	11301	-91	-81	10
2015-09-11 16:06:36.111	22131	11301	-88	-82	10	25.72	41.05	3.645
2015-09-11 16:26:56.531	22131	11301	-91	-82	10	25.63	41.1	3.643
2015-09-11 16:32:58.035	22131	11301	-91	-82	10
2015-09-11 17:01:15.19	22131	11301	-88	-82	10	25.52	40.99	3.645
2015-09-11 17:27:56.975	22131	11301	-91	-80	10	25.55	40.93	3.646
2015-09-11 17:30:09.078	22131	11301	-91	-82	10
2015-09-11 17:56:09.862	22131	11301	-88	-81	10	24.54	41.59	3.646
2015-09-11 18:26:28.474	22131	11301	-88	-81	10	23.32	42.03	3.646
2015-09-11 19:12:09.674	22131	11301	-88	-80	10	21.95	41.91	3.646
2015-09-11 19:19:42.838	22131	11301	-88	-80	10
2015-09-11 19:30:36.762	22131	11301	-88	-80	10	21.18	42.16	3.645
2015-09-11 20:03:31.99	22131	11301	-88	-80	10
2015-09-11 20:08:44.634	22131	11301	-88	-80	10	20.22	41.95	3.645
2015-09-11 20:34:56.171	22131	11301	-88	-81	10	19.58	41.95	3.643
2015-09-11 21:04:39.987	22131	11301	-88	-81	10	19.47	41.6	3.643
2015-09-11 21:09:16.866	22131	11301	-91	-80	10
2015-09-11 21:20:05.171	22131	11301	-88	-80	10	19.5	41.51	3.645
2015-09-11 22:08:39.567	22131	11301	-88	-80	10	18.92	41.87	3.642
2015-09-11 22:57:36.61	22131	11301	-88	-80	10	18.64	41.64	3.642
2015-09-11 23:20:25.884	22131	11301	-88	-81	10	18.53	41.53	3.642
2015-09-11 23:34:07.63	22131	11301	-91	-80	10
2015-09-12 00:06:51.038	22131	11301	-91	-79	10	18.22	41.57	3.642
2015-09-12 00:34:49.43	22131	11301	-88	-81	10	18.04	41.55	3.641
2015-09-12 00:48:26.302	22131	11301	-88	-80	10
2015-09-12 01:07:08.89	22131	11301	-88	-80	10	17.85	41.52	3.642
2015-09-12 01:33:01.462	22131	11301	-91	-79	10	17.61	41.56	3.641
2015-09-12 02:06:53.198	22131	11301	-88	-80	10	17.46	41.48	3.643
2015-09-12 02:29:00.191	22131	11301	-88	-80	10	17.36	41.47	3.641
2015-09-12 02:38:01.163	22131	11301	-88	-79	10
2015-09-12 02:58:31.807	22131	11301	-88	-80	10	16.97	41.63	3.642
2015-09-12 03:04:43.026	22131	11301	-88	-79	10
2015-09-12 03:33:04.802	22131	11301	-88	-79	10	16.43	41.7	3.64
2015-09-12 03:51:53.319	22131	11301	-88	-81	10	16.25	41.61	3.641
2015-09-12 04:25:51.259	22131	11301	-91	-81	10	16.02	41.58	3.64
2015-09-12 04:27:33.586	22131	11301	-91	-82	10
2015-09-12 04:55:28.995	22131	11301	-94	-82	10	15.78	41.56	3.638
2015-09-12 05:39:52.106	22131	11301	-94	-81	10	15.52	41.46	3.64
2015-09-12 06:04:29.071	22131	11301	-94	-84	10	15.43	41.42	3.64
2015-09-12 06:17:08.091	22131	11301	-91	-81	10
2015-09-12 06:35:18.786	22131	11301	-91	-82	10
2015-09-12 06:39:55.222	22131	11301	-88	-82	10	15.32	41.34	3.637
2015-09-12 07:06:58.658	22131	11301	-88	-80	10	15.28	41.31	3.638
2015-09-12 07:31:59.978	22131	11301	-91	-80	10	15.15	41.36	3.637
2015-09-12 07:50:37.043	22131	11301	-91	-81	10	15.18	41.3	3.638
2015-09-12 08:06:42.654	22131	11301	-91	-81	10
2015-09-12 08:31:18.478	22131	11301	-91	-81	10	15.18	41.3	3.638
2015-09-12 09:06:06.05	22131	11301	-91	-81	10	15.36	41.15	3.637
2015-09-12 09:32:50.77	22131	11301	-94	-84	10	15.2	41.3	3.637
2015-09-12 09:56:16.843	22131	11301	-91	-82	10
2015-09-12 09:56:53.998	22131	11301	-94	-83	10	15.39	41.19	3.637
2015-09-12 10:05:54.038	22131	11301	-94	-83	10
2015-09-12 10:20:12.566	22131	11301	-94	-82	10	15.56	41.08	3.637
2015-09-12 11:04:09.27	22131	11301	-91	-83	10	15.86	41.08	3.635
2015-09-12 11:32:10.838	22131	11301	-94	-86	10	15.79	41.3	3.637
2015-09-12 11:45:50.546	22131	11301	-94	-85	10
2015-09-12 11:50:09.854	22131	11301	-94	-86	10	16.0	41.19	3.636
2015-09-12 12:28:37.462	22131	11301	-94	-87	10	16.1	41.2	3.637
2015-09-12 13:00:58.042	22131	11301	-91	-82	10	16.11	41.07	3.637
2015-09-12 13:27:45.97	22131	11301	-94	-81	10	15.88	41.24	3.636
2015-09-12 13:35:24.574	22131	11301	-91	-81	10
2015-09-12 13:36:31.534	22131	11301	-94	-82	10
2015-09-12 13:53:27.73	22131	11301	-91	-80	10	16.22	40.82	3.636
2015-09-12 14:31:55.232	22131	11301	-88	-78	10	17.81	39.44	3.638
2015-09-12 15:01:45.299	22131	11301	-88	-78	10	16.95	41.03	3.637
2015-09-12 15:24:59.898	22131	11301	-94	-81	10
2015-09-12 15:30:09.914	22131	11301	-94	-83	10	16.18	41.47	3.635
2015-09-12 15:58:47.766	22131	11301	-94	-83	10	15.54	41.73	3.637
2015-09-12 16:26:31.81	22131	11301	-94	-83	10	15.28	41.57	3.637
2015-09-12 17:07:03.082	22131	11301	-94	-80	10
2015-09-12 17:11:47.275	22131	11301	-91	-84	10	15.11	41.49	3.636
2015-09-12 17:14:33.754	22131	11301	-94	-82	10
2015-09-12 17:25:50.903	22131	11301	-94	-81	10	15.22	41.23	3.636
2015-09-12 18:09:31.926	22131	11301	-91	-83	10	14.81	41.52	3.636
2015-09-12 18:39:40.679	22131	11301	-88	-84	10	14.38	41.63	3.636
2015-09-12 19:04:07.69	22131	11301	-94	-83	10
2015-09-12 19:11:15.631	22131	11301	-94	-88	10	13.97	41.59	3.635
2015-09-12 19:24:34.359	22131	11301	-94	-85	10	13.93	41.58	3.635
2015-09-12 19:58:32.711	22131	11301	-94	-86	10	13.92	41.38	3.634
2015-09-12 20:35:11.991	22131	11301	-94	-86	10	13.83	41.41	3.634
2015-09-12 20:37:37.959	22131	11301	-94	-89	10
2015-09-12 20:53:41.262	22131	11301	-94	-86	10
2015-09-12 21:02:54.822	22131	11301	-94	-86	10	13.72	41.36	3.634
2015-09-12 21:34:45.503	22131	11301	-94	-85	10	13.43	41.46	3.632
2015-09-12 21:51:26.319	22131	11301	-94	-86	10	13.29	41.48	3.632
2015-09-12 22:36:53.394	22131	11301	-94	-85	10	13.02	41.45	3.631
2015-09-12 22:43:15.811	22131	11301	-94	-86	10
2015-09-12 23:05:43.007	22131	11301	-94	-87	10	12.79	41.42	3.632
2015-09-12 23:32:52.038	22131	11301	-88	-81	10	12.6	41.4	3.629
2015-09-12 23:52:09.126	22131	11301	-91	-81	10	12.52	41.36	3.632
2015-09-13 00:08:13.23	22131	11301	-91	-81	10
2015-09-13 00:27:15.702	22131	11301	-91	-81	10	12.32	41.37	3.631
2015-09-13 00:32:50.014	22131	11301	-91	-82	10
2015-09-13 01:08:45.906	22131	11301	-94	-83	10	12.21	41.29	3.631
2015-09-13 01:23:07.114	22131	11301	-94	-86	10	12.18	41.29	3.631
2015-09-13 02:10:13.199	22131	11301	-94	-89	10	12.06	41.28	3.632
2015-09-13 02:22:24.443	22131	11301	-94	-89	10
2015-09-13 02:23:29.25	22131	11301	-94	-89	10	12.06	41.24	3.629
2015-09-13 03:28:04.627	22131	11301	-94	-88	10	12.0	41.21	3.629
2015-09-13 03:38:48.778	22131	11301	-94	-85	10
2015-09-13 03:53:23.134	22131	11301	-94	-84	10	12.06	41.18	3.629
2015-09-13 04:11:58.162	22131	11301	-94	-85	10
2015-09-13 04:38:39.735	22131	11301	-94	-85	10	12.07	41.21	3.629
2015-09-13 04:38:42.747	22131	11301	-94	-85	10	12.07	41.21	3.629
2015-09-13 04:38:47.11	22131	11301	-94	-85	10	12.07	41.21	3.629
2015-09-13 04:55:08.298	22131	11301	-91	-85	10	12.03	41.21	3.627
2015-09-13 05:27:55.43	22131	11301	-94	-83	10	11.89	41.26	3.629
2015-09-13 05:27:57.674	22131	11301	-94	-83	10	11.89	41.26	3.629
2015-09-13 05:28:00.862	22131	11301	-94	-83	10	11.89	41.26	3.629
2015-09-13 05:28:07.162	22131	11301	-94	-83	10	11.89	41.26	3.629
2015-09-13 05:28:09.415	22131	11301	-94	-83	10	11.89	41.26	3.629
2015-09-13 06:01:33.747	22131	11301	-91	-84	10
2015-09-13 06:05:58.13	22131	11301	-94	-84	10	11.95	41.17	3.627
2015-09-13 06:34:19.558	22131	11301	-94	-83	10	11.78	41.28	3.627
2015-09-13 06:59:08.211	22131	11301	-94	-84	10	11.64	41.29	3.627
2015-09-13 07:09:23.279	22131	11301	-94	-84	10
2015-09-13 07:39:28.254	22131	11301	-94	-85	10	11.39	41.33	3.627
2015-09-13 07:51:07.158	22131	11301	-94	-85	10
2015-09-13 08:10:07.691	22131	11301	-94	-86	10	11.42	41.14	3.627
2015-09-13 08:30:39.428	22131	11301	-94	-88	10	11.61	40.97	3.626
2015-09-13 09:02:47.094	22131	11301	-94	-80	10	12.04	40.62	3.627
2015-09-13 09:27:16.318	22131	11301	-88	-82	10	12.57	40.39	3.627
2015-09-13 09:40:40.518	22131	11301	-91	-78	10
2015-09-13 10:07:12.702	22131	11301	-94	-82	10	14.14	39.67	3.625
2015-09-13 10:34:55.322	22131	11301	-91	-83	10	15.0	39.77	3.627
2015-09-13 10:40:01.33	22131	11301	-94	-83	10
2015-09-13 11:02:51.354	22131	11301	-91	-81	10	15.31	39.77	3.63
2015-09-13 11:30:17.43	22131	11301	-91	-80	11
2015-09-13 11:58:36.752	22131	11301	-94	-78	10	14.83	40.51	3.625
2015-09-13 12:40:32.894	22131	11301	-94	-85	10	12.47	41.78	3.625
2015-09-13 12:58:47.499	22131	11301	-94	-83	10	12.83	41.07	3.625
2015-09-13 13:19:49.234	22131	11301	-88	-82	10
2015-09-13 13:19:59.743	22131	11301	-88	-79	10	13.5	40.65	3.626
2015-09-13 14:00:11.803	22131	11301	-91	-83	10	13.82	41.11	3.626
2015-09-13 14:10:33.614	22131	11301	-91	-84	10
2015-09-13 14:24:22.427	22131	11301	-91	-81	10	14.89	40.22	3.627
2015-09-13 15:09:23.327	22131	11301	-88	-83	10
2015-09-13 15:11:28.267	22131	11301	-91	-80	10	15.96	40.53	3.626
2015-09-13 15:41:17.607	22131	11301	-91	-81	10	15.93	40.39	3.627
2015-09-13 15:53:03.711	22131	11301	-91	-82	10	15.71	40.76	3.627
2015-09-13 16:24:46.727	22131	11301	-91	-82	10	15.29	41.05	3.626
2015-09-13 16:55:39.395	22131	11301	-91	-81	10	15.07	41.09	3.627
2015-09-13 16:58:59.119	22131	11301	-91	-81	10
2015-09-13 17:40:57.159	22131	11301	-91	-82	10	15.39	40.83	3.629
2015-09-13 17:41:08.543	22131	11301	-91	-81	10
2015-09-13 17:55:41.851	22131	11301	-91	-83	10	15.68	40.56	3.629
2015-09-13 18:39:08.822	22131	11301	-88	-80	10	15.54	41.07	3.629
2015-09-13 18:48:32.048	22131	11301	-91	-80	10
2015-09-13 18:59:19.195	22131	11301	-88	-81	10	15.29	41.24	3.629
2015-09-13 19:23:59.318	22131	11301	-88	-79	10	14.82	41.45	3.627
2015-09-13 19:54:07.342	22131	11301	-88	-79	10	13.86	41.87	3.627
2015-09-13 20:31:34.392	22131	11301	-88	-80	10	12.74	42.0	3.626
2015-09-13 20:38:05.866	22131	11301	-88	-79	10
2015-09-13 21:04:24.246	22131	11301	-88	-79	10	11.88	41.84	3.629
2015-09-13 21:11:43.743	22131	11301	-88	-79	10
2015-09-13 21:32:20.263	22131	11301	-88	-79	10	11.18	41.79	3.625
2015-09-13 22:03:45.03	22131	11301	-85	-79	10	10.75	41.58	3.625
2015-09-13 22:27:40.446	22131	11301	-85	-78	10
2015-09-13 22:41:39.622	22131	11301	-88	-78	10	10.85	41.21	3.624
2015-09-13 23:05:54.614	22131	11301	-85	-78	10	10.97	41.12	3.624
2015-09-13 23:39:39.839	22131	11301	-88	-78	10	10.88	41.18	3.625
2015-09-13 23:58:10.802	22131	11301	-88	-79	10	10.77	41.23	3.625
2015-09-14 00:17:14.935	22131	11301	-88	-79	10
2015-09-14 00:31:09.186	22131	11301	-85	-79	10	10.75	41.13	3.624
2015-09-14 00:42:18.114	22131	11301	-85	-78	10
2015-09-14 00:59:12.174	22131	11301	-88	-77	10	10.54	41.33	3.625
2015-09-14 01:24:24.078	22131	11301	-88	-79	10	10.5	41.17	3.624
2015-09-14 01:51:32.982	22131	11301	-88	-78	10	10.38	41.22	3.624
2015-09-14 02:06:50.386	22131	11301	-88	-78	10
2015-09-14 02:29:53.498	22131	11301	-88	-79	10	10.56	41.04	3.624
2015-09-14 03:05:18.486	22131	11301	-85	-79	10	10.89	40.92	3.624
2015-09-14 03:26:09.37	22131	11301	-85	-78	10	10.52	41.3	3.624
2015-09-14 03:50:39.886	22131	11301	-85	-78	10	10.47	41.29	3.625
2015-09-14 03:56:23.442	22131	11301	-88	-78	10
2015-09-14 04:12:53.359	22131	11301	-85	-79	10
2015-09-14 04:22:48.094	22131	11301	-88	-78	10	10.43	41.16	3.623
2015-09-14 05:09:48.266	22131	11301	-88	-78	10	10.61	41.05	3.623
2015-09-14 05:32:36.627	22131	11301	-88	-78	10	10.77	41.0	3.621
2015-09-14 05:45:56.298	22131	11301	-88	-78	10
2015-09-14 05:55:36.442	22131	11301	-85	-79	10	10.6	41.18	3.625
2015-09-14 06:20:55.467	22131	11301	-85	-78	10	10.28	41.46	3.623
2015-09-14 06:50:38.904	22131	11301	-88	-78	10	10.43	41.22	3.615
2015-09-14 07:21:57.198	22131	11301	-88	-78	10	10.2	41.39	3.623
2015-09-14 07:35:30.99	22131	11301	-88	-78	10
2015-09-14 07:43:30.346	22131	11301	-85	-78	10
2015-09-14 08:12:00.714	22131	11301	-85	-78	10	10.61	41.02	3.621
2015-09-14 08:40:58.39	22131	11301	-88	-79	10	11.42	40.65	3.621
2015-09-14 08:50:11.134	22131	11301	-88	-79	10	11.78	40.5	3.62
2015-09-14 09:25:05.782	22131	11301	-88	-79	10
2015-09-14 09:35:49.234	22131	11301	-88	-79	10	14.0	39.92	3.624
2015-09-14 09:57:30.743	22131	11301	-88	-80	10	15.54	39.3	3.623
2015-09-14 10:28:15.494	22131	11301	-88	-80	10	16.93	39.71	3.626
2015-09-14 10:52:12.834	22131	11301	-88	-81	10	18.17	39.57	3.625
2015-09-14 11:14:06.651	22131	11301	-88	-79	10
2015-09-14 11:14:39.378	22131	11301	-85	-78	10
2015-09-14 11:21:59.398	22131	11301	-88	-78	10	19.24	39.95	3.625
2015-09-14 12:03:14.85	22131	11301	-91	-81	10	20.24	40.79	3.629
2015-09-14 12:35:48.087	22131	11301	-91	-79	10	20.74	40.65	3.626
2015-09-14 13:01:28.418	22131	11301	-94	-80	10	21.26	40.7	3.63
2015-09-14 13:04:13.514	22131	11301	-94	-84	10
2015-09-14 13:23:35.642	22131	11301	-88	-81	10	21.5	40.93	3.632
2015-09-14 14:07:01.878	22131	11301	-94	-81	10	22.2	40.77	3.631
2015-09-14 14:41:57.867	22131	11301	-88	-84	10	22.46	41.06	3.632
2015-09-14 14:44:39.314	22131	11301	-88	-79	10
2015-09-14 14:53:48.126	22131	11301	-91	-81	10
2015-09-14 14:54:18.666	22131	11301	-91	-82	10	22.77	40.83	3.635
2015-09-14 15:34:45.134	22131	11301	-94	-83	10	22.9	41.28	3.636
2015-09-14 16:03:16.982	22131	11301	-91	-81	10	22.89	41.55	3.635
2015-09-14 16:26:45.678	22131	11301	-88	-81	10	22.65	41.72	3.637
2015-09-14 16:43:21.706	22131	11301	-91	-81	10
2015-09-14 16:54:51.503	22131	11301	-88	-81	10	22.47	41.83	3.636
2015-09-14 17:38:07.91	22131	11301	-94	-82	10	22.02	41.95	3.637
2015-09-14 17:58:26.23	22131	11301	-88	-82	10	21.67	42.14	3.64
2015-09-14 18:15:14.331	22131	11301	-94	-81	10
2015-09-14 18:32:55.178	22131	11301	-91	-81	10
2015-09-14 18:41:01.686	22131	11301	-88	-81	10	20.46	42.54	3.637
2015-09-14 18:57:50.826	22131	11301	-88	-80	10	19.35	43.04	3.637
2015-09-14 19:38:24.743	22131	11301	-88	-79	10	17.46	42.99	3.635
2015-09-14 20:03:06.566	22131	11301	-88	-78	10	16.68	42.74	3.635
2015-09-14 20:22:30.243	22131	11301	-88	-78	10
2015-09-14 20:33:51.318	22131	11301	-88	-79	10	15.99	42.53	3.634
2015-09-14 20:53:02.962	22131	11301	-85	-78	10	15.64	42.42	3.635
2015-09-14 21:34:48.755	22131	11301	-88	-78	10	15.14	42.2	3.636
2015-09-14 21:45:49.29	22131	11301	-85	-78	10
2015-09-14 22:09:33.326	22131	11301	-85	-78	10	14.78	42.1	3.634
2015-09-14 22:12:04.65	22131	11301	-85	-77	10
2015-09-14 22:22:04.062	22131	11301	-88	-78	10	14.64	42.08	3.634
2015-09-14 23:09:22.074	22131	11301	-85	-78	10	14.24	42.07	3.634
2015-09-14 23:39:12.778	22131	11301	-88	-78	10	13.9	42.03	3.634
2015-09-15 00:01:38.062	22131	11301	-88	-78	10
2015-09-15 00:03:36.959	22131	11301	-85	-78	10	13.86	41.87	3.634
2015-09-15 00:26:53.915	22131	11301	-88	-78	10	13.65	41.91	3.631
2015-09-15 01:10:21.966	22131	11301	-85	-78	10	13.14	41.98	3.631
2015-09-15 01:16:24.184	22131	11301	-85	-77	10
2015-09-15 01:27:26.394	22131	11301	-85	-78	10	13.0	42.0	3.631
2015-09-15 01:51:12.775	22131	11301	-85	-78	10
2015-09-15 02:03:59.007	22131	11301	-85	-78	10	12.72	41.93	3.632
2015-09-15 02:40:54.122	22131	11301	-88	-78	10	12.46	41.97	3.632
2015-09-15 03:08:35.802	22131	11301	-85	-78	10	12.2	41.94	3.632
2015-09-15 03:38:10.154	22131	11301	-85	-77	10	12.03	41.89	3.629
2015-09-15 03:40:46.738	22131	11301	-85	-77	10
2015-09-15 04:06:31.526	22131	11301	-85	-77	10	11.78	41.89	3.631
2015-09-15 04:26:26.967	22131	11301	-85	-78	10	11.56	41.93	3.63
2015-09-15 04:46:59.019	22131	11301	-85	-78	10
2015-09-15 04:58:35.814	22131	11301	-85	-78	10	11.32	41.9	3.63
2015-09-15 05:26:08.742	22131	11301	-85	-78	10	11.18	41.82	3.63
2015-09-15 05:30:23.254	22131	11301	-88	-78	10
2015-09-15 05:52:45.495	22131	11301	-88	-78	10	11.0	41.83	3.629
2015-09-15 06:28:11.087	22131	11301	-88	-79	10	10.78	41.81	3.629
2015-09-15 07:21:47.146	22131	11301	-88	-79	10	10.68	41.8	3.629
2015-09-15 07:50:56.11	22131	11301	-88	-79	10	10.97	41.54	3.629
2015-09-15 08:17:34.81	22131	11301	-88	-79	10
2015-09-15 10:07:14.054	22131	11301	-88	-79	10	18.36	39.26	3.627
2015-09-15 10:37:30.038	22131	11301	-88	-78	10	19.68	39.53	3.631
2015-09-15 10:59:03.355	22131	11301	-88	-80	10
2015-09-15 11:01:52.467	22131	11301	-85	-80	10	20.1	40.44	3.63
2015-09-15 11:40:40.739	22131	11301	-88	-79	10	22.0	40.04	3.632
2015-09-15 11:48:09.674	22131	11301	-88	-78	10
2015-09-15 11:55:31.942	22131	11301	-88	-81	10	22.14	40.6	3.619
2015-09-15 12:52:32.195	22131	11301	-88	-79	10	23.46	40.94	3.636
2015-09-15 13:38:28.195	22131	11301	-88	-79	10	24.39	41.34	3.636
2015-09-15 13:55:20.042	22131	11301	-91	-80	10	24.72	41.27	3.636
2015-09-15 14:35:10.59	22131	11301	-88	-81	10	25.05	41.51	3.637
2015-09-15 14:38:11.75	22131	11301	-88	-80	10
2015-09-15 15:06:00.887	22131	11301	-91	-80	10	25.61	41.24	3.638
2015-09-15 15:18:46.355	22131	11301	-85	-80	10
2015-09-15 15:32:42.042	22131	11301	-94	-81	10	25.49	41.7	3.642
2015-09-15 15:59:57.739	22131	11301	-88	-82	10	25.22	42.04	3.641
2015-09-15 16:27:45.547	22131	11301	-88	-81	10
2015-09-15 16:35:43.663	22131	11301	-91	-81	10	24.93	42.17	3.643
2015-09-15 16:56:49.966	22131	11301	-91	-79	10	24.77	42.25	3.642
2015-09-15 17:21:40.03	22131	11301	-91	-81	10	24.58	42.27	3.641
2015-09-15 17:58:02.75	22131	11301	-91	-80	10	23.96	42.33	3.643
2015-09-15 18:17:20.162	22131	11301	-91	-80	10
2015-09-15 18:39:42.346	22131	11301	-88	-80	10	22.27	43.01	3.641
2015-09-15 18:49:19.395	22131	11301	-88	-80	10
2015-09-15 18:50:57.227	22131	11301	-88	-80	10	21.88	43.03	3.642
2015-09-15 19:23:37.951	22131	11301	-88	-79	10	20.63	43.22	3.642
2015-09-15 20:01:32.494	22131	11301	-88	-79	10	19.22	43.29	3.641
2015-09-15 20:06:54.358	22131	11301	-88	-78	10
2015-09-15 20:38:17.382	22131	11301	-88	-79	10	18.22	43.17	3.641
2015-09-15 21:00:03.934	22131	11301	-88	-79	10	17.77	43.02	3.64
2015-09-15 21:30:13.687	22131	11301	-88	-78	10	17.33	42.84	3.638
2015-09-15 21:56:28.346	22131	11301	-88	-78	10
2015-09-15 22:01:35.342	22131	11301	-88	-78	10	16.99	42.67	3.64
2015-09-15 22:19:54.307	22131	11301	-85	-78	10
2015-09-15 22:25:54.662	22131	11301	-88	-78	10	16.78	42.65	3.64
2015-09-15 22:59:15.958	22131	11301	-85	-79	10	16.22	42.81	3.638
2015-09-15 23:40:31.099	22131	11301	-85	-78	10	15.96	42.52	3.638
2015-09-15 23:46:02.587	22131	11301	-85	-78	10
2015-09-16 00:01:47.459	22131	11301	-88	-78	10	15.75	42.57	3.637
2015-09-16 00:25:13.934	22131	11301	-88	-78	10	15.63	42.52	3.641
2015-09-16 00:55:28.49	22131	11301	-88	-78	10	15.28	42.61	3.636
2015-09-16 01:31:51.079	22131	11301	-85	-78	10	14.99	42.54	3.634
2015-09-16 01:35:36.29	22131	11301	-88	-78	10
2015-09-16 01:50:29.846	22131	11301	-85	-78	10
2015-09-16 01:58:59.135	22131	11301	-88	-78	10	14.6	42.66	3.636
2015-09-16 02:39:15.37	22131	11301	-88	-78	10	14.36	42.51	3.636
2015-09-16 02:50:02.738	22131	11301	-85	-78	10	14.29	42.5	3.637
2015-09-16 03:25:12.182	22131	11301	-88	-78	10
2015-09-16 03:33:16.546	22131	11301	-88	-78	10	14.03	42.5	3.635
2015-09-16 03:58:33.282	22131	11301	-88	-78	10	13.93	42.46	3.635
2015-09-16 04:27:51.847	22131	11301	-88	-79	10	13.79	42.44	3.636
2015-09-16 05:00:32.958	22131	11301	-88	-78	10	13.64	42.43	3.635
2015-09-16 10:30:50.498	22131	11301	-88	-82	10	21.26	40.23	3.632
2015-09-16 10:43:26.835	22131	11301	-88	-81	10
2015-09-16 10:51:08.567	22131	11301	-88	-80	10	22.11	40.53	3.632
2015-09-16 11:58:55.255	22131	11301	-88	-79	10	24.71	41.0	3.637
2015-09-16 13:41:48.499	22131	11301	-91	-81	10	27.01	41.86	3.641
2015-09-16 13:54:51.822	22131	11301	-91	-81	10	27.02	42.06	3.64
2015-09-16 14:22:36.202	22131	11301	-91	-81	10
2015-09-16 14:32:37.458	22131	11301	-91	-81	10	27.36	42.07	3.642
2015-09-16 14:57:40.699	22131	11301	-91	-81	10	27.58	42.16	3.641
2015-09-16 15:24:26.927	22131	11301	-91	-82	10	27.61	42.19	3.642
2015-09-16 16:23:33.235	22131	11301	-91	-81	10	27.4	42.41	3.642
2015-09-16 18:01:43.734	22131	11301	-91	-81	10
2015-09-16 18:07:26.267	22131	11301	-88	-81	10	24.94	43.04	3.643
2015-09-16 18:23:28.719	22131	11301	-91	-81	10	24.15	43.49	3.643
2015-09-17 15:56:33.626	22131	11301	-91	-80	10
2015-09-17 16:26:55.042	22131	11301	-88	-83	10
2015-09-17 17:31:50.539	22131	11301	-91	-81	10	26.49	43.41	3.643
2015-09-17 18:11:59.114	22131	11301	-91	-81	10	25.16	43.8	3.643
2015-09-17 19:35:41.666	22131	11301	-88	-79	10
2015-09-17 19:57:30.919	22131	11301	-88	-80	10
2015-09-17 20:55:09.422	22131	11301	-88	-79	10	19.57	43.88	3.641
2015-09-17 21:25:15.955	22131	11301	-88	-79	10
2015-09-17 23:14:51.082	22131	11301	-88	-78	10
2015-09-17 23:32:40.499	22131	11301	-88	-79	10	17.28	43.42	3.64
2015-09-18 00:33:05.182	22131	11301	-88	-79	10	16.82	43.24	3.638
2015-09-18 02:39:41.374	22131	11301	-88	-78	10	15.61	43.23	3.636
2015-09-18 02:53:59.39	22131	11301	-85	-78	10
2015-09-18 04:37:20.106	22131	11301	-85	-78	10	14.83	43.24	3.635
2015-09-18 06:29:16.007	22131	11301	-88	-78	10
2015-09-18 07:05:02.487	22131	11301	-88	-78	10	14.02	43.11	3.635
2015-09-18 10:53:27.639	22131	11301	-91	-81	10	23.28	41.12	3.637
2015-09-18 12:01:50.968	22131	11301	-88	-77	10
2015-09-18 15:41:03.855	22131	11301	-91	-78	10
2015-09-18 17:21:02.431	22131	11301	-91	-83	10	27.21	43.93	3.647
2015-09-18 19:00:10.935	22131	11301	-94	-82	10	22.86	44.72	3.647
2015-09-18 20:38:51.571	22131	11301	-94	-83	10	20.43	44.11	3.645
2015-09-18 21:09:40.754	22131	11301	-91	-84	10
2015-09-18 23:52:09.543	22131	11301	-91	-85	10	19.15	43.67	3.642
2015-09-19 02:11:54.607	22131	11301	-91	-83	10	19.07	43.57	3.641
2015-09-19 03:27:45.922	22131	11301	-88	-82	10	18.64	43.45	3.64
2015-09-19 04:27:56.954	22131	11301	-91	-81	10
2015-09-19 20:54:17.848	22131	11301	-94	-89	11
2015-09-19 20:54:28.599	22131	11301	-94	-89	11	17.08	44.73	3.636
2015-09-19 21:05:41.347	22131	11301	-94	-85	10
