result_time	node_id	parent_id	stats_frssi	stats_brssi	etx	temperature	humidity	voltage
2015-07-10 15:08:06.174	22131	10501	-94	-86	10	23.5	71.85	3.852
2015-07-10 15:10:23.935	22131	10501	-94	-89	10	23.39	72.72	3.852
2015-07-10 15:59:56.858	22131	10501	-94	-85	10	22.83	74.71	3.85
2015-07-10 16:55:26.086	22131	10501	-94	-85	10
2015-07-10 17:19:38.09	22131	10501	-94	-88	10	23.1	74.21	3.847
2015-07-10 18:36:23.322	22131	10501	-94	-85	10
2015-07-10 19:56:39.599	22131	10501	-94	-86	10	20.83	76.33	3.845
2015-07-10 21:59:31.79	22131	10501	-94	-87	10	19.32	77.74	3.841
2015-07-10 22:24:05.774	22131	10501	-94	-87	10
2015-07-10 23:57:59.862	22131	10501	-94	-87	10	18.65	78.62	3.841
2015-07-11 01:00:48.39	22131	10501	-94	-86	10	18.39	78.85	3.839
2015-07-11 01:37:34.355	22131	10501	-94	-86	10
2015-07-11 04:49:56.119	22131	10501	-94	-85	10	16.56	82.21	3.824
2015-07-11 05:12:59.307	22131	10501	-94	-85	10	16.32	82.3	3.833
2015-07-11 06:22:26.946	22131	10501	-91	-85	10	15.78	82.11	3.831
2015-07-11 07:24:45.635	22131	10501	-94	-84	10	16.24	81.79	3.831
2015-07-11 08:25:50.362	22131	10501	-94	-85	10	18.04	80.45	3.83
2015-07-11 09:21:32.578	22131	10501	-94	-85	10
2015-07-11 10:26:15.03	22131	10501	-91	-86	10	23.32	75.32	3.833
2015-07-11 13:30:52.795	22131	10501	-94	-88	10	29.86	63.54	3.834
2015-07-11 14:50:13.386	22131	10501	-94	-87	10
2015-07-11 15:15:05.594	22131	10501	-94	-85	10	28.19	64.97	3.831
2015-07-11 15:42:46.398	22131	10501	-94	-84	10	27.6	65.59	3.833
2015-07-11 16:39:47.37	22131	10501	-94	-84	10
2015-07-11 17:46:39.979	22131	10501	-94	-85	10	27.94	64.87	3.831
2015-07-11 18:29:22.206	22131	10501	-91	-85	10	25.66	67.92	3.83
2015-07-11 19:10:28.51	22131	10501	-91	-83	10
2015-07-11 19:49:59.59	22131	10501	-91	-84	10	22.83	71.25	3.828
2015-07-11 21:31:54.788	22131	10501	-91	-84	10	19.9	74.0	3.825
2015-07-11 22:08:29.123	22131	10501	-94	-85	10
2015-07-11 22:50:53.274	22131	10501	-94	-85	10	18.93	75.07	3.823
2015-07-11 23:59:24.659	22131	10501	-91	-84	10	18.1	76.39	3.822
2015-07-12 01:28:11.615	22131	10501	-94	-85	10	17.2	77.41	3.819
2015-07-12 01:41:58.218	22131	10501	-94	-84	10	17.04	77.48	3.819
2015-07-12 01:47:37.366	22131	10501	-94	-84	10
2015-07-12 02:16:32.587	22131	10501	-91	-84	10	16.67	77.76	3.819
2015-07-12 03:17:05.067	22131	10501	-91	-85	10	16.64	78.07	3.817
2015-07-12 04:25:45.675	22131	10501	-94	-84	10	16.47	78.27	3.817
2015-07-12 05:26:45.294	22131	10501	-94	-85	10
2015-07-12 05:59:20.626	22131	10501	-94	-85	10	16.36	78.93	3.815
2015-07-12 06:26:05.774	22131	10501	-94	-85	10	16.47	78.93	3.815
2015-07-12 07:02:28.402	22131	10501	-91	-84	10	16.82	78.77	3.815
2015-07-12 07:16:19.699	22131	10501	-94	-85	10
2015-07-12 07:25:32.974	22131	10501	-91	-84	10	17.24	78.37	3.813
2015-07-12 07:55:42.043	22131	10501	-91	-84	10	17.75	78.02	3.814
2015-07-12 08:19:17.082	22131	10501	-94	-85	10	18.28	77.68	3.815
2015-07-12 11:30:04.547	22131	10501	-94	-84	10	24.83	72.44	3.817
2015-07-12 13:30:42.634	22131	10501	-91	-84	10	26.54	68.6	3.817
2015-07-12 14:17:58.383	22131	10501	-94	-83	10	27.19	67.93	3.818
2015-07-12 15:01:20.155	22131	10501	-91	-83	10	26.54	69.37	3.817
2015-07-12 17:25:40.535	22131	10501	-94	-85	10	20.65	76.3	3.813
2015-07-12 18:59:50.999	22131	10501	-94	-82	10	20.92	76.8	3.812
2015-07-12 19:44:34.215	22131	10501	-94	-83	10
2015-07-12 20:03:20.064	22131	10501	-94	-86	10
2015-07-12 22:12:41.835	22131	10501	-91	-85	10	18.85	79.41	3.809
2015-07-12 23:41:55.226	22131	10501	-94	-85	10	18.75	79.7	3.808
2015-07-13 02:45:44.222	22131	10501	-91	-87	10
2015-07-13 03:42:34.134	22131	10501	-94	-84	10	18.92	80.56	3.804
2015-07-13 05:11:10.486	22131	10501	-94	-84	10
2015-07-13 07:00:44.442	22131	10501	-91	-84	10
2015-07-13 09:02:56.195	22131	10501	-94	-84	10	21.06	79.18	3.806
2015-07-13 10:25:48.443	22131	10501	-94	-84	10	22.88	77.79	3.804
2015-07-13 13:24:02.246	22131	10501	-91	-83	10	28.3	70.58	3.809
2015-07-13 16:22:17.002	22131	10501	-94	-85	10	26.47	73.42	3.809
2015-07-13 17:58:09.319	22131	10501	-94	-87	10
2015-07-13 18:44:40.778	22131	10501	-94	-88	10	25.1	76.14	3.807
2015-07-13 19:47:42.691	22131	10501	-91	-86	10
2015-07-13 20:18:39.238	22131	10501	-94	-85	10
2015-07-13 20:43:20.438	22131	10501	-94	-86	10	23.02	78.88	3.804
2015-07-13 23:49:15.17	22131	10501	-91	-83	10
2015-07-14 00:21:53.498	22131	10501	-94	-83	10	20.36	83.18	3.801
2015-07-14 02:32:05.558	22131	10501	-91	-85	10	20.61	84.07	3.8
2015-07-14 03:06:00.115	22131	10501	-94	-85	10
2015-07-14 03:19:48.915	22131	10501	-91	-89	10
2015-07-14 04:13:21.851	22131	10501	-94	-84	10	20.35	84.98	3.798
2015-07-14 06:45:10.072	22131	10501	-94	-83	10
2015-07-14 07:30:53.79	22131	10501	-94	-83	10	19.97	85.26	3.796
2015-07-14 08:34:42.163	22131	10501	-94	-89	10
2015-07-14 08:56:03.631	22131	10501	-94	-85	10	21.43	84.03	3.797
2015-07-14 09:33:59.907	22131	10501	-91	-84	10	22.71	82.46	3.797
2015-07-14 10:24:15.755	22131	10501	-94	-82	10
2015-07-14 12:13:50.795	22131	10501	-94	-85	10
2015-07-14 13:30:26.263	22131	10501	-94	-82	10	26.6	73.47	3.8
2015-07-14 14:25:14.007	22131	10501	-91	-85	10	26.8	72.53	3.797
2015-07-14 18:21:08.87	22131	10501	-94	-89	10	22.26	80.4	3.798
2015-07-14 19:12:16.614	22131	10501	-94	-90	10	20.32	82.65	3.796
2015-07-14 19:54:01.874	22131	10501	-94	-84	10	19.67	83.8	3.796
2015-07-14 20:28:58.199	22131	10501	-94	-88	10	19.71	83.41	3.796
2015-07-14 20:52:45.435	22131	10501	-94	-85	10
2015-07-14 21:21:40.999	22131	10501	-94	-84	10
2015-07-14 21:24:48.463	22131	10501	-94	-89	10	19.54	83.27	3.793
2015-07-14 22:02:40.871	22131	10501	-94	-86	10	19.64	83.22	3.792
2015-07-14 22:33:57.595	22131	10501	-94	-85	10	19.7	83.16	3.795
2015-07-14 22:54:44.883	22131	10501	-94	-85	10	19.72	83.14	3.793
2015-07-14 23:11:15.098	22131	10501	-94	-87	10
2015-07-14 23:31:40.783	22131	10501	-94	-87	10	19.82	83.19	3.793
2015-07-14 23:50:51.527	22131	10501	-94	-86	10	19.83	83.24	3.791
2015-07-15 00:22:01.506	22131	10501	-94	-87	10	19.82	83.41	3.792
2015-07-15 00:23:19.779	22131	10501	-94	-85	10
2015-07-15 00:53:31.758	22131	10501	-94	-85	10	19.75	84.0	3.792
2015-07-15 01:00:49.175	22131	10501	-94	-88	10
2015-07-15 01:28:33.683	22131	10501	-94	-85	10	19.72	84.04	3.791
2015-07-15 01:59:38.087	22131	10501	-94	-85	10	19.7	84.03	3.791
2015-07-15 02:50:23.926	22131	10501	-94	-83	10
2015-07-15 03:15:45.73	22131	10501	-91	-85	10	19.74	84.29	3.792
2015-07-15 03:53:54.755	22131	10501	-94	-83	10
2015-07-15 04:39:57.667	22131	10501	-91	-82	10
2015-07-15 05:54:31.491	22131	10501	-88	-83	10	19.82	84.88	3.79
2015-07-15 06:29:34.138	22131	10501	-91	-83	10
2015-07-15 07:21:04.482	22131	10501	-88	-82	10	20.06	84.98	3.79
2015-07-15 07:48:27.614	22131	10501	-91	-82	10	20.18	85.01	3.789
2015-07-15 08:19:06.222	22131	10501	-91	-83	10
2015-07-15 09:42:08.102	22131	10501	-91	-82	10	21.36	84.64	3.789
2015-07-15 11:58:15.282	22131	10501	-91	-81	10
2015-07-15 12:51:57.198	22131	10501	-94	-81	10	22.74	83.21	3.79
2015-07-15 14:25:39.727	22131	10501	-94	-83	10
2015-07-15 14:44:22.951	22131	10501	-91	-83	10	23.96	79.97	3.789
2015-07-15 15:37:22.99	22131	10501	-94	-83	10
2015-07-15 16:01:14.294	22131	10501	-91	-82	10	24.97	77.74	3.79
2015-07-15 16:50:40.422	22131	10501	-94	-82	10	24.71	77.87	3.79
2015-07-15 17:27:28.479	22131	10501	-94	-83	10	25.41	76.53	3.789
2015-07-15 17:56:15.046	22131	10501	-91	-83	10
2015-07-15 18:55:11.274	22131	10501	-91	-83	10	23.52	78.13	3.789
2015-07-15 19:16:31.511	22131	10501	-88	-83	10
2015-07-15 20:13:55.251	22131	10501	-94	-82	10	21.28	80.11	3.786
2015-07-15 21:06:05.139	22131	10501	-94	-82	10
2015-07-15 21:26:50.586	22131	10501	-91	-82	10
2015-07-15 22:14:33.466	22131	10501	-91	-80	10	18.22	81.93	3.785
2015-07-15 23:44:34.194	22131	10501	-91	-82	10	16.29	82.89	3.782
2015-07-16 00:26:19.999	22131	10501	-88	-83	10	15.57	83.22	3.782
2015-07-16 00:45:25.554	22131	10501	-91	-82	10
2015-07-16 00:49:47.574	22131	10501	-91	-82	10	15.24	83.36	3.782
2015-07-16 00:57:25.162	22131	10501	-91	-82	10
2015-07-16 01:12:05.838	22131	10501	-91	-82	10	14.72	83.76	3.781
2015-07-16 01:55:21.042	22131	10501	-91	-82	10	14.14	84.21	3.781
2015-07-16 02:17:44.247	22131	10501	-91	-82	10	13.93	84.3	3.781
2015-07-16 02:34:53.702	22131	10501	-91	-81	10
2015-07-16 03:02:32.106	22131	10501	-91	-81	10	13.36	84.7	3.779
2015-07-16 03:33:21.435	22131	10501	-91	-81	10	13.22	84.81	3.779
2015-07-16 03:47:28.342	22131	10501	-91	-80	10	13.18	84.8	3.78
2015-07-16 04:12:55.438	22131	10501	-94	-81	10	13.04	84.84	3.779
2015-07-16 04:24:22.078	22131	10501	-91	-82	10
2015-07-16 04:27:59.794	22131	10501	-91	-82	10
2015-07-16 05:55:33.259	22131	10501	-91	-81	10	12.52	85.73	3.778
2015-07-16 07:58:36.014	22131	10501	-91	-82	10
2015-07-16 11:29:09.923	22131	10501	-91	-80	10
2015-07-16 11:43:10.538	22131	10501	-91	-81	10	21.7	75.67	3.78
2015-07-16 15:21:46.77	22131	10501	-94	-82	10
2015-07-16 16:25:00.015	22131	10501	-91	-82	10	26.58	64.56	3.784
2015-07-16 17:11:21.578	22131	10501	-91	-83	10
2015-07-16 17:50:59.955	22131	10501	-91	-84	10	26.1	64.89	3.782
2015-07-16 18:30:19.838	22131	10501	-94	-84	10
2015-07-16 19:00:55.646	22131	10501	-94	-83	10
2015-07-16 20:02:55.371	22131	10501	-94	-84	10	21.61	71.64	3.782
2015-07-16 20:46:34.13	22131	10501	-94	-83	10	20.02	73.37	3.781
2015-07-16 21:13:56.734	22131	10501	-91	-83	10	18.97	74.35	3.781
2015-07-16 22:51:52.598	22131	10501	-91	-83	10	17.04	76.12	3.778
2015-07-17 00:22:41.202	22131	10501	-91	-82	10	16.5	76.64	3.775
2015-07-17 01:27:37.559	22131	10501	-91	-82	10	16.71	77.02	3.778
2015-07-17 02:19:40.67	22131	10501	-91	-83	10	16.89	77.11	3.776
2015-07-17 02:46:44.714	22131	10501	-91	-82	10	16.77	77.39	3.775
2015-07-17 03:32:15.067	22131	10501	-91	-82	10	16.52	77.84	3.775
2015-07-17 03:53:54.046	22131	10501	-91	-82	10	16.25	78.14	3.774
2015-07-17 04:08:45.898	22131	10501	-88	-82	10
2015-07-17 04:29:40.003	22131	10501	-91	-82	10	15.75	78.78	3.774
2015-07-17 04:45:15.031	22131	10501	-88	-81	10	15.61	78.95	3.774
2015-07-17 05:02:04.982	22131	10501	-88	-81	10
2015-07-17 05:15:11.05	22131	10501	-88	-81	10	15.46	79.2	3.773
2015-07-17 05:44:16.254	22131	10501	-88	-81	10	15.18	79.67	3.773
2015-07-17 05:58:19.683	22131	10501	-91	-80	10
2015-07-17 06:28:59.982	22131	10501	-88	-80	10	15.07	79.98	3.773
2015-07-17 06:45:47.494	22131	10501	-91	-81	10	15.31	79.9	3.773
2015-07-17 07:25:33.647	22131	10501	-91	-81	10	16.47	78.93	3.773
2015-07-17 07:41:49.035	22131	10501	-88	-80	10	16.95	78.49	3.773
2015-07-17 07:47:53.77	22131	10501	-88	-80	10
2015-07-17 08:29:47.41	22131	10501	-91	-80	10	18.99	77.04	3.774
2015-07-17 08:32:40.298	22131	10501	-88	-81	10
2015-07-17 08:44:15.846	22131	10501	-91	-82	10	19.39	76.89	3.775
2015-07-17 09:30:36.467	22131	10501	-88	-81	10	20.79	76.41	3.775
2015-07-17 09:37:29.326	22131	10501	-91	-81	10
2015-07-17 09:55:20.415	22131	10501	-94	-82	10	22.28	74.84	3.774
2015-07-17 10:49:47.358	22131	10501	-91	-84	10	23.78	73.82	3.775
2015-07-17 11:44:08.326	22131	10501	-91	-83	10	25.29	72.92	3.778
2015-07-17 13:12:04.894	22131	10501	-91	-84	10	26.1	71.12	3.778
2015-07-17 14:33:31.882	22131	10501	-91	-85	10	26.97	70.66	3.779
2015-07-17 15:06:11.09	22131	10501	-91	-83	10
2015-07-17 15:33:53.578	22131	10501	-91	-82	10
2015-07-17 16:24:59.063	22131	10501	-91	-84	10	27.68	71.24	3.78
2015-07-17 16:55:44.486	22131	10501	-91	-82	10
2015-07-17 17:01:34.118	22131	10501	-94	-83	10	27.27	71.48	3.781
2015-07-17 17:24:25.35	22131	10501	-91	-83	10	27.43	71.48	3.78
2015-07-17 17:51:56.742	22131	10501	-91	-83	10	27.27	72.02	3.77
2015-07-17 18:13:05.45	22131	10501	-88	-84	10	27.85	71.33	3.781
2015-07-17 18:46:50.29	22131	10501	-91	-84	10	27.44	72.05	3.78
2015-07-17 19:04:24.895	22131	10501	-91	-84	10
2015-07-17 19:24:51.67	22131	10501	-91	-85	10	27.02	72.68	3.78
2015-07-17 20:23:27.314	22131	10501	-94	-84	10	25.8	74.79	3.782
2015-07-17 20:57:56.43	22131	10501	-94	-83	10	25.47	75.58	3.78
2015-07-17 21:46:13.087	22131	10501	-91	-83	10	24.74	76.83	3.779
2015-07-17 22:24:28.259	22131	10501	-91	-84	10
2015-07-17 22:53:23.871	22131	10501	-91	-82	10	24.82	77.6	3.779
2015-07-17 23:44:37.463	22131	10501	-91	-84	10	24.74	78.28	3.78
2015-07-18 00:33:13.403	22131	10501	-91	-84	10	24.46	78.73	3.779
2015-07-18 01:21:47.711	22131	10501	-91	-83	10	24.08	79.58	3.779
2015-07-18 02:03:36.011	22131	10501	-91	-82	10
2015-07-18 02:32:03.067	22131	10501	-91	-83	10	24.04	79.99	3.779
2015-07-18 03:24:12.823	22131	10501	-91	-83	10	24.19	80.23	3.768
2015-07-18 03:53:10.274	22131	10501	-91	-83	10
2015-07-18 05:00:30.983	22131	10501	-94	-83	10	23.33	81.41	3.778
2015-07-18 05:36:10.635	22131	10501	-91	-84	10
2015-07-18 05:49:51.215	22131	10501	-91	-85	10	22.88	81.7	3.776
2015-07-18 07:03:18.363	22131	10501	-94	-83	10	23.43	81.69	3.775
2015-07-18 07:32:18.934	22131	10501	-94	-83	10
2015-07-18 08:27:47.643	22131	10501	-94	-87	10	24.54	81.77	3.767
2015-07-18 09:06:45.411	22131	10501	-94	-83	10
2015-07-18 09:27:16.675	22131	10501	-94	-85	10	25.66	80.47	3.776
2015-07-18 09:57:10.23	22131	10501	-94	-84	10	26.9	78.02	3.776
2015-07-18 10:24:56.923	22131	10501	-91	-85	10	28.05	76.01	3.776
2015-07-18 10:56:30.363	22131	10501	-88	-84	10	28.8	74.2	3.778
2015-07-18 11:11:26.643	22131	10501	-97	-83	10
2015-07-18 11:33:25.503	22131	10501	-88	-84	10	29.01	73.17	3.779
2015-07-18 12:15:10.963	22131	10501	-94	-83	10	29.61	71.66	3.78
2015-07-18 12:47:53.815	22131	10501	-91	-84	10	29.46	70.97	3.779
2015-07-18 13:01:00.703	22131	10501	-94	-82	10
2015-07-18 13:32:59.695	22131	10501	-91	-82	10	32.13	66.17	3.78
2015-07-18 13:58:29.687	22131	10501	-94	-88	10	30.54	69.04	3.78
2015-07-18 14:17:41.346	22131	10501	-94	-82	10	31.65	66.81	3.78
2015-07-18 14:50:38.72	22131	10501	-91	-85	10
2015-07-18 14:55:40.815	22131	10501	-91	-81	10	31.04	67.12	3.781
2015-07-18 15:14:07.978	22131	10501	-94	-82	10	30.43	68.29	3.782
2015-07-18 16:32:04.055	22131	10501	-91	-84	10	31.05	67.12	3.781
2015-07-18 17:49:37.082	22131	10501	-94	-85	10	31.49	65.94	3.781
2015-07-18 18:18:43.094	22131	10501	-94	-85	10	30.49	67.65	3.781
2015-07-18 18:29:43.422	22131	10501	-94	-88	10
2015-07-18 19:26:57.89	22131	10501	-94	-85	10	28.27	70.44	3.781
2015-07-18 19:38:30.238	22131	10501	-94	-84	10
2015-07-18 19:49:54.866	22131	10501	-94	-86	10	27.29	71.8	3.78
2015-07-18 20:15:33.306	22131	10501	-91	-86	10	26.46	73.08	3.778
2015-07-18 20:19:17.823	22131	10501	-94	-85	10
2015-07-18 20:46:29.251	22131	10501	-94	-86	10	25.43	74.58	3.779
2015-07-18 21:21:29.039	22131	10501	-94	-84	10	24.63	75.55	3.778
2015-07-18 21:58:21.21	22131	10501	-91	-84	10	24.08	76.5	3.778
2015-07-18 23:03:51.807	22131	10501	-94	-85	10	23.72	77.24	3.775
2015-07-18 23:09:06.186	22131	10501	-91	-84	10
2015-07-18 23:33:47.035	22131	10501	-94	-85	10	24.07	77.07	3.776
2015-07-18 23:43:46.563	22131	10501	-91	-84	10	24.11	77.18	3.778
2015-07-18 23:58:25.774	22131	10501	-91	-85	10
2015-07-19 00:12:26.714	22131	10501	-94	-85	10	23.9	77.89	3.778
2015-07-19 00:53:15.922	22131	10501	-91	-85	10	23.58	78.52	3.776
2015-07-19 01:17:45.934	22131	10501	-91	-84	10	23.57	78.73	3.775
2015-07-19 01:47:59.506	22131	10501	-91	-84	10
2015-07-19 02:03:33.575	22131	10501	-91	-84	10	23.36	79.14	3.778
2015-07-19 02:30:03.962	22131	10501	-91	-84	10	23.22	79.4	3.775
2015-07-19 02:39:50.171	22131	10501	-91	-83	10
2015-07-19 02:42:45.639	22131	10501	-91	-83	10	23.19	79.71	3.774
2015-07-19 03:15:26.367	22131	10501	-91	-83	10	23.06	80.18	3.775
2015-07-19 03:37:33.571	22131	10501	-91	-83	10
2015-07-19 03:44:43.159	22131	10501	-91	-84	10	23.04	80.59	3.775
2015-07-19 04:26:23.57	22131	10501	-94	-83	10	22.83	80.96	3.775
2015-07-19 04:57:55.714	22131	10501	-91	-84	10	22.89	80.98	3.774
2015-07-19 05:22:04.511	22131	10501	-91	-83	10	22.88	81.26	3.774
2015-07-19 05:27:08.323	22131	10501	-91	-83	10
2015-07-19 05:58:31.607	22131	10501	-91	-84	10	22.76	81.52	3.775
2015-07-19 06:10:15.062	22131	10501	-91	-83	10
2015-07-19 06:19:39.439	22131	10501	-94	-84	10	22.49	82.05	3.773
2015-07-19 06:58:58.003	22131	10501	-94	-83	10	22.65	82.06	3.774
2015-07-19 07:16:43.136	22131	10501	-97	-85	10
2015-07-19 07:32:59.818	22131	10501	-94	-83	10	23.2	82.41	3.771
2015-07-19 08:49:01.822	22131	10501	-91	-84	10	24.77	81.3	3.773
2015-07-19 09:06:19.223	22131	10501	-94	-83	10
2015-07-19 09:40:51.15	22131	10501	-94	-84	10
2015-07-19 09:52:03.81	22131	10501	-94	-86	10	26.83	77.98	3.774
2015-07-19 10:14:44.182	22131	10501	-94	-85	10	26.86	77.93	3.773
2015-07-19 10:56:19.215	22131	10501	-94	-84	10
2015-07-19 11:00:03.314	22131	10501	-91	-86	10	28.49	75.49	3.774
2015-07-19 11:45:13.686	22131	10501	-94	-86	10	29.41	73.87	3.775
2015-07-19 12:28:05.826	22131	10501	-94	-88	10	30.21	72.51	3.775
2015-07-19 12:45:24.739	22131	10501	-94	-85	10
2015-07-19 12:52:15.727	22131	10501	-94	-85	10	30.38	71.51	3.775
2015-07-19 13:11:29.382	22131	10501	-91	-85	10
2015-07-19 13:23:16.612	22131	10501	-94	-83	10	31.97	69.06	3.776
2015-07-19 13:56:25.495	22131	10501	-94	-85	10	31.0	70.17	3.776
2015-07-19 14:14:24.683	22131	10501	-91	-84	10	31.91	68.52	3.778
2015-07-19 14:35:02.694	22131	10501	-94	-85	10
2015-07-19 14:47:05.234	22131	10501	-94	-85	10	31.02	69.53	3.776
2015-07-19 15:14:25.227	22131	10501	-94	-88	10	31.33	67.56	3.778
2015-07-19 16:13:27.403	22131	10501	-91	-82	10	31.38	67.45	3.778
2015-07-19 16:42:00.606	22131	10501	-94	-86	10
2015-07-19 17:18:51.154	22131	10501	-94	-84	10	29.94	69.29	3.778
2015-07-19 17:56:51.742	22131	10501	-91	-89	10	29.47	69.87	3.778
2015-07-19 18:32:09.411	22131	10501	-94	-90	10	28.91	70.58	3.776
2015-07-19 18:42:05.135	22131	10501	-94	-83	10	28.72	70.98	3.776
2015-07-19 19:11:47.963	22131	10501	-91	-85	10	28.22	72.06	3.775
2015-07-19 19:49:30.202	22131	10501	-94	-84	10	27.54	73.48	3.775
2015-07-19 20:03:41.914	22131	10501	-94	-86	10
2015-07-19 20:12:35.131	22131	10501	-94	-89	10
2015-07-19 20:14:48.267	22131	10501	-91	-85	10	26.24	74.8	3.775
2015-07-19 20:43:49.818	22131	10501	-94	-86	10	25.04	76.45	3.774
2015-07-19 21:19:33.21	22131	10501	-94	-86	10	25.16	77.23	3.774
2015-07-19 21:19:42.138	22131	10501	-94	-86	10	25.16	77.23	3.774
2015-07-19 21:53:15.374	22131	10501	-94	-85	10
2015-07-19 21:54:28.858	22131	10501	-97	-87	10	24.82	77.38	3.774
2015-07-19 22:19:05.382	22131	10501	-94	-87	10	24.51	77.72	3.773
2015-07-19 22:58:52.167	22131	10501	-94	-86	10	24.15	77.52	3.771
2015-07-19 23:32:27.387	22131	10501	-94	-86	10	23.74	77.78	3.773
2015-07-19 23:42:50.687	22131	10501	-94	-86	10
2015-07-19 23:43:10.843	22131	10501	-94	-84	10
2015-07-20 00:15:53.871	22131	10501	-94	-86	10	23.32	78.09	3.77
2015-07-20 00:49:41.138	22131	10501	-94	-87	10	23.0	78.61	3.771
2015-07-20 01:32:19.672	22131	10501	-94	-86	10	22.7	79.0	3.771
2015-07-20 01:32:24.138	22131	10501	-94	-84	10
2015-07-20 01:42:08.767	22131	10501	-94	-84	10	22.68	79.02	3.77
2015-07-20 02:58:47.235	22131	10501	-94	-86	10	22.11	80.26	3.769
2015-07-20 03:13:49.647	22131	10501	-94	-86	10
2015-07-20 03:21:57.091	22131	10501	-94	-85	10
2015-07-20 03:27:11.039	22131	10501	-94	-88	10	21.93	80.51	3.767
2015-07-20 04:03:36.298	22131	10501	-94	-86	10	21.81	80.56	3.769
2015-07-20 04:24:37.242	22131	10501	-94	-86	10	21.71	80.7	3.769
2015-07-20 04:51:55.195	22131	10501	-94	-87	10	21.58	80.87	3.768
2015-07-20 05:11:32.047	22131	10501	-94	-85	10
2015-07-20 05:31:54.859	22131	10501	-94	-86	10	21.1	81.34	3.765
2015-07-20 05:55:17.963	22131	10501	-94	-86	10	20.88	81.83	3.768
2015-07-20 06:14:37.402	22131	10501	-91	-86	10	20.94	81.89	3.768
2015-07-20 06:44:21.615	22131	10501	-94	-85	10
2015-07-20 07:01:05.807	22131	10501	-94	-85	10
2015-07-20 07:26:29.59	22131	10501	-94	-84	10	21.31	82.28	3.768
2015-07-20 08:19:44.675	22131	10501	-97	-86	10	22.54	81.31	3.767
2015-07-20 08:47:39.619	22131	10501	-94	-85	10	23.06	80.73	3.767
2015-07-20 08:50:40.475	22131	10501	-91	-85	10
2015-07-20 09:32:34.447	22131	10501	-91	-85	10	23.47	80.42	3.767
2015-07-20 10:15:07.403	22131	10501	-91	-85	10
2015-07-20 10:20:30.026	22131	10501	-91	-87	10	24.97	77.52	3.767
2015-07-20 10:40:14.718	22131	10501	-94	-84	10
2015-07-20 10:58:51.534	22131	10501	-94	-85	10	26.44	75.86	3.769
2015-07-20 11:24:20.75	22131	10501	-91	-88	10	27.01	74.64	3.768
2015-07-20 12:13:44.062	22131	10501	-94	-85	10	27.74	71.88	3.769
2015-07-20 12:29:48.427	22131	10501	-94	-88	10
2015-07-20 12:51:11.558	22131	10501	-94	-88	10	29.11	67.79	3.769
2015-07-20 13:17:07.711	22131	10501	-94	-85	10	30.66	64.06	3.774
2015-07-20 13:45:33.523	22131	10501	-94	-86	10
2015-07-20 13:53:59.97	22131	10501	-91	-87	10	31.55	59.4	3.771
2015-07-20 14:19:23.11	22131	10501	-94	-88	10
2015-07-20 14:23:53.867	22131	10501	-94	-85	10	30.26	61.46	3.77
2015-07-20 15:23:54.882	22131	10501	-94	-89	10	30.18	59.91	3.771
2015-07-20 15:44:45.243	22131	10501	-94	-83	10	29.74	60.8	3.77
2015-07-20 16:08:57.699	22131	10501	-91	-90	10
2015-07-20 16:27:37.515	22131	10501	-91	-82	10	29.69	61.41	3.77
2015-07-20 16:45:39.994	22131	10501	-94	-85	10	29.29	61.22	3.77
2015-07-20 17:41:35.079	22131	10501	-94	-82	10	30.86	58.92	3.771
2015-07-20 17:58:40.575	22131	10501	-94	-90	10
2015-07-20 17:58:42.778	22131	10501	-94	-90	10
2015-07-20 18:21:08.907	22131	10501	-94	-88	10	28.38	62.21	3.771
2015-07-20 18:54:58.515	22131	10501	-94	-86	10	27.76	63.97	3.77
2015-07-20 19:15:20.31	22131	10501	-94	-89	10	27.16	64.8	3.77
2015-07-20 19:48:05.123	22131	10501	-94	-87	10
2015-07-20 19:49:15.707	22131	10501	-94	-84	10	26.38	66.24	3.769
2015-07-20 20:27:12.943	22131	10501	-94	-86	10	25.82	67.22	3.768
2015-07-20 20:46:40.135	22131	10501	-94	-88	10
2015-07-20 21:23:47.682	22131	10501	-94	-88	10	23.52	70.62	3.767
2015-07-20 21:37:39.587	22131	10501	-94	-86	10
2015-07-20 22:02:11.208	22131	10501	-94	-88	10	22.84	71.84	3.767
2015-07-20 22:33:29.627	22131	10501	-94	-86	10	22.63	72.33	3.767
2015-07-20 22:46:01.587	22131	10501	-94	-86	10	22.56	72.43	3.765
2015-07-20 23:44:24.266	22131	10501	-94	-86	10	22.44	73.15	3.763
2015-07-21 00:17:17.503	22131	10501	-94	-87	10
2015-07-21 00:17:27.687	22131	10501	-94	-86	10	22.61	73.43	3.764
2015-07-21 00:59:58.918	22131	10501	-94	-87	10	22.6	73.95	3.765
2015-07-21 01:15:24.539	22131	10501	-94	-85	10	22.51	74.34	3.765
2015-07-21 01:16:47.795	22131	10501	-91	-85	10
2015-07-21 01:48:14.939	22131	10501	-94	-86	10	22.5	75.08	3.764
2015-07-21 02:16:56.951	22131	10501	-94	-88	10	21.18	78.47	3.764
2015-07-21 03:19:12.898	22131	10501	-94	-87	10	20.96	78.92	3.763
2015-07-21 03:50:04.886	22131	10501	-94	-88	10	21.46	78.4	3.763
2015-07-21 04:28:21.622	22131	10501	-94	-86	10	21.4	78.86	3.762
2015-07-21 04:55:56.152	22131	10501	-94	-86	10
2015-07-21 05:03:01.847	22131	10501	-94	-87	10	21.29	79.36	3.762
2015-07-21 05:17:34.528	22131	10501	-94	-87	10	21.2	79.65	3.762
2015-07-21 05:46:27.439	22131	10501	-94	-87	10	21.01	80.0	3.762
2015-07-21 06:45:30.114	22131	10501	-94	-83	10
2015-07-21 06:47:35.706	22131	10501	-94	-85	10	20.74	80.46	3.76
2015-07-21 07:18:25.786	22131	10501	-94	-84	10
2015-07-21 07:31:32.478	22131	10501	-91	-83	10	20.99	80.52	3.76
2015-07-21 07:42:17.718	22131	10501	-94	-85	10	21.14	80.31	3.759
2015-07-21 08:32:25.175	22131	10501	-91	-85	10	22.06	79.65	3.762
2015-07-21 08:35:04.634	22131	10501	-94	-83	10
2015-07-21 08:55:03.306	22131	10501	-94	-85	10	22.56	79.23	3.762
2015-07-21 09:24:34.684	22131	10501	-94	-86	10	23.15	78.8	3.758
2015-07-21 10:02:43.81	22131	10501	-94	-86	10	24.46	77.85	3.76
2015-07-21 10:13:28.042	22131	10501	-94	-85	10	24.93	77.24	3.762
2015-07-21 10:24:44.706	22131	10501	-94	-86	10
2015-07-21 10:43:04.507	22131	10501	-94	-82	10	26.16	76.05	3.762
2015-07-21 10:49:00.994	22131	10501	-94	-84	10
2015-07-21 12:17:28.31	22131	10501	-94	-84	10	27.97	71.18	3.763
2015-07-21 12:59:07.907	22131	10501	-94	-89	10	27.97	70.47	3.763
2015-07-21 13:28:18.551	22131	10501	-94	-85	10	29.83	66.38	3.763
2015-07-21 13:57:19.83	22131	10501	-94	-90	10	26.68	71.32	3.764
2015-07-21 14:03:49.043	22131	10501	-94	-85	10
2015-07-21 14:19:44.45	22131	10501	-94	-82	10
2015-07-21 14:28:07.807	22131	10501	-91	-85	10	23.54	76.31	3.76
2015-07-21 15:01:09.542	22131	10501	-94	-84	10	22.35	76.34	3.76
2015-07-21 15:26:33.742	22131	10501	-94	-86	10	21.52	77.43	3.758
2015-07-21 15:51:46.167	22131	10501	-94	-85	10	21.58	77.58	3.759
2015-07-21 15:53:20.89	22131	10501	-94	-86	10
2015-07-21 16:32:23.547	22131	10501	-91	-84	10	24.44	74.14	3.76
2015-07-21 16:44:17.798	22131	10501	-94	-85	10	25.13	73.64	3.76
2015-07-21 17:28:56.63	22131	10501	-94	-85	10	25.43	72.27	3.76
2015-07-21 17:42:54.354	22131	10501	-94	-88	10
2015-07-21 17:50:10.678	22131	10501	-94	-86	10
2015-07-21 18:03:26.71	22131	10501	-91	-86	10	25.32	72.28	3.762
2015-07-21 18:55:58.442	22131	10501	-94	-87	10	24.15	71.89	3.759
2015-07-21 19:26:32.366	22131	10501	-94	-84	10	23.5	72.19	3.759
2015-07-21 19:32:28.383	22131	10501	-91	-85	10
2015-07-21 19:59:23.643	22131	10501	-94	-89	10	22.71	73.23	3.759
2015-07-21 21:13:45.186	22131	10501	-94	-85	10	20.33	75.4	3.758
2015-07-21 21:20:46.462	22131	10501	-94	-86	10
2015-07-21 21:22:03.11	22131	10501	-94	-85	10
2015-07-21 22:02:54.646	22131	10501	-94	-85	10	18.74	76.94	3.756
2015-07-21 22:29:23.674	22131	10501	-91	-86	10	17.79	77.58	3.756
2015-07-21 22:48:19.559	22131	10501	-91	-84	10	17.18	78.21	3.754
2015-07-21 23:11:37.291	22131	10501	-94	-83	10
2015-07-21 23:31:20.438	22131	10501	-94	-85	10	16.42	78.48	3.754
2015-07-21 23:59:30.523	22131	10501	-94	-85	10	15.89	78.83	3.754
2015-07-22 00:11:46.967	22131	10501	-94	-85	10	15.75	78.83	3.753
2015-07-22 00:51:13.199	22131	10501	-94	-85	10	15.39	79.26	3.752
2015-07-22 00:51:20.379	22131	10501	-94	-85	10
2015-07-22 01:01:11.934	22131	10501	-91	-84	10
2015-07-22 01:22:13.175	22131	10501	-91	-85	10	15.13	79.53	3.752
2015-07-22 01:58:53.362	22131	10501	-94	-85	10	14.92	79.84	3.748
2015-07-22 02:17:22.435	22131	10501	-94	-84	10	14.75	79.83	3.751
2015-07-22 02:50:46.002	22131	10501	-94	-84	10
2015-07-22 02:52:44.182	22131	10501	-94	-84	10	14.43	80.24	3.751
2015-07-22 03:28:21.659	22131	10501	-94	-85	10	14.17	80.58	3.75
2015-07-22 04:03:00.058	22131	10501	-94	-85	10	14.11	80.72	3.748
2015-07-22 04:14:52.47	22131	10501	-94	-85	10	14.02	80.8	3.748
2015-07-22 04:21:55.463	22131	10501	-94	-86	10
2015-07-22 04:40:24.57	22131	10501	-94	-83	10
2015-07-22 04:52:24.406	22131	10501	-94	-83	10	14.29	80.88	3.748
2015-07-22 05:13:31.022	22131	10501	-94	-85	10	14.11	80.87	3.75
2015-07-22 06:00:56.295	22131	10501	-94	-85	10	14.13	81.12	3.748
2015-07-22 06:19:42.47	22131	10501	-91	-85	10	14.22	81.04	3.748
2015-07-22 06:29:54.414	22131	10501	-94	-84	10
2015-07-22 06:44:18.503	22131	10501	-91	-84	10	14.11	81.19	3.747
2015-07-22 07:12:41.666	22131	10501	-91	-88	10	14.64	80.96	3.747
2015-07-22 07:52:11.242	22131	10501	-94	-85	10	15.72	80.42	3.747
2015-07-22 07:52:31.323	22131	10501	-94	-87	10
2015-07-22 08:11:31.543	22131	10501	-94	-87	10	16.64	79.71	3.747
2015-07-22 08:19:28.119	22131	10501	-94	-86	10
2015-07-22 09:20:04.174	22131	10501	-94	-86	10	19.07	77.95	3.75
2015-07-22 09:53:57.736	22131	10501	-94	-87	10	20.79	75.9	3.748
2015-07-22 10:09:01.618	22131	10501	-88	-88	10
2015-07-22 10:14:46.443	22131	10501	-94	-85	10	21.52	74.45	3.748
2015-07-22 10:44:38.347	22131	10501	-94	-87	10	22.65	72.61	3.751
2015-07-22 11:58:43.663	22131	10501	-94	-83	10
2015-07-22 12:02:55.847	22131	10501	-94	-85	10	23.78	66.75	3.751
2015-07-22 13:22:41.502	22131	10501	-91	-84	10	23.92	64.08	3.752
2015-07-22 13:41:42.13	22131	10501	-94	-86	10	23.95	63.41	3.752
2015-07-22 13:48:15.623	22131	10501	-91	-86	10
2015-07-22 14:25:27.964	22131	10501	-94	-87	10	23.95	63.08	3.752
2015-07-22 14:53:13.844	22131	10501	-94	-86	10	25.04	61.01	3.753
2015-07-22 14:53:43.135	22131	10501	-91	-84	10
2015-07-22 15:21:10.726	22131	10501	-91	-87	10	24.86	59.8	3.753
2015-07-22 16:03:49.194	22131	10501	-94	-87	10	23.97	62.43	3.753
2015-07-22 16:22:48.774	22131	10501	-94	-86	10	24.09	63.11	3.753
2015-07-22 17:21:41.623	22131	10501	-94	-83	10	25.38	60.43	3.752
2015-07-22 17:27:18.215	22131	10501	-94	-91	10
2015-07-22 18:01:19.143	22131	10501	-94	-84	10	23.54	63.7	3.752
2015-07-22 18:24:16.183	22131	10501	-94	-84	10
2015-07-22 18:30:48.299	22131	10501	-91	-86	10	23.08	64.83	3.752
2015-07-22 18:50:44.658	22131	10501	-94	-87	10	22.46	65.74	3.753
2015-07-22 20:15:41.055	22131	10501	-94	-85	10	20.36	69.2	3.75
2015-07-22 20:58:03.111	22131	10501	-94	-87	10	19.21	70.66	3.75
2015-07-22 21:06:27.694	22131	10501	-91	-87	10
2015-07-22 21:13:36.531	22131	10501	-94	-88	10	18.82	70.98	3.748
2015-07-22 21:44:19.299	22131	10501	-94	-86	10	18.2	71.57	3.75
2015-07-22 21:54:51.086	22131	10501	-94	-87	10
2015-07-22 22:18:41.035	22131	10501	-94	-87	10	17.54	72.15	3.748
2015-07-22 22:49:42.986	22131	10501	-94	-86	10	17.2	72.41	3.746
2015-07-22 22:56:01.27	22131	10501	-94	-87	10
2015-07-22 23:27:19.647	22131	10501	-94	-87	10	16.65	73.06	3.747
2015-07-22 23:59:48.15	22131	10501	-94	-87	10	16.11	73.87	3.746
2015-07-23 00:24:34.034	22131	10501	-94	-86	10	15.97	74.08	3.746
2015-07-23 00:45:35.691	22131	10501	-91	-86	10
2015-07-23 00:57:56.29	22131	10501	-94	-86	10	15.72	74.43	3.746
2015-07-23 01:23:21.914	22131	10501	-91	-85	10	15.67	74.52	3.745
2015-07-23 01:25:25.89	22131	10501	-94	-85	10
2015-07-23 01:43:16.375	22131	10501	-94	-85	10	15.53	74.73	3.743
2015-07-23 02:13:50.314	22131	10501	-91	-85	10	15.53	74.86	3.745
2015-07-23 02:35:09.242	22131	10501	-94	-86	10
2015-07-23 02:41:37.754	22131	10501	-94	-85	10	15.61	74.94	3.743
2015-07-23 03:18:25.87	22131	10501	-94	-86	10	15.43	75.14	3.743
2015-07-23 03:51:49.911	22131	10501	-94	-85	10	14.97	75.64	3.741
2015-07-23 04:12:20.774	22131	10501	-94	-86	10	14.6	76.19	3.742
2015-07-23 04:24:43.35	22131	10501	-94	-85	10
2015-07-23 04:43:45.191	22131	10501	-94	-86	10	14.42	76.57	3.742
2015-07-23 04:56:01.226	22131	10501	-94	-86	10
2015-07-23 05:18:29.074	22131	10501	-91	-86	10	14.31	76.88	3.742
2015-07-23 06:02:15.095	22131	10501	-94	-86	10	14.29	77.22	3.741
2015-07-23 06:14:17.858	22131	10501	-94	-86	10
2015-07-23 06:27:17.939	22131	10501	-94	-86	10	14.32	77.32	3.742
2015-07-23 06:52:16.211	22131	10501	-94	-85	10	14.79	76.91	3.731
2015-07-23 07:25:21.534	22131	10501	-94	-85	10	15.11	76.84	3.741
2015-07-23 07:56:19.166	22131	10501	-94	-86	10	15.88	76.3	3.74
2015-07-23 08:03:51.65	22131	10501	-94	-87	10
2015-07-23 08:26:36.126	22131	10501	-94	-87	10
2015-07-23 08:30:30.878	22131	10501	-94	-87	10	17.65	74.68	3.739
2015-07-23 08:44:20.659	22131	10501	-94	-89	10	18.65	73.97	3.741
2015-07-23 09:12:21.61	22131	10501	-94	-89	10	19.42	73.41	3.742
2015-07-23 09:53:25.89	22131	10501	-94	-88	10
2015-07-23 09:58:07.198	22131	10501	-94	-87	10	21.56	71.04	3.743
2015-07-23 10:11:27.274	22131	10501	-94	-88	10	21.96	70.53	3.742
2015-07-23 10:49:28.406	22131	10501	-94	-87	10	23.65	68.26	3.745
2015-07-23 11:17:46.959	22131	10501	-94	-91	10	24.18	67.6	3.746
2015-07-23 11:43:03.483	22131	10501	-91	-85	10
2015-07-23 11:51:45.89	22131	10501	-94	-82	10	23.76	67.53	3.746
2015-07-23 11:57:11.558	22131	10501	-94	-85	10
2015-07-23 12:23:21.303	22131	10501	-94	-89	10	25.16	65.35	3.746
2015-07-23 12:46:02.626	22131	10501	-94	-85	10	26.08	64.03	3.746
2015-07-23 13:32:34.615	22131	10501	-94	-86	10
2015-07-23 14:18:13.102	22131	10501	-91	-85	10	26.94	60.43	3.75
2015-07-23 14:47:40.555	22131	10501	-88	-90	10	27.97	58.12	3.75
2015-07-23 15:27:47.222	22131	10501	-94	-85	10
2015-07-23 15:51:56.967	22131	10501	-91	-84	10	27.08	58.17	3.751
2015-07-23 16:26:18.164	22131	10501	-91	-87	10	27.05	58.54	3.751
2015-07-23 17:11:43.507	22131	10501	-91	-84	10
2015-07-23 17:19:42.247	22131	10501	-91	-82	10	27.4	57.23	3.752
2015-07-23 18:00:11.859	22131	10501	-94	-85	10	26.49	59.29	3.751
2015-07-23 18:14:03.27	22131	10501	-94	-89	10	26.07	60.23	3.752
2015-07-23 18:44:26.895	22131	10501	-94	-91	10	24.88	61.83	3.75
2015-07-23 18:58:21.398	22131	10501	-94	-88	10
2015-07-23 19:01:18.002	22131	10501	-94	-88	10
2015-07-23 19:28:57.103	22131	10501	-94	-86	10	23.6	63.74	3.748
2015-07-23 19:47:38.878	22131	10501	-94	-86	10	22.94	64.69	3.75
2015-07-23 20:33:14.111	22131	10501	-94	-87	10	21.24	66.91	3.748
2015-07-23 20:47:01.555	22131	10501	-94	-87	10	20.79	67.35	3.75
2015-07-23 20:50:50.867	22131	10501	-94	-87	10
2015-07-23 21:22:51.886	22131	10501	-94	-86	10	19.81	68.68	3.75
2015-07-23 21:58:53.463	22131	10501	-94	-87	10	18.97	69.48	3.747
2015-07-23 22:21:15.354	22131	10501	-94	-87	10	18.64	69.75	3.745
2015-07-23 22:28:56.882	22131	10501	-94	-87	10
2015-07-23 22:40:25.658	22131	10501	-94	-87	10
2015-07-23 22:42:49.74	22131	10501	-94	-86	10	18.25	70.09	3.746
2015-07-23 23:18:56.358	22131	10501	-94	-86	10	17.54	70.76	3.741
2015-07-23 23:53:38.942	22131	10501	-94	-86	10	16.83	71.29	3.743
2015-07-24 00:29:22.386	22131	10501	-94	-86	10	16.36	71.58	3.742
2015-07-24 00:30:01.65	22131	10501	-91	-85	10
2015-07-24 01:03:08.607	22131	10501	-94	-86	10	15.92	71.92	3.742
2015-07-24 01:22:31.646	22131	10501	-94	-85	10	15.54	72.28	3.742
2015-07-24 01:59:31.67	22131	10501	-91	-85	10
2015-07-24 02:01:01.886	22131	10501	-91	-84	10	14.79	72.84	3.741
2015-07-24 02:19:33.842	22131	10501	-94	-85	10
2015-07-24 02:27:10.162	22131	10501	-94	-85	10	14.54	73.03	3.741
2015-07-24 02:47:55.634	22131	10501	-91	-85	10	14.32	73.3	3.74
2015-07-24 03:24:07.318	22131	10501	-91	-84	10	13.96	73.86	3.739
2015-07-24 03:51:24.778	22131	10501	-91	-85	10	13.64	74.41	3.739
2015-07-24 04:09:08.21	22131	10501	-94	-84	10
2015-07-24 04:33:14.614	22131	10501	-91	-84	10	13.5	74.62	3.74
2015-07-24 04:42:15.539	22131	10501	-94	-85	10	13.5	74.56	3.739
2015-07-24 05:30:06.318	22131	10501	-94	-84	10
2015-07-24 05:30:34.086	22131	10501	-91	-84	10	13.22	75.03	3.739
2015-07-24 05:58:42.071	22131	10501	-94	-84	10
2015-07-24 05:59:37.179	22131	10501	-91	-84	10	13.15	75.27	3.737
2015-07-24 06:26:32.39	22131	10501	-94	-84	10	12.96	75.65	3.737
2015-07-24 07:00:03.911	22131	10501	-94	-84	10	13.24	75.86	3.735
2015-07-24 07:20:56.69	22131	10501	-94	-86	10	13.72	75.57	3.736
2015-07-24 07:42:03.746	22131	10501	-94	-85	10	14.35	74.84	3.737
2015-07-24 07:48:15.974	22131	10501	-91	-85	10
2015-07-24 08:12:52.158	22131	10501	-91	-85	10	15.78	73.83	3.737
2015-07-24 08:49:02.027	22131	10501	-94	-85	10	18.47	71.29	3.737
2015-07-24 09:00:41.691	22131	10501	-94	-86	10
2015-07-24 09:32:10.099	22131	10501	-94	-86	10	20.17	70.59	3.74
2015-07-24 09:37:50.091	22131	10501	-94	-89	10
2015-07-24 09:58:30.634	22131	10501	-94	-88	10	21.97	68.84	3.74
2015-07-24 10:28:32.659	22131	10501	-94	-85	10	23.56	66.92	3.741
2015-07-24 11:02:12.635	22131	10501	-94	-91	10	24.88	65.39	3.742
2015-07-24 11:27:23.958	22131	10501	-94	-85	10
2015-07-24 11:33:44.635	22131	10501	-94	-88	10	25.27	64.25	3.742
2015-07-24 12:31:16.546	22131	10501	-91	-88	10
2015-07-24 12:50:02.434	22131	10501	-94	-85	10	27.72	60.27	3.743
2015-07-24 13:15:23.882	22131	10501	-88	-87	10	28.44	59.06	3.745
2015-07-24 14:27:37.515	22131	10501	-94	-83	10	29.13	57.67	3.745
2015-07-24 15:00:31.031	22131	10501	-91	-82	10	29.29	56.78	3.746
2015-07-24 15:06:35.007	22131	10501	-94	-83	10
2015-07-24 15:26:30.062	22131	10501	-94	-87	10	28.52	57.27	3.747
2015-07-24 16:27:06.23	22131	10501	-94	-87	10	28.49	58.35	3.747
2015-07-24 16:46:17.643	22131	10501	-94	-86	10	27.8	59.27	3.736
2015-07-24 16:56:07.206	22131	10501	-91	-87	10
2015-07-24 17:23:59.031	22131	10501	-94	-87	10	29.16	58.08	3.75
2015-07-24 17:50:31.615	22131	10501	-91	-91	10	28.88	58.41	3.748
2015-07-24 18:16:29.368	22131	10501	-91	-83	10	27.85	59.86	3.748
2015-07-24 19:32:25.847	22131	10501	-94	-86	10
2015-07-24 19:41:33.363	22131	10501	-94	-87	10	24.82	63.79	3.747
2015-07-24 20:11:59.011	22131	10501	-94	-86	10	23.94	65.0	3.747
2015-07-24 20:35:15.219	22131	10501	-94	-88	10
2015-07-24 20:58:08.086	22131	10501	-94	-87	10	22.29	66.93	3.746
2015-07-24 21:32:35.475	22131	10501	-94	-86	10	21.28	68.18	3.745
2015-07-24 21:41:57.151	22131	10501	-94	-86	10	21.11	68.43	3.745
2015-07-24 22:16:57.794	22131	10501	-94	-86	10	20.47	68.99	3.743
2015-07-24 22:24:49.558	22131	10501	-94	-85	10
2015-07-24 22:45:18.958	22131	10501	-94	-86	10	20.04	69.36	3.743
2015-07-25 00:26:56.855	22131	10501	-91	-85	10	18.81	70.61	3.741
2015-07-25 01:33:10.822	22131	10501	-91	-85	10	18.28	71.31	3.74
2015-07-25 02:03:57.438	22131	10501	-91	-85	10
2015-07-25 02:33:38.478	22131	10501	-94	-85	10
2015-07-25 03:13:07.851	22131	10501	-94	-85	10	17.42	72.43	3.73
2015-07-25 03:53:31.846	22131	10501	-94	-85	10
2015-07-25 04:57:22.714	22131	10501	-94	-84	10	16.07	73.91	3.729
2015-07-25 05:43:05.69	22131	10501	-94	-85	10
2015-07-25 06:04:11.479	22131	10501	-94	-84	10
2015-07-25 06:44:42.723	22131	10501	-94	-85	10	15.38	74.62	3.736
2015-07-25 07:32:39.974	22131	10501	-91	-84	10
2015-07-25 08:23:09.595	22131	10501	-94	-86	10	18.56	72.13	3.735
2015-07-25 09:17:00.255	22131	10501	-94	-86	10	21.15	70.38	3.739
2015-07-25 09:34:47.914	22131	10501	-91	-85	10
2015-07-25 10:29:25.402	22131	10501	-94	-86	10	25.44	65.84	3.739
2015-07-25 10:51:06.475	22131	10501	-94	-86	10	28.44	61.45	3.742
2015-07-25 11:11:35.055	22131	10501	-94	-91	10	27.05	63.65	3.741
2015-07-25 11:11:49.083	22131	10501	-94	-86	10
2015-07-25 12:20:33.131	22131	10501	-94	-88	10	28.52	60.92	3.743
2015-07-25 12:56:15.931	22131	10501	-94	-86	10	29.02	59.73	3.743
2015-07-25 13:01:22.967	22131	10501	-91	-86	10
2015-07-25 13:05:22.399	22131	10501	-91	-85	10
2015-07-25 13:18:43.223	22131	10501	-94	-83	10	30.05	57.4	3.743
2015-07-25 14:00:05.926	22131	10501	-94	-86	10	30.54	57.03	3.745
2015-07-25 14:29:18.274	22131	10501	-94	-84	10	31.13	55.75	3.746
2015-07-25 14:51:01.874	22131	10501	-91	-83	10
2015-07-25 14:52:31.867	22131	10501	-91	-83	10	31.05	54.91	3.747
2015-07-25 15:23:45.735	22131	10501	-94	-85	10	30.75	55.76	3.745
2015-07-25 15:43:03.126	22131	10501	-88	-89	10	30.88	55.33	3.747
2015-07-25 16:25:54.626	22131	10501	-94	-80	10	30.68	54.7	3.747
2015-07-25 16:35:57.022	22131	10501	-94	-87	10
2015-07-25 16:40:30.758	22131	10501	-94	-86	10
2015-07-25 16:50:57.314	22131	10501	-94	-84	10	30.69	54.96	3.747
2015-07-25 18:22:25.81	22131	10501	-94	-87	10	29.71	55.58	3.748
2015-07-25 18:30:09.151	22131	10501	-94	-90	10
2015-07-25 18:44:23.822	22131	10501	-91	-86	10	28.77	56.68	3.747
2015-07-25 19:31:33.246	22131	10501	-94	-89	10	27.38	57.75	3.737
2015-07-25 19:47:22.691	22131	10501	-94	-88	10	27.04	58.17	3.747
2015-07-25 20:06:32.122	22131	10501	-94	-89	10
2015-07-25 20:19:39.342	22131	10501	-94	-90	10
2015-07-25 20:33:29.947	22131	10501	-94	-88	10	24.49	62.1	3.748
2015-07-25 20:58:31.531	22131	10501	-94	-88	10	23.6	63.53	3.743
2015-07-25 21:27:28.267	22131	10501	-94	-88	10	22.95	64.39	3.745
2015-07-25 22:02:10.375	22131	10501	-94	-88	10	22.34	65.17	3.743
2015-07-25 22:09:13.242	22131	10501	-94	-88	10
2015-07-25 22:21:05.775	22131	10501	-94	-87	10	22.01	65.66	3.743
2015-07-25 22:45:35.026	22131	10501	-94	-87	10	21.79	66.35	3.742
2015-07-25 23:19:31.427	22131	10501	-94	-87	10	21.65	66.82	3.742
2015-07-25 23:37:07.103	22131	10501	-94	-88	10
2015-07-25 23:44:25.227	22131	10501	-94	-87	10	21.44	67.41	3.742
2015-07-25 23:58:47.794	22131	10501	-94	-88	10
2015-07-26 00:12:14.214	22131	10501	-94	-86	10	21.17	68.02	3.742
2015-07-26 00:56:11.527	22131	10501	-94	-86	10	20.81	68.74	3.741
2015-07-26 01:21:13.798	22131	10501	-94	-86	10	21.26	68.57	3.74
2015-07-26 01:48:22.419	22131	10501	-94	-87	10
2015-07-26 02:00:34.906	22131	10501	-94	-87	10	21.03	69.63	3.729
2015-07-26 02:31:42.784	22131	10501	-94	-86	10	20.49	70.56	3.741
2015-07-26 02:44:31.522	22131	10501	-94	-86	10	20.25	70.85	3.74
2015-07-26 03:07:42.282	22131	10501	-94	-85	10
2015-07-26 03:27:54.443	22131	10501	-94	-85	10	19.97	71.55	3.74
2015-07-26 03:37:55.627	22131	10501	-91	-85	10
2015-07-26 03:59:40.435	22131	10501	-94	-86	10	19.89	71.51	3.737
2015-07-26 04:14:18.038	22131	10501	-94	-86	10	19.77	72.01	3.737
2015-07-26 04:42:46.763	22131	10501	-94	-85	10	19.57	72.74	3.736
2015-07-26 05:27:30.483	22131	10501	-94	-86	10
2015-07-26 05:27:48.782	22131	10501	-91	-90	10	19.32	73.42	3.74
2015-07-26 05:48:16.103	22131	10501	-94	-87	10	19.42	73.85	3.736
2015-07-26 06:21:25.954	22131	10501	-94	-86	10	19.4	74.36	3.734
2015-07-26 06:38:16.451	22131	10501	-94	-86	10
2015-07-26 06:50:55.694	22131	10501	-94	-87	10	19.27	74.55	3.736
2015-07-26 07:17:04.147	22131	10501	-94	-88	10
2015-07-26 07:27:50.658	22131	10501	-94	-87	10	19.89	74.43	3.736
2015-07-26 08:01:15.535	22131	10501	-94	-89	10	20.72	74.13	3.736
2015-07-26 08:24:51.886	22131	10501	-94	-86	10	21.45	73.53	3.737
2015-07-26 08:41:40.766	22131	10501	-94	-85	10	22.26	72.76	3.735
2015-07-26 09:06:38.043	22131	10501	-94	-85	10
2015-07-26 09:32:09.99	22131	10501	-94	-83	10	24.38	70.81	3.737
2015-07-26 10:01:59.93	22131	10501	-94	-88	10	25.86	69.22	3.739
2015-07-26 10:19:44.403	22131	10501	-94	-84	10	26.72	68.19	3.739
2015-07-26 10:48:14.918	22131	10501	-94	-86	10	29.46	64.34	3.741
2015-07-26 10:56:12.848	22131	10501	-94	-90	10
2015-07-26 11:17:31.638	22131	10501	-94	-89	10	28.24	65.69	3.74
2015-07-26 12:53:57.107	22131	10501	-94	-88	10	30.44	60.23	3.743
2015-07-26 13:24:29.83	22131	10501	-91	-84	10	29.82	60.75	3.742
2015-07-26 13:39:27.63	22131	10501	-94	-86	10
2015-07-26 14:02:53.306	22131	10501	-91	-86	10	29.05	62.98	3.742
2015-07-26 14:26:33.323	22131	10501	-94	-85	10	31.0	58.26	3.742
2015-07-26 14:35:21.747	22131	10501	-94	-84	10
2015-07-26 14:45:01.11	22131	10501	-94	-83	10	30.38	59.79	3.731
2015-07-26 15:27:12.806	22131	10501	-94	-89	10	28.47	63.28	3.743
2015-07-26 15:51:49.787	22131	10501	-94	-88	10	27.41	64.9	3.743
2015-07-26 16:24:55.394	22131	10501	-94	-90	10
2015-07-26 16:30:31.142	22131	10501	-94	-89	10	27.02	65.96	3.742
2015-07-26 16:43:42.659	22131	10501	-94	-90	10	27.19	65.9	3.741
2015-07-26 17:10:02.327	22131	10501	-94	-90	10
2015-07-26 17:13:13.962	22131	10501	-91	-86	10	26.91	66.56	3.742
2015-07-26 17:43:58.246	22131	10501	-94	-90	10	28.44	64.77	3.742
2015-07-26 18:14:29.071	22131	10501	-94	-88	10
2015-07-26 18:22:09.538	22131	10501	-94	-85	10	27.33	66.46	3.741
2015-07-26 18:59:56.05	22131	10501	-94	-90	10	25.99	68.24	3.741
2015-07-26 19:12:46.214	22131	10501	-94	-90	10	25.77	68.32	3.741
2015-07-26 19:42:18.502	22131	10501	-94	-89	10	24.88	69.36	3.741
2015-07-26 20:04:03.834	22131	10501	-94	-89	10
2015-07-26 20:16:27.675	22131	10501	-94	-89	10	24.44	69.88	3.74
2015-07-26 20:40:43.45	22131	10501	-94	-89	10
2015-07-26 21:02:41.783	22131	10501	-94	-89	10	23.42	71.25	3.74
2015-07-26 21:12:45.458	22131	10501	-94	-88	10	23.22	71.47	3.739
2015-07-26 21:44:19.595	22131	10501	-94	-88	10	22.76	72.05	3.739
2015-07-26 21:53:38.523	22131	10501	-94	-88	10
2015-07-26 22:26:40.542	22131	10501	-94	-88	10	22.28	72.73	3.737
2015-07-26 22:44:22.955	22131	10501	-94	-88	10	22.14	72.87	3.739
2015-07-26 23:32:52.315	22131	10501	-94	-87	10	21.67	73.77	3.736
2015-07-26 23:43:12.638	22131	10501	-94	-87	10
2015-07-27 00:03:39.494	22131	10501	-94	-86	10	21.47	74.03	3.737
2015-07-27 00:11:12.291	22131	10501	-94	-86	10
2015-07-27 00:25:11.734	22131	10501	-97	-87	10	21.29	74.27	3.736
2015-07-27 01:32:45.726	22131	10501	-94	-86	10
2015-07-27 01:55:10.37	22131	10501	-94	-85	10	20.72	75.53	3.737
2015-07-27 02:29:40.878	22131	10501	-94	-87	10	20.69	75.58	3.735
2015-07-27 10:40:36.035	22131	10501	-94	-84	10
2015-07-27 10:42:57.486	22131	10501	-94	-89	10
2015-07-27 10:54:19.846	22131	10501	-94	-87	10	27.77	71.55	3.735
2015-07-27 11:23:56.467	22131	10501	-91	-89	10	26.66	74.1	3.735
2015-07-27 12:18:23.326	22131	10501	-94	-87	10	29.22	70.06	3.737
2015-07-27 12:30:11.158	22131	10501	-94	-85	10
2015-07-27 13:01:37.41	22131	10501	-91	-86	10	28.57	70.92	3.736
2015-07-27 13:23:56.386	22131	10501	-91	-85	10	28.08	71.37	3.736
2015-07-27 13:41:34.682	22131	10501	-94	-85	10	27.9	71.77	3.737
2015-07-27 14:13:32.614	22131	10501	-91	-88	10
2015-07-27 14:19:44.826	22131	10501	-94	-82	10
2015-07-27 14:20:24.998	22131	10501	-94	-88	10	30.77	66.57	3.736
2015-07-27 14:49:26.378	22131	10501	-94	-85	10	30.97	65.7	3.739
2015-07-27 15:25:40.814	22131	10501	-94	-87	10	29.27	68.32	3.739
2015-07-27 15:57:22.327	22131	10501	-94	-85	10	30.58	65.88	3.739
2015-07-27 16:09:18.958	22131	10501	-94	-87	10
2015-07-27 16:29:25.294	22131	10501	-94	-86	10	30.65	65.26	3.74
2015-07-27 16:44:46.626	22131	10501	-94	-86	10	30.33	65.9	3.74
2015-07-27 17:25:54.71	22131	10501	-94	-85	10	30.41	65.25	3.74
2015-07-27 17:44:07.586	22131	10501	-94	-88	10
2015-07-27 17:58:53.007	22131	10501	-94	-86	10
2015-07-27 18:03:43.763	22131	10501	-94	-87	10	29.91	65.92	3.737
2015-07-27 18:19:10.346	22131	10501	-94	-88	10	29.3	66.88	3.74
2015-07-27 18:51:53.055	22131	10501	-94	-86	10	28.52	67.43	3.74
2015-07-27 19:30:28.854	22131	10501	-94	-88	10	27.11	68.99	3.739
2015-07-27 19:47:34.39	22131	10501	-94	-88	10	26.55	69.61	3.736
2015-07-27 19:48:26.91	22131	10501	-94	-89	10
2015-07-27 20:14:01.434	22131	10501	-94	-90	10	25.47	70.84	3.736
2015-07-27 21:02:20.707	22131	10501	-94	-88	10	23.94	72.35	3.735
2015-07-27 21:14:42.074	22131	10501	-94	-88	10	23.53	72.83	3.735
2015-07-27 21:14:43.494	22131	10501	-94	-87	10
2015-07-27 21:38:01.422	22131	10501	-94	-88	10
2015-07-27 21:49:07.635	22131	10501	-94	-88	10	22.79	73.71	3.736
2015-07-27 22:16:21.302	22131	10501	-94	-88	10	22.42	74.24	3.734
2015-07-27 22:42:46.15	22131	10501	-94	-87	10	22.21	74.53	3.732
2015-07-27 23:17:28.707	22131	10501	-94	-88	10	21.92	75.04	3.734
2015-07-27 23:27:35.595	22131	10501	-94	-85	10
2015-07-27 23:57:00.69	22131	10501	-94	-86	10	21.63	75.47	3.732
2015-07-28 00:22:27.574	22131	10501	-94	-87	10	21.53	75.51	3.732
2015-07-28 00:45:16.794	22131	10501	-94	-86	10
2015-07-28 00:55:02.082	22131	10501	-94	-86	10	21.29	76.11	3.732
2015-07-28 01:17:09.559	22131	10501	-94	-87	10
2015-07-28 01:30:58.266	22131	10501	-94	-86	10	21.18	76.24	3.731
2015-07-28 01:52:02.623	22131	10501	-94	-86	10	21.08	76.49	3.73
2015-07-28 02:18:48.331	22131	10501	-94	-85	10	20.79	76.99	3.731
2015-07-28 02:57:48.758	22131	10501	-91	-85	10	20.58	77.45	3.73
2015-07-28 03:06:44.094	22131	10501	-94	-86	10
2015-07-28 03:22:26.999	22131	10501	-94	-85	10	20.47	77.67	3.73
2015-07-28 04:00:45.314	22131	10501	-94	-85	10	20.25	78.04	3.73
2015-07-28 04:15:52.395	22131	10501	-94	-85	10
2015-07-28 04:17:40.111	22131	10501	-94	-85	10	20.14	78.2	3.732
2015-07-28 04:56:17.89	22131	10501	-91	-86	10
2015-07-28 05:48:36.246	22131	10501	-94	-86	10	19.88	78.8	3.728
2015-07-28 06:33:00.618	22131	10501	-94	-86	10	19.82	79.02	3.729
2015-07-28 06:43:01.97	22131	10501	-94	-88	10	19.78	79.09	3.729
2015-07-28 06:46:05.486	22131	10501	-94	-88	10
2015-07-28 07:31:15.516	22131	10501	-94	-88	10	20.14	78.94	3.729
2015-07-28 08:15:57.055	22131	10501	-94	-87	10	21.2	78.53	3.73
2015-07-28 08:35:27.182	22131	10501	-94	-88	10
2015-07-28 08:57:02.77	22131	10501	-91	-85	10	22.79	77.24	3.725
2015-07-28 09:27:54.507	22131	10501	-94	-84	10	23.94	76.72	3.73
2015-07-28 09:52:09.754	22131	10501	-94	-87	10	25.13	75.65	3.73
2015-07-28 10:16:33.567	22131	10501	-91	-86	10	26.58	74.22	3.73
2015-07-28 10:25:00.774	22131	10501	-94	-85	10
2015-07-28 11:01:08.451	22131	10501	-94	-88	10	28.66	71.97	3.731
2015-07-28 11:13:58.155	22131	10501	-94	-85	10	28.61	72.3	3.729
2015-07-28 11:17:02.634	22131	10501	-94	-85	10
2015-07-28 11:48:23.266	22131	10501	-94	-91	10	29.5	70.19	3.734
2015-07-28 12:11:37.574	22131	10501	-94	-86	10	30.19	68.98	3.735
2015-07-28 12:14:34.114	22131	10501	-91	-87	10
2015-07-28 12:54:36.246	22131	10501	-94	-85	10	31.68	65.49	3.735
2015-07-28 13:22:08.563	22131	10501	-94	-87	10	32.41	64.16	3.735
2015-07-28 13:49:41.231	22131	10501	-91	-85	10	31.83	63.18	3.736
2015-07-28 14:04:09.259	22131	10501	-94	-83	10
2015-07-28 14:16:47.582	22131	10501	-94	-86	10	32.44	61.56	3.736
2015-07-28 14:47:38.166	22131	10501	-94	-85	10
2015-07-28 14:48:29.618	22131	10501	-94	-86	10	30.76	64.13	3.736
2015-07-28 15:20:30.151	22131	10501	-94	-89	10	29.66	66.05	3.735
2015-07-28 15:48:00.022	22131	10501	-94	-87	10	31.38	63.23	3.736
2015-07-28 15:53:42.702	22131	10501	-94	-84	10
2015-07-28 16:20:49.306	22131	10501	-94	-87	10	31.1	63.16	3.737
2015-07-28 16:47:50.331	22131	10501	-94	-88	10	30.21	65.13	3.739
2015-07-28 17:11:35.45	22131	10501	-94	-86	10	30.41	64.74	3.735
2015-07-28 17:43:17.103	22131	10501	-94	-88	10
2015-07-28 17:55:14.511	22131	10501	-94	-90	10	30.44	64.84	3.736
2015-07-28 18:18:12.479	22131	10501	-94	-89	10
2015-07-28 18:26:36.175	22131	10501	-94	-87	10	29.38	66.0	3.735
2015-07-28 18:45:39.143	22131	10501	-94	-90	10	29.13	66.08	3.735
2015-07-28 19:13:54.454	22131	10501	-94	-89	10	28.15	67.36	3.734
2015-07-28 19:32:50.655	22131	10501	-94	-90	10
2015-07-28 19:53:35.195	22131	10501	-94	-89	10	26.83	68.85	3.725
2015-07-28 20:21:37.746	22131	10501	-94	-89	10	25.85	69.88	3.734
2015-07-28 20:50:09.55	22131	10501	-94	-88	10	25.22	70.28	3.732
2015-07-28 21:22:25.01	22131	10501	-94	-89	10
2015-07-28 21:27:46.195	22131	10501	-94	-89	10	23.96	71.88	3.732
2015-07-28 21:43:16.383	22131	10501	-94	-87	10	23.82	72.16	3.731
2015-07-28 21:48:47.283	22131	10501	-94	-87	10
2015-07-28 22:27:13.427	22131	10501	-94	-88	10	23.54	72.19	3.723
2015-07-28 22:42:39.018	22131	10501	-94	-90	10	23.5	72.21	3.731
2015-07-28 23:11:59.795	22131	10501	-94	-88	10
2015-07-28 23:14:08.31	22131	10501	-94	-87	10	23.46	72.21	3.731
2015-07-28 23:56:31.355	22131	10501	-94	-87	10	22.97	72.92	3.73
2015-07-29 00:25:06.134	22131	10501	-94	-87	10	22.54	73.5	3.73
2015-07-29 00:46:26.911	22131	10501	-94	-87	10	22.35	73.68	3.73
2015-07-29 01:01:33.654	22131	10501	-94	-86	10
2015-07-29 01:19:23.046	22131	10501	-94	-86	10
2015-07-29 01:28:20.434	22131	10501	-94	-86	10	22.01	74.05	3.729
2015-07-29 01:56:07.743	22131	10501	-94	-85	10	21.63	74.69	3.729
2015-07-29 02:30:17.787	22131	10501	-94	-85	10	21.45	75.06	3.728
2015-07-29 02:51:07.535	22131	10501	-94	-87	10
2015-07-29 02:52:33.099	22131	10501	-94	-85	10	21.32	75.25	3.728
2015-07-29 03:20:08.612	22131	10501	-94	-86	10	21.08	75.71	3.728
2015-07-29 03:56:40.902	22131	10501	-94	-86	10	20.79	76.08	3.718
2015-07-29 04:31:29.155	22131	10501	-94	-85	10	20.54	76.51	3.728
2015-07-29 04:40:41.971	22131	10501	-94	-85	10
2015-07-29 04:49:57.239	22131	10501	-94	-85	10
2015-07-29 04:55:51.302	22131	10501	-94	-85	10	20.33	76.84	3.725
2015-07-29 05:32:51.919	22131	10501	-91	-85	10	20.2	76.95	3.726
2015-07-29 05:55:55.063	22131	10501	-94	-85	10	20.04	77.15	3.724
2015-07-29 06:29:54.03	22131	10501	-94	-85	10	19.68	77.71	3.725
2015-07-29 06:30:16.222	22131	10501	-94	-85	10
2015-07-29 07:02:11.107	22131	10501	-94	-85	10	19.83	77.53	3.725
2015-07-29 07:19:30.764	22131	10501	-94	-85	10	20.06	77.37	3.725
2015-07-29 07:59:46.074	22131	10501	-94	-85	10	20.88	76.64	3.725
2015-07-29 08:19:51.686	22131	10501	-94	-84	10
2015-07-29 08:20:31.927	22131	10501	-94	-84	10
2015-07-29 08:23:29.398	22131	10501	-94	-85	10	21.68	76.05	3.725
2015-07-29 08:50:36.734	22131	10501	-94	-85	10	22.84	75.12	3.725
2015-07-29 09:14:43.119	22131	10501	-91	-86	10	23.92	74.29	3.726
2015-07-29 09:51:22.362	22131	10501	-94	-87	10	25.9	72.81	3.726
2015-07-29 10:09:24.551	22131	10501	-94	-88	10
2015-07-29 10:22:38.211	22131	10501	-94	-87	10	27.72	71.28	3.726
2015-07-29 10:43:17.847	22131	10501	-94	-90	10	29.93	68.61	3.728
2015-07-29 11:33:07.175	22131	10501	-94	-88	10	29.57	69.42	3.729
2015-07-29 11:51:07.494	22131	10501	-94	-87	10
2015-07-29 11:54:21.97	22131	10501	-94	-87	10	30.19	68.48	3.73
2015-07-29 11:58:58.655	22131	10501	-94	-86	10
2015-07-29 12:27:27.442	22131	10501	-94	-86	10	31.33	66.45	3.731
2015-07-29 12:56:53.626	22131	10501	-94	-86	10	32.11	64.81	3.731
2015-07-29 13:32:13.994	22131	10501	-94	-85	10	31.44	65.93	3.732
2015-07-29 13:48:32.502	22131	10501	-94	-88	10
2015-07-29 13:51:51.182	22131	10501	-94	-88	10	31.19	66.67	3.731
2015-07-29 14:14:48.354	22131	10501	-94	-90	10	30.58	67.13	3.731
2015-07-29 14:47:22.519	22131	10501	-94	-89	10	32.1	65.2	3.732
2015-07-29 15:24:59.67	22131	10501	-91	-85	10	32.72	63.29	3.734
2015-07-29 16:15:48.71	22131	10501	-94	-89	10	32.33	64.09	3.735
2015-07-29 16:51:04.002	22131	10501	-94	-88	10	31.36	65.68	3.732
2015-07-29 17:15:45.143	22131	10501	-94	-90	10	30.91	66.56	3.734
2015-07-29 17:27:42.147	22131	10501	-94	-89	10
2015-07-29 17:52:23.691	22131	10501	-94	-88	10	31.22	66.23	3.734
2015-07-29 18:28:24.874	22131	10501	-94	-88	10	31.19	66.19	3.734
2015-07-29 18:52:17.663	22131	10501	-94	-88	10
2015-07-29 18:56:21.562	22131	10501	-94	-89	10	30.52	66.76	3.736
2015-07-29 19:17:14.534	22131	10501	-94	-88	10
2015-07-29 19:20:24.866	22131	10501	-94	-88	10	29.96	67.62	3.734
2015-07-29 19:57:45.431	22131	10501	-94	-88	10	28.77	68.93	3.732
2015-07-29 20:12:37.986	22131	10501	-94	-90	10	28.02	69.78	3.732
2015-07-29 20:45:20.734	22131	10501	-94	-89	10	26.76	71.39	3.731
2015-07-29 21:06:48.85	22131	10501	-94	-88	10
2015-07-29 21:29:25.234	22131	10501	-94	-90	10	25.65	72.48	3.731
2015-07-29 21:50:37.054	22131	10501	-94	-89	10	25.43	72.8	3.73
2015-07-29 22:22:52.886	22131	10501	-94	-89	10
2015-07-29 22:24:51.787	22131	10501	-94	-89	10	24.93	73.52	3.73
2015-07-29 22:43:47.518	22131	10501	-94	-89	10	24.68	73.86	3.73
2015-07-29 22:56:23.983	22131	10501	-94	-89	10
2015-07-29 23:30:22.275	22131	10501	-94	-89	10	24.14	74.72	3.73
2015-07-29 23:50:19.163	22131	10501	-94	-88	10	24.01	74.94	3.728
2015-07-30 00:12:43.055	22131	10501	-94	-88	10	23.85	75.1	3.729
2015-07-30 00:45:57.687	22131	10501	-94	-88	10
2015-07-30 00:57:00.15	22131	10501	-94	-88	10	23.74	75.48	3.728
2015-07-30 01:28:52.499	22131	10501	-94	-89	10	23.75	75.73	3.728
2015-07-30 01:53:27.527	22131	10501	-94	-89	10
2015-07-30 01:54:18.339	22131	10501	-94	-88	10	23.7	75.91	3.728
2015-07-30 02:12:37.075	22131	10501	-94	-88	10	23.63	76.22	3.728
2015-07-30 02:35:32.294	22131	10501	-94	-89	10
2015-07-30 02:49:34.875	22131	10501	-94	-90	10	23.63	76.6	3.726
2015-07-30 03:18:15.603	22131	10501	-94	-88	10	23.76	76.76	3.726
2015-07-30 03:47:04.999	22131	10501	-94	-85	10	24.04	76.49	3.726
2015-07-30 04:46:52.091	22131	10501	-94	-87	10	23.94	77.18	3.726
2015-07-30 05:22:58.194	22131	10501	-94	-86	10	24.02	77.68	3.726
2015-07-30 05:24:03.939	22131	10501	-94	-87	10
2015-07-30 05:53:43.507	22131	10501	-94	-87	10	23.92	78.22	3.726
2015-07-30 06:14:40.291	22131	10501	-94	-85	10
2015-07-30 06:27:22.347	22131	10501	-91	-89	10	23.63	78.77	3.725
2015-07-30 06:46:20.371	22131	10501	-94	-87	10	23.46	78.87	3.728
2015-07-30 07:22:44.102	22131	10501	-94	-85	10	23.11	79.11	3.724
2015-07-30 07:42:14.022	22131	10501	-91	-85	10	22.93	79.1	3.724
2015-07-30 08:04:15.018	22131	10501	-94	-89	10
2015-07-30 08:16:29.846	22131	10501	-94	-85	10	22.74	78.8	3.724
2015-07-30 08:54:38.163	22131	10501	-94	-86	10
2015-07-30 09:00:01.526	22131	10501	-94	-86	10	23.5	77.06	3.724
2015-07-30 09:17:52.51	22131	10501	-94	-90	10	23.79	76.31	3.724
2015-07-30 09:53:48.882	22131	10501	-91	-88	10
2015-07-30 10:02:25.062	22131	10501	-94	-86	10	25.36	73.43	3.724
2015-07-30 10:13:05.65	22131	10501	-94	-83	10	25.9	72.41	3.724
2015-07-30 10:41:34.81	22131	10501	-94	-87	10	29.71	66.45	3.726
2015-07-30 11:22:22.003	22131	10501	-94	-89	10	27.86	66.34	3.726
2015-07-30 11:43:22.758	22131	10501	-94	-89	10
2015-07-30 11:52:29.086	22131	10501	-94	-88	10	28.44	64.12	3.725
2015-07-30 12:19:59.506	22131	10501	-94	-86	10	29.33	61.53	3.725
2015-07-30 12:25:13.287	22131	10501	-94	-89	10
2015-07-30 12:41:38.662	22131	10501	-94	-92	10	30.02	59.39	3.729
2015-07-30 13:14:15.131	22131	10501	-94	-87	10	30.86	55.2	3.729
2015-07-30 13:32:58.003	22131	10501	-94	-88	10
2015-07-30 14:03:43.042	22131	10501	-94	-84	10	31.05	52.24	3.729
2015-07-30 14:12:02.902	22131	10501	-94	-85	10	31.05	52.01	3.728
2015-07-30 15:22:31.434	22131	10501	-94	-90	10
2015-07-30 15:27:13.711	22131	10501	-94	-89	10	31.08	50.26	3.73
2015-07-30 15:43:47.039	22131	10501	-94	-87	10	30.86	48.52	3.729
2015-07-30 15:55:48.398	22131	10501	-94	-92	10
2015-07-30 16:21:45.067	22131	10501	-94	-91	10	30.27	49.47	3.73
2015-07-30 16:54:26.958	22131	10501	-94	-88	10	30.47	48.24	3.729
2015-07-30 17:12:05.387	22131	10501	-94	-88	10
2015-07-30 17:20:00.947	22131	10501	-94	-87	10	30.36	48.79	3.729
2015-07-30 17:46:55.567	22131	10501	-94	-92	10	30.91	47.23	3.729
2015-07-30 18:15:37.199	22131	10501	-91	-86	10	28.97	50.22	3.729
2015-07-30 18:58:40.562	22131	10501	-94	-88	10	27.66	52.08	3.729
2015-07-30 19:01:39.786	22131	10501	-94	-89	10
2015-07-30 19:26:23.534	22131	10501	-94	-89	10
2015-07-30 19:27:30.994	22131	10501	-94	-85	10	26.61	53.47	3.728
2015-07-30 19:48:03.179	22131	10501	-94	-88	10	26.04	54.59	3.728
2015-07-30 20:21:08.631	22131	10501	-94	-85	10	24.94	56.31	3.728
2015-07-30 21:21:54.099	22131	10501	-94	-86	10	23.0	59.42	3.726
2015-07-30 21:58:27.818	22131	10501	-94	-85	10	22.49	60.37	3.724
2015-07-30 22:14:17.77	22131	10501	-94	-87	10	22.28	60.88	3.724
2015-07-30 22:40:47.507	22131	10501	-94	-87	10
2015-07-30 22:42:23.9	22131	10501	-94	-86	10	21.79	61.58	3.723
2015-07-30 22:56:57.93	22131	10501	-94	-87	10
2015-07-30 23:24:23.323	22131	10501	-94	-85	10	20.86	63.4	3.724
2015-07-31 00:01:27.618	22131	10501	-94	-85	10	20.47	64.65	3.723
2015-07-31 00:28:09.398	22131	10501	-94	-85	10	20.06	65.62	3.721
2015-07-31 00:30:21.598	22131	10501	-94	-85	10
2015-07-31 00:51:47.067	22131	10501	-91	-85	10	19.78	65.8	3.721
2015-07-31 01:30:38.562	22131	10501	-94	-85	10	19.22	66.51	3.72
2015-07-31 01:57:09.766	22131	10501	-94	-85	10	18.89	67.35	3.719
2015-07-31 02:14:14.175	22131	10501	-94	-84	10	18.7	67.58	3.72
2015-07-31 02:19:56.719	22131	10501	-91	-84	10
2015-07-31 02:27:32.727	22131	10501	-94	-84	10
2015-07-31 02:48:59.479	22131	10501	-94	-83	10	18.57	68.23	3.719
2015-07-31 03:17:45.963	22131	10501	-94	-84	10	18.45	69.05	3.719
2015-07-31 03:44:11.583	22131	10501	-94	-85	10	18.27	69.63	3.718
2015-07-31 04:09:30.011	22131	10501	-94	-85	10
2015-07-31 04:32:57.415	22131	10501	-94	-85	10	17.79	70.51	3.718
2015-07-31 04:46:56.358	22131	10501	-91	-83	10	17.68	70.6	3.717
2015-07-31 05:29:03.555	22131	10501	-91	-83	10	17.36	71.03	3.717
2015-07-31 05:52:21.038	22131	10501	-94	-84	10	17.21	71.16	3.717
2015-07-31 05:58:07.423	22131	10501	-91	-84	10
2015-07-31 05:59:04.206	22131	10501	-94	-84	10
2015-07-31 06:31:09.198	22131	10501	-94	-84	10	16.95	71.63	3.715
2015-07-31 07:01:56.986	22131	10501	-91	-84	10	17.0	71.81	3.715
2015-07-31 07:26:53.97	22131	10501	-91	-84	10	17.72	71.18	3.715
2015-07-31 07:48:38.755	22131	10501	-94	-85	10
2015-07-31 07:52:23.538	22131	10501	-94	-85	10	18.43	70.6	3.715
2015-07-31 08:13:49.558	22131	10501	-94	-84	10	19.14	70.15	3.715
2015-07-31 08:43:15.183	22131	10501	-94	-85	10	20.25	69.43	3.717
2015-07-31 09:26:19.558	22131	10501	-94	-84	10	22.43	67.61	3.717
2015-07-31 09:28:42.918	22131	10501	-91	-87	10
2015-07-31 09:38:12.883	22131	10501	-94	-85	10
2015-07-31 09:51:39.427	22131	10501	-94	-91	10	23.63	66.44	3.717
2015-07-31 10:18:34.591	22131	10501	-94	-85	10	25.85	63.93	3.719
2015-07-31 10:46:30.25	22131	10501	-94	-92	10	29.11	59.22	3.719
2015-07-31 11:13:19.426	22131	10501	-94	-87	10	27.44	61.57	3.72
2015-07-31 11:27:46.755	22131	10501	-94	-85	10
2015-07-31 11:41:53.054	22131	10501	-94	-90	10	27.82	59.95	3.721
2015-07-31 12:30:28.011	22131	10501	-94	-92	10	29.08	55.84	3.715
2015-07-31 12:52:24.79	22131	10501	-94	-84	10	29.94	53.73	3.721
2015-07-31 12:59:20.959	22131	10501	-94	-89	10
2015-07-31 13:17:21.154	22131	10501	-94	-91	10
2015-07-31 13:47:18.715	22131	10501	-94	-87	10	30.88	50.26	3.723
2015-07-31 14:42:45.539	22131	10501	-94	-87	10	29.99	47.75	3.724
2015-07-31 18:57:36.782	22131	10501	-94	-90	10	27.55	52.51	3.723
2015-07-31 19:51:30.438	22131	10501	-94	-92	10	26.41	53.73	3.721
2015-07-31 20:16:32.314	22131	10501	-94	-91	10	25.74	54.39	3.721
2015-07-31 20:35:39.778	22131	10501	-94	-91	10
2015-07-31 21:02:46.73	22131	10501	-94	-92	11	23.19	57.81	3.719
2015-08-01 01:30:37.571	22131	10501	-94	-89	19	22.17	62.44	3.717
2015-08-01 01:46:26.102	22131	10501	-94	-91	19	22.33	62.4	3.717
2015-08-01 02:04:22.347	22131	10501	-94	-90	18
2015-08-01 02:22:13.086	22131	10501	-94	-90	18	22.21	62.71	3.718
2015-08-01 02:48:25.195	22131	10501	-94	-90	15	21.93	63.08	3.715
2015-08-01 03:01:37.803	22131	10501	-94	-89	14
2015-08-01 03:46:44.83	22131	10501	-94	-89	11	20.11	65.54	3.714
2015-08-01 03:53:53.846	22131	10501	-94	-91	11
2015-08-01 04:23:29.744	22131	10501	-94	-89	11	19.5	66.67	3.715
2015-08-01 04:42:55.762	22131	10501	-94	-89	11	19.25	67.28	3.713
2015-08-01 05:23:03.154	22131	10501	-94	-89	10	18.64	68.1	3.712
2015-08-01 05:43:28.255	22131	10501	-94	-89	10
2015-08-01 05:54:16.238	22131	10501	-94	-89	10	18.24	68.42	3.714
2015-08-01 06:25:44.494	22131	10501	-94	-89	10	17.68	69.05	3.712
2015-08-01 06:32:13.427	22131	10501	-94	-89	10
2015-08-01 06:55:13.035	22131	10501	-94	-89	10	17.54	69.19	3.71
2015-08-01 07:32:04.767	22131	10501	-94	-90	10	18.1	68.98	3.71
2015-08-01 07:33:01.938	22131	10501	-94	-91	10
2015-08-01 08:01:02.911	22131	10501	-94	-89	10	18.96	68.72	3.71
2015-08-01 08:58:47.859	22131	10501	-94	-90	10	21.01	67.62	3.709
2015-08-01 09:13:02.523	22131	10501	-94	-86	10	21.47	67.44	3.712
2015-08-01 09:22:36.511	22131	10501	-94	-87	10
2015-08-01 10:02:51.064	22131	10501	-94	-88	10
2015-08-01 10:02:59.486	22131	10501	-94	-92	10	24.06	65.17	3.712
2015-08-01 10:21:47.231	22131	10501	-94	-89	10	25.26	62.76	3.714
2015-08-01 10:53:08.535	22131	10501	-94	-89	10	26.99	59.21	3.713
2015-08-01 11:12:10.654	22131	10501	-94	-92	10
2015-08-01 11:25:32.143	22131	10501	-94	-91	10	25.33	60.94	3.713
2015-08-01 12:23:25.431	22131	10501	-94	-90	10	27.11	56.84	3.713
2015-08-01 13:02:45.119	22131	10501	-94	-86	10	29.02	51.52	3.717
2015-08-01 13:33:23.85	22131	10501	-94	-90	10
2015-08-01 16:27:31.256	22131	10501	-94	-88	10	28.86	45.56	3.719
2015-08-01 19:31:51.123	22131	10501	-94	-89	10	23.1	55.64	3.715
2015-08-01 20:29:44.779	22131	10501	-94	-88	10	22.26	57.43	3.714
2015-08-01 22:09:35.918	22131	10501	-94	-87	10
2015-08-01 23:01:29.335	22131	10501	-94	-87	10	19.11	62.12	3.71
2015-08-01 23:28:30.07	22131	10501	-94	-87	10	18.82	62.89	3.71
2015-08-01 23:59:09.398	22131	10501	-94	-88	10
2015-08-01 23:59:11.386	22131	10501	-94	-88	10	18.35	63.83	3.71
2015-08-02 00:05:08.146	22131	10501	-94	-88	10
2015-08-02 00:24:48.054	22131	10501	-94	-89	10	18.36	64.03	3.709
2015-08-02 00:41:29.319	22131	10501	-94	-88	10	18.18	64.55	3.71
2015-08-02 01:17:00.726	22131	10501	-94	-86	10	17.89	64.99	3.712
2015-08-02 01:48:43.522	22131	10501	-94	-86	10
2015-08-02 01:53:43.762	22131	10501	-94	-86	10	17.54	65.73	3.709
2015-08-02 02:30:36.019	22131	10501	-94	-89	10	17.79	66.06	3.697
2015-08-02 02:45:17.87	22131	10501	-94	-88	10	17.88	66.18	3.707
2015-08-02 03:27:55.335	22131	10501	-94	-87	10	17.47	66.82	3.707
2015-08-02 03:35:43.69	22131	10501	-94	-88	10
2015-08-02 03:38:18.131	22131	10501	-94	-87	10
2015-08-02 03:58:27.356	22131	10501	-94	-85	10	17.03	67.62	3.706
2015-08-02 04:29:43.246	22131	10501	-94	-85	10	16.36	68.72	3.706
2015-08-02 04:48:11.826	22131	10501	-94	-86	10	16.22	68.72	3.706
2015-08-02 05:13:02.562	22131	10501	-94	-88	10	16.1	69.01	3.706
2015-08-02 05:27:51.414	22131	10501	-94	-86	10
2015-08-02 05:41:23.467	22131	10501	-94	-88	10	16.17	69.32	3.704
2015-08-02 06:17:24.83	22131	10501	-94	-87	10	16.45	69.26	3.706
2015-08-02 07:01:28.19	22131	10501	-94	-89	10	17.54	68.71	3.706
2015-08-02 07:06:18.862	22131	10501	-94	-88	10
2015-08-02 07:17:26.39	22131	10501	-94	-88	10
2015-08-02 07:33:04.838	22131	10501	-94	-89	10	17.92	68.78	3.704
2015-08-02 07:42:51.455	22131	10501	-94	-87	10	18.24	68.56	3.706
2015-08-02 08:32:34.914	22131	10501	-94	-90	10	19.82	67.63	3.704
2015-08-02 08:51:32.374	22131	10501	-94	-92	10	20.43	67.03	3.706
2015-08-02 09:07:02.362	22131	10501	-94	-89	10
2015-08-02 09:26:31.046	22131	10501	-94	-87	10	21.54	66.25	3.706
2015-08-02 09:49:02.194	22131	10501	-94	-90	10	22.4	65.47	3.706
2015-08-02 10:14:15.338	22131	10501	-94	-92	10	24.6	63.52	3.706
2015-08-02 10:36:53.45	22131	10501	-94	-88	11
2015-08-15 09:29:10.83	22131	10501	-94	-83	10	22.15	28.53	3.68
