result_time	node_id	parent_id	stats_frssi	stats_brssi	etx	temperature	humidity	voltage
2015-08-19 16:38:11.335	22431	11301	-94	-83	18	30.52	66.05	3.78
2015-08-19 17:08:12.467	22431	11301	-94	-83	16	31.16	65.35	3.779
2015-08-19 17:56:43.57	22431	11301	-91	-87	13	30.61	66.18	3.781
2015-08-19 19:06:23.402	22431	11301	-94	-80	10
2015-08-19 19:31:46.31	22431	11301	-91	-82	10	26.38	69.63	3.779
2015-08-19 19:56:23.334	22431	11301	-91	-82	10
2015-08-19 20:05:01.33	22431	11301	-91	-82	10	25.54	69.94	3.78
2015-08-19 20:31:20.006	22431	11301	-91	-81	10
2015-08-19 20:35:32.058	22431	11301	-94	-83	10	24.9	70.14	3.778
2015-08-19 20:53:39.934	22431	11301	-94	-82	10	24.61	70.23	3.776
2015-08-19 21:37:09.038	22431	11301	-91	-83	10	24.38	69.96	3.778
2015-08-19 21:46:05.511	22431	11301	-94	-82	10
2015-08-19 22:01:45.754	22431	11301	-94	-83	10	24.04	70.12	3.778
2015-08-19 22:32:26.711	22431	11301	-94	-83	10	23.76	70.21	3.778
2015-08-19 23:21:14.459	22431	11301	-94	-82	10
2015-08-19 23:25:20.955	22431	11301	-94	-82	10	23.45	70.21	3.779
2015-08-19 23:35:45.967	22431	11301	-91	-83	10
2015-08-19 23:52:52.807	22431	11301	-94	-83	10	23.68	69.8	3.775
2015-08-20 01:02:16.19	22431	11301	-94	-83	10	22.9	70.45	3.776
2015-08-20 01:25:03.054	22431	11301	-94	-84	10	22.76	70.48	3.774
2015-08-20 01:25:27.858	22431	11301	-94	-84	10
2015-08-20 01:51:52.454	22431	11301	-94	-81	10	22.9	70.25	3.776
2015-08-20 02:11:10.57	22431	11301	-94	-83	10
2015-08-20 02:24:49.462	22431	11301	-94	-83	10	22.7	70.3	3.775
2015-08-20 03:05:23.855	22431	11301	-94	-82	10	22.86	70.05	3.774
2015-08-20 03:15:07.822	22431	11301	-94	-83	10
2015-08-20 03:36:06.835	22431	11301	-94	-84	10
2015-08-20 03:37:51.475	22431	11301	-94	-84	10	22.61	70.29	3.774
2015-08-20 04:03:52.427	22431	11301	-94	-84	10	22.59	70.28	3.775
2015-08-20 04:27:43.979	22431	11301	-94	-82	10	23.65	69.2	3.775
2015-08-20 05:21:35.267	22431	11301	-94	-86	10	23.26	69.87	3.775
2015-08-20 05:57:46.847	22431	11301	-91	-82	10	23.27	69.87	3.773
2015-08-20 06:34:56.7	22431	11301	-94	-82	10	23.4	69.75	3.776
2015-08-20 06:54:30.875	22431	11301	-94	-84	10
2015-08-20 07:38:30.683	22431	11301	-94	-83	10	23.64	69.57	3.774
2015-08-20 08:24:06.619	22431	11301	-94	-88	10	23.96	69.37	3.774
2015-08-20 08:44:12.026	22431	11301	-94	-86	10
2015-08-20 09:09:10.946	22431	11301	-94	-83	10	24.36	69.1	3.774
2015-08-20 09:15:58.007	22431	11301	-94	-83	10
2015-08-20 09:23:43.698	22431	11301	-94	-87	10	24.41	69.11	3.775
2015-08-20 09:51:55.602	22431	11301	-94	-83	10	24.82	68.69	3.774
2015-08-20 10:27:20.526	22431	11301	-94	-86	10	24.49	69.35	3.775
2015-08-20 10:33:52.692	22431	11301	-91	-85	10
2015-08-20 10:40:54.251	22431	11301	-91	-83	10
2015-08-20 10:49:37.51	22431	11301	-94	-84	10	25.22	68.48	3.774
2015-08-20 11:39:39.743	22431	11301	-91	-86	10	25.85	68.1	3.775
2015-08-20 12:03:10.738	22431	11301	-94	-90	10	25.33	68.7	3.776
2015-08-20 12:23:34.662	22431	11301	-94	-83	10
2015-08-20 12:26:10.638	22431	11301	-94	-84	10	24.66	69.64	3.775
2015-08-20 13:18:25.81	22431	11301	-94	-85	10	24.6	69.68	3.775
2015-08-20 14:09:22.818	22431	11301	-94	-88	10	24.88	69.71	3.773
2015-08-20 14:13:15.934	22431	11301	-94	-91	10
2015-08-20 14:21:49.287	22431	11301	-94	-85	10	26.47	67.68	3.775
2015-08-20 14:49:42.726	22431	11301	-94	-86	10	25.88	68.33	3.775
2015-08-20 14:55:48.302	22431	11301	-91	-86	10
2015-08-20 15:18:46.53	22431	11301	-94	-83	10	27.26	67.15	3.775
2015-08-20 16:03:05.431	22431	11301	-94	-90	10
2015-08-20 16:10:43.435	22431	11301	-94	-85	10	27.11	67.62	3.775
2015-08-20 16:20:46.482	22431	11301	-94	-83	10
2015-08-20 16:40:28.067	22431	11301	-94	-83	10	27.08	67.82	3.775
2015-08-20 17:10:11.258	22431	11301	-91	-90	10	27.13	67.94	3.776
2015-08-20 17:45:44.696	22431	11301	-94	-81	10
2015-08-20 17:52:39.718	22431	11301	-94	-82	10
2015-08-20 17:57:53.331	22431	11301	-94	-83	10	26.49	68.65	3.778
2015-08-20 18:39:41.921	22431	11301	-91	-86	10	25.74	69.32	3.775
2015-08-20 18:53:46.104	22431	11301	-94	-82	10	25.32	69.7	3.775
2015-08-20 19:10:40.034	22431	11301	-94	-84	10
2015-08-20 19:21:13.503	22431	11301	-94	-80	10	24.52	70.32	3.774
2015-08-20 19:42:18.23	22431	11301	-94	-82	10
2015-08-20 19:56:12.755	22431	11301	-94	-81	10	23.45	71.0	3.774
2015-08-20 20:28:38.814	22431	11301	-91	-80	10	22.03	71.94	3.775
2015-08-20 20:35:39.738	22431	11301	-94	-81	10
2015-08-20 21:10:34.159	22431	11301	-94	-81	10	20.43	72.85	3.771
2015-08-20 21:31:23.002	22431	11301	-91	-81	10	20.17	72.63	3.773
2015-08-20 21:32:00.034	22431	11301	-94	-80	10
2015-08-20 22:00:36.026	22431	11301	-94	-81	10
2015-08-20 22:34:08.694	22431	11301	-91	-82	10	19.74	72.52	3.77
2015-08-20 23:09:22.743	22431	11301	-91	-81	10	19.43	72.46	3.771
2015-08-20 23:21:40.262	22431	11301	-94	-80	10
2015-08-20 23:25:32.586	22431	11301	-91	-82	10
2015-08-20 23:35:52.847	22431	11301	-91	-79	10	19.22	72.64	3.77
2015-08-21 00:02:29.262	22431	11301	-91	-83	10	19.2	72.2	3.77
2015-08-21 00:23:14.974	22431	11301	-94	-80	10	18.72	72.46	3.769
2015-08-21 00:55:07.654	22431	11301	-91	-80	10	17.65	73.34	3.768
2015-08-21 01:11:21.55	22431	11301	-88	-78	10
2015-08-21 02:07:39.494	22431	11301	-91	-79	10	17.14	73.08	3.769
2015-08-21 02:15:28.846	22431	11301	-91	-81	10
2015-08-21 02:31:54.534	22431	11301	-94	-81	10	16.74	73.3	3.767
2015-08-21 03:01:02.886	22431	11301	-91	-81	10
2015-08-21 03:06:40.194	22431	11301	-94	-81	10	15.93	73.73	3.765
2015-08-21 03:40:27.182	22431	11301	-91	-82	10
2015-08-21 04:02:09.351	22431	11301	-94	-82	10	15.0	74.07	3.765
2015-08-21 04:30:18.886	22431	11301	-94	-82	10	14.68	74.17	3.767
2015-08-21 04:50:43.65	22431	11301	-91	-83	10
2015-08-21 05:04:21.019	22431	11301	-94	-82	10	14.35	74.18	3.763
2015-08-21 05:05:22.715	22431	11301	-91	-82	10
2015-08-21 05:38:59.647	22431	11301	-94	-82	10	14.06	74.25	3.765
2015-08-21 06:04:05.706	22431	11301	-94	-83	10	13.81	74.28	3.764
2015-08-21 06:23:24.524	22431	11301	-94	-83	10	13.65	74.33	3.764
2015-08-21 06:30:20.494	22431	11301	-91	-82	10
2015-08-21 06:40:25.242	22431	11301	-91	-83	10
2015-08-21 07:09:16.458	22431	11301	-94	-83	10	13.56	74.21	3.764
2015-08-21 07:25:03.634	22431	11301	-94	-82	10	13.7	74.05	3.764
2015-08-21 07:55:18.21	22431	11301	-91	-83	10
2015-08-21 08:09:53.039	22431	11301	-94	-81	10	14.7	73.19	3.762
2015-08-21 08:35:57.942	22431	11301	-91	-82	10	16.11	71.96	3.764
2015-08-21 09:02:34.146	22431	11301	-94	-82	10	17.52	71.0	3.763
2015-08-21 09:22:22.514	22431	11301	-94	-82	10	18.79	70.03	3.763
2015-08-21 09:57:08.667	22431	11301	-91	-83	10	20.18	69.45	3.764
2015-08-21 10:19:48.47	22431	11301	-94	-81	10
2015-08-21 10:32:07.439	22431	11301	-94	-82	10	21.49	68.87	3.762
2015-08-21 11:08:02.258	22431	11301	-91	-80	10	22.88	68.03	3.763
2015-08-21 11:24:51.224	22431	11301	-91	-85	10	23.57	67.49	3.765
2015-08-21 11:49:25.279	22431	11301	-94	-90	10	23.96	67.88	3.764
2015-08-21 12:09:29.519	22431	11301	-94	-84	10
2015-08-21 12:10:10.923	22431	11301	-94	-85	10
2015-08-21 12:38:36.092	22431	11301	-94	-84	10	25.08	67.47	3.767
2015-08-21 13:05:42.582	22431	11301	-94	-85	10	26.18	66.44	3.769
2015-08-21 13:35:11.53	22431	11301	-94	-87	10
2015-08-21 13:35:47.539	22431	11301	-94	-83	10	26.22	67.03	3.768
2015-08-21 13:49:38.507	22431	11301	-94	-84	10	25.46	68.29	3.767
2015-08-21 13:59:09.738	22431	11301	-94	-83	10
2015-08-21 14:35:10.118	22431	11301	-94	-85	10	26.08	67.93	3.769
2015-08-21 15:00:06.79	22431	11301	-94	-82	10
2015-08-21 15:05:14.33	22431	11301	-94	-82	10	26.4	67.73	3.769
2015-08-21 15:18:27.195	22431	11301	-94	-83	10	26.19	68.04	3.769
2015-08-21 15:48:52.139	22431	11301	-91	-82	10
2015-08-21 16:06:45.734	22431	11301	-94	-82	10	25.94	68.23	3.771
2015-08-21 16:25:06.05	22431	11301	-91	-82	10
2015-08-21 16:26:26.615	22431	11301	-94	-80	10	25.77	68.89	3.77
2015-08-21 16:57:32.234	22431	11301	-94	-82	10	25.63	68.95	3.773
2015-08-21 17:25:01.535	22431	11301	-94	-81	10	25.4	69.11	3.769
2015-08-21 17:38:31.99	22431	11301	-91	-81	10
2015-08-21 17:50:01.512	22431	11301	-94	-79	10
2015-08-21 17:59:02.05	22431	11301	-94	-80	10	24.43	69.99	3.769
2015-08-21 18:23:29.662	22431	11301	-91	-81	10	24.36	69.87	3.77
2015-08-21 19:04:58.243	22431	11301	-94	-81	10	23.02	70.95	3.768
2015-08-21 19:14:59.538	22431	11301	-91	-81	10
2015-08-21 19:28:12.714	22431	11301	-91	-81	10
2015-08-21 19:38:43.134	22431	11301	-91	-81	10	21.56	72.01	3.769
2015-08-21 19:58:36.078	22431	11301	-94	-81	10	20.63	72.66	3.768
2015-08-21 20:31:31.227	22431	11301	-91	-81	10	19.39	73.25	3.767
2015-08-21 20:39:55.93	22431	11301	-91	-80	10
2015-08-21 21:10:16.599	22431	11301	-91	-81	10	18.28	73.6	3.765
2015-08-21 21:17:53.97	22431	11301	-91	-81	10
2015-08-21 21:26:48.526	22431	11301	-91	-80	10	17.89	73.66	3.763
2015-08-21 22:04:58.374	22431	11301	-91	-80	10
2015-08-21 22:06:03.418	22431	11301	-91	-81	10	17.31	73.62	3.765
2015-08-21 22:59:47.406	22431	11301	-91	-81	10	17.68	72.83	3.763
2015-08-21 23:27:45.231	22431	11301	-91	-80	10	17.57	72.79	3.765
2015-08-22 00:34:17.21	22431	11301	-91	-81	10	16.04	73.86	3.764
2015-08-22 00:54:48.574	22431	11301	-91	-80	10
2015-08-22 00:57:55.142	22431	11301	-88	-81	10
2015-08-22 00:59:24.695	22431	11301	-91	-80	10	15.53	74.04	3.763
2015-08-22 01:19:25.418	22431	11301	-91	-81	10	15.14	74.23	3.76
2015-08-22 02:05:14.254	22431	11301	-91	-81	10	14.38	74.45	3.76
2015-08-22 02:19:47.966	22431	11301	-94	-80	10
2015-08-22 02:36:50.867	22431	11301	-91	-80	10	13.92	74.49	3.758
2015-08-22 02:46:57.254	22431	11301	-91	-81	10
2015-08-22 03:44:44.203	22431	11301	-94	-81	10
2015-08-22 03:56:36.042	22431	11301	-91	-81	10	13.14	74.49	3.759
2015-08-22 04:36:39.522	22431	11301	-94	-82	10
2015-08-22 04:37:13.17	22431	11301	-94	-82	10	12.82	74.68	3.758
2015-08-22 04:59:56.686	22431	11301	-91	-81	10	12.71	74.53	3.753
2015-08-22 05:09:42.046	22431	11301	-94	-82	10
2015-08-22 05:27:34.426	22431	11301	-94	-82	10	12.5	74.67	3.758
2015-08-22 06:10:09.362	22431	11301	-94	-82	10	12.42	74.53	3.758
2015-08-22 06:26:20.53	22431	11301	-94	-83	10
2015-08-22 06:33:57.158	22431	11301	-94	-83	10	12.18	74.61	3.758
2015-08-22 06:34:51.25	22431	11301	-94	-83	10
2015-08-22 06:55:57.411	22431	11301	-94	-83	10	12.04	74.69	3.757
2015-08-22 07:54:50.143	22431	11301	-94	-83	10	13.47	73.53	3.756
2015-08-22 07:59:38.15	22431	11301	-94	-83	10
2015-08-22 08:16:02.47	22431	11301	-91	-82	10
2015-08-22 08:26:00.975	22431	11301	-94	-81	10	14.93	72.46	3.756
2015-08-22 09:09:29.25	22431	11301	-91	-82	10	17.04	71.02	3.758
2015-08-22 09:24:34.299	22431	11301	-91	-81	10
2015-08-22 10:26:57.578	22431	11301	-91	-82	10	19.83	69.52	3.759
2015-08-22 10:49:33.274	22431	11301	-94	-81	10
2015-08-22 11:01:29.454	22431	11301	-94	-82	10	21.47	68.64	3.759
2015-08-22 11:01:32.923	22431	11301	-94	-82	10	21.47	68.64	3.759
2015-08-22 11:31:57.427	22431	11301	-94	-82	10	22.78	67.82	3.762
2015-08-22 11:55:23.354	22431	11301	-88	-84	10
2015-08-22 12:10:21.026	22431	11301	-94	-84	10	24.52	66.56	3.76
2015-08-22 12:14:28.758	22431	11301	-94	-84	10
2015-08-22 12:23:43.11	22431	11301	-94	-82	10	24.36	67.46	3.762
2015-08-22 13:09:20.899	22431	11301	-94	-83	10	25.44	67.27	3.763
2015-08-22 13:20:23.582	22431	11301	-94	-86	10	25.29	67.91	3.762
2015-08-22 13:39:27.127	22431	11301	-91	-83	10
2015-08-22 13:45:04.546	22431	11301	-94	-82	10
2015-08-22 13:49:09.635	22431	11301	-94	-82	10	25.24	68.11	3.763
2015-08-22 14:18:31.354	22431	11301	-94	-82	10	25.76	67.76	3.764
2015-08-22 15:03:33.882	22431	11301	-94	-89	10	26.01	67.81	3.763
2015-08-22 15:04:24.723	22431	11301	-94	-82	10
2015-08-22 15:34:45.539	22431	11301	-94	-82	10
2015-08-22 16:01:34.926	22431	11301	-94	-85	10	26.63	67.45	3.764
2015-08-22 16:29:22.302	22431	11301	-94	-83	10
2015-08-22 16:35:51.57	22431	11301	-91	-80	10	25.82	68.79	3.768
2015-08-22 16:49:31.871	22431	11301	-94	-81	10	25.44	69.12	3.767
2015-08-22 17:24:26.846	22431	11301	-91	-83	10
2015-08-22 17:31:39.306	22431	11301	-94	-84	10	25.21	69.05	3.767
2015-08-22 17:54:20.522	22431	11301	-94	-83	10
2015-08-22 17:57:01.172	22431	11301	-91	-82	10	24.6	69.86	3.767
2015-08-22 18:38:18.303	22431	11301	-91	-83	10	23.61	70.5	3.767
2015-08-22 18:51:38.791	22431	11301	-94	-80	10	23.28	70.83	3.765
2015-08-22 19:14:07.618	22431	11301	-91	-81	10
2015-08-22 19:19:17.994	22431	11301	-91	-80	10
2015-08-22 19:39:04.835	22431	11301	-94	-81	10	21.46	72.08	3.763
2015-08-22 19:53:41.566	22431	11301	-91	-81	10	20.79	72.45	3.765
2015-08-22 20:37:48.287	22431	11301	-91	-80	10	19.13	73.3	3.765
2015-08-22 20:44:17.919	22431	11301	-91	-80	10
2015-08-22 21:04:38.975	22431	11301	-91	-80	10	18.6	73.28	3.763
2015-08-22 21:32:58.783	22431	11301	-94	-80	10	17.89	73.47	3.763
2015-08-22 21:56:16.43	22431	11301	-91	-80	10	17.42	73.64	3.762
2015-08-22 22:09:12.09	22431	11301	-91	-80	10
2015-08-22 22:32:17.759	22431	11301	-91	-81	10	16.78	73.81	3.762
2015-08-22 22:48:11.002	22431	11301	-91	-80	10	16.61	73.73	3.76
2015-08-22 22:53:30.058	22431	11301	-91	-81	10
2015-08-22 23:31:22.818	22431	11301	-91	-81	10	16.35	73.49	3.762
2015-08-22 23:34:09.75	22431	11301	-91	-80	10
2015-08-22 23:52:04.598	22431	11301	-91	-81	10	15.97	73.76	3.759
2015-08-23 00:32:54.115	22431	11301	-91	-81	10	15.93	73.41	3.76
2015-08-23 00:43:10.898	22431	11301	-94	-81	10
2015-08-23 00:48:41.958	22431	11301	-91	-80	10	15.68	73.68	3.76
2015-08-23 00:59:07.93	22431	11301	-94	-80	10
2015-08-23 01:39:17.843	22431	11301	-91	-82	10	15.31	73.76	3.757
2015-08-23 01:56:47.486	22431	11301	-91	-80	10	15.28	73.7	3.759
2015-08-23 02:24:04.954	22431	11301	-91	-81	10
2015-08-23 02:32:52.462	22431	11301	-94	-81	10
2015-08-23 02:38:23.79	22431	11301	-91	-81	10	15.06	73.71	3.759
2015-08-23 03:25:53.382	22431	11301	-91	-80	10	14.5	73.95	3.757
2015-08-23 03:49:02.85	22431	11301	-91	-80	10
2015-08-23 04:06:53.746	22431	11301	-91	-81	10	14.17	74.09	3.757
2015-08-23 04:22:33.787	22431	11301	-91	-82	10
2015-08-23 04:39:33.598	22431	11301	-91	-81	10	14.06	73.99	3.758
2015-08-23 04:57:34.791	22431	11301	-91	-81	10	13.93	74.02	3.754
2015-08-23 05:14:00.518	22431	11301	-91	-81	10
2015-08-23 05:27:42.418	22431	11301	-91	-82	10	13.74	74.06	3.757
2015-08-23 06:03:22.706	22431	11301	-94	-81	10	13.65	74.07	3.753
2015-08-23 06:12:15.758	22431	11301	-94	-81	10
2015-08-23 06:38:12.838	22431	11301	-94	-82	10	13.65	73.91	3.753
2015-08-23 06:38:57.646	22431	11301	-94	-82	10
2015-08-23 07:00:57.362	22431	11301	-91	-83	10	13.6	73.95	3.754
2015-08-23 07:38:30.103	22431	11301	-91	-82	10	14.0	73.61	3.756
2015-08-23 08:01:55.379	22431	11301	-91	-82	10
2015-08-23 08:03:54.626	22431	11301	-94	-82	10
2015-08-23 08:07:40.958	22431	11301	-94	-81	10	14.74	72.98	3.756
2015-08-23 08:56:00.938	22431	11301	-94	-82	10	16.43	71.7	3.756
2015-08-23 09:25:52.975	22431	11301	-94	-82	10	17.7	70.76	3.753
2015-08-23 09:28:52.474	22431	11301	-94	-81	10
2015-08-23 09:51:37.542	22431	11301	-91	-81	10
2015-08-23 10:09:22.578	22431	11301	-91	-82	10	18.95	70.36	3.758
2015-08-23 10:29:56.07	22431	11301	-91	-81	10	20.29	69.44	3.758
2015-08-23 11:26:51.499	22431	11301	-94	-81	10	22.71	68.03	3.758
2015-08-23 11:41:17.707	22431	11301	-94	-82	10
2015-08-23 11:55:20.002	22431	11301	-94	-80	10	24.63	66.87	3.759
2015-08-23 12:56:19.37	22431	11301	-91	-84	10	28.32	64.22	3.762
2015-08-23 13:19:58.162	22431	11301	-91	-81	10	27.22	66.85	3.762
2015-08-23 13:30:59.482	22431	11301	-91	-82	10
2015-08-23 13:43:45.611	22431	11301	-91	-80	10
2015-08-23 13:54:44.086	22431	11301	-94	-88	10	27.68	66.96	3.763
2015-08-23 14:24:31.606	22431	11301	-94	-85	10	28.16	66.57	3.764
2015-08-23 14:49:06.067	22431	11301	-94	-82	10	28.36	66.87	3.765
2015-08-23 15:08:42.905	22431	11301	-94	-81	10
2015-08-23 15:20:40.515	22431	11301	-94	-82	10
2015-08-23 15:35:17.49	22431	11301	-94	-83	10	28.69	66.87	3.764
2015-08-23 16:27:00.398	22431	11301	-91	-81	10	28.24	67.85	3.767
2015-08-23 16:33:40.726	22431	11301	-91	-82	10
2015-08-23 17:10:21.974	22431	11301	-94	-83	10
2015-08-23 17:28:22.522	22431	11301	-94	-80	10	27.91	67.97	3.767
2015-08-23 17:55:50.922	22431	11301	-94	-80	10	27.68	68.36	3.768
2015-08-23 17:58:37.89	22431	11301	-91	-81	10
2015-08-23 18:31:47.975	22431	11301	-91	-80	10	26.27	69.59	3.768
2015-08-23 19:23:35.895	22431	11301	-91	-79	10
2015-08-23 19:23:41.831	22431	11301	-91	-79	10	24.52	70.84	3.765
2015-08-23 19:50:12.663	22431	11301	-91	-81	10	23.69	71.24	3.768
2015-08-23 20:28:29.939	22431	11301	-91	-80	10	22.44	71.9	3.765
2015-08-23 20:48:33.763	22431	11301	-94	-80	10
2015-08-23 20:49:43.646	22431	11301	-91	-80	10
2015-08-23 20:59:06.478	22431	11301	-91	-80	10	21.74	72.1	3.764
2015-08-23 21:32:56.266	22431	11301	-91	-80	10	21.22	72.15	3.765
2015-08-23 21:59:53.398	22431	11301	-91	-79	10	20.86	72.19	3.765
2015-08-23 22:13:30.399	22431	11301	-91	-80	10
2015-08-23 22:27:09.166	22431	11301	-94	-81	10	20.58	72.16	3.764
2015-08-23 22:39:24.026	22431	11301	-91	-83	10
2015-08-23 23:08:01.438	22431	11301	-91	-81	10	20.29	72.11	3.767
2015-08-23 23:29:34.307	22431	11301	-91	-80	10	19.97	72.26	3.763
2015-08-23 23:38:28.278	22431	11301	-94	-80	10
2015-08-24 00:29:06.382	22431	11301	-91	-80	10
2015-08-24 00:37:18.698	22431	11301	-91	-80	10	19.57	72.19	3.763
2015-08-24 00:57:13.854	22431	11301	-91	-80	10	19.32	72.28	3.764
2015-08-24 01:03:25.947	22431	11301	-91	-81	10
2015-08-24 01:39:33.775	22431	11301	-91	-80	10	19.35	72.09	3.763
2015-08-24 01:56:20.858	22431	11301	-91	-81	10	19.29	72.16	3.764
2015-08-24 02:18:46.326	22431	11301	-91	-80	10
2015-08-24 02:28:23.914	22431	11301	-91	-80	10
2015-08-24 02:29:00.082	22431	11301	-91	-82	10	19.39	71.94	3.765
2015-08-24 03:06:46.066	22431	11301	-94	-82	10	19.25	72.04	3.762
2015-08-24 03:53:20.899	22431	11301	-94	-82	10
2015-08-24 03:54:01.266	22431	11301	-94	-81	10	19.58	71.67	3.763
2015-08-24 04:08:27.994	22431	11301	-91	-80	10
2015-08-24 05:08:35.914	22431	11301	-88	-80	10	19.43	71.72	3.763
2015-08-24 05:20:53.634	22431	11301	-94	-81	10	19.15	72.0	3.762
2015-08-24 05:58:09.351	22431	11301	-91	-80	10
2015-08-24 06:00:28.786	22431	11301	-91	-80	10	18.82	72.32	3.762
2015-08-24 06:34:55.186	22431	11301	-91	-81	10	19.18	71.84	3.76
2015-08-24 06:43:16.099	22431	11301	-91	-82	10
2015-08-24 06:55:53.362	22431	11301	-91	-81	10	19.42	71.58	3.762
2015-08-24 07:32:49.066	22431	11301	-94	-80	10	19.74	71.39	3.759
2015-08-24 07:47:53.031	22431	11301	-94	-81	10
2015-08-24 07:52:11.626	22431	11301	-91	-83	10	20.0	71.17	3.76
2015-08-24 08:08:13.803	22431	11301	-94	-84	10
2015-08-24 08:31:15.586	22431	11301	-91	-83	10	19.85	71.42	3.76
2015-08-24 08:58:14.85	22431	11301	-94	-87	10	20.32	71.03	3.762
2015-08-24 09:33:11.19	22431	11301	-91	-81	10
2015-08-24 09:37:33.519	22431	11301	-94	-80	10
2015-08-24 09:38:06.662	22431	11301	-88	-82	10	21.49	69.85	3.762
2015-08-24 10:06:44.703	22431	11301	-94	-79	10	21.97	69.66	3.762
2015-08-24 10:18:42.162	22431	11301	-94	-81	10	22.2	69.33	3.76
2015-08-24 10:58:08.65	22431	11301	-91	-82	10
2015-08-24 11:08:37.566	22431	11301	-91	-84	10	23.6	68.33	3.762
2015-08-24 11:27:13.43	22431	11301	-94	-80	10
2015-08-24 11:37:46.503	22431	11301	-94	-81	10	24.69	67.58	3.762
2015-08-24 11:59:58.867	22431	11301	-91	-83	10	25.49	67.11	3.763
2015-08-24 12:23:06.242	22431	11301	-94	-83	10
2015-08-24 12:29:26.862	22431	11301	-94	-82	10	26.08	67.15	3.763
2015-08-24 12:55:09.554	22431	11301	-94	-84	10	27.11	65.83	3.767
2015-08-24 13:16:53.894	22431	11301	-94	-88	10
2015-08-24 13:19:06.114	22431	11301	-91	-83	10	26.38	67.61	3.764
2015-08-24 13:48:06.418	22431	11301	-91	-80	10
2015-08-24 14:04:04.762	22431	11301	-94	-81	10	26.02	68.42	3.764
2015-08-24 14:32:30.091	22431	11301	-94	-84	10	26.69	67.69	3.767
2015-08-24 15:06:35.51	22431	11301	-94	-84	10
2015-08-24 15:09:02.042	22431	11301	-94	-86	10	26.8	67.89	3.764
2015-08-24 15:13:03.494	22431	11301	-94	-83	10
2015-08-24 15:26:28.646	22431	11301	-94	-81	10	26.83	67.95	3.765
2015-08-24 16:07:18.834	22431	11301	-94	-86	10	26.8	68.06	3.768
2015-08-24 16:32:17.298	22431	11301	-91	-82	10	26.15	68.67	3.764
2015-08-24 16:37:59.886	22431	11301	-94	-88	10
2015-08-24 16:56:29.507	22431	11301	-94	-86	10
2015-08-24 17:09:12.538	22431	11301	-91	-82	10	25.83	69.16	3.765
2015-08-24 17:26:47.718	22431	11301	-94	-81	10	25.86	68.94	3.767
2015-08-24 18:02:52.93	22431	11301	-94	-80	10	24.86	69.73	3.765
2015-08-24 18:02:57.974	22431	11301	-94	-84	10
2015-08-24 18:38:05.166	22431	11301	-91	-83	10	24.08	70.33	3.765
2015-08-24 18:45:57.046	22431	11301	-94	-84	10
2015-08-24 18:50:16.446	22431	11301	-94	-83	10	23.9	70.58	3.765
2015-08-24 19:21:43.003	22431	11301	-91	-81	10	23.71	70.43	3.765
2015-08-24 19:27:54.778	22431	11301	-91	-80	10
2015-08-24 20:05:32.29	22431	11301	-94	-80	10	22.58	71.2	3.765
2015-08-24 20:23:14.622	22431	11301	-91	-80	10	21.88	71.55	3.764
2015-08-24 20:35:38.591	22431	11301	-91	-81	10
2015-08-24 20:49:00.803	22431	11301	-94	-80	10	20.89	72.3	3.763
2015-08-24 22:04:16.694	22431	11301	-91	-81	10	21.1	71.48	3.765
2015-08-24 22:04:18.531	22431	11301	-91	-81	10	21.1	71.48	3.765
2015-08-24 22:17:49.93	22431	11301	-94	-80	10
2015-08-24 22:25:20.359	22431	11301	-91	-81	10
2015-08-24 22:25:23.414	22431	11301	-94	-81	10	20.81	71.57	3.763
2015-08-24 23:02:13.155	22431	11301	-91	-81	10	19.67	72.34	3.762
2015-08-24 23:19:49.271	22431	11301	-91	-81	10	19.04	72.85	3.763
2015-08-24 23:42:47.539	22431	11301	-91	-81	10
2015-08-24 23:50:30.138	22431	11301	-91	-81	10	18.07	73.26	3.763
2015-08-25 00:15:02.139	22431	11301	-94	-81	10
2015-08-25 00:31:28.658	22431	11301	-94	-80	10	16.92	73.76	3.76
2015-08-25 00:52:53.271	22431	11301	-91	-80	10	16.47	73.86	3.762
2015-08-25 01:07:44.246	22431	11301	-91	-80	10
2015-08-25 01:36:05.219	22431	11301	-94	-81	10	15.68	73.99	3.763
2015-08-25 01:54:20.55	22431	11301	-94	-81	10	15.36	74.09	3.76
2015-08-25 02:04:42.034	22431	11301	-94	-81	10
2015-08-25 02:27:26.319	22431	11301	-94	-81	10	14.83	74.22	3.758
2015-08-25 02:32:42.807	22431	11301	-94	-82	10
2015-08-25 02:48:37.379	22431	11301	-94	-82	10	14.67	74.11	3.758
2015-08-25 03:35:37.862	22431	11301	-94	-82	10	14.06	74.25	3.757
2015-08-25 03:53:04.734	22431	11301	-91	-81	10	13.95	74.23	3.758
2015-08-25 03:54:22.87	22431	11301	-91	-81	10
2015-08-25 03:57:40.578	22431	11301	-91	-81	10
2015-08-25 04:38:50.422	22431	11301	-94	-81	10	13.72	74.11	3.756
2015-08-25 04:50:37.31	22431	11301	-91	-81	10	13.64	74.17	3.757
2015-08-25 05:22:37.362	22431	11301	-91	-80	10
2015-08-25 05:38:06.271	22431	11301	-94	-80	10	13.54	73.99	3.756
2015-08-25 05:44:04.407	22431	11301	-94	-81	10
2015-08-25 06:03:53.591	22431	11301	-91	-81	10	13.42	73.97	3.757
2015-08-25 06:19:01.483	22431	11301	-91	-82	10	13.29	74.08	3.756
2015-08-25 06:47:35.843	22431	11301	-94	-81	10
2015-08-25 06:59:22.971	22431	11301	-94	-82	10	13.18	74.02	3.753
2015-08-25 07:29:06.806	22431	11301	-91	-82	10	13.18	74.02	3.753
2015-08-25 07:33:45.779	22431	11301	-94	-81	10
2015-08-25 08:00:55.19	22431	11301	-91	-81	10	14.38	72.94	3.756
2015-08-25 08:12:32.875	22431	11301	-94	-83	10
2015-08-25 08:20:25.442	22431	11301	-94	-82	10	15.14	72.37	3.756
2015-08-25 08:57:31.551	22431	11301	-94	-84	10	16.45	71.57	3.754
2015-08-25 09:23:26.827	22431	11301	-91	-82	10
2015-08-25 09:35:16.031	22431	11301	-94	-81	10	18.02	70.49	3.756
2015-08-25 09:37:44.314	22431	11301	-94	-85	10
2015-08-25 10:05:11.991	22431	11301	-94	-83	10	19.25	69.81	3.754
2015-08-25 10:23:23.435	22431	11301	-94	-84	10	20.11	69.38	3.756
2015-08-25 10:53:35.931	22431	11301	-94	-86	10	21.6	68.38	3.756
2015-08-25 11:02:28.447	22431	11301	-94	-84	10
2015-08-25 11:13:08.515	22431	11301	-94	-84	10
2015-08-25 11:20:29.123	22431	11301	-94	-81	10	23.19	67.08	3.756
2015-08-25 12:05:52.495	22431	11301	-94	-83	10	21.5	69.91	3.759
2015-08-25 12:19:23.103	22431	11301	-91	-83	10	21.04	70.39	3.758
2015-08-25 12:27:25.387	22431	11301	-94	-82	10
2015-08-25 13:02:49.207	22431	11301	-91	-81	10
2015-08-25 13:04:09.711	22431	11301	-91	-81	10	20.81	70.4	3.754
2015-08-25 13:32:14.142	22431	11301	-94	-81	10	21.35	69.69	3.757
2015-08-25 13:52:16.543	22431	11301	-94	-80	10	21.52	70.0	3.759
2015-08-25 13:52:22.627	22431	11301	-94	-81	10
2015-08-25 14:32:01.539	22431	11301	-94	-84	10	21.61	69.93	3.758
2015-08-25 14:52:30.595	22431	11301	-88	-79	10
2015-08-25 15:00:34.366	22431	11301	-94	-80	10	21.38	70.34	3.757
2015-08-25 15:17:20.063	22431	11301	-94	-83	10
2015-08-25 15:26:10.802	22431	11301	-91	-81	10	21.44	70.04	3.758
2015-08-25 16:08:23.835	22431	11301	-94	-80	10	21.14	70.35	3.757
2015-08-25 16:20:48.666	22431	11301	-94	-85	10	21.15	70.47	3.758
2015-08-25 16:42:11.138	22431	11301	-91	-88	10
2015-08-25 16:42:30.874	22431	11301	-94	-79	10
2015-08-25 16:57:26.843	22431	11301	-91	-78	10	20.82	70.6	3.758
2015-08-25 17:30:22.91	22431	11301	-91	-80	10	20.28	71.03	3.758
2015-08-25 17:54:28.391	22431	11301	-91	-80	10	19.68	71.58	3.759
2015-08-25 18:07:16.226	22431	11301	-91	-83	10
2015-08-25 18:23:20.775	22431	11301	-91	-81	10	19.32	71.7	3.756
2015-08-25 18:31:52.478	22431	11301	-88	-80	10
2015-08-25 18:56:50.03	22431	11301	-91	-82	10	18.95	71.85	3.757
2015-08-25 19:32:13.338	22431	11301	-91	-80	10
2015-08-25 19:37:03.662	22431	11301	-91	-79	10	18.39	72.13	3.756
2015-08-25 20:05:00.106	22431	11301	-88	-80	10	17.93	72.31	3.756
2015-08-25 20:21:33.29	22431	11301	-91	-80	10
2015-08-25 20:39:20.278	22431	11301	-91	-79	10	17.36	72.63	3.757
2015-08-25 20:57:10.895	22431	11301	-91	-80	10
2015-08-25 21:08:07.783	22431	11301	-88	-79	10	17.03	72.79	3.756
2015-08-25 21:40:00.043	22431	11301	-88	-81	10	17.5	72.15	3.753
2015-08-25 22:00:34.798	22431	11301	-91	-82	10	17.46	72.08	3.756
2015-08-25 22:11:14.971	22431	11301	-88	-79	10
2015-08-25 22:22:07.723	22431	11301	-91	-80	10
2015-08-25 22:29:04.448	22431	11301	-91	-80	10	17.21	72.2	3.754
2015-08-25 23:02:55.855	22431	11301	-91	-81	10	16.88	72.46	3.753
2015-08-25 23:34:30.486	22431	11301	-88	-80	10	16.82	72.4	3.753
2015-08-25 23:47:05.924	22431	11301	-88	-80	10
2015-08-25 23:52:30.091	22431	11301	-94	-81	10	16.86	72.3	3.754
2015-08-26 00:00:55.579	22431	11301	-94	-80	10
2015-08-26 00:21:05.334	22431	11301	-94	-81	10	16.75	72.3	3.753
2015-08-26 01:08:05.574	22431	11301	-91	-80	10	16.22	72.63	3.753
2015-08-26 01:12:03.979	22431	11301	-91	-80	10
2015-08-26 01:23:12.034	22431	11301	-94	-80	10	16.17	72.57	3.754
2015-08-26 01:50:36.551	22431	11301	-91	-81	10
2015-08-26 02:08:29.343	22431	11301	-91	-81	10	14.54	73.82	3.753
2015-08-26 02:29:00.27	22431	11301	-91	-81	10	14.0	74.03	3.751
2015-08-26 02:37:01.283	22431	11301	-91	-82	10
2015-08-26 02:49:08.434	22431	11301	-91	-81	10	13.61	74.17	3.751
2015-08-26 03:31:36.259	22431	11301	-91	-81	10	13.0	74.22	3.752
2015-08-26 03:40:18.514	22431	11301	-91	-81	10
2015-08-26 03:50:25.739	22431	11301	-91	-81	10	12.83	74.24	3.75
2015-08-26 04:01:59.198	22431	11301	-94	-80	10
2015-08-26 04:24:14.39	22431	11301	-91	-81	10	12.64	74.08	3.751
2015-08-26 04:48:52.403	22431	11301	-91	-81	10	12.38	74.18	3.75
2015-08-26 05:26:55.874	22431	11301	-91	-81	10
2015-08-26 05:29:58.611	22431	11301	-94	-81	10
2015-08-26 05:35:27.138	22431	11301	-94	-81	10	12.1	74.15	3.748
2015-08-26 05:51:54.939	22431	11301	-91	-81	10	12.07	74.14	3.751
2015-08-26 06:19:12.319	22431	11301	-91	-81	10	11.93	74.12	3.748
2015-08-26 06:51:01.794	22431	11301	-91	-81	10	11.86	74.07	3.75
2015-08-26 06:51:55.746	22431	11301	-94	-81	10
2015-08-26 07:19:41.05	22431	11301	-91	-81	10
2015-08-26 07:28:09.974	22431	11301	-91	-81	10	12.74	73.38	3.748
2015-08-26 08:07:23.547	22431	11301	-91	-81	10	14.14	72.23	3.75
2015-08-26 08:16:51.058	22431	11301	-94	-82	10
2015-08-26 08:31:09.675	22431	11301	-91	-82	10	14.83	71.82	3.75
2015-08-26 09:09:20.806	22431	11301	-94	-81	10
2015-08-26 09:09:31.774	22431	11301	-94	-81	10	15.92	71.22	3.748
2015-08-26 09:22:36.687	22431	11301	-94	-79	10	16.1	71.25	3.748
2015-08-26 09:41:51.966	22431	11301	-94	-80	10
2015-08-26 10:07:33.387	22431	11301	-94	-82	10	18.22	69.81	3.75
2015-08-26 10:23:58.248	22431	11301	-94	-83	10	18.56	69.71	3.75
2015-08-26 10:54:14.13	22431	11301	-94	-83	10	19.92	69.01	3.752
2015-08-26 10:59:02.946	22431	11301	-94	-85	10
2015-08-26 11:06:46.518	22431	11301	-94	-80	10
2015-08-26 11:29:11.23	22431	11301	-94	-79	10	20.76	68.03	3.752
2015-08-26 11:54:53.319	22431	11301	-91	-80	10	19.47	70.43	3.753
2015-08-26 12:31:44.443	22431	11301	-91	-80	10
2015-08-26 12:32:05.151	22431	11301	-94	-81	10	20.0	70.11	3.752
2015-08-26 12:48:45.867	22431	11301	-94	-82	10
2015-08-26 13:09:24.814	22431	11301	-94	-81	10	21.04	69.01	3.751
2015-08-26 13:24:17.594	22431	11301	-94	-81	10	20.68	69.45	3.756
2015-08-26 13:56:40.987	22431	11301	-94	-81	10
2015-08-26 14:09:00.326	22431	11301	-91	-86	10	20.94	69.67	3.753
2015-08-26 14:26:40.727	22431	11301	-94	-80	10	21.32	69.43	3.754
2015-08-26 14:38:24.643	22431	11301	-94	-80	10
2015-08-26 15:08:34.03	22431	11301	-94	-88	10	20.86	69.96	3.753
2015-08-26 15:21:38.619	22431	11301	-94	-82	10
2015-08-26 15:23:42.76	22431	11301	-91	-83	10	20.72	70.19	3.753
2015-08-26 15:58:09.426	22431	11301	-94	-81	10	21.25	69.47	3.753
2015-08-26 16:28:05.99	22431	11301	-91	-82	10
2015-08-26 16:29:23.531	22431	11301	-94	-84	10	20.97	70.15	3.753
2015-08-26 16:46:36.582	22431	11301	-91	-80	10
2015-08-26 16:48:48.271	22431	11301	-94	-82	10	21.04	69.97	3.754
2015-08-26 17:32:37.203	22431	11301	-91	-81	10	20.65	70.4	3.756
2015-08-26 17:59:53.979	22431	11301	-91	-84	10	20.24	70.71	3.753
2015-08-26 18:11:33.966	22431	11301	-91	-86	10
2015-08-26 18:17:47.191	22431	11301	-91	-85	10
2015-08-26 18:26:17.502	22431	11301	-94	-84	10	19.78	71.13	3.756
2015-08-26 18:54:40.782	22431	11301	-94	-82	10	19.33	71.37	3.751
2015-08-26 19:36:32.59	22431	11301	-91	-80	10
2015-08-26 19:37:31.978	22431	11301	-94	-80	10	18.68	71.77	3.754
2015-08-26 20:01:03.834	22431	11301	-94	-79	10	18.47	71.79	3.751
2015-08-26 20:07:27.834	22431	11301	-94	-80	10
2015-08-26 20:26:25.499	22431	11301	-91	-82	10	18.15	71.92	3.752
2015-08-26 20:57:48.295	22431	11301	-91	-82	10	17.68	72.18	3.752
2015-08-26 21:01:31.631	22431	11301	-91	-81	10
2015-08-26 21:37:53.902	22431	11301	-91	-82	10	16.88	72.65	3.751
2015-08-26 21:57:12.478	22431	11301	-94	-83	10
2015-08-26 21:59:03.346	22431	11301	-94	-82	10	16.54	72.83	3.751
2015-08-26 22:22:28.479	22431	11301	-94	-83	10	16.25	72.88	3.741
2015-08-26 22:26:27.682	22431	11301	-94	-82	10
2015-08-26 22:59:43.514	22431	11301	-94	-82	10	16.0	72.83	3.748
2015-08-26 23:19:49.586	22431	11301	-91	-81	10	16.14	72.64	3.751
2015-08-26 23:46:50.634	22431	11301	-94	-82	10
2015-08-26 23:51:24.787	22431	11301	-94	-83	10
2015-08-27 00:04:10.075	22431	11301	-94	-82	10	15.97	72.58	3.752
2015-08-27 00:26:27.554	22431	11301	-94	-82	10	15.89	72.59	3.75
2015-08-27 01:00:12.906	22431	11301	-94	-83	10	15.82	72.58	3.752
2015-08-27 01:16:22.474	22431	11301	-94	-82	10
2015-08-27 01:28:34.848	22431	11301	-94	-82	10	15.72	72.59	3.75
2015-08-27 01:36:32.044	22431	11301	-94	-82	10
2015-08-27 02:09:06.719	22431	11301	-94	-82	10	15.47	72.7	3.748
2015-08-27 02:29:51.306	22431	11301	-94	-83	10	15.42	72.69	3.75
2015-08-27 02:41:19.342	22431	11301	-94	-82	10
2015-08-27 02:49:31.374	22431	11301	-94	-82	10	15.43	72.64	3.75
2015-08-27 03:26:12.186	22431	11301	-94	-83	10
2015-08-27 03:37:45.39	22431	11301	-94	-83	10	15.31	72.64	3.752
2015-08-27 04:06:20.663	22431	11301	-94	-83	10
2015-08-27 04:09:15.531	22431	11301	-94	-84	10	15.47	72.43	3.748
2015-08-27 04:32:30.354	22431	11301	-94	-83	10	15.54	72.39	3.75
2015-08-27 04:50:23.954	22431	11301	-94	-84	10	15.49	72.41	3.75
2015-08-27 05:15:53.854	22431	11301	-94	-83	10
2015-08-27 05:20:39.306	22431	11301	-94	-83	10	15.25	72.6	3.75
2015-08-27 05:31:14.443	22431	11301	-94	-82	10
2015-08-27 06:01:22.994	22431	11301	-94	-83	10	15.2	72.62	3.75
2015-08-27 06:22:01.411	22431	11301	-94	-83	10	15.18	72.62	3.747
2015-08-27 06:56:11.914	22431	11301	-94	-83	10
2015-08-27 06:58:05.038	22431	11301	-94	-83	10	15.04	72.7	3.747
2015-08-27 07:05:35.438	22431	11301	-94	-83	10
2015-08-27 07:29:52.086	22431	11301	-91	-83	10	15.28	72.47	3.748
2015-08-27 07:48:45.818	22431	11301	-94	-83	10	15.54	72.23	3.747
2015-08-27 08:21:10.354	22431	11301	-94	-83	10
2015-08-27 08:21:55.299	22431	11301	-94	-84	10	16.25	71.69	3.75
2015-08-27 08:55:17.135	22431	11301	-94	-82	10
2015-08-27 09:07:46.206	22431	11301	-94	-82	10	17.27	70.9	3.75
2015-08-27 09:22:44.494	22431	11301	-94	-81	10	17.61	70.67	3.748
2015-08-27 09:46:07.85	22431	11301	-91	-83	10
2015-08-27 09:49:17.727	22431	11301	-97	-81	10	18.97	69.64	3.746
2015-08-27 10:28:32.899	22431	11301	-94	-82	10	19.31	70.01	3.748
2015-08-27 10:44:57.266	22431	11301	-91	-82	10
2015-08-27 11:01:33.37	22431	11301	-94	-83	10	20.07	69.46	3.75
2015-08-27 11:11:07.174	22431	11301	-91	-82	10
2015-08-27 11:35:29.95	22431	11301	-94	-82	10	20.36	69.42	3.751
2015-08-27 11:56:19.814	22431	11301	-91	-84	10	19.95	70.33	3.754
2015-08-27 12:34:37.794	22431	11301	-94	-80	10
2015-08-27 12:36:03.11	22431	11301	-94	-83	10
2015-08-27 12:39:39.427	22431	11301	-94	-82	10	20.5	69.92	3.75
2015-08-27 13:08:47.378	22431	11301	-94	-82	10	21.31	69.12	3.748
2015-08-27 13:27:18.97	22431	11301	-94	-84	10	21.4	69.13	3.751
2015-08-27 13:56:30.267	22431	11301	-91	-81	10	21.52	69.44	3.752
2015-08-27 14:01:00.23	22431	11301	-91	-82	10
2015-08-27 14:24:19.638	22431	11301	-91	-83	10
2015-08-27 14:39:38.61	22431	11301	-94	-81	10	20.32	70.62	3.753
2015-08-27 14:48:19.45	22431	11301	-94	-85	10	20.04	70.96	3.748
2015-08-27 15:23:34.35	22431	11301	-94	-80	10	20.72	70.22	3.753
2015-08-27 15:25:57.591	22431	11301	-94	-81	10
2015-08-27 16:06:20.659	22431	11301	-94	-83	10	21.28	69.68	3.752
2015-08-27 16:14:00.306	22431	11301	-94	-83	10
2015-08-27 16:20:44.862	22431	11301	-94	-81	10	21.44	69.54	3.752
2015-08-27 16:50:55.691	22431	11301	-91	-86	10
2015-08-27 16:51:26.471	22431	11301	-91	-80	10	21.96	69.23	3.753
2015-08-27 17:20:04.062	22431	11301	-94	-81	10	21.94	69.4	3.752
2015-08-27 18:03:44.142	22431	11301	-91	-82	10
2015-08-27 18:04:22.323	22431	11301	-94	-83	10	22.26	69.26	3.752
2015-08-27 18:15:53.247	22431	11301	-94	-81	10
2015-08-27 18:26:34.139	22431	11301	-94	-84	10	21.6	70.1	3.754
2015-08-27 19:02:30.483	22431	11301	-94	-82	10	20.61	70.95	3.753
2015-08-27 19:36:57.067	22431	11301	-94	-82	10	19.68	71.6	3.752
2015-08-27 19:40:51.323	22431	11301	-94	-83	10
2015-08-27 19:53:23.623	22431	11301	-97	-83	10
2015-08-27 20:06:15.312	22431	11301	-94	-82	10	18.9	72.06	3.754
2015-08-27 20:22:21.434	22431	11301	-91	-82	10	18.64	72.15	3.752
2015-08-27 21:04:25.066	22431	11301	-94	-83	10	18.1	72.26	3.753
2015-08-27 21:05:49.074	22431	11301	-91	-82	10
2015-08-27 21:28:41.07	22431	11301	-94	-83	10	17.75	72.36	3.74
2015-08-27 21:43:05.456	22431	11301	-94	-83	10
2015-08-27 22:01:07.907	22431	11301	-91	-83	10	16.99	72.75	3.753
2015-08-27 22:29:08.17	22431	11301	-91	-82	10	16.22	73.25	3.751
2015-08-27 22:30:45.707	22431	11301	-91	-83	10
2015-08-27 22:49:01.69	22431	11301	-94	-83	10	15.88	73.31	3.752
2015-08-27 23:27:44.626	22431	11301	-94	-83	10	15.33	73.42	3.75
2015-08-27 23:32:45.034	22431	11301	-94	-82	10
2015-08-27 23:55:43.435	22431	11301	-94	-82	10
2015-08-28 00:05:47.702	22431	11301	-94	-83	10	14.88	73.46	3.75
2015-08-28 00:32:18.818	22431	11301	-94	-83	10	14.75	73.44	3.75
2015-08-28 01:05:52.006	22431	11301	-94	-84	10	14.57	73.35	3.746
2015-08-28 01:20:40.728	22431	11301	-94	-84	10
2015-08-28 01:22:26.143	22431	11301	-94	-84	10
2015-08-28 01:31:50.043	22431	11301	-94	-83	10	14.46	73.35	3.748
2015-08-28 02:02:18.794	22431	11301	-94	-84	10	14.38	73.26	3.747
2015-08-28 02:39:40.763	22431	11301	-94	-84	10	14.07	73.39	3.747
2015-08-28 02:45:39.494	22431	11301	-94	-86	10
2015-08-28 02:59:14.899	22431	11301	-94	-85	10	13.82	73.49	3.75
2015-08-28 03:12:08.178	22431	11301	-94	-85	10
2015-08-28 03:25:18.41	22431	11301	-94	-87	10	13.71	73.58	3.75
2015-08-28 03:53:27.13	22431	11301	-94	-85	10	13.64	73.46	3.75
2015-08-28 04:10:36.202	22431	11301	-94	-85	10
2015-08-28 04:25:48.346	22431	11301	-94	-86	10	13.47	73.53	3.747
2015-08-28 05:01:48.086	22431	11301	-94	-86	10
2015-08-28 05:03:28.95	22431	11301	-94	-86	10	13.43	73.44	3.746
2015-08-28 05:35:34.251	22431	11301	-94	-87	10
2015-08-28 05:35:40.854	22431	11301	-94	-87	10	13.1	73.64	3.745
2015-08-28 06:04:18.5	22431	11301	-94	-87	10	12.92	73.71	3.747
2015-08-28 06:36:51.566	22431	11301	-94	-87	10	12.86	73.62	3.747
2015-08-28 06:51:29.074	22431	11301	-94	-87	10
2015-08-28 07:00:31.351	22431	11301	-94	-86	10
2015-08-28 07:08:45.635	22431	11301	-94	-86	10	12.77	73.65	3.747
2015-08-28 07:35:02.206	22431	11301	-94	-86	10	12.93	73.5	3.743
2015-08-28 07:53:20.646	22431	11301	-94	-85	10	13.38	73.09	3.746
2015-08-28 08:25:30.138	22431	11301	-94	-86	10
2015-08-28 08:35:11.795	22431	11301	-94	-87	10	14.43	72.31	3.745
2015-08-28 08:41:11.31	22431	11301	-94	-86	10
2015-08-28 08:55:43.355	22431	11301	-94	-84	10	15.4	71.61	3.745
2015-08-28 09:38:37.866	22431	11301	-94	-84	10	17.97	69.71	3.746
2015-08-28 09:50:26.955	22431	11301	-94	-85	10
2015-08-28 10:08:13.562	22431	11301	-94	-82	10	19.72	68.61	3.747
2015-08-28 10:22:04.306	22431	11301	-94	-83	10	20.51	68.15	3.747
2015-08-28 10:30:52.186	22431	11301	-94	-82	10
2015-08-28 11:09:47.038	22431	11301	-94	-84	10	22.9	66.95	3.75
2015-08-28 11:15:24.25	22431	11301	-91	-84	10
2015-08-28 11:31:30.563	22431	11301	-94	-84	10	23.79	66.64	3.75
2015-08-28 11:54:07.274	22431	11301	-94	-82	10	24.54	66.5	3.75
2015-08-28 12:20:32.615	22431	11301	-91	-82	10
2015-08-28 12:32:50.21	22431	11301	-94	-81	10	26.26	65.21	3.753
2015-08-28 12:40:21.779	22431	11301	-94	-83	10
2015-08-28 13:07:11.207	22431	11301	-94	-84	10	25.4	67.15	3.753
2015-08-28 13:36:23.982	22431	11301	-91	-81	10	24.09	69.16	3.751
2015-08-28 14:05:18.327	22431	11301	-94	-81	10
2015-08-28 14:05:45.327	22431	11301	-91	-82	10	24.66	68.18	3.754
2015-08-28 14:10:19.058	22431	11301	-94	-80	10
2015-08-28 14:22:57.902	22431	11301	-91	-82	10	24.71	68.47	3.754
2015-08-28 15:08:43.914	22431	11301	-91	-81	10	24.41	68.88	3.754
2015-08-28 15:24:10.614	22431	11301	-94	-82	10	24.28	69.14	3.754
2015-08-28 15:30:17.134	22431	11301	-91	-82	10
2015-08-28 15:48:34.054	22431	11301	-91	-83	10	27.36	65.07	3.757
2015-08-28 15:59:55.15	22431	11301	-94	-84	10
2015-08-28 16:25:50.542	22431	11301	-94	-80	10	26.4	67.38	3.756
2015-08-28 16:55:14.411	22431	11301	-94	-83	10
2015-08-28 17:07:52.847	22431	11301	-94	-84	10	25.58	68.66	3.759
2015-08-28 17:31:19.707	22431	11301	-91	-81	10	25.71	68.22	3.758
2015-08-28 17:49:36.083	22431	11301	-91	-82	10
2015-08-28 18:02:29.794	22431	11301	-91	-81	10	25.32	68.7	3.759
2015-08-28 18:20:11.858	22431	11301	-91	-80	10
2015-08-28 18:32:56.019	22431	11301	-88	-80	10	24.17	69.86	3.759
2015-08-28 18:57:48.94	22431	11301	-91	-80	10	23.15	70.67	3.759
2015-08-28 19:32:19.998	22431	11301	-91	-80	10	21.78	71.56	3.757
2015-08-28 19:39:16.967	22431	11301	-91	-80	10
2015-08-28 19:45:09.966	22431	11301	-91	-80	10
2015-08-28 20:02:14.862	22431	11301	-88	-79	10	20.52	72.26	3.758
2015-08-28 20:20:51.87	22431	11301	-91	-80	10	20.06	72.34	3.756
2015-08-28 20:48:04.59	22431	11301	-91	-80	10	19.15	72.74	3.754
2015-08-28 21:10:06.703	22431	11301	-91	-81	10
2015-08-28 21:29:02.99	22431	11301	-88	-81	10
2015-08-28 21:39:46.587	22431	11301	-91	-80	10	18.0	73.03	3.754
2015-08-28 22:09:52.443	22431	11301	-91	-81	10	17.57	73.0	3.752
2015-08-28 22:29:44.254	22431	11301	-91	-80	10	17.22	73.2	3.754
2015-08-28 22:35:03.498	22431	11301	-91	-80	10
2015-08-28 22:53:58.494	22431	11301	-91	-80	10	17.15	72.95	3.757
2015-08-28 23:18:40.026	22431	11301	-91	-80	10
2015-08-28 23:21:37.686	22431	11301	-94	-81	10	16.72	73.18	3.752
2015-08-29 00:00:02.41	22431	11301	-91	-80	10
2015-08-29 00:02:00.539	22431	11301	-94	-80	10	16.28	73.21	3.752
2015-08-29 00:28:11.539	22431	11301	-91	-81	10	15.93	73.32	3.751
2015-08-29 01:08:22.651	22431	11301	-91	-81	10
2015-08-29 01:09:15.794	22431	11301	-91	-81	10	15.5	73.43	3.751
2015-08-29 01:22:04.467	22431	11301	-94	-81	10	15.39	73.41	3.751
2015-08-29 01:24:59.607	22431	11301	-91	-81	10
2015-08-29 01:57:49.758	22431	11301	-94	-81	10	14.95	73.5	3.752
2015-08-29 02:36:53.343	22431	11301	-94	-82	10	14.45	73.72	3.75
2015-08-29 02:49:57.606	22431	11301	-94	-81	10
2015-08-29 02:54:22.103	22431	11301	-94	-81	10	14.29	73.77	3.75
2015-08-29 02:58:02.454	22431	11301	-94	-82	10
2015-08-29 03:29:50.978	22431	11301	-94	-82	10	14.04	73.7	3.748
2015-08-29 03:51:28.486	22431	11301	-94	-82	10	13.83	73.81	3.748
2015-08-29 04:14:57.547	22431	11301	-94	-82	10
2015-08-29 04:30:58.427	22431	11301	-94	-83	10	13.61	73.85	3.748
2015-08-29 04:47:42.667	22431	11301	-94	-82	10
2015-08-29 04:57:20.006	22431	11301	-94	-83	10	13.45	73.84	3.747
2015-08-29 05:32:19.414	22431	11301	-94	-84	10	13.32	73.84	3.751
2015-08-29 05:39:53.182	22431	11301	-94	-84	10
2015-08-29 05:49:05.559	22431	11301	-94	-85	10	13.18	73.76	3.75
2015-08-29 06:37:24.888	22431	11301	-94	-88	10
2015-08-29 06:38:00.366	22431	11301	-94	-88	10	12.9	73.92	3.75
2015-08-29 07:04:49.063	22431	11301	-94	-88	10
2015-08-29 07:10:20.895	22431	11301	-94	-88	10	12.92	73.84	3.743
2015-08-29 07:23:41.983	22431	11301	-94	-87	10	13.06	73.74	3.748
2015-08-29 08:00:37.931	22431	11301	-94	-87	10	13.72	72.97	3.745
2015-08-29 08:22:19.819	22431	11301	-94	-87	10	14.33	72.64	3.746
2015-08-29 08:27:05.367	22431	11301	-94	-87	10
2015-08-29 08:29:47.271	22431	11301	-94	-86	10
2015-08-29 09:04:20.41	22431	11301	-94	-86	10	16.42	71.15	3.748
2015-08-29 09:35:25.587	22431	11301	-94	-84	10	18.36	69.81	3.75
2015-08-29 09:53:43.27	22431	11301	-97	-84	10	19.4	69.14	3.75
2015-08-29 09:54:44.502	22431	11301	-94	-83	10
2015-08-29 10:16:47.319	22431	11301	-94	-86	10
2015-08-29 10:33:15.663	22431	11301	-94	-83	10	22.31	67.33	3.748
2015-08-29 10:52:53.502	22431	11301	-91	-85	10	23.88	66.42	3.752
2015-08-29 11:19:42.734	22431	11301	-94	-81	10
2015-08-29 11:34:40.034	22431	11301	-94	-80	10	26.21	65.47	3.752
2015-08-29 11:53:15.344	22431	11301	-94	-81	10	27.18	64.95	3.754
2015-08-29 12:06:28.279	22431	11301	-94	-81	10
2015-08-29 12:18:54.266	22431	11301	-94	-82	10	28.19	64.88	3.757
2015-08-29 12:44:44.823	22431	11301	-94	-82	10
2015-08-29 12:56:40.838	22431	11301	-91	-82	10	29.5	64.29	3.757
2015-08-29 13:19:38.678	22431	11301	-94	-83	10	28.85	65.8	3.758
2015-08-29 13:56:11.67	22431	11301	-94	-83	10
2015-08-29 14:03:52.642	22431	11301	-94	-80	10	28.41	66.79	3.757
2015-08-29 14:09:37.358	22431	11301	-91	-82	10
2015-08-29 14:20:09.939	22431	11301	-94	-80	10	28.72	66.37	3.757
2015-08-29 15:07:04.915	22431	11301	-94	-83	10	28.66	66.83	3.759
2015-08-29 15:23:13.775	22431	11301	-94	-80	10	28.22	67.43	3.758
2015-08-29 15:34:36.69	22431	11301	-91	-83	10
2015-08-29 15:45:49.707	22431	11301	-91	-81	10
2015-08-29 15:54:57.747	22431	11301	-94	-84	10	29.44	65.75	3.76
2015-08-29 16:32:29.678	22431	11301	-94	-83	10	28.22	67.7	3.759
2015-08-29 16:59:33.203	22431	11301	-91	-80	10
2015-08-29 17:02:24.731	22431	11301	-91	-81	10	27.55	68.4	3.763
2015-08-29 17:21:18.942	22431	11301	-94	-81	10	28.19	67.63	3.762
2015-08-29 17:35:31.055	22431	11301	-94	-83	10
2015-08-29 17:54:46.147	22431	11301	-91	-81	10	27.91	67.79	3.762
2015-08-29 18:24:30.85	22431	11301	-94	-81	10
2015-08-29 18:32:34.826	22431	11301	-91	-81	10	27.02	68.62	3.763
2015-08-29 19:05:50.263	22431	11301	-88	-81	10	25.55	70.06	3.762
2015-08-29 19:25:11.906	22431	11301	-91	-80	10
2015-08-29 19:36:58.522	22431	11301	-91	-80	10	24.29	70.85	3.76
2015-08-29 19:49:28.112	22431	11301	-91	-80	10
2015-08-29 19:57:11.591	22431	11301	-91	-80	10	23.43	71.39	3.758
2015-08-29 20:20:29.767	22431	11301	-91	-80	10	22.61	71.82	3.759
2015-08-29 20:50:50.403	22431	11301	-91	-80	10	22.07	71.81	3.758
2015-08-29 21:14:24.967	22431	11301	-91	-80	10
2015-08-29 21:14:53.639	22431	11301	-91	-81	10
2015-08-29 21:25:29.047	22431	11301	-94	-80	10	22.19	71.19	3.762
2015-08-29 21:51:55.503	22431	11301	-97	-81	10	21.97	71.26	3.758
2015-08-29 22:21:33.282	22431	11301	-91	-81	10	21.96	71.09	3.758
2015-08-29 22:39:22.846	22431	11301	-91	-80	10
2015-08-29 22:48:44.715	22431	11301	-91	-81	10	21.28	71.6	3.759
2015-08-29 23:04:34.186	22431	11301	-91	-81	10
2015-08-29 23:24:06.926	22431	11301	-91	-81	10	20.79	71.79	3.76
2015-08-29 23:57:00.362	22431	11301	-91	-81	10	20.61	71.67	3.759
2015-08-30 00:04:19.69	22431	11301	-91	-81	10
2015-08-30 00:32:01.383	22431	11301	-91	-81	10	20.36	71.71	3.757
2015-08-30 00:54:15.347	22431	11301	-91	-81	10
2015-08-30 00:57:44.202	22431	11301	-94	-80	10	20.14	71.8	3.757
2015-08-30 01:29:09.28	22431	11301	-91	-82	10	20.11	71.66	3.757
2015-08-30 01:29:17.743	22431	11301	-94	-82	10
2015-08-30 02:01:23.766	22431	11301	-91	-82	10	20.33	71.34	3.758
2015-08-30 02:37:42.911	22431	11301	-97	-81	10	20.32	71.28	3.756
2015-08-30 02:43:57.103	22431	11301	-94	-82	10
2015-08-30 02:54:15.204	22431	11301	-94	-83	10
2015-08-30 03:08:06.355	22431	11301	-94	-82	10	20.2	71.43	3.756
2015-08-30 03:38:38.434	22431	11301	-94	-83	10	20.06	71.43	3.756
2015-08-30 03:48:54.175	22431	11301	-94	-82	10	20.04	71.48	3.757
2015-08-30 04:19:12.915	22431	11301	-94	-83	10
2015-08-30 04:33:39.15	22431	11301	-91	-82	10
2015-08-30 04:38:50.027	22431	11301	-94	-82	10	19.49	71.84	3.756
2015-08-30 05:02:17.134	22431	11301	-94	-83	10	19.28	71.94	3.754
2015-08-30 05:30:37.746	22431	11301	-94	-88	10	19.68	71.55	3.754
2015-08-30 05:44:10.863	22431	11301	-94	-84	10
2015-08-30 05:58:21.539	22431	11301	-94	-89	10	19.79	71.19	3.754
2015-08-30 06:23:18.922	22431	11301	-94	-90	17
2015-08-30 06:30:03.302	22431	11301	-94	-83	17	19.5	71.71	3.756
2015-08-30 07:00:22.114	22431	11301	-94	-85	16	19.39	71.74	3.753
2015-08-30 07:09:08.618	22431	11301	-94	-84	16
2015-08-30 07:40:08.471	22431	11301	-94	-86	15	19.47	71.59	3.754
2015-08-30 08:10:18.527	22431	11301	-94	-87	10	19.64	71.41	3.754
2015-08-30 08:13:01.57	22431	11301	-94	-88	10
2015-08-30 08:25:06.726	22431	11301	-94	-86	10	19.82	71.27	3.753
2015-08-30 08:34:05.931	22431	11301	-94	-88	10
2015-08-30 09:01:15.998	22431	11301	-94	-91	10	20.32	70.76	3.753
2015-08-30 12:34:25.53	22431	11301	-94	-87	19	26.76	66.21	3.759
2015-08-30 12:48:58.183	22431	11301	-91	-84	13
2015-08-30 13:00:49.067	22431	11301	-94	-87	10	27.77	65.68	3.757
2015-08-30 13:23:59.427	22431	11301	-94	-88	10	27.57	66.73	3.758
2015-08-30 13:42:04.67	22431	11301	-97	-83	10
2015-08-30 13:57:01.582	22431	11301	-94	-86	10	28.19	66.34	3.76
2015-08-30 14:14:04.994	22431	11301	-94	-87	10
2015-08-30 14:39:03.738	22431	11301	-94	-84	10	28.26	66.97	3.759
2015-08-30 15:03:02.838	22431	11301	-94	-83	10	28.86	66.42	3.762
2015-08-30 15:22:48.43	22431	11301	-94	-84	10	29.08	66.25	3.759
2015-08-30 15:31:48.707	22431	11301	-94	-83	10
2015-08-30 15:38:54.606	22431	11301	-94	-83	10
2015-08-30 16:08:37.879	22431	11301	-94	-85	10	29.61	66.61	3.762
2015-08-30 16:37:20.215	22431	11301	-91	-82	10	29.41	66.78	3.76
2015-08-30 16:59:03.122	22431	11301	-94	-83	10	29.25	67.17	3.764
2015-08-30 17:03:51.354	22431	11301	-94	-83	10
2015-08-30 17:21:41.226	22431	11301	-91	-86	10
2015-08-30 17:38:58.786	22431	11301	-94	-84	10	28.83	67.71	3.764
2015-08-30 18:08:56.923	22431	11301	-94	-82	10	28.13	68.41	3.764
2015-08-30 18:28:47.986	22431	11301	-94	-83	10
2015-08-30 18:33:11.904	22431	11301	-94	-83	10	28.05	68.34	3.76
2015-08-30 19:07:12.618	22431	11301	-94	-85	10	26.94	69.33	3.765
2015-08-30 19:11:07.684	22431	11301	-94	-85	10
2015-08-30 19:25:19.318	22431	11301	-94	-83	10	26.36	69.72	3.762
2015-08-30 19:53:46.374	22431	11301	-94	-84	10
2015-08-30 19:55:16.654	22431	11301	-94	-84	10	24.9	70.93	3.76
2015-08-30 20:36:39.47	22431	11301	-94	-81	10	24.27	71.01	3.762
2015-08-30 20:57:45.482	22431	11301	-94	-84	10	24.6	70.17	3.762
2015-08-30 21:00:48.59	22431	11301	-94	-84	10
2015-08-30 21:18:43.307	22431	11301	-94	-82	10
2015-08-30 21:21:32.946	22431	11301	-94	-83	10	23.36	71.35	3.76
2015-08-30 21:53:43.879	22431	11301	-94	-83	10	22.46	71.88	3.76
2015-08-30 22:33:32.551	22431	11301	-94	-83	10	21.79	71.98	3.758
2015-08-30 22:43:41.391	22431	11301	-94	-82	10
2015-08-30 22:49:36.852	22431	11301	-94	-84	10	21.77	71.81	3.759
2015-08-30 22:50:28.855	22431	11301	-94	-83	10
2015-08-30 23:28:31.415	22431	11301	-94	-83	10	21.61	71.58	3.759
2015-08-30 23:51:16.646	22431	11301	-94	-84	10	21.39	71.65	3.758
2015-08-31 00:08:40.559	22431	11301	-94	-83	10
2015-08-31 00:40:06.298	22431	11301	-94	-83	10	21.02	71.77	3.757
2015-08-31 00:40:10.202	22431	11301	-91	-81	10
2015-08-31 00:57:52.427	22431	11301	-94	-85	10	20.86	71.8	3.757
2015-08-31 01:31:41.207	22431	11301	-94	-83	10	20.63	71.87	3.759
2015-08-31 01:33:37.871	22431	11301	-94	-82	10
2015-08-31 01:58:26.402	22431	11301	-94	-83	10	20.56	71.77	3.757
2015-08-31 02:18:46.498	22431	11301	-94	-84	10	20.54	71.68	3.756
2015-08-31 02:29:52.53	22431	11301	-94	-84	10
2015-08-31 02:58:33.622	22431	11301	-94	-83	10
2015-08-31 03:09:51.042	22431	11301	-94	-84	10	20.17	71.86	3.757
2015-08-31 03:21:47.04	22431	11301	-94	-83	10	20.07	71.93	3.756
2015-08-31 03:56:06.342	22431	11301	-94	-84	10	20.02	71.83	3.757
2015-08-31 04:19:34.778	22431	11301	-94	-84	10
2015-08-31 04:23:32.458	22431	11301	-94	-83	10
2015-08-31 04:39:18.083	22431	11301	-94	-83	10	19.82	71.91	3.753
2015-08-31 04:59:58.947	22431	11301	-94	-84	10	19.74	71.95	3.757
2015-08-31 05:33:40.514	22431	11301	-94	-83	10	19.71	71.91	3.753
2015-08-31 05:48:29.058	22431	11301	-94	-85	10
2015-08-31 05:58:25.867	22431	11301	-94	-85	10	19.61	71.95	3.753
2015-08-31 06:09:13.602	22431	11301	-94	-84	10
2015-08-31 06:37:19.038	22431	11301	-94	-84	10	19.43	72.03	3.753
2015-08-31 06:55:56.582	22431	11301	-94	-84	10	19.32	72.06	3.752
2015-08-31 07:13:27.002	22431	11301	-94	-85	10
2015-08-31 07:22:47.379	22431	11301	-94	-84	10	19.29	72.05	3.753
2015-08-31 07:51:21.329	22431	11301	-94	-84	10	19.72	71.59	3.752
2015-08-31 07:58:55.05	22431	11301	-94	-84	10
2015-08-31 08:37:11.546	22431	11301	-94	-85	10	21.18	70.33	3.753
2015-08-31 08:38:24.636	22431	11301	-94	-84	10
2015-08-31 08:55:25.35	22431	11301	-94	-84	10	21.53	70.11	3.753
2015-08-31 09:26:37.83	22431	11301	-94	-84	10	22.02	69.98	3.753
2015-08-31 09:48:35.93	22431	11301	-94	-88	10
2015-08-31 09:57:35.215	22431	11301	-91	-83	10	22.95	69.41	3.753
2015-08-31 10:03:22.118	22431	11301	-94	-83	10
2015-08-31 10:37:29.127	22431	11301	-94	-84	10	25.38	67.32	3.754
2015-08-31 11:06:43.266	22431	11301	-94	-85	10	26.94	66.33	3.754
2015-08-31 11:28:21.278	22431	11301	-91	-83	10
2015-08-31 11:34:23.439	22431	11301	-94	-81	10	28.22	65.63	3.756
2015-08-31 11:38:19.102	22431	11301	-94	-84	10
2015-08-31 12:03:39.435	22431	11301	-94	-86	10	29.52	65.1	3.757
2015-08-31 12:18:51.758	22431	11301	-94	-89	10	30.02	65.1	3.756
2015-08-31 12:53:17.59	22431	11301	-94	-86	10
2015-08-31 13:05:04.43	22431	11301	-94	-82	10	29.33	66.98	3.759
2015-08-31 13:27:58.455	22431	11301	-94	-85	10
2015-08-31 13:31:05.802	22431	11301	-94	-82	10	30.44	65.89	3.759
2015-08-31 13:55:10.767	22431	11301	-91	-80	10	30.16	66.37	3.759
2015-08-31 14:18:16.184	22431	11301	-94	-83	10
2015-08-31 14:20:09.879	22431	11301	-94	-86	10	31.18	65.62	3.763
2015-08-31 15:05:26.486	22431	11301	-94	-84	10	30.88	66.26	3.763
2015-08-31 15:17:39.514	22431	11301	-94	-82	10
2015-08-31 15:28:47.294	22431	11301	-94	-85	10	32.25	64.86	3.763
2015-08-31 15:43:12.146	22431	11301	-94	-87	10
2015-08-31 15:53:16.122	22431	11301	-94	-85	10	33.44	63.44	3.764
2015-08-31 16:28:20.818	22431	11301	-94	-85	10	31.55	66.7	3.765
2015-08-31 16:55:48.623	22431	11301	-94	-89	10	30.91	67.28	3.764
2015-08-31 17:07:21.374	22431	11301	-94	-88	10
2015-08-31 17:08:10.243	22431	11301	-94	-89	10
2015-08-31 17:39:12.508	22431	11301	-94	-84	10	30.15	67.8	3.764
2015-08-31 17:50:43.471	22431	11301	-94	-83	10	29.91	67.79	3.765
2015-08-31 18:33:07.598	22431	11301	-94	-85	10
2015-08-31 18:33:54.711	22431	11301	-91	-84	10	28.71	68.98	3.764
2015-08-31 18:53:07.428	22431	11301	-94	-84	10	27.97	69.6	3.764
2015-08-31 18:57:02.306	22431	11301	-94	-84	10
2015-08-31 19:29:24.538	22431	11301	-94	-82	10	26.6	70.53	3.767
2015-08-31 19:58:05.511	22431	11301	-94	-82	10
2015-08-31 20:03:22.891	22431	11301	-94	-81	10	25.13	71.51	3.763
2015-08-31 20:31:05.375	22431	11301	-94	-82	10	24.32	71.78	3.762
2015-08-31 20:46:44.119	22431	11301	-94	-82	10
2015-08-31 21:01:54.635	22431	11301	-94	-83	10	23.61	71.96	3.763
2015-08-31 21:23:09.47	22431	11301	-91	-82	10
2015-08-31 21:33:53.287	22431	11301	-94	-83	10	23.1	72.0	3.76
2015-08-31 22:07:49.031	22431	11301	-94	-82	10	22.7	71.95	3.762
2015-08-31 22:36:24.451	22431	11301	-94	-82	10
2015-08-31 22:38:07.022	22431	11301	-94	-83	10	22.29	72.04	3.76
2015-08-31 22:48:00.863	22431	11301	-91	-82	10
2015-08-31 22:53:20.471	22431	11301	-91	-82	10	22.14	72.04	3.762
2015-08-31 23:23:15.755	22431	11301	-94	-82	10	21.74	72.24	3.758
2015-09-01 00:05:37.455	22431	11301	-91	-83	10	21.39	72.18	3.758
2015-09-01 00:12:56.979	22431	11301	-94	-83	10
2015-09-01 00:26:05.306	22431	11301	-94	-83	10
2015-09-01 00:38:35.107	22431	11301	-94	-83	10	21.22	72.17	3.759
2015-09-01 01:02:46.538	22431	11301	-94	-82	10	21.15	72.08	3.758
2015-09-01 01:33:59.715	22431	11301	-94	-83	10	20.97	72.18	3.758
2015-09-01 01:37:55.339	22431	11301	-94	-83	10
2015-09-01 01:49:34.926	22431	11301	-94	-83	10	20.94	72.12	3.759
2015-09-01 02:15:46.33	22431	11301	-94	-84	10
2015-09-01 02:19:25.211	22431	11301	-94	-83	10	20.71	72.19	3.759
2015-09-01 03:02:52.07	22431	11301	-94	-83	10
2015-09-01 03:10:14.807	22431	11301	-94	-84	10	20.18	72.41	3.759
2015-09-01 03:24:13.018	22431	11301	-94	-83	10	20.0	72.55	3.758
2015-09-01 03:51:31.774	22431	11301	-94	-84	10	19.86	72.54	3.756
2015-09-01 04:05:27.519	22431	11301	-94	-82	10
2015-09-01 04:27:56.438	22431	11301	-94	-84	10
2015-09-01 04:40:01.107	22431	11301	-94	-84	10	19.61	72.61	3.756
2015-09-01 04:53:01.743	22431	11301	-94	-85	10	19.57	72.54	3.753
2015-09-01 05:36:46.751	22431	11301	-94	-86	10	19.46	72.47	3.757
2015-09-01 05:52:48.474	22431	11301	-94	-88	10
2015-09-01 05:55:09.782	22431	11301	-94	-88	10
2015-09-01 05:59:54.843	22431	11301	-94	-89	10	19.36	72.5	3.754
2015-09-01 06:34:07.907	22431	11301	-94	-89	10	19.22	72.53	3.757
2015-09-01 06:53:51.547	22431	11301	-94	-89	10	19.18	72.52	3.752
2015-09-01 07:17:46.175	22431	11301	-94	-90	10
2015-09-01 07:30:23.806	22431	11301	-94	-90	10	19.22	72.4	3.753
2015-09-01 07:44:49.791	22431	11301	-94	-89	10
2015-09-01 07:48:32.739	22431	11301	-94	-90	10	19.54	72.13	3.754
2015-09-01 08:36:37.236	22431	11301	-94	-86	10	20.81	70.96	3.756
2015-09-01 08:42:43.107	22431	11301	-94	-84	10
2015-09-01 09:08:54.974	22431	11301	-94	-84	10	22.27	69.71	3.754
2015-09-01 09:21:45.954	22431	11301	-91	-83	10	22.9	69.26	3.754
2015-09-01 09:34:30.223	22431	11301	-94	-85	10
2015-09-01 10:05:33.226	22431	11301	-94	-84	10	25.32	67.66	3.754
2015-09-01 10:07:39.927	22431	11301	-94	-84	10
2015-09-01 10:39:45.517	22431	11301	-91	-82	10	27.1	66.62	3.756
2015-09-01 10:48:12.154	22431	11301	-94	-84	10	27.43	66.41	3.757
2015-09-01 11:17:59.814	22431	11301	-94	-83	10	29.43	64.88	3.759
2015-09-01 11:24:12.33	22431	11301	-91	-84	10
2015-09-01 11:32:37.65	22431	11301	-94	-85	10
2015-09-01 12:03:27.966	22431	11301	-94	-84	10	30.51	64.94	3.758
2015-09-01 12:19:06.463	22431	11301	-94	-84	10	31.13	64.74	3.76
2015-09-01 12:57:35.579	22431	11301	-94	-84	10
2015-09-01 13:02:06.018	22431	11301	-94	-82	10	29.29	67.62	3.76
2015-09-01 13:13:52.907	22431	11301	-91	-85	10
2015-09-01 13:31:09.098	22431	11301	-94	-85	10	29.91	66.99	3.758
2015-09-01 13:50:35.682	22431	11301	-94	-91	10	31.19	65.77	3.762
2015-09-01 14:22:33.031	22431	11301	-94	-86	10
2015-09-01 14:24:10.063	22431	11301	-94	-86	10	31.86	65.58	3.76
2015-09-01 14:58:21.402	22431	11301	-94	-83	10	32.16	65.69	3.763
2015-09-01 15:03:34.662	22431	11301	-94	-87	10
2015-09-01 15:36:58.37	22431	11301	-94	-83	10	33.83	63.93	3.764
2015-09-01 15:47:31.499	22431	11301	-94	-85	10
2015-09-01 16:09:55.278	22431	11301	-94	-85	10	32.58	66.24	3.764
2015-09-01 16:18:29.239	22431	11301	-94	-90	10	32.13	66.65	3.764
2015-09-01 16:50:18.012	22431	11301	-94	-83	10	30.91	67.9	3.764
2015-09-01 16:53:15.411	22431	11301	-94	-81	10
2015-09-01 17:12:27.943	22431	11301	-94	-83	10
2015-09-01 17:39:32.106	22431	11301	-94	-85	10	30.66	67.83	3.765
2015-09-01 17:57:24.562	22431	11301	-91	-83	10	29.8	68.65	3.765
2015-09-01 18:37:27.018	22431	11301	-94	-82	10
2015-09-01 18:37:49.85	22431	11301	-94	-81	10	28.38	69.79	3.764
2015-09-01 18:42:57.482	22431	11301	-94	-82	10
2015-09-01 18:54:51.695	22431	11301	-94	-81	10	27.82	70.15	3.763
2015-09-01 19:34:53.962	22431	11301	-91	-81	10	26.47	70.97	3.765
2015-09-01 20:01:37.735	22431	11301	-91	-81	10	25.66	71.33	3.763
2015-09-01 20:02:24.098	22431	11301	-91	-81	10
2015-09-01 20:28:30.707	22431	11301	-91	-81	10	24.88	71.66	3.762
2015-09-01 20:32:36.798	22431	11301	-91	-80	10
2015-09-01 21:05:30.787	22431	11301	-91	-80	10	24.34	71.7	3.76
2015-09-01 21:27:20.194	22431	11301	-91	-81	10
2015-09-01 21:28:01.915	22431	11301	-91	-81	10	24.01	71.72	3.762
2015-09-01 21:57:57.606	22431	11301	-91	-81	10	23.82	71.55	3.76
2015-09-01 22:22:18.403	22431	11301	-91	-81	10
2015-09-01 22:24:25.478	22431	11301	-94	-81	10	23.52	71.66	3.758
2015-09-01 22:52:18.598	22431	11301	-91	-80	10
2015-09-01 23:07:17.663	22431	11301	-91	-80	10	23.64	71.32	3.758
2015-09-01 23:39:50.539	22431	11301	-91	-80	10	23.56	71.22	3.76
2015-09-01 23:48:55.847	22431	11301	-91	-81	10	23.38	71.35	3.759
2015-09-02 00:12:00.435	22431	11301	-94	-81	10
2015-09-02 00:17:16.115	22431	11301	-94	-80	10
2015-09-02 00:39:33.623	22431	11301	-91	-81	10	22.6	71.91	3.759
2015-09-02 01:03:21.358	22431	11301	-91	-80	10	22.29	72.02	3.759
2015-09-02 01:37:17.39	22431	11301	-91	-81	10	21.79	72.31	3.756
2015-09-02 01:42:13.331	22431	11301	-91	-80	10
2015-09-02 02:01:42.602	22431	11301	-91	-80	10
2015-09-02 02:07:08.586	22431	11301	-94	-81	10	21.71	72.18	3.757
2015-09-02 02:36:36.618	22431	11301	-91	-81	10	21.5	72.2	3.756
2015-09-02 02:52:50.942	22431	11301	-94	-81	10	21.35	72.2	3.758
2015-09-02 03:07:10.939	22431	11301	-91	-81	10
2015-09-02 03:33:15.003	22431	11301	-91	-82	10	20.79	72.56	3.757
2015-09-02 03:51:23.323	22431	11301	-94	-82	10
2015-09-02 04:01:19.526	22431	11301	-94	-82	10	20.67	72.53	3.757
2015-09-02 04:21:52.699	22431	11301	-91	-82	10	20.57	72.52	3.757
2015-09-02 04:32:08.507	22431	11301	-94	-82	10
2015-09-02 04:54:32.695	22431	11301	-94	-82	10	20.39	72.54	3.756
2015-09-02 05:30:07.247	22431	11301	-94	-82	10	20.15	72.6	3.756
2015-09-02 05:41:02.787	22431	11301	-91	-82	10
2015-09-02 05:57:07.383	22431	11301	-91	-82	10
2015-09-02 06:04:11.402	22431	11301	-94	-81	10	19.96	72.67	3.754
2015-09-02 06:23:01.118	22431	11301	-94	-83	10	19.95	72.59	3.754
2015-09-02 06:53:51.378	22431	11301	-94	-82	10	19.82	72.62	3.754
2015-09-02 07:17:55.526	22431	11301	-94	-83	10	19.89	72.5	3.753
2015-09-02 07:22:05.547	22431	11301	-91	-83	10
2015-09-02 07:30:44.118	22431	11301	-94	-83	10
2015-09-02 08:04:54.991	22431	11301	-91	-82	10	20.47	71.84	3.754
2015-09-02 08:18:00.446	22431	11301	-91	-82	10	20.79	71.54	3.753
2015-09-02 08:47:01.83	22431	11301	-94	-83	10
2015-09-02 08:47:49.722	22431	11301	-91	-83	10	22.08	70.41	3.751
2015-09-02 09:20:25.075	22431	11301	-91	-82	10
2015-09-02 09:34:36.891	22431	11301	-94	-83	10	24.58	68.48	3.754
2015-09-02 10:00:47.026	22431	11301	-94	-83	10	26.01	67.63	3.753
2015-09-02 10:11:58.227	22431	11301	-94	-84	10
2015-09-02 10:38:40.387	22431	11301	-94	-81	10	27.8	66.6	3.756
2015-09-02 11:00:50.431	22431	11301	-94	-82	10	28.47	66.48	3.757
2015-09-02 11:10:06.354	22431	11301	-91	-82	10
2015-09-02 11:25:36.791	22431	11301	-94	-84	10	29.36	66.03	3.757
2015-09-02 11:36:58.995	22431	11301	-94	-82	10
2015-09-02 11:58:14.058	22431	11301	-94	-82	10	30.72	65.06	3.76
2015-09-02 12:17:51.491	22431	11301	-94	-84	10	31.65	64.85	3.759
2015-09-02 12:59:47.222	22431	11301	-94	-84	10
2015-09-02 13:01:54.455	22431	11301	-94	-84	10
2015-09-02 13:07:51.99	22431	11301	-94	-82	10	27.24	71.08	3.762
2015-09-02 13:35:08.518	22431	11301	-94	-84	10	28.9	68.52	3.758
2015-09-02 14:01:54.754	22431	11301	-94	-90	10	30.82	66.16	3.758
2015-09-02 14:19:02.023	22431	11301	-94	-90	10	31.55	65.56	3.76
2015-09-02 14:26:52.096	22431	11301	-94	-83	10
2015-09-02 14:48:52.83	22431	11301	-94	-88	10	32.22	65.4	3.76
2015-09-02 14:49:28.826	22431	11301	-94	-85	10
2015-09-02 15:31:32.806	22431	11301	-94	-83	10	31.51	66.93	3.76
2015-09-02 15:51:49.402	22431	11301	-94	-85	10
2015-09-02 16:05:43.982	22431	11301	-94	-82	10	30.96	67.76	3.763
2015-09-02 16:18:42.874	22431	11301	-94	-83	10	30.94	67.96	3.763
2015-09-02 16:18:44.931	22431	11301	-94	-83	10	30.94	67.96	3.763
2015-09-02 16:39:12.122	22431	11301	-94	-86	10
2015-09-02 16:57:05.982	22431	11301	-94	-82	10	31.44	67.07	3.763
2015-09-02 17:16:47.443	22431	11301	-94	-84	10
2015-09-02 17:27:07.523	22431	11301	-94	-82	10	31.05	67.45	3.764
2015-09-02 18:08:44.487	22431	11301	-94	-84	10	30.16	68.21	3.763
2015-09-02 18:26:38.414	22431	11301	-91	-81	10	29.24	69.34	3.764
2015-09-02 18:28:50.158	22431	11301	-94	-82	10
2015-09-02 18:41:44.318	22431	11301	-91	-82	10
2015-09-02 18:53:11.411	22431	11301	-97	-83	10	28.77	69.51	3.764
2015-09-02 19:19:51.21	22431	11301	-91	-82	10	28.08	69.94	3.76
2015-09-02 19:48:52.242	22431	11301	-91	-80	10	26.61	71.13	3.763
2015-09-02 20:06:41.163	22431	11301	-91	-80	10
2015-09-02 20:18:32.191	22431	11301	-91	-81	10
2015-09-02 20:30:13.718	22431	11301	-91	-81	10	24.96	72.13	3.762
2015-09-02 20:59:43.47	22431	11301	-94	-83	10	24.31	72.23	3.759
2015-09-02 21:20:27.535	22431	11301	-94	-84	10	24.97	71.14	3.759
2015-09-02 21:31:41.786	22431	11301	-91	-81	10
2015-09-02 21:52:12.742	22431	11301	-91	-81	10	24.51	71.37	3.759
2015-09-02 22:08:13.179	22431	11301	-91	-82	10
2015-09-02 22:33:00.646	22431	11301	-91	-80	10	24.03	71.64	3.759
2015-09-02 22:56:37.09	22431	11301	-91	-81	10
2015-09-02 23:00:03.023	22431	11301	-91	-81	10	23.74	71.7	3.747
2015-09-02 23:27:43.271	22431	11301	-91	-82	10	23.32	71.9	3.759
2015-09-02 23:57:54.571	22431	11301	-91	-81	10
2015-09-03 00:00:28.298	22431	11301	-94	-81	10	22.9	72.1	3.756
2015-09-03 00:21:34.37	22431	11301	-94	-81	10
2015-09-03 00:33:48.735	22431	11301	-91	-80	10	22.38	72.31	3.758
2015-09-03 00:49:26.57	22431	11301	-94	-81	10	22.14	72.4	3.757
2015-09-03 01:24:53.394	22431	11301	-94	-81	10	21.65	72.58	3.757
2015-09-03 01:46:31.846	22431	11301	-91	-80	10
2015-09-03 01:47:37.694	22431	11301	-91	-81	10
2015-09-03 02:08:19.966	22431	11301	-91	-81	10	21.61	72.33	3.756
2015-09-03 02:39:56.978	22431	11301	-94	-81	10	21.52	72.26	3.756
2015-09-03 03:08:15.078	22431	11301	-91	-82	10	21.25	72.43	3.757
2015-09-03 03:11:29.475	22431	11301	-94	-81	10
2015-09-03 03:34:40.119	22431	11301	-94	-83	10	21.08	72.42	3.754
2015-09-03 03:37:17.363	22431	11301	-94	-83	10
2015-09-03 03:58:27.698	22431	11301	-94	-82	10	21.42	72.02	3.754
2015-09-03 04:26:21.554	22431	11301	-91	-82	10	21.44	71.94	3.757
2015-09-03 04:36:26.927	22431	11301	-94	-82	10
2015-09-03 05:05:47.542	22431	11301	-94	-82	10	20.74	72.6	3.753
2015-09-03 05:26:58.143	22431	11301	-94	-82	10
2015-09-03 05:29:01.523	22431	11301	-94	-82	10	20.52	72.73	3.753
2015-09-03 05:49:00.574	22431	11301	-91	-82	10	20.28	72.82	3.753
2015-09-03 06:01:25.162	22431	11301	-94	-82	10
2015-09-03 06:26:04.739	22431	11301	-94	-83	10	20.04	72.83	3.752
2015-09-03 06:57:35.722	22431	11301	-91	-83	10	19.88	72.85	3.753
2015-09-03 07:16:38.211	22431	11301	-94	-82	10
2015-09-03 07:23:35.743	22431	11301	-94	-83	10	19.86	72.79	3.748
2015-09-03 07:26:21.858	22431	11301	-91	-83	10
2015-09-03 07:52:37.983	22431	11301	-94	-84	10	20.42	72.18	3.754
2015-09-03 08:36:11.195	22431	11301	-94	-82	10	22.22	70.47	3.753
2015-09-03 08:51:20.763	22431	11301	-94	-82	10
2015-09-03 09:01:03.111	22431	11301	-91	-82	10	23.11	69.87	3.752
2015-09-03 09:06:19.835	22431	11301	-94	-82	10
2015-09-03 09:36:44.566	22431	11301	-91	-81	10	24.36	69.1	3.753
2015-09-03 10:08:56.619	22431	11301	-91	-81	10	25.41	68.51	3.756
2015-09-03 10:16:16.922	22431	11301	-91	-82	10
2015-09-03 10:34:22.458	22431	11301	-94	-82	10	26.43	67.85	3.753
2015-09-03 10:56:00.755	22431	11301	-94	-83	10
2015-09-03 11:01:25.311	22431	11301	-91	-83	10	27.69	66.93	3.754
2015-09-03 11:17:56.782	22431	11301	-94	-83	10	28.11	66.85	3.754
2015-09-03 11:41:15.512	22431	11301	-94	-83	10
2015-09-03 11:57:10.315	22431	11301	-94	-84	10	29.44	66.28	3.756
2015-09-03 12:25:58.898	22431	11301	-91	-84	10	30.26	65.77	3.757
2015-09-03 12:45:42.795	22431	11301	-94	-85	10
2015-09-03 12:55:35.27	22431	11301	-91	-83	10	29.61	67.29	3.758
2015-09-03 13:06:13.803	22431	11301	-94	-81	10
2015-09-03 13:30:47.878	22431	11301	-94	-88	10	30.02	67.51	3.757
2015-09-03 13:30:51.733	22431	11301	-94	-88	10	30.02	67.51	3.757
2015-09-03 14:05:16.373	22431	11301	-94	-88	10	30.27	67.58	3.758
2015-09-03 14:18:29.766	22431	11301	-94	-89	10	31.25	66.23	3.76
2015-09-03 14:31:10.23	22431	11301	-97	-84	10
2015-09-03 14:35:22.662	22431	11301	-94	-88	10
2015-09-03 15:06:45.094	22431	11301	-94	-83	11	33.07	64.57	3.762
2015-09-03 15:18:07.943	22431	11301	-94	-82	10	33.36	64.47	3.759
2015-09-03 15:56:09.738	22431	11301	-94	-84	10
2015-09-03 15:58:31.602	22431	11301	-94	-82	10	32.15	66.89	3.76
2015-09-03 16:25:04.447	22431	11301	-94	-81	10
2015-09-03 16:39:53.435	22431	11301	-91	-82	10	29.91	69.4	3.763
2015-09-03 17:10:09.97	22431	11301	-94	-82	10	29.96	68.64	3.76
2015-09-03 17:20:31.574	22431	11301	-91	-82	10	29.24	69.45	3.762
2015-09-03 17:21:05.007	22431	11301	-91	-81	10
2015-09-03 17:57:23.131	22431	11301	-94	-80	10	28.18	70.19	3.76
2015-09-03 18:14:46.17	22431	11301	-91	-81	10
2015-09-03 18:27:05.194	22431	11301	-91	-81	10	27.46	70.52	3.76
2015-09-03 18:46:03.314	22431	11301	-91	-81	10
2015-09-03 19:02:18.974	22431	11301	-91	-81	10	26.61	70.99	3.76
2015-09-03 19:37:13.882	22431	11301	-91	-81	10	25.8	71.35	3.76
2015-09-03 19:51:38.098	22431	11301	-94	-82	10	25.49	71.55	3.758
2015-09-03 20:04:26.27	22431	11301	-94	-82	10
2015-09-03 20:11:02.631	22431	11301	-91	-81	10
2015-09-03 20:32:26.971	22431	11301	-94	-83	10	25.22	71.36	3.758
2015-09-03 21:04:33.035	22431	11301	-91	-81	10	24.69	71.6	3.756
2015-09-03 21:18:40.199	22431	11301	-91	-81	10	24.31	71.89	3.758
2015-09-03 21:35:57.966	22431	11301	-91	-80	10
2015-09-03 21:53:23.579	22431	11301	-91	-81	10	23.77	72.07	3.756
2015-09-03 21:54:08.054	22431	11301	-91	-81	10
2015-09-03 22:33:31.259	22431	11301	-91	-81	10	23.11	72.34	3.756
2015-09-04 14:20:54.987	22431	11301	-94	-82	10	31.02	66.91	3.758
2015-09-04 14:51:35.363	22431	11301	-94	-83	10	31.25	66.95	3.759
2015-09-04 15:34:25.63	22431	11301	-94	-84	10	32.91	65.61	3.759
2015-09-04 16:00:26.551	22431	11301	-94	-84	10
2015-09-04 16:07:54.287	22431	11301	-94	-88	10	32.69	66.65	3.763
2015-09-04 16:10:59.747	22431	11301	-94	-85	10
2015-09-04 16:21:19.262	22431	11301	-94	-89	10	31.43	68.16	3.76
2015-09-04 17:04:26.858	22431	11301	-94	-84	10	31.83	67.08	3.762
2015-09-04 17:25:23.988	22431	11301	-94	-83	10
2015-09-04 17:34:27.53	22431	11301	-94	-83	10	31.11	67.99	3.762
2015-09-04 18:09:43.547	22431	11301	-94	-84	10	29.82	69.21	3.762
2015-09-04 18:28:52.994	22431	11301	-94	-80	10	28.38	70.63	3.762
2015-09-04 18:50:46.546	22431	11301	-88	-80	10	26.36	72.11	3.76
2015-09-04 19:50:21.42	22431	11301	-94	-80	10
2015-09-05 12:21:46.506	22431	11301	-94	-87	10	31.05	65.75	3.753
2015-09-05 12:47:56.95	22431	11301	-91	-87	10	32.1	65.05	3.754
2015-09-05 14:07:12.282	22431	11301	-91	-88	10
2015-09-05 14:34:58.243	22431	11301	-94	-84	10	31.43	67.13	3.757
2015-09-05 14:39:46.882	22431	11301	-94	-84	10
2015-09-05 15:08:39.043	22431	11301	-94	-84	10	31.22	67.54	3.757
2015-09-05 15:56:53.719	22431	11301	-94	-83	10
2015-09-05 16:33:38.886	22431	11301	-94	-82	10	29.63	69.93	3.758
2015-09-05 17:00:04.574	22431	11301	-94	-83	10	27.32	71.86	3.757
2015-09-05 17:29:44.502	22431	11301	-94	-85	10
2015-09-05 17:39:51.583	22431	11301	-94	-82	10	23.82	74.02	3.756
2015-09-05 17:46:45.582	22431	11301	-94	-84	10
2015-09-05 18:05:43.334	22431	11301	-94	-84	10	20.61	76.42	3.754
2015-09-05 21:44:35.13	22431	11301	-94	-86	10
2015-09-05 23:02:40.198	22431	11301	-94	-86	10	19.96	73.36	3.751
2015-09-05 23:09:33.155	22431	11301	-94	-86	10
2015-09-05 23:15:38.567	22431	11301	-94	-85	10
2015-09-05 23:20:57.55	22431	11301	-94	-86	10	19.92	73.37	3.751
2015-09-05 23:56:09.167	22431	11301	-94	-85	10	19.78	73.43	3.751
2015-09-06 00:34:30.047	22431	11301	-94	-84	10
2015-09-06 00:38:26.378	22431	11301	-94	-84	10	19.68	74.95	3.75
2015-09-06 00:54:12.379	22431	11301	-94	-84	10	19.6	76.43	3.748
2015-09-06 01:05:19.311	22431	11301	-94	-83	10
2015-09-06 01:36:52.807	22431	11301	-94	-84	10	19.46	78.76	3.748
2015-09-06 01:59:27.506	22431	11301	-94	-83	10
2015-09-06 02:09:39.826	22431	11301	-94	-83	10	19.38	79.91	3.748
2015-09-06 02:18:35.538	22431	11301	-94	-84	10	19.38	80.12	3.75
2015-09-06 02:49:25.091	22431	11301	-94	-83	10	19.29	80.92	3.747
2015-09-06 02:54:59.694	22431	11301	-94	-84	10
2015-09-06 03:24:25.138	22431	11301	-94	-83	10
2015-09-06 03:26:24.043	22431	11301	-91	-83	10	19.21	81.84	3.747
2015-09-06 03:56:55.343	22431	11301	-94	-84	10	19.06	82.49	3.746
2015-09-06 04:35:10.766	22431	11301	-94	-83	10	18.9	83.18	3.745
2015-09-06 04:44:42.991	22431	11301	-94	-83	10
2015-09-06 04:49:23.283	22431	11301	-94	-83	10
2015-09-06 05:05:50.33	22431	11301	-94	-84	10	18.68	83.71	3.747
2015-09-06 05:35:49.374	22431	11301	-94	-83	10	18.65	84.07	3.748
2015-09-06 05:48:49.871	22431	11301	-94	-83	10	18.6	84.25	3.748
2015-09-06 06:14:20.463	22431	11301	-94	-83	10
2015-09-06 06:34:22.627	22431	11301	-94	-83	10
2015-09-06 06:34:50.53	22431	11301	-94	-83	10	18.46	84.76	3.745
2015-09-06 07:09:44.131	22431	11301	-94	-83	10	18.36	85.08	3.75
2015-09-06 07:17:57.211	22431	11301	-94	-83	10	18.38	85.19	3.747
2015-09-06 07:39:18.05	22431	11301	-94	-83	10
2015-09-06 07:49:40.703	22431	11301	-94	-83	10	18.78	85.23	3.747
2015-09-06 08:24:03.479	22431	11301	-94	-88	10
2015-09-06 08:31:54.427	22431	11301	-94	-85	10	19.79	84.97	3.747
2015-09-06 08:54:24.426	22431	11301	-94	-86	10	20.65	84.65	3.75
2015-09-06 09:04:15.31	22431	11301	-94	-85	10
2015-09-06 10:13:44.85	22431	11301	-94	-88	10
2015-09-06 10:29:13.107	22431	11301	-94	-88	10
2015-09-06 13:53:07.826	22431	11301	-94	-82	10
2015-09-06 14:20:35.45	22431	11301	-94	-86	10	30.68	82.65	3.754
2015-09-06 14:44:07.602	22431	11301	-94	-82	10
2015-09-06 15:04:07.639	22431	11301	-94	-85	10	31.18	82.57	3.756
2015-09-06 16:30:59.527	22431	11301	-94	-81	10	31.47	81.94	3.757
2015-09-06 18:56:23.706	22431	11301	-91	-81	10	28.44	82.83	3.758
2015-09-06 19:22:10.495	22431	11301	-91	-81	10
2015-09-07 13:23:26.434	22431	11301	-91	-84	10
2015-09-07 15:28:43.207	22431	11301	-94	-83	10
2015-09-07 16:13:31.959	22431	11301	-94	-86	10
2015-09-07 16:30:01.023	22431	11301	-94	-81	10	32.19	77.24	3.759
2015-09-07 16:49:17.463	22431	11301	-94	-81	10	31.97	77.26	3.759
2015-09-07 17:18:33.811	22431	11301	-94	-83	10
2015-09-07 17:38:18.451	22431	11301	-91	-83	10
2015-09-07 18:08:00.542	22431	11301	-94	-83	10	30.63	78.12	3.758
2015-09-07 18:59:43.966	22431	11301	-91	-82	10	28.02	80.19	3.758
2015-09-07 19:08:05.118	22431	11301	-91	-81	10
2015-09-07 19:32:00.283	22431	11301	-91	-81	10	26.58	80.87	3.758
2015-09-07 20:36:03.354	22431	11301	-91	-81	10	24.55	81.52	3.756
2015-09-07 21:09:09.626	22431	11301	-94	-81	10	23.65	81.79	3.756
2015-09-07 21:51:59.888	22431	11301	-91	-80	10	22.9	81.78	3.756
2015-09-08 11:35:14.871	22431	11301	-94	-84	10
2015-09-08 12:39:22.915	22431	11301	-94	-90	10	32.79	74.14	3.756
2015-09-08 13:24:56.859	22431	11301	-94	-84	10
2015-09-08 13:49:49.958	22431	11301	-94	-83	10	31.27	76.14	3.756
2015-09-08 14:59:02.454	22431	11301	-94	-81	10	32.69	74.81	3.758
2015-09-08 15:21:57.95	22431	11301	-94	-85	10	36.97	68.31	3.759
2015-09-08 16:01:56.854	22431	11301	-94	-87	10	33.9	74.49	3.759
2015-09-08 16:36:08.822	22431	11301	-94	-90	10	33.05	75.44	3.759
2015-09-08 17:29:08.362	22431	11301	-94	-83	10	32.22	76.16	3.762
2015-09-08 17:57:01.73	22431	11301	-94	-85	10	32.41	75.69	3.76
2015-09-08 18:54:00.111	22431	11301	-94	-82	10
2015-09-08 19:02:36.293	22431	11301	-94	-83	10	30.08	77.6	3.757
2015-09-08 20:08:01.586	22431	11301	-94	-83	10	26.66	79.8	3.762
2015-09-09 12:07:06.411	22431	11301	-94	-81	10
2015-09-09 12:36:53.411	22431	11301	-94	-84	10	30.02	76.01	3.753
2015-09-09 13:26:53.454	22431	11301	-94	-88	10	30.19	76.04	3.756
2015-09-09 13:32:03.987	22431	11301	-94	-84	10
2015-09-09 14:39:24.007	22431	11301	-94	-84	10	32.36	73.8	3.754
2015-09-09 14:56:56.366	22431	11301	-94	-89	10	33.11	72.85	3.756
2015-09-09 15:00:33.339	22431	11301	-94	-86	10
2015-09-09 15:25:34.718	22431	11301	-94	-88	14	26.32	77.44	3.756
