result_time	node_id	parent_id	stats_frssi	stats_brssi	etx	temperature	humidity	voltage
2015-07-14 23:35:34.434	22431	21831	-62	-62	10
2015-07-15 01:25:17.214	22431	21831	-62	-62	10
2015-07-15 19:02:44.838	22431	21831	-63	-62	10	23.26	79.25	3.881
2015-07-17 04:13:46.111	22431	21831	-61	-61	10	16.22	78.62	3.864
2015-07-17 04:39:40.151	22431	21831	-61	-60	10	15.89	78.93	3.865
2015-07-17 07:00:12.35	22431	21831	-61	-61	10	15.93	79.2	3.862
2015-07-17 09:27:57.534	22431	21831	-62	-62	10	20.79	76.33	3.865
2015-07-17 16:29:40.746	22431	21831	-65	-63	10	27.8	71.41	3.869
2015-07-18 10:18:11.443	22431	21831	-65	-64	10
2015-07-18 11:42:40.834	22431	21831	-66	-67	10	29.44	73.31	3.869
2015-07-18 13:00:32.822	22431	21831	-66	-66	10	29.97	72.07	3.872
2015-07-18 20:36:37.039	22431	21831	-64	-64	10	25.85	75.82	3.872
2015-07-18 21:38:13.282	22431	21831	-64	-63	10
2015-07-18 22:39:13.927	22431	21831	-64	-63	10
2015-07-19 05:57:58.379	22431	21831	-62	-62	10
2015-07-19 06:07:35.175	22431	21831	-63	-62	10
2015-07-19 07:16:50.466	22431	21831	-64	-63	10	23.11	81.13	3.864
2015-07-19 09:59:00.387	22431	21831	-64	-64	10	26.96	77.71	3.864
2015-07-19 11:27:02.506	22431	21831	-67	-65	10
2015-07-19 12:19:00.871	22431	21831	-66	-65	10	30.13	73.1	3.868
2015-07-19 13:12:22.759	22431	21831	-65	-66	10
2015-07-19 15:38:47.367	22431	21831	-65	-67	10	31.3	69.82	3.869
2015-07-20 00:28:48.723	22431	21831	-64	-64	10	23.47	78.23	3.863
2015-07-20 07:01:41.047	22431	21831	-64	-63	10	21.43	81.2	3.858
2015-07-20 07:36:50.687	22431	21831	-64	-64	10
2015-07-20 08:29:26.259	22431	21831	-64	-65	10	22.96	80.0	3.858
2015-07-20 11:03:01.931	22431	21831	-64	-67	10	26.19	76.14	3.859
2015-07-20 12:01:33.514	22431	21831	-64	-66	10	27.38	73.96	3.861
2015-07-20 13:27:50.362	22431	21831	-67	-67	10	29.5	68.48	3.861
2015-07-20 22:05:03.087	22431	21831	-65	-64	10	23.0	74.0	3.858
2015-07-20 22:39:12.103	22431	21831	-65	-65	10	22.76	74.28	3.858
2015-07-20 23:38:45.83	22431	21831	-65	-65	10	22.6	74.66	3.858
2015-07-21 00:36:21.751	22431	21831	-65	-65	10
2015-07-21 01:28:11.582	22431	21831	-64	-65	10	22.61	75.59	3.857
2015-07-21 03:26:16.863	22431	21831	-66	-67	10
2015-07-21 18:59:03.39	22431	21831	-66	-63	10	24.13	74.52	3.853
2015-07-21 20:07:16.982	22431	21831	-63	-65	10
2015-07-22 03:15:14.367	22431	21831	-61	-61	10	14.45	81.02	3.843
2015-07-22 04:13:21.939	22431	21831	-58	-61	10	14.18	81.18	3.843
2015-07-22 05:34:27.839	22431	21831	-60	-61	10	14.2	81.33	3.841
2015-07-22 06:46:15.435	22431	21831	-61	-60	10	14.2	81.48	3.841
2015-07-22 07:45:28.459	22431	21831	-62	-61	10
2015-07-22 08:55:08.51	22431	21831	-62	-61	10
2015-07-22 10:35:24.747	22431	21831	-63	-63	10
2015-07-22 10:48:07.007	22431	21831	-64	-62	10	22.04	74.99	3.846
2015-07-22 13:46:42.35	22431	21831	-64	-63	10	23.54	69.41	3.845
2015-07-22 17:10:18.627	22431	21831	-64	-63	10	24.58	67.5	3.846
2015-07-22 17:59:33.642	22431	21831	-64	-63	10	23.1	69.13	3.846
2015-07-22 19:01:26.303	22431	21831	-64	-63	10	22.33	70.51	3.846
2015-07-22 19:53:14.622	22431	21831	-63	-63	10
2015-07-23 04:00:20.486	22431	21831	-61	-61	10	15.03	77.55	3.836
2015-07-23 04:59:51.106	22431	21831	-61	-62	10
2015-07-23 05:58:44.942	22431	21831	-61	-60	10	14.54	78.34	3.836
2015-07-23 06:51:18.011	22431	21831	-61	-62	10
2015-07-23 08:06:24.834	22431	21831	-61	-61	10	16.78	76.93	3.836
2015-07-23 15:44:54.991	22431	21831	-63	-64	10	26.77	63.99	3.842
2015-07-25 10:58:08.787	22431	21831	-63	-63	10	25.9	66.65	3.835
2015-07-28 05:21:26.259	22431	21831	-61	-62	10
2015-07-30 13:34:20.471	22431	21831	-66	-65	10	29.94	62.97	3.823
2015-07-30 19:39:37.154	22431	21831	-62	-62	10
2015-08-01 11:13:15.339	22431	21831	-66	-64	10	25.32	63.63	3.809
2015-08-01 12:17:45.611	22431	21831	-67	-68	10	27.3	59.47	3.809
2015-08-01 12:43:25.391	22431	21831	-66	-67	10
2015-08-01 13:33:16.887	22431	21831	-65	-68	10	26.54	59.11	3.811
2015-08-01 13:52:54.698	22431	21831	-66	-65	10
2015-08-01 16:41:59.59	22431	21831	-66	-68	10	27.93	51.79	3.814
2015-08-01 17:32:17.08	22431	21831	-68	-68	10
2015-08-01 18:01:35.15	22431	21831	-64	-67	10	24.6	56.94	3.811
2015-08-01 18:41:41.87	22431	21831	-65	-64	10	23.53	58.69	3.809
2015-08-01 19:11:00.119	22431	21831	-64	-64	10	23.58	58.88	3.809
2015-08-01 19:48:13.511	22431	21831	-65	-64	10
2015-08-01 20:05:40.403	22431	21831	-64	-64	10	23.26	59.89	3.809
2015-08-01 20:44:59.654	22431	21831	-64	-64	10	21.61	61.93	3.808
2015-08-01 21:11:40.155	22431	21831	-64	-64	10
2015-08-01 21:12:52.875	22431	21831	-64	-64	10	20.79	62.86	3.811
2015-08-01 21:13:10.199	22431	21831	-64	-64	10
2015-08-01 21:31:22.618	22431	21831	-64	-64	10	20.4	63.24	3.807
2015-08-01 22:19:14.65	22431	21831	-64	-63	10	19.72	64.03	3.807
2015-08-01 22:38:08.098	22431	21831	-64	-64	10
2015-08-01 23:59:52.362	22431	21831	-64	-62	10	18.43	65.74	3.804
2015-08-02 09:57:49.622	22431	21831	-67	-64	10
2015-08-02 12:47:46.546	22431	21831	-69	-70	10
2015-08-02 14:06:18.878	22431	21831	-69	-68	10	29.68	57.56	3.807
2015-08-02 15:13:59.982	22431	21831	-68	-66	10	31.38	53.99	3.809
2015-08-02 15:34:36.226	22431	21831	-68	-66	10	30.44	56.22	3.809
2015-08-02 16:09:03.978	22431	21831	-66	-67	10	29.33	56.88	3.809
2015-08-02 16:31:33.851	22431	21831	-67	-68	10	29.85	55.76	3.809
2015-08-02 17:02:36.878	22431	21831	-67	-72	10
2015-08-02 17:11:44.91	22431	21831	-70	-70	10	29.04	56.72	3.809
2015-08-02 17:18:12.467	22431	21831	-68	-67	10
2015-08-02 17:36:01.406	22431	21831	-68	-68	10	28.86	56.69	3.809
2015-08-02 18:16:19.062	22431	21831	-69	-70	10	28.8	56.62	3.811
2015-08-02 18:27:34.402	22431	21831	-66	-69	10
2015-08-02 18:38:10.13	22431	21831	-68	-67	10	27.99	57.57	3.811
2015-08-02 19:03:23.611	22431	21831	-67	-73	10	28.26	57.01	3.809
2015-08-02 19:07:54.886	22431	21831	-72	-67	10
2015-08-02 19:44:10.746	22431	21831	-66	-68	10	27.38	58.06	3.809
2015-08-02 19:52:31.35	22431	21831	-68	-70	10
2015-08-02 19:59:05.352	22431	21831	-66	-68	10	26.97	58.59	3.811
2015-08-02 20:41:40.814	22431	21831	-67	-69	10	26.1	59.69	3.809
2015-08-02 20:57:33.707	22431	21831	-65	-66	10
2015-08-02 21:15:56.203	22431	21831	-66	-65	10	25.61	60.34	3.807
2015-08-02 21:17:28.855	22431	21831	-67	-68	10
2015-08-02 21:43:21.374	22431	21831	-66	-67	10	25.35	60.79	3.808
2015-08-02 22:01:26.35	22431	21831	-66	-66	10	25.13	61.15	3.808
2015-08-02 23:10:08.094	22431	21831	-66	-66	10	24.52	62.04	3.807
2015-08-03 00:36:56.256	22431	21831	-67	-65	10
2015-08-03 01:29:22.294	22431	21831	-67	-75	10	23.57	62.81	3.807
2015-08-03 03:18:06.046	22431	21831	-64	-67	10	21.63	65.66	3.804
2015-08-03 04:22:16.886	22431	21831	-65	-64	10
2015-08-03 06:06:00.114	22431	21831	-64	-64	10
2015-08-03 07:41:02.319	22431	21831	-64	-65	10	19.58	69.25	3.801
2015-08-03 09:28:40.578	22431	21831	-65	-65	10	21.38	69.89	3.802
2015-08-03 10:46:52.987	22431	21831	-65	-64	10	23.08	67.35	3.803
2015-08-03 11:58:16.159	22431	21831	-68	-69	10	26.32	62.09	3.803
2015-08-03 12:52:02.25	22431	21831	-66	-68	10
2015-08-03 14:16:59.446	22431	21831	-66	-66	10
2015-08-03 15:41:57.283	22431	21831	-68	-68	10
2015-08-03 18:29:08.366	22431	21831	-67	-64	10	24.02	66.53	3.804
2015-08-03 18:53:47.495	22431	21831	-66	-69	10
2015-08-03 20:46:23.487	22431	21831	-66	-67	10	20.74	75.16	3.803
2015-08-03 21:17:46.243	22431	21831	-68	-69	10	20.53	74.36	3.803
2015-08-03 21:21:47.486	22431	21831	-70	-69	10
2015-08-03 21:41:06.762	22431	21831	-69	-70	10	20.43	74.37	3.792
2015-08-03 22:19:13.214	22431	21831	-66	-68	10	20.36	75.0	3.802
2015-08-03 22:33:09.987	22431	21831	-68	-68	10
2015-08-03 22:45:52.322	22431	21831	-66	-68	10	20.33	74.92	3.801
2015-08-03 22:46:46.371	22431	21831	-67	-68	10
2015-08-03 23:00:35.543	22431	21831	-66	-67	10	20.22	75.89	3.802
2015-08-03 23:47:56.751	22431	21831	-65	-64	10	19.45	76.69	3.802
2015-08-04 00:04:04.69	22431	21831	-66	-66	10	19.22	76.56	3.79
2015-08-04 00:11:42.742	22431	21831	-66	-66	10
2015-08-04 00:22:52.099	22431	21831	-65	-66	10
2015-08-04 00:45:47.29	22431	21831	-66	-67	10	19.11	77.67	3.801
2015-08-04 01:17:38.287	22431	21831	-64	-66	10	19.14	79.63	3.798
2015-08-04 01:36:40.703	22431	21831	-65	-66	10
2015-08-04 01:47:38.734	22431	21831	-65	-68	10	19.08	78.71	3.798
2015-08-04 02:06:27.142	22431	21831	-65	-65	10	18.83	78.58	3.8
2015-08-04 02:12:33.743	22431	21831	-65	-66	10
2015-08-04 02:44:48.702	22431	21831	-65	-66	10	18.46	78.4	3.798
2015-08-04 03:01:40.543	22431	21831	-64	-66	10
2015-08-04 03:02:50.062	22431	21831	-65	-65	10	18.43	78.24	3.798
2015-08-04 03:36:04.023	22431	21831	-66	-66	10	18.22	78.24	3.797
2015-08-04 03:59:40.702	22431	21831	-68	-67	10	17.89	78.46	3.798
2015-08-04 04:02:12.815	22431	21831	-67	-67	10
2015-08-04 04:26:35.315	22431	21831	-66	-68	10
2015-08-04 04:37:06.058	22431	21831	-67	-67	10	17.42	79.08	3.797
2015-08-04 05:09:58.258	22431	21831	-66	-66	10	17.33	78.81	3.797
2015-08-04 05:43:04.067	22431	21831	-66	-67	10	17.2	79.11	3.796
2015-08-04 05:51:33.314	22431	21831	-65	-66	10
2015-08-04 05:51:57.435	22431	21831	-65	-66	10
2015-08-04 06:02:34.351	22431	21831	-65	-66	10	17.7	78.55	3.796
2015-08-04 06:34:59.943	22431	21831	-64	-65	10	17.7	78.96	3.796
2015-08-04 07:04:01.467	22431	21831	-65	-66	10	17.57	79.35	3.795
2015-08-04 07:16:31.294	22431	21831	-64	-65	10
2015-08-04 07:41:35.462	22431	21831	-65	-64	10
2015-08-04 07:42:25.155	22431	21831	-65	-66	10	17.53	79.95	3.8
2015-08-04 08:14:16.991	22431	21831	-66	-64	10	17.74	79.84	3.785
2015-08-04 08:31:19.386	22431	21831	-66	-65	10	18.0	80.16	3.796
2015-08-04 08:41:28.354	22431	21831	-66	-66	10
2015-08-04 09:16:50.522	22431	21831	-66	-66	10	18.89	78.72	3.795
2015-08-04 09:28:50.134	22431	21831	-66	-65	10	19.29	78.23	3.795
2015-08-04 09:31:16.966	22431	21831	-63	-64	10
2015-08-04 10:02:20.118	22431	21831	-64	-63	10	20.7	76.44	3.796
2015-08-04 10:06:25.81	22431	21831	-64	-65	10
2015-08-04 11:45:37.586	22431	21831	-63	-65	10	24.58	70.17	3.797
2015-08-04 12:42:59.446	22431	21831	-64	-64	10	25.94	67.5	3.797
2015-08-04 12:56:20.898	22431	21831	-64	-64	10
2015-08-04 13:10:38.359	22431	21831	-64	-64	10
2015-08-04 13:17:29.574	22431	21831	-66	-66	10	26.63	65.57	3.798
2015-08-04 13:40:41.09	22431	21831	-65	-64	10	26.88	64.01	3.798
2015-08-04 15:18:03.25	22431	21831	-68	-65	10	29.22	57.53	3.801
2015-08-04 15:26:56.791	22431	21831	-65	-66	10	28.22	59.15	3.801
2015-08-04 15:46:16.942	22431	21831	-66	-64	10
2015-08-04 16:01:23.799	22431	21831	-65	-66	10	27.94	58.24	3.801
2015-08-04 16:35:39.034	22431	21831	-66	-65	10	27.52	58.55	3.801
2015-08-04 16:50:01.663	22431	21831	-67	-67	10
2015-08-04 17:11:13.69	22431	21831	-69	-66	10
2015-08-04 17:14:28.262	22431	21831	-64	-65	10	27.27	57.93	3.801
2015-08-04 17:29:35.01	22431	21831	-66	-66	10	27.22	58.23	3.802
2015-08-04 18:03:30.498	22431	21831	-66	-67	10	26.83	58.2	3.802
2015-08-04 18:36:12.838	22431	21831	-66	-65	10
2015-08-04 18:39:44.015	22431	21831	-67	-66	10
2015-08-04 18:42:12.699	22431	21831	-65	-67	10	26.3	58.21	3.802
2015-08-04 19:17:54.614	22431	21831	-67	-66	10	25.51	59.14	3.802
2015-08-04 19:38:48.636	22431	21831	-66	-65	10	25.01	59.98	3.801
2015-08-04 20:01:09.391	22431	21831	-65	-66	10
2015-08-04 20:02:33.826	22431	21831	-66	-65	10	23.93	61.29	3.801
2015-08-04 20:29:23.679	22431	21831	-65	-65	10
2015-08-04 20:35:10.195	22431	21831	-65	-65	10	22.03	63.54	3.791
2015-08-04 21:08:02.403	22431	21831	-65	-65	10	21.02	64.6	3.8
2015-08-04 22:06:14.266	22431	21831	-64	-64	10	19.61	66.37	3.798
2015-08-04 23:48:43.694	22431	21831	-64	-64	10	18.08	68.48	3.796
2015-08-05 00:16:00.65	22431	21831	-64	-64	10
2015-08-05 01:01:59.57	22431	21831	-64	-64	10	17.25	69.77	3.786
2015-08-05 01:58:26.494	22431	21831	-64	-63	10
2015-08-05 02:42:57.834	22431	21831	-64	-64	10	16.79	70.32	3.78
2015-08-05 05:55:51.143	22431	21831	-63	-63	10
2015-08-05 06:57:45.431	22431	21831	-63	-63	10	15.47	72.7	3.792
2015-08-05 07:27:29.758	22431	21831	-64	-63	10
2015-08-05 09:05:58.446	22431	21831	-66	-65	10	20.15	69.44	3.791
2015-08-05 09:17:10.991	22431	21831	-66	-65	10
2015-08-05 09:37:52.842	22431	21831	-66	-65	10	21.33	68.87	3.791
2015-08-05 09:59:35.486	22431	21831	-65	-65	10	22.36	68.06	3.793
2015-08-05 10:10:44.279	22431	21831	-66	-66	10
2015-08-05 10:31:10.583	22431	21831	-65	-65	10	22.76	68.1	3.795
2015-08-05 11:06:52.591	22431	21831	-64	-65	10
2015-08-05 11:11:10.287	22431	21831	-66	-64	10	23.86	66.68	3.795
2015-08-05 11:29:49.399	22431	21831	-66	-65	10	24.63	64.97	3.795
2015-08-05 12:56:33.483	22431	21831	-65	-71	10
2015-08-05 18:25:37.762	22431	21831	-67	-66	10
2015-08-05 20:15:18.538	22431	21831	-66	-66	10
2015-08-05 23:12:16.738	22431	21831	-66	-65	10	17.43	66.56	3.792
2015-08-05 23:54:39.97	22431	21831	-65	-64	10
2015-08-06 02:18:43.071	22431	21831	-64	-64	10	15.83	68.93	3.79
2015-08-06 03:42:47.351	22431	21831	-65	-64	10	14.83	70.28	3.789
2015-08-06 05:03:00.03	22431	21831	-64	-65	10	14.5	71.17	3.789
2015-08-06 05:23:43.434	22431	21831	-65	-65	10
2015-08-06 05:43:10.246	22431	21831	-64	-64	10	14.07	71.76	3.787
2015-08-06 07:13:24.862	22431	21831	-64	-64	10
2015-08-06 08:33:26.346	22431	21831	-65	-64	10	16.24	70.95	3.786
2015-08-06 09:03:05.146	22431	21831	-66	-64	10
2015-08-06 12:18:03.619	22431	21831	-66	-66	10	20.96	68.71	3.789
2015-08-06 12:33:01.934	22431	21831	-65	-64	10	20.78	68.94	3.787
2015-08-06 12:42:28.49	22431	21831	-66	-66	10
2015-08-06 13:04:44.554	22431	21831	-66	-66	10	20.69	69.09	3.789
2015-08-06 13:04:58.227	22431	21831	-66	-65	10
2015-08-06 13:32:50.838	22431	21831	-65	-67	10	20.92	68.96	3.789
2015-08-06 14:29:56.626	22431	21831	-66	-66	10
2015-08-06 14:33:42.03	22431	21831	-66	-66	10	20.81	69.2	3.789
2015-08-06 14:58:25.698	22431	21831	-66	-65	10	20.65	69.48	3.789
2015-08-06 17:38:20.294	22431	21831	-66	-66	10	21.08	69.56	3.789
2015-08-06 19:15:08.578	22431	21831	-65	-64	10	20.88	69.74	3.789
2015-08-06 20:13:14.974	22431	21831	-66	-66	10	19.5	71.27	3.787
2015-08-07 00:46:47.215	22431	21831	-64	-64	10	16.92	73.95	3.785
2015-08-07 02:36:34.302	22431	21831	-64	-65	10	15.54	76.18	3.786
2015-08-07 05:17:11.619	22431	21831	-65	-65	10	14.88	76.95	3.786
2015-08-07 06:39:32.114	22431	21831	-65	-65	10	14.61	77.85	3.781
2015-08-07 06:59:18.939	22431	21831	-65	-64	10
2015-08-07 07:02:41.815	22431	21831	-65	-65	10	14.72	77.97	3.782
2015-08-07 07:29:26.386	22431	21831	-65	-65	10
2015-08-07 07:30:49.942	22431	21831	-65	-64	10	15.11	78.0	3.781
2015-08-07 07:56:46.539	22431	21831	-65	-64	10	15.64	77.68	3.782
2015-08-07 08:36:20.195	22431	21831	-65	-65	10	17.13	76.45	3.781
2015-08-07 08:54:24.075	22431	21831	-65	-65	10
2015-08-07 10:13:57.551	22431	21831	-65	-66	10	20.77	73.13	3.785
2015-08-07 11:18:53.767	22431	21831	-66	-65	10	22.97	70.94	3.785
2015-08-07 11:44:22.33	22431	21831	-66	-66	10
2015-08-07 11:46:42.462	22431	21831	-67	-66	10	23.97	69.83	3.784
2015-08-07 12:18:11.783	22431	21831	-66	-67	10	25.29	67.74	3.786
2015-08-07 12:28:22.77	22431	21831	-66	-66	10
2015-08-07 12:31:15.995	22431	21831	-66	-66	10	25.41	67.61	3.787
2015-08-07 13:09:16.65	22431	21831	-67	-65	10
2015-08-07 13:12:30.914	22431	21831	-66	-66	10	25.05	68.01	3.789
2015-08-07 13:32:03.35	22431	21831	-66	-66	10	24.66	68.58	3.789
2015-08-07 14:34:15.579	22431	21831	-67	-66	10
2015-08-07 14:43:30.547	22431	21831	-66	-66	10	24.54	68.99	3.79
2015-08-07 15:03:21.751	22431	21831	-67	-68	10	24.74	68.48	3.789
2015-08-07 17:01:51.551	22431	21831	-65	-66	10	23.6	70.35	3.791
2015-08-07 17:24:08.819	22431	21831	-66	-65	10
2015-08-07 17:42:09.206	22431	21831	-64	-66	10	23.76	70.1	3.79
2015-08-07 17:57:26.451	22431	21831	-66	-64	10
2015-08-07 17:57:30.878	22431	21831	-66	-65	10	23.67	70.28	3.79
2015-08-07 18:31:39.578	22431	21831	-65	-65	10	23.72	70.26	3.79
2015-08-07 18:49:07.254	22431	21831	-67	-64	10
2015-08-07 19:04:58.958	22431	21831	-66	-66	10	23.65	70.42	3.791
2015-08-07 19:29:52.399	22431	21831	-66	-65	10	23.21	71.01	3.791
2015-08-07 19:47:06.743	22431	21831	-66	-66	10
2015-08-07 20:10:50.283	22431	21831	-65	-66	10	22.54	71.73	3.789
2015-08-07 20:14:05.891	22431	21831	-65	-65	10
2015-08-07 20:41:03.527	22431	21831	-65	-66	10	21.65	72.72	3.79
2015-08-07 21:06:11.41	22431	21831	-65	-65	10	20.97	73.39	3.789
2015-08-07 21:36:47.975	22431	21831	-65	-64	10
2015-08-07 21:39:02.223	22431	21831	-64	-64	10
2015-08-07 21:47:59.594	22431	21831	-65	-64	10	19.97	74.15	3.787
2015-08-07 21:57:04.275	22431	21831	-64	-64	10	19.82	74.33	3.789
2015-08-07 22:46:23.874	22431	21831	-64	-64	10	19.03	74.87	3.787
2015-08-07 23:00:05.091	22431	21831	-64	-64	10	18.85	75.0	3.787
2015-08-07 23:04:00.111	22431	21831	-65	-64	10
2015-08-07 23:26:28.947	22431	21831	-64	-66	10
2015-08-07 23:45:51.042	22431	21831	-64	-64	10	18.35	75.46	3.787
2015-08-07 23:59:47.487	22431	21831	-65	-64	10	18.25	75.57	3.787
2015-08-08 00:28:57.43	22431	21831	-66	-64	10
2015-08-08 00:37:07.587	22431	21831	-64	-64	10	17.88	76.03	3.789
2015-08-08 01:14:59.739	22431	21831	-64	-64	10	17.61	76.47	3.786
2015-08-08 01:16:10.867	22431	21831	-64	-64	10
2015-08-08 01:40:20.083	22431	21831	-64	-64	10	17.6	76.55	3.787
2015-08-08 01:53:54.306	22431	21831	-64	-64	10
2015-08-08 02:02:27.694	22431	21831	-64	-64	10	17.65	76.45	3.786
2015-08-08 02:37:40.942	22431	21831	-64	-64	10	17.6	76.6	3.785
2015-08-08 03:05:52.042	22431	21831	-64	-64	10
2015-08-08 03:14:31.846	22431	21831	-64	-64	10	17.57	76.7	3.786
2015-08-08 03:18:55.92	22431	21831	-64	-64	10
2015-08-08 03:35:58.863	22431	21831	-64	-64	10	17.58	76.73	3.785
2015-08-08 04:16:25.022	22431	21831	-64	-64	10	17.72	76.73	3.785
2015-08-08 04:39:08.511	22431	21831	-64	-64	10	17.81	76.64	3.785
2015-08-08 04:43:49.882	22431	21831	-64	-64	10
2015-08-08 04:55:33.454	22431	21831	-64	-64	10
2015-08-08 05:11:15.058	22431	21831	-64	-65	10	17.72	76.94	3.784
2015-08-08 05:42:20.814	22431	21831	-64	-64	10	17.5	77.31	3.784
2015-08-08 06:08:47.786	22431	21831	-64	-64	10
2015-08-08 06:09:21.102	22431	21831	-66	-65	10	17.43	77.51	3.784
2015-08-08 06:45:16.986	22431	21831	-64	-64	10
2015-08-08 06:47:43.73	22431	21831	-64	-64	10	17.4	77.81	3.784
2015-08-08 07:06:34.874	22431	21831	-64	-64	10	17.33	78.01	3.785
2015-08-08 07:33:45.242	22431	21831	-64	-64	10
2015-08-08 07:45:47.642	22431	21831	-64	-64	10	17.56	77.79	3.785
2015-08-08 08:00:26.374	22431	21831	-64	-65	10	17.83	77.57	3.784
2015-08-08 08:34:55.202	22431	21831	-65	-64	10
2015-08-08 08:47:14.547	22431	21831	-65	-64	10	19.36	76.19	3.784
2015-08-08 08:58:44.558	22431	21831	-63	-64	10
2015-08-08 09:08:11.999	22431	21831	-63	-63	10	20.53	75.04	3.785
2015-08-08 09:37:54.602	22431	21831	-64	-65	10	21.64	74.2	3.785
2015-08-08 12:46:43.887	22431	21831	-66	-67	10	26.9	68.22	3.79
2015-08-08 15:41:29.935	22431	21831	-66	-66	10	26.04	69.51	3.79
2015-08-08 15:53:39.374	22431	21831	-66	-66	10
2015-08-08 16:03:30.51	22431	21831	-67	-66	10
2015-08-08 16:18:41.503	22431	21831	-68	-66	10	26.61	68.61	3.792
2015-08-08 16:40:13.814	22431	21831	-67	-68	10	27.15	67.98	3.792
2015-08-08 17:17:15.746	22431	21831	-67	-66	10	25.96	70.04	3.793
2015-08-08 17:28:28.414	22431	21831	-66	-66	10
2015-08-08 17:32:47.65	22431	21831	-67	-67	10	26.13	69.79	3.793
2015-08-08 17:43:21.25	22431	21831	-66	-66	10
2015-08-08 18:18:25.674	22431	21831	-66	-67	10	24.97	71.2	3.792
2015-08-08 18:29:36.122	22431	21831	-68	-66	10	24.72	71.46	3.792
2015-08-08 18:53:25.682	22431	21831	-66	-66	10
2015-08-08 19:02:30.51	22431	21831	-66	-66	10	24.0	72.28	3.793
2015-08-08 19:29:38.99	22431	21831	-66	-66	10	23.74	72.51	3.792
2015-08-08 19:33:02.486	22431	21831	-66	-66	10
2015-08-08 20:08:47.551	22431	21831	-66	-66	10	23.28	72.98	3.792
2015-08-08 20:18:22.754	22431	21831	-66	-66	10
2015-08-08 20:41:59.914	22431	21831	-66	-66	10	22.68	73.69	3.792
2015-08-08 21:10:47.511	22431	21831	-66	-66	10	22.07	74.39	3.79
2015-08-08 21:22:43.875	22431	21831	-66	-65	10
2015-08-08 21:32:38.386	22431	21831	-66	-65	10	21.96	74.43	3.792
2015-08-08 21:43:20.679	22431	21831	-66	-66	10
2015-08-08 22:05:28.486	22431	21831	-67	-66	10	21.35	75.12	3.79
2015-08-08 23:12:24.69	22431	21831	-65	-66	10
2015-08-09 01:08:07.067	22431	21831	-66	-65	10	20.52	76.14	3.79
2015-08-09 01:27:10.867	22431	21831	-66	-66	10	20.39	76.3	3.791
2015-08-09 01:58:13.25	22431	21831	-66	-66	10
2015-08-09 02:17:35.055	22431	21831	-65	-66	10	20.22	76.5	3.79
2015-08-09 02:40:25.762	22431	21831	-65	-65	10	20.2	76.52	3.789
2015-08-09 02:51:47.018	22431	21831	-65	-65	10
2015-08-09 03:18:35.638	22431	21831	-65	-65	10	20.0	76.78	3.789
2015-08-09 06:12:27.722	22431	21831	-65	-65	10	18.79	78.31	3.789
2015-08-09 06:13:06.363	22431	21831	-65	-65	10
2015-08-09 06:31:08.567	22431	21831	-64	-65	10
2015-08-09 06:39:05.647	22431	21831	-65	-65	10	18.61	78.48	3.787
2015-08-09 07:14:26.578	22431	21831	-65	-65	10	18.77	78.23	3.786
2015-08-09 07:31:58.422	22431	21831	-66	-64	10	18.83	78.16	3.786
2015-08-09 07:38:03.302	22431	21831	-65	-65	10
2015-08-09 08:20:49.566	22431	21831	-66	-65	10
2015-08-09 10:18:18.727	22431	21831	-67	-67	10	24.44	73.45	3.789
2015-08-09 13:17:53.798	22431	21831	-68	-66	10
2015-08-09 14:42:51.346	22431	21831	-66	-65	10
2015-08-09 17:07:46.927	22431	21831	-66	-65	10	28.41	66.43	3.796
2015-08-09 18:14:44.483	22431	21831	-66	-67	10	27.19	68.13	3.795
2015-08-09 18:57:44.554	22431	21831	-67	-66	10
2015-08-09 19:03:00.847	22431	21831	-66	-66	10	26.11	69.53	3.793
2015-08-09 19:18:56.535	22431	21831	-66	-66	10
2015-08-09 19:28:38.374	22431	21831	-66	-66	10	25.38	70.48	3.795
2015-08-09 20:04:16.427	22431	21831	-66	-66	10	24.36	71.51	3.795
2015-08-09 20:22:41.506	22431	21831	-66	-66	10
2015-08-09 20:27:40.943	22431	21831	-66	-66	10	23.7	72.14	3.793
2015-08-09 21:00:30.883	22431	21831	-66	-66	10	22.95	72.75	3.792
2015-08-09 21:08:38.03	22431	21831	-66	-66	10
2015-08-09 21:43:14.798	22431	21831	-66	-66	10	22.07	73.52	3.791
2015-08-09 21:47:39.435	22431	21831	-66	-66	10
2015-08-09 22:06:54.635	22431	21831	-66	-66	10	21.72	73.78	3.792
2015-08-09 22:46:31.199	22431	21831	-66	-65	10	21.26	74.23	3.792
2015-08-09 22:58:18.402	22431	21831	-66	-66	10
2015-08-09 23:04:49.903	22431	21831	-66	-66	10	21.04	74.49	3.791
2015-08-09 23:12:38.002	22431	21831	-66	-66	10
2015-08-09 23:31:57.562	22431	21831	-66	-66	10	20.9	74.71	3.791
2015-08-10 01:07:11.947	22431	21831	-66	-65	10	20.72	75.05	3.791
2015-08-10 03:27:29.202	22431	21831	-65	-66	10
2015-08-10 04:38:35.719	22431	21831	-64	-65	10	19.04	77.26	3.787
2015-08-10 06:12:27.426	22431	21831	-65	-65	10	18.77	77.73	3.787
2015-08-10 06:17:03.646	22431	21831	-65	-65	10
2015-08-10 06:17:24.438	22431	21831	-65	-64	10
2015-08-10 06:39:25.806	22431	21831	-65	-65	10	18.63	77.86	3.787
2015-08-10 07:06:49.679	22431	21831	-65	-64	10	18.61	77.94	3.786
2015-08-10 07:27:11.055	22431	21831	-65	-65	10	18.72	77.88	3.787
2015-08-10 07:42:22.075	22431	21831	-65	-65	10
2015-08-10 08:06:44.718	22431	21831	-65	-65	10
2015-08-10 08:12:51.559	22431	21831	-65	-65	10	19.83	76.9	3.786
2015-08-10 08:39:11.991	22431	21831	-65	-65	10	21.04	76.27	3.778
2015-08-10 09:07:20.431	22431	21831	-66	-65	10
2015-08-10 09:18:11.435	22431	21831	-67	-65	10	22.92	74.94	3.787
2015-08-10 09:38:55.478	22431	21831	-66	-66	10	23.93	74.15	3.787
2015-08-10 09:56:26.327	22431	21831	-66	-66	10
2015-08-10 10:00:30.495	22431	21831	-65	-66	10	25.19	73.26	3.789
2015-08-10 10:32:16.694	22431	21831	-64	-64	10
2015-08-10 10:43:07.53	22431	21831	-70	-64	10	27.38	70.76	3.791
2015-08-10 11:11:52.083	22431	21831	-65	-67	10	28.51	68.77	3.791
2015-08-10 11:32:55.606	22431	21831	-69	-65	10	28.74	68.46	3.791
2015-08-10 11:46:05.923	22431	21831	-64	-67	10
2015-08-10 11:57:16.05	22431	21831	-67	-64	10
2015-08-10 12:18:02.638	22431	21831	-67	-66	10	26.52	70.95	3.792
2015-08-10 12:43:32.307	22431	21831	-67	-66	10	26.27	71.53	3.793
2015-08-10 13:14:07.426	22431	21831	-66	-66	10	25.93	71.97	3.791
2015-08-10 13:22:12.838	22431	21831	-67	-66	10
2015-08-10 13:35:09.299	22431	21831	-67	-66	10	26.22	71.57	3.791
2015-08-10 13:35:48.643	22431	21831	-67	-66	10
2015-08-10 13:57:15.051	22431	21831	-66	-67	10	27.24	70.39	3.792
2015-08-10 14:46:12.494	22431	21831	-64	-66	10	28.11	69.08	3.792
2015-08-10 14:47:10.706	22431	21831	-65	-64	10
2015-08-10 15:09:52.619	22431	21831	-65	-64	10	27.77	69.37	3.793
2015-08-10 15:25:29.039	22431	21831	-66	-66	10
2015-08-10 15:28:55.839	22431	21831	-65	-66	10	25.26	70.77	3.792
2015-08-10 16:10:06.283	22431	21831	-66	-66	10	24.39	72.69	3.791
2015-08-10 16:12:07.762	22431	21831	-66	-65	10
2015-08-10 16:43:30.746	22431	21831	-66	-66	10	26.04	70.6	3.792
2015-08-10 17:15:21.102	22431	21831	-66	-66	10
2015-08-10 17:17:09.666	22431	21831	-66	-66	10	26.33	70.91	3.79
2015-08-10 17:29:49.438	22431	21831	-65	-66	10	26.61	70.65	3.792
2015-08-10 18:47:19.791	22431	21831	-66	-66	10	25.83	72.49	3.792
2015-08-10 19:02:02.318	22431	21831	-66	-66	10
2015-08-10 19:04:51.927	22431	21831	-65	-65	10
2015-08-10 19:18:26.71	22431	21831	-66	-64	10	25.61	72.98	3.792
2015-08-10 19:33:35.758	22431	21831	-66	-65	10	25.4	73.24	3.792
2015-08-10 20:13:07.29	22431	21831	-66	-66	10	24.61	74.45	3.792
2015-08-10 20:27:00.255	22431	21831	-65	-66	10
2015-08-10 20:42:06.95	22431	21831	-66	-65	10	24.44	74.91	3.792
2015-08-10 20:54:32.73	22431	21831	-65	-66	10
2015-08-10 21:09:57.219	22431	21831	-66	-65	10	24.15	75.35	3.792
2015-08-10 21:51:57.302	22431	21831	-67	-68	10
2015-08-10 22:06:03.326	22431	21831	-66	-67	10	24.54	74.74	3.792
2015-08-10 22:37:03.739	22431	21831	-66	-66	10	24.22	75.28	3.791
2015-08-10 22:44:13.678	22431	21831	-66	-66	10
2015-08-10 23:03:35.722	22431	21831	-66	-66	10	23.79	75.69	3.791
2015-08-10 23:59:27.482	22431	21831	-67	-66	10	22.83	77.06	3.79
2015-08-11 00:27:41.666	22431	21831	-66	-64	10	22.06	78.05	3.79
2015-08-11 00:33:55.079	22431	21831	-64	-64	10
2015-08-11 00:41:53.008	22431	21831	-66	-64	10
2015-08-11 01:10:37.175	22431	21831	-65	-66	10	21.9	78.17	3.79
2015-08-11 01:41:31.978	22431	21831	-66	-64	10	21.93	78.18	3.79
2015-08-11 02:06:51.238	22431	21831	-66	-66	10
2015-08-11 03:03:33.599	22431	21831	-68	-66	10	21.61	79.61	3.786
2015-08-11 03:31:48.074	22431	21831	-64	-67	10
2015-08-11 03:42:26.758	22431	21831	-66	-65	10	21.29	79.96	3.789
2015-08-11 04:09:59.254	22431	21831	-66	-64	10	21.13	80.26	3.789
2015-08-11 04:13:17.307	22431	21831	-65	-66	10
2015-08-11 04:27:59.95	22431	21831	-64	-64	10	20.99	80.46	3.789
2015-08-11 04:56:45.874	22431	21831	-64	-64	10
2015-08-11 04:57:41.19	22431	21831	-65	-64	10	20.97	80.38	3.789
2015-08-11 05:47:36.026	22431	21831	-65	-65	10	21.03	80.24	3.789
2015-08-11 06:02:58.655	22431	21831	-64	-65	10
2015-08-11 06:05:48.818	22431	21831	-65	-64	10	21.08	80.2	3.789
2015-08-11 06:21:42.926	22431	21831	-65	-64	10
2015-08-11 06:45:10.35	22431	21831	-67	-65	10	21.08	80.61	3.787
2015-08-11 07:07:43.482	22431	21831	-66	-65	10	20.9	80.88	3.789
2015-08-11 07:46:42.938	22431	21831	-66	-65	10
2015-08-11 07:47:41.551	22431	21831	-65	-66	10	20.79	81.27	3.787
2015-08-11 07:52:39.502	22431	21831	-64	-65	10
2015-08-11 08:08:05.382	22431	21831	-65	-64	10	20.81	81.2	3.787
2015-08-11 08:36:07.958	22431	21831	-65	-65	10	20.95	81.0	3.787
2015-08-11 08:56:51.675	22431	21831	-66	-66	10	21.13	80.86	3.779
2015-08-11 09:11:37.811	22431	21831	-65	-65	10
2015-08-11 09:42:19.855	22431	21831	-66	-66	10
2015-08-11 09:42:27.955	22431	21831	-65	-66	10	22.01	79.67	3.789
2015-08-11 10:14:14.067	22431	21831	-66	-66	10	22.57	79.63	3.786
2015-08-11 10:36:35.835	22431	21831	-66	-66	10
2015-08-11 10:40:29.651	22431	21831	-66	-66	10	23.29	78.51	3.787
2015-08-11 10:56:54.858	22431	21831	-65	-70	10	23.61	77.94	3.786
2015-08-11 11:32:02.255	22431	21831	-65	-68	10
2015-08-11 11:40:48.714	22431	21831	-65	-65	10	25.77	74.51	3.787
2015-08-11 12:01:32.539	22431	21831	-65	-64	10
2015-08-11 12:14:36.254	22431	21831	-65	-65	10	25.91	73.48	3.789
2015-08-11 13:21:42.72	22431	21831	-67	-68	10
2015-08-11 16:16:16.234	22431	21831	-67	-69	10	26.32	67.57	3.791
2015-08-11 16:16:29.767	22431	21831	-66	-66	10
2015-08-11 16:33:34.03	22431	21831	-67	-66	10	26.71	66.79	3.79
2015-08-11 17:01:14.826	22431	21831	-68	-66	10
2015-08-11 17:17:06.17	22431	21831	-65	-68	10	26.65	65.22	3.791
2015-08-11 17:33:21.27	22431	21831	-67	-65	10	26.74	64.4	3.793
2015-08-11 17:41:23.07	22431	21831	-67	-68	10
2015-08-11 18:18:34.254	22431	21831	-68	-67	10	24.91	67.09	3.79
2015-08-11 20:31:18.619	22431	21831	-67	-65	10
2015-08-11 21:30:24.295	22431	21831	-67	-67	10	19.95	73.22	3.786
2015-08-11 21:56:16.062	22431	21831	-66	-66	10
2015-08-11 21:58:47.494	22431	21831	-67	-66	10	19.39	73.6	3.787
2015-08-11 22:30:08.919	22431	21831	-66	-67	10
2015-08-11 22:45:56.206	22431	21831	-67	-66	10	18.57	74.46	3.784
2015-08-11 22:59:55.622	22431	21831	-66	-66	10	18.45	74.57	3.786
2015-08-11 23:21:13.518	22431	21831	-67	-66	10
2015-08-11 23:33:45.97	22431	21831	-66	-66	10	18.29	74.92	3.786
2015-08-12 00:06:21.011	22431	21831	-66	-66	10	18.07	75.32	3.786
2015-08-12 00:19:49.05	22431	21831	-66	-66	10
2015-08-12 00:33:03.323	22431	21831	-66	-66	10	17.72	76.21	3.784
2015-08-12 00:46:11.562	22431	21831	-66	-66	10
2015-08-12 01:06:47.01	22431	21831	-67	-66	10	17.47	76.34	3.784
2015-08-12 01:30:28.178	22431	21831	-67	-66	10	17.32	76.75	3.782
2015-08-12 02:08:29.142	22431	21831	-67	-66	10	16.96	77.46	3.784
2015-08-12 02:09:30.266	22431	21831	-67	-66	10
2015-08-12 02:11:08.747	22431	21831	-66	-66	10
2015-08-12 02:31:05.154	22431	21831	-66	-66	10	16.86	77.65	3.781
2015-08-12 03:18:37.578	22431	21831	-66	-64	10	16.75	78.22	3.781
2015-08-12 03:33:53.714	22431	21831	-67	-66	10	16.65	78.35	3.782
2015-08-12 03:36:06.622	22431	21831	-66	-66	10
2015-08-12 03:57:57.034	22431	21831	-65	-66	10	17.06	78.28	3.781
2015-08-12 03:59:11.622	22431	21831	-66	-65	10
2015-08-12 04:26:55.186	22431	21831	-66	-64	10	17.43	78.36	3.781
2015-08-12 05:01:03.523	22431	21831	-67	-66	10
2015-08-12 05:03:51.534	22431	21831	-65	-66	10	17.47	79.02	3.781
2015-08-12 05:33:37.599	22431	21831	-66	-66	10	17.18	79.62	3.782
2015-08-12 05:48:52.822	22431	21831	-66	-66	10
2015-08-12 06:09:34.23	22431	21831	-66	-66	10	16.82	80.33	3.781
2015-08-12 06:26:02.682	22431	21831	-66	-67	10
2015-08-12 06:45:48.199	22431	21831	-66	-66	10	16.45	80.53	3.78
2015-08-12 07:08:41.198	22431	21831	-66	-66	10	16.27	80.59	3.78
2015-08-12 07:28:25.63	22431	21831	-66	-66	10	16.29	80.52	3.78
2015-08-12 07:38:36.318	22431	21831	-67	-66	10
2015-08-12 07:50:59.651	22431	21831	-66	-66	10
2015-08-12 08:14:22.402	22431	21831	-66	-66	10	17.35	79.35	3.78
2015-08-12 08:48:52.411	22431	21831	-66	-66	10	18.57	78.16	3.78
2015-08-12 09:04:18.794	22431	21831	-68	-66	10	19.22	77.62	3.78
2015-08-12 09:15:56.846	22431	21831	-69	-66	10
2015-08-12 09:28:15.442	22431	21831	-66	-68	10
2015-08-12 09:28:45.734	22431	21831	-64	-66	10	20.65	76.3	3.781
2015-08-12 10:15:52.202	22431	21831	-67	-64	10	21.2	75.79	3.78
2015-08-12 10:27:23.378	22431	21831	-66	-67	10	21.31	75.84	3.784
2015-08-12 10:40:54.567	22431	21831	-68	-66	10
2015-08-12 11:08:06.49	22431	21831	-68	-67	10	22.76	73.29	3.781
2015-08-12 11:17:57.158	22431	21831	-68	-68	10
2015-08-12 11:37:05.386	22431	21831	-66	-68	10	23.88	71.62	3.781
2015-08-12 11:56:56.202	22431	21831	-69	-66	10	24.39	70.04	3.782
2015-08-12 12:05:51.73	22431	21831	-66	-68	10
2015-08-12 12:34:00.751	22431	21831	-67	-68	10	25.15	68.32	3.784
2015-08-12 13:01:43.71	22431	21831	-67	-66	10	25.44	67.59	3.774
2015-08-12 13:07:37.24	22431	21831	-70	-66	10
2015-08-12 13:30:49.438	22431	21831	-69	-66	10
2015-08-12 13:37:25.318	22431	21831	-68	-68	10	25.71	65.12	3.782
2015-08-12 14:06:11.027	22431	21831	-66	-66	10	24.8	65.82	3.784
2015-08-12 14:46:50.703	22431	21831	-66	-67	10	22.0	69.5	3.782
2015-08-12 14:55:48.77	22431	21831	-66	-66	10
2015-08-12 14:57:18.978	22431	21831	-67	-64	10
2015-08-12 15:13:28.807	22431	21831	-65	-64	10	24.47	65.71	3.784
2015-08-12 15:31:44.279	22431	21831	-67	-65	10	25.36	64.3	3.784
2015-08-12 15:58:34.662	22431	21831	-64	-66	10	24.82	65.32	3.785
2015-08-12 16:20:44.563	22431	21831	-66	-67	10
2015-08-12 16:46:59.507	22431	21831	-65	-67	10
2015-08-12 16:48:59.555	22431	21831	-66	-64	10	23.13	67.79	3.784
2015-08-12 17:18:44.879	22431	21831	-67	-66	10	23.72	66.34	3.784
2015-08-12 17:42:55.807	22431	21831	-66	-66	10	24.26	64.82	3.785
2015-08-12 18:07:41.099	22431	21831	-65	-65	10	24.0	64.75	3.784
2015-08-12 19:10:44.85	22431	21831	-68	-65	10
2015-08-12 19:36:24.442	22431	21831	-66	-66	10	21.99	67.33	3.784
2015-08-12 20:00:21.742	22431	21831	-67	-66	10	21.26	68.29	3.784
2015-08-12 20:26:22.055	22431	21831	-66	-66	10
2015-08-12 20:35:13.914	22431	21831	-67	-66	10	20.14	69.61	3.781
2015-08-12 20:35:36.734	22431	21831	-66	-66	10
2015-08-12 21:03:27.502	22431	21831	-66	-64	10	19.32	70.71	3.782
2015-08-12 21:34:10.471	22431	21831	-65	-66	10	18.47	71.95	3.781
2015-08-12 22:00:34.187	22431	21831	-64	-64	10
2015-08-12 22:03:12.935	22431	21831	-66	-64	10	18.29	72.41	3.781
2015-08-12 22:16:02.971	22431	21831	-66	-66	10
2015-08-12 22:30:25.734	22431	21831	-66	-66	10	18.15	72.3	3.78
2015-08-12 23:08:26.415	22431	21831	-66	-66	10	17.29	73.78	3.78
2015-08-12 23:25:31.946	22431	21831	-65	-64	10
2015-08-12 23:32:40.887	22431	21831	-64	-64	10	17.18	74.02	3.78
2015-08-13 00:02:04.003	22431	21831	-67	-65	10	16.25	74.9	3.768
2015-08-13 00:05:43.427	22431	21831	-66	-67	10
2015-08-13 00:31:36.687	22431	21831	-66	-66	10	15.29	75.58	3.779
2015-08-13 00:50:30.42	22431	21831	-66	-66	10
2015-08-13 01:15:04.27	22431	21831	-66	-66	10	14.42	76.05	3.778
2015-08-13 01:34:47.983	22431	21831	-66	-66	10	14.04	76.44	3.776
2015-08-13 01:55:25.407	22431	21831	-66	-66	10
2015-08-13 02:07:21.638	22431	21831	-66	-66	10	13.4	76.7	3.776
2015-08-13 02:15:27.226	22431	21831	-66	-66	10
2015-08-13 02:29:13.491	22431	21831	-66	-66	10	13.1	76.91	3.763
2015-08-13 03:16:00.662	22431	21831	-65	-65	10	12.54	77.18	3.776
2015-08-13 03:32:51.947	22431	21831	-65	-64	10	12.36	77.45	3.774
2015-08-13 03:40:25.283	22431	21831	-66	-65	10
2015-08-13 03:45:06.631	22431	21831	-65	-65	10
2015-08-13 04:02:18.599	22431	21831	-66	-65	10	12.25	77.45	3.775
2015-08-13 04:39:26.202	22431	21831	-66	-65	10	12.07	77.82	3.769
2015-08-13 05:05:24.402	22431	21831	-66	-65	10
2015-08-13 05:09:36.118	22431	21831	-66	-66	10	11.79	78.24	3.771
2015-08-13 05:30:44.855	22431	21831	-66	-66	10	11.74	78.38	3.773
2015-08-13 05:34:47.61	22431	21831	-65	-66	10
2015-08-13 06:15:53.375	22431	21831	-66	-65	10	11.74	78.6	3.773
2015-08-13 06:30:19.754	22431	21831	-65	-65	10
2015-08-13 06:31:01.839	22431	21831	-65	-65	10	11.7	78.59	3.773
2015-08-13 07:11:45.446	22431	21831	-65	-65	10	12.18	78.22	3.773
2015-08-13 07:24:28.87	22431	21831	-66	-65	10
2015-08-13 07:29:06.747	22431	21831	-66	-65	10	12.54	77.99	3.771
2015-08-13 07:55:18.21	22431	21831	-66	-66	10
2015-08-13 08:14:43.714	22431	21831	-66	-66	10	14.28	76.64	3.771
2015-08-13 08:30:49.738	22431	21831	-66	-67	10	14.82	76.34	3.774
2015-08-13 09:01:30.602	22431	21831	-65	-66	10	16.27	75.33	3.773
2015-08-13 09:14:09.842	22431	21831	-64	-64	10
2015-08-13 09:20:14.835	22431	21831	-65	-65	10
2015-08-13 09:34:24.982	22431	21831	-66	-64	10	17.96	73.99	3.773
2015-08-13 10:15:52.274	22431	21831	-68	-66	10	20.25	71.74	3.775
2015-08-13 10:29:30.57	22431	21831	-67	-67	10	20.65	71.49	3.776
2015-08-13 10:45:12.854	22431	21831	-66	-66	10
2015-08-13 10:58:36.447	22431	21831	-65	-66	10	22.47	69.39	3.775
2015-08-13 11:03:51.824	22431	21831	-66	-64	10
2015-08-13 11:39:53.31	22431	21831	-65	-66	10	22.61	69.55	3.778
2015-08-13 12:05:54.878	22431	21831	-65	-66	10	23.36	68.55	3.778
2015-08-13 12:10:11.35	22431	21831	-66	-65	10
2015-08-13 12:35:15.691	22431	21831	-66	-67	10	24.93	65.78	3.778
2015-08-13 12:53:32.042	22431	21831	-66	-65	10
2015-08-13 13:15:19.131	22431	21831	-67	-67	10	24.29	66.61	3.779
2015-08-13 13:32:31.855	22431	21831	-66	-66	10	24.94	64.99	3.779
2015-08-13 13:35:08.299	22431	21831	-66	-64	10
2015-08-13 14:06:09.89	22431	21831	-67	-65	10	25.05	64.16	3.779
2015-08-13 14:42:50.287	22431	21831	-66	-66	10	23.97	66.0	3.78
2015-08-13 14:43:12.934	22431	21831	-66	-65	10
2015-08-13 15:00:05.55	22431	21831	-65	-66	10
2015-08-13 15:02:58.587	22431	21831	-65	-64	10	25.27	63.09	3.781
2015-08-13 15:33:28.918	22431	21831	-67	-65	10	23.92	65.9	3.779
2015-08-13 16:04:27.348	22431	21831	-66	-66	10	25.99	63.15	3.78
2015-08-13 16:25:03.327	22431	21831	-66	-66	10
2015-08-13 16:32:54.57	22431	21831	-66	-66	10
2015-08-13 16:33:16.151	22431	21831	-66	-66	10	25.69	63.01	3.781
2015-08-13 17:12:26.831	22431	21831	-65	-65	10	25.8	62.61	3.78
2015-08-13 17:38:01.995	22431	21831	-66	-65	10	26.13	61.91	3.78
2015-08-13 17:50:00.883	22431	21831	-71	-66	10
2015-08-13 18:03:17.162	22431	21831	-67	-70	10	25.24	62.79	3.784
2015-08-13 18:22:35.579	22431	21831	-66	-66	10
2015-08-13 18:37:30.654	22431	21831	-67	-66	10	24.77	63.9	3.782
2015-08-13 19:14:21.126	22431	21831	-66	-66	10	24.36	64.84	3.782
2015-08-13 19:14:58.683	22431	21831	-66	-66	10
2015-08-13 19:29:32.219	22431	21831	-66	-66	10	23.59	65.79	3.782
2015-08-13 20:08:44.144	22431	21831	-66	-67	10	21.75	67.92	3.781
2015-08-13 20:12:16.835	22431	21831	-66	-65	10
2015-08-13 20:31:39.758	22431	21831	-65	-66	10	20.68	69.0	3.781
2015-08-13 20:39:56.118	22431	21831	-65	-65	10
2015-08-13 21:15:11.391	22431	21831	-65	-65	10	19.56	69.86	3.78
2015-08-13 21:42:48.166	22431	21831	-65	-66	10	19.07	70.16	3.779
2015-08-13 21:59:02.482	22431	21831	-65	-65	10	18.75	70.49	3.779
2015-08-13 22:01:57.723	22431	21831	-65	-65	10
2015-08-13 22:04:54.158	22431	21831	-65	-65	10
2015-08-13 22:27:20.27	22431	21831	-65	-65	10	18.65	70.56	3.778
2015-08-13 23:06:07.275	22431	21831	-66	-66	10	18.24	71.0	3.778
2015-08-13 23:29:50.186	22431	21831	-66	-66	10
2015-08-13 23:44:28.027	22431	21831	-66	-65	10	17.96	71.36	3.769
2015-08-13 23:51:38.926	22431	21831	-66	-65	10
2015-08-13 23:58:58.746	22431	21831	-66	-65	10	17.79	71.55	3.778
2015-08-14 00:43:29.79	22431	21831	-66	-66	10	17.52	71.96	3.778
2015-08-14 00:54:48.954	22431	21831	-66	-66	10
2015-08-14 01:03:37.798	22431	21831	-66	-66	10	17.22	72.34	3.776
2015-08-14 01:40:53.558	22431	21831	-66	-65	10	17.03	72.65	3.776
2015-08-14 01:41:18.991	22431	21831	-66	-66	10
2015-08-14 02:12:20.718	22431	21831	-65	-66	10	16.78	72.95	3.778
2015-08-14 02:19:45.69	22431	21831	-65	-65	10
2015-08-14 02:45:36.602	22431	21831	-65	-66	10	16.57	73.21	3.775
2015-08-14 03:00:47.874	22431	21831	-65	-65	10	16.43	73.4	3.776
2015-08-14 03:31:01.658	22431	21831	-66	-66	10
2015-08-14 03:38:09.891	22431	21831	-64	-65	10	16.24	74.0	3.776
2015-08-14 03:44:44.178	22431	21831	-65	-65	10
2015-08-14 04:05:07.222	22431	21831	-66	-66	10	16.14	74.06	3.774
2015-08-14 04:45:55.51	22431	21831	-66	-66	10	15.78	74.54	3.775
2015-08-14 05:09:40.738	22431	21831	-66	-66	10
2015-08-14 05:12:46.266	22431	21831	-64	-66	10	15.72	75.46	3.775
2015-08-14 05:20:41.57	22431	21831	-66	-65	10
2015-08-14 05:37:32.93	22431	21831	-66	-65	10	15.54	75.26	3.775
2015-08-14 06:17:02.063	22431	21831	-66	-66	10	15.29	75.63	3.775
2015-08-14 06:29:00.566	22431	21831	-66	-66	10	15.25	75.68	3.773
2015-08-14 06:34:38.774	22431	21831	-65	-65	10
2015-08-14 07:10:23.595	22431	21831	-66	-65	10
2015-08-14 07:18:18.758	22431	21831	-66	-66	10	15.7	75.82	3.773
2015-08-14 07:33:47.714	22431	21831	-66	-66	10	16.04	75.7	3.774
2015-08-14 07:59:35.435	22431	21831	-65	-66	10
2015-08-14 08:01:51.622	22431	21831	-67	-64	10	16.64	75.96	3.773
2015-08-14 08:43:54.666	22431	21831	-66	-66	10	18.85	73.25	3.774
2015-08-14 09:00:04.367	22431	21831	-66	-66	10
2015-08-14 09:02:00.915	22431	21831	-65	-66	10	19.47	72.96	3.773
2015-08-14 09:24:33.459	22431	21831	-67	-65	10
2015-08-14 09:34:42.823	22431	21831	-66	-66	10	20.97	71.55	3.775
2015-08-14 10:04:07.823	22431	21831	-68	-70	10	22.43	69.97	3.775
2015-08-14 10:47:26.118	22431	21831	-70	-65	10	24.55	66.57	3.765
2015-08-14 10:49:35.799	22431	21831	-69	-65	10
2015-08-14 10:49:47.662	22431	21831	-67	-68	10
2015-08-14 10:59:41.311	22431	21831	-65	-68	10	25.27	65.55	3.776
2015-08-14 12:27:56.747	22431	21831	-66	-81	10	30.16	40.8	3.779
2015-08-14 12:28:40.199	22431	21831	-70	-74	10	29.88	43.22	3.78
2015-08-14 12:30:01.263	22431	21831	-70	-66	10	29.8	43.69	3.78
2015-08-14 12:30:18.898	22431	21831	-67	-70	10	29.72	44.45	3.78
2015-08-14 15:42:33.842	22431	21831	-66	-66	10	29.97	58.51	3.785
2015-08-14 16:06:29.171	22431	21831	-66	-66	10
2015-08-14 16:13:34.407	22431	21831	-66	-64	10	29.69	59.37	3.785
2015-08-14 16:41:57.351	22431	21831	-65	-66	10
2015-08-14 16:47:52.434	22431	21831	-68	-66	10	29.61	60.04	3.785
2015-08-14 17:02:41.398	22431	21831	-68	-68	10	29.85	59.43	3.785
2015-08-14 17:03:28.098	22431	21831	-64	-65	10	29.77	59.6	3.781
2015-08-15 08:56:07.842	22431	21831	-65	-65	10	21.08	65.65	3.776
2015-08-15 13:51:40.322	22431	21831	-65	-65	10	29.94	62.27	3.782
2015-08-16 22:57:38.278	22431	21831	-65	-64	10	22.25	68.92	3.784
2015-08-17 03:23:11.535	22431	21831	-66	-66	10
2015-08-17 05:30:09.507	22431	21831	-66	-66	10	19.49	69.4	3.778
2015-08-17 09:26:30.65	22431	21831	-67	-65	10
2015-08-18 04:52:27.824	22431	21831	-66	-64	10
2015-08-18 07:12:06.538	22431	21831	-65	-68	10	20.04	69.56	3.776
2015-08-18 09:19:43.355	22431	21831	-64	-65	10	20.68	69.0	3.776
2015-08-18 12:04:26.878	22431	21831	-64	-64	10	23.15	66.96	3.778
2015-08-18 13:22:14.747	22431	21831	-62	-62	10
2015-08-18 18:50:29.431	22431	21831	-62	-62	10	23.53	68.38	3.776
2015-08-18 20:10:30.154	22431	21831	-62	-63	10
2015-08-19 00:41:53.115	22431	21831	-61	-60	10
2015-08-19 01:30:58.402	22431	21831	-62	-60	10	20.14	70.17	3.773
2015-08-19 04:56:57.383	22431	21831	-63	-61	10	19.43	70.4	3.771
2015-08-19 09:23:59.543	22431	21831	-62	-61	10	22.92	67.47	3.773
2015-08-19 11:39:10.475	22431	21831	-64	-65	10	28.01	65.12	3.774
2015-08-19 12:23:51.423	22431	21831	-65	-63	10	28.96	65.13	3.775
2015-08-19 14:57:51.495	22431	21831	-68	-64	10	29.93	66.07	3.782
2015-08-19 14:57:52.879	22431	21831	-68	-64	10	29.93	66.07	3.782
2015-08-19 17:24:11.527	22431	21831	-66	-66	10	31.47	64.92	3.781
2015-08-19 18:50:03.211	22431	21831	-66	-64	10	27.77	68.96	3.778
2015-08-19 21:56:19.795	22431	21831	-64	-64	10
2015-08-20 05:04:49.343	22431	21831	-65	-64	10
2015-08-21 01:39:56.222	22431	21831	-62	-62	10	17.32	73.28	3.769
2015-08-21 03:22:36.454	22431	21831	-62	-62	10	15.64	73.91	3.767
2015-08-21 10:45:16.611	22431	21831	-64	-63	10
2015-08-22 09:34:30.894	22431	21831	-62	-62	10	17.2	71.33	3.758
2015-08-23 12:35:42.759	22431	21831	-64	-64	10	26.44	66.13	3.76
2015-08-24 04:24:24.826	22431	21831	-64	-64	10	19.54	71.72	3.762
2015-08-24 20:53:01.363	22431	21831	-63	-62	10
2015-08-30 11:24:01.762	22431	21831	-64	-62	10
2015-09-03 22:51:18.647	22431	21831	-63	-62	10	23.18	72.1	3.756
2015-09-03 23:00:55.559	22431	21831	-63	-63	10
2015-09-03 23:23:33.111	22431	21831	-63	-63	10	22.64	72.39	3.757
2015-09-03 23:43:51.262	22431	21831	-63	-63	10
2015-09-04 00:07:43.574	22431	21831	-62	-63	10	22.15	72.57	3.757
2015-09-04 00:25:52.69	22431	21831	-63	-63	10
2015-09-04 00:32:12.574	22431	21831	-62	-63	10	22.08	72.42	3.754
2015-09-04 01:04:39.171	22431	21831	-62	-63	10	22.02	72.32	3.754
2015-09-04 01:33:29.506	22431	21831	-62	-63	10
2015-09-04 01:34:41.854	22431	21831	-63	-62	10	22.0	72.24	3.754
2015-09-04 01:50:15.622	22431	21831	-63	-63	10	22.0	72.18	3.756
2015-09-04 01:50:50.155	22431	21831	-62	-63	10
2015-09-04 02:18:07.367	22431	21831	-63	-63	10	21.72	72.32	3.753
2015-09-04 02:51:09.428	22431	21831	-62	-63	10	21.28	72.62	3.754
2015-09-04 03:15:47.859	22431	21831	-64	-63	10
2015-09-04 03:23:11.146	22431	21831	-63	-62	10
2015-09-04 03:37:56.598	22431	21831	-64	-63	10	20.77	72.88	3.753
2015-09-04 04:05:20.694	22431	21831	-63	-63	10	20.56	72.95	3.754
2015-09-04 04:34:37.841	22431	21831	-64	-63	10	20.61	72.83	3.754
2015-09-04 04:40:45.495	22431	21831	-62	-63	10
2015-09-04 05:10:02.803	22431	21831	-63	-63	10	20.63	72.61	3.754
2015-09-04 05:12:52.786	22431	21831	-65	-62	10
2015-09-04 05:38:54.126	22431	21831	-63	-63	10	20.36	72.8	3.754
2015-09-04 05:52:32.291	22431	21831	-63	-63	10	20.25	72.89	3.751
2015-09-04 06:05:43.887	22431	21831	-63	-63	10
2015-09-04 06:23:10.943	22431	21831	-64	-63	10	19.96	73.0	3.752
2015-09-04 06:51:03.459	22431	21831	-62	-63	10	19.86	73.06	3.752
2015-09-04 07:02:32.654	22431	21831	-63	-63	10
2015-09-04 07:24:25.658	22431	21831	-64	-63	10	19.78	72.97	3.751
2015-09-04 07:30:40.45	22431	21831	-64	-63	10
2015-09-04 08:02:38.746	22431	21831	-64	-63	10	20.11	72.59	3.752
2015-09-04 08:21:57.91	22431	21831	-63	-63	10	20.25	72.43	3.751
2015-09-04 08:52:14.467	22431	21831	-64	-63	10
2015-09-04 08:55:31.275	22431	21831	-64	-63	10	20.67	72.09	3.751
2015-09-04 08:55:41.71	22431	21831	-64	-63	10
2015-09-04 09:31:38.795	22431	21831	-64	-64	10	22.01	70.93	3.752
2015-09-04 09:49:35.782	22431	21831	-64	-64	10	23.04	69.97	3.753
2015-09-04 10:20:36.746	22431	21831	-64	-64	10
2015-09-04 10:28:35.782	22431	21831	-63	-63	10	24.61	68.94	3.751
2015-09-04 10:41:55.687	22431	21831	-64	-64	10
2015-09-04 10:58:22.731	22431	21831	-63	-63	10	26.16	67.81	3.753
2015-09-04 11:23:47.287	22431	21831	-64	-64	10	27.54	66.87	3.753
2015-09-04 11:45:33.586	22431	21831	-66	-63	10
2015-09-04 12:03:10.175	22431	21831	-66	-64	10	29.22	66.19	3.756
2015-09-04 12:26:03.623	22431	21831	-64	-64	10	30.22	65.67	3.758
2015-09-04 12:31:36.582	22431	21831	-64	-64	10
2015-09-04 12:54:18.138	22431	21831	-63	-64	10	30.11	66.78	3.757
2015-09-04 13:10:30.555	22431	21831	-65	-64	10
2015-09-04 14:21:17.403	22431	21831	-65	-66	10
2015-09-04 14:35:28.087	22431	21831	-64	-64	10
2015-09-04 18:00:41.79	22431	21831	-64	-64	10
2015-09-04 18:50:21.879	22431	21831	-64	-65	10
2015-09-04 19:34:10.014	22431	21831	-63	-63	10	24.44	73.14	3.758
2015-09-04 19:56:07.154	22431	21831	-63	-62	10	23.99	72.98	3.759
2015-09-04 20:15:18.746	22431	21831	-62	-63	10
2015-09-04 20:31:48.114	22431	21831	-63	-63	10	23.03	73.26	3.759
2015-09-04 20:48:04.935	22431	21831	-63	-62	10	22.54	73.42	3.746
2015-09-04 21:34:43.035	22431	21831	-63	-62	10	21.65	73.69	3.757
2015-09-04 21:40:01.783	22431	21831	-62	-63	10
2015-09-04 21:40:16.647	22431	21831	-62	-62	10
2015-09-04 21:57:42.975	22431	21831	-62	-62	10	21.72	73.26	3.756
2015-09-04 22:36:05.351	22431	21831	-63	-62	10	21.69	72.95	3.757
2015-09-04 22:49:25.434	22431	21831	-63	-62	10	21.64	72.94	3.754
2015-09-04 23:05:13.327	22431	21831	-63	-63	10
2015-09-04 23:27:19.786	22431	21831	-63	-62	10	21.24	73.11	3.753
2015-09-04 23:29:42.575	22431	21831	-62	-62	10
2015-09-05 00:02:59.386	22431	21831	-63	-62	10	20.9	73.21	3.754
2015-09-05 00:20:58.674	22431	21831	-62	-62	10	20.78	73.27	3.754
2015-09-05 00:30:11.842	22431	21831	-63	-64	10
2015-09-05 00:51:11.499	22431	21831	-63	-62	10	20.68	73.14	3.754
2015-09-05 01:19:24.554	22431	21831	-63	-63	10
2015-09-05 01:25:18.259	22431	21831	-63	-63	10	20.64	73.0	3.753
2015-09-05 01:55:09.152	22431	21831	-63	-63	10
2015-09-05 02:09:38.47	22431	21831	-63	-62	10	20.07	73.35	3.754
2015-09-05 02:37:32.819	22431	21831	-63	-62	10	19.97	73.33	3.751
2015-09-05 03:06:22.394	22431	21831	-62	-62	10	19.72	73.42	3.752
2015-09-05 03:09:05.211	22431	21831	-62	-62	10
2015-09-05 03:20:06.734	22431	21831	-63	-62	10
2015-09-05 03:32:40.271	22431	21831	-62	-62	10	19.43	73.55	3.757
2015-09-05 04:02:46.126	22431	21831	-62	-62	10	19.21	73.59	3.753
2015-09-05 04:31:21.419	22431	21831	-63	-62	10	19.07	73.59	3.75
2015-09-05 04:45:03.194	22431	21831	-62	-62	10
2015-09-05 04:57:53.223	22431	21831	-63	-62	10	18.96	73.62	3.751
2015-09-05 04:58:46.463	22431	21831	-62	-62	10
2015-09-05 05:27:51.635	22431	21831	-62	-62	10	18.96	73.46	3.75
2015-09-05 06:01:19.842	22431	21831	-62	-62	10	19.03	73.36	3.75
2015-09-05 06:10:01.59	22431	21831	-62	-62	10
2015-09-05 06:27:15.751	22431	21831	-62	-62	10	19.04	73.29	3.75
2015-09-05 06:48:27.838	22431	21831	-62	-63	10
2015-09-05 07:03:21.099	22431	21831	-62	-62	10	19.07	73.21	3.75
2015-09-05 07:29:09.89	22431	21831	-63	-62	10	19.29	73.01	3.75
2015-09-05 07:34:58.85	22431	21831	-63	-62	10
2015-09-05 08:07:53.342	22431	21831	-63	-62	10	19.72	72.68	3.748
2015-09-05 08:19:09.262	22431	21831	-63	-63	10	20.18	72.25	3.748
2015-09-05 08:38:08.846	22431	21831	-63	-64	10
2015-09-05 08:59:58.178	22431	21831	-64	-64	10
2015-09-05 09:05:17.807	22431	21831	-64	-63	10	22.82	69.98	3.751
2015-09-05 09:30:53.51	22431	21831	-64	-63	10	24.06	69.33	3.751
2015-09-05 10:05:33.002	22431	21831	-64	-64	10	25.8	68.35	3.753
2015-09-05 10:19:05.318	22431	21831	-64	-64	10	26.41	67.99	3.751
2015-09-05 10:24:54.263	22431	21831	-65	-65	10
2015-09-05 10:27:49.834	22431	21831	-64	-65	10
2015-09-05 11:04:32.03	22431	21831	-63	-66	10	28.6	66.7	3.753
2015-09-05 13:14:59.199	22431	21831	-67	-65	10
2015-09-05 13:36:10.106	22431	21831	-68	-64	10	30.66	67.62	3.756
2015-09-05 13:58:18.278	22431	21831	-64	-68	10	30.55	68.01	3.758
2015-09-05 15:28:23.082	22431	21831	-70	-69	10	31.77	66.8	3.758
2015-09-05 21:21:18.502	22431	21831	-64	-64	10	20.14	73.58	3.751
2015-09-05 21:57:48.782	22431	21831	-64	-63	10	20.07	73.51	3.751
2015-09-06 09:38:19.114	22431	21831	-62	-61	10	22.36	84.04	3.75
2015-09-06 10:35:24.615	22431	21831	-63	-62	10	24.83	83.11	3.748
2015-09-06 11:04:36.291	22431	21831	-64	-62	10	26.55	82.1	3.75
2015-09-06 11:33:58.906	22431	21831	-64	-62	10	28.02	81.44	3.748
2015-09-06 12:03:25.11	22431	21831	-64	-63	10
2015-09-06 12:40:09.114	22431	21831	-64	-64	10	29.49	81.52	3.752
2015-09-06 13:04:22.594	22431	21831	-63	-64	10	29.57	81.96	3.752
2015-09-06 15:23:47.946	22431	21831	-64	-66	10	30.08	83.71	3.753
2015-09-06 15:42:48.038	22431	21831	-65	-64	10
2015-09-06 16:02:15.402	22431	21831	-65	-64	10	32.25	81.05	3.757
2015-09-06 16:09:02.854	22431	21831	-64	-64	10
2015-09-06 16:47:42.438	22431	21831	-63	-65	10	30.93	82.36	3.756
2015-09-06 16:47:44.758	22431	21831	-63	-65	10	30.93	82.36	3.756
2015-09-06 16:47:49.806	22431	21831	-63	-65	10	30.93	82.36	3.756
2015-09-06 16:47:56.966	22431	21831	-63	-65	10	30.93	82.36	3.756
2015-09-06 16:47:58.322	22431	21831	-63	-65	10	30.93	82.36	3.756
2015-09-06 16:48:00.402	22431	21831	-63	-65	10	30.93	82.36	3.756
2015-09-06 18:58:58.459	22431	21831	-64	-63	10
2015-09-06 19:20:49.85	22431	21831	-64	-63	10	27.8	82.98	3.758
2015-09-06 20:01:26.747	22431	21831	-63	-62	10	26.08	83.74	3.758
2015-09-06 20:23:55.762	22431	21831	-63	-62	10
2015-09-06 20:38:13.875	22431	21831	-62	-62	10	24.46	84.48	3.754
2015-09-06 20:59:38.222	22431	21831	-62	-62	10	23.88	84.58	3.754
2015-09-06 21:11:50.738	22431	21831	-62	-62	10
2015-09-06 21:37:53.131	22431	21831	-62	-62	10	23.15	84.51	3.753
2015-09-06 21:48:52.687	22431	21831	-62	-62	10
2015-09-06 21:59:13.763	22431	21831	-62	-62	10	22.85	84.37	3.753
2015-09-06 22:25:48.303	22431	21831	-64	-62	10	22.54	84.28	3.752
2015-09-06 22:51:31.991	22431	21831	-62	-62	10	22.22	84.26	3.754
2015-09-06 23:01:32.575	22431	21831	-62	-62	10
2015-09-06 23:13:50.722	22431	21831	-62	-62	10
2015-09-06 23:35:52.287	22431	21831	-62	-62	10	22.18	83.82	3.754
2015-09-06 23:56:16.147	22431	21831	-62	-62	10	22.02	83.81	3.752
2015-09-07 00:23:44.859	22431	21831	-62	-62	10	21.81	83.81	3.752
2015-09-07 00:38:48.059	22431	21831	-62	-64	10
2015-09-07 00:51:13.412	22431	21831	-62	-62	10
2015-09-07 00:55:51.047	22431	21831	-62	-62	10	21.65	83.7	3.752
2015-09-07 01:22:40.812	22431	21831	-64	-62	10	21.54	83.57	3.751
2015-09-07 01:52:31.016	22431	21831	-62	-62	10	21.33	83.58	3.751
2015-09-07 02:03:45.369	22431	21831	-62	-62	10
2015-09-07 02:19:46.779	22431	21831	-62	-62	10	21.03	83.71	3.751
2015-09-07 02:40:54.663	22431	21831	-62	-62	10
2015-09-07 02:53:51.783	22431	21831	-62	-62	10	20.78	83.65	3.751
2015-09-07 03:28:43.15	22431	21831	-62	-62	10
2015-09-07 03:38:17.251	22431	21831	-62	-62	10	20.67	83.45	3.75
2015-09-07 04:08:45.93	22431	21831	-62	-62	10	20.36	83.59	3.748
2015-09-07 04:30:36.174	22431	21831	-62	-62	10
2015-09-07 04:38:37.282	22431	21831	-62	-62	10	20.21	83.53	3.748
2015-09-07 04:53:40.687	22431	21831	-62	-62	10
2015-09-07 05:05:08.654	22431	21831	-62	-62	10	19.92	83.66	3.748
2015-09-07 05:19:36.51	22431	21831	-62	-62	10	19.86	83.6	3.748
2015-09-07 05:52:57.607	22431	21831	-62	-62	10	19.75	83.52	3.748
2015-09-07 06:18:39.29	22431	21831	-62	-62	10
2015-09-07 06:20:20.327	22431	21831	-62	-62	10
2015-09-07 06:24:50.498	22431	21831	-64	-62	10	19.57	83.51	3.747
2015-09-07 06:54:08.028	22431	21831	-62	-62	10	19.32	83.62	3.747
2015-09-07 07:27:27.823	22431	21831	-62	-62	10	19.32	83.48	3.746
2015-09-07 07:43:36.151	22431	21831	-62	-62	10
2015-09-07 08:05:08.75	22431	21831	-62	-62	10	20.11	82.62	3.75
2015-09-07 08:09:58.095	22431	21831	-63	-62	10
2015-09-07 08:27:38.622	22431	21831	-62	-62	10	20.82	82.15	3.748
2015-09-07 08:57:48.111	22431	21831	-62	-62	10	22.27	80.97	3.747
2015-09-07 09:08:33.583	22431	21831	-62	-62	10
2015-09-07 09:31:54.095	22431	21831	-63	-62	10	23.78	79.94	3.748
2015-09-07 09:59:40.067	22431	21831	-63	-63	10
2015-09-07 10:09:10.154	22431	21831	-64	-63	10	25.36	79.05	3.748
2015-09-07 10:30:46.079	22431	21831	-65	-63	10	26.33	78.45	3.748
2015-09-07 10:33:30.443	22431	21831	-64	-64	10
2015-09-07 11:08:41.61	22431	21831	-64	-68	10	29.47	75.31	3.752
2015-09-07 11:34:57.883	22431	21831	-64	-64	10	30.65	75.15	3.751
2015-09-07 11:49:22.583	22431	21831	-64	-64	10
2015-09-07 11:49:26.151	22431	21831	-64	-64	10	31.47	74.77	3.752
2015-09-07 11:58:29.047	22431	21831	-64	-66	10
2015-09-07 12:23:26.15	22431	21831	-64	-64	10	31.91	75.0	3.754
2015-09-07 13:39:01.45	22431	21831	-64	-64	10
2015-09-07 14:01:12.947	22431	21831	-66	-65	10	31.63	76.71	3.756
2015-09-07 14:30:15.198	22431	21831	-64	-64	10	31.83	76.59	3.756
2015-09-07 14:48:24.13	22431	21831	-63	-65	10
2015-09-07 15:26:06.034	22431	21831	-64	-65	10	35.22	71.93	3.757
2015-09-07 15:52:03.666	22431	21831	-65	-64	10	34.08	74.5	3.759
2015-09-07 17:33:40.61	22431	21831	-66	-64	10	31.33	77.71	3.76
2015-09-07 18:35:49.258	22431	21831	-64	-64	10	29.29	79.22	3.759
2015-09-07 19:03:16.783	22431	21831	-64	-64	10
2015-09-07 19:50:49.811	22431	21831	-63	-63	10	25.88	81.12	3.757
2015-09-07 20:28:13.81	22431	21831	-63	-62	10
2015-09-07 20:57:46.098	22431	21831	-63	-62	10
2015-09-07 21:33:14.595	22431	21831	-63	-63	10	23.06	82.0	3.754
2015-09-07 21:53:13.326	22431	21831	-62	-62	10
2015-09-07 22:19:31.627	22431	21831	-64	-62	10	22.64	81.72	3.756
2015-09-07 22:47:27.291	22431	21831	-62	-62	10
2015-09-07 23:03:58.086	22431	21831	-62	-62	10	22.27	81.59	3.754
2015-09-07 23:18:11.554	22431	21831	-62	-63	10
2015-09-07 23:34:13.671	22431	21831	-63	-62	10	21.79	81.67	3.754
2015-09-08 00:03:20.023	22431	21831	-62	-62	10	21.46	81.77	3.753
2015-09-08 00:22:02.987	22431	21831	-62	-62	10	21.33	81.75	3.754
2015-09-08 00:37:08.522	22431	21831	-62	-62	10
2015-09-08 00:43:06.434	22431	21831	-62	-62	10
2015-09-08 01:03:29.331	22431	21831	-62	-62	10	21.26	81.55	3.752
2015-09-08 01:33:28.607	22431	21831	-62	-62	10	21.1	81.54	3.752
2015-09-08 01:48:30.982	22431	21831	-62	-62	10	20.92	81.55	3.751
2015-09-08 02:08:04.207	22431	21831	-62	-62	10
2015-09-08 02:24:37.974	22431	21831	-64	-62	10	20.52	81.72	3.751
2015-09-08 02:26:49.518	22431	21831	-62	-62	10
2015-09-08 03:04:45.142	22431	21831	-64	-62	10	20.15	81.9	3.752
2015-09-08 03:19:44.51	22431	21831	-62	-62	10	20.14	81.77	3.748
2015-09-08 03:33:02.102	22431	21831	-62	-62	10
2015-09-08 04:00:27.87	22431	21831	-62	-62	10	19.93	81.75	3.751
2015-09-08 04:16:31.355	22431	21831	-62	-62	10
2015-09-08 04:29:55.014	22431	21831	-62	-62	10	19.75	81.78	3.748
2015-09-08 04:53:39.072	22431	21831	-62	-62	10	19.6	81.8	3.748
2015-09-08 04:57:59.643	22431	21831	-62	-62	10
2015-09-08 05:30:51.042	22431	21831	-62	-62	10	19.36	81.87	3.748
2015-09-08 06:06:12.13	22431	21831	-62	-62	10
2015-09-08 06:06:31.63	22431	21831	-64	-62	10	19.2	81.84	3.747
2015-09-08 06:22:56.838	22431	21831	-62	-62	10
2015-09-08 06:28:29.086	22431	21831	-62	-62	10	19.06	81.86	3.75
2015-09-08 06:51:46.958	22431	21831	-62	-62	10	18.95	81.89	3.747
2015-09-08 07:36:23.302	22431	21831	-64	-62	10	19.17	81.58	3.747
2015-09-08 07:47:54.062	22431	21831	-62	-62	10
2015-09-08 07:55:52.07	22431	21831	-64	-62	10
2015-09-08 07:58:08.042	22431	21831	-62	-62	10	19.6	81.16	3.747
2015-09-08 08:29:53.13	22431	21831	-62	-62	10	20.81	80.17	3.748
2015-09-08 09:03:38.356	22431	21831	-63	-63	10	22.79	78.65	3.748
2015-09-08 09:12:52.664	22431	21831	-62	-62	10
2015-09-08 09:38:18.778	22431	21831	-63	-62	10	24.49	77.59	3.748
2015-09-08 09:45:34.022	22431	21831	-63	-64	10
2015-09-08 09:51:57.47	22431	21831	-63	-63	10	25.08	77.36	3.748
2015-09-08 09:51:59.834	22431	21831	-63	-63	10	25.08	77.36	3.748
2015-09-08 10:54:55.67	22431	21831	-68	-65	10	29.19	74.67	3.752
2015-09-08 11:31:17.268	22431	21831	-65	-64	10	32.82	71.11	3.754
2015-09-08 11:47:59.166	22431	21831	-64	-65	10	32.35	73.05	3.754
2015-09-08 12:02:46.89	22431	21831	-66	-64	10
2015-09-08 13:01:21.05	22431	21831	-64	-66	10	32.22	74.52	3.757
2015-09-08 13:27:45.842	22431	21831	-66	-68	10
2015-09-08 13:31:56.93	22431	21831	-64	-65	10	31.49	76.01	3.754
2015-09-08 14:28:20.235	22431	21831	-65	-65	10	32.02	75.1	3.757
2015-09-08 14:52:49.466	22431	21831	-66	-66	10
2015-09-08 15:14:40.206	22431	21831	-67	-65	10
2015-09-08 16:17:41.023	22431	21831	-64	-66	10
2015-09-08 17:04:21.158	22431	21831	-66	-65	10
2015-09-08 17:06:34.182	22431	21831	-64	-66	10	32.99	75.2	3.758
2015-09-08 17:42:37.81	22431	21831	-66	-65	10
2015-09-08 18:31:40.303	22431	21831	-66	-66	10	31.55	76.48	3.762
2015-09-08 19:07:37.166	22431	21831	-64	-64	10
2015-09-08 19:29:05.859	22431	21831	-64	-64	10	28.24	79.22	3.757
2015-09-08 20:24:05.882	22431	21831	-64	-64	10	26.02	80.04	3.757
2015-09-08 20:32:32.635	22431	21831	-64	-64	10
2015-09-08 20:43:40.67	22431	21831	-64	-65	10
2015-09-08 21:04:45.938	22431	21831	-64	-64	10	25.02	80.09	3.758
2015-09-08 21:28:16.106	22431	21831	-64	-64	10	24.54	80.15	3.757
2015-09-08 21:57:30.51	22431	21831	-65	-64	10
2015-09-08 22:02:43.83	22431	21831	-65	-64	10	23.79	80.36	3.753
2015-09-08 22:19:25.584	22431	21831	-64	-64	10	23.49	80.4	3.754
2015-09-08 22:33:21.126	22431	21831	-64	-64	10
2015-09-08 22:53:02.07	22431	21831	-64	-64	10	22.86	80.58	3.753
2015-09-08 23:22:27.899	22431	21831	-64	-63	10
2015-09-08 23:31:00.955	22431	21831	-64	-64	10	22.54	80.46	3.754
2015-09-09 00:01:09.591	22431	21831	-64	-64	10	22.61	80.06	3.753
2015-09-09 00:23:02.494	22431	21831	-64	-63	10
2015-09-09 00:25:50.246	22431	21831	-64	-63	10	22.33	80.18	3.754
2015-09-09 00:47:25.65	22431	21831	-64	-63	10
2015-09-09 00:59:26.589	22431	21831	-63	-63	10	22.24	80.03	3.753
2015-09-09 01:34:05.778	22431	21831	-63	-63	10	21.79	80.22	3.753
2015-09-09 02:00:09.242	22431	21831	-63	-62	10	21.44	80.4	3.754
2015-09-09 02:12:27.138	22431	21831	-64	-63	10
2015-09-09 02:12:44.634	22431	21831	-64	-63	10
2015-09-09 02:39:29.19	22431	21831	-63	-63	10	21.19	80.38	3.748
2015-09-09 02:51:49.398	22431	21831	-63	-63	10	21.13	80.31	3.753
2015-09-09 03:23:46.083	22431	21831	-63	-63	10	20.93	80.35	3.751
2015-09-09 03:37:20.727	22431	21831	-64	-64	10
2015-09-09 03:51:46.427	22431	21831	-63	-63	10	20.93	80.19	3.753
2015-09-09 04:02:24.731	22431	21831	-64	-63	10
2015-09-09 04:31:15.278	22431	21831	-64	-62	10	20.61	80.31	3.752
2015-09-09 05:02:14.866	22431	21831	-63	-62	10	20.6	80.25	3.748
2015-09-09 05:02:17.79	22431	21831	-63	-62	10
2015-09-09 05:22:26.23	22431	21831	-64	-63	10	20.85	79.84	3.752
2015-09-09 05:52:06.011	22431	21831	-63	-63	10
2015-09-09 05:59:38.627	22431	21831	-64	-63	10	20.64	80.08	3.75
2015-09-09 06:27:15.202	22431	21831	-63	-65	10
2015-09-09 06:35:10.09	22431	21831	-63	-62	10	21.29	79.49	3.737
2015-09-09 06:54:06.094	22431	21831	-64	-62	10	21.19	79.62	3.748
2015-09-09 07:24:11.718	22431	21831	-64	-64	10	21.46	79.32	3.748
2015-09-09 07:41:47.816	22431	21831	-63	-63	10
2015-09-09 07:52:12.523	22431	21831	-63	-62	10
2015-09-09 08:08:17.364	22431	21831	-63	-63	10	21.96	79.0	3.748
2015-09-09 08:36:12.035	22431	21831	-63	-64	10	23.07	78.07	3.75
2015-09-09 08:49:57.33	22431	21831	-64	-63	10	23.54	77.66	3.75
2015-09-09 09:17:11.451	22431	21831	-64	-63	10
2015-09-09 09:31:28.535	22431	21831	-64	-65	10
2015-09-09 09:34:58.871	22431	21831	-65	-64	10	24.49	77.31	3.75
2015-09-09 09:53:16.727	22431	21831	-64	-64	10	24.97	76.98	3.748
2015-09-09 10:31:36.09	22431	21831	-63	-64	10	27.32	75.06	3.752
2015-09-09 10:42:08.395	22431	21831	-65	-64	10
2015-09-09 11:05:40.475	22431	21831	-65	-64	10	30.97	71.04	3.751
2015-09-09 12:05:21.945	22431	21831	-66	-65	10	33.25	71.02	3.754
2015-09-09 14:06:28.615	22431	21831	-65	-65	10	32.43	73.1	3.756
2015-09-09 14:57:01.311	22431	21831	-67	-65	10
2015-09-09 16:21:59.355	22431	21831	-66	-66	10
2015-09-09 18:40:05.731	22431	21831	-69	-67	10
2015-09-09 18:40:07.868	22431	21831	-69	-67	10
2015-09-09 19:02:33.662	22431	21831	-68	-69	10	21.24	85.63	3.75
2015-09-09 19:11:53.851	22431	21831	-67	-68	10
2015-09-09 19:23:21.283	22431	21831	-68	-67	10	21.15	85.95	3.75
2015-09-09 19:47:54.723	22431	21831	-67	-67	10	21.08	86.26	3.747
2015-09-17 14:57:38.751	22431	21831	-62	-64	10
2015-09-17 16:54:35.266	22431	21831	-62	-62	10	26.97	88.88	3.734
2015-09-17 16:56:39.498	22431	21831	-63	-62	10
2015-09-17 18:21:26.65	22431	21831	-64	-62	10
2015-09-17 18:36:53.687	22431	21831	-62	-62	10
2015-09-17 18:51:34.547	22431	21831	-62	-62	10	23.28	90.73	3.735
2015-09-17 19:46:23.666	22431	21831	-62	-62	10
2015-09-17 20:26:34.987	22431	21831	-62	-61	10
2015-09-17 20:56:59.946	22431	21831	-61	-61	10	19.58	91.52	3.732
2015-09-17 22:09:23.87	22431	21831	-61	-60	10	18.38	91.68	3.731
2015-09-17 22:28:26.423	22431	21831	-61	-60	10	18.07	91.65	3.732
2015-09-17 22:53:31.502	22431	21831	-61	-60	10	17.61	91.71	3.731
2015-09-18 00:05:54.298	22431	21831	-61	-60	10	16.95	91.77	3.732
2015-09-18 00:34:55.206	22431	21831	-61	-61	10	16.88	91.66	3.729
2015-09-18 01:26:13.859	22431	21831	-61	-60	10
2015-09-18 01:55:38.89	22431	21831	-61	-61	10
2015-09-18 02:51:11.366	22431	21831	-60	-60	10
2015-09-18 03:25:28.727	22431	21831	-61	-61	10	15.33	91.81	3.73
2015-09-18 03:55:56.614	22431	21831	-61	-61	10	15.15	91.87	3.728
2015-09-18 05:01:59.523	22431	21831	-60	-61	10	14.88	91.82	3.726
2015-09-18 05:41:08.215	22431	21831	-58	-60	10
2015-09-18 06:34:40.235	22431	21831	-60	-60	10	14.39	91.79	3.726
2015-09-18 07:06:05.271	22431	21831	-60	-60	10
2015-09-18 09:50:16.774	22431	21831	-61	-61	10	19.5	88.85	3.721
2015-09-18 09:55:59.13	22431	21831	-62	-60	10
2015-09-18 11:04:05.206	22431	21831	-62	-62	10
2015-09-18 12:45:58.862	22431	21831	-64	-64	10
2015-09-18 14:01:24.046	22431	21831	-62	-65	10	28.69	85.74	3.736
2015-09-18 14:20:05.57	22431	21831	-64	-63	10	28.08	87.06	3.739
2015-09-18 14:43:27.919	22431	21831	-65	-64	10
2015-09-18 16:20:57.05	22431	21831	-64	-62	10	28.8	86.89	3.741
2015-09-18 17:00:47.38	22431	21831	-62	-62	10
2015-09-18 18:21:31.702	22431	21831	-62	-62	10	24.68	89.48	3.74
2015-09-18 18:25:43.719	22431	21831	-62	-61	10
2015-09-18 19:58:23.291	22431	21831	-62	-60	10	21.08	90.59	3.737
2015-09-18 20:23:17.531	22431	21831	-61	-61	10	20.7	90.61	3.736
2015-09-18 21:15:39.342	22431	21831	-61	-60	10
2015-09-18 22:02:27.624	22431	21831	-61	-60	10	19.53	90.48	3.735
2015-09-18 22:40:37.603	22431	21831	-61	-60	10
2015-09-18 23:38:56.794	22431	21831	-61	-60	10	19.39	90.22	3.734
2015-09-19 00:05:37.043	22431	21831	-61	-60	10
2015-09-19 02:24:54.771	22431	21831	-61	-61	10	19.06	90.06	3.732
2015-09-19 03:00:08.502	22431	21831	-60	-60	10	18.64	90.4	3.735
2015-09-19 03:57:27.983	22431	21831	-62	-60	10	18.4	90.35	3.731
2015-09-19 04:22:34.175	22431	21831	-62	-61	10	18.39	90.23	3.734
2015-09-19 05:20:55.315	22431	21831	-61	-60	10
2015-09-19 05:58:30.698	22431	21831	-62	-60	10	18.39	90.11	3.732
