result_time	node_id	parent_id	stats_frssi	stats_brssi	etx	temperature	humidity	voltage
2015-07-17 17:34:48.807	30251	21501	-94	-88	10
2015-07-17 18:40:52.427	30251	21501	-94	-88	10
2015-07-17 18:52:13.802	30251	21501	-94	-87	10
2015-07-17 19:08:23.935	30251	21501	-94	-88	10	26.49	48.47	3.901
2015-07-17 21:14:38.731	30251	21501	-94	-86	10
2015-07-17 22:17:23.363	30251	21501	-97	-87	10	25.26	50.8	3.877
2015-07-17 23:22:10.351	30251	21501	-94	-85	10	25.04	51.28	3.901
2015-07-18 00:02:32.118	30251	21501	-94	-86	10
2015-07-18 00:44:31.991	30251	21501	-94	-87	10	24.66	51.81	3.901
2015-07-18 01:21:57.511	30251	21501	-94	-87	10	24.46	52.07	3.889
2015-07-18 02:23:19.247	30251	21501	-94	-87	10	24.49	52.04	3.889
2015-07-18 02:37:40.235	30251	21501	-94	-87	10
2015-07-18 02:52:29.354	30251	21501	-94	-86	10	24.41	52.16	3.889
2015-07-18 03:22:05.638	30251	21501	-94	-86	10	24.44	52.19	3.901
2015-07-18 03:55:15.399	30251	21501	-94	-89	10
2015-07-18 04:12:43.275	30251	21501	-94	-88	10	24.31	52.43	3.901
2015-07-18 04:47:42.099	30251	21501	-94	-87	10	24.13	52.66	3.901
2015-07-18 04:56:05.183	30251	21501	-94	-87	10
2015-07-18 05:12:51.878	30251	21501	-94	-88	10
2015-07-18 06:30:25.87	30251	21501	-94	-86	10
2015-07-18 07:13:26.343	30251	21501	-94	-86	10	23.79	53.05	3.889
2015-07-18 08:16:16.098	30251	21501	-94	-86	10	24.08	52.81	3.901
2015-07-18 09:05:34.583	30251	21501	-94	-86	10
2015-07-18 09:11:47.627	30251	21501	-94	-87	10	24.91	51.55	3.889
2015-07-18 09:47:17.519	30251	21501	-94	-85	10	25.19	51.18	3.889
2015-07-18 10:03:44.602	30251	21501	-94	-88	10
2015-07-18 10:23:09.354	30251	21501	-94	-88	10
2015-07-18 11:38:15.095	30251	21501	-94	-87	10	27.3	48.08	3.901
2015-07-18 11:40:55.176	30251	21501	-94	-89	10
2015-07-18 12:20:13.479	30251	21501	-94	-89	10	27.82	47.68	3.889
2015-07-18 14:45:45.387	30251	21501	-94	-90	10	29.77	46.06	3.901
2015-07-18 15:25:45.779	30251	21501	-94	-89	10	29.3	46.74	3.901
2015-07-18 15:33:28.934	30251	21501	-94	-85	10
2015-07-18 17:45:14.578	30251	21501	-94	-88	10
2015-07-18 19:22:39.275	30251	21501	-94	-88	10	28.75	48.16	3.901
2015-07-18 20:18:58.47	30251	21501	-94	-88	10
2015-07-18 21:52:22.743	30251	21501	-94	-88	10	26.13	51.01	3.901
2015-07-18 22:01:23.642	30251	21501	-94	-87	10
2015-07-18 23:48:50.031	30251	21501	-94	-87	10	25.33	52.02	3.901
2015-07-19 00:36:32.782	30251	21501	-94	-88	10
2015-07-19 00:43:14.407	30251	21501	-94	-88	10	25.05	52.43	3.901
2015-07-19 01:44:56.534	30251	21501	-94	-88	10	24.83	52.72	3.901
2015-07-19 02:24:59.583	30251	21501	-94	-88	10	24.55	53.06	3.901
2015-07-19 02:25:03.735	30251	21501	-94	-88	10	24.55	53.06	3.901
2015-07-19 03:11:42.038	30251	21501	-94	-88	10
2015-07-19 03:26:36.258	30251	21501	-94	-87	10	24.29	53.5	3.901
2015-07-19 03:40:36.002	30251	21501	-94	-88	10	24.26	53.52	3.901
2015-07-19 04:09:41.434	30251	21501	-94	-88	10	24.07	53.66	3.901
2015-07-19 04:57:33.307	30251	21501	-94	-86	10	23.96	53.77	3.901
2015-07-19 05:23:58.475	30251	21501	-94	-88	10	23.76	53.93	3.901
2015-07-19 05:46:51.759	30251	21501	-94	-87	10
2015-07-19 05:47:25.807	30251	21501	-94	-88	10	23.61	54.06	3.901
2015-07-19 06:13:25.651	30251	21501	-94	-87	10	23.39	54.31	3.901
2015-07-19 06:34:11.954	30251	21501	-94	-88	10
2015-07-19 06:51:59.718	30251	21501	-94	-87	10	23.26	54.39	3.901
2015-07-19 07:04:26.266	30251	21501	-94	-88	10
2015-07-19 07:18:40.65	30251	21501	-94	-86	10	23.35	54.34	3.889
2015-07-19 07:44:02.139	30251	21501	-94	-87	10	23.52	53.99	3.901
2015-07-19 08:22:02.406	30251	21501	-94	-86	10
2015-07-19 09:26:53.838	30251	21501	-94	-87	10	24.74	52.04	3.901
2015-07-19 10:50:43.95	30251	21501	-94	-87	10	26.29	50.03	3.889
2015-07-19 11:13:12.914	30251	21501	-94	-88	10	26.66	49.56	3.901
2015-07-19 13:32:26.535	30251	21501	-94	-88	10
2015-07-19 14:06:30.835	30251	21501	-94	-88	10	29.41	47.08	3.901
2015-07-19 15:20:44.578	30251	21501	-94	-88	10	29.93	46.95	3.901
2015-07-19 15:37:55.182	30251	21501	-94	-90	10	30.01	46.89	3.901
2015-07-19 16:07:30.434	30251	21501	-94	-89	10
2015-07-19 16:10:31.942	30251	21501	-94	-88	10	30.46	46.31	3.901
2015-07-19 19:16:35.271	30251	21501	-94	-90	10	28.1	49.35	3.901
2015-07-19 22:08:51.374	30251	21501	-94	-90	10	25.24	52.71	3.889
2015-07-20 01:40:47.434	30251	21501	-94	-89	10	23.27	54.55	3.889
2015-07-20 06:20:53.423	30251	21501	-94	-89	10
2015-07-20 11:22:23.474	30251	21501	-94	-90	10	25.04	50.84	3.877
2015-07-20 11:36:58.142	30251	21501	-94	-88	10	25.27	50.38	3.889
2015-07-20 12:48:47.31	30251	21501	-94	-88	10
2015-07-20 15:23:56.95	30251	21501	-94	-89	10
2015-07-20 15:53:45.878	30251	21501	-94	-89	10
2015-07-20 18:23:52.318	30251	21501	-94	-87	10	28.05	48.89	3.889
2015-07-20 19:52:19.191	30251	21501	-94	-89	10	26.83	50.14	3.901
2015-07-20 20:34:16.703	30251	21501	-94	-88	10
2015-07-20 22:27:03.366	30251	21501	-94	-88	10	24.4	52.98	3.889
2015-07-20 23:09:26.046	30251	21501	-94	-89	10
2015-07-20 23:39:16.751	30251	21501	-94	-89	10	24.11	53.22	3.889
2015-07-21 00:27:00.827	30251	21501	-94	-89	10
2015-07-21 14:40:24.058	30251	21501	-94	-90	15
2015-07-21 14:58:06.35	30251	21501	-94	-89	15
2015-07-21 15:57:58.038	30251	21501	-94	-90	14
2015-07-21 16:17:55.594	30251	21501	-94	-90	14	22.6	53.11	3.889
2015-07-21 16:36:23.746	30251	21501	-94	-88	14	23.94	51.04	3.889
2015-07-21 17:11:55.318	30251	21501	-94	-90	13	24.34	51.06	3.889
2015-07-21 17:15:32.587	30251	21501	-94	-88	13
2015-07-21 17:31:53.962	30251	21501	-94	-88	13
2015-07-21 17:57:03.938	30251	21501	-94	-88	13	23.88	52.15	3.889
2015-07-21 18:22:00.447	30251	21501	-94	-88	13	24.36	51.35	3.889
2015-07-21 18:46:44.394	30251	21501	-94	-89	12	24.13	51.89	3.889
2015-07-21 19:25:14.998	30251	21501	-94	-87	12	23.84	52.14	3.889
2015-07-21 19:50:42.254	30251	21501	-94	-89	12
2015-07-21 19:53:59.03	30251	21501	-94	-89	12	23.42	52.56	3.889
2015-07-21 20:05:42.022	30251	21501	-94	-87	12
2015-07-21 20:46:12.718	30251	21501	-94	-85	11	22.28	53.6	3.889
2015-07-21 21:08:50.674	30251	21501	-94	-88	11	21.69	54.07	3.889
2015-07-21 21:43:27.198	30251	21501	-94	-87	11	20.9	54.52	3.889
2015-07-21 22:10:34.586	30251	21501	-94	-87	11	20.32	54.9	3.889
2015-07-21 22:25:52.591	30251	21501	-94	-88	11
2015-07-21 22:39:31.266	30251	21501	-94	-86	11
2015-07-21 22:42:51.154	30251	21501	-94	-87	11	19.68	55.43	3.889
2015-07-21 23:15:59.71	30251	21501	-94	-88	11	18.92	56.81	3.889
2015-07-21 23:36:25.939	30251	21501	-94	-88	10	18.52	57.38	3.889
2015-07-21 23:43:26.882	30251	21501	-94	-88	10
2015-07-22 00:06:06.474	30251	21501	-94	-88	10	18.04	58.03	3.889
2015-07-22 00:40:45.131	30251	21501	-94	-88	10	17.53	58.43	3.889
2015-07-22 01:01:01.847	30251	21501	-94	-88	10
2015-07-22 01:13:20.014	30251	21501	-94	-87	10
2015-07-22 01:16:07.098	30251	21501	-94	-87	10	17.25	58.51	3.889
2015-07-22 01:38:31.99	30251	21501	-94	-87	10	17.02	58.68	3.889
2015-07-22 02:18:39.31	30251	21501	-94	-88	10
2015-07-22 02:24:17.55	30251	21501	-94	-88	10	16.64	58.71	3.889
2015-07-22 02:38:46.822	30251	21501	-94	-87	10	16.43	59.04	3.889
2015-07-22 03:07:33.287	30251	21501	-94	-88	10	16.21	59.21	3.889
2015-07-22 03:36:11.391	30251	21501	-94	-88	10
2015-07-22 03:47:09.434	30251	21501	-94	-88	10
2015-07-22 03:48:45.162	30251	21501	-94	-87	10	16.04	58.95	3.889
2015-07-22 04:21:11.395	30251	21501	-94	-87	10	15.7	59.22	3.889
2015-07-22 04:42:55.618	30251	21501	-94	-88	10	15.7	59.07	3.889
2015-07-22 04:53:45.566	30251	21501	-94	-89	10
2015-07-22 05:20:52.966	30251	21501	-94	-86	10	15.61	58.82	3.889
2015-07-22 05:38:49.343	30251	21501	-94	-87	10	15.65	58.59	3.889
2015-07-22 06:11:32.758	30251	21501	-94	-86	10
2015-07-22 06:21:09.17	30251	21501	-94	-87	10
2015-07-22 06:24:00.475	30251	21501	-94	-87	10	15.5	58.27	3.889
2015-07-22 06:43:48.69	30251	21501	-94	-86	10	15.52	58.3	3.889
2015-07-22 07:22:29.534	30251	21501	-94	-87	10	15.88	57.61	3.889
2015-07-22 07:28:55.646	30251	21501	-94	-87	10
2015-07-22 07:56:00.035	30251	21501	-94	-87	10	16.36	56.82	3.877
2015-07-22 08:21:26.222	30251	21501	-94	-85	10	16.86	56.23	3.877
2015-07-22 08:46:32.063	30251	21501	-94	-87	10
2015-07-22 08:48:53.042	30251	21501	-94	-88	10	17.36	55.61	3.877
2015-07-22 09:09:08.195	30251	21501	-94	-86	10	17.86	54.98	3.877
2015-07-22 09:39:37.042	30251	21501	-94	-86	10	18.79	53.95	3.889
2015-07-22 10:04:06.055	30251	21501	-94	-87	10
2015-07-22 10:26:49.415	30251	21501	-94	-86	10	19.77	53.0	3.877
2015-07-22 10:40:40.327	30251	21501	-94	-86	10	20.14	52.71	3.889
2015-07-22 11:16:54.967	30251	21501	-94	-87	10	20.89	52.22	3.877
2015-07-22 12:06:06.656	30251	21501	-94	-87	10	21.77	51.8	3.889
2015-07-22 12:39:16.306	30251	21501	-94	-88	10
2015-07-22 14:42:13.655	30251	21501	-94	-88	10	23.52	50.8	3.889
2015-07-22 15:14:24.622	30251	21501	-94	-88	10
2015-07-22 15:45:56.178	30251	21501	-94	-89	10	23.4	51.57	3.877
2015-07-22 16:11:50.327	30251	21501	-94	-86	10	23.04	51.97	3.889
2015-07-22 16:31:58.887	30251	21501	-94	-88	10
2015-07-22 16:36:14.698	30251	21501	-94	-86	10
2015-07-22 16:50:53.915	30251	21501	-94	-87	10	24.22	50.6	3.889
2015-07-22 17:21:56.546	30251	21501	-94	-86	10	23.93	51.2	3.877
2015-07-22 18:37:15.199	30251	21501	-94	-86	10	23.24	52.38	3.889
2015-07-22 19:06:26.174	30251	21501	-94	-87	10	22.99	52.59	3.877
2015-07-22 19:48:29.247	30251	21501	-94	-88	10	22.32	53.29	3.889
2015-07-22 20:24:57.195	30251	21501	-94	-88	10
2015-07-22 21:42:20.223	30251	21501	-94	-88	10
2015-07-22 21:42:44.319	30251	21501	-94	-87	10	20.47	54.8	3.877
2015-07-22 21:43:50.827	30251	21501	-94	-87	10
2015-07-22 22:20:13.579	30251	21501	-94	-87	10	19.61	55.88	3.889
2015-07-22 22:54:46.938	30251	21501	-94	-86	10	19.18	56.24	3.889
2015-07-22 22:59:58.622	30251	21501	-94	-86	10
2015-07-22 23:21:43.062	30251	21501	-94	-87	10	18.72	56.93	3.889
2015-07-22 23:47:46.39	30251	21501	-94	-86	10	18.17	57.54	3.877
2015-07-23 00:17:28.298	30251	21501	-94	-86	10
2015-07-23 00:17:38.338	30251	21501	-94	-85	10
2015-07-23 00:18:02.055	30251	21501	-94	-86	10	17.75	57.81	3.889
2015-07-23 00:56:08.03	30251	21501	-94	-86	10	17.49	57.92	3.889
2015-07-23 01:18:58.538	30251	21501	-94	-86	10	17.33	57.96	3.889
2015-07-23 01:35:03.314	30251	21501	-94	-86	10
2015-07-23 01:57:47.798	30251	21501	-94	-86	10	17.1	58.01	3.877
2015-07-23 02:15:24.374	30251	21501	-94	-86	10	16.97	57.99	3.877
2015-07-23 02:41:48.366	30251	21501	-94	-86	10	16.89	57.8	3.889
2015-07-23 02:51:27.874	30251	21501	-94	-86	10
2015-07-23 02:52:37.414	30251	21501	-94	-86	10
2015-07-23 03:17:56.17	30251	21501	-94	-86	10	16.75	57.81	3.877
2015-07-23 03:56:02.878	30251	21501	-94	-86	10	16.45	58.24	3.877
2015-07-23 04:10:14.49	30251	21501	-94	-86	10
2015-07-23 04:17:10.262	30251	21501	-94	-87	10	16.22	58.5	3.877
2015-07-23 04:44:10.007	30251	21501	-94	-86	10	15.97	58.67	3.877
2015-07-23 05:25:15.838	30251	21501	-94	-86	10
2015-07-23 05:26:42.306	30251	21501	-94	-86	10	15.71	58.72	3.877
2015-07-23 05:27:47.286	30251	21501	-94	-86	10
2015-07-23 05:58:13.879	30251	21501	-94	-85	10	15.58	58.55	3.877
2015-07-23 06:24:31.394	30251	21501	-94	-86	10	15.54	58.43	3.877
2015-07-23 06:45:22.814	30251	21501	-94	-85	10
2015-07-23 06:47:40.351	30251	21501	-94	-86	10	15.68	58.18	3.877
2015-07-23 07:13:51.363	30251	21501	-94	-86	10	15.75	57.89	3.877
2015-07-23 07:38:47.303	30251	21501	-94	-85	10	15.95	57.51	3.877
2015-07-23 07:59:05.83	30251	21501	-94	-85	10
2015-07-23 08:02:57.219	30251	21501	-94	-85	10
2015-07-23 08:11:49.738	30251	21501	-94	-85	10	16.86	56.53	3.877
2015-07-23 08:52:05.37	30251	21501	-97	-86	10	17.88	55.35	3.877
2015-07-23 09:08:11.234	30251	21501	-94	-85	10	18.38	54.75	3.877
2015-07-23 09:20:31.47	30251	21501	-94	-86	10
2015-07-23 09:55:00.666	30251	21501	-94	-86	10	19.6	53.25	3.877
2015-07-23 10:27:47.335	30251	21501	-94	-86	10	20.52	52.29	3.877
2015-07-23 10:32:54.206	30251	21501	-94	-87	10
2015-07-23 10:38:07.358	30251	21501	-94	-85	10
2015-07-23 10:54:26.735	30251	21501	-94	-86	10	21.15	51.84	3.877
2015-07-23 11:14:15.815	30251	21501	-94	-86	10	21.61	51.4	3.877
2015-07-23 11:55:46.75	30251	21501	-94	-87	10
2015-07-23 11:57:45.798	30251	21501	-94	-87	10	22.15	51.28	3.877
2015-07-23 12:10:16.735	30251	21501	-94	-88	10	22.28	51.43	3.877
2015-07-23 12:51:18.818	30251	21501	-94	-87	10	23.27	50.6	3.877
2015-07-23 13:06:43.867	30251	21501	-94	-87	10
2015-07-23 13:13:21.062	30251	21501	-94	-87	10
2015-07-23 13:25:31.495	30251	21501	-94	-87	10	24.13	49.92	3.877
2015-07-23 14:43:16.59	30251	21501	-94	-87	10	25.58	49.04	3.889
2015-07-23 15:27:38.11	30251	21501	-94	-86	10	25.77	49.64	3.877
2015-07-23 15:40:42.919	30251	21501	-94	-88	10
2015-07-23 16:07:06.93	30251	21501	-94	-88	10	26.3	49.42	3.877
2015-07-23 16:37:51.539	30251	21501	-94	-86	10	27.57	47.88	3.889
2015-07-23 17:11:45.447	30251	21501	-94	-87	10	26.65	50.27	3.889
2015-07-23 18:23:36.526	30251	21501	-94	-88	10
2015-07-23 19:41:11.263	30251	21501	-94	-88	10
2015-07-23 22:25:40.127	30251	21501	-94	-87	10	21.52	54.61	3.889
2015-07-23 23:27:51.534	30251	21501	-94	-86	10	20.36	55.46	3.889
2015-07-23 23:33:55.198	30251	21501	-94	-87	10
2015-07-23 23:45:03.718	30251	21501	-94	-87	10	20.14	55.83	3.877
2015-07-24 00:22:56.15	30251	21501	-94	-87	10	19.42	56.52	3.877
2015-07-24 00:51:30.378	30251	21501	-94	-86	10
2015-07-24 00:51:52.67	30251	21501	-94	-86	10	18.89	57.14	3.889
2015-07-24 01:07:50.526	30251	21501	-94	-86	10	18.45	57.85	3.889
2015-07-24 01:39:03.027	30251	21501	-94	-87	10	17.86	58.61	3.877
2015-07-24 01:55:46.603	30251	21501	-94	-86	10
2015-07-24 02:09:05.395	30251	21501	-94	-86	10
2015-07-24 02:17:04.208	30251	21501	-94	-86	10	17.2	59.1	3.889
2015-07-24 02:47:46.146	30251	21501	-94	-87	10	16.93	59.06	3.889
2015-07-24 03:17:55.206	30251	21501	-94	-86	10	16.43	59.42	3.889
2015-07-24 03:26:39.778	30251	21501	-94	-87	10
2015-07-24 03:55:01.135	30251	21501	-94	-87	10	15.85	59.39	3.877
2015-07-24 04:15:46.646	30251	21501	-94	-86	10	15.78	59.32	3.877
2015-07-24 04:29:35.35	30251	21501	-94	-85	10
2015-07-24 04:44:14.474	30251	21501	-94	-86	10
2015-07-24 04:49:39.642	30251	21501	-94	-86	10	15.75	58.99	3.877
2015-07-24 05:21:30.81	30251	21501	-94	-86	10	15.22	59.65	3.877
2015-07-24 05:45:12.022	30251	21501	-94	-86	10	15.22	59.44	3.877
2015-07-24 06:01:49.371	30251	21501	-94	-86	10
2015-07-24 06:13:11.594	30251	21501	-94	-86	10	14.86	59.62	3.877
2015-07-24 06:41:00.882	30251	21501	-94	-86	10	14.78	59.4	3.877
2015-07-24 07:03:23.927	30251	21501	-94	-86	10
2015-07-24 07:14:04.55	30251	21501	-94	-85	10	14.92	58.89	3.877
2015-07-24 07:19:24.122	30251	21501	-97	-86	10
2015-07-24 07:48:20.855	30251	21501	-94	-85	10	15.54	57.89	3.877
2015-07-24 08:19:06.734	30251	21501	-94	-86	10	16.29	57.11	3.877
2015-07-24 08:36:24.814	30251	21501	-94	-85	10	16.95	56.33	3.877
2015-07-24 08:36:58.794	30251	21501	-94	-85	10
2015-07-24 09:24:22.226	30251	21501	-94	-86	10	18.58	54.19	3.877
2015-07-24 09:37:12.967	30251	21501	-94	-86	10
2015-07-24 09:46:44.751	30251	21501	-94	-85	10	19.46	53.27	3.877
2015-07-24 09:54:33.746	30251	21501	-94	-86	10
2015-07-24 10:12:24.103	30251	21501	-94	-85	10	20.27	52.47	3.877
2015-07-24 10:44:15.967	30251	21501	-94	-87	10	21.31	51.61	3.877
2015-07-24 11:08:55.219	30251	21501	-94	-86	10	22.01	51.26	3.877
2015-07-24 11:12:08.666	30251	21501	-94	-85	10
2015-07-24 11:47:55.039	30251	21501	-94	-87	10	22.99	50.66	3.877
2015-07-24 12:11:02.126	30251	21501	-94	-87	10
2015-07-24 12:21:53.615	30251	21501	-94	-87	10	24.01	50.0	3.877
2015-07-24 12:29:45.123	30251	21501	-94	-88	10
2015-07-24 12:40:19.803	30251	21501	-94	-88	10	24.41	49.6	3.877
2015-07-24 13:19:03.251	30251	21501	-94	-85	10	25.44	48.92	3.877
2015-07-24 13:47:34.495	30251	21501	-94	-87	10
2015-07-24 14:27:49.866	30251	21501	-94	-88	10	26.4	49.56	3.889
2015-07-24 14:36:35.362	30251	21501	-94	-89	10	26.82	49.16	3.877
2015-07-24 14:44:53.847	30251	21501	-94	-88	10
2015-07-24 15:04:52.73	30251	21501	-94	-88	10
2015-07-24 16:13:34.463	30251	21501	-94	-87	10	27.63	49.56	3.889
2015-07-24 16:49:28.411	30251	21501	-94	-87	10	28.3	48.96	3.889
2015-07-24 17:18:54.922	30251	21501	-94	-87	10
2015-07-24 17:22:27.558	30251	21501	-94	-89	10	27.91	50.37	3.877
2015-07-24 17:40:02.13	30251	21501	-94	-88	10
2015-07-24 17:56:16.255	30251	21501	-94	-88	10	27.77	50.52	3.889
2015-07-24 18:19:36.126	30251	21501	-94	-88	10	27.65	50.47	3.877
2015-07-24 18:43:19.984	30251	21501	-94	-88	10	27.27	50.81	3.889
2015-07-24 19:47:20.479	30251	21501	-94	-88	10	26.44	51.88	3.889
2015-07-24 19:52:27.843	30251	21501	-94	-87	10
2015-07-24 20:15:12.622	30251	21501	-94	-88	10
2015-07-24 20:20:12.15	30251	21501	-94	-89	10	25.8	52.44	3.889
2015-07-24 20:48:45.534	30251	21501	-94	-88	10	25.22	52.96	3.889
2015-07-24 21:25:35.091	30251	21501	-94	-87	10	24.29	53.84	3.889
2015-07-24 21:32:46.763	30251	21501	-94	-87	10
2015-07-24 21:52:04.934	30251	21501	-94	-87	10	23.85	54.0	3.889
2015-07-24 22:19:17.21	30251	21501	-94	-86	10	23.4	54.22	3.889
2015-07-24 22:26:17.042	30251	21501	-94	-87	10
2015-07-24 22:50:22.318	30251	21501	-94	-87	10
2015-07-24 22:53:49.259	30251	21501	-94	-87	10	22.72	54.81	3.889
2015-07-24 23:16:02.462	30251	21501	-94	-86	10	22.58	54.88	3.889
2015-07-24 23:50:54.19	30251	21501	-94	-87	10	22.15	55.01	3.889
2015-07-25 00:07:56.954	30251	21501	-94	-87	10
2015-07-25 00:22:12.427	30251	21501	-94	-87	10	21.42	55.77	3.889
2015-07-25 00:43:25.542	30251	21501	-94	-87	10	21.44	55.62	3.889
2015-07-25 01:00:06.514	30251	21501	-94	-86	10
2015-07-25 01:25:30.686	30251	21501	-94	-87	10
2015-07-25 01:26:36.394	30251	21501	-94	-87	10	20.78	56.23	3.889
2015-07-25 01:36:26.886	30251	21501	-94	-88	10	20.61	56.45	3.889
2015-07-25 02:12:47.53	30251	21501	-94	-87	10	20.04	57.04	3.889
2015-07-25 02:43:06.531	30251	21501	-94	-87	10
2015-07-25 02:46:14.106	30251	21501	-94	-88	10	19.75	57.17	3.889
2015-07-25 03:23:47.25	30251	21501	-94	-88	10	19.29	57.71	3.889
2015-07-25 03:33:55.53	30251	21501	-94	-87	10
2015-07-25 03:44:20.219	30251	21501	-94	-87	10	19.04	57.89	3.889
2015-07-25 04:00:41.022	30251	21501	-94	-86	10
2015-07-25 04:17:31.15	30251	21501	-94	-87	10	18.32	58.56	3.889
2015-07-25 04:39:40.715	30251	21501	-94	-86	10	18.18	58.5	3.889
2015-07-25 05:08:25.394	30251	21501	-94	-87	10	17.95	58.56	3.889
2015-07-25 05:18:16.17	30251	21501	-94	-87	10
2015-07-25 05:38:53.242	30251	21501	-94	-87	10	17.64	58.66	3.889
2015-07-25 06:07:43.77	30251	21501	-94	-87	10
2015-07-25 06:24:35.411	30251	21501	-94	-87	10	17.36	58.77	3.877
2015-07-25 06:35:50.627	30251	21501	-94	-87	10
2015-07-25 06:37:20.362	30251	21501	-94	-86	10	17.24	58.87	3.889
2015-07-25 07:22:51.542	30251	21501	-94	-86	10	17.14	58.43	3.877
2015-07-25 07:53:25.919	30251	21501	-94	-87	10
2015-07-25 07:53:30.579	30251	21501	-94	-87	10	17.82	57.34	3.877
2015-07-25 08:22:31.099	30251	21501	-94	-86	10	18.72	56.17	3.877
2015-07-25 08:41:31.934	30251	21501	-94	-88	10
2015-07-25 09:07:34.694	30251	21501	-94	-88	10	20.03	54.4	3.877
2015-07-25 09:11:01.074	30251	21501	-94	-87	10
2015-07-25 09:44:11.411	30251	21501	-94	-87	10	21.15	53.19	3.865
2015-07-25 10:25:11.011	30251	21501	-94	-87	10	22.4	51.82	3.877
2015-07-25 10:28:48.822	30251	21501	-97	-88	10
2015-07-25 11:15:20.495	30251	21501	-94	-87	10
2015-07-25 11:18:30.819	30251	21501	-94	-87	10	24.26	50.19	3.889
2015-07-25 11:46:12.824	30251	21501	-94	-87	10
2015-07-25 11:54:15.603	30251	21501	-94	-88	10	25.24	49.51	3.877
2015-07-25 13:08:54.674	30251	21501	-94	-88	10	26.86	48.45	3.877
2015-07-25 13:44:37.018	30251	21501	-94	-88	10	27.27	48.63	3.889
2015-07-25 14:21:20.631	30251	21501	-94	-86	10
2015-07-25 14:56:08.45	30251	21501	-94	-88	10	28.88	47.68	3.877
2015-07-25 15:38:57.35	30251	21501	-94	-88	10
2015-07-25 15:52:15.095	30251	21501	-94	-88	10	30.13	46.81	3.889
2015-07-25 16:22:58.53	30251	21501	-94	-90	10
2015-07-25 16:24:14.546	30251	21501	-94	-87	10	30.83	46.32	3.889
2015-07-25 16:51:55.434	30251	21501	-94	-89	10	32.97	44.38	3.889
2015-07-25 16:56:29.672	30251	21501	-94	-89	10
2015-07-25 17:18:27.598	30251	21501	-94	-90	10	30.6	48.82	3.889
2015-07-25 18:06:18.546	30251	21501	-94	-88	10	29.66	49.22	3.889
2015-07-25 18:14:03.998	30251	21501	-94	-89	10
2015-07-25 18:38:26.154	30251	21501	-94	-90	10	28.97	49.27	3.889
2015-07-25 18:56:48.258	30251	21501	-94	-89	10
2015-07-25 19:20:26.782	30251	21501	-94	-89	10	28.35	49.52	3.889
2015-07-25 19:41:44.14	30251	21501	-94	-90	10	28.04	49.61	3.889
2015-07-25 20:43:44.03	30251	21501	-94	-89	10	26.52	51.32	3.889
2015-07-25 21:14:40.355	30251	21501	-94	-89	10	25.77	52.05	3.889
2015-07-25 21:43:17.351	30251	21501	-94	-89	10	25.24	52.65	3.889
2015-07-25 22:10:44.283	30251	21501	-94	-88	10	24.88	52.98	3.889
2015-07-25 23:13:52.394	30251	21501	-94	-88	10	24.29	53.59	3.889
2015-07-25 23:44:34.614	30251	21501	-94	-88	10	23.92	53.95	3.889
2015-07-26 00:15:47.867	30251	21501	-94	-88	10	23.29	54.52	3.889
2015-07-26 00:42:09.462	30251	21501	-94	-88	10
2015-07-26 01:13:26.06	30251	21501	-94	-88	10	22.61	55.32	3.889
2015-07-26 01:51:03.403	30251	21501	-94	-88	10	22.46	55.3	3.889
2015-07-26 01:59:44.503	30251	21501	-94	-88	10
2015-07-26 02:22:38.707	30251	21501	-94	-88	10	22.0	55.88	3.889
2015-07-26 02:38:16.39	30251	21501	-94	-88	10
2015-07-26 02:39:39.211	30251	21501	-94	-88	10	21.82	56.07	3.889
2015-07-26 03:11:26.65	30251	21501	-94	-88	10	21.56	56.28	3.889
2015-07-26 03:17:07.911	30251	21501	-94	-88	10
2015-07-26 03:54:12.838	30251	21501	-94	-88	10	21.45	56.27	3.889
2015-07-26 04:19:02.074	30251	21501	-94	-88	10	21.36	56.28	3.889
2015-07-26 04:34:42.494	30251	21501	-94	-87	10
2015-07-26 04:56:20.135	30251	21501	-94	-87	10	21.2	56.32	3.889
2015-07-26 05:12:01.574	30251	21501	-94	-87	10
2015-07-26 05:16:12.742	30251	21501	-94	-88	10	21.0	56.57	3.889
2015-07-26 05:52:15.399	30251	21501	-94	-87	10	20.94	56.53	3.889
2015-07-26 05:52:17.179	30251	21501	-94	-88	10
2015-07-26 06:17:48.342	30251	21501	-94	-87	10	20.82	56.72	3.889
2015-07-26 06:58:24.63	30251	21501	-94	-87	10	20.61	56.88	3.889
2015-07-26 07:09:52.067	30251	21501	-94	-87	10
2015-07-26 07:25:14.027	30251	21501	-94	-86	10	20.61	56.82	3.889
2015-07-26 07:45:50.503	30251	21501	-94	-87	10
2015-07-26 07:46:08.178	30251	21501	-94	-88	10	20.85	56.48	3.889
2015-07-26 08:27:27.507	30251	21501	-94	-87	10
2015-07-26 08:27:38.823	30251	21501	-94	-87	10	21.63	55.49	3.889
2015-07-26 08:56:23.979	30251	21501	-94	-87	10	22.24	54.53	3.889
2015-07-26 09:23:26.286	30251	21501	-94	-87	10	22.94	53.78	3.889
2015-07-26 09:45:01.795	30251	21501	-94	-87	10
2015-07-26 09:45:50.734	30251	21501	-94	-87	10	23.5	53.14	3.877
2015-07-26 10:19:39.719	30251	21501	-94	-88	10
2015-07-26 10:39:12.374	30251	21501	-94	-87	10	24.91	51.49	3.889
2015-07-26 11:02:37.179	30251	21501	-94	-88	10
2015-07-26 11:26:03.49	30251	21501	-94	-88	10	26.19	50.25	3.889
2015-07-26 11:42:52.754	30251	21501	-94	-88	10	26.52	50.0	3.889
2015-07-26 12:09:51.071	30251	21501	-94	-88	10	26.97	49.67	3.889
2015-07-26 14:42:41.939	30251	21501	-94	-89	10	28.77	48.72	3.889
2015-07-26 14:55:21.363	30251	21501	-94	-88	10
2015-07-26 15:10:46.642	30251	21501	-94	-89	10	28.22	49.63	3.889
2015-07-26 15:27:17.054	30251	21501	-94	-89	10
2015-07-26 15:47:24.882	30251	21501	-94	-88	10	27.55	50.39	3.889
2015-07-26 16:12:56.167	30251	21501	-94	-88	10
2015-07-26 17:30:31.031	30251	21501	-94	-87	10
2015-07-26 18:54:55.822	30251	21501	-94	-88	10	26.4	51.97	3.889
2015-07-26 19:17:34.194	30251	21501	-94	-88	10	26.11	52.32	3.889
2015-07-26 20:19:06.811	30251	21501	-94	-88	10	25.24	53.22	3.889
2015-07-26 20:41:55.758	30251	21501	-94	-87	10	24.85	53.7	3.877
2015-07-26 22:40:33.658	30251	21501	-94	-88	10	23.38	55.37	3.889
2015-07-26 23:16:02.558	30251	21501	-94	-87	10	22.95	55.81	3.889
2015-07-26 23:58:25.938	30251	21501	-94	-87	10
2015-07-27 00:40:19.826	30251	21501	-94	-87	10	22.24	56.6	3.889
2015-07-27 01:20:28.262	30251	21501	-94	-87	10	21.97	56.83	3.889
2015-07-27 01:42:32.746	30251	21501	-94	-86	10
2015-07-27 02:10:15.442	30251	21501	-94	-86	10	21.61	57.09	3.889
2015-07-27 02:40:52.919	30251	21501	-94	-86	10	21.57	57.05	3.889
2015-07-27 03:13:31.851	30251	21501	-94	-86	10	21.51	57.07	3.889
2015-07-27 03:51:20.448	30251	21501	-94	-86	10
2015-07-27 03:56:08.014	30251	21501	-91	-86	10	21.29	57.19	3.889
2015-07-27 04:10:43.967	30251	21501	-94	-86	10	21.27	57.25	3.889
2015-07-27 04:16:24.747	30251	21501	-94	-86	10
2015-07-27 04:37:06.538	30251	21501	-94	-86	10	21.13	57.38	3.889
2015-07-27 05:08:46.795	30251	21501	-94	-85	10
2015-07-27 05:19:56.152	30251	21501	-94	-86	10	20.88	57.62	3.877
2015-07-27 05:58:24.094	30251	21501	-94	-88	10	20.54	57.84	3.889
2015-07-27 06:06:38.615	30251	21501	-94	-86	10	20.5	57.74	3.877
2015-07-27 06:26:18.95	30251	21501	-94	-88	10
2015-07-27 06:37:50.758	30251	21501	-94	-87	10	20.54	57.54	3.889
2015-07-27 06:50:12.806	30251	21501	-94	-88	10
2015-07-27 07:20:36.45	30251	21501	-94	-87	10	20.74	57.23	3.889
2015-07-27 07:43:37.356	30251	21501	-94	-87	10	20.79	57.12	3.889
2015-07-27 07:43:56.954	30251	21501	-94	-87	10
2015-07-27 08:07:16.49	30251	21501	-94	-86	10	21.02	57.03	3.877
2015-07-27 08:44:08.851	30251	21501	-94	-88	10	21.4	56.63	3.877
2015-07-27 09:01:29.358	30251	21501	-94	-86	10
2015-07-27 09:18:23.895	30251	21501	-94	-87	10	21.78	56.04	3.889
2015-07-27 09:23:59.198	30251	21501	-94	-87	10
2015-07-27 09:54:10.971	30251	21501	-94	-88	10	22.36	55.53	3.877
2015-07-27 10:12:13.619	30251	21501	-94	-89	10	22.84	54.89	3.877
2015-07-27 10:19:04.983	30251	21501	-94	-88	10
2015-07-27 10:57:33.014	30251	21501	-94	-88	10	24.1	53.57	3.877
2015-07-27 11:06:54.814	30251	21501	-94	-88	10	24.26	53.27	3.889
2015-07-27 11:36:52.194	30251	21501	-94	-88	10
2015-07-27 11:42:10.586	30251	21501	-94	-88	10	25.32	52.21	3.889
2015-07-27 12:19:18.03	30251	21501	-94	-88	10	26.16	51.53	3.889
2015-07-27 12:54:13.054	30251	21501	-94	-87	10
2015-07-27 13:55:18.499	30251	21501	-94	-88	10	27.58	49.94	3.889
2015-07-27 14:21:06.671	30251	21501	-94	-89	10	28.47	49.01	3.889
2015-07-27 14:58:07.402	30251	21501	-94	-89	10	28.19	49.95	3.889
2015-07-27 15:29:22.402	30251	21501	-94	-89	10
2015-07-27 16:20:47.106	30251	21501	-94	-88	10	30.13	47.97	3.889
2015-07-27 16:48:15.662	30251	21501	-94	-88	10	32.26	45.65	3.889
2015-07-27 17:05:36.05	30251	21501	-94	-89	10
2015-07-27 17:41:07.162	30251	21501	-94	-89	10	30.1	49.74	3.889
2015-07-27 18:04:32.666	30251	21501	-94	-88	10
2015-07-27 18:22:01.463	30251	21501	-94	-90	10	29.41	49.94	3.889
2015-07-27 18:53:04.411	30251	21501	-94	-89	10	29.05	50.06	3.889
2015-07-27 19:16:54.071	30251	21501	-94	-89	10	28.85	50.3	3.889
2015-07-27 19:22:07.387	30251	21501	-94	-89	10
2015-07-27 19:39:13.579	30251	21501	-94	-88	10
2015-07-27 19:56:38.902	30251	21501	-94	-88	10	28.16	51.08	3.889
2015-07-27 20:08:52.178	30251	21501	-94	-88	10	27.71	51.44	3.889
2015-07-27 20:39:53.351	30251	21501	-94	-88	10
2015-07-27 20:54:30.586	30251	21501	-94	-88	10	26.26	53.1	3.889
2015-07-27 21:20:38.43	30251	21501	-94	-88	10	25.54	53.76	3.889
2015-07-27 21:42:11.746	30251	21501	-94	-88	10	25.1	54.21	3.889
2015-07-27 21:57:16.439	30251	21501	-94	-87	10
2015-07-27 22:13:02.335	30251	21501	-94	-87	10
2015-07-27 22:15:11.422	30251	21501	-94	-87	10	24.4	54.96	3.889
2015-07-27 22:41:29.515	30251	21501	-94	-87	10	24.24	55.09	3.889
2015-07-27 23:07:35.803	30251	21501	-94	-87	10	24.07	55.03	3.889
2015-07-27 23:14:50.891	30251	21501	-94	-87	10
2015-07-27 23:55:12.162	30251	21501	-94	-87	10	23.72	55.36	3.889
2015-07-28 00:27:36.919	30251	21501	-94	-87	10	23.51	55.58	3.889
2015-07-28 00:32:26.494	30251	21501	-94	-87	10
2015-07-28 00:46:51.194	30251	21501	-94	-87	10
2015-07-28 00:48:57.867	30251	21501	-94	-87	10	23.32	55.8	3.889
2015-07-28 01:15:56.015	30251	21501	-94	-88	10	22.96	56.18	3.889
2015-07-28 01:50:02.335	30251	21501	-94	-87	10
2015-07-28 01:50:20.963	30251	21501	-94	-87	10	22.75	56.39	3.889
2015-07-28 02:07:37.494	30251	21501	-94	-88	10	22.45	56.78	3.889
2015-07-28 02:44:29.266	30251	21501	-94	-88	10	21.94	57.32	3.889
2015-07-28 03:25:42.602	30251	21501	-94	-87	10	21.67	57.64	3.889
2015-07-28 03:40:20.124	30251	21501	-94	-87	10	21.51	57.74	3.877
2015-07-28 04:13:56.651	30251	21501	-94	-87	10	21.24	57.85	3.889
2015-07-28 04:25:10.438	30251	21501	-94	-87	10
2015-07-28 04:48:00.427	30251	21501	-94	-86	10	21.1	57.95	3.877
2015-07-28 05:12:58.999	30251	21501	-94	-87	10	20.97	58.05	3.889
2015-07-28 05:54:28.683	30251	21501	-94	-86	10
2015-07-28 06:27:56.842	30251	21501	-94	-87	10	20.57	58.21	3.889
2015-07-28 06:55:45.907	30251	21501	-94	-85	10	20.45	58.31	3.889
2015-07-28 07:00:20.646	30251	21501	-94	-85	10
2015-07-28 07:10:50.554	30251	21501	-94	-86	10	20.5	58.23	3.877
2015-07-28 07:38:32.15	30251	21501	-94	-88	10	20.75	57.87	3.877
2015-07-28 08:17:54.463	30251	21501	-94	-89	10
2015-07-28 08:26:37.743	30251	21501	-94	-88	10	21.63	56.69	3.877
2015-07-28 08:28:22.227	30251	21501	-94	-89	10
2015-07-28 08:51:18.786	30251	21501	-94	-89	10	22.21	56.01	3.877
2015-07-28 09:06:25.85	30251	21501	-94	-89	10	22.59	55.57	3.889
2015-07-28 09:35:31.318	30251	21501	-94	-88	10
2015-07-28 09:56:00.838	30251	21501	-94	-90	10	24.07	54.03	3.877
2015-07-28 10:26:20.355	30251	21501	-94	-89	10	24.93	52.86	3.889
2015-07-28 10:39:45.627	30251	21501	-94	-89	10	25.36	52.5	3.877
2015-07-28 10:53:04.854	30251	21501	-94	-90	10
2015-07-28 11:02:07.207	30251	21501	-94	-89	10
2015-07-28 11:08:21.271	30251	21501	-94	-89	10	26.08	51.77	3.889
2015-07-28 11:42:22.247	30251	21501	-94	-89	10	27.19	50.47	3.889
2015-07-28 12:10:38.659	30251	21501	-94	-90	10
2015-07-28 12:26:37.014	30251	21501	-94	-90	10	28.16	49.49	3.877
2015-07-28 12:43:31.579	30251	21501	-94	-90	10	28.47	49.27	3.889
2015-07-28 13:08:15.795	30251	21501	-94	-91	10	28.88	49.06	3.889
2015-07-28 13:28:13.947	30251	21501	-94	-89	10
2015-07-28 13:35:57.106	30251	21501	-94	-89	10
2015-07-28 13:52:15.355	30251	21501	-94	-89	10	29.83	48.13	3.889
2015-07-28 14:25:08.583	30251	21501	-94	-90	10	30.68	47.73	3.889
2015-07-28 14:46:05.366	30251	21501	-94	-90	10
2015-07-28 14:46:48.586	30251	21501	-94	-90	14	29.94	49.46	3.889
2015-07-28 15:06:55.307	30251	21501	-94	-90	14	29.25	50.61	3.889
2015-07-28 15:38:49.266	30251	21501	-94	-90	13	30.32	48.58	3.889
2015-07-28 16:03:26.054	30251	21501	-94	-90	13
2015-07-28 16:09:54.894	30251	21501	-94	-91	12
2015-07-28 16:14:59.582	30251	21501	-94	-91	12	31.08	47.75	3.889
2015-07-28 16:46:15.015	30251	21501	-97	-90	11	31.52	47.27	3.889
2015-07-28 17:20:58.066	30251	21501	-94	-91	11
2015-07-28 17:22:50.95	30251	21501	-94	-90	11	30.44	49.68	3.889
2015-07-28 17:58:35.339	30251	21501	-94	-91	11	29.97	50.08	3.889
2015-07-28 18:10:30.566	30251	21501	-94	-90	11	29.88	50.01	3.889
2015-07-28 18:38:44.79	30251	21501	-94	-90	11
2015-07-28 18:43:32.911	30251	21501	-94	-90	11
2015-07-28 18:44:30.911	30251	21501	-94	-90	11	29.51	50.28	3.889
2015-07-28 19:26:45.711	30251	21501	-94	-90	11	28.96	50.83	3.889
2015-07-28 19:54:21.874	30251	21501	-94	-89	10	28.52	51.42	3.889
2015-07-28 19:56:08.41	30251	21501	-94	-90	10
2015-07-28 20:17:49.927	30251	21501	-94	-89	10	27.66	52.11	3.889
2015-07-28 20:36:11.363	30251	21501	-94	-89	10	27.24	52.6	3.877
2015-07-28 21:11:00.388	30251	21501	-94	-89	10	26.41	53.38	3.889
2015-07-28 21:13:43.286	30251	21501	-94	-90	10
2015-07-28 21:17:20.835	30251	21501	-94	-89	10
2015-07-28 21:45:00.222	30251	21501	-94	-89	10	25.82	54.06	3.889
2015-07-28 22:19:28.226	30251	21501	-94	-89	10	25.38	54.37	3.889
2015-07-28 22:31:17.882	30251	21501	-94	-89	10
2015-07-28 22:44:08.215	30251	21501	-94	-89	10	25.21	54.63	3.889
2015-07-28 23:25:34.727	30251	21501	-94	-89	10	24.88	54.87	3.889
2015-07-28 23:48:52.755	30251	21501	-94	-88	10
2015-07-28 23:50:32.022	30251	21501	-94	-88	10	24.61	55.17	3.889
2015-07-28 23:51:10.026	30251	21501	-94	-88	10
2015-07-29 00:11:59.894	30251	21501	-94	-88	10	24.44	55.37	3.889
2015-07-29 00:45:39.659	30251	21501	-94	-88	10	24.14	55.7	3.889
2015-07-29 01:06:27.983	30251	21501	-94	-88	10
2015-07-29 01:22:47.099	30251	21501	-94	-88	10	23.77	56.08	3.889
2015-07-29 01:44:49.398	30251	21501	-94	-88	10	23.51	56.29	3.889
2015-07-29 02:13:19.311	30251	21501	-94	-87	10	23.26	56.62	3.889
2015-07-29 02:24:01.61	30251	21501	-94	-87	10
2015-07-29 02:24:58.918	30251	21501	-94	-87	10
2015-07-29 02:40:09.446	30251	21501	-94	-88	10	23.1	56.78	3.889
2015-07-29 03:10:07.978	30251	21501	-94	-88	10	22.74	57.22	3.889
2015-07-29 03:38:08.827	30251	21501	-94	-87	10	22.36	57.62	3.889
2015-07-29 03:41:39.315	30251	21501	-94	-87	10
2015-07-29 04:17:44.643	30251	21501	-94	-88	10	22.01	57.94	3.889
2015-07-29 04:58:06.01	30251	21501	-94	-87	10	21.97	57.66	3.889
2015-07-29 04:58:47.703	30251	21501	-94	-87	10
2015-07-29 04:59:11.982	30251	21501	-94	-87	10
2015-07-29 05:06:09.247	30251	21501	-94	-87	10	21.95	57.65	3.889
2015-07-29 05:37:47.002	30251	21501	-94	-87	10	21.71	57.89	3.877
2015-07-29 06:11:16.49	30251	21501	-94	-87	10	21.1	58.5	3.889
2015-07-29 06:16:49.175	30251	21501	-94	-86	10
2015-07-29 06:38:44.126	30251	21501	-94	-87	10	20.99	58.51	3.889
2015-07-29 07:08:58.319	30251	21501	-94	-87	10	20.96	58.42	3.877
2015-07-29 07:32:36.318	30251	21501	-94	-87	10
2015-07-29 07:34:21.786	30251	21501	-94	-87	10
2015-07-29 07:44:17.399	30251	21501	-94	-87	10	21.2	57.94	3.877
2015-07-29 08:11:49.962	30251	21501	-94	-88	10	21.54	57.32	3.877
2015-07-29 08:40:22.802	30251	21501	-94	-87	10	22.19	56.65	3.889
2015-07-29 08:51:56.251	30251	21501	-94	-88	10
2015-07-29 09:12:24.787	30251	21501	-94	-88	10	23.14	55.31	3.889
2015-07-29 09:57:33.859	30251	21501	-94	-87	10	24.61	53.39	3.877
2015-07-29 10:06:26.015	30251	21501	-94	-88	10
2015-07-29 10:09:30.967	30251	21501	-94	-88	10
2015-07-29 10:13:01.323	30251	21501	-94	-87	10	25.08	52.94	3.877
2015-07-29 10:47:21.323	30251	21501	-94	-88	10	26.01	51.95	3.877
2015-07-29 11:07:08.194	30251	21501	-94	-88	10	26.44	51.6	3.877
2015-07-29 11:27:18.106	30251	21501	-94	-87	10
2015-07-29 11:43:02.842	30251	21501	-94	-88	10	27.54	50.42	3.877
2015-07-29 12:24:38.874	30251	21501	-94	-88	10	28.44	49.59	3.877
2015-07-29 12:40:13.49	30251	21501	-94	-88	10
2015-07-29 12:42:28.867	30251	21501	-94	-87	10	28.97	49.1	3.889
2015-07-29 12:44:41.435	30251	21501	-94	-88	10
2015-07-29 13:23:06.062	30251	21501	-94	-88	10	29.47	48.87	3.877
2015-07-29 13:41:24.718	30251	21501	-94	-88	10	29.36	49.25	3.877
2015-07-29 14:02:15.978	30251	21501	-94	-88	10
2015-07-29 14:24:48.938	30251	21501	-94	-89	10	29.54	49.54	3.877
2015-07-29 14:45:10.994	30251	21501	-94	-89	10	30.11	48.82	3.889
2015-07-29 15:10:54.139	30251	21501	-94	-87	10	30.5	48.51	3.889
2015-07-29 15:19:49.99	30251	21501	-94	-87	10
2015-07-29 16:07:00.932	30251	21501	-94	-88	10	31.33	47.75	3.889
2015-07-29 16:37:26.046	30251	21501	-94	-88	10
2015-07-29 16:50:28.698	30251	21501	-94	-89	10	32.69	46.84	3.889
2015-07-29 17:25:59.258	30251	21501	-94	-88	10	31.25	49.62	3.889
2015-07-29 17:39:27.967	30251	21501	-94	-88	10	31.19	49.45	3.889
2015-07-29 17:47:50.922	30251	21501	-94	-89	10
2015-07-29 17:54:59.174	30251	21501	-94	-89	10
2015-07-29 18:10:29.206	30251	21501	-94	-88	10	30.83	49.6	3.889
2015-07-29 18:41:04.85	30251	21501	-94	-88	10	30.6	49.41	3.889
2015-07-29 19:12:34.755	30251	21501	-94	-88	10
2015-07-29 19:14:54.143	30251	21501	-94	-88	10	30.3	49.63	3.889
2015-07-29 19:48:34.923	30251	21501	-94	-88	10	29.72	50.44	3.889
2015-07-29 20:07:56.298	30251	21501	-94	-88	10	29.27	51.1	3.889
2015-07-29 20:21:38.979	30251	21501	-94	-88	10
2015-07-29 20:30:09.274	30251	21501	-94	-87	10
2015-07-29 21:16:09.042	30251	21501	-94	-88	10	28.13	52.69	3.889
2015-07-29 21:47:01.583	30251	21501	-94	-87	10	27.74	53.21	3.889
2015-07-29 21:47:44.002	30251	21501	-94	-87	10
2015-07-29 22:24:10.702	30251	21501	-94	-87	10	26.91	54.3	3.889
2015-07-29 22:50:23.878	30251	21501	-94	-87	10	26.58	54.67	3.889
2015-07-29 22:55:27.762	30251	21501	-94	-87	10
2015-07-29 23:05:20.022	30251	21501	-94	-87	10
2015-07-29 23:11:10.699	30251	21501	-94	-87	10	26.41	54.8	3.889
2015-07-29 23:48:36.615	30251	21501	-94	-87	10	25.9	55.39	3.889
2015-07-30 00:21:12.782	30251	21501	-94	-87	10	25.69	55.58	3.889
2015-07-30 00:22:53.618	30251	21501	-94	-87	10
2015-07-30 00:44:29.743	30251	21501	-94	-86	10	25.77	55.34	3.889
2015-07-30 01:13:39.803	30251	21501	-94	-86	10	25.68	55.45	3.889
2015-07-30 01:29:17.374	30251	21501	-94	-87	10
2015-07-30 01:40:29.391	30251	21501	-94	-87	10
2015-07-30 01:48:13.707	30251	21501	-94	-86	10	25.44	55.76	3.889
2015-07-30 02:12:30.454	30251	21501	-94	-85	10	25.3	55.99	3.889
2015-07-30 02:43:17.055	30251	21501	-94	-86	10	25.24	56.14	3.889
2015-07-30 02:58:03.643	30251	21501	-94	-87	10
2015-07-30 03:10:46.483	30251	21501	-94	-85	10	24.94	56.37	3.889
2015-07-30 03:55:10.386	30251	21501	-94	-87	10	24.77	56.6	3.889
2015-07-30 04:03:07.275	30251	21501	-94	-91	10
2015-07-30 04:15:39.779	30251	21501	-94	-89	10
2015-07-30 04:26:35.095	30251	21501	-94	-90	10	24.63	56.73	3.889
2015-07-30 05:33:25.09	30251	21501	-94	-90	10
2015-07-30 14:18:24.391	30251	21501	-94	-90	29
2015-07-30 19:46:45.442	30251	21501	-94	-90	29
2015-07-30 20:10:42.635	30251	21501	-94	-91	31	26.86	54.2	3.889
2015-07-30 22:21:46.102	30251	21501	-94	-89	29
2015-07-31 06:22:07.482	30251	21501	-94	-90	19	19.15	60.35	3.901
2015-07-31 07:09:38.239	30251	21501	-94	-90	19	19.07	60.22	3.877
2015-07-31 07:52:40.23	30251	21501	-94	-90	18	19.47	59.33	3.877
2015-07-31 08:15:07.486	30251	21501	-94	-89	17
2015-07-31 08:53:07.186	30251	21501	-94	-89	17	20.64	57.73	3.877
2015-07-31 10:00:03.974	30251	21501	-94	-90	16
2015-07-31 11:45:10.358	30251	21501	-94	-90	23	25.54	52.05	3.877
2015-07-31 13:22:47.022	30251	21501	-94	-90	23
2015-07-31 14:20:17.943	30251	21501	-94	-88	19	28.72	50.18	3.877
2015-07-31 15:10:21.684	30251	21501	-94	-90	19
2015-07-31 16:28:04.719	30251	21501	-94	-89	15
2015-07-31 18:46:13.047	30251	21501	-94	-90	10	27.61	52.23	3.877
2015-07-31 19:53:50.518	30251	21501	-94	-90	14	26.91	52.97	3.889
2015-07-31 20:57:53.012	30251	21501	-94	-89	14	25.76	54.33	3.889
2015-07-31 21:44:14.932	30251	21501	-94	-90	13	24.93	55.37	3.877
2015-07-31 22:41:40.286	30251	21501	-94	-90	13	24.36	55.82	3.877
2015-07-31 23:16:14.839	30251	21501	-94	-90	13	23.92	56.29	3.877
2015-07-31 23:38:43.203	30251	21501	-94	-90	13	23.67	56.62	3.877
2015-08-01 00:39:09.015	30251	21501	-94	-90	13	23.18	56.98	3.877
2015-08-01 02:50:19.655	30251	21501	-94	-90	15	22.75	57.35	3.877
2015-08-01 05:23:40.198	30251	21501	-94	-90	19	20.72	59.73	3.877
2015-08-01 09:53:16.007	30251	21501	-94	-90	18
2015-08-01 11:51:38.802	30251	21501	-94	-90	19
2015-08-01 12:27:09.786	30251	21501	-94	-89	18
2015-08-01 15:23:14.884	30251	21501	-94	-89	17	27.33	51.46	3.877
2015-08-01 15:44:23.926	30251	21501	-94	-90	17
2015-08-01 19:06:33.527	30251	21501	-94	-90	15	24.74	55.69	3.877
2015-08-01 22:42:17.607	30251	21501	-94	-89	13
2015-08-01 23:29:51.811	30251	21501	-94	-89	12
2015-08-02 00:25:04.679	30251	21501	-94	-90	12	20.31	59.82	3.877
2015-08-02 00:47:26.694	30251	21501	-94	-88	12
2015-08-02 02:12:23.334	30251	21501	-94	-90	12	19.77	59.71	3.877
2015-08-02 03:41:59.714	30251	21501	-94	-90	12	19.5	59.64	3.877
2015-08-02 09:43:27.954	30251	21501	-94	-89	15	21.08	56.67	3.877
2015-08-02 11:31:19.174	30251	21501	-94	-91	14
2015-08-02 16:18:28.222	30251	21501	-94	-90	15
2015-08-02 16:58:16.502	30251	21501	-94	-90	15	30.01	49.79	3.877
2015-08-02 17:35:57.451	30251	21501	-94	-89	16
2015-08-02 21:47:34.123	30251	21501	-94	-90	15	25.54	55.4	3.877
2015-08-02 22:49:13.371	30251	21501	-94	-90	28	24.85	56.2	3.877
2015-08-03 05:28:00.323	30251	21501	-94	-90	10
2015-08-03 07:45:52.366	30251	21501	-94	-90	14	20.14	60.12	3.877
2015-08-03 08:18:36.751	30251	21501	-94	-89	14	20.43	59.42	3.877
2015-08-03 08:50:00.155	30251	21501	-94	-90	10	20.47	59.22	3.877
2015-08-03 09:06:58.267	30251	21501	-94	-90	10
2015-08-06 01:46:01.194	30251	21501	-94	-89	10
2015-08-06 09:22:44.766	30251	21501	-94	-88	10	16.97	59.86	3.877
2015-08-06 10:24:20.458	30251	21501	-94	-88	10	18.0	58.87	3.865
2015-08-06 11:23:23.487	30251	21501	-94	-88	10	19.04	57.79	3.865
2015-08-06 12:19:32.971	30251	21501	-94	-86	10	19.89	57.04	3.865
2015-08-06 18:36:44.619	30251	21501	-94	-85	10	20.81	57.64	3.865
2015-08-06 19:47:59.014	30251	21501	-94	-85	10	20.88	57.43	3.865
2015-08-06 20:37:40.098	30251	21501	-94	-86	10
2015-08-06 21:37:43.111	30251	21501	-94	-87	10	18.64	60.51	3.865
2015-08-06 22:44:36.387	30251	21501	-94	-88	10	18.31	60.34	3.865
2015-08-06 23:44:57.09	30251	21501	-94	-88	10
2015-08-07 01:45:21.895	30251	21501	-94	-87	10
2015-08-07 05:26:57.611	30251	21501	-94	-88	10	15.79	61.17	3.865
2015-08-07 08:45:12.702	30251	21501	-94	-87	10	17.11	59.14	3.865
2015-08-07 10:40:07.558	30251	21501	-94	-86	10	19.88	56.74	3.865
2015-08-07 15:53:55.622	30251	21501	-94	-87	10	24.44	54.62	3.865
2015-08-07 16:33:41.81	30251	21501	-94	-85	10
2015-08-07 17:08:11.906	30251	21501	-94	-86	10
2015-08-08 10:49:01.715	30251	21501	-94	-87	10	22.63	55.33	3.865
2015-08-09 11:18:27.854	30251	21501	-94	-88	10	24.11	55.69	3.865
2015-08-09 12:22:27.646	30251	21501	-94	-85	10	25.91	53.82	3.877
2015-08-10 10:30:02.022	30251	21501	-94	-88	10
2015-08-11 19:18:01.879	30251	21501	-94	-85	10	24.55	58.84	3.865
2015-08-11 20:57:43.386	30251	21501	-94	-88	10	22.26	60.63	3.877
2015-08-12 11:26:55.318	30251	21501	-94	-89	10	21.21	58.36	3.865
2015-08-12 12:45:18.211	30251	21501	-94	-88	10	22.96	57.13	3.865
2015-08-12 14:16:44.959	30251	21501	-94	-85	10	22.84	58.46	3.865
2015-08-12 15:56:59.238	30251	21501	-94	-88	10	23.44	57.42	3.865
2015-08-12 17:53:12.338	30251	21501	-94	-85	10	23.65	58.09	3.865
2015-08-12 19:19:22.038	30251	21501	-94	-84	10	22.65	59.43	3.865
2015-08-14 10:38:48.126	30251	21501	-94	-89	10
2015-08-14 13:51:05.702	30251	21501	-94	-88	10	27.33	53.38	3.865
2015-08-14 15:50:09.33	30251	21501	-94	-87	10
2015-08-14 16:54:39.906	30251	21501	-94	-89	10	31.27	49.95	3.865
2015-08-14 17:10:44.119	30251	21501	-94	-88	10	30.0	52.94	3.865
2015-08-16 05:13:18.019	30251	21501	-94	-85	10	19.9	64.0	3.865
2015-08-16 06:41:56.431	30251	21501	-94	-85	10	19.42	64.09	3.865
2015-08-16 07:59:02.255	30251	21501	-94	-85	10	19.93	63.07	3.865
2015-08-16 08:40:02.082	30251	21501	-94	-84	10	20.69	62.08	3.865
2015-08-16 11:54:08.882	30251	21501	-94	-85	10	26.55	55.73	3.865
2015-08-16 13:49:01.854	30251	21501	-94	-86	10	29.02	54.25	3.865
2015-08-17 11:14:36.17	30251	21501	-94	-84	10	26.38	56.52	3.865
2015-08-18 08:12:51.734	30251	21501	-94	-88	10	20.43	64.53	3.865
2015-08-18 08:53:07.086	30251	21501	-94	-87	10
2015-08-18 10:10:20.661	30251	21501	-94	-88	10
2015-08-18 10:54:50.126	30251	21501	-97	-86	10
2015-08-18 12:42:12.29	30251	21501	-94	-87	10	22.54	61.55	3.865
2015-08-19 02:13:07.663	30251	21501	-94	-83	10
2015-08-19 02:46:51.435	30251	21501	-94	-84	10	20.82	63.92	3.865
2015-08-19 03:23:52.486	30251	21501	-94	-84	10	20.67	64.04	3.865
2015-08-19 12:28:24.387	30251	21501	-94	-84	10
2015-08-19 13:31:21.587	30251	21501	-94	-87	10	27.94	55.65	3.865
2015-08-19 15:59:38.595	30251	21501	-94	-85	10	29.69	54.69	3.865
2015-08-19 20:14:26.879	30251	21501	-94	-87	10	26.51	59.81	3.865
2015-08-19 22:43:39.018	30251	21501	-94	-87	10
2015-08-20 01:31:26.678	30251	21501	-94	-83	10	23.54	62.75	3.865
2015-08-20 02:15:19.406	30251	21501	-94	-83	10
2015-08-20 03:33:03.239	30251	21501	-94	-84	10
2015-08-20 03:51:13.087	30251	21501	-94	-84	10
2015-08-20 04:01:58.146	30251	21501	-94	-83	10	23.0	63.19	3.865
2015-08-20 04:31:37.694	30251	21501	-94	-83	10	23.2	62.84	3.865
2015-08-20 05:16:13.503	30251	21501	-94	-84	10	23.2	62.72	3.865
2015-08-20 06:25:16.042	30251	21501	-94	-84	10
2015-08-20 08:41:37.651	30251	21501	-94	-83	10	23.46	62.38	3.865
2015-08-20 09:28:57.302	30251	21501	-94	-86	10	23.79	61.98	3.865
2015-08-20 10:01:09.667	30251	21501	-94	-84	10	23.94	61.77	3.865
2015-08-20 11:18:43.839	30251	21501	-94	-84	10
2015-08-20 11:58:25.17	30251	21501	-94	-85	10	24.77	60.64	3.865
2015-08-20 13:27:12.782	30251	21501	-94	-85	10	24.46	61.37	3.865
2015-08-20 19:14:03.73	30251	21501	-94	-87	10
2015-08-20 23:19:43.291	30251	21501	-94	-86	10	20.96	64.38	3.865
2015-08-21 00:14:10.822	30251	21501	-94	-86	10
2015-08-21 00:21:41.603	30251	21501	-94	-86	10
2015-08-21 01:25:48.638	30251	21501	-94	-86	10	19.42	65.59	3.865
2015-08-21 01:45:45.106	30251	21501	-94	-86	10	19.15	65.78	3.865
2015-08-21 02:57:00.626	30251	21501	-94	-86	10	18.18	66.69	3.865
2015-08-21 05:24:32.299	30251	21501	-94	-86	10
2015-08-21 05:29:19.115	30251	21501	-94	-86	10
2015-08-21 06:42:05.838	30251	21501	-94	-86	10
2015-08-21 06:55:35.791	30251	21501	-94	-86	10	15.5	68.7	3.865
2015-08-21 15:26:31.25	30251	21501	-94	-89	10	25.04	58.45	3.865
2015-08-21 15:44:34.674	30251	21501	-94	-87	10
2015-08-21 15:46:58.446	30251	21501	-94	-89	10	25.16	58.26	3.853
2015-08-21 16:40:43.518	30251	21501	-94	-89	10	25.55	58.07	3.865
2015-08-21 17:27:44.467	30251	21501	-94	-88	10	25.24	59.13	3.853
2015-08-21 17:56:09.93	30251	21501	-94	-88	10	24.93	59.78	3.865
2015-08-21 18:23:26.926	30251	21501	-94	-91	14	24.91	59.93	3.865
2015-08-21 19:31:03.846	30251	21501	-94	-89	14	23.86	60.98	3.865
2015-08-21 19:41:46.294	30251	21501	-94	-90	15	23.7	61.19	3.853
2015-08-21 20:55:27.497	30251	21501	-94	-88	14
2015-08-21 22:13:03.306	30251	21501	-94	-88	13
2015-08-21 22:18:58.566	30251	21501	-94	-90	16	19.25	66.28	3.853
2015-08-21 22:48:19.99	30251	21501	-94	-90	16	19.25	65.05	3.853
2015-08-21 23:26:00.918	30251	21501	-94	-89	16
2015-08-22 00:47:16.438	30251	21501	-94	-88	15	17.39	66.87	3.853
2015-08-22 01:19:08.838	30251	21501	-94	-87	15	17.07	67.43	3.853
2015-08-22 01:47:25.61	30251	21501	-94	-87	15	16.52	68.11	3.853
2015-08-22 02:28:58.987	30251	21501	-94	-88	14	15.95	68.48	3.853
2015-08-22 02:48:47.874	30251	21501	-94	-88	14	15.32	69.0	3.853
2015-08-22 03:45:34.006	30251	21501	-94	-89	14	14.72	68.95	3.853
2015-08-22 04:25:13.183	30251	21501	-94	-89	14	14.28	68.75	3.853
2015-08-22 04:40:57.614	30251	21501	-94	-89	13
2015-08-22 05:27:48.943	30251	21501	-94	-89	12	13.96	68.59	3.853
2015-08-22 05:58:32.522	30251	21501	-94	-89	12
2015-08-22 06:25:29.322	30251	21501	-94	-89	11	13.39	69.06	3.853
2015-08-22 07:07:26.519	30251	21501	-94	-90	11
2015-08-22 07:16:06.811	30251	21501	-94	-89	11
2015-08-22 07:26:47.435	30251	21501	-94	-88	11	13.68	67.54	3.901
2015-08-22 08:33:42.022	30251	21501	-94	-88	11
2015-08-22 09:29:03.514	30251	21501	-94	-89	11	16.42	64.34	3.853
2015-08-22 21:27:08.707	30251	21501	-94	-87	11	20.97	64.56	3.853
2015-08-22 21:53:44.954	30251	21501	-94	-87	11	20.35	65.12	3.853
2015-08-22 22:30:18.77	30251	21501	-94	-87	11
2015-08-22 22:47:03.635	30251	21501	-94	-88	11
2015-08-22 23:16:00.07	30251	21501	-94	-87	10	19.18	66.07	3.853
2015-08-23 00:04:38.63	30251	21501	-94	-87	10
2015-08-23 01:04:07.718	30251	21501	-94	-87	10
2015-08-23 01:22:15.846	30251	21501	-94	-87	10
2015-08-23 02:20:56.158	30251	21501	-94	-87	10	17.43	67.01	3.853
2015-08-23 03:15:15.152	30251	21501	-94	-87	10	16.47	67.99	3.853
2015-08-23 03:52:37.606	30251	21501	-94	-87	10	16.07	68.25	3.853
2015-08-23 04:31:27.422	30251	21501	-94	-87	10	15.81	68.18	3.853
2015-08-23 04:57:16.599	30251	21501	-94	-88	10	15.78	67.98	3.853
2015-08-23 05:22:51.362	30251	21501	-94	-87	10	15.36	68.49	3.853
2015-08-23 06:11:45.914	30251	21501	-94	-88	10
2015-08-23 06:32:33.747	30251	21501	-94	-88	10
2015-08-23 06:58:47.343	30251	21501	-94	-88	10	14.64	68.63	3.853
2015-08-23 07:50:08.19	30251	21501	-94	-88	10
2015-08-23 08:28:09.902	30251	21501	-94	-88	10	15.5	66.56	3.853
2015-08-23 08:46:26.782	30251	21501	-94	-88	10	15.96	65.96	3.853
2015-08-23 09:07:42.41	30251	21501	-94	-88	10
2015-08-23 09:30:51.959	30251	21501	-94	-88	10	17.14	64.6	3.853
2015-08-23 10:21:18.614	30251	21501	-94	-88	10	18.29	63.41	3.853
2015-08-23 10:47:46.726	30251	21501	-94	-87	10	19.46	61.85	3.853
2015-08-23 11:19:21.907	30251	21501	-94	-87	10
2015-08-23 12:26:57.994	30251	21501	-94	-87	10	22.93	58.59	3.853
2015-08-23 20:25:22.799	30251	21501	-94	-87	10	24.93	61.45	3.853
2015-08-23 21:12:57.33	30251	21501	-94	-86	10	23.6	62.91	3.853
2015-08-23 22:03:30.87	30251	21501	-94	-85	10
2015-08-23 23:32:23.883	30251	21501	-94	-85	10	22.03	64.09	3.865
2015-08-24 00:08:26.586	30251	21501	-94	-86	10
2015-08-24 00:38:39.662	30251	21501	-94	-85	10
2015-08-24 01:56:15.695	30251	21501	-94	-85	10
2015-08-24 02:28:28.334	30251	21501	-94	-86	10	20.76	64.87	3.853
2015-08-24 02:49:23.85	30251	21501	-94	-85	10	20.65	64.91	3.853
2015-08-24 05:29:32.814	30251	21501	-94	-85	10	20.18	64.89	3.853
2015-08-24 06:01:20.866	30251	21501	-94	-85	10	20.22	64.84	3.853
2015-08-24 06:41:10.399	30251	21501	-94	-84	10	20.22	64.75	3.853
2015-08-24 07:25:40.922	30251	21501	-94	-89	10	20.04	64.84	3.853
2015-08-24 07:40:02.946	30251	21501	-94	-89	10	20.06	64.75	3.853
2015-08-24 08:17:49.315	30251	21501	-94	-88	10	19.93	64.47	3.853
2015-08-24 08:53:29.754	30251	21501	-94	-87	10	20.1	64.24	3.853
2015-08-24 09:41:44.747	30251	21501	-94	-89	10
2015-08-24 10:27:24.299	30251	21501	-94	-88	10	21.0	62.87	3.853
2015-08-24 10:59:20.102	30251	21501	-94	-88	10
2015-08-24 12:16:57.358	30251	21501	-94	-89	10
2015-08-24 12:17:00.118	30251	21501	-94	-89	10
2015-08-24 12:52:55.319	30251	21501	-94	-84	10	23.75	59.81	3.853
2015-08-24 13:25:19.53	30251	21501	-94	-83	10	24.14	59.6	3.853
2015-08-24 20:54:37.407	30251	21501	-94	-85	10	22.83	63.23	3.853
2015-08-24 22:43:19.603	30251	21501	-94	-85	10	21.31	64.67	3.853
2015-08-24 23:44:26.782	30251	21501	-94	-85	10	20.28	65.8	3.853
2015-08-25 00:42:32.999	30251	21501	-94	-84	10	18.96	67.54	3.853
2015-08-25 01:57:03.742	30251	21501	-94	-85	10	17.61	68.73	3.853
2015-08-25 02:30:17.59	30251	21501	-94	-84	10
2015-08-25 04:11:55.434	30251	21501	-94	-85	10	16.25	68.54	3.853
2015-08-25 04:45:21.274	30251	21501	-94	-84	10	16.11	68.31	3.853
2015-08-25 11:56:42.839	30251	21501	-94	-84	10	20.17	62.29	3.853
2015-08-25 14:08:31.058	30251	21501	-94	-88	10
2015-08-25 15:26:06.651	30251	21501	-94	-87	10
2015-08-25 17:49:31.955	30251	21501	-94	-87	10	19.78	63.95	3.841
2015-08-25 18:40:30.831	30251	21501	-94	-88	10	19.18	64.37	3.853
2015-08-25 19:51:52.478	30251	21501	-94	-87	10	18.54	65.04	3.853
2015-08-25 21:12:24.955	30251	21501	-94	-86	10	17.95	65.94	3.853
2015-08-25 21:53:59.076	30251	21501	-94	-88	10
2015-08-25 22:25:09.023	30251	21501	-94	-86	10	17.58	65.96	3.853
2015-08-25 22:49:57.591	30251	21501	-94	-86	10	17.5	66.09	3.853
2015-08-25 23:42:10.41	30251	21501	-94	-85	10	17.29	66.2	3.853
2015-08-26 01:20:53.647	30251	21501	-94	-86	10	16.68	66.66	3.853
2015-08-26 01:59:44.374	30251	21501	-94	-85	10	16.14	67.37	3.853
2015-08-26 03:24:41.723	30251	21501	-94	-86	10
2015-08-26 04:21:55.663	30251	21501	-94	-85	10
2015-08-26 06:15:07.195	30251	21501	-94	-86	10	13.79	68.8	3.853
2015-08-26 08:27:50.798	30251	21501	-94	-86	10	14.54	66.84	3.841
2015-08-26 09:02:21.783	30251	21501	-94	-87	10	15.07	66.12	3.853
2015-08-26 09:31:13.082	30251	21501	-94	-86	10	15.5	65.66	3.853
2015-08-26 16:28:00.242	30251	21501	-94	-84	10	20.47	62.46	3.841
2015-08-26 17:17:41.402	30251	21501	-94	-85	10
2015-08-26 18:35:17.011	30251	21501	-94	-86	10
2015-08-26 18:49:04.654	30251	21501	-94	-88	10	19.54	63.94	3.853
2015-08-26 19:26:45.674	30251	21501	-94	-85	10	19.11	64.48	3.853
2015-08-26 19:56:17.358	30251	21501	-94	-86	10	18.83	64.72	3.853
2015-08-26 21:01:38.151	30251	21501	-94	-86	10	17.93	65.4	3.853
2015-08-26 22:32:07.798	30251	21501	-94	-85	10	17.11	66.51	3.841
2015-08-26 23:18:18.615	30251	21501	-94	-86	10	16.97	66.62	3.853
2015-08-26 23:45:37.03	30251	21501	-94	-86	10
2015-08-27 03:01:58.886	30251	21501	-94	-86	10	15.93	67.03	3.853
2015-08-27 03:58:25.475	30251	21501	-94	-86	10	15.86	66.96	3.841
2015-08-27 05:44:19.359	30251	21501	-94	-86	10	15.65	66.87	3.853
2015-08-27 06:42:02.758	30251	21501	-94	-85	10	15.43	66.97	3.853
2015-08-27 07:52:00.234	30251	21501	-94	-86	10	15.65	66.5	3.841
2015-08-27 15:18:05.671	30251	21501	-94	-87	10
2015-08-27 16:32:13.638	30251	21501	-94	-89	10	20.9	62.26	3.853
2015-08-27 16:48:26.083	30251	21501	-94	-86	10	21.17	62.01	3.841
2015-08-27 17:51:44.126	30251	21501	-94	-85	10
2015-08-27 20:10:17.25	30251	21501	-94	-87	10	19.96	64.36	3.853
2015-08-27 20:26:52.942	30251	21501	-94	-87	10
2015-08-27 21:13:51.407	30251	21501	-94	-87	10	19.15	65.29	3.853
2015-08-27 23:49:49.631	30251	21501	-94	-87	10	16.72	67.9	3.841
2015-08-28 00:18:04.566	30251	21501	-94	-87	10	16.46	68.07	3.853
2015-08-28 02:54:46.8	30251	21501	-94	-86	10
2015-08-28 04:07:09.715	30251	21501	-94	-86	10
2015-08-28 04:43:38.043	30251	21501	-94	-87	10	14.43	68.65	3.853
2015-08-28 08:01:32.228	30251	21501	-94	-87	10	14.15	67.91	3.841
2015-08-28 08:14:58.302	30251	21501	-94	-87	10	14.24	67.67	3.853
2015-08-28 08:15:00.947	30251	21501	-94	-87	10	14.24	67.67	3.853
2015-08-28 08:15:02.93	30251	21501	-94	-87	10	14.24	67.67	3.853
2015-08-28 08:42:32.187	30251	21501	-94	-87	10	14.75	67.04	3.841
2015-08-28 09:14:53.154	30251	21501	-94	-87	10	15.82	65.66	3.841
2015-08-28 09:49:28.454	30251	21501	-94	-87	10	17.14	63.97	3.841
2015-08-28 14:33:00.679	30251	21501	-94	-89	10
2015-08-28 14:56:53.566	30251	21501	-94	-89	10	23.9	60.11	3.841
2015-08-28 15:51:24.842	30251	21501	-94	-89	10	24.91	58.68	3.853
2015-08-28 16:56:31.406	30251	21501	-94	-90	14
2015-08-28 22:03:50.095	30251	21501	-94	-89	12
2015-08-28 22:18:29.527	30251	21501	-94	-89	12
2015-08-28 22:57:26.51	30251	21501	-94	-89	12	19.36	66.44	3.853
2015-08-28 23:36:04.415	30251	21501	-94	-90	12
2015-08-29 00:22:15.875	30251	21501	-94	-90	12	18.52	66.92	3.853
2015-08-29 00:53:48.502	30251	21501	-94	-89	12
2015-08-29 01:43:52.695	30251	21501	-94	-89	12	17.33	68.15	3.853
2015-08-29 02:18:57.131	30251	21501	-94	-89	11	16.89	68.34	3.853
2015-08-29 03:11:59.959	30251	21501	-94	-89	11	16.15	68.77	3.853
2015-08-29 03:41:27.078	30251	21501	-94	-89	11	15.75	69.02	3.853
2015-08-29 04:46:25.267	30251	21501	-94	-90	11
2015-08-29 05:45:17.178	30251	21501	-94	-90	10
2015-08-29 06:03:59.467	30251	21501	-94	-90	10
2015-08-29 06:57:50.726	30251	21501	-94	-90	10	14.33	69.45	3.853
2015-08-29 07:21:38.779	30251	21501	-94	-89	10
2015-08-29 07:44:37.379	30251	21501	-94	-89	10	14.43	68.7	3.853
2015-08-29 08:30:48.843	30251	21501	-94	-90	10	15.15	67.48	3.853
2015-08-29 08:47:28.539	30251	21501	-94	-89	10	15.58	67.02	3.853
2015-08-29 09:27:30.518	30251	21501	-94	-89	10	16.93	65.28	3.841
2015-09-01 14:00:29.851	30251	21501	-94	-89	23	29.55	59.01	3.865
2015-09-01 14:00:36.662	30251	21501	-94	-89	23	29.55	59.01	3.865
2015-09-05 17:47:35.722	30251	21501	-94	-89	20
2015-09-06 03:48:04.539	30251	21501	-94	-89	19	19.75	70.82	3.853
2015-09-06 04:49:26.251	30251	21501	-94	-89	18	19.54	70.92	3.853
2015-09-06 06:01:13.383	30251	21501	-94	-89	18
2015-09-06 06:43:24.45	30251	21501	-94	-90	18
2015-09-06 08:02:45.095	30251	21501	-94	-89	17	19.46	70.37	3.889
2015-09-06 09:23:15.586	30251	21501	-94	-89	17	21.04	68.3	3.841
2015-09-06 11:08:50.01	30251	21501	-94	-91	16
2015-09-06 11:53:48.362	30251	21501	-94	-89	15
2015-09-06 15:13:00.711	30251	21501	-94	-89	28	29.27	61.0	3.841
2015-09-07 11:10:09.951	30251	21501	-94	-87	19
2015-09-07 12:28:15.803	30251	21501	-94	-90	19	28.18	61.96	3.841
2015-09-07 23:48:50.774	30251	21501	-94	-90	19	24.15	70.2	3.853
2015-09-08 00:14:18.151	30251	21501	-94	-90	18	23.99	70.11	3.853
2015-09-08 01:02:52.523	30251	21501	-94	-90	18	23.51	70.68	3.853
2015-09-08 01:23:32.206	30251	21501	-94	-89	18
2015-09-08 01:45:52.386	30251	21501	-94	-89	18	23.04	70.93	3.853
2015-09-08 02:26:04.806	30251	21501	-94	-89	17	22.58	71.34	3.853
2015-09-08 02:56:32.478	30251	21501	-94	-90	17	22.24	71.56	3.853
2015-09-08 03:58:41.614	30251	21501	-94	-89	16
2015-09-08 04:09:49.419	30251	21501	-94	-90	15
2015-09-08 05:10:45.76	30251	21501	-94	-91	15	21.1	72.26	3.853
2015-09-08 05:49:23.019	30251	21501	-94	-90	15	20.81	72.4	3.853
2015-09-08 06:48:16.778	30251	21501	-94	-90	16	20.43	72.41	3.841
2015-09-08 07:51:26.871	30251	21501	-94	-90	16
2015-09-08 08:16:38.298	30251	21501	-94	-89	16	21.02	70.91	3.853
2015-09-08 08:46:59.543	30251	21501	-94	-89	16	21.76	69.85	3.841
2015-09-08 09:17:27.414	30251	21501	-94	-89	15
2015-09-08 09:41:09.738	30251	21501	-94	-90	14	23.35	67.63	3.841
2015-09-08 10:28:33.479	30251	21501	-94	-90	14	24.96	65.67	3.841
2015-09-08 13:23:35.09	30251	21501	-94	-90	17	30.05	61.95	3.853
2015-09-11 01:22:49.858	30251	21501	-94	-88	11
2015-09-11 02:58:06.474	30251	21501	-94	-87	11	16.45	73.48	3.829
2015-09-11 03:18:36.498	30251	21501	-94	-87	11	16.25	73.79	3.829
2015-09-11 03:56:36.03	30251	21501	-94	-88	11
2015-09-11 04:23:40.594	30251	21501	-94	-88	10	16.04	73.59	3.829
2015-09-11 04:47:55.198	30251	21501	-94	-88	10	15.86	73.76	3.829
2015-09-11 05:40:46.075	30251	21501	-94	-89	10
2015-09-11 06:23:32.198	30251	21501	-94	-88	10	15.86	73.15	3.829
2015-09-11 06:41:28.75	30251	21501	-94	-88	10	16.14	72.69	3.829
2015-09-11 06:58:20.803	30251	21501	-94	-88	10
2015-09-11 07:45:00.066	30251	21501	-94	-89	10	16.43	72.02	3.829
2015-09-11 08:29:32.495	30251	21501	-94	-89	10	16.52	71.77	3.829
2015-09-11 09:15:13.335	30251	21501	-94	-88	10	16.64	71.47	3.829
2015-09-11 09:49:01.09	30251	21501	-94	-88	10	16.83	71.2	3.829
2015-09-13 14:54:32.275	30251	21501	-94	-89	22
2015-09-13 15:51:55.251	30251	21501	-94	-87	13
2015-09-13 16:24:57.291	30251	21501	-94	-86	12	14.7	68.42	3.818
2015-09-13 16:55:00.194	30251	21501	-94	-87	12	14.64	68.74	3.829
2015-09-13 17:14:19.555	30251	21501	-94	-89	12	14.61	68.93	3.818
2015-09-13 18:27:03.631	30251	21501	-94	-88	12
2015-09-13 20:49:22.798	30251	21501	-94	-89	12	13.63	70.49	3.938
2015-09-13 21:02:28.863	30251	21501	-94	-88	13
2015-09-13 21:24:02.335	30251	21501	-94	-90	13	13.1	71.52	3.829
2015-09-13 21:43:29.066	30251	21501	-94	-90	13	12.72	72.32	3.841
2015-09-13 22:19:51.331	30251	21501	-94	-89	13
2015-09-13 22:29:32.03	30251	21501	-94	-90	13	12.28	73.08	3.853
2015-09-13 23:16:21.078	30251	21501	-94	-90	13	12.18	72.77	4.472
2015-09-13 23:57:45.078	30251	21501	-94	-89	12	12.22	72.33	4.202
2015-09-14 00:42:55.544	30251	21501	-94	-90	12	11.93	72.62	3.95
2015-09-14 01:09:43.782	30251	21501	-94	-90	13
2015-09-15 07:21:50.767	30251	21501	-94	-87	11	12.11	75.24	3.829
2015-09-15 12:42:01.127	30251	21501	-94	-87	11	20.68	64.89	3.829
2015-09-15 13:07:16.942	30251	21501	-94	-88	11
2015-09-16 13:00:12.462	30251	21501	-94	-88	10	23.79	63.74	3.829
2015-09-16 13:41:23.714	30251	21501	-94	-88	10
2015-09-16 20:53:53.759	30251	21501	-94	-88	10	21.6	70.27	3.829
2015-09-17 14:30:13.479	30251	21501	-94	-91	18	26.3	62.99	3.829
2015-09-17 17:45:17.315	30251	21501	-94	-89	10	26.27	65.27	3.829
2015-09-17 18:07:59.97	30251	21501	-94	-88	10
2015-09-17 18:14:09.834	30251	21501	-94	-89	10	25.9	65.77	3.829
2015-09-17 18:52:59.784	30251	21501	-94	-88	10
2015-09-17 18:55:33.175	30251	21501	-94	-89	10	25.13	67.01	3.841
2015-09-17 19:25:34.187	30251	21501	-94	-89	10
2015-09-17 19:26:17.726	30251	21501	-94	-89	10	24.36	68.01	3.841
2015-09-17 20:01:47.115	30251	21501	-94	-89	10	23.06	69.72	3.841
2015-09-17 20:21:32.939	30251	21501	-94	-89	10	23.02	69.71	3.841
2015-09-17 20:43:08.962	30251	21501	-94	-89	10
2015-09-17 20:50:36.291	30251	21501	-94	-89	10	22.22	70.38	3.841
2015-09-17 21:11:23.143	30251	21501	-94	-89	10	21.9	70.85	3.841
2015-09-17 21:26:51.61	30251	21501	-94	-89	10
2015-09-17 21:41:04.819	30251	21501	-94	-89	10	21.28	71.46	3.841
2015-09-17 22:00:43.77	30251	21501	-94	-89	10
2015-09-17 22:23:06.39	30251	21501	-94	-89	10	20.71	71.8	3.841
2015-09-17 22:54:53.582	30251	21501	-94	-89	10	20.25	72.21	3.841
2015-09-17 23:18:19.083	30251	21501	-94	-89	10
2015-09-17 23:31:11.178	30251	21501	-94	-89	10	19.86	72.6	3.829
2015-09-17 23:42:24.442	30251	21501	-94	-89	10	19.72	72.82	3.829
2015-09-18 00:00:37.382	30251	21501	-94	-89	10
2015-09-18 00:31:19.858	30251	21501	-94	-89	10	19.07	73.54	3.829
2015-09-18 00:35:53.179	30251	21501	-94	-89	10
2015-09-18 00:52:28.535	30251	21501	-94	-89	10	18.71	74.11	3.829
2015-09-18 01:13:19.355	30251	21501	-94	-89	10	18.45	74.36	3.829
2015-09-18 01:53:28.742	30251	21501	-94	-89	10
2015-09-18 01:54:47.394	30251	21501	-94	-89	10	18.03	74.67	3.829
2015-09-18 02:22:09.578	30251	21501	-94	-89	10	17.79	74.98	3.829
2015-09-18 02:34:30.146	30251	21501	-94	-89	10
2015-09-18 02:48:36.831	30251	21501	-94	-89	10	17.61	74.94	3.829
2015-09-18 03:11:03.65	30251	21501	-94	-89	10
2015-09-18 03:29:43.771	30251	21501	-94	-89	10	17.07	75.28	3.829
2015-09-18 03:59:14.383	30251	21501	-94	-89	10	16.93	75.25	3.829
2015-09-18 04:18:03.234	30251	21501	-94	-89	10	16.78	75.33	3.829
2015-09-18 04:28:37.382	30251	21501	-94	-89	10
2015-09-18 04:57:11.379	30251	21501	-94	-89	10	16.36	75.56	3.841
2015-09-18 05:08:15.003	30251	21501	-94	-89	10
2015-09-18 05:28:23.622	30251	21501	-94	-89	10	16.18	75.81	3.829
2015-09-18 05:46:13.395	30251	21501	-94	-88	10
2015-09-18 05:52:18.383	30251	21501	-94	-88	10	16.07	75.82	3.829
2015-09-18 06:15:47.05	30251	21501	-94	-89	10	15.86	75.96	3.829
2015-09-18 06:41:16.555	30251	21501	-94	-89	10	15.72	75.98	3.829
2015-09-18 07:03:48.175	30251	21501	-94	-89	10
2015-09-18 07:03:50.434	30251	21501	-94	-89	10
2015-09-18 09:59:00.139	30251	21501	-94	-89	10	18.4	71.03	3.829
2015-09-18 10:12:38.478	30251	21501	-94	-89	10	18.89	70.41	3.829
2015-09-18 10:15:52.518	30251	21501	-94	-88	10
2015-09-18 10:56:33.63	30251	21501	-94	-89	10
2015-09-18 10:59:13.942	30251	21501	-94	-89	10	20.86	67.85	3.829
2015-09-18 11:25:56.735	30251	21501	-94	-90	10	21.9	66.71	3.829
2015-09-18 11:54:30.214	30251	21501	-94	-89	10	23.15	65.51	3.829
2015-09-18 12:14:07.166	30251	21501	-94	-89	10
2015-09-18 12:19:48.138	30251	21501	-94	-90	10	23.82	65.21	3.829
2015-09-18 12:49:59.635	30251	21501	-94	-88	10
2015-09-18 15:17:53.211	30251	21501	-94	-89	11	26.97	64.11	3.829
2015-09-18 15:48:32.023	30251	21501	-94	-90	11	27.1	64.17	3.841
2015-09-18 16:06:51.327	30251	21501	-94	-90	11
2015-09-18 16:53:38.53	30251	21501	-94	-89	11	27.04	64.87	3.829
2015-09-18 17:24:25.694	30251	21501	-94	-89	11
2015-09-18 17:57:18.391	30251	21501	-94	-87	11
2015-09-18 18:22:46.319	30251	21501	-94	-87	11	25.88	66.88	3.841
2015-09-18 18:41:59.902	30251	21501	-94	-87	11
2015-09-18 18:58:18.707	30251	21501	-94	-88	11	25.13	67.83	3.841
2015-09-18 19:15:49.055	30251	21501	-94	-87	11	24.88	68.22	3.841
2015-09-18 19:57:32.279	30251	21501	-94	-87	10	23.97	69.23	3.829
2015-09-18 19:59:34.983	30251	21501	-94	-88	10
2015-09-18 20:23:41.566	30251	21501	-94	-88	10	23.29	70.16	3.829
2015-09-18 20:31:09.455	30251	21501	-94	-88	10
2015-09-18 20:56:53.547	30251	21501	-94	-88	10	22.6	70.98	3.829
2015-09-18 21:17:12.119	30251	21501	-94	-88	10
2015-09-18 21:25:01.343	30251	21501	-94	-88	10	22.31	71.18	3.829
2015-09-18 21:45:31.358	30251	21501	-94	-88	10	22.29	71.01	3.829
2015-09-18 22:27:12.431	30251	21501	-94	-89	10	21.81	71.4	3.841
2015-09-18 22:34:44.859	30251	21501	-94	-88	10
2015-09-18 22:55:20.783	30251	21501	-94	-88	10	21.49	71.75	3.829
2015-09-18 23:04:56.203	30251	21501	-94	-88	10
2015-09-18 23:13:03.911	30251	21501	-94	-89	10	21.33	71.94	3.829
2015-09-18 23:52:20.479	30251	21501	-94	-89	10
2015-09-19 00:00:56.507	30251	21501	-94	-89	10	20.85	72.38	3.829
2015-09-19 00:22:08.035	30251	21501	-94	-89	10	20.72	72.49	3.829
2015-09-19 00:50:14.075	30251	21501	-94	-89	10	20.71	72.41	3.829
2015-09-19 01:09:57.387	30251	21501	-94	-89	10
2015-09-19 01:26:39.335	30251	21501	-94	-89	10	20.57	72.27	3.829
2015-09-19 01:38:44.511	30251	21501	-94	-89	10
2015-09-19 01:48:09.235	30251	21501	-94	-90	10	20.33	72.66	3.829
2015-09-19 02:13:38.499	30251	21501	-94	-89	10	20.08	73.0	3.829
2015-09-19 02:27:32.359	30251	21501	-94	-90	10
2015-09-19 02:47:35.082	30251	21501	-94	-89	10	19.74	73.42	3.829
2015-09-19 03:14:54.299	30251	21501	-94	-89	10	19.72	73.34	3.829
2015-09-19 03:42:58.367	30251	21501	-94	-89	10	19.47	73.48	3.841
2015-09-19 03:45:04.211	30251	21501	-94	-89	10
2015-09-19 04:12:34.987	30251	21501	-94	-89	10
