result_time	node_id	parent_id	stats_frssi	stats_brssi	etx	temperature	humidity	voltage
2015-08-06 03:23:48.951	30851	30951	-94	-92	42	17.39	69.44	3.705
2015-08-06 06:25:32.142	30851	30951	-94	-92	10	15.75	70.45	3.705
2015-08-06 07:01:02.414	30851	30951	-94	-92	10	15.78	71.33	3.705
2015-08-06 07:34:15.703	30851	30951	-93	-92	10	15.79	71.87	3.705
2015-08-06 08:38:47.054	30851	30951	-93	-93	17	17.25	75.05	3.694
2015-08-07 06:08:57.851	30851	30951	-94	-92	18	16.08	74.1	3.694
2015-08-15 16:05:15.955	30851	30951	-93	-91	10
2015-08-15 16:28:26.362	30851	30951	-93	-91	10	28.88	71.24	3.683
2015-08-15 17:16:58.622	30851	30951	-93	-91	10	28.88	70.37	3.683
2015-08-15 17:44:00.634	30851	30951	-92	-91	10
2015-08-15 18:00:21.151	30851	30951	-93	-91	10	28.6	70.29	3.683
2015-08-15 18:19:58.422	30851	30951	-93	-91	10	28.55	70.49	3.683
2015-08-15 18:33:43.554	30851	30951	-92	-92	10
2015-08-15 18:48:50.379	30851	30951	-93	-91	10	28.41	69.91	3.683
2015-08-15 19:30:25.375	30851	30951	-92	-91	10	27.55	69.01	3.683
2015-08-15 19:53:56.999	30851	30951	-92	-91	10	26.99	68.62	3.683
2015-08-15 19:55:39.651	30851	30951	-93	-90	10
2015-08-15 20:12:11.766	30851	30951	-92	-91	10	26.71	68.8	3.683
2015-08-15 20:59:40.579	30851	30951	-92	-91	10	25.86	68.19	3.683
2015-08-15 21:02:13.032	30851	30951	-92	-90	10
2015-08-15 21:22:37.571	30851	30951	-92	-91	10	25.32	68.26	3.683
2015-08-15 21:51:43.003	30851	30951	-92	-90	10	24.97	68.64	3.683
2015-08-15 22:07:30.103	30851	30951	-92	-90	10
2015-08-15 22:30:25.13	30851	30951	-91	-90	10	24.47	68.72	3.683
2015-08-15 22:56:08.075	30851	30951	-91	-90	10	24.11	68.54	3.683
2015-08-15 23:24:24.159	30851	30951	-91	-90	10	23.65	68.6	3.672
2015-08-15 23:30:44.647	30851	30951	-92	-90	10
2015-08-15 23:56:30.55	30851	30951	-91	-90	10	23.28	68.68	3.683
2015-08-16 00:19:19.498	30851	30951	-91	-90	10
2015-08-16 00:29:40.194	30851	30951	-91	-90	10	22.93	68.81	3.683
2015-08-16 00:41:28.554	30851	30951	-91	-90	10	22.72	68.8	3.683
2015-08-16 01:12:46.403	30851	30951	-91	-90	10	22.5	69.22	3.683
2015-08-16 01:46:27.842	30851	30951	-91	-90	10	22.11	68.98	3.683
2015-08-16 01:59:11.518	30851	30951	-91	-90	10
2015-08-16 02:27:22.288	30851	30951	-91	-90	10	21.78	69.23	3.683
2015-08-16 02:31:12.874	30851	30951	-91	-90	10
2015-08-16 03:25:57.831	30851	30951	-91	-90	10	21.4	69.56	3.683
2015-08-16 03:55:31.102	30851	30951	-91	-90	10	21.14	69.54	3.683
2015-08-16 04:17:09.531	30851	30951	-91	-90	10	21.03	69.55	3.683
2015-08-16 04:27:40.882	30851	30951	-91	-90	10
2015-08-16 04:43:00.807	30851	30951	-91	-90	10
2015-08-16 04:56:15.219	30851	30951	-91	-90	10	20.72	69.6	3.683
2015-08-16 05:28:19.039	30851	30951	-91	-90	10	20.58	69.69	3.683
2015-08-16 06:01:18.166	30851	30951	-91	-90	10	20.38	69.62	3.672
2015-08-16 06:27:13.562	30851	30951	-91	-89	10	20.22	69.82	3.683
2015-08-16 06:47:28.367	30851	30951	-91	-89	10	20.14	69.92	3.672
2015-08-16 06:54:50.531	30851	30951	-90	-89	10
2015-08-16 06:56:08.799	30851	30951	-91	-90	10
2015-08-16 07:19:08.902	30851	30951	-91	-89	10	20.18	70.48	3.672
2015-08-16 07:48:19.807	30851	30951	-91	-90	10	20.58	72.57	3.672
2015-08-16 08:17:45.323	30851	30951	-91	-90	10	22.28	74.32	3.672
2015-08-16 08:44:43.938	30851	30951	-91	-90	10	23.2	74.86	3.672
2015-08-16 09:06:41.223	30851	30951	-92	-91	10
2015-08-16 09:24:37.286	30851	30951	-93	-91	10
2015-08-16 09:25:03.643	30851	30951	-93	-92	10	23.54	73.94	3.672
2015-08-16 09:49:13.874	30851	30951	-92	-90	10	24.08	74.32	3.672
2015-08-16 10:22:19.547	30851	30951	-92	-91	10	24.88	75.11	3.683
2015-08-16 10:47:53.47	30851	30951	-92	-90	10	25.47	74.84	3.683
2015-08-16 11:18:31.998	30851	30951	-93	-91	10
2015-08-16 11:22:46.894	30851	30951	-93	-91	10	26.16	74.0	3.683
2015-08-16 11:44:30.422	30851	30951	-92	-91	10	26.6	74.62	3.694
2015-08-16 11:53:06.203	30851	30951	-92	-91	10
2015-08-16 12:17:51.466	30851	30951	-92	-91	10	27.3	74.75	3.683
2015-08-16 12:59:10.194	30851	30951	-93	-91	10	27.97	74.49	3.683
2015-08-16 13:29:35.122	30851	30951	-93	-91	10	28.79	74.7	3.683
2015-08-16 13:30:27.646	30851	30951	-93	-92	10
2015-08-16 13:54:39.546	30851	30951	-93	-91	10	28.83	73.33	3.694
2015-08-16 14:21:36.506	30851	30951	-93	-92	10
2015-08-16 14:27:13.062	30851	30951	-93	-92	10	28.85	73.34	3.683
2015-08-16 14:51:52.166	30851	30951	-93	-92	10	29.27	74.12	3.683
2015-08-16 15:31:31.411	30851	30951	-93	-91	10	29.33	72.95	3.683
2015-08-16 15:42:13.171	30851	30951	-93	-91	10
2015-08-16 15:50:20.886	30851	30951	-93	-92	10	29.72	74.04	3.672
2015-08-16 16:23:42.191	30851	30951	-94	-92	10	30.05	73.25	3.683
2015-08-16 16:59:14.798	30851	30951	-94	-92	10	29.66	72.53	3.705
2015-08-16 17:18:49.579	30851	30951	-93	-92	10	29.82	72.7	3.694
2015-08-16 17:54:07.471	30851	30951	-93	-92	10
2015-08-16 18:30:21.914	30851	30951	-93	-92	10	29.22	72.64	3.749
2015-08-16 18:43:41.422	30851	30951	-93	-92	10	29.41	73.05	3.683
2015-08-16 19:18:33.454	30851	30951	-93	-92	10
2015-08-16 19:26:43.139	30851	30951	-93	-92	10	29.16	72.26	3.694
2015-08-16 20:00:59.267	30851	30951	-93	-91	10	28.76	71.67	3.694
2015-08-16 20:05:53.814	30851	30951	-93	-92	10
2015-08-16 20:30:31.208	30851	30951	-93	-91	10	28.18	71.14	3.683
2015-08-16 21:03:06.186	30851	30951	-93	-91	10	27.52	70.79	3.683
2015-08-16 21:25:05.63	30851	30951	-93	-91	10	27.1	70.65	3.683
2015-08-16 21:47:01.811	30851	30951	-92	-91	10
2015-08-16 21:59:16.843	30851	30951	-92	-91	10	26.54	70.52	3.683
2015-08-16 22:17:54.999	30851	30951	-92	-91	10
2015-08-16 22:22:01.231	30851	30951	-92	-91	10	26.19	70.63	3.683
2015-08-16 22:48:41.527	30851	30951	-92	-91	10	25.69	70.51	3.683
2015-08-16 23:32:10.802	30851	30951	-91	-90	10	25.08	70.88	3.683
2015-08-17 00:02:54.852	30851	30951	-92	-91	10	24.91	71.27	3.683
2015-08-17 00:15:30.65	30851	30951	-92	-91	10
2015-08-17 00:29:33.718	30851	30951	-92	-91	10
2015-08-17 00:33:11.654	30851	30951	-92	-90	10	24.55	71.04	3.683
2015-08-17 00:42:08.438	30851	30951	-92	-91	10	24.41	71.07	3.683
2015-08-17 01:23:20.047	30851	30951	-92	-91	10	23.94	71.12	3.672
2015-08-17 02:41:25.074	30851	30951	-92	-90	10
2015-08-17 02:43:59.67	30851	30951	-91	-90	10
2015-08-17 02:45:48.022	30851	30951	-91	-91	10	23.22	71.05	3.672
2015-08-17 03:30:15.995	30851	30951	-92	-90	10	22.85	71.31	3.672
2015-08-17 03:53:05.526	30851	30951	-91	-90	10	22.67	71.25	3.672
2015-08-17 04:23:41.243	30851	30951	-91	-90	10	22.36	71.11	3.672
2015-08-17 04:53:15.006	30851	30951	-92	-90	10
2015-08-17 05:02:10.995	30851	30951	-91	-90	10	22.0	71.21	3.672
2015-08-17 05:12:28.318	30851	30951	-92	-91	10
2015-08-17 05:15:28.066	30851	30951	-92	-90	10	21.92	71.33	3.672
2015-08-17 05:58:27.87	30851	30951	-91	-90	10	21.58	71.35	3.672
2015-08-17 06:12:50.451	30851	30951	-91	-90	10	21.44	71.41	3.672
2015-08-17 06:52:27.47	30851	30951	-91	-90	10	21.22	71.59	3.672
2015-08-17 07:05:04.526	30851	30951	-91	-90	10
2015-08-17 07:23:01.119	30851	30951	-92	-90	10	21.26	72.34	3.683
2015-08-17 07:40:57.131	30851	30951	-92	-90	10
2015-08-17 07:41:39.683	30851	30951	-91	-90	10	21.46	73.1	3.672
2015-08-17 08:28:27.746	30851	30951	-92	-90	10	23.15	77.39	3.672
2015-08-17 08:41:24.722	30851	30951	-92	-90	10	23.92	78.0	3.683
2015-08-17 09:16:55.102	30851	30951	-93	-91	10
2015-08-17 09:20:23.787	30851	30951	-92	-91	10	24.55	75.89	3.683
2015-08-17 10:09:28.026	30851	30951	-93	-91	10
2015-08-17 10:18:25.536	30851	30951	-92	-91	10	25.51	76.68	3.672
2015-08-17 10:59:33.054	30851	30951	-93	-92	10	26.43	76.4	3.672
2015-08-17 11:25:20.166	30851	30951	-93	-91	10	26.88	75.45	3.672
2015-08-17 11:28:46.618	30851	30951	-93	-92	10
2015-08-17 11:48:14.704	30851	30951	-93	-92	10	27.02	75.53	3.672
2015-08-17 12:22:31.894	30851	30951	-93	-92	10	27.83	75.97	3.672
2015-08-17 12:38:06.179	30851	30951	-92	-91	11
2015-08-17 12:56:08.53	30851	30951	-93	-90	11	28.88	77.14	3.672
2015-08-17 13:40:46.058	30851	30951	-94	-92	11
2015-08-17 14:02:06.587	30851	30951	-93	-93	11	29.19	74.92	3.672
2015-08-17 14:32:27.135	30851	30951	-94	-92	12	29.02	74.3	3.683
2015-08-17 15:02:45.106	30851	30951	-94	-93	12	29.29	74.3	3.672
2015-08-17 15:06:28.91	30851	30951	-93	-92	13
2015-08-17 15:23:47.071	30851	30951	-93	-92	12	29.55	75.44	3.672
2015-08-17 15:52:30.895	30851	30951	-94	-92	12
2015-08-17 18:53:27.427	30851	30951	-93	-92	47	30.05	73.82	3.672
2015-08-17 19:21:01.667	30851	30951	-93	-92	47	29.82	73.41	3.705
2015-08-17 20:00:04.643	30851	30951	-93	-92	47	29.0	72.54	3.672
2015-08-17 20:03:36.275	30851	30951	-93	-91	47
2015-08-17 20:16:20.511	30851	30951	-93	-91	39
2015-08-17 20:21:37.25	30851	30951	-93	-92	39	28.49	72.14	3.683
2015-08-17 20:50:46.434	30851	30951	-93	-92	39	27.96	71.98	3.672
2015-08-17 21:14:29.463	30851	30951	-92	-92	39	27.47	71.78	3.683
2015-08-17 21:41:17.363	30851	30951	-92	-91	39	26.91	71.78	3.683
2015-08-17 22:11:37.782	30851	30951	-92	-91	36	26.38	71.77	3.683
2015-08-17 22:27:58.339	30851	30951	-92	-91	33
2015-08-17 22:31:51.55	30851	30951	-92	-91	33
2015-08-17 22:52:09.943	30851	30951	-92	-91	33	25.88	73.0	3.683
2015-08-17 23:26:36.018	30851	30951	-92	-91	30	25.76	72.98	3.672
2015-08-17 23:44:44.542	30851	30951	-92	-91	30	25.46	72.56	3.672
2015-08-18 00:40:01.01	30851	30951	-91	-90	28
2015-08-18 00:55:41.074	30851	30951	-92	-91	28	24.94	73.41	3.672
2015-08-18 01:00:19.638	30851	30951	-92	-90	28
2015-08-18 01:17:03.27	30851	30951	-92	-91	28	24.83	73.25	3.683
2015-08-18 02:03:06.275	30851	30951	-92	-90	24	24.47	73.4	3.672
2015-08-18 02:32:29.627	30851	30951	-92	-90	24	24.29	73.23	3.672
2015-08-18 02:51:40.099	30851	30951	-92	-90	24
2015-08-18 02:58:44.766	30851	30951	-92	-91	24	24.0	73.23	3.716
2015-08-18 03:21:36.226	30851	30951	-92	-90	24	23.97	73.33	3.694
2015-08-18 03:28:50.619	30851	30951	-92	-90	22
2015-08-18 04:00:27.39	30851	30951	-92	-90	22	23.67	73.22	3.683
2015-08-18 04:17:52.334	30851	30951	-92	-90	20	23.54	73.22	3.683
2015-08-18 04:49:47.096	30851	30951	-92	-90	19	23.25	72.97	3.672
2015-08-18 05:03:32.006	30851	30951	-92	-91	19
2015-08-18 05:17:29.763	30851	30951	-91	-90	19	22.96	72.92	3.672
2015-08-18 05:57:32.759	30851	30951	-88	-88	19
2015-08-18 06:01:13.178	30851	30951	-88	-86	19	21.77	71.67	3.672
2015-08-18 06:28:04.815	30851	30951	-89	-86	17	21.44	72.3	3.672
2015-08-18 06:48:58.35	30851	30951	-89	-87	17	21.29	72.68	3.672
2015-08-18 07:15:22.298	30851	30951	-89	-88	17
2015-08-18 07:22:50.606	30851	30951	-89	-87	17	21.04	72.99	3.683
2015-08-18 07:56:27.294	30851	30951	-90	-87	16	20.96	73.39	3.672
2015-08-18 08:24:53.354	30851	30951	-89	-88	15	20.9	73.78	3.672
2015-08-18 08:26:01.47	30851	30951	-89	-88	15
2015-08-18 08:57:38.435	30851	30951	-89	-88	15	20.9	73.92	3.683
2015-08-18 09:11:57.035	30851	30951	-90	-88	15	20.96	74.28	4.066
2015-08-18 09:27:12.763	30851	30951	-90	-88	14
2015-08-18 10:01:52.552	30851	30951	-90	-88	14	21.2	74.66	3.672
2015-08-18 10:12:11.679	30851	30951	-90	-88	14	21.28	74.73	3.672
2015-08-18 10:56:14.555	30851	30951	-90	-89	12	21.6	75.44	3.672
2015-08-18 11:18:17.862	30851	30951	-90	-88	12	21.78	75.48	3.672
2015-08-18 11:39:01.467	30851	30951	-90	-89	12
2015-08-18 11:43:22.535	30851	30951	-90	-88	12	22.03	75.71	3.672
2015-08-18 13:00:03.947	30851	30951	-90	-88	11	22.89	75.59	3.661
2015-08-18 13:22:44.919	30851	30951	-90	-88	11
2015-08-18 13:26:48.03	30851	30951	-90	-89	11	22.79	75.03	3.672
2015-08-18 13:50:51.823	30851	30951	-90	-89	10
2015-08-18 13:59:56.299	30851	30951	-91	-89	10	22.92	75.76	3.672
2015-08-18 14:31:22.254	30851	30951	-91	-89	10	23.36	76.04	3.672
2015-08-18 14:48:39.179	30851	30951	-90	-90	10	23.74	76.7	3.683
2015-08-18 15:29:00.586	30851	30951	-91	-89	10	24.06	75.82	3.672
2015-08-18 15:46:47.311	30851	30951	-91	-89	10	24.0	75.73	3.672
2015-08-18 15:51:14.678	30851	30951	-91	-89	10
2015-08-18 16:02:42.955	30851	30951	-91	-89	10
2015-08-18 16:27:38.807	30851	30951	-91	-89	10	23.92	75.27	3.963
2015-08-18 16:53:45.15	30851	30951	-91	-90	10	23.95	75.06	3.672
2015-08-18 17:26:14.27	30851	30951	-91	-91	10	23.83	75.56	3.672
2015-08-18 17:44:27.674	30851	30951	-91	-90	10	24.02	75.62	3.672
2015-08-18 18:14:33.099	30851	30951	-91	-90	10
2015-08-18 18:19:42.347	30851	30951	-91	-90	10
2015-08-18 18:22:40.967	30851	30951	-91	-90	10	23.54	74.68	3.683
2015-08-18 18:44:50.271	30851	30951	-91	-90	10	23.49	74.89	3.672
2015-08-18 19:27:25.507	30851	30951	-91	-90	10	23.49	75.11	3.672
2015-08-18 20:03:26.498	30851	30951	-91	-90	10	23.33	74.89	3.672
2015-08-18 20:12:43.802	30851	30951	-91	-90	10	23.27	74.82	3.672
2015-08-18 20:26:22.814	30851	30951	-91	-90	10
2015-08-18 20:48:10.526	30851	30951	-91	-90	10
2015-08-18 20:51:03.614	30851	30951	-91	-90	10	22.9	74.58	3.672
2015-08-18 21:24:27.807	30851	30951	-91	-90	10	22.7	74.65	3.672
2015-08-18 22:19:02.392	30851	30951	-91	-90	10	22.25	74.35	3.672
2015-08-18 22:38:24.414	30851	30951	-91	-90	10
2015-08-18 22:46:54.698	30851	30951	-91	-89	10	22.13	74.49	3.672
2015-08-18 23:13:57.534	30851	30951	-91	-90	10	21.96	74.53	3.672
2015-08-18 23:16:40.846	30851	30951	-91	-90	10
2015-08-18 23:47:33.13	30851	30951	-91	-89	10	21.82	74.62	3.672
2015-08-19 00:15:22.65	30851	30951	-91	-90	10	21.65	74.64	3.661
2015-08-19 00:50:05.611	30851	30951	-91	-90	10
2015-08-19 01:21:43.494	30851	30951	-91	-90	10	21.49	74.82	3.672
2015-08-19 01:53:22.41	30851	30951	-91	-90	10	21.36	74.85	3.661
2015-08-19 02:45:06.314	30851	30951	-91	-90	10	21.28	75.05	3.661
2015-08-19 03:01:54.586	30851	30951	-91	-90	10
2015-08-19 03:13:02.458	30851	30951	-91	-89	10	21.15	75.03	3.661
2015-08-19 04:13:37.935	30851	30951	-91	-90	10
2015-08-19 04:54:57.418	30851	30951	-91	-89	10	20.76	74.89	3.661
2015-08-19 05:16:30.842	30851	30951	-91	-89	10	20.58	74.78	3.661
2015-08-19 06:24:33.222	30851	30951	-91	-90	10	20.36	74.82	3.661
2015-08-19 07:21:41.63	30851	30951	-91	-90	10	20.29	75.45	3.661
2015-08-19 07:25:36.494	30851	30951	-91	-90	10
2015-08-19 07:58:06.986	30851	30951	-91	-90	10	21.82	81.93	3.661
2015-08-19 08:12:38.238	30851	30951	-91	-90	10	22.52	80.35	3.661
2015-08-19 11:14:33.615	30851	30951	-93	-91	10	25.83	79.01	3.661
2015-08-19 13:51:35.075	30851	30951	-93	-91	10	28.07	77.88	3.661
2015-08-19 14:07:40.466	30851	30951	-93	-92	10
2015-08-19 15:26:53.53	30851	30951	-92	-91	10	28.79	77.81	3.661
2015-08-19 16:12:59.354	30851	30951	-93	-92	10
2015-08-19 16:50:34.631	30851	30951	-93	-91	10	29.04	77.17	3.661
2015-08-19 17:47:07.255	30851	30951	-93	-91	10	29.27	77.16	3.661
2015-08-19 18:25:39.591	30851	30951	-93	-91	10	28.72	75.81	3.672
2015-08-19 20:36:36.982	30851	30951	-92	-91	10
2015-08-19 22:58:58.759	30851	30951	-92	-91	10	24.99	75.35	3.76
2015-08-19 23:41:45.858	30851	30951	-92	-90	10	24.77	75.8	3.783
2015-08-20 00:45:19.798	30851	30951	-92	-90	10	24.41	75.73	3.661
2015-08-20 01:00:29.756	30851	30951	-91	-90	10
2015-08-20 01:43:59.175	30851	30951	-92	-90	10	24.0	75.67	3.672
2015-08-20 02:23:56.298	30851	30951	-92	-90	10	23.85	75.89	3.672
2015-08-20 02:53:44.014	30851	30951	-92	-91	10	23.78	76.12	3.661
2015-08-20 03:16:30.115	30851	30951	-92	-90	10	23.76	76.19	3.661
2015-08-20 04:17:32.063	30851	30951	-92	-91	10	23.53	76.37	3.661
2015-08-20 04:58:27.231	30851	30951	-92	-90	10
2015-08-20 05:20:48.23	30851	30951	-92	-90	10	23.67	76.5	3.672
2015-08-20 05:23:59.786	30851	30951	-91	-90	10
2015-08-20 05:55:20.627	30851	30951	-91	-90	10	23.5	76.47	3.672
2015-08-20 06:32:50.691	30851	30951	-91	-90	10	23.52	76.63	3.661
2015-08-20 07:14:53.618	30851	30951	-91	-91	10	23.58	76.78	3.683
2015-08-20 07:35:49.984	30851	30951	-92	-90	10
2015-08-20 08:25:59.666	30851	30951	-92	-90	10	23.7	77.1	3.661
2015-08-20 08:56:33.23	30851	30951	-91	-90	10	23.9	77.33	3.661
2015-08-20 09:47:40.494	30851	30951	-92	-90	10
2015-08-20 09:57:40.874	30851	30951	-92	-90	10	24.33	77.47	3.661
2015-08-20 10:56:20.614	30851	30951	-92	-91	10	24.63	78.04	3.661
2015-08-20 11:49:27.215	30851	30951	-92	-90	10	25.16	78.31	3.661
2015-08-20 12:22:07.62	30851	30951	-92	-91	10	24.93	77.19	3.661
2015-08-20 13:25:48.891	30851	30951	-92	-91	10	24.66	77.65	3.661
2015-08-20 14:11:34.39	30851	30951	-92	-90	10
2015-08-20 14:11:50.183	30851	30951	-92	-91	10	24.69	77.49	3.661
2015-08-20 14:52:22.326	30851	30951	-92	-90	10
2015-08-20 14:54:57.606	30851	30951	-92	-91	10	25.11	77.33	3.661
2015-08-20 15:11:41.034	30851	30951	-92	-90	10	25.4	78.76	3.661
2015-08-20 15:53:32.155	30851	30951	-92	-91	10	25.72	77.78	3.661
2015-08-20 16:12:30.806	30851	30951	-93	-90	10	25.77	78.01	3.661
2015-08-20 16:23:14.354	30851	30951	-92	-90	10
2015-08-20 16:42:43.703	30851	30951	-92	-90	10	25.94	78.15	3.661
2015-08-20 17:20:54.846	30851	30951	-91	-90	10
2015-08-20 17:31:48.643	30851	30951	-92	-91	10	25.93	77.61	3.661
2015-08-20 17:47:23.15	30851	30951	-93	-90	10	25.8	77.47	3.661
2015-08-20 18:29:20.37	30851	30951	-92	-92	10	25.76	77.41	3.661
2015-08-20 18:35:02.414	30851	30951	-92	-90	10
2015-08-20 18:53:10.714	30851	30951	-92	-91	10	25.49	76.92	3.661
2015-08-20 19:27:07.622	30851	30951	-92	-91	10	25.05	76.43	3.661
2015-08-20 19:47:25.29	30851	30951	-92	-90	10	24.76	76.2	3.651
2015-08-20 19:49:20.19	30851	30951	-92	-90	10
2015-08-20 20:13:58.078	30851	30951	-92	-90	10	24.26	75.72	3.661
2015-08-20 20:46:52.258	30851	30951	-91	-90	10
2015-08-20 21:58:05.635	30851	30951	-91	-90	10	22.75	75.67	3.661
2015-08-20 22:13:04.342	30851	30951	-91	-91	10	22.51	75.62	3.661
2015-08-20 22:17:49.107	30851	30951	-91	-91	10
2015-08-20 22:59:06.69	30851	30951	-92	-90	10
2015-08-20 23:00:49.614	30851	30951	-91	-90	10	21.76	75.61	3.661
2015-08-20 23:11:14.411	30851	30951	-91	-90	10	21.61	75.6	3.661
2015-08-20 23:55:24.766	30851	30951	-92	-90	10	21.15	75.67	3.76
2015-08-21 00:25:43.802	30851	30951	-91	-90	10	20.75	75.83	3.661
2015-08-21 00:46:31.947	30851	30951	-92	-90	10
2015-08-21 00:52:35.811	30851	30951	-91	-91	10	20.47	75.8	3.661
2015-08-21 01:10:37.838	30851	30951	-91	-90	10
2015-08-21 01:18:16.678	30851	30951	-91	-90	10	20.07	75.59	3.661
2015-08-21 02:01:31.818	30851	30951	-91	-90	10	19.57	75.62	3.661
2015-08-21 02:12:53.114	30851	30951	-91	-89	10	19.4	75.7	3.661
2015-08-21 03:01:23.987	30851	30951	-91	-90	10	18.74	75.14	3.661
2015-08-21 03:14:46.414	30851	30951	-90	-89	10
2015-08-21 03:20:14.37	30851	30951	-91	-89	10	18.46	75.19	3.661
2015-08-21 03:22:25.463	30851	30951	-90	-89	10
2015-08-21 03:57:07.97	30851	30951	-91	-89	10	18.04	75.0	3.661
2015-08-21 04:12:04.859	30851	30951	-91	-88	10	17.75	74.91	3.661
2015-08-21 04:55:11.343	30851	30951	-91	-89	10	17.36	75.18	3.661
2015-08-21 05:15:16.227	30851	30951	-90	-89	10	17.15	75.27	3.661
2015-08-21 05:34:14.223	30851	30951	-90	-89	10
2015-08-21 05:43:15.583	30851	30951	-91	-89	10
2015-08-21 05:50:23.51	30851	30951	-90	-89	10	16.96	75.55	3.661
2015-08-21 06:15:03.206	30851	30951	-90	-89	10	16.74	75.53	3.694
2015-08-21 06:58:11.718	30851	30951	-90	-89	10	16.45	75.66	3.651
2015-08-21 07:16:08.23	30851	30951	-90	-89	10	16.47	76.11	3.651
2015-08-21 07:46:04.115	30851	30951	-90	-89	10
2015-08-21 07:47:31.599	30851	30951	-90	-89	10	16.74	77.39	3.651
2015-08-21 08:11:43.982	30851	30951	-90	-88	10
2015-08-21 08:24:07.802	30851	30951	-90	-89	10	20.0	83.86	3.651
2015-08-21 08:43:14.15	30851	30951	-91	-89	10	19.42	79.66	3.651
2015-08-21 09:18:27.799	30851	30951	-91	-90	10	19.78	79.71	3.651
2015-08-21 09:53:52.147	30851	30951	-90	-90	10	20.38	79.61	3.651
2015-08-21 09:57:57.007	30851	30951	-90	-89	10
2015-08-21 10:14:36.546	30851	30951	-91	-90	10	20.56	79.57	3.651
2015-08-21 10:40:13.751	30851	30951	-91	-90	10
2015-08-21 10:43:20.283	30851	30951	-91	-90	10	21.08	80.2	3.651
2015-08-21 11:25:44.738	30851	30951	-91	-89	10	21.46	79.42	3.651
2015-08-21 11:58:17.635	30851	30951	-92	-90	10	22.01	79.93	3.651
2015-08-21 12:09:45.491	30851	30951	-90	-90	10
2015-08-21 12:27:26.634	30851	30951	-91	-90	10	22.68	80.12	3.651
2015-08-21 12:47:40.606	30851	30951	-92	-90	10	22.76	79.56	3.651
2015-08-21 13:08:46.322	30851	30951	-90	-90	10
2015-08-21 13:27:21.67	30851	30951	-91	-89	10	23.43	79.92	3.651
2015-08-21 13:47:50.723	30851	30951	-92	-91	10	23.57	79.79	3.651
2015-08-21 14:12:45.266	30851	30951	-92	-90	10	24.04	80.41	3.651
2015-08-21 14:21:41.422	30851	30951	-92	-91	10
2015-08-21 14:57:23.191	30851	30951	-91	-90	10	24.29	79.25	3.651
2015-08-21 15:31:55.927	30851	30951	-92	-90	10	24.47	79.03	3.651
2015-08-21 15:37:11.29	30851	30951	-92	-90	10
2015-08-21 15:47:59.51	30851	30951	-93	-90	10	24.69	79.36	3.651
2015-08-21 16:14:51.811	30851	30951	-92	-91	10	24.66	78.72	3.651
2015-08-21 16:33:28.687	30851	30951	-92	-91	10
2015-08-21 17:01:05.575	30851	30951	-92	-90	10	24.82	78.67	3.651
2015-08-21 17:13:57.35	30851	30951	-92	-90	10	24.77	78.39	3.651
2015-08-21 17:49:41.198	30851	30951	-92	-90	10	24.69	78.27	3.651
2015-08-21 18:05:43.086	30851	30951	-91	-91	10
2015-08-21 18:18:45.182	30851	30951	-91	-91	10	24.63	78.47	3.651
2015-08-21 18:45:16.634	30851	30951	-92	-90	10
2015-08-21 19:00:24.422	30851	30951	-92	-90	10	24.4	77.89	3.651
2015-08-21 19:17:48.17	30851	30951	-91	-90	10	24.28	77.7	3.651
2015-08-21 19:49:18.995	30851	30951	-92	-90	10	23.86	77.24	3.651
2015-08-21 20:29:51.082	30851	30951	-91	-90	10	22.85	75.63	3.651
2015-08-21 20:34:09.702	30851	30951	-91	-90	10
2015-08-21 20:57:07.103	30851	30951	-92	-90	10
2015-08-21 20:57:32.258	30851	30951	-92	-90	10	22.15	75.5	3.694
2015-08-21 21:20:48.018	30851	30951	-91	-90	10	21.65	75.4	3.651
2015-08-21 21:54:41.079	30851	30951	-92	-90	10	21.01	75.48	3.651
2015-08-21 22:33:41.442	30851	30951	-90	-89	10	20.17	75.88	3.651
2015-08-21 23:02:04.987	30851	30951	-91	-89	10	19.77	75.96	3.651
2015-08-21 23:02:39.37	30851	30951	-90	-89	10
2015-08-21 23:08:57.466	30851	30951	-90	-88	10
2015-08-21 23:25:04.967	30851	30951	-91	-89	10	19.42	75.94	3.651
2015-08-21 23:53:23.26	30851	30951	-91	-89	10	18.97	75.98	3.651
2015-08-22 00:17:28.902	30851	30951	-91	-89	10	18.64	76.05	3.651
2015-08-22 00:44:16.366	30851	30951	-91	-89	10	18.28	75.87	3.651
2015-08-22 01:14:19.062	30851	30951	-91	-90	10	17.97	75.97	3.651
2015-08-22 01:20:47.274	30851	30951	-91	-89	10
2015-08-22 01:31:06.462	30851	30951	-91	-89	10
2015-08-22 01:59:19.166	30851	30951	-90	-89	10	17.27	75.64	3.651
2015-08-22 02:44:52.058	30851	30951	-91	-89	10	16.54	75.12	3.651
2015-08-22 03:15:02.183	30851	30951	-90	-89	10	16.02	75.49	3.651
2015-08-22 03:32:47.242	30851	30951	-90	-89	10
2015-08-22 03:50:46.351	30851	30951	-90	-88	10	15.7	75.63	3.651
2015-08-22 03:59:37.535	30851	30951	-90	-89	10
2015-08-22 04:17:27.366	30851	30951	-90	-88	10	15.38	75.91	3.651
2015-08-22 04:45:50.766	30851	30951	-90	-88	10	15.25	75.99	3.651
2015-08-22 05:32:19.111	30851	30951	-90	-88	10	14.93	76.39	3.651
2015-08-22 05:44:29.647	30851	30951	-90	-89	10
2015-08-22 05:55:04.722	30851	30951	-90	-88	10	14.83	76.66	3.64
2015-08-22 06:27:22.427	30851	30951	-90	-88	10	14.46	76.14	3.651
2015-08-22 06:28:04.595	30851	30951	-90	-88	10
2015-08-22 06:53:23.456	30851	30951	-90	-87	10	14.39	76.85	3.651
2015-08-22 07:15:17.242	30851	30951	-90	-88	10	14.54	77.42	3.651
2015-08-22 07:47:53.718	30851	30951	-90	-88	10	14.86	78.1	3.64
2015-08-22 07:56:19.834	30851	30951	-90	-88	10
2015-08-22 08:18:23.003	30851	30951	-90	-89	10	17.47	85.0	3.651
2015-08-22 08:56:34.642	30851	30951	-90	-89	10
2015-08-22 09:19:22.823	30851	30951	-91	-89	10	17.77	80.26	3.64
2015-08-22 09:55:07.366	30851	30951	-90	-89	10	18.6	81.05	3.64
2015-08-22 10:08:22.179	30851	30951	-91	-89	10
2015-08-22 10:27:59.179	30851	30951	-90	-89	10	19.25	81.8	3.64
2015-08-22 10:56:20.679	30851	30951	-91	-89	10	20.1	81.32	3.64
2015-08-22 11:25:03.623	30851	30951	-91	-89	10
2015-08-22 11:30:23.51	30851	30951	-90	-89	10	20.67	80.91	3.64
2015-08-22 12:18:06.159	30851	30951	-91	-90	10	21.49	81.04	3.64
2015-08-22 13:01:37.174	30851	30951	-91	-89	10	22.32	80.98	3.64
2015-08-22 13:33:27.954	30851	30951	-91	-90	10	22.7	80.6	3.64
2015-08-22 13:43:08.676	30851	30951	-92	-90	10	22.9	80.72	3.64
2015-08-22 13:53:31.859	30851	30951	-91	-91	10
2015-08-22 14:18:33.446	30851	30951	-91	-90	10	23.33	80.52	3.651
2015-08-22 14:31:51.391	30851	30951	-92	-90	10
2015-08-22 15:50:13.402	30851	30951	-92	-90	10	24.24	79.88	3.64
2015-08-22 16:22:04.922	30851	30951	-92	-91	10
2015-08-22 16:43:41.138	30851	30951	-91	-90	10
2015-08-22 16:53:59.575	30851	30951	-91	-90	10	24.61	79.48	3.64
2015-08-22 17:14:06.723	30851	30951	-92	-90	10	24.63	79.54	3.64
2015-08-22 17:54:43.238	30851	30951	-92	-90	10	24.54	79.06	3.651
2015-08-22 18:12:22.502	30851	30951	-92	-90	10	24.6	79.16	3.651
2015-08-22 18:50:29.314	30851	30951	-91	-90	10
2015-08-22 18:53:03.659	30851	30951	-91	-90	10	24.38	78.69	3.651
2015-08-22 18:55:32.054	30851	30951	-92	-90	10
2015-08-22 19:15:14.139	30851	30951	-92	-90	10	24.22	78.44	3.651
2015-08-22 19:56:00.17	30851	30951	-92	-90	10	23.67	77.79	3.64
2015-08-22 20:12:49.218	30851	30951	-91	-90	10	23.39	77.39	3.64
2015-08-22 20:51:55.208	30851	30951	-91	-90	10	22.72	77.17	3.64
2015-08-22 21:07:25.282	30851	30951	-91	-89	10
2015-08-22 21:18:55.634	30851	30951	-92	-90	10	22.13	76.46	3.651
2015-08-22 21:18:57.051	30851	30951	-92	-90	10
2015-08-22 22:02:09.846	30851	30951	-91	-90	10	21.06	75.9	3.651
2015-08-22 22:17:26.13	30851	30951	-91	-90	10	20.76	76.21	3.64
2015-08-22 22:45:07.675	30851	30951	-91	-90	10	20.47	76.69	3.651
2015-08-22 23:26:47.483	30851	30951	-91	-90	10	20.07	76.84	3.64
2015-08-22 23:56:33.638	30851	30951	-91	-90	10	19.54	76.74	3.651
2015-08-23 00:57:19.918	30851	30951	-91	-90	10	19.24	77.52	3.651
2015-08-23 01:31:02.674	30851	30951	-90	-89	10
2015-08-23 02:15:55.423	30851	30951	-91	-89	10
2015-08-23 02:31:44.542	30851	30951	-91	-89	10	18.31	77.06	3.651
2015-08-23 03:32:55.118	30851	30951	-90	-89	10	17.36	76.61	3.64
2015-08-23 03:55:48.278	30851	30951	-90	-89	10	17.18	76.83	3.64
2015-08-23 04:44:27.119	30851	30951	-91	-89	10
2015-08-23 05:30:10.438	30851	30951	-90	-89	10	16.42	77.14	3.64
2015-08-23 05:54:43.21	30851	30951	-90	-89	10
2015-08-23 06:20:34.846	30851	30951	-91	-88	10	16.02	77.24	3.64
2015-08-23 07:12:55.003	30851	30951	-90	-89	10
2015-08-23 07:43:12.346	30851	30951	-90	-89	10	15.79	78.04	3.64
2015-08-23 08:20:52.214	30851	30951	-91	-87	10	16.32	79.64	3.64
2015-08-23 09:01:20.614	30851	30951	-91	-89	10	16.93	80.79	3.64
2015-08-23 09:13:19.954	30851	30951	-91	-90	10	17.39	81.39	3.64
2015-08-23 09:41:22.154	30851	30951	-91	-89	10
2015-08-23 09:56:25.923	30851	30951	-91	-89	10	18.2	81.32	3.64
2015-08-23 10:15:08.895	30851	30951	-90	-89	10	18.5	81.43	3.64
2015-08-23 11:01:03.343	30851	30951	-90	-89	10	20.08	82.21	3.64
2015-08-23 11:52:24.686	30851	30951	-93	-89	10	21.64	83.29	3.64
2015-08-23 12:30:18.843	30851	30951	-92	-89	10
2015-08-23 13:21:14.158	30851	30951	-91	-90	10	24.54	82.71	3.64
2015-08-23 13:42:58.311	30851	30951	-93	-91	10	25.02	82.97	3.64
2015-08-23 14:19:36.85	30851	30951	-93	-90	10	25.74	81.77	3.64
2015-08-23 14:38:25.106	30851	30951	-94	-92	10
2015-08-23 14:42:09.75	30851	30951	-93	-92	11
2015-08-23 14:56:59.386	30851	30951	-92	-91	11	26.49	81.67	3.64
2015-08-23 15:59:54.554	30851	30951	-94	-92	15	26.99	80.93	3.64
2015-08-23 16:49:19.751	30851	30951	-94	-93	18	27.16	80.17	3.64
2015-08-23 16:54:08.754	30851	30951	-93	-92	18
2015-08-23 17:06:58.559	30851	30951	-93	-92	18
2015-08-23 17:11:58.006	30851	30951	-93	-91	18	27.11	80.03	3.64
2015-08-23 18:15:15.446	30851	30951	-93	-91	17	26.9	79.34	3.64
2015-08-23 18:47:39.943	30851	30951	-93	-92	16	26.58	79.03	3.64
2015-08-23 19:19:27.879	30851	30951	-93	-92	16	26.3	78.82	3.651
2015-08-23 19:47:23.235	30851	30951	-92	-92	16	25.91	78.44	3.651
2015-08-23 20:57:57.539	30851	30951	-92	-91	15	24.52	77.32	3.651
2015-08-23 21:17:36.098	30851	30951	-92	-90	15
2015-08-23 22:23:55.419	30851	30951	-92	-90	14	23.36	77.84	3.64
2015-08-23 22:50:36.838	30851	30951	-92	-90	14	23.13	77.92	3.64
2015-08-23 23:29:29.014	30851	30951	-91	-90	13
2015-08-24 00:24:24.662	30851	30951	-91	-90	12	22.15	77.91	3.64
2015-08-24 00:47:32.678	30851	30951	-91	-90	12	21.85	77.68	3.64
2015-08-24 01:31:47.587	30851	30951	-91	-89	12	21.56	78.23	3.64
2015-08-24 01:42:34.663	30851	30951	-91	-90	12	21.54	78.36	3.64
2015-08-24 02:48:12.327	30851	30951	-91	-90	10	21.25	78.46	3.651
2015-08-24 03:30:12.907	30851	30951	-91	-90	10	21.02	78.36	3.64
2015-08-24 03:53:10.223	30851	30951	-91	-89	10
2015-08-24 05:13:20.958	30851	30951	-91	-90	10	20.81	78.87	3.64
2015-08-24 05:57:05.974	30851	30951	-91	-90	10	20.74	78.95	3.64
2015-08-24 06:05:09.766	30851	30951	-92	-91	10
2015-08-24 06:56:16.146	30851	30951	-91	-90	10	20.72	78.98	3.64
2015-08-24 07:57:17.167	30851	30951	-91	-90	10	20.47	79.03	3.64
2015-08-24 08:15:03.534	30851	30951	-91	-90	10	20.46	78.97	3.64
2015-08-24 08:51:06.014	30851	30951	-93	-89	10	20.92	80.78	3.64
2015-08-24 09:53:12.415	30851	30951	-92	-90	10	21.44	80.22	3.64
2015-08-24 10:26:24.495	30851	30951	-93	-91	10
2015-08-24 10:41:27.198	30851	30951	-92	-91	10	21.6	80.26	3.64
2015-08-24 11:32:39.51	30851	30951	-92	-91	10	22.59	81.66	3.64
2015-08-24 12:29:35.918	30851	30951	-92	-91	10	23.42	81.79	3.64
2015-08-24 12:54:45.938	30851	30951	-92	-91	10
2015-08-24 14:01:06.393	30851	30951	-93	-91	10	24.77	81.22	3.64
2015-08-24 14:18:49.062	30851	30951	-93	-91	10	24.93	81.62	3.64
2015-08-24 14:47:26.467	30851	30951	-93	-91	10	25.02	80.86	3.64
2015-08-24 14:52:21.59	30851	30951	-93	-92	10
2015-08-24 15:22:56.39	30851	30951	-93	-91	10	25.36	80.96	3.64
2015-08-24 15:23:20.554	30851	30951	-93	-91	10
2015-08-24 15:43:52.726	30851	30951	-93	-91	10	25.49	80.75	3.64
2015-08-24 16:17:00.658	30851	30951	-93	-91	10	25.4	80.28	3.64
2015-08-24 16:46:46.718	30851	30951	-92	-91	10	25.36	79.95	3.64
2015-08-24 17:04:12.558	30851	30951	-93	-92	10
2015-08-24 17:16:26.35	30851	30951	-93	-91	10	25.38	79.69	3.64
2015-08-24 17:45:57.146	30851	30951	-92	-91	10	25.1	79.26	3.64
2015-08-24 17:51:38.222	30851	30951	-93	-91	10
2015-08-24 18:25:16.674	30851	30951	-92	-92	10	24.94	79.42	3.64
2015-08-24 18:46:53.298	30851	30951	-92	-91	10	24.58	78.81	3.64
2015-08-24 19:16:04.098	30851	30951	-92	-91	10
2015-08-24 19:32:42.219	30851	30951	-92	-91	10	24.18	78.78	3.64
2015-08-24 20:01:53.943	30851	30951	-92	-91	10	23.86	78.58	3.64
2015-08-24 20:19:12.718	30851	30951	-92	-91	10	23.58	78.41	3.64
2015-08-24 20:20:06.695	30851	30951	-92	-91	10
2015-08-24 20:43:00.982	30851	30951	-92	-90	10	23.34	78.42	3.64
2015-08-24 21:21:05.811	30851	30951	-92	-91	10	22.96	78.26	3.64
2015-08-24 21:27:57.407	30851	30951	-92	-91	10
2015-08-24 21:52:06.55	30851	30951	-91	-91	10	22.51	78.19	3.64
2015-08-24 22:27:57.754	30851	30951	-91	-90	10	22.08	78.13	3.64
2015-08-24 22:46:22.603	30851	30951	-92	-90	10	21.81	77.99	3.64
2015-08-24 22:48:38.919	30851	30951	-91	-91	10
2015-08-24 23:14:32.303	30851	30951	-92	-90	10	21.42	77.86	3.64
2015-08-24 23:39:42.627	30851	30951	-91	-90	10
2015-08-24 23:57:26.223	30851	30951	-91	-90	10	20.81	77.66	3.64
2015-08-25 00:33:45.602	30851	30951	-91	-90	10	20.11	77.06	3.64
2015-08-25 00:52:49.551	30851	30951	-91	-90	10	19.75	76.96	3.64
2015-08-25 01:17:03.011	30851	30951	-91	-90	10	19.33	76.9	3.64
2015-08-25 01:17:04.755	30851	30951	-91	-90	10
2015-08-25 01:51:34.026	30851	30951	-91	-89	10
2015-08-25 02:02:13	30851	30951	-91	-89	10	18.57	76.88	3.64
2015-08-25 02:24:43.366	30851	30951	-91	-90	10	18.29	77.06	3.64
2015-08-25 02:58:54.835	30851	30951	-91	-89	10	17.83	77.07	3.64
2015-08-25 03:28:57.871	30851	30951	-90	-89	10	17.46	77.1	3.64
2015-08-25 03:43:43.387	30851	30951	-90	-89	10	17.32	77.25	3.64
2015-08-25 03:45:34.246	30851	30951	-90	-89	10
2015-08-25 04:03:22.686	30851	30951	-91	-89	10
2015-08-25 04:30:45.614	30851	30951	-90	-90	10	17.15	77.92	3.63
2015-08-25 05:13:22.894	30851	30951	-91	-89	10	16.95	78.13	3.64
2015-08-25 05:51:02.555	30851	30951	-90	-89	10	16.77	78.17	3.63
2015-08-25 06:14:02.754	30851	30951	-91	-89	10
2015-08-25 06:15:13.815	30851	30951	-91	-89	10
2015-08-25 06:18:51.842	30851	30951	-91	-89	10	16.61	78.06	3.64
2015-08-25 06:56:40.731	30851	30951	-91	-89	10	16.32	77.97	3.64
2015-08-25 07:31:26.935	30851	30951	-91	-89	10	16.24	78.55	3.63
2015-08-25 07:47:41.406	30851	30951	-90	-89	10	16.39	79.32	3.63
2015-08-25 08:26:20.53	30851	30951	-91	-89	10	19.28	86.06	3.63
2015-08-25 08:27:04.438	30851	30951	-91	-90	10
2015-08-25 08:42:30.766	30851	30951	-91	-89	10
2015-08-25 08:45:25.85	30851	30951	-91	-90	10	19.07	82.47	3.64
2015-08-25 09:13:04.719	30851	30951	-92	-90	10	19.28	82.54	3.63
2015-08-25 09:54:40.25	30851	30951	-91	-90	10	19.5	81.35	3.63
2015-08-25 10:21:08.526	30851	30951	-91	-90	10	19.82	81.8	3.63
2015-08-25 10:38:53.971	30851	30951	-91	-90	10
2015-08-25 10:49:36.706	30851	30951	-92	-91	10	20.25	81.87	3.63
2015-08-25 11:11:00.482	30851	30951	-91	-90	10
2015-08-25 11:28:25.931	30851	30951	-91	-90	10	20.88	81.03	3.63
2015-08-25 11:58:05.111	30851	30951	-91	-90	10	20.75	80.59	3.63
2015-08-25 12:50:59.891	30851	30951	-92	-88	10
2015-08-25 13:14:21.795	30851	30951	-92	-90	10	20.58	79.88	3.63
2015-08-25 13:39:29.48	30851	30951	-91	-91	10
2015-08-25 13:44:21.239	30851	30951	-91	-90	10	20.79	80.47	3.63
2015-08-25 14:31:01.966	30851	30951	-91	-91	10	21.03	80.24	3.63
2015-08-25 14:49:48.019	30851	30951	-91	-90	10	20.97	80.02	3.63
2015-08-25 15:02:34.659	30851	30951	-93	-90	10
2015-08-25 15:26:59.906	30851	30951	-91	-91	10	21.04	80.35	3.63
2015-08-25 15:56:14.127	30851	30951	-92	-91	10	21.06	80.4	3.63
2015-08-25 16:07:59.806	30851	30951	-91	-90	10
2015-08-25 16:27:38.538	30851	30951	-92	-90	10	20.99	79.97	3.63
2015-08-25 16:49:45.566	30851	30951	-91	-90	10	20.94	79.83	3.63
2015-08-25 17:14:27.37	30851	30951	-92	-90	10
2015-08-25 17:16:32.631	30851	30951	-92	-91	10	20.6	79.42	3.63
2015-08-25 17:51:43.323	30851	30951	-92	-90	10	20.28	79.01	3.63
2015-08-25 18:31:55.003	30851	30951	-91	-90	10	19.86	78.87	3.63
2015-08-25 18:36:39.507	30851	30951	-91	-90	10
2015-08-25 18:49:49.358	30851	30951	-91	-90	10	19.72	78.92	3.63
2015-08-25 19:18:38.662	30851	30951	-91	-89	10	19.5	78.88	3.63
2015-08-25 19:26:16.379	30851	30951	-91	-90	10
2015-08-25 19:56:19.774	30851	30951	-91	-89	10	19.14	78.8	3.63
2015-08-25 20:27:26.23	30851	30951	-91	-90	10	18.86	78.85	3.63
2015-08-25 20:58:00.231	30851	30951	-91	-90	10	18.7	78.86	3.63
2015-08-25 21:05:01.794	30851	30951	-91	-89	10
2015-08-25 21:21:10.159	30851	30951	-91	-90	10	18.56	78.91	3.63
2015-08-25 21:38:06.026	30851	30951	-91	-90	10
2015-08-25 21:47:12.143	30851	30951	-91	-90	10	18.42	79.01	3.63
2015-08-25 22:24:19.102	30851	30951	-91	-90	10	18.24	78.97	3.63
2015-08-25 22:43:46.714	30851	30951	-92	-89	10	18.14	79.05	3.63
2015-08-25 23:16:54.294	30851	30951	-91	-89	10	18.02	79.08	3.63
2015-08-25 23:33:25.27	30851	30951	-91	-89	10
2015-08-25 23:43:53.026	30851	30951	-91	-89	10	17.86	79.1	3.63
2015-08-25 23:49:56.97	30851	30951	-91	-89	10
2015-08-26 00:23:34.727	30851	30951	-91	-89	10	17.68	79.11	3.63
2015-08-26 00:43:56.582	30851	30951	-91	-89	10	17.65	79.13	3.63
2015-08-26 01:20:27.919	30851	30951	-91	-89	10	17.39	78.82	3.63
2015-08-26 01:58:50.027	30851	30951	-91	-89	10	17.0	78.35	3.63
2015-08-26 02:01:46.63	30851	30951	-90	-89	10
2015-08-26 02:01:56.643	30851	30951	-91	-89	10
2015-08-26 02:15:56.938	30851	30951	-90	-89	10	16.77	78.2	3.63
2015-08-26 02:57:55.462	30851	30951	-91	-89	10	16.36	78.01	3.63
2015-08-26 03:14:45.842	30851	30951	-90	-89	10	16.15	77.97	3.63
2015-08-26 04:02:27.606	30851	30951	-90	-89	10	15.78	78.04	3.63
2015-08-26 04:13:38.69	30851	30951	-91	-89	10
2015-08-26 04:14:43.91	30851	30951	-91	-89	10	15.57	78.05	3.619
2015-08-26 04:30:23.934	30851	30951	-91	-89	10
2015-08-26 04:47:29.466	30851	30951	-90	-89	10	15.35	78.1	3.619
2015-08-26 05:27:19.902	30851	30951	-90	-89	10	15.0	78.08	3.619
2015-08-26 05:50:35.354	30851	30951	-90	-88	10	14.86	78.18	3.619
2015-08-26 06:24:39.039	30851	30951	-90	-89	10	14.65	78.34	3.619
2015-08-26 06:25:28.979	30851	30951	-90	-88	10
2015-08-26 06:54:06.634	30851	30951	-91	-89	10	14.6	78.61	3.63
2015-08-26 06:58:51.562	30851	30951	-90	-89	10
2015-08-26 07:33:48.31	30851	30951	-90	-88	10	14.88	79.73	3.619
2015-08-26 07:47:21.222	30851	30951	-90	-88	10	15.04	80.02	3.619
2015-08-26 08:14:27.886	30851	30951	-90	-88	10	15.38	80.92	3.619
2015-08-26 08:37:20.082	30851	30951	-91	-89	10
2015-08-26 08:54:49.471	30851	30951	-90	-89	10	15.89	81.21	3.619
2015-08-26 09:21:42.159	30851	30951	-91	-89	10	16.28	81.9	3.619
2015-08-26 09:27:20.758	30851	30951	-91	-89	10
2015-08-26 09:47:17.463	30851	30951	-91	-89	10	17.0	82.93	3.619
2015-08-26 10:49:14.035	30851	30951	-91	-90	10
2015-08-26 11:54:51.915	30851	30951	-91	-90	10	18.83	81.1	3.64
2015-08-26 11:56:01.615	30851	30951	-91	-90	10
2015-08-26 12:24:26.17	30851	30951	-91	-90	10	19.14	81.93	3.619
2015-08-26 12:52:52.475	30851	30951	-92	-90	10	19.57	81.92	3.619
2015-08-26 13:01:00.015	30851	30951	-91	-90	10
2015-08-26 13:22:11.054	30851	30951	-91	-90	10	20.04	81.67	3.619
2015-08-26 13:52:00.13	30851	30951	-92	-89	10	20.17	81.59	3.619
2015-08-26 14:24:29.363	30851	30951	-91	-90	10
2015-08-26 14:24:42.799	30851	30951	-91	-90	10
2015-08-26 14:25:19.523	30851	30951	-91	-90	10	20.52	82.1	3.619
2015-08-26 14:54:54.267	30851	30951	-91	-90	10	20.58	81.22	3.619
2015-08-26 15:12:49.874	30851	30951	-92	-90	10
2015-08-26 15:14:46.719	30851	30951	-91	-90	10	20.56	81.07	3.63
2015-08-26 15:45:55.75	30851	30951	-92	-90	10	20.61	81.23	3.619
2015-08-26 16:14:44.091	30851	30951	-91	-90	10	20.68	80.73	3.619
2015-08-26 16:52:33.516	30851	30951	-91	-90	10	20.76	80.93	3.619
2015-08-26 16:52:48.402	30851	30951	-92	-90	10
2015-08-26 17:24:39.738	30851	30951	-91	-91	10
2015-08-26 17:32:29.066	30851	30951	-91	-90	10	20.7	80.48	3.619
2015-08-26 17:48:13	30851	30951	-92	-90	10	20.51	80.18	3.619
2015-08-26 18:18:54.234	30851	30951	-92	-90	10	20.32	79.93	3.619
2015-08-26 18:48:14.355	30851	30951	-91	-90	10	19.97	79.65	3.619
2015-08-26 19:21:17.631	30851	30951	-91	-90	10
2015-08-26 19:25:31.527	30851	30951	-91	-89	10	19.64	79.4	3.619
2015-08-26 19:36:30.427	30851	30951	-91	-90	10
2015-08-26 19:45:02.858	30851	30951	-91	-89	10	19.43	79.38	3.619
2015-08-26 20:25:32.602	30851	30951	-90	-89	10	18.9	78.86	3.619
2015-08-26 21:03:25.123	30851	30951	-90	-89	10	18.45	78.91	3.619
2015-08-26 21:16:04.319	30851	30951	-90	-89	10	18.31	78.99	3.619
2015-08-26 21:42:38.674	30851	30951	-90	-89	10	18.13	79.1	3.619
2015-08-26 21:48:21.402	30851	30951	-91	-89	10
2015-08-26 21:49:45.563	30851	30951	-91	-89	10
2015-08-26 22:32:26.098	30851	30951	-90	-89	10	17.79	79.06	3.619
2015-08-26 22:51:55.763	30851	30951	-91	-88	10	17.61	79.1	3.619
2015-08-26 23:30:15.723	30851	30951	-91	-89	10	17.52	79.39	3.619
2015-08-26 23:45:24.382	30851	30951	-91	-89	10	17.42	79.44	3.619
2015-08-27 00:00:12.003	30851	30951	-90	-89	10
2015-08-27 00:18:13.654	30851	30951	-90	-89	10
2015-08-27 00:21:29.198	30851	30951	-90	-89	10	17.32	79.47	3.619
2015-08-27 01:02:13.943	30851	30951	-90	-89	10	17.04	79.41	3.619
2015-08-27 01:32:41.774	30851	30951	-90	-89	10	16.93	79.39	3.619
2015-08-27 01:57:42.391	30851	30951	-91	-89	10	16.75	79.48	3.619
2015-08-27 02:12:02.318	30851	30951	-91	-89	10
2015-08-27 02:30:14.511	30851	30951	-91	-89	10	16.72	79.52	3.619
2015-08-27 02:46:46.774	30851	30951	-90	-89	10
2015-08-27 02:55:17.927	30851	30951	-91	-89	10	16.58	79.57	3.619
2015-08-27 03:22:10.931	30851	30951	-90	-89	10	16.54	79.58	3.619
2015-08-27 03:47:05.487	30851	30951	-91	-89	10	16.5	79.68	3.619
2015-08-27 04:15:58.087	30851	30951	-90	-89	10	16.43	79.76	3.619
2015-08-27 04:23:52.146	30851	30951	-91	-89	10
2015-08-27 04:41:59.223	30851	30951	-91	-89	10	16.39	79.81	3.619
2015-08-27 05:15:13.038	30851	30951	-90	-89	10
2015-08-27 05:30:38.659	30851	30951	-90	-89	10	16.31	79.79	3.619
2015-08-27 05:42:49.506	30851	30951	-91	-89	10	16.25	79.78	3.619
2015-08-27 06:30:21.787	30851	30951	-90	-88	10	16.07	79.58	3.619
2015-08-27 06:35:45.058	30851	30951	-90	-89	10
2015-08-27 06:44:55.527	30851	30951	-91	-89	10	16.02	79.73	3.619
2015-08-27 07:15:37.527	30851	30951	-90	-89	10	16.13	80.03	3.619
2015-08-27 07:43:43.758	30851	30951	-90	-88	10
2015-08-27 08:02:57.594	30851	30951	-90	-89	10	16.22	80.38	3.619
2015-08-27 08:16:26.578	30851	30951	-90	-89	10	16.31	80.65	3.619
2015-08-27 08:47:33.298	30851	30951	-90	-89	10
2015-08-27 09:02:25.159	30851	30951	-90	-89	10	16.89	81.38	3.619
2015-08-27 09:25:30.382	30851	30951	-91	-89	10	17.42	83.15	3.619
2015-08-27 09:46:58.13	30851	30951	-91	-89	10	18.15	84.28	3.619
2015-08-27 10:12:09.506	30851	30951	-91	-90	10
2015-08-27 10:12:56.839	30851	30951	-91	-90	10	18.61	82.74	3.619
2015-08-27 10:42:10.45	30851	30951	-91	-89	10	18.83	82.79	3.619
2015-08-27 10:59:23.906	30851	30951	-91	-90	10
2015-08-27 11:17:59.934	30851	30951	-91	-90	10	19.22	82.2	3.619
2015-08-27 12:00:18.895	30851	30951	-91	-89	10	19.47	81.9	3.619
2015-08-27 12:26:26.27	30851	30951	-91	-90	10	19.79	81.84	3.619
2015-08-27 12:40:40.778	30851	30951	-91	-89	10
2015-08-27 12:52:38.934	30851	30951	-91	-91	10	20.02	82.17	3.619
2015-08-27 13:11:13.77	30851	30951	-91	-90	10
2015-08-27 13:16:03.182	30851	30951	-91	-90	10	20.35	82.4	3.619
2015-08-27 13:41:55.614	30851	30951	-91	-90	10	20.5	81.85	3.619
2015-08-27 14:33:35.954	30851	30951	-91	-90	10	20.56	80.86	3.619
2015-08-27 14:42:39.818	30851	30951	-91	-90	10	20.43	80.63	3.619
2015-08-27 15:09:10.563	30851	30951	-91	-90	10
2015-08-27 15:23:04.627	30851	30951	-92	-89	10
2015-08-27 15:46:09.366	30851	30951	-91	-90	10	20.68	81.53	3.619
2015-08-27 16:27:04.97	30851	30951	-91	-90	10	21.04	81.91	3.619
2015-08-27 16:44:29.659	30851	30951	-91	-90	10	21.15	81.94	3.619
2015-08-27 17:25:38.679	30851	30951	-92	-90	10	21.53	81.79	3.609
2015-08-27 17:35:09.451	30851	30951	-91	-90	10
2015-08-27 17:37:40.242	30851	30951	-92	-90	10
2015-08-27 18:03:32.69	30851	30951	-92	-90	10	21.68	81.39	3.619
2015-08-27 18:32:15.562	30851	30951	-92	-90	10	21.4	80.71	3.619
2015-08-27 18:44:39.507	30851	30951	-91	-90	10	21.29	80.53	3.619
2015-08-27 19:14:52.095	30851	30951	-91	-90	10	21.01	80.24	3.619
2015-08-27 19:46:45.551	30851	30951	-91	-90	10
2015-08-27 19:47:01.771	30851	30951	-91	-90	10	20.65	79.95	3.619
2015-08-27 20:06:07.906	30851	30951	-91	-90	10
2015-08-27 20:23:43.746	30851	30951	-91	-90	10	20.36	79.71	3.619
2015-08-27 21:03:32.602	30851	30951	-91	-90	10	19.88	79.5	3.619
2015-08-27 21:22:34.634	30851	30951	-91	-90	10	19.65	79.4	3.619
2015-08-27 21:51:50.786	30851	30951	-91	-90	10	19.28	79.22	3.64
2015-08-27 21:58:36.486	30851	30951	-91	-89	10
2015-08-27 22:16:16.715	30851	30951	-91	-89	10	18.93	78.78	3.619
2015-08-27 22:34:35.282	30851	30951	-90	-89	10
2015-08-27 22:53:29.162	30851	30951	-90	-88	10	18.28	78.59	3.619
2015-08-27 23:33:06.934	30851	30951	-90	-89	10	17.79	78.59	3.619
2015-08-28 00:10:37.514	30851	30951	-90	-87	10
2015-08-28 00:20:33.178	30851	30951	-90	-89	10	17.25	79.1	3.619
2015-08-28 00:53:43.307	30851	30951	-90	-88	10	16.97	79.09	3.619
2015-08-28 01:03:02.678	30851	30951	-90	-88	10
2015-08-28 01:19:31.634	30851	30951	-90	-87	10	16.72	79.11	3.609
2015-08-28 01:56:44.842	30851	30951	-90	-88	10	16.49	79.22	3.609
2015-08-28 02:15:01.811	30851	30951	-90	-89	10	16.29	79.23	3.619
2015-08-28 02:22:17.166	30851	30951	-89	-89	10
2015-08-28 02:57:50.771	30851	30951	-89	-88	10	15.82	78.82	3.619
2015-08-28 03:31:30.454	30851	30951	-90	-87	10	15.68	79.17	3.619
2015-08-28 03:52:31.411	30851	30951	-90	-88	10	15.5	79.21	3.619
2015-08-28 04:34:07.419	30851	30951	-90	-89	10
2015-08-28 05:29:49.59	30851	30951	-90	-87	10	15.11	79.48	3.609
2015-08-28 06:00:01.855	30851	30951	-90	-87	10
2015-08-28 06:51:59.443	30851	30951	-90	-88	10	14.78	79.53	3.609
2015-08-28 07:50:20.159	30851	30951	-90	-89	10	15.1	80.81	3.609
2015-08-28 08:29:52.938	30851	30951	-90	-89	10	16.67	85.28	3.609
2015-08-28 08:57:48.794	30851	30951	-91	-89	10
2015-08-28 09:48:11.475	30851	30951	-91	-88	10	18.65	84.98	3.609
2015-08-28 10:24:52.911	30851	30951	-91	-90	10	19.63	84.84	3.609
2015-08-28 11:09:38.922	30851	30951	-91	-90	10
2015-08-28 11:16:10.234	30851	30951	-91	-90	10	20.97	84.55	3.609
2015-08-28 12:17:12.454	30851	30951	-91	-90	10	22.26	83.91	3.609
2015-08-28 13:21:35.55	30851	30951	-91	-90	10
2015-08-28 13:44:24.474	30851	30951	-91	-90	10	23.32	82.82	3.609
2015-08-28 15:03:08.414	30851	30951	-92	-90	10	23.82	81.9	3.609
2015-08-28 15:33:18.702	30851	30951	-92	-91	10
2015-08-28 15:54:08.626	30851	30951	-92	-90	10
2015-08-28 16:11:42.05	30851	30951	-92	-90	10	24.97	83.32	3.609
2015-08-28 16:49:31.023	30851	30951	-92	-91	10	25.27	82.58	3.619
2015-08-28 17:45:09.515	30851	30951	-93	-91	10
2015-08-28 18:22:29.099	30851	30951	-92	-90	10
2015-08-28 18:50:36.482	30851	30951	-92	-91	10	24.94	80.89	3.619
2015-08-28 19:27:26.73	30851	30951	-92	-91	10	24.49	80.32	3.609
2015-08-28 19:55:00.226	30851	30951	-91	-90	10	23.78	79.52	3.619
2015-08-28 19:57:11.302	30851	30951	-91	-90	10
2015-08-28 20:41:57.83	30851	30951	-91	-90	10	22.42	77.99	3.619
2015-08-28 21:23:37.655	30851	30951	-91	-90	10	21.61	78.3	3.619
2015-08-28 22:08:51.183	30851	30951	-91	-90	10
2015-08-28 22:46:26.331	30851	30951	-91	-89	10	20.43	78.81	3.619
2015-08-28 23:19:23.422	30851	30951	-91	-89	10
2015-08-28 23:19:30.023	30851	30951	-91	-89	10
2015-08-28 23:55:12.174	30851	30951	-91	-89	10	19.6	79.31	3.609
2015-08-29 00:28:01.242	30851	30951	-91	-90	10	19.25	79.14	3.619
2015-08-29 01:19:16.543	30851	30951	-91	-89	10	18.65	78.96	3.619
2015-08-29 01:52:40.923	30851	30951	-90	-89	10	18.08	78.68	3.609
2015-08-29 02:21:25.046	30851	30951	-90	-89	10	17.72	78.63	3.609
2015-08-29 02:48:14.834	30851	30951	-90	-89	10	17.38	78.71	3.609
2015-08-29 03:52:32.414	30851	30951	-90	-89	10	16.64	78.92	3.619
2015-08-29 04:16:21.078	30851	30951	-90	-89	10
2015-08-29 04:44:21.05	30851	30951	-90	-88	10
2015-08-29 06:32:30.678	30851	30951	-90	-89	10	15.29	79.16	3.609
2015-08-29 06:52:12.099	30851	30951	-90	-88	10	15.22	79.4	3.609
2015-08-29 07:29:00.063	30851	30951	-90	-89	10	15.27	80.17	3.609
2015-08-29 08:21:56.479	30851	30951	-90	-88	10	16.54	82.67	3.609
2015-08-29 09:13:22.834	30851	30951	-91	-89	10
2015-08-29 09:46:46.111	30851	30951	-91	-90	10	19.22	85.38	3.609
2015-08-29 10:49:12.53	30851	30951	-92	-90	10	21.07	85.61	3.609
2015-08-29 11:23:44.326	30851	30951	-91	-90	10	22.29	85.6	3.609
2015-08-29 11:43:21.006	30851	30951	-93	-90	10	23.02	85.31	3.609
2015-08-29 12:30:58.398	30851	30951	-93	-91	10	24.61	85.08	3.609
2015-08-29 13:13:23.514	30851	30951	-93	-91	10	25.74	84.41	3.609
2015-08-29 13:56:09.967	30851	30951	-93	-92	10	26.1	83.02	3.609
2015-08-29 14:11:02.93	30851	30951	-94	-91	11
2015-08-29 14:21:13.794	30851	30951	-93	-92	11	26.52	83.09	3.609
2015-08-29 15:28:59.051	30851	30951	-93	-92	11	26.96	82.4	3.609
2015-08-29 15:44:02.542	30851	30951	-94	-91	11
2015-08-29 15:58:55.282	30851	30951	-93	-92	11	27.41	82.97	3.619
2015-08-29 16:28:33.042	30851	30951	-94	-92	10	27.38	82.36	3.609
2015-08-29 16:38:49.078	30851	30951	-93	-92	10
2015-08-29 16:43:04.578	30851	30951	-94	-92	10	27.3	81.93	3.609
2015-08-29 17:32:53.655	30851	30951	-93	-92	10	27.38	82.13	3.609
2015-08-29 17:50:29.434	30851	30951	-94	-92	14	27.38	81.81	3.609
2015-08-29 17:55:31.511	30851	30951	-93	-92	14
2015-08-29 18:27:01.799	30851	30951	-93	-92	13	27.33	81.54	3.609
2015-08-29 18:49:01.586	30851	30951	-93	-92	13	27.24	81.2	3.609
2015-08-29 19:07:20.466	30851	30951	-93	-92	14
2015-08-29 19:25:47.075	30851	30951	-94	-92	14	26.74	80.62	3.609
2015-08-29 19:42:52.922	30851	30951	-93	-92	14	26.47	80.27	3.609
2015-08-29 20:07:14.199	30851	30951	-93	-91	13
2015-08-29 20:12:56.839	30851	30951	-93	-92	13	25.82	79.78	3.609
2015-08-29 20:53:15.091	30851	30951	-92	-91	12	25.08	79.58	3.609
2015-08-29 21:27:52.091	30851	30951	-92	-90	12	24.79	80.04	3.619
2015-08-29 21:35:43.315	30851	30951	-92	-91	12
2015-08-29 22:01:34.487	30851	30951	-92	-91	12	24.49	80.17	3.619
2015-08-29 22:16:03.467	30851	30951	-92	-90	10	24.34	80.13	3.619
2015-08-29 22:19:09.17	30851	30951	-92	-91	10
2015-08-29 23:02:37.896	30851	30951	-92	-91	10	23.74	79.88	3.619
2015-08-29 23:19:50.807	30851	30951	-92	-91	10	23.57	79.95	3.609
2015-08-29 23:53:16.988	30851	30951	-91	-90	10	23.26	80.04	3.609
2015-08-30 00:04:26.816	30851	30951	-92	-90	10
2015-08-30 00:19:33.866	30851	30951	-92	-90	10	23.1	80.16	3.609
2015-08-30 00:30:56.154	30851	30951	-91	-90	10
2015-08-30 00:47:26.806	30851	30951	-91	-90	10	22.89	80.19	3.609
2015-08-30 01:23:29.335	30851	30951	-92	-90	10	22.76	80.53	3.609
2015-08-30 01:51:08.955	30851	30951	-92	-90	10	22.82	80.8	3.619
2015-08-30 02:17:20.522	30851	30951	-91	-90	10	22.74	80.79	3.609
2015-08-30 02:32:43.166	30851	30951	-91	-90	10
2015-08-30 02:42:47.779	30851	30951	-92	-90	10
2015-08-30 02:58:10.114	30851	30951	-92	-90	10	22.42	80.33	3.609
2015-08-30 03:25:41.303	30851	30951	-91	-90	10	22.22	80.31	3.609
2015-08-30 04:28:13.414	30851	30951	-91	-90	10	21.65	79.98	3.619
2015-08-30 04:42:28.114	30851	30951	-91	-90	10	21.54	79.96	3.609
2015-08-30 05:01:11.059	30851	30951	-91	-90	10
2015-08-30 05:52:36.751	30851	30951	-90	-90	10	21.33	80.31	3.609
2015-08-30 06:25:45.086	30851	30951	-91	-90	10	20.64	79.72	3.609
2015-08-30 06:59:55.064	30851	30951	-91	-90	10	20.36	80.05	3.609
2015-08-30 07:06:37.803	30851	30951	-91	-89	10
2015-08-30 07:27:40.25	30851	30951	-91	-89	10	20.32	80.35	3.609
2015-08-30 07:29:38.93	30851	30951	-91	-90	10
2015-08-30 07:42:03.411	30851	30951	-91	-90	10	20.29	80.5	3.609
2015-08-30 08:16:24.683	30851	30951	-91	-90	10	20.32	80.94	3.609
2015-08-30 08:54:04.999	30851	30951	-91	-90	10	20.5	81.41	3.609
2015-08-30 09:18:17.618	30851	30951	-91	-90	10
2015-08-30 09:25:02.434	30851	30951	-90	-89	10	20.82	81.94	3.609
2015-08-30 09:49:22.799	30851	30951	-91	-90	10	21.1	82.1	3.609
2015-08-30 09:58:08.746	30851	30951	-92	-89	10
2015-08-30 10:15:41.862	30851	30951	-91	-90	10	21.56	82.97	3.609
2015-08-30 10:42:47.242	30851	30951	-91	-89	10	21.6	82.37	3.609
2015-08-30 11:27:34.702	30851	30951	-92	-90	10	22.39	83.59	3.609
2015-08-30 11:30:08.362	30851	30951	-92	-91	10
2015-08-30 11:59:10.666	30851	30951	-92	-91	10	23.14	84.03	3.609
2015-08-30 12:26:48.87	30851	30951	-93	-91	10
2015-08-30 12:34:06.962	30851	30951	-92	-92	10	23.97	83.94	3.609
2015-08-30 13:04:01.01	30851	30951	-93	-91	10	24.82	84.56	3.609
2015-08-30 13:30:42.631	30851	30951	-92	-92	10	25.26	84.35	3.609
2015-08-30 13:41:59.694	30851	30951	-92	-91	10
2015-08-30 13:48:01.282	30851	30951	-93	-91	10	25.68	84.4	3.609
2015-08-30 14:27:24.17	30851	30951	-93	-92	11	26.26	83.63	3.598
2015-08-30 14:50:43.899	30851	30951	-94	-93	11	26.63	83.74	3.609
2015-08-30 14:55:09.239	30851	30951	-94	-92	11
2015-08-30 15:13:01.703	30851	30951	-94	-92	11	26.99	83.82	3.598
2015-08-30 15:54:07.271	30851	30951	-93	-92	14
2015-08-30 15:54:24.546	30851	30951	-93	-92	17	27.47	83.27	3.609
2015-08-30 17:51:03.018	30851	30951	-93	-93	230	27.91	81.87	3.598
2015-08-30 19:17:22.514	30851	30951	-94	-93	186	27.22	80.88	3.609
2015-08-30 19:52:11.459	30851	30951	-94	-93	196
2015-08-30 22:17:45.899	30851	30951	-93	-91	46	24.72	79.93	3.609
2015-08-30 22:20:35.327	30851	30951	-93	-91	46
2015-08-30 22:29:19.927	30851	30951	-93	-91	42
2015-08-30 22:47:27.798	30851	30951	-93	-91	42	24.41	80.12	3.609
2015-08-30 23:15:08.703	30851	30951	-93	-91	42	24.14	80.25	3.609
2015-08-31 00:00:14.327	30851	30951	-92	-91	35	23.76	80.41	3.609
2015-08-31 00:31:28.134	30851	30951	-93	-91	35	23.57	80.5	3.609
2015-08-31 00:41:12.731	30851	30951	-93	-92	35
2015-08-31 00:42:44.802	30851	30951	-92	-91	35	23.46	80.34	3.609
2015-08-31 00:49:13.343	30851	30951	-92	-91	32
2015-08-31 01:23:10.615	30851	30951	-92	-91	32	23.22	80.6	3.609
2015-08-31 01:54:20.706	30851	30951	-92	-91	29	23.02	80.56	3.609
2015-08-31 02:19:10.419	30851	30951	-92	-90	29	22.72	80.24	3.609
2015-08-31 02:53:04.894	30851	30951	-92	-91	29
2015-08-31 03:01:12.384	30851	30951	-93	-90	27	22.42	80.46	3.609
2015-08-31 03:17:30.486	30851	30951	-92	-90	27
2015-08-31 03:25:26.227	30851	30951	-92	-90	27	22.29	80.46	3.598
2015-08-31 04:01:20.042	30851	30951	-91	-91	23	22.11	80.57	3.609
2015-08-31 04:33:13.814	30851	30951	-92	-90	23	21.88	80.4	3.609
2015-08-31 05:05:03.122	30851	30951	-92	-91	23
2015-08-31 05:19:25.606	30851	30951	-92	-90	23	21.56	80.43	3.598
2015-08-31 05:46:01.963	30851	30951	-92	-90	23
2015-08-31 05:49:44.111	30851	30951	-91	-90	21	21.36	80.42	3.609
2015-08-31 06:33:30.811	30851	30951	-92	-90	21	21.18	80.5	3.598
2015-08-31 06:52:46.906	30851	30951	-91	-90	19	21.1	80.67	3.598
2015-08-31 07:16:43.127	30851	30951	-92	-90	19
2015-08-31 07:33:32.69	30851	30951	-92	-90	19	21.02	81.06	3.598
2015-08-31 07:58:50.002	30851	30951	-92	-90	18	21.29	82.15	3.598
2015-08-31 08:13:51.291	30851	30951	-92	-90	17	21.67	82.82	3.598
2015-08-31 08:14:28.398	30851	30951	-91	-90	17
2015-08-31 09:03:15.555	30851	30951	-91	-90	17	21.97	82.4	3.598
2015-08-31 09:28:32.619	30851	30951	-92	-90	17
2015-08-31 09:31:44.89	30851	30951	-92	-90	17	22.13	82.61	3.598
2015-08-31 09:47:27.354	30851	30951	-92	-90	16	22.64	84.42	3.598
2015-08-31 10:15:13.486	30851	30951	-92	-91	15	23.4	84.8	3.598
2015-08-31 10:42:57.722	30851	30951	-92	-90	15
2015-08-31 10:53:51.118	30851	30951	-92	-91	15	24.24	84.76	3.598
2015-08-31 11:33:29.246	30851	30951	-93	-91	14	25.22	84.83	3.598
2015-08-31 11:40:26.17	30851	30951	-92	-92	13
2015-08-31 11:42:31.398	30851	30951	-93	-91	13	25.43	84.65	3.598
2015-08-31 12:27:56.042	30851	30951	-93	-92	13	26.91	85.29	3.598
2015-08-31 13:03:42.126	30851	30951	-94	-92	12	27.3	83.57	3.598
2015-08-31 13:11:38.298	30851	30951	-94	-92	12
2015-08-31 13:52:28.638	30851	30951	-94	-93	34
2015-08-31 23:59:24.782	30851	30951	-91	-89	47	24.49	80.67	3.598
2015-09-01 00:12:07.327	30851	30951	-91	-90	47	24.44	80.84	3.598
2015-09-01 00:46:25.503	30851	30951	-92	-90	47	24.22	80.56	3.598
2015-09-01 00:51:25.286	30851	30951	-92	-90	47
2015-09-01 01:14:01.695	30851	30951	-91	-90	47	23.84	80.42	3.598
2015-09-01 01:33:50.783	30851	30951	-92	-90	39
2015-09-01 02:02:05.026	30851	30951	-92	-91	39	23.29	80.2	3.598
2015-09-01 02:34:16.538	30851	30951	-92	-90	39	22.9	79.99	3.598
2015-09-01 02:56:44.146	30851	30951	-91	-91	39	22.64	79.96	3.598
2015-09-01 03:03:16.355	30851	30951	-91	-90	36
2015-09-01 03:15:19.375	30851	30951	-92	-90	36	22.38	80.01	3.598
2015-09-01 03:46:46.046	30851	30951	-91	-90	33	22.19	80.18	3.598
2015-09-01 04:02:17.971	30851	30951	-91	-90	33
2015-09-01 04:14:07.058	30851	30951	-91	-90	33	21.79	80.09	3.598
2015-09-01 04:48:16.051	30851	30951	-91	-90	30	21.65	80.58	3.598
2015-09-01 05:15:08.539	30851	30951	-91	-90	30
2015-09-01 05:15:54.954	30851	30951	-91	-90	30	21.65	80.79	3.598
2015-09-01 05:43:11.774	30851	30951	-91	-90	28	21.42	80.69	3.598
2015-09-01 06:24:43.134	30851	30951	-91	-90	26	21.22	80.64	3.598
2015-09-01 06:30:48.618	30851	30951	-91	-90	26
2015-09-01 06:53:24.991	30851	30951	-91	-90	26	21.1	80.72	3.598
2015-09-01 07:13:35.723	30851	30951	-91	-89	26	21.01	80.85	3.598
2015-09-01 07:26:57.507	30851	30951	-91	-90	24
2015-09-01 07:59:53.108	30851	30951	-91	-89	22	21.63	83.69	3.598
2015-09-01 08:19:37.926	30851	30951	-92	-90	22	22.42	84.88	3.598
2015-09-01 08:49:41.59	30851	30951	-92	-90	22	23.25	84.87	3.588
2015-09-01 08:59:16.438	30851	30951	-91	-90	22
2015-09-01 09:18:17.058	30851	30951	-91	-90	19	23.88	85.44	3.588
2015-09-01 09:38:47.306	30851	30951	-92	-90	19
2015-09-01 09:44:37.735	30851	30951	-93	-90	19	25.19	90.26	3.588
2015-09-01 10:13:24.007	30851	30951	-92	-91	19	25.63	84.67	3.598
2015-09-01 10:53:48.863	30851	30951	-93	-91	19	26.19	84.77	3.588
2015-09-01 11:25:33.426	30851	30951	-93	-91	17	26.86	84.51	3.598
2015-09-01 11:27:47.246	30851	30951	-93	-92	17
2015-09-01 11:43:37.598	30851	30951	-92	-92	17	27.02	83.72	3.588
2015-09-01 11:50:40.146	30851	30951	-93	-90	17
2015-09-01 12:26:37.33	30851	30951	-92	-92	16	27.8	84.1	3.588
2015-09-01 12:49:34.867	30851	30951	-92	-90	16	27.94	83.63	3.598
2015-09-01 13:26:52.102	30851	30951	-93	-91	16	28.33	84.11	3.598
2015-09-01 13:44:20.39	30851	30951	-93	-92	15	28.83	84.82	3.598
2015-09-01 13:56:27.318	30851	30951	-94	-91	18
2015-09-01 14:30:35.71	30851	30951	-94	-92	30	29.75	83.8	3.588
2015-09-01 17:30:40.69	30851	30951	-94	-93	42	30.44	82.47	3.598
2015-09-01 18:20:59.23	30851	30951	-94	-92	45	30.05	81.69	3.598
2015-09-01 18:50:41.95	30851	30951	-94	-92	79	29.74	81.28	3.598
2015-09-01 18:53:19.726	30851	30951	-94	-92	79
2015-09-01 19:30:50.97	30851	30951	-93	-92	79	28.97	80.63	3.598
2015-09-01 19:49:22.927	30851	30951	-93	-92	79	28.61	80.37	3.598
2015-09-01 20:13:10.607	30851	30951	-92	-92	65	28.13	80.05	3.598
2015-09-01 20:38:00.102	30851	30951	-93	-91	65
2015-09-01 20:54:20.283	30851	30951	-92	-91	65	27.33	80.02	3.598
2015-09-01 21:21:51.815	30851	30951	-92	-91	65
2015-09-01 21:26:26.567	30851	30951	-93	-91	65	26.88	80.25	3.598
2015-09-01 21:54:11.538	30851	30951	-92	-91	59	26.63	80.67	3.588
2015-09-01 23:50:11.676	30851	30951	-92	-91	37
2015-09-02 00:00:15.331	30851	30951	-92	-91	37	25.58	80.66	3.598
2015-09-02 00:29:57.623	30851	30951	-92	-90	37	25.32	80.84	3.588
2015-09-02 00:48:09.982	30851	30951	-92	-90	34	25.11	80.54	3.598
2015-09-02 01:01:40.29	30851	30951	-92	-90	34
2015-09-02 01:26:18.554	30851	30951	-91	-90	31	24.49	80.19	3.588
2015-09-02 01:50:11.907	30851	30951	-91	-90	31	24.27	80.36	3.598
2015-09-02 02:18:39.63	30851	30951	-91	-90	31
2015-09-02 02:29:07.959	30851	30951	-92	-90	31	23.97	80.56	3.588
2015-09-02 02:55:54.866	30851	30951	-91	-90	26	23.61	80.32	3.588
2015-09-02 03:13:29.774	30851	30951	-91	-90	26
2015-09-02 03:15:54.651	30851	30951	-92	-90	26	23.36	80.32	3.588
2015-09-02 03:44:28.63	30851	30951	-91	-90	26	23.06	80.54	3.598
2015-09-02 04:13:48.795	30851	30951	-91	-90	26	22.9	80.59	3.588
2015-09-02 05:01:17.646	30851	30951	-92	-90	22	22.5	80.63	3.588
2015-09-02 05:25:32.03	30851	30951	-91	-90	22
2015-09-02 05:26:01.55	30851	30951	-91	-90	22	22.22	80.55	3.588
2015-09-02 06:03:26.487	30851	30951	-90	-90	22	22.14	81.0	3.588
2015-09-02 06:26:14.75	30851	30951	-91	-90	22	21.88	80.84	3.588
2015-09-02 06:50:53.07	30851	30951	-91	-90	19	21.76	80.84	3.588
2015-09-02 07:15:41.994	30851	30951	-91	-90	19
2015-09-02 07:33:43.35	30851	30951	-91	-90	19	21.69	81.36	3.588
2015-09-02 07:37:11.298	30851	30951	-91	-89	19
2015-09-02 07:51:04.914	30851	30951	-91	-90	18	21.94	82.6	3.588
2015-09-02 08:14:12.527	30851	30951	-91	-90	18	22.74	83.94	3.588
2015-09-02 08:52:27.072	30851	30951	-92	-90	17	23.47	84.56	3.588
2015-09-02 09:20:48.818	30851	30951	-91	-89	17	24.32	85.81	3.588
2015-09-02 09:44:05.547	30851	30951	-94	-90	17
2015-09-02 09:48:13.639	30851	30951	-92	-92	16	26.19	90.99	3.588
2015-09-02 09:49:00.971	30851	30951	-92	-91	16
2015-09-02 10:12:42.935	30851	30951	-93	-91	16	26.16	84.79	3.588
2015-09-02 11:00:44.579	30851	30951	-93	-91	15	26.86	84.72	3.588
2015-09-02 11:19:33.407	30851	30951	-93	-91	14	26.99	84.62	3.588
2015-09-02 11:56:04.518	30851	30951	-93	-91	14	27.79	84.97	3.588
2015-09-02 12:00:52.883	30851	30951	-93	-92	14
2015-09-02 12:12:35.102	30851	30951	-93	-92	14
2015-09-02 12:27:09.243	30851	30951	-94	-92	14	28.66	85.4	3.588
2015-09-02 12:51:42.358	30851	30951	-93	-92	12	28.66	82.93	3.588
2015-09-02 13:18:51.971	30851	30951	-92	-91	12	27.54	81.79	3.588
2015-09-02 14:13:00.222	30851	30951	-94	-92	42
2015-09-02 16:04:07.174	30851	30951	-94	-93	42	29.94	82.68	3.588
2015-09-02 18:23:30.23	30851	30951	-93	-93	316	30.1	81.99	3.588
2015-09-02 18:58:45.67	30851	30951	-94	-92	142	29.97	82.08	3.588
2015-09-02 19:19:15.314	30851	30951	-94	-93	144	29.71	81.56	3.588
2015-09-02 22:28:02.135	30851	30951	-93	-91	46	26.47	80.85	3.588
2015-09-02 22:49:36.231	30851	30951	-92	-90	42	26.18	80.81	3.588
2015-09-02 23:00:08.775	30851	30951	-92	-91	42
2015-09-02 23:21:33.198	30851	30951	-92	-90	42	25.74	80.56	3.588
2015-09-02 23:43:01.978	30851	30951	-92	-91	42	25.52	80.76	3.588
2015-09-03 00:33:57.147	30851	30951	-92	-91	35	24.88	80.35	3.588
2015-09-03 00:34:59.939	30851	30951	-92	-90	35
2015-09-03 00:49:51.614	30851	30951	-92	-90	35	24.55	80.23	3.588
2015-09-03 01:11:53.938	30851	30951	-91	-90	35
2015-09-03 01:28:33.143	30851	30951	-91	-90	32	24.15	80.46	3.578
2015-09-03 01:52:28.626	30851	30951	-91	-90	32	23.96	80.66	3.588
2015-09-03 02:15:12.651	30851	30951	-91	-90	29	23.72	80.89	3.588
2015-09-03 03:02:33.723	30851	30951	-91	-90	29	23.46	81.05	3.578
2015-09-03 03:03:29.283	30851	30951	-92	-90	29
2015-09-03 03:23:45.783	30851	30951	-91	-90	27
2015-09-03 03:30:50.218	30851	30951	-91	-90	27	23.15	80.64	3.578
2015-09-03 03:54:00.315	30851	30951	-91	-90	27	22.99	81.18	3.578
2015-09-03 04:25:00.43	30851	30951	-91	-90	25	22.97	81.43	3.578
2015-09-03 04:59:07.566	30851	30951	-91	-90	23	22.61	81.2	3.578
2015-09-03 05:14:14.878	30851	30951	-91	-90	23	22.59	81.17	3.578
2015-09-03 05:31:56.962	30851	30951	-91	-89	23
2015-09-03 05:35:34.714	30851	30951	-92	-89	23
2015-09-03 05:56:30.999	30851	30951	-91	-89	23	22.09	80.67	3.578
2015-09-03 06:20:05.618	30851	30951	-91	-89	19	21.94	80.95	3.578
2015-09-03 07:01:27.042	30851	30951	-91	-89	19	21.74	81.09	3.578
2015-09-03 07:23:01.834	30851	30951	-90	-89	19	21.68	81.39	3.578
2015-09-03 07:47:37.882	30851	30951	-91	-90	19
2015-09-03 07:54:39.979	30851	30951	-91	-89	19	22.11	83.35	3.578
2015-09-03 08:00:26.683	30851	30951	-91	-89	19
2015-09-03 08:14:46.79	30851	30951	-91	-90	18	23.02	84.61	3.578
2015-09-03 08:50:08.975	30851	30951	-91	-90	18	23.64	83.99	3.578
2015-09-03 09:13:07.543	30851	30951	-91	-90	17	23.79	84.28	3.578
2015-09-03 09:49:17.803	30851	30951	-92	-90	17	25.49	88.53	3.578
2015-09-03 09:59:16.114	30851	30951	-92	-91	16
2015-09-03 10:24:24.819	30851	30951	-92	-91	16	25.52	84.77	3.578
2015-09-03 10:28:57.018	30851	30951	-92	-91	15
2015-09-03 10:51:02.691	30851	30951	-92	-91	15	26.02	84.89	3.567
2015-09-03 11:25:04.83	30851	30951	-93	-91	15	26.46	84.42	3.578
2015-09-03 12:11:07.611	30851	30951	-92	-92	20
2015-09-03 12:16:11.047	30851	30951	-92	-91	25	27.27	84.24	3.578
2015-09-03 12:43:08.859	30851	30951	-93	-91	25	27.88	85.15	3.578
2015-09-03 12:57:24.515	30851	30951	-93	-91	25
2015-09-03 13:17:25.475	30851	30951	-93	-92	25	28.52	84.57	3.578
2015-09-03 13:59:06.99	30851	30951	-93	-92	23	28.83	83.65	3.578
2015-09-03 14:23:14.558	30851	30951	-94	-93	23
2015-09-03 14:47:13.613	30851	30951	-94	-93	38	29.71	84.6	3.578
2015-09-03 15:47:32.303	30851	30951	-94	-92	124	30.61	83.99	3.578
2015-09-03 20:00:30.774	30851	30951	-93	-91	35	27.47	81.04	3.578
2015-09-03 20:21:44.162	30851	30951	-93	-92	35	27.18	81.08	3.578
2015-09-03 20:22:51.111	30851	30951	-92	-91	35
2015-09-03 20:42:28.952	30851	30951	-93	-92	35	26.9	81.15	3.578
2015-09-03 20:58:28.811	30851	30951	-92	-91	35
2015-09-03 21:28:56.207	30851	30951	-92	-91	35	26.35	81.04	3.578
2015-09-03 21:59:34.991	30851	30951	-92	-90	29	26.04	81.21	3.578
2015-09-03 22:30:13.718	30851	30951	-92	-90	29	25.49	80.88	3.578
2015-09-03 22:55:36.034	30851	30951	-92	-90	29	25.13	80.67	3.578
2015-09-03 23:10:18.975	30851	30951	-92	-90	29
2015-09-03 23:27:41.706	30851	30951	-92	-90	29	24.69	80.81	3.578
2015-09-03 23:47:03.938	30851	30951	-91	-90	27	24.31	80.47	3.567
2015-09-04 00:32:14.011	30851	30951	-91	-90	25	24.04	81.51	3.578
2015-09-04 00:41:58.947	30851	30951	-91	-90	25	23.94	81.49	3.567
2015-09-04 01:12:08.666	30851	30951	-91	-90	25	23.78	81.61	3.567
2015-09-04 01:19:50.118	30851	30951	-91	-90	25
2015-09-04 01:22:14.134	30851	30951	-91	-89	25
2015-09-04 01:56:28.755	30851	30951	-91	-90	21	23.57	81.74	3.567
2015-09-04 02:11:58.031	30851	30951	-91	-90	21	23.51	81.71	3.567
2015-09-04 02:52:51.712	30851	30951	-91	-90	21	23.06	81.35	3.567
2015-09-04 03:34:10.418	30851	30951	-91	-90	21
2015-09-04 03:48:18.174	30851	30951	-91	-90	21
2015-09-04 03:53:55.414	30851	30951	-91	-90	19	22.21	80.86	3.567
2015-09-04 04:29:34.667	30851	30951	-91	-89	19	22.08	81.4	3.567
2015-09-04 04:58:10.591	30851	30951	-91	-89	19	21.96	81.58	3.567
2015-09-04 05:25:34.047	30851	30951	-91	-90	18	21.81	81.72	3.567
2015-09-04 05:45:50.27	30851	30951	-91	-90	18
2015-09-04 05:53:17.922	30851	30951	-91	-89	17	21.63	81.56	3.567
2015-09-04 06:16:46.588	30851	30951	-91	-89	17
2015-09-04 06:30:14.258	30851	30951	-91	-89	16	21.4	81.71	3.567
2015-09-04 07:03:51.594	30851	30951	-91	-90	16	21.27	81.63	3.567
2015-09-04 07:26:24.426	30851	30951	-91	-89	16	21.26	81.88	3.567
2015-09-04 07:57:42.03	30851	30951	-90	-89	15
2015-09-04 08:00:21.743	30851	30951	-91	-90	15	21.88	84.75	3.567
2015-09-04 08:23:54.29	30851	30951	-91	-90	14	21.92	82.85	3.557
2015-09-04 08:45:15.338	30851	30951	-91	-90	14
2015-09-04 09:00:24.883	30851	30951	-91	-90	14	22.19	83.36	3.557
2015-09-04 09:33:06.878	30851	30951	-91	-90	13	22.84	85.07	3.557
2015-09-04 09:43:49.578	30851	30951	-92	-90	12	23.82	90.6	3.557
2015-09-04 10:09:30.65	30851	30951	-92	-91	12
2015-09-04 10:19:27.428	30851	30951	-92	-90	12	24.29	84.32	3.557
2015-09-04 10:57:46.038	30851	30951	-91	-90	12	24.86	84.52	3.557
2015-09-04 11:13:46.239	30851	30951	-92	-90	11
2015-09-04 11:14:43.427	30851	30951	-92	-90	11	24.97	85.0	3.557
2015-09-04 11:58:29.79	30851	30951	-92	-91	10	25.99	85.56	3.567
2015-09-04 12:21:21.291	30851	30951	-93	-91	10
2015-09-04 12:28:13.603	30851	30951	-92	-91	10	26.77	85.72	3.557
2015-09-04 13:02:29.839	30851	30951	-93	-91	10	27.6	86.16	3.557
2015-09-04 13:19:33.743	30851	30951	-93	-91	10	28.24	86.2	3.567
2015-09-04 13:42:31.274	30851	30951	-93	-92	10
2015-09-04 14:03:53.123	30851	30951	-93	-92	14	29.16	85.44	3.557
2015-09-04 20:29:14.418	30851	30951	-92	-91	49	25.16	79.7	3.567
2015-09-04 20:53:19.155	30851	30951	-91	-89	45	24.34	79.37	3.557
2015-09-04 21:07:40.538	30851	30951	-90	-90	45
2015-09-04 21:08:43.419	30851	30951	-91	-89	45
2015-09-04 21:19:58.915	30851	30951	-91	-90	45	23.9	80.43	3.557
2015-09-04 22:03:34.959	30851	30951	-91	-90	37	23.65	81.27	3.557
2015-09-04 22:21:12.062	30851	30951	-91	-90	37	23.49	81.42	3.557
2015-09-04 23:03:09.712	30851	30951	-92	-90	37	23.01	81.36	3.557
2015-09-04 23:20:33.786	30851	30951	-91	-89	34
2015-09-04 23:23:02.85	30851	30951	-91	-90	31	22.74	81.25	3.557
2015-09-04 23:36:20.499	30851	30951	-92	-89	31
2015-09-04 23:47:06.274	30851	30951	-91	-90	31	22.65	81.47	3.557
2015-09-05 00:27:44.774	30851	30951	-92	-90	31	22.34	81.58	3.557
2015-09-05 00:59:37.626	30851	30951	-91	-90	31	22.17	81.78	3.557
2015-09-05 01:32:24.102	30851	30951	-91	-90	26
2015-09-05 01:33:50.174	30851	30951	-91	-89	26	22.02	81.64	3.557
2015-09-05 02:04:13.788	30851	30951	-91	-90	26	21.78	81.64	3.557
2015-09-05 02:04:36.93	30851	30951	-91	-90	26
2015-09-05 02:14:00.314	30851	30951	-91	-90	24	21.74	81.6	3.557
2015-09-05 02:49:20.454	30851	30951	-92	-89	24	21.5	81.6	3.557
2015-09-05 03:25:22.682	30851	30951	-91	-90	22	21.14	81.45	3.557
2015-09-05 03:44:15.166	30851	30951	-91	-89	22
2015-09-05 03:47:01.502	30851	30951	-91	-89	22	20.96	81.26	3.557
2015-09-05 04:23:23.938	30851	30951	-91	-90	20	20.67	81.5	3.557
2015-09-05 04:33:06.686	30851	30951	-91	-89	20
2015-09-05 04:45:33.51	30851	30951	-91	-90	20	20.63	81.8	3.547
2015-09-05 05:29:02.83	30851	30951	-90	-89	19	20.42	81.9	3.557
2015-09-05 05:48:36.194	30851	30951	-91	-90	18	20.43	82.06	3.557
2015-09-05 05:56:05.302	30851	30951	-91	-89	18
2015-09-05 06:22:18.598	30851	30951	-91	-89	18	20.52	82.28	3.547
2015-09-05 06:54:10.994	30851	30951	-91	-90	18	20.54	82.39	3.547
2015-09-05 07:01:35.723	30851	30951	-91	-89	18
2015-09-05 07:25:36.286	30851	30951	-92	-89	17	20.64	82.82	3.547
2015-09-05 07:52:07.442	30851	30951	-91	-90	16	20.77	83.5	3.547
2015-09-05 08:07:59.182	30851	30951	-91	-90	16
2015-09-05 08:12:19.914	30851	30951	-91	-90	16	21.6	85.34	3.547
2015-09-05 09:04:06.419	30851	30951	-92	-90	15	23.68	86.84	3.547
2015-09-05 09:30:05.294	30851	30951	-92	-90	14
2015-09-05 09:34:02.215	30851	30951	-92	-91	14	24.14	86.5	3.547
2015-09-05 10:02:39.358	30851	30951	-92	-90	14	25.72	86.79	3.547
2015-09-05 10:15:46.982	30851	30951	-92	-90	14	25.72	85.96	3.547
2015-09-05 10:19:47.768	30851	30951	-92	-91	13
2015-09-05 10:46:09.65	30851	30951	-92	-91	13	26.36	86.13	3.547
2015-09-05 11:17:02.53	30851	30951	-92	-91	13	26.91	85.77	3.547
2015-09-05 11:57:16.262	30851	30951	-92	-91	12	27.55	85.23	3.547
2015-09-05 11:58:34.431	30851	30951	-92	-91	11
2015-09-05 12:24:59.694	30851	30951	-92	-91	11	28.02	85.74	3.547
2015-09-05 12:31:41.254	30851	30951	-92	-91	11
2015-09-05 12:58:01.738	30851	30951	-93	-91	11	28.86	85.21	3.547
2015-09-05 13:13:10.347	30851	30951	-92	-91	11	28.97	85.14	3.547
2015-09-05 13:49:32.243	30851	30951	-93	-92	10	29.3	84.77	3.547
2015-09-05 14:12:11.426	30851	30951	-94	-92	10	29.72	85.66	3.547
2015-09-05 14:27:20.078	30851	30951	-94	-92	28
2015-09-05 14:53:11.474	30851	30951	-93	-93	48	30.16	84.91	3.547
2015-09-05 17:31:04.191	30851	30951	-92	-91	48	27.02	78.8	3.557
2015-09-05 17:47:04.664	30851	30951	-91	-91	48	26.27	78.06	3.547
2015-09-05 18:16:01.003	30851	30951	-91	-89	48	24.04	77.06	3.557
2015-09-05 19:03:14.854	30851	30951	-91	-90	48	22.75	78.98	3.547
2015-09-05 19:07:19.93	30851	30951	-92	-90	44
2015-09-05 19:22:59.242	30851	30951	-91	-90	40	22.39	79.64	3.547
2015-09-05 19:24:26.314	30851	30951	-91	-90	40
2015-09-05 20:25:48.69	30851	30951	-90	-90	40	21.94	81.21	3.547
2015-09-05 20:53:46.282	30851	30951	-91	-89	40	21.93	81.83	3.547
2015-09-05 21:19:08.19	30851	30951	-91	-90	40
2015-09-05 21:32:59.826	30851	30951	-91	-89	37	21.86	81.94	3.547
2015-09-05 21:47:31.647	30851	30951	-91	-89	34	21.78	81.9	3.547
2015-09-05 21:52:29.998	30851	30951	-91	-89	34
2015-09-05 23:04:26.058	30851	30951	-91	-90	34	21.54	82.1	3.547
2015-09-05 23:16:02.482	30851	30951	-91	-89	34	21.49	82.09	3.547
2015-09-05 23:30:47.959	30851	30951	-91	-90	31
2015-09-05 23:46:35.879	30851	30951	-91	-90	28	21.29	81.99	3.547
2015-09-06 00:17:16.634	30851	30951	-91	-89	28	21.25	82.14	3.547
2015-09-06 00:20:57.391	30851	30951	-91	-89	28
2015-09-06 00:50:01.919	30851	30951	-91	-90	28	21.22	82.28	3.537
2015-09-06 01:26:56.191	30851	30951	-90	-90	26	21.08	82.26	3.547
2015-09-06 01:42:39.45	30851	30951	-91	-90	24
2015-09-06 01:50:42.767	30851	30951	-91	-90	24	21.01	82.29	3.537
2015-09-06 02:31:01.738	30851	30951	-91	-90	24	20.94	82.32	3.537
2015-09-06 02:49:27.803	30851	30951	-91	-89	24
2015-09-06 03:04:28.219	30851	30951	-91	-89	22	20.83	82.27	3.537
2015-09-06 03:28:18.846	30851	30951	-91	-89	20	20.7	82.27	3.537
2015-09-06 03:47:20.553	30851	30951	-90	-89	20	20.65	82.31	3.537
2015-09-06 03:54:32.531	30851	30951	-91	-89	20
2015-09-06 04:16:14.111	30851	30951	-91	-89	19	20.54	82.26	3.537
2015-09-06 04:56:33.311	30851	30951	-91	-90	19	20.39	82.23	3.537
2015-09-06 05:17:56.282	30851	30951	-90	-89	19
2015-09-06 05:33:01.582	30851	30951	-90	-89	18	20.25	82.22	3.537
2015-09-06 05:49:51.562	30851	30951	-91	-88	18	20.18	82.29	3.537
2015-09-06 06:06:20.307	30851	30951	-91	-89	17
2015-09-06 06:26:19.191	30851	30951	-90	-89	17	20.07	82.39	3.537
2015-09-06 07:01:14.547	30851	30951	-90	-89	17	20.0	82.52	3.537
2015-09-06 07:20:12.859	30851	30951	-91	-89	17	20.06	82.74	3.537
2015-09-06 07:46:24.582	30851	30951	-91	-89	15
2015-09-06 08:02:09.827	30851	30951	-90	-89	15	20.83	85.36	3.537
2015-09-06 08:18:10.623	30851	30951	-91	-90	15
2015-09-06 08:19:03.182	30851	30951	-91	-89	15	21.18	84.89	3.527
2015-09-06 08:59:57.01	30851	30951	-91	-90	15	22.27	85.79	3.557
2015-09-06 09:31:02.175	30851	30951	-91	-90	13	22.9	86.36	3.527
2015-09-06 09:47:28.29	30851	30951	-92	-90	13	24.11	91.5	3.527
2015-09-06 10:15:04.699	30851	30951	-92	-90	13
2015-09-06 10:29:01.366	30851	30951	-91	-90	13	24.36	86.42	3.527
2015-09-06 10:30:06.399	30851	30951	-92	-90	13
2015-09-06 11:01:22.258	30851	30951	-91	-89	13	24.76	85.76	3.527
2015-09-06 11:18:25.515	30851	30951	-91	-90	13	24.91	85.4	3.527
2015-09-06 11:56:38.59	30851	30951	-92	-90	12	25.54	85.64	3.527
2015-09-06 12:28:03.586	30851	30951	-92	-90	11	26.08	85.84	3.527
2015-09-06 12:41:54.355	30851	30951	-92	-90	11
2015-09-06 12:43:32.807	30851	30951	-92	-91	11
2015-09-06 12:56:39.378	30851	30951	-92	-91	11	26.83	85.93	3.527
2015-09-06 13:18:35.862	30851	30951	-92	-91	10	27.15	85.7	3.527
2015-09-06 13:54:30.038	30851	30951	-93	-90	10	28.11	86.2	3.527
2015-09-06 14:12:57.81	30851	30951	-93	-91	10	28.3	85.86	3.527
2015-09-06 14:51:32.458	30851	30951	-93	-92	10	28.86	85.6	3.527
2015-09-06 14:53:55.182	30851	30951	-93	-92	10
2015-09-06 15:11:53.302	30851	30951	-93	-92	10
2015-09-06 15:33:31.403	30851	30951	-93	-92	10	29.04	84.63	3.537
2015-09-06 16:04:20.486	30851	30951	-94	-92	10	29.61	85.25	3.527
2015-09-06 19:01:45.462	30851	30951	-94	-93	47	29.29	83.28	3.537
2015-09-06 19:16:32.955	30851	30951	-93	-93	47	29.18	83.15	3.527
2015-09-06 19:51:52.326	30851	30951	-93	-92	44	28.29	81.82	3.537
2015-09-06 20:08:48.123	30851	30951	-93	-91	40
2015-09-06 20:17:10.031	30851	30951	-93	-91	40	27.63	81.28	3.537
2015-09-06 21:26:03.243	30851	30951	-93	-91	40	26.18	81.16	3.537
2015-09-06 21:29:12.107	30851	30951	-92	-91	40
2015-09-06 21:46:07.727	30851	30951	-92	-91	37	25.88	81.28	3.537
2015-09-06 22:25:36.835	30851	30951	-93	-91	37	25.26	81.41	3.527
2015-09-06 22:37:17.303	30851	30951	-92	-91	37
2015-09-06 22:53:47.287	30851	30951	-92	-90	34	24.97	81.71	3.537
2015-09-06 23:25:40.607	30851	30951	-92	-91	34	24.6	81.63	3.527
2015-09-06 23:41:03.674	30851	30951	-92	-90	34
2015-09-07 00:04:23.275	30851	30951	-92	-90	31	24.15	81.84	3.527
2015-09-07 00:28:12.875	30851	30951	-92	-91	28	23.92	82.0	3.527
2015-09-07 00:42:57.023	30851	30951	-92	-90	28	23.85	82.17	3.527
2015-09-07 01:05:46.266	30851	30951	-92	-90	28
2015-09-07 01:21:44.751	30851	30951	-92	-90	28	23.65	82.36	3.537
2015-09-07 01:44:34.815	30851	30951	-91	-90	28	23.56	82.39	3.527
2015-09-07 01:52:54.656	30851	30951	-91	-90	24
2015-09-07 02:24:43.971	30851	30951	-91	-90	24	23.28	82.51	3.527
2015-09-07 02:55:27.219	30851	30951	-91	-90	24	23.14	82.45	3.527
2015-09-07 03:22:38.162	30851	30951	-92	-90	24	22.92	82.4	3.527
2015-09-07 03:34:16.447	30851	30951	-92	-90	22
2015-09-07 03:51:53.438	30851	30951	-91	-90	20	22.76	82.37	3.527
2015-09-07 04:04:43.742	30851	30951	-91	-90	20
2015-09-07 04:27:09.81	30851	30951	-91	-90	20	22.53	82.42	3.527
2015-09-07 05:00:01.718	30851	30951	-91	-89	20	22.22	82.2	3.527
2015-09-07 05:31:24.859	30851	30951	-91	-90	19	22.11	82.46	3.527
2015-09-07 05:57:09.618	30851	30951	-91	-90	18	21.92	82.44	3.527
2015-09-07 06:02:44.547	30851	30951	-92	-90	18
2015-09-07 06:13:01.931	30851	30951	-91	-90	18	21.79	82.23	3.527
2015-09-07 06:16:34.507	30851	30951	-91	-90	17
2015-09-07 06:44:36.247	30851	30951	-91	-90	17	21.58	82.26	3.527
2015-09-07 07:23:30.699	30851	30951	-91	-90	17	21.36	82.52	3.517
2015-09-07 07:57:29.03	30851	30951	-91	-89	16	22.03	85.93	3.517
2015-09-07 08:23:16.803	30851	30951	-92	-90	16	22.7	85.87	3.517
2015-09-07 08:28:27.439	30851	30951	-91	-90	15
2015-09-07 08:31:14.791	30851	30951	-92	-90	15
2015-09-07 08:46:21.766	30851	30951	-92	-90	15	23.96	88.16	3.517
2015-09-07 09:25:31.082	30851	30951	-92	-90	15	24.34	87.26	3.517
2015-09-07 09:55:53.011	30851	30951	-92	-93	13	26.27	88.91	3.517
2015-09-07 10:31:26.698	30851	30951	-93	-91	13	25.94	85.75	3.517
2015-09-07 10:40:24.258	30851	30951	-93	-91	13
2015-09-07 10:52:23.686	30851	30951	-92	-91	13	26.16	86.24	3.517
2015-09-07 10:59:42.983	30851	30951	-92	-91	13
2015-09-07 11:31:58.647	30851	30951	-92	-91	12	26.99	86.12	3.517
2015-09-07 11:56:55.182	30851	30951	-93	-92	11	27.46	86.1	3.517
2015-09-07 12:17:07.9	30851	30951	-93	-92	11	27.85	86.29	3.517
2015-09-07 12:52:10.247	30851	30951	-93	-91	11
2015-09-07 13:03:20.31	30851	30951	-93	-92	11	28.91	85.56	3.517
2015-09-07 13:24:56.915	30851	30951	-94	-92	11	28.79	85.43	3.517
2015-09-07 13:28:16.135	30851	30951	-94	-92	11
2015-09-07 13:46:17.926	30851	30951	-94	-92	11	29.44	86.3	3.517
2015-09-07 19:44:57.883	30851	30951	-93	-91	38	29.33	82.18	3.527
2015-09-07 20:30:47.111	30851	30951	-92	-92	35	28.32	81.48	3.527
2015-09-07 20:52:39.359	30851	30951	-93	-92	32	27.76	81.1	3.527
2015-09-07 20:53:38.475	30851	30951	-92	-91	32
2015-09-07 21:18:20.135	30851	30951	-92	-91	32	27.11	81.01	3.517
2015-09-07 21:39:28.303	30851	30951	-92	-91	29
2015-09-07 21:55:17.623	30851	30951	-92	-90	29	26.55	81.55	3.517
2015-09-07 22:23:40.939	30851	30951	-92	-91	29	26.02	81.36	3.527
2015-09-07 22:50:44.507	30851	30951	-92	-90	25	25.74	81.75	3.517
2015-09-07 23:19:01.175	30851	30951	-91	-90	25	25.44	81.86	3.517
2015-09-07 23:22:07.986	30851	30951	-92	-90	25
2015-09-07 23:47:45.77	30851	30951	-91	-90	25	24.88	81.69	3.517
2015-09-07 23:51:17.543	30851	30951	-91	-90	25
2015-09-08 00:16:55.182	30851	30951	-92	-90	23	24.68	82.01	3.517
2015-09-08 00:49:20.302	30851	30951	-92	-90	21	24.41	82.06	3.517
2015-09-08 01:34:01.719	30851	30951	-91	-90	21	23.92	82.03	3.517
2015-09-08 01:47:53.154	30851	30951	-91	-90	21	23.81	82.11	3.517
2015-09-08 01:50:36.53	30851	30951	-91	-90	19
2015-09-08 02:03:08.074	30851	30951	-91	-90	19
2015-09-08 02:22:58.606	30851	30951	-91	-90	19	23.57	82.08	3.517
2015-09-08 02:49:30.946	30851	30951	-91	-90	18	23.22	81.98	3.517
2015-09-08 03:21:52.747	30851	30951	-91	-90	18	22.88	81.96	3.517
2015-09-08 03:48:44.57	30851	30951	-91	-89	17	22.69	82.04	3.517
2015-09-08 04:14:58.115	30851	30951	-91	-90	17
2015-09-08 04:19:04.41	30851	30951	-91	-90	17
2015-09-08 04:30:32.678	30851	30951	-91	-90	17	22.26	82.05	3.517
2015-09-08 04:48:47.023	30851	30951	-91	-90	15	22.15	82.13	3.507
2015-09-08 05:21:03.299	30851	30951	-91	-90	15	21.88	82.1	3.507
2015-09-08 06:02:36.423	30851	30951	-91	-89	15	21.53	82.15	3.507
2015-09-08 06:26:48.519	30851	30951	-91	-89	15
2015-09-08 06:31:40.418	30851	30951	-91	-90	14	21.33	82.21	3.507
2015-09-08 06:47:36.198	30851	30951	-91	-90	13
2015-09-08 06:56:07.99	30851	30951	-91	-89	13	21.2	82.23	3.507
2015-09-08 07:21:19.599	30851	30951	-90	-89	13	21.1	82.51	3.507
2015-09-08 07:48:26.504	30851	30951	-91	-89	13	21.38	84.09	3.507
2015-09-08 08:13:32.754	30851	30951	-91	-90	12	22.42	85.97	3.507
2015-09-08 08:38:40.598	30851	30951	-92	-90	12
2015-09-08 08:59:23.658	30851	30951	-92	-90	11	24.58	86.92	3.507
2015-09-08 09:16:02.954	30851	30951	-92	-90	11
2015-09-08 09:24:50.534	30851	30951	-92	-90	11	24.76	87.04	3.507
2015-09-08 09:53:24.718	30851	30951	-93	-90	10	26.58	89.57	3.507
2015-09-08 10:26:14.163	30851	30951	-92	-91	10	26.47	86.71	3.498
2015-09-08 10:50:29.202	30851	30951	-93	-92	10
2015-09-08 10:52:22.07	30851	30951	-93	-92	10	27.27	87.82	3.507
2015-09-08 11:34:14.666	30851	30951	-93	-91	10	27.91	86.18	3.507
2015-09-08 11:44:30.97	30851	30951	-93	-91	10
2015-09-08 11:45:53.142	30851	30951	-93	-91	10	28.16	86.49	3.507
2015-09-08 12:16:33.767	30851	30951	-95	-92	10	28.96	86.75	3.507
2015-09-08 12:56:50.238	30851	30951	-94	-92	17	29.8	86.79	3.507
2015-09-08 13:47:21.911	30851	30951	-93	-93	119	30.08	84.97	3.507
2015-09-08 19:25:04.403	30851	30951	-94	-93	1281	30.72	82.58	3.507
2015-09-08 19:47:34.131	30851	30951	-94	-92	548	30.25	82.11	3.507
2015-09-08 20:16:24.686	30851	30951	-94	-92	371	29.52	81.69	3.507
2015-09-08 20:42:28.458	30851	30951	-93	-92	335	28.97	81.57	3.507
2015-09-08 21:34:01.718	30851	30951	-93	-91	163	27.99	81.44	3.507
2015-09-08 21:38:27.066	30851	30951	-93	-91	147
2015-09-08 21:49:42.038	30851	30951	-93	-91	133
2015-09-08 21:51:08.779	30851	30951	-92	-91	133	27.72	81.62	3.507
2015-09-08 22:31:40.058	30851	30951	-92	-91	90	27.1	81.78	3.507
2015-09-09 00:24:27.246	30851	30951	-93	-91	42	26.16	82.62	3.507
2015-09-09 00:51:59.458	30851	30951	-92	-91	42	25.94	82.55	3.498
2015-09-09 01:24:46.395	30851	30951	-91	-90	38	25.44	81.89	3.498
2015-09-09 01:51:46.603	30851	30951	-91	-90	38	24.9	81.59	3.498
2015-09-09 02:13:23.85	30851	30951	-91	-90	38
2015-09-09 02:21:06.259	30851	30951	-92	-90	35	24.51	81.85	3.498
2015-09-09 02:35:24.238	30851	30951	-92	-90	35
2015-09-09 02:58:41.755	30851	30951	-91	-90	35	24.14	81.95	3.498
2015-09-09 03:17:02.422	30851	30951	-91	-90	32	23.95	82.11	3.498
2015-09-09 04:03:42.787	30851	30951	-91	-90	29	23.51	82.04	3.527
2015-09-09 04:22:50.803	30851	30951	-91	-90	29	23.33	82.13	3.498
2015-09-09 04:25:13.739	30851	30951	-91	-90	29
2015-09-09 04:42:11.331	30851	30951	-90	-90	29	23.15	82.15	3.498
2015-09-09 05:03:54.742	30851	30951	-92	-90	29
2015-09-09 05:25:54.61	30851	30951	-91	-89	25	22.95	82.56	3.498
2015-09-09 05:49:51.907	30851	30951	-91	-90	25	22.88	82.78	3.498
2015-09-09 06:17:20.054	30851	30951	-91	-90	25	22.76	82.73	3.498
2015-09-09 06:37:09.102	30851	30951	-91	-90	25
2015-09-09 06:51:18.002	30851	30951	-91	-90	23	22.7	83.02	3.498
2015-09-09 07:20:26.27	30851	30951	-91	-90	21	22.59	82.99	3.498
2015-09-09 07:32:22.267	30851	30951	-91	-90	21
2015-09-09 07:57:34.55	30851	30951	-91	-90	21	22.68	83.57	3.488
2015-09-09 08:13:40.931	30851	30951	-91	-90	21	22.79	83.91	3.488
2015-09-09 08:48:54.514	30851	30951	-91	-90	19
2015-09-09 08:57:42.958	30851	30951	-91	-90	19	23.65	84.96	3.488
2015-09-09 09:16:59.322	30851	30951	-91	-90	18	23.85	84.77	3.488
2015-09-09 09:58:42.634	30851	30951	-92	-90	18	24.49	85.8	3.488
2015-09-09 10:00:52.998	30851	30951	-92	-90	17
2015-09-09 10:29:19.486	30851	30951	-93	-90	17	25.63	88.51	3.488
2015-09-09 10:52:24.006	30851	30951	-92	-91	17	26.72	89.01	3.488
2015-09-09 11:00:47.394	30851	30951	-92	-91	17
2015-09-09 11:25:51.262	30851	30951	-93	-91	16	27.36	86.71	3.488
2015-09-09 11:44:58.671	30851	30951	-92	-91	15	27.74	86.75	3.488
2015-09-09 12:29:23.411	30851	30951	-94	-93	15
2015-09-09 12:33:39.035	30851	30951	-93	-93	15	28.55	85.25	3.488
2015-09-09 12:47:39.855	30851	30951	-93	-91	15	28.63	86.09	3.488
2015-09-09 13:27:50.862	30851	30951	-94	-92	101	29.0	85.24	3.488
2015-09-09 15:25:02.591	30851	30951	-91	-93	211
2015-09-09 15:29:21.638	30851	30951	-91	-90	222	27.88	77.07	3.488
2015-09-09 15:58:33.698	30851	30951	-91	-89	181	26.26	79.18	3.488
2015-09-09 16:14:58.898	30851	30951	-91	-89	147	25.97	80.24	3.488
2015-09-10 19:33:16.135	30851	30951	-90	-89	10	20.42	83.65	3.45
2015-09-10 19:59:54.89	30851	30951	-90	-88	10	20.11	83.35	3.459
2015-09-11 01:26:07.646	30851	30951	-90	-88	10	17.54	83.03	3.44
2015-09-11 05:24:28.778	30851	30951	-89	-87	10	16.36	83.4	3.44
2015-09-11 06:17:17.366	30851	30951	-90	-88	10	16.28	83.72	3.44
2015-09-11 07:00:27.543	30851	30951	-89	-88	10	16.57	84.38	3.44
2015-09-11 09:16:15.53	30851	30951	-89	-86	10	16.95	84.56	3.431
2015-09-11 10:15:21.348	30851	30951	-89	-87	10	17.68	87.3	3.44
2015-09-11 15:14:29.318	30851	30951	-91	-89	10	23.06	86.42	3.44
2015-09-11 16:17:04.018	30851	30951	-91	-90	10	23.6	86.0	3.44
2015-09-11 18:56:03.882	30851	30951	-91	-89	10
2015-09-11 18:56:22.418	30851	30951	-91	-89	10
2015-09-11 19:18:44.77	30851	30951	-91	-89	10	22.99	83.82	3.44
2015-09-12 04:55:58.178	30851	30951	-89	-88	10
2015-09-12 05:16:41.862	30851	30951	-90	-87	10	16.39	83.11	3.421
2015-09-12 06:55:35.79	30851	30951	-89	-88	10	15.93	83.79	3.421
2015-09-12 07:18:22.554	30851	30951	-89	-88	10
2015-09-12 08:32:54.603	30851	30951	-89	-87	10	15.74	84.02	3.421
2015-09-12 09:28:05.851	30851	30951	-89	-86	10	15.64	84.12	3.421
2015-09-12 09:51:14.85	30851	30951	-89	-86	10	15.61	84.26	3.421
2015-09-12 10:44:13.486	30851	30951	-89	-88	10	15.75	84.46	3.421
2015-09-12 11:31:28.918	30851	30951	-89	-88	10
2015-09-12 12:15:19.582	30851	30951	-89	-86	10
2015-09-12 13:43:20.038	30851	30951	-89	-88	10
2015-09-12 14:43:49.503	30851	30951	-89	-87	10
2015-09-12 15:28:37.375	30851	30951	-89	-88	10	16.39	84.61	3.412
2015-09-12 15:55:11.027	30851	30951	-89	-87	10
2015-09-12 17:12:28.898	30851	30951	-88	-86	10	15.61	84.11	3.412
2015-09-12 18:17:11.01	30851	30951	-89	-86	10	15.22	83.9	3.412
2015-09-12 19:19:42.274	30851	30951	-88	-88	10	14.63	83.69	3.403
2015-09-12 19:40:51.299	30851	30951	-90	-87	10
2015-09-12 20:18:26.879	30851	30951	-89	-87	10	14.4	83.93	3.403
2015-09-12 20:52:15.93	30851	30951	-89	-86	10	14.31	84.15	3.403
2015-09-12 21:42:39.106	30851	30951	-89	-87	10	13.93	83.77	3.403
2015-09-12 22:26:08.027	30851	30951	-89	-88	10	13.72	83.77	3.403
2015-09-12 23:13:10.979	30851	30951	-89	-86	10	13.32	83.68	3.403
2015-09-12 23:54:24.398	30851	30951	-89	-86	10	13.1	83.72	3.403
2015-09-13 00:42:32.686	30851	30951	-88	-86	10
2015-09-13 01:21:52.146	30851	30951	-88	-86	10	12.79	84.06	3.403
2015-09-13 02:53:36.434	30851	30951	-89	-86	10	12.54	84.12	3.403
2015-09-13 04:17:46.007	30851	30951	-89	-86	10	12.61	84.47	3.393
2015-09-13 05:06:22.247	30851	30951	-88	-88	10
2015-09-13 06:01:31.091	30851	30951	-89	-87	10	12.5	84.42	3.393
2015-09-13 06:43:34.49	30851	30951	-89	-86	10	12.39	84.33	3.393
2015-09-13 07:44:10.41	30851	30951	-88	-86	10	12.24	84.2	3.393
2015-09-13 08:25:45.506	30851	30951	-88	-86	10	12.53	85.0	3.393
2015-09-13 08:43:43.639	30851	30951	-89	-86	10	12.28	84.54	3.393
2015-09-13 09:30:24.298	30851	30951	-89	-86	10
2015-09-13 10:27:43.69	30851	30951	-89	-86	10	13.45	86.33	3.393
2015-09-13 10:54:05.543	30851	30951	-89	-86	10	13.61	86.56	3.393
2015-09-13 12:00:26.102	30851	30951	-89	-86	10	13.99	85.65	3.384
2015-09-13 12:22:50.606	30851	30951	-88	-87	10	12.96	82.94	3.393
2015-09-13 13:00:32.658	30851	30951	-89	-86	10
2015-09-13 13:18:01.022	30851	30951	-89	-86	10	12.89	84.85	3.393
2015-09-13 13:54:00.994	30851	30951	-89	-86	10
2015-09-13 14:31:01.067	30851	30951	-88	-87	10	13.75	87.06	3.384
2015-09-13 15:28:38.043	30851	30951	-88	-86	10
2015-09-13 16:05:25.011	30851	30951	-88	-86	10
2015-09-13 17:03:57.555	30851	30951	-89	-88	10	14.52	85.25	3.384
2015-09-13 17:44:16.199	30851	30951	-89	-88	10	14.72	85.99	3.384
2015-09-13 18:17:22.01	30851	30951	-91	-87	10
2015-09-13 18:32:56.167	30851	30951	-89	-88	10	15.07	85.72	3.384
2015-09-13 19:31:00.998	30851	30951	-90	-89	10	14.82	84.84	3.384
2015-09-13 20:25:36.043	30851	30951	-90	-89	10
2015-09-13 21:29:01.762	30851	30951	-89	-87	10	13.33	83.54	3.384
2015-09-13 22:00:09.071	30851	30951	-89	-87	10	12.93	83.42	3.375
2015-09-13 22:41:08.698	30851	30951	-89	-88	10
2015-09-14 00:00:20.258	30851	30951	-90	-88	10	12.58	84.47	3.375
2015-09-14 00:52:48.338	30851	30951	-89	-88	10
2015-09-14 01:22:35.65	30851	30951	-89	-87	10
2015-09-14 02:27:48.322	30851	30951	-89	-86	10	12.08	84.3	3.375
2015-09-14 03:04:37.282	30851	30951	-89	-88	10
2015-09-14 03:51:03.058	30851	30951	-89	-88	10
2015-09-14 04:59:23.758	30851	30951	-89	-88	10	11.83	84.67	3.375
2015-09-14 05:25:43.95	30851	30951	-89	-88	10	11.85	84.63	3.375
2015-09-14 06:19:31.082	30851	30951	-89	-88	10
2015-09-14 06:58:22.191	30851	30951	-89	-88	10	11.61	84.31	3.366
2015-09-14 08:18:47.338	30851	30951	-89	-88	10	12.1	86.84	3.366
2015-09-14 15:55:00.498	30851	30951	-91	-90	10	20.81	86.98	3.375
2015-09-15 07:38:45.174	30851	30951	-90	-88	10
2015-09-15 09:50:23.946	30851	30951	-91	-89	10
2015-09-15 13:58:43.975	30851	30951	-91	-90	10	22.18	88.08	3.357
2015-09-15 14:15:09.511	30851	30951	-92	-91	10	22.46	88.0	3.357
2015-09-15 20:24:56.766	30851	30951	-91	-90	10	21.22	83.78	3.357
2015-09-15 20:51:36.534	30851	30951	-91	-90	10	20.78	83.63	3.357
2015-09-15 22:03:54.726	30851	30951	-91	-89	10	19.92	84.18	3.357
2015-09-15 22:43:08.074	30851	30951	-91	-88	10	19.47	83.91	3.357
2015-09-15 23:01:25.946	30851	30951	-91	-89	10
2015-09-15 23:56:05.107	30851	30951	-90	-89	10	18.7	84.08	3.357
2015-09-16 00:23:48.542	30851	30951	-90	-88	10
2015-09-16 01:13:17.639	30851	30951	-90	-89	10
2015-09-16 02:02:05.359	30851	30951	-90	-88	10	17.25	83.65	3.357
2015-09-16 02:14:34.4	30851	30951	-90	-89	10	17.14	83.72	3.348
2015-09-16 02:59:16.354	30851	30951	-90	-87	10	16.82	84.0	3.348
2015-09-16 03:29:59.214	30851	30951	-90	-89	10	16.47	83.84	3.348
2015-09-16 04:32:26.906	30851	30951	-90	-89	10	16.02	83.96	3.348
2015-09-16 05:20:41.479	30851	30951	-90	-88	10
2015-09-16 05:29:29.787	30851	30951	-90	-88	10	15.53	83.8	3.348
2015-09-16 12:59:38.266	30851	30951	-92	-91	10	23.4	88.39	3.339
2015-09-16 13:54:24.51	30851	30951	-93	-91	10	24.38	87.87	3.348
2015-09-16 14:16:37.435	30851	30951	-93	-91	10	24.77	87.66	3.348
2015-09-16 15:14:51.619	30851	30951	-93	-92	10
2015-09-16 16:36:22.064	30851	30951	-93	-91	10
2015-09-16 16:54:55.882	30851	30951	-93	-92	10	25.55	85.79	3.348
2015-09-16 17:43:04.079	30851	30951	-93	-92	10
2015-09-16 18:02:23.543	30851	30951	-93	-91	10	25.13	85.09	3.348
2015-09-16 18:49:20.323	30851	30951	-92	-91	10
2015-09-16 20:54:23.419	30851	30951	-91	-90	10	21.96	83.62	3.348
2015-09-16 20:59:50.187	30851	30951	-91	-90	10
2015-09-18 01:53:20.934	30851	30951	-91	-89	19
2015-09-18 11:25:54.002	30851	30951	-92	-90	15	22.21	88.88	3.295
2015-09-18 11:53:54.286	30851	30951	-92	-91	15	22.9	88.76	3.295
2015-09-18 12:33:22.151	30851	30951	-93	-91	14
2015-09-18 14:16:00.878	30851	30951	-93	-93	12
2015-09-18 14:32:08.643	30851	30951	-93	-92	12	25.8	87.46	3.295
2015-09-18 14:43:08.155	30851	30951	-93	-91	12	25.9	87.3	3.295
2015-09-18 14:44:51.782	30851	30951	-93	-92	12
2015-09-18 16:04:09.147	30851	30951	-94	-92	15	26.3	85.68	3.304
2015-09-18 19:48:01.035	30851	30951	-93	-92	37	24.29	84.77	3.295
2015-09-18 20:26:53.011	30851	30951	-93	-92	37	23.51	84.17	3.295
2015-09-18 21:02:19.975	30851	30951	-93	-91	34	22.9	84.13	3.295
2015-09-18 21:20:19.806	30851	30951	-93	-91	34
2015-09-18 21:29:29.971	30851	30951	-93	-91	31	22.63	84.37	3.295
2015-09-18 21:41:11.251	30851	30951	-93	-91	31
2015-09-18 21:47:33.602	30851	30951	-93	-91	31	22.53	84.58	3.295
2015-09-18 22:35:08.295	30851	30951	-93	-91	31	22.11	84.63	3.295
2015-09-18 22:51:05.307	30851	30951	-92	-91	31	22.0	84.58	3.295
2015-09-18 23:26:37.578	30851	30951	-93	-91	26	21.68	84.73	3.295
2015-09-18 23:32:09.766	30851	30951	-92	-91	26
2015-09-19 00:00:09.899	30851	30951	-92	-90	26	21.36	84.49	3.295
2015-09-19 00:09:40.603	30851	30951	-92	-91	24
2015-09-19 00:26:02.783	30851	30951	-93	-91	24	21.18	84.6	3.287
2015-09-19 00:48:04.499	30851	30951	-92	-91	24	21.11	84.93	3.287
2015-09-19 01:17:41.754	30851	30951	-92	-91	22	21.06	84.99	3.287
2015-09-19 01:44:01.511	30851	30951	-92	-90	22
2015-09-19 02:04:06.423	30851	30951	-92	-91	20	20.68	84.61	3.287
2015-09-19 02:27:48.707	30851	30951	-92	-91	20	20.47	84.54	3.287
2015-09-19 02:38:08.718	30851	30951	-91	-90	20
2015-09-19 02:54:36.83	30851	30951	-92	-90	20	20.24	84.46	3.287
2015-09-19 03:25:52.859	30851	30951	-92	-90	18	20.11	84.75	3.287
2015-09-19 03:44:43.563	30851	30951	-92	-90	18	19.99	84.62	3.287
2015-09-19 03:55:50.451	30851	30951	-92	-90	18
2015-09-19 04:28:57.751	30851	30951	-92	-90	18	19.72	84.54	3.287
2015-09-19 04:52:28.775	30851	30951	-92	-90	18	19.58	84.53	3.278
2015-09-19 05:06:38.259	30851	30951	-91	-90	16
2015-09-19 05:34:17.255	30851	30951	-92	-90	16	19.43	84.89	3.278
