result_time	node_id	parent_id	stats_frssi	stats_brssi	etx	temperature	humidity	voltage
2015-07-23 04:47:48.502	31051	60101	-94	-95	19	16.42	81.23	3.818
2015-07-23 06:55:06.939	31051	60101	-94	-95	19	16.07	81.4	3.818
2015-07-23 08:25:39.638	31051	60101	-94	-95	19	17.14	81.36	3.818
2015-07-23 09:57:10.803	31051	60101	-94	-95	18	19.32	80.85	3.818
2015-07-23 10:58:59.111	31051	60101	-94	-96	18	20.88	80.21	3.818
2015-07-23 11:32:04.954	31051	60101	-94	-96	18
2015-07-23 15:06:47.254	31051	60101	-94	-96	21	25.3	77.86	3.818
2015-07-23 17:46:30.559	31051	60101	-94	-96	21
2015-07-24 13:56:42.49	31051	60101	-94	-95	20	26.19	77.85	3.818
2015-07-24 14:20:13.975	31051	60101	-94	-95	65535	26.05	77.74	3.818
2015-07-24 15:00:21.067	31051	60101	-94	-95	10	26.82	77.08	3.818
2015-07-24 15:12:12.487	31051	60101	-94	-95	10
2015-07-24 15:16:09.578	31051	60101	-94	-95	10	26.51	77.43	3.818
2015-07-24 15:18:32.187	31051	60101	-94	-96	10
2015-07-24 16:02:02.127	31051	60101	-94	-94	10	26.55	77.38	3.818
2015-07-24 16:18:46.091	31051	60101	-94	-94	10	26.46	77.47	3.818
2015-07-24 16:44:32.147	31051	60101	-94	-95	10
2015-07-24 16:51:31.315	31051	60101	-94	-95	65535	26.3	77.58	3.818
2015-07-24 17:17:33.226	31051	60101	-94	-95	25	26.32	77.55	3.818
2015-07-24 18:23:08.331	31051	60101	-94	-95	24
2015-07-24 20:03:42.863	31051	60101	-94	-95	23	25.29	78.12	3.829
2015-07-24 21:21:08.287	31051	60101	-94	-95	20
2015-07-24 22:00:24.463	31051	60101	-94	-95	20	23.33	78.84	3.818
2015-07-24 22:53:22.139	31051	60101	-94	-95	19
2015-07-24 22:55:00.994	31051	60101	-94	-94	19	22.46	79.11	3.818
2015-07-24 23:18:34.183	31051	60101	-94	-95	19	22.2	79.24	3.818
2015-07-25 00:02:38.262	31051	60101	-94	-94	19	21.68	79.39	3.818
2015-07-25 00:15:00.483	31051	60101	-94	-94	18	21.61	79.43	3.818
2015-07-25 00:25:35.862	31051	60101	-94	-94	17
2015-07-25 00:32:16.758	31051	60101	-94	-94	17
2015-07-25 01:07:22.835	31051	60101	-94	-94	17	20.97	79.6	3.818
2015-07-25 01:32:07.778	31051	60101	-94	-94	17	20.72	79.68	3.818
2015-07-25 01:50:41.298	31051	60101	-94	-93	16	20.53	79.72	3.818
2015-07-25 01:57:50.947	31051	60101	-94	-93	15
2015-07-25 02:16:26.622	31051	60101	-94	-93	15	20.15	79.77	3.818
2015-07-25 03:05:10.726	31051	60101	-94	-93	15	19.64	79.94	3.818
2015-07-25 03:22:53.178	31051	60101	-91	-94	15	19.5	79.96	3.818
2015-07-25 03:30:03.346	31051	60101	-94	-94	15
2015-07-25 03:36:50.703	31051	60101	-94	-93	14
2015-07-25 03:55:34.662	31051	60101	-94	-94	14	19.06	80.02	3.818
2015-07-25 04:49:36.926	31051	60101	-94	-93	14	18.47	80.13	3.818
2015-07-25 05:02:16.206	31051	60101	-94	-93	14
2015-07-25 05:35:55.283	31051	60101	-94	-94	14	18.0	80.26	3.818
2015-07-25 06:06:11.051	31051	60101	-91	-93	13	17.77	80.31	3.818
2015-07-25 06:32:22.842	31051	60101	-91	-93	13	17.57	80.32	3.818
2015-07-25 06:34:30.603	31051	60101	-91	-93	13
2015-07-25 06:41:24.995	31051	60101	-94	-93	13
2015-07-25 07:03:34.359	31051	60101	-94	-93	13	17.47	80.47	3.818
2015-07-25 07:15:45.771	31051	60101	-91	-93	12	17.5	80.46	3.818
2015-07-25 08:00:44.783	31051	60101	-94	-93	12	18.07	80.58	3.818
2015-07-25 08:06:44.967	31051	60101	-91	-93	12
2015-07-25 08:17:10.851	31051	60101	-94	-93	12	18.46	80.61	3.818
2015-07-25 08:47:25.675	31051	60101	-94	-93	12	19.07	80.38	3.818
2015-07-25 09:30:56.854	31051	60101	-94	-93	11	20.38	79.94	3.818
2015-07-25 09:38:57.874	31051	60101	-94	-94	11
2015-07-25 09:46:02.598	31051	60101	-94	-94	11
2015-07-25 09:56:59.57	31051	60101	-94	-93	11	21.07	79.75	3.818
2015-07-25 12:50:36.031	31051	60101	-94	-95	10
2015-07-25 15:47:53.263	31051	60101	-94	-95	10
2015-07-25 16:16:18.262	31051	60101	-94	-96	10	28.13	76.52	3.818
2015-07-25 16:47:04.979	31051	60101	-94	-95	10	28.07	76.51	3.818
2015-07-25 17:20:07.182	31051	60101	-94	-96	10
2015-07-25 17:24:39.506	31051	60101	-94	-96	10	28.13	76.3	3.818
2015-07-25 17:53:48.032	31051	60101	-94	-95	10	27.99	76.55	3.818
2015-07-25 18:27:58.094	31051	60101	-94	-95	10	27.8	76.59	3.818
2015-07-25 18:46:28.53	31051	60101	-94	-96	10	27.49	76.78	3.818
2015-07-25 18:52:20.918	31051	60101	-94	-96	10
2015-07-25 18:59:43.278	31051	60101	-94	-96	10
2015-07-25 19:29:50.074	31051	60101	-94	-96	10	27.05	76.94	3.818
2015-07-25 20:24:34.546	31051	60101	-94	-95	10
2015-07-25 21:06:33.126	31051	60101	-94	-95	10	25.52	77.52	3.818
2015-07-25 21:18:00.978	31051	60101	-94	-94	10	25.41	77.61	3.818
2015-07-25 21:56:47.958	31051	60101	-94	-95	10
2015-07-25 22:04:18.93	31051	60101	-94	-95	10
2015-07-25 22:06:10.586	31051	60101	-94	-94	10	24.72	77.93	3.818
2015-07-25 22:33:26.603	31051	60101	-94	-95	10	24.36	78.09	3.818
2015-07-25 22:49:11.727	31051	60101	-94	-94	10	24.29	78.14	3.818
2015-07-25 23:20:08.783	31051	60101	-94	-94	10	24.02	78.29	3.818
2015-07-25 23:29:02.958	31051	60101	-94	-95	10
2015-07-26 00:04:45.736	31051	60101	-94	-94	10	23.59	78.42	3.818
2015-07-26 00:35:05.243	31051	60101	-94	-94	10	22.89	78.48	3.818
2015-07-26 00:55:32.107	31051	60101	-94	-94	10	22.65	78.57	3.818
2015-07-26 01:01:15.491	31051	60101	-94	-94	10
2015-07-26 01:08:52.814	31051	60101	-94	-94	10
2015-07-26 01:28:04.547	31051	60101	-94	-94	10	22.5	78.75	3.818
2015-07-26 02:00:15.19	31051	60101	-94	-94	10	22.26	78.85	3.818
2015-07-26 02:26:23.082	31051	60101	-94	-94	10	21.9	78.91	3.818
2015-07-26 02:33:30.811	31051	60101	-94	-94	10
2015-07-26 02:49:13.622	31051	60101	-94	-94	10	21.7	78.95	3.818
2015-07-26 04:05:42.707	31051	60101	-94	-94	10
2015-07-26 04:22:47.455	31051	60101	-91	-94	10	21.35	79.11	3.818
2015-07-26 05:36:38.263	31051	60101	-91	-94	10	20.97	79.16	3.818
2015-07-26 05:55:19.563	31051	60101	-94	-94	10	20.95	79.18	3.818
2015-07-26 08:35:02.859	31051	60101	-94	-94	10	21.4	79.2	3.818
2015-07-26 08:50:59.599	31051	60101	-94	-94	10	21.79	79.12	3.818
2015-07-26 10:01:32.294	31051	60101	-94	-95	10	23.51	78.56	3.818
2015-07-26 10:26:39.407	31051	60101	-94	-94	10	24.15	78.37	3.818
2015-07-26 11:35:18.038	31051	60101	-94	-95	10	26.08	77.2	3.818
2015-07-26 11:58:35.554	31051	60101	-94	-95	10	26.58	76.92	3.818
2015-07-26 12:45:18.364	31051	60101	-94	-95	10	27.99	76.6	3.818
2015-07-26 13:27:14.695	31051	60101	-94	-96	10
2015-07-26 13:29:00.982	31051	60101	-94	-95	10	28.04	76.28	3.818
2015-07-26 16:20:42.899	31051	60101	-94	-95	10	26.61	76.57	3.818
2015-07-26 21:56:57.951	31051	60101	-94	-93	10	23.67	77.85	3.818
2015-07-26 22:32:28.814	31051	60101	-91	-93	10
2015-07-26 23:02:38.199	31051	60101	-94	-93	10	23.01	78.11	3.818
2015-07-26 23:46:26.951	31051	60101	-94	-93	10	22.64	78.27	3.818
2015-07-27 01:18:09.583	31051	60101	-91	-93	10	21.94	78.47	3.818
2015-07-27 01:45:29.926	31051	60101	-94	-93	10
2015-07-27 03:09:11.15	31051	60101	-94	-93	10
2015-07-27 04:06:38.335	31051	60101	-94	-93	10	21.25	78.67	3.818
2015-07-27 06:13:38.142	31051	60101	-94	-93	10
2015-07-27 07:26:52.118	31051	60101	-94	-93	10	20.81	78.79	3.818
2015-07-27 07:53:28.574	31051	60101	-94	-93	10	20.82	78.76	3.818
2015-07-27 08:26:14.366	31051	60101	-94	-92	10	21.08	78.69	3.818
2015-07-27 09:18:06.746	31051	60101	-94	-93	10
2015-07-27 10:50:19.582	31051	60101	-94	-93	10
2015-07-27 10:56:08.314	31051	60101	-94	-93	10	23.74	77.89	3.818
2015-07-27 10:59:14.538	31051	60101	-94	-94	10
2015-07-27 11:25:32.382	31051	60101	-94	-94	10	24.63	77.34	3.818
2015-07-27 12:49:56.927	31051	60101	-94	-94	10	28.07	75.18	3.818
2015-07-27 13:17:11.619	31051	60101	-94	-94	10	27.21	75.98	3.818
2015-07-27 13:50:27.222	31051	60101	-94	-94	10	27.38	76.18	3.818
2015-07-27 13:54:46.559	31051	60101	-94	-94	10
2015-07-27 14:03:47.463	31051	60101	-94	-95	10
2015-07-27 14:21:12.366	31051	60101	-94	-94	10	27.85	75.91	3.818
2015-07-27 14:57:47.25	31051	60101	-94	-95	10	27.6	76.03	3.818
2015-07-27 15:16:00.142	31051	60101	-94	-94	10	27.83	75.74	3.818
2015-07-27 15:27:00.355	31051	60101	-94	-95	10
2015-07-27 15:58:54.487	31051	60101	-94	-94	10	27.94	75.77	3.818
2015-07-27 16:26:21.763	31051	60101	-94	-95	10	28.1	75.88	3.818
2015-07-27 16:59:14.327	31051	60101	-94	-95	10
2015-07-27 17:00:51.086	31051	60101	-94	-95	10	28.02	75.78	3.818
2015-07-27 17:08:22.487	31051	60101	-94	-95	10
2015-07-27 17:23:58.414	31051	60101	-94	-95	10	28.1	75.77	3.818
2015-07-27 17:54:59.062	31051	60101	-94	-96	10	28.04	75.7	3.818
2015-07-27 18:20:12.995	31051	60101	-94	-95	10	27.94	75.71	3.818
2015-07-27 18:31:28.166	31051	60101	-94	-95	10
2015-07-27 18:49:13.059	31051	60101	-94	-95	10	27.63	75.9	3.818
2015-07-27 19:30:52.654	31051	60101	-94	-95	10	27.33	76.09	3.818
2015-07-27 19:58:57.482	31051	60101	-94	-95	10	26.99	76.19	3.818
2015-07-27 20:03:41.814	31051	60101	-94	-95	10
2015-07-27 20:12:57.81	31051	60101	-94	-95	10
2015-07-27 20:32:19.358	31051	60101	-94	-95	10	26.3	76.43	3.818
2015-07-27 20:46:42.354	31051	60101	-94	-94	10	25.94	76.52	3.818
2015-07-27 21:23:32.77	31051	60101	-94	-94	10	25.15	76.83	3.818
2015-07-27 21:35:55.89	31051	60101	-94	-94	10
2015-07-27 21:53:33.45	31051	60101	-94	-93	10	24.61	77.04	3.818
2015-07-27 22:29:12.518	31051	60101	-94	-94	10	24.04	77.31	3.818
2015-07-27 23:03:37.807	31051	60101	-94	-93	10	23.84	77.53	3.818
2015-07-27 23:08:09.77	31051	60101	-94	-93	10
2015-07-27 23:17:31.603	31051	60101	-94	-93	10
2015-07-27 23:23:59.838	31051	60101	-94	-94	10	23.71	77.61	3.818
2015-07-27 23:53:38.378	31051	60101	-94	-93	10	23.5	77.7	3.818
2015-07-28 00:29:37.995	31051	60101	-94	-93	10	23.29	77.77	3.818
2015-07-28 00:40:22.63	31051	60101	-94	-93	10
2015-07-28 00:48:42.246	31051	60101	-94	-93	10	23.18	77.82	3.818
2015-07-28 01:34:46.459	31051	60101	-94	-94	10	22.79	77.85	3.818
2015-07-28 01:46:36.739	31051	60101	-94	-94	10	22.78	77.93	3.818
2015-07-28 02:12:36.806	31051	60101	-91	-93	10
2015-07-28 02:22:06.819	31051	60101	-94	-93	10
2015-07-28 02:25:10.243	31051	60101	-94	-93	10	22.29	78.02	3.818
2015-07-28 02:47:52.274	31051	60101	-94	-93	10	22.11	78.06	3.818
2015-07-28 03:28:17.45	31051	60101	-91	-93	10	21.72	78.16	3.818
2015-07-28 03:44:51.227	31051	60101	-94	-93	10
2015-07-28 03:47:01.418	31051	60101	-94	-93	10	21.69	78.21	3.818
2015-07-28 04:29:48.266	31051	60101	-91	-93	10	21.33	78.29	3.818
2015-07-28 05:03:23.526	31051	60101	-91	-93	10	21.24	78.38	3.818
2015-07-28 05:17:08.099	31051	60101	-91	-93	10
2015-07-28 05:31:36.906	31051	60101	-91	-92	10	21.06	78.39	3.818
2015-07-28 06:49:20.107	31051	60101	-91	-92	10
2015-07-28 07:18:44.746	31051	60101	-91	-93	10	20.65	78.47	3.818
2015-07-28 08:21:31.458	31051	60101	-94	-93	10
2015-07-28 08:30:36.475	31051	60101	-94	-93	10	21.4	78.46	3.818
2015-07-28 08:31:15.631	31051	60101	-94	-93	10
2015-07-28 09:06:45.599	31051	60101	-91	-93	10	22.11	78.32	3.818
2015-07-28 09:18:26.27	31051	60101	-94	-93	10	22.51	78.25	3.818
2015-07-28 09:53:46.415	31051	60101	-91	-93	10
2015-07-28 10:05:20.147	31051	60101	-94	-93	10	23.76	77.68	3.818
2015-07-28 10:21:38.582	31051	60101	-94	-94	10	24.29	77.57	3.818
2015-07-28 10:55:59.646	31051	60101	-94	-94	10	25.16	77.18	3.818
2015-07-28 11:26:08.195	31051	60101	-94	-94	10
2015-07-28 11:35:50.547	31051	60101	-94	-95	10
2015-07-28 11:37:21.422	31051	60101	-94	-94	10	26.54	76.29	3.818
2015-07-28 11:53:55.439	31051	60101	-94	-94	10	26.96	76.18	3.818
2015-07-28 12:20:37.935	31051	60101	-94	-95	10	29.91	72.06	3.806
2015-07-28 12:58:13.083	31051	60101	-94	-95	10
2015-07-28 13:02:12.535	31051	60101	-94	-95	10	29.19	74.95	3.818
2015-07-28 13:32:13.126	31051	60101	-94	-95	10	31.44	72.14	3.806
2015-07-28 14:04:44.275	31051	60101	-94	-96	10	29.85	74.97	3.818
2015-07-28 14:30:27.147	31051	60101	-94	-95	10
2015-07-28 14:35:13.943	31051	60101	-94	-95	10	29.63	74.78	3.818
2015-07-28 14:40:24.835	31051	60101	-94	-96	10
2015-07-28 14:45:55.93	31051	60101	-94	-95	10	29.47	74.73	3.818
2015-07-28 15:21:21.731	31051	60101	-94	-95	10	28.88	74.95	3.818
2015-07-28 15:45:21.746	31051	60101	-94	-95	10	29.15	74.89	3.818
2015-07-28 16:02:40.583	31051	60101	-94	-96	10
2015-07-28 16:17:53.014	31051	60101	-94	-95	10	29.02	75.14	3.818
2015-07-28 17:01:28.754	31051	60101	-94	-95	10	28.71	75.19	3.818
2015-07-28 17:34:54.498	31051	60101	-94	-95	10
2015-07-28 17:36:59.971	31051	60101	-94	-96	10	28.77	75.12	3.818
2015-07-28 17:44:59.743	31051	60101	-94	-96	10
2015-07-28 17:58:58.818	31051	60101	-94	-96	10	28.66	75.27	3.818
2015-07-28 18:26:15.755	31051	60101	-94	-95	10	28.46	75.48	3.818
2015-07-28 19:05:44.414	31051	60101	-94	-95	10	28.01	75.58	3.818
2015-07-28 19:07:08.079	31051	60101	-94	-95	10
2015-07-28 19:20:25.326	31051	60101	-94	-96	10	27.94	75.65	3.818
2015-07-28 19:52:45.07	31051	60101	-94	-95	10	27.51	75.85	3.818
2015-07-28 20:26:06.373	31051	60101	-94	-95	10	26.88	76.03	3.818
2015-07-28 20:39:22.219	31051	60101	-94	-95	10
2015-07-28 20:48:20.835	31051	60101	-94	-95	10	26.46	76.16	3.818
2015-07-28 20:49:35.787	31051	60101	-94	-94	10
2015-07-28 21:23:35.871	31051	60101	-94	-94	10	25.74	76.45	3.818
2015-07-28 22:00:42.911	31051	60101	-94	-94	10	25.33	76.65	3.818
2015-07-28 22:11:36.41	31051	60101	-94	-94	10
2015-07-28 22:26:28.147	31051	60101	-94	-94	10	25.04	76.83	3.818
2015-07-28 22:52:54.075	31051	60101	-94	-94	10	24.82	76.95	3.818
2015-07-28 23:33:37.462	31051	60101	-94	-94	10	24.54	77.08	3.818
2015-07-28 23:43:49.955	31051	60101	-94	-94	10
2015-07-28 23:52:44.523	31051	60101	-94	-94	10	24.38	77.16	3.818
2015-07-28 23:54:08.787	31051	60101	-94	-94	10
2015-07-29 00:24:51.866	31051	60101	-94	-94	10	24.07	77.23	3.818
2015-07-29 00:50:55.115	31051	60101	-94	-94	10	23.9	77.28	3.806
2015-07-29 01:16:03.826	31051	60101	-91	-94	10
2015-07-29 01:27:50.439	31051	60101	-94	-94	10	23.61	77.35	3.818
2015-07-29 01:51:02.002	31051	60101	-91	-94	10	23.4	77.42	3.818
2015-07-29 02:37:21.778	31051	60101	-94	-94	10	23.06	77.51	3.818
2015-07-29 02:48:17.126	31051	60101	-94	-93	10
2015-07-29 02:58:43.066	31051	60101	-94	-93	10
2015-07-29 03:00:51.743	31051	60101	-94	-93	10	22.86	77.57	3.818
2015-07-29 03:17:48.142	31051	60101	-94	-93	10	22.74	77.63	3.818
2015-07-29 04:04:10.35	31051	60101	-94	-93	10	22.24	77.71	3.818
2015-07-29 04:20:30.687	31051	60101	-91	-93	10
2015-07-29 04:37:24.466	31051	60101	-94	-94	10	21.97	77.79	3.818
2015-07-29 04:49:47.171	31051	60101	-94	-93	10	21.95	77.81	3.818
2015-07-29 05:22:00.695	31051	60101	-94	-93	10	21.72	77.87	3.818
2015-07-29 05:52:29.386	31051	60101	-94	-93	10	21.51	77.93	3.818
2015-07-29 05:52:46.691	31051	60101	-94	-93	10
2015-07-29 06:03:18.866	31051	60101	-94	-93	10
2015-07-29 06:31:47.474	31051	60101	-91	-93	10	21.17	77.97	3.818
2015-07-29 06:54:25.331	31051	60101	-94	-93	10	21.11	78.03	3.818
2015-07-29 07:24:57.315	31051	60101	-94	-93	10	21.1	78.09	3.818
2015-07-29 07:24:59.006	31051	60101	-94	-94	10
2015-07-29 08:05:18.742	31051	60101	-94	-93	10	21.44	78.08	3.818
2015-07-29 08:15:35.07	31051	60101	-94	-93	10	21.64	78.09	3.818
2015-07-29 08:57:12.551	31051	60101	-94	-93	10
2015-07-29 09:02:16.239	31051	60101	-94	-94	10	22.47	77.92	3.818
2015-07-29 09:07:52.703	31051	60101	-94	-93	10
2015-07-29 09:27:30.491	31051	60101	-94	-93	10	23.21	77.64	3.818
2015-07-29 09:56:27.919	31051	60101	-94	-94	10	24.09	77.23	3.818
2015-07-29 10:16:47.392	31051	60101	-94	-94	10	24.66	77.19	3.806
2015-07-29 10:29:25.978	31051	60101	-94	-94	10
2015-07-29 11:03:06.227	31051	60101	-94	-94	10	25.76	76.65	3.806
2015-07-29 11:29:53.29	31051	60101	-94	-95	10	26.61	76.22	3.818
2015-07-29 11:58:42.778	31051	60101	-94	-95	10	27.69	75.72	3.818
2015-07-29 12:01:40.415	31051	60101	-94	-96	10
2015-07-29 12:12:26.623	31051	60101	-94	-95	10
2015-07-29 12:21:45.051	31051	60101	-94	-96	10	29.01	74.44	3.818
2015-07-29 13:01:29.81	31051	60101	-94	-96	10	29.43	74.8	3.818
2015-07-29 13:27:14.246	31051	60101	-94	-96	10	30.08	73.74	3.818
2015-07-29 13:33:53.774	31051	60101	-94	-96	10
2015-07-29 13:48:30.566	31051	60101	-94	-96	10	29.26	74.85	3.818
2015-07-29 14:30:48.558	31051	60101	-94	-96	10	28.94	74.76	3.818
2015-07-29 15:03:34.143	31051	60101	-94	-95	10	29.63	74.61	3.818
2015-07-29 15:06:28.27	31051	60101	-94	-96	10
2015-07-29 15:15:46.254	31051	60101	-94	-96	10	29.72	74.72	3.818
2015-07-29 15:17:01.834	31051	60101	-94	-96	10
2015-07-29 16:00:36.158	31051	60101	-94	-96	10	29.58	74.66	3.818
2015-07-29 16:35:17.351	31051	60101	-94	-96	10	29.72	74.63	3.818
2015-07-29 16:38:21.986	31051	60101	-94	-96	10
2015-07-29 16:50:02.202	31051	60101	-94	-96	10	29.38	74.73	3.818
2015-07-29 17:17:03.726	31051	60101	-94	-96	10	29.1	74.82	3.818
2015-07-29 18:05:43.246	31051	60101	-94	-96	10	29.19	74.87	3.818
2015-07-29 18:10:35.266	31051	60101	-94	-95	10
2015-07-29 18:19:18.414	31051	60101	-94	-96	10	29.22	74.85	3.818
2015-07-29 18:21:36.751	31051	60101	-94	-96	10
2015-07-29 18:56:23.723	31051	60101	-94	-96	10	29.1	74.93	3.818
2015-07-29 19:29:27.319	31051	60101	-94	-96	10	28.83	75.11	3.818
2015-07-29 19:42:49.206	31051	60101	-94	-96	10
2015-07-29 20:00:30.039	31051	60101	-94	-95	10	28.44	75.25	3.818
2015-07-29 20:29:55.81	31051	60101	-94	-95	65535	27.96	75.41	3.818
2015-07-29 20:52:16.85	31051	60101	-94	-96	65535	27.69	75.52	3.818
2015-07-29 21:21:07.283	31051	60101	-94	-94	15	27.38	75.71	3.818
2015-07-29 22:17:19.827	31051	60101	-94	-94	14	26.69	75.99	3.818
2015-07-29 22:51:37.419	31051	60101	-94	-94	14	26.3	76.16	3.818
2015-07-30 00:02:32.75	31051	60101	-97	-95	14	25.54	76.41	3.818
2015-07-30 00:30:45.538	31051	60101	-94	-94	13
2015-07-30 00:48:30.002	31051	60101	-94	-95	12	25.52	76.6	3.818
2015-07-30 01:51:44.175	31051	60101	-94	-94	12
2015-07-30 02:23:37.931	31051	60101	-94	-94	12	25.13	76.72	3.818
2015-07-30 03:21:13.951	31051	60101	-94	-95	12	24.88	76.8	3.818
2015-07-30 03:35:19.351	31051	60101	-91	-94	12
2015-07-30 04:56:12.544	31051	60101	-94	-94	11
2015-07-30 05:37:00.507	31051	60101	-94	-94	11	24.28	76.98	3.818
2015-07-30 06:28:25.995	31051	60101	-94	-95	11
2015-07-30 06:40:06.859	31051	60101	-94	-94	11
2015-07-30 07:03:39.922	31051	60101	-94	-95	11	23.86	77.03	3.818
2015-07-30 07:15:44.394	31051	60101	-94	-94	11	23.79	77.07	3.818
2015-07-30 07:46:25.231	31051	60101	-94	-94	10	23.52	77.06	3.818
2015-07-30 08:00:39.83	31051	60101	-94	-94	10
2015-07-30 08:30:08.262	31051	60101	-94	-94	10	23.36	77.09	3.818
2015-07-30 08:57:06.846	31051	60101	-94	-94	10	23.45	77.05	3.818
2015-07-30 09:18:51.786	31051	60101	-94	-94	10	23.64	77.03	3.806
2015-07-30 09:32:53.458	31051	60101	-94	-93	10
2015-07-30 09:44:32.162	31051	60101	-94	-94	10
2015-07-30 09:53:07.166	31051	60101	-94	-94	10	24.04	76.9	3.818
2015-07-30 10:16:16.879	31051	60101	-94	-94	10	24.38	76.75	3.806
2015-07-30 11:04:21.312	31051	60101	-94	-93	10	25.05	76.43	3.818
2015-07-30 11:05:07.391	31051	60101	-94	-94	10
2015-07-30 11:15:56.958	31051	60101	-94	-94	10	25.4	76.2	3.818
2015-07-30 12:01:14.246	31051	60101	-94	-95	10	26.47	75.81	3.818
2015-07-30 12:24:37.874	31051	60101	-94	-94	10	28.27	73.48	3.818
2015-07-30 12:37:21.215	31051	60101	-94	-95	10
2015-07-30 12:49:06.798	31051	60101	-94	-94	10
2015-07-30 13:02:41.446	31051	60101	-94	-95	10	28.24	74.79	3.806
2015-07-30 13:24:23.426	31051	60101	-94	-95	10	29.8	72.78	3.818
2015-07-30 13:54:28.403	31051	60101	-94	-96	10	29.07	74.76	3.818
2015-07-30 14:09:34.122	31051	60101	-94	-96	10
2015-07-30 14:31:16.119	31051	60101	-94	-95	10	28.86	74.58	3.818
2015-07-30 14:47:22.914	31051	60101	-94	-95	10	28.85	74.6	3.818
2015-07-30 15:53:41.386	31051	60101	-94	-94	10	28.6	74.56	3.818
2015-07-30 17:07:40.922	31051	60101	-94	-95	10	28.3	74.69	3.818
2015-07-30 17:14:05.378	31051	60101	-94	-95	10
2015-07-30 17:17:02.554	31051	60101	-94	-96	10	28.27	74.77	3.818
2015-07-30 18:02:51.755	31051	60101	-94	-94	10	27.99	74.72	3.818
2015-07-30 18:31:22.207	31051	60101	-94	-94	10	27.58	74.97	3.818
2015-07-30 18:46:15.335	31051	60101	-94	-96	10
2015-07-30 19:06:58.738	31051	60101	-94	-94	10	27.22	75.1	3.818
2015-07-30 20:20:34.786	31051	60101	-94	-95	10	25.99	75.55	3.818
2015-07-30 22:02:25.414	31051	60101	-94	-94	10	24.52	76.18	3.818
2015-07-30 22:16:36.627	31051	60101	-94	-93	10	24.39	76.27	3.818
2015-07-30 23:22:56.942	31051	60101	-94	-93	10
2015-07-30 23:27:59.546	31051	60101	-94	-94	10	23.31	76.54	3.818
2015-07-30 23:55:35.274	31051	60101	-94	-94	10	23.02	76.69	3.818
2015-07-31 00:17:42.406	31051	60101	-91	-94	10	22.83	76.76	3.818
2015-07-31 00:55:10.679	31051	60101	-94	-93	10
2015-07-31 01:02:59.858	31051	60101	-94	-94	10	22.28	76.89	3.818
2015-07-31 01:07:22.594	31051	60101	-94	-94	10
2015-07-31 01:37:10.327	31051	60101	-94	-93	10	21.79	76.98	3.818
2015-07-31 01:53:50.831	31051	60101	-94	-94	10	21.65	77.06	3.818
2015-07-31 02:27:24.314	31051	60101	-94	-94	10
2015-07-31 02:29:03.035	31051	60101	-94	-95	10	21.43	77.17	3.818
2015-07-31 02:48:15.806	31051	60101	-94	-95	10	21.33	77.23	3.818
2015-07-31 03:28:59.394	31051	60101	-94	-95	10	20.99	77.27	3.818
2015-07-31 03:55:47.463	31051	60101	-94	-94	10	20.72	77.32	3.818
2015-07-31 03:59:39.359	31051	60101	-91	-95	10
2015-07-31 04:11:56.451	31051	60101	-94	-94	10
2015-07-31 04:29:42.383	31051	60101	-94	-94	10	20.39	77.39	3.818
2015-07-31 05:07:23.934	31051	60101	-94	-94	10	20.07	77.45	3.818
2015-07-31 05:20:12.682	31051	60101	-94	-94	10	20.02	77.47	3.818
2015-07-31 05:31:52.999	31051	60101	-94	-94	10
2015-07-31 05:50:27.602	31051	60101	-94	-94	10	19.75	77.52	3.806
2015-07-31 06:27:39.587	31051	60101	-94	-94	10	19.52	77.57	3.818
2015-07-31 06:53:27.755	31051	60101	-94	-94	10	19.36	77.65	3.806
2015-07-31 07:04:07.711	31051	60101	-94	-94	10
2015-07-31 07:16:30.725	31051	60101	-94	-94	10
2015-07-31 07:33:23.634	31051	60101	-94	-94	10	19.35	77.85	3.806
2015-07-31 08:02:27.298	31051	60101	-94	-94	10	19.67	77.81	3.818
2015-07-31 08:20:51.23	31051	60101	-94	-94	10	19.89	77.73	3.818
2015-07-31 08:36:19.119	31051	60101	-94	-94	10
2015-07-31 09:01:10.583	31051	60101	-94	-94	10	20.61	77.54	3.818
2015-07-31 09:27:57.658	31051	60101	-94	-95	10	21.33	77.29	3.818
2015-07-31 09:55:18.575	31051	60101	-94	-95	10	22.09	77.09	3.806
2015-07-31 10:08:34.431	31051	60101	-94	-95	10
2015-07-31 10:21:06.115	31051	60101	-94	-96	10
2015-07-31 10:32:24.947	31051	60101	-94	-96	10	23.08	76.73	3.818
2015-07-31 10:58:11.419	31051	60101	-94	-95	10	23.77	76.47	3.806
2015-07-31 11:26:47.126	31051	60101	-94	-96	10	24.57	75.95	3.806
2015-07-31 11:40:48.016	31051	60101	-94	-96	10
2015-07-31 11:56:40.911	31051	60101	-94	-96	10	25.52	75.51	3.818
2015-07-31 12:28:00.119	31051	60101	-94	-96	14	26.77	74.87	3.806
2015-07-31 12:51:44.783	31051	60101	-94	-96	14	27.83	74.02	3.806
2015-07-31 13:13:02.584	31051	60101	-94	-96	14
2015-07-31 13:16:40.575	31051	60101	-94	-96	14	28.07	74.59	3.806
2015-07-31 13:25:43.571	31051	60101	-94	-96	14
2015-07-31 14:34:43.938	31051	60101	-94	-96	21	28.49	74.06	3.818
2015-07-31 23:48:45.746	31051	60101	-94	-95	10	23.58	75.94	3.818
2015-07-31 23:58:38.959	31051	60101	-94	-95	10
2015-08-01 00:30:07.25	31051	60101	-94	-95	10	23.24	76.04	3.818
2015-08-01 00:52:48.715	31051	60101	-94	-95	10	23.09	76.06	3.818
2015-08-01 01:28:51.791	31051	60101	-94	-95	10	23.02	76.13	3.806
2015-08-01 01:31:09.539	31051	60101	-94	-96	10
2015-08-01 01:43:58.299	31051	60101	-94	-96	10
2015-08-01 02:04:02.939	31051	60101	-94	-96	10	22.89	76.18	3.818
2015-08-01 03:02:56.867	31051	60101	-94	-95	10	22.61	76.21	3.806
2015-08-01 03:03:05.567	31051	60101	-94	-95	10
2015-08-01 03:32:03.182	31051	60101	-94	-95	10	22.31	76.23	3.806
2015-08-01 03:54:53.083	31051	60101	-94	-94	10	22.08	76.21	3.818
2015-08-01 04:20:31.607	31051	60101	-94	-94	10	21.79	76.29	3.818
2015-08-01 04:35:18.482	31051	60101	-94	-95	10
2015-08-01 04:48:35.934	31051	60101	-94	-95	10
2015-08-01 04:50:42.583	31051	60101	-94	-95	10	21.49	76.38	3.806
2015-08-01 05:37:29.191	31051	60101	-94	-94	10	20.72	76.44	3.818
2015-08-01 05:56:29.05	31051	60101	-94	-94	10	20.68	76.57	3.806
2015-08-01 06:07:33.266	31051	60101	-94	-94	10
2015-08-01 06:31:11.314	31051	60101	-94	-94	10	20.11	76.64	3.806
2015-08-01 06:56:00.886	31051	60101	-94	-94	10	19.89	76.81	3.818
2015-08-01 07:29:10.795	31051	60101	-94	-93	10	19.95	77.11	3.806
2015-08-01 07:39:48.975	31051	60101	-94	-94	10
2015-08-01 07:49:57.735	31051	60101	-94	-95	10	20.15	76.99	3.818
2015-08-01 07:53:08.134	31051	60101	-94	-94	10
2015-08-01 08:27:16.632	31051	60101	-94	-95	10	20.36	76.93	3.806
2015-08-01 09:56:45.111	31051	60101	-94	-95	10	21.79	76.47	3.806
2015-08-01 10:44:17.167	31051	60101	-94	-95	10
2015-08-01 11:06:32.803	31051	60101	-94	-95	10	23.11	75.93	3.806
2015-08-01 13:46:01.766	31051	60101	-94	-96	10	26.36	74.24	3.806
2015-08-01 14:02:19.946	31051	60101	-94	-95	10
2015-08-01 17:06:52.614	31051	60101	-94	-95	10
2015-08-01 18:23:38.106	31051	60101	-94	-97	10	24.74	74.5	3.818
2015-08-01 19:05:26.39	31051	60101	-94	-95	10	24.26	74.85	3.806
2015-08-01 20:11:27.243	31051	60101	-94	-96	10
2015-08-01 21:02:13.562	31051	60101	-94	-95	10	22.97	75.31	3.818
2015-08-01 21:35:57.762	31051	60101	-94	-95	10	22.61	75.45	3.806
2015-08-01 22:17:48.402	31051	60101	-94	-94	10	21.96	75.62	3.818
2015-08-01 23:02:03.959	31051	60101	-94	-93	10
2015-08-02 00:19:45.574	31051	60101	-94	-93	10	20.46	76.1	3.806
2015-08-02 02:54:42.107	31051	60101	-94	-93	10	19.95	76.39	3.806
2015-08-02 03:18:53.194	31051	60101	-94	-93	10	19.85	76.35	3.806
2015-08-02 03:38:45.67	31051	60101	-94	-93	10
2015-08-02 03:57:23.362	31051	60101	-94	-93	10	19.38	76.25	3.806
2015-08-02 04:24:51.71	31051	60101	-94	-93	10	18.99	76.3	3.806
2015-08-02 05:02:06.467	31051	60101	-94	-93	10	18.72	76.38	3.806
2015-08-02 05:10:59.718	31051	60101	-94	-93	10
2015-08-02 05:25:10.014	31051	60101	-91	-93	10
2015-08-02 05:30:51.566	31051	60101	-94	-93	10	18.61	76.49	3.806
2015-08-02 05:48:26.782	31051	60101	-94	-93	10	18.5	76.52	3.806
2015-08-02 06:36:53.494	31051	60101	-94	-92	10	18.43	76.56	3.806
2015-08-02 06:43:13.066	31051	60101	-94	-93	10
2015-08-02 07:07:01.682	31051	60101	-91	-93	10	18.54	76.61	3.806
2015-08-02 07:22:22.106	31051	60101	-94	-93	10	18.61	76.62	3.806
2015-08-02 07:57:14.67	31051	60101	-94	-93	10	18.92	76.55	3.806
2015-08-02 08:15:26.35	31051	60101	-94	-93	10
2015-08-02 08:29:46.811	31051	60101	-94	-93	10
2015-08-02 08:31:46.51	31051	60101	-94	-93	10	19.32	76.48	3.806
2015-08-02 08:50:22.963	31051	60101	-94	-94	10	19.64	76.33	3.806
2015-08-02 09:35:27.591	31051	60101	-94	-94	10	20.45	76.17	3.806
2015-08-02 09:47:41.35	31051	60101	-94	-94	10
2015-08-02 10:05:40.731	31051	60101	-94	-94	10	21.27	75.99	3.806
2015-08-02 10:24:30.579	31051	60101	-94	-94	10	21.82	75.86	3.806
2015-08-02 10:59:17.603	31051	60101	-94	-94	10	22.74	75.56	3.806
2015-08-02 11:20:11.23	31051	60101	-94	-94	10
2015-08-02 11:24:56.626	31051	60101	-94	-95	10	23.56	75.12	3.806
2015-08-02 11:34:23.654	31051	60101	-94	-94	10
2015-08-02 12:01:25.163	31051	60101	-94	-96	10	24.97	74.47	3.806
2015-08-02 12:18:17.708	31051	60101	-94	-95	10	26.57	72.48	3.806
2015-08-02 12:47:31.886	31051	60101	-94	-96	10	26.51	73.43	3.806
2015-08-02 12:52:08.254	31051	60101	-94	-95	10
2015-08-02 13:27:02.738	31051	60101	-94	-96	10	29.86	68.36	3.806
2015-08-02 13:46:00.634	31051	60101	-94	-96	10	28.4	72.54	3.806
2015-08-02 14:17:52.11	31051	60101	-94	-96	10	27.6	73.58	3.806
2015-08-02 14:18:04.27	31051	60101	-94	-96	10	27.6	73.58	3.806
2015-08-02 14:24:24.27	31051	60101	-94	-95	10
2015-08-02 14:38:57.694	31051	60101	-94	-96	10
2015-08-02 14:54:09.647	31051	60101	-94	-96	10	27.6	73.3	3.806
2015-08-02 15:28:10.31	31051	60101	-94	-95	10	28.13	72.95	3.806
2015-08-02 15:52:58.998	31051	60101	-94	-95	10	28.11	73.28	3.818
2015-08-02 15:56:41.534	31051	60101	-94	-96	10
2015-08-02 16:28:31.939	31051	60101	-94	-95	10	28.13	73.12	3.806
2015-08-02 16:50:42.667	31051	60101	-94	-95	10	27.72	73.26	3.818
2015-08-02 17:23:08.89	31051	60101	-94	-96	10	27.91	73.19	3.818
2015-08-02 17:28:54.73	31051	60101	-94	-96	10
2015-08-02 17:43:30.206	31051	60101	-94	-96	65535
2015-08-02 17:46:34.427	31051	60101	-94	-96	65535	27.77	73.27	3.806
2015-08-02 18:33:32.966	31051	60101	-94	-95	65535	27.35	73.36	3.806
2015-08-02 19:00:45.803	31051	60101	-94	-96	65535	27.4	73.43	3.806
2015-08-02 19:01:07.899	31051	60101	-94	-96	65535
2015-08-02 19:19:15.722	31051	60101	-94	-96	65535	27.22	73.51	3.806
2015-08-02 19:57:37.331	31051	60101	-94	-96	65535	26.76	73.59	3.806
2015-08-02 20:33:17.134	31051	60101	-94	-95	65535
2015-08-02 20:33:28.55	31051	60101	-94	-96	65535	26.26	73.72	3.806
2015-08-02 20:48:03.97	31051	60101	-94	-96	65535
2015-08-02 21:06:58.854	31051	60101	-94	-96	65535	25.86	73.86	3.818
2015-08-02 21:29:31.419	31051	60101	-94	-96	65535	25.63	73.98	3.818
2015-08-02 21:54:07.847	31051	60101	-94	-96	65535	25.38	74.07	3.818
2015-08-02 22:05:30.867	31051	60101	-94	-95	65535
2015-08-02 22:29:02.946	31051	60101	-94	-95	65535	25.02	74.2	3.818
2015-08-02 22:53:20.027	31051	60101	-94	-95	65535	24.77	74.26	3.806
2015-08-02 23:21:40.37	31051	60101	-94	-96	65535	24.52	74.38	3.818
2015-08-02 23:37:50.027	31051	60101	-94	-96	65535
2015-08-02 23:52:11.218	31051	60101	-94	-96	65535	24.32	74.45	3.806
2015-08-02 23:52:37.427	31051	60101	-94	-96	65535
2015-08-03 00:16:45.438	31051	60101	-94	-95	65535	24.15	74.5	3.806
2015-08-03 01:02:33.923	31051	60101	-94	-96	65535	23.84	74.6	3.806
2015-08-03 01:09:58.995	31051	60101	-94	-94	65535
2015-08-03 01:27:05.063	31051	60101	-94	-95	65535	23.76	74.64	3.806
2015-08-03 01:49:46.734	31051	60101	-94	-96	65535	23.5	74.67	3.818
2015-08-03 02:35:04.038	31051	60101	-94	-96	65535	23.09	74.76	3.818
2015-08-03 02:42:12.383	31051	60101	-94	-97	65535
2015-08-03 02:56:19.702	31051	60101	-94	-96	65535	22.61	74.75	3.806
2015-08-03 02:57:21.931	31051	60101	-94	-96	65535
2015-08-03 03:59:00.267	31051	60101	-94	-94	25	21.97	75.08	3.806
2015-08-03 04:30:32.702	31051	60101	-94	-94	25	21.58	75.14	3.806
2015-08-03 07:27:14.794	31051	60101	-94	-94	22	20.22	75.54	3.806
2015-08-03 10:04:56.766	31051	60101	-94	-94	21	21.18	75.3	3.806
2015-08-03 12:05:06.938	31051	60101	-94	-95	19	24.22	73.88	3.806
2015-08-03 12:26:09.406	31051	60101	-94	-94	19	25.41	72.86	3.806
2015-08-03 13:02:12.43	31051	60101	-94	-94	19	25.65	73.52	3.806
2015-08-03 13:17:17.418	31051	60101	-94	-95	19	25.69	73.63	3.806
2015-08-03 13:27:51.543	31051	60101	-94	-95	19
2015-08-03 13:57:21.694	31051	60101	-94	-96	19	26.51	73.4	3.806
2015-08-03 16:32:17.732	31051	60101	-94	-96	17
2015-08-03 18:20:09.29	31051	60101	-94	-94	17
2015-08-03 19:07:19.09	31051	60101	-94	-95	17	23.46	74.14	3.806
2015-08-03 20:48:24.754	31051	60101	-94	-94	16	21.54	74.4	3.806
2015-08-03 21:24:40.675	31051	60101	-94	-93	15
2015-08-03 21:36:29.818	31051	60101	-94	-93	15	20.93	74.82	3.806
2015-08-03 21:46:33.039	31051	60101	-94	-94	15	20.88	74.89	3.806
2015-08-03 22:18:34.163	31051	60101	-94	-95	15	20.65	75.06	3.806
2015-08-03 22:41:11.819	31051	60101	-94	-94	15
2015-08-03 23:05:13.583	31051	60101	-94	-94	14	20.32	75.18	3.806
2015-08-03 23:45:33.999	31051	60101	-94	-94	14	19.92	75.21	3.806
2015-08-04 00:13:25.211	31051	60101	-94	-94	14
2015-08-04 01:16:21.879	31051	60101	-94	-94	14	19.24	75.61	3.806
2015-08-04 01:45:39.851	31051	60101	-94	-94	14
2015-08-04 01:46:56.346	31051	60101	-94	-94	14	19.18	75.78	3.806
2015-08-04 02:25:49.378	31051	60101	-94	-93	14	19.04	75.89	3.806
2015-08-04 02:54:57.311	31051	60101	-94	-94	14	18.9	75.94	3.806
2015-08-04 03:17:54.027	31051	60101	-94	-93	13
2015-08-04 03:20:41.671	31051	60101	-94	-94	13	18.83	76.01	3.806
2015-08-04 03:33:49.654	31051	60101	-94	-94	13
2015-08-04 03:51:16.47	31051	60101	-94	-93	13	18.7	76.06	3.806
2015-08-04 04:22:45.871	31051	60101	-94	-94	13	18.29	76.08	3.806
2015-08-04 04:50:07.902	31051	60101	-94	-94	12
2015-08-04 04:58:27.999	31051	60101	-94	-94	12	18.15	76.16	3.806
2015-08-04 05:30:29.827	31051	60101	-94	-94	12	18.07	76.2	3.806
2015-08-04 06:06:40.739	31051	60101	-94	-94	12	18.02	76.29	3.806
2015-08-04 06:19:36.463	31051	60101	-94	-95	12	17.99	76.31	3.806
2015-08-04 06:22:20.483	31051	60101	-94	-94	11
2015-08-04 06:38:26.579	31051	60101	-94	-94	11
2015-08-04 06:55:47.322	31051	60101	-94	-94	11	17.79	76.33	3.806
2015-08-04 07:37:38.503	31051	60101	-94	-94	11	17.82	76.54	3.806
2015-08-04 07:50:09.606	31051	60101	-91	-94	11	17.9	76.56	3.806
2015-08-04 07:54:35.375	31051	60101	-94	-93	10
2015-08-04 08:23:16.999	31051	60101	-94	-93	10	17.9	76.48	3.806
2015-08-04 09:03:31.316	31051	60101	-94	-93	10	18.25	76.39	3.806
2015-08-04 09:26:47.824	31051	60101	-94	-93	10
2015-08-04 09:27:25.964	31051	60101	-94	-93	10	18.68	76.32	3.806
2015-08-04 09:42:58.059	31051	60101	-94	-94	10
2015-08-04 09:55:30.818	31051	60101	-97	-93	10	19.18	76.13	3.806
2015-08-04 10:24:46.107	31051	60101	-94	-94	10	19.96	75.97	3.806
2015-08-04 10:59:02.887	31051	60101	-94	-94	10
2015-08-04 11:36:28.458	31051	60101	-94	-94	10	23.14	73.78	3.806
2015-08-04 12:32:36.91	31051	60101	-94	-94	10	24.02	74.06	3.806
2015-08-04 13:00:10.034	31051	60101	-94	-95	10	25.16	73.73	3.806
2015-08-04 14:03:29.899	31051	60101	-94	-94	10
2015-08-04 14:05:28.767	31051	60101	-94	-95	11	25.52	73.77	3.806
2015-08-05 01:06:34.418	31051	60101	-94	-94	26	19.79	75.19	3.806
2015-08-05 04:45:46.694	31051	60101	-94	-92	20	18.0	75.79	3.806
2015-08-05 05:21:48.73	31051	60101	-94	-93	19	17.64	75.82	3.806
2015-08-05 05:25:46.894	31051	60101	-94	-93	19
2015-08-05 06:01:27.779	31051	60101	-94	-93	19	17.38	75.87	3.806
2015-08-05 06:29:32.603	31051	60101	-91	-93	18	17.36	75.89	3.806
2015-08-05 06:52:56.611	31051	60101	-94	-93	18	17.32	75.94	3.806
2015-08-05 06:58:01.347	31051	60101	-94	-93	17
2015-08-05 07:15:00.954	31051	60101	-94	-93	17
2015-08-05 07:26:44.015	31051	60101	-94	-93	17	17.43	75.93	3.806
2015-08-05 08:51:56.142	31051	60101	-94	-94	16	18.75	75.78	3.806
2015-08-05 09:28:01.042	31051	60101	-94	-94	15	19.61	75.58	3.806
2015-08-05 10:02:30.898	31051	60101	-94	-95	15
2015-08-05 10:04:19.11	31051	60101	-94	-94	15	20.72	75.02	3.806
2015-08-05 10:19:35.366	31051	60101	-94	-95	15
2015-08-05 10:34:13.726	31051	60101	-94	-95	15	21.36	74.69	3.806
2015-08-05 10:47:37.106	31051	60101	-91	-95	13	21.61	74.74	3.806
2015-08-05 11:34:45.035	31051	60101	-94	-95	12
2015-08-05 11:55:41.134	31051	60101	-94	-94	12	23.29	73.92	3.806
2015-08-05 13:24:12.83	31051	60101	-94	-94	12
2015-08-05 13:24:34.491	31051	60101	-94	-95	12	25.69	71.56	3.806
2015-08-05 14:05:40.722	31051	60101	-94	-94	12	24.97	73.36	3.806
2015-08-05 14:33:25.295	31051	60101	-94	-94	12	24.91	73.15	3.806
2015-08-05 14:48:02.723	31051	60101	-94	-95	65535	25.05	73.15	3.806
2015-08-05 16:06:31.942	31051	60101	-94	-95	20	25.15	72.97	3.806
2015-08-05 16:11:26.142	31051	60101	-94	-95	19
2015-08-05 16:28:50.647	31051	60101	-94	-96	19
2015-08-05 16:30:25.063	31051	60101	-94	-95	19	25.07	73.04	3.806
2015-08-05 16:51:57.103	31051	60101	-94	-96	19	24.82	73.08	3.806
2015-08-05 17:18:15.042	31051	60101	-94	-96	18	24.8	73.1	3.806
2015-08-05 17:43:36.87	31051	60101	-94	-94	18
2015-08-05 18:27:55.906	31051	60101	-94	-96	18	24.41	73.19	3.806
2015-08-05 18:52:53.83	31051	60101	-94	-95	18	24.14	73.31	3.806
2015-08-05 19:16:03.562	31051	60101	-94	-96	17
2015-08-05 19:27:00.835	31051	60101	-94	-96	17	23.75	73.43	3.806
2015-08-05 19:33:20.086	31051	60101	-94	-95	17
2015-08-05 20:00:59.698	31051	60101	-94	-95	17	23.24	73.58	3.806
2015-08-05 20:16:59.698	31051	60101	-94	-96	17	22.96	73.66	3.806
2015-08-05 20:48:05.291	31051	60101	-94	-95	17
2015-08-06 02:29:02.87	31051	60101	-94	-95	19	17.7	75.17	3.806
2015-08-06 14:00:48.139	31051	60101	-94	-95	22
2015-08-06 14:47:28.718	31051	60101	-94	-96	22	20.29	74.32	3.806
2015-08-07 06:37:19.551	31051	60101	-94	-94	13
2015-08-07 07:32:46.627	31051	60101	-94	-95	12	15.79	75.5	3.795
2015-08-07 07:58:35.811	31051	60101	-94	-94	12	16.04	75.55	3.806
2015-08-07 08:09:25.366	31051	60101	-94	-95	12
2015-08-07 08:28:15.155	31051	60101	-94	-96	12
2015-08-07 08:28:31.798	31051	60101	-94	-96	12	16.47	75.5	3.795
2015-08-07 09:05:12.462	31051	60101	-94	-94	12	16.96	75.42	3.795
2015-08-07 21:27:58.707	31051	60101	-94	-95	15	21.64	73.71	3.806
2015-08-07 21:59:26.743	31051	60101	-94	-95	15
2015-08-07 22:03:17.607	31051	60101	-94	-95	15	21.2	73.84	3.806
2015-08-07 22:17:06.551	31051	60101	-94	-95	15	21.08	73.93	3.806
2015-08-07 22:52:38.722	31051	60101	-94	-95	15	20.6	74.08	3.806
2015-08-07 23:18:29.915	31051	60101	-94	-95	14	20.32	74.16	3.806
2015-08-07 23:31:40.426	31051	60101	-94	-95	14
2015-08-07 23:46:28.543	31051	60101	-94	-96	14	20.0	74.31	3.806
2015-08-07 23:51:08.499	31051	60101	-94	-95	14
2015-08-08 00:34:16.498	31051	60101	-94	-95	14	19.42	74.47	3.806
2015-08-08 01:00:36.299	31051	60101	-94	-95	13	19.22	74.54	3.806
2015-08-08 01:03:56.106	31051	60101	-94	-95	13
2015-08-08 01:23:10.366	31051	60101	-94	-95	13	19.07	74.61	3.806
2015-08-08 01:47:07.874	31051	60101	-94	-95	13	18.89	74.69	3.806
2015-08-08 02:35:22.006	31051	60101	-94	-95	13	18.72	74.79	3.806
2015-08-08 02:36:08.726	31051	60101	-94	-94	12
2015-08-08 02:55:42.886	31051	60101	-94	-94	12
2015-08-08 02:57:28.254	31051	60101	-94	-95	12	18.68	74.86	3.806
2015-08-08 03:34:42.803	31051	60101	-94	-94	12	18.52	74.91	3.806
2015-08-08 03:52:57.682	31051	60101	-94	-95	12	18.5	74.9	3.806
2015-08-08 04:08:22.142	31051	60101	-94	-95	11
2015-08-08 04:35:55.535	31051	60101	-94	-94	11	18.36	74.93	3.806
2015-08-08 04:47:28.487	31051	60101	-94	-94	11	18.43	74.97	3.806
2015-08-08 05:18:38.686	31051	60101	-94	-95	11	18.28	74.94	3.806
2015-08-08 05:40:36.354	31051	60101	-94	-95	11
2015-08-08 05:52:08.656	31051	60101	-94	-94	10	18.08	74.93	3.806
2015-08-08 06:00:16.39	31051	60101	-94	-94	10
2015-08-08 06:35:23.662	31051	60101	-94	-94	10	17.89	74.99	3.806
2015-08-08 06:58:32.334	31051	60101	-94	-95	10	17.9	75.0	3.795
2015-08-08 07:12:49.855	31051	60101	-94	-94	10
2015-08-08 07:23:13.818	31051	60101	-94	-95	10	17.88	74.99	3.806
2015-08-08 07:57:03.646	31051	60101	-94	-95	10	17.97	75.06	3.806
2015-08-08 08:36:47.435	31051	60101	-94	-94	10	18.47	75.03	3.806
2015-08-08 08:45:02.775	31051	60101	-94	-94	10
2015-08-08 09:04:12.174	31051	60101	-94	-94	10	19.14	74.92	3.806
2015-08-08 09:04:51.591	31051	60101	-94	-95	10
2015-08-08 09:16:37.158	31051	60101	-94	-95	10	19.43	74.87	3.795
2015-08-08 10:50:45.223	31051	60101	-94	-95	10	22.28	74.08	3.806
2015-08-08 15:14:01.354	31051	60101	-94	-95	10
2015-08-08 16:07:44.842	31051	60101	-94	-95	10	25.66	72.45	3.806
2015-08-08 16:17:47.61	31051	60101	-94	-96	10	25.63	72.53	3.806
2015-08-08 16:48:08.054	31051	60101	-94	-96	10	25.55	72.52	3.806
2015-08-08 17:50:00.89	31051	60101	-94	-96	10	25.18	72.59	3.806
2015-08-08 19:59:36.586	31051	60101	-94	-96	10	23.89	73.1	3.806
2015-08-08 20:46:42.811	31051	60101	-94	-96	10	23.35	73.32	3.806
2015-08-08 21:19:00.807	31051	60101	-94	-96	10	22.93	73.41	3.806
2015-08-08 22:01:05.535	31051	60101	-94	-96	10	22.46	73.65	3.806
2015-08-08 22:35:06.959	31051	60101	-94	-96	65535
2015-08-08 23:02:13.406	31051	60101	-97	-96	65535	21.82	73.85	3.806
2015-08-08 23:25:11.046	31051	60101	-94	-95	65535	21.67	73.93	3.806
2015-08-08 23:57:24.994	31051	60101	-94	-96	65535	21.4	74.04	3.806
2015-08-09 00:07:20.191	31051	60101	-94	-95	65535
2015-08-09 00:25:16.018	31051	60101	-94	-95	65535	21.21	74.14	3.806
2015-08-09 00:27:43.903	31051	60101	-94	-96	65535
2015-08-09 00:58:11.099	31051	60101	-94	-96	65535	20.97	74.21	3.806
2015-08-09 01:20:02.767	31051	60101	-94	-96	65535	20.86	74.27	3.806
2015-08-09 01:39:34.935	31051	60101	-94	-96	65535
2015-08-10 06:51:57.239	31051	60101	-94	-95	16
2015-08-10 07:13:30.611	31051	60101	-94	-95	16
2015-08-10 08:03:11.158	31051	60101	-94	-95	14	19.82	74.82	3.806
2015-08-10 08:24:11.16	31051	60101	-94	-94	13
2015-08-10 09:26:32.694	31051	60101	-94	-95	13	21.64	74.53	3.806
2015-08-10 10:03:39.57	31051	60101	-94	-95	13	23.04	74.17	3.806
2015-08-10 10:23:37.226	31051	60101	-94	-95	13	24.02	73.65	3.806
2015-08-10 11:22:34.166	31051	60101	-94	-95	13	26.02	72.49	3.806
2015-08-10 11:47:59.247	31051	60101	-94	-95	12	26.47	72.52	3.806
2015-08-10 12:46:15.363	31051	60101	-94	-96	12	25.63	72.53	3.806
2015-08-10 13:19:08.61	31051	60101	-94	-95	12	25.51	72.59	3.806
2015-08-10 14:01:28.019	31051	60101	-94	-95	12	25.88	72.52	3.806
2015-08-10 14:33:04.954	31051	60101	-94	-95	12
2015-08-10 15:22:29.123	31051	60101	-94	-95	12	25.77	72.53	3.806
2015-08-10 16:05:18.746	31051	60101	-94	-96	11
2015-08-10 16:38:01.054	31051	60101	-94	-96	11	24.97	72.8	3.806
2015-08-10 17:15:54.986	31051	60101	-94	-96	11	25.27	72.94	3.806
2015-08-10 18:05:02.55	31051	60101	-94	-96	11	25.29	72.94	3.806
2015-08-10 18:28:44.802	31051	60101	-94	-96	11	25.35	72.96	3.806
2015-08-10 19:09:46.707	31051	60101	-94	-96	10
2015-08-10 19:31:50.854	31051	60101	-94	-96	10
2015-08-10 20:20:25.102	31051	60101	-94	-95	10	24.74	73.09	3.806
2015-08-10 20:53:26.266	31051	60101	-94	-95	10	24.49	73.18	3.806
2015-08-10 22:03:56.43	31051	60101	-94	-96	10	24.26	73.36	3.806
2015-08-10 22:36:29.026	31051	60101	-94	-96	10
2015-08-10 23:07:29.234	31051	60101	-94	-96	10	23.78	73.46	3.806
2015-08-10 23:26:56.666	31051	60101	-94	-95	10	23.61	73.51	3.806
2015-08-11 00:00:35.882	31051	60101	-94	-96	10	23.21	73.77	3.806
2015-08-11 00:48:23.726	31051	60101	-94	-95	10	22.63	73.9	3.806
2015-08-11 01:18:41.974	31051	60101	-94	-95	14
2015-08-11 01:40:58.946	31051	60101	-94	-95	14
2015-08-11 02:37:00.606	31051	60101	-94	-95	14	22.15	74.16	3.806
2015-08-11 02:54:25.559	31051	60101	-94	-95	14	22.01	74.22	3.806
2015-08-11 04:03:31.806	31051	60101	-94	-95	13	21.56	74.37	3.806
2015-08-11 04:34:20.682	31051	60101	-94	-94	13	21.4	74.45	3.806
2015-08-11 04:56:24.13	31051	60101	-94	-95	13	21.33	74.49	3.806
2015-08-11 05:16:36.47	31051	60101	-94	-95	13	21.31	74.52	3.806
2015-08-11 05:55:23.826	31051	60101	-94	-96	13
2015-08-11 06:27:08.094	31051	60101	-94	-95	65535	21.29	74.46	3.806
2015-08-11 07:27:37.715	31051	60101	-94	-96	23
2015-08-11 07:50:07.838	31051	60101	-94	-96	23
2015-08-11 08:35:57.195	31051	60101	-94	-95	22	21.04	74.49	3.806
2015-08-11 08:59:50.143	31051	60101	-94	-95	22
2015-08-11 10:05:16.443	31051	60101	-94	-94	20	21.4	74.45	3.806
2015-08-11 10:33:39.314	31051	60101	-94	-95	19	22.01	74.19	3.806
2015-08-11 10:54:42.106	31051	60101	-94	-95	19
2015-08-11 12:04:18.835	31051	60101	-94	-95	19
2015-08-11 16:34:46.271	31051	60101	-94	-95	15	25.32	72.75	3.806
2015-08-11 17:07:35.986	31051	60101	-94	-95	15	25.49	72.62	3.806
2015-08-11 18:13:13.11	31051	60101	-94	-96	15
2015-08-12 03:23:15.11	31051	60101	-94	-94	19	18.33	75.11	3.806
2015-08-12 04:58:49.474	31051	60101	-94	-94	19
2015-08-12 05:24:02.271	31051	60101	-94	-95	19	18.0	75.23	3.806
2015-08-12 06:24:30.226	31051	60101	-94	-95	18	17.61	75.28	3.806
2015-08-12 07:02:14.51	31051	60101	-94	-94	18	17.43	75.3	3.806
2015-08-12 07:25:27.575	31051	60101	-94	-95	17	17.47	75.36	3.806
2015-08-12 07:52:23.687	31051	60101	-94	-95	17	17.57	75.41	3.806
2015-08-12 08:03:17.342	31051	60101	-94	-95	17
2015-08-12 08:17:24.29	31051	60101	-94	-94	17	17.72	75.41	3.795
2015-08-12 08:26:44.51	31051	60101	-94	-95	17
2015-08-12 09:05:37.282	31051	60101	-94	-94	16	18.43	75.26	3.806
2015-08-12 09:33:30.083	31051	60101	-94	-95	16	19.31	75.04	3.795
2015-08-12 09:35:32.154	31051	60101	-94	-96	16
2015-08-12 10:07:01.242	31051	60101	-94	-97	16	19.83	74.82	3.795
2015-08-12 10:20:41.206	31051	60101	-94	-95	16	19.92	74.81	3.806
2015-08-12 10:56:27.687	31051	60101	-94	-96	16	20.54	74.53	3.806
2015-08-12 11:07:45.591	31051	60101	-94	-96	16
2015-08-12 11:32:39.34	31051	60101	-94	-96	16	21.52	74.12	3.806
2015-08-12 12:33:56.194	31051	60101	-94	-95	15	23.68	72.89	3.806
2015-08-12 14:12:21.655	31051	60101	-94	-94	19
2015-08-12 15:59:37.122	31051	60101	-94	-96	19	23.26	73.5	3.806
2015-08-12 17:07:14.71	31051	60101	-97	-96	19	23.1	73.44	3.806
2015-08-12 17:37:00.034	31051	60101	-94	-95	19	23.34	73.32	3.806
2015-08-12 18:58:56.511	31051	60101	-94	-96	15	22.72	73.56	3.806
2015-08-12 19:49:17.774	31051	60101	-94	-95	15	22.02	73.73	3.806
2015-08-12 23:24:33.738	31051	60101	-94	-94	15	18.74	74.76	3.806
2015-08-12 23:49:37.135	31051	60101	-94	-95	15
2015-08-13 00:50:31.447	31051	60101	-94	-95	15	17.54	75.01	3.806
2015-08-13 03:06:22.582	31051	60101	-91	-94	14	15.36	75.46	3.795
2015-08-13 04:02:16.555	31051	60101	-94	-92	14
2015-08-13 04:23:13.359	31051	60101	-91	-94	14	14.64	75.84	3.795
2015-08-13 05:22:26.334	31051	60101	-94	-93	13	14.2	75.95	3.795
2015-08-13 05:58:47.783	31051	60101	-94	-93	12
2015-08-13 06:34:57.486	31051	60101	-94	-93	12	13.93	76.06	3.795
2015-08-13 07:06:43.958	31051	60101	-91	-93	12
2015-08-13 08:56:06.878	31051	60101	-94	-93	12	15.39	76.1	3.795
2015-08-13 09:31:15.319	31051	60101	-94	-94	12	16.38	75.93	3.795
2015-08-13 10:11:14.175	31051	60101	-94	-94	11
2015-08-13 10:51:04.614	31051	60101	-94	-94	11	19.28	74.98	3.795
2015-08-13 11:43:26.226	31051	60101	-94	-94	11
2015-08-13 12:07:55.644	31051	60101	-94	-95	11
2015-08-13 12:46:46.554	31051	60101	-94	-95	11	23.52	72.11	3.795
2015-08-13 13:37:59.319	31051	60101	-94	-95	10	24.04	73.07	3.795
2015-08-13 14:17:12.174	31051	60101	-94	-94	10	23.7	73.2	3.795
2015-08-13 14:47:54.051	31051	60101	-94	-95	10
2015-08-13 15:01:11.186	31051	60101	-94	-95	10	23.76	72.9	3.795
2015-08-13 15:12:30.286	31051	60101	-94	-95	10
2015-08-13 15:33:34.506	31051	60101	-91	-95	10	23.22	73.24	3.795
2015-08-13 15:45:59.991	31051	60101	-94	-94	10	23.34	73.18	3.795
2015-08-13 16:20:07.595	31051	60101	-94	-94	10
2015-08-13 17:29:54.859	31051	60101	-94	-94	10	24.47	72.76	3.795
2015-08-13 18:00:20.534	31051	60101	-94	-95	10	24.27	73.06	3.806
2015-08-13 18:19:25.446	31051	60101	-94	-95	10	24.04	73.04	3.806
2015-08-13 19:24:35.026	31051	60101	-94	-95	10
2015-08-13 19:55:28.947	31051	60101	-97	-95	10	23.38	73.19	3.806
2015-08-13 20:56:48.322	31051	60101	-94	-94	10
2015-08-13 21:21:38.643	31051	60101	-94	-95	10
2015-08-13 21:54:19.463	31051	60101	-94	-94	10	21.36	73.71	3.795
2015-08-13 22:29:39.098	31051	60101	-91	-94	10	20.97	73.96	3.806
2015-08-13 23:35:07.07	31051	60101	-94	-94	10	20.35	74.25	3.806
2015-08-14 00:01:16.69	31051	60101	-94	-94	10
2015-08-14 00:26:13.662	31051	60101	-94	-94	10
2015-08-14 01:33:30.926	31051	60101	-94	-94	10
2015-08-14 01:53:04.126	31051	60101	-94	-94	10	19.14	74.63	3.806
2015-08-14 02:59:54.818	31051	60101	-94	-94	10	18.47	74.82	3.795
2015-08-14 03:30:49.31	31051	60101	-94	-94	10
2015-08-14 03:54:24.303	31051	60101	-94	-95	10	18.03	74.97	3.806
2015-08-14 04:37:57.858	31051	60101	-94	-94	10
2015-08-14 05:38:05.498	31051	60101	-94	-94	10	17.14	75.16	3.795
2015-08-14 06:10:11.003	31051	60101	-94	-94	10
2015-08-14 06:35:23.57	31051	60101	-94	-94	10
2015-08-14 07:19:25.767	31051	60101	-94	-94	10	16.61	75.4	3.795
2015-08-14 07:53:22.787	31051	60101	-94	-94	10	16.72	75.53	3.806
2015-08-14 08:50:10.134	31051	60101	-94	-94	10	17.79	75.35	3.795
2015-08-14 09:19:28.482	31051	60101	-94	-94	10	18.56	75.21	3.795
2015-08-14 09:57:34.234	31051	60101	-94	-94	10	19.99	74.82	3.795
2015-08-14 10:46:52.923	31051	60101	-94	-94	10
2015-08-14 11:00:35.658	31051	60101	-94	-94	10	22.4	74.05	3.795
2015-08-14 16:17:03.586	31051	60101	-94	-95	10	28.08	71.49	3.806
2015-08-15 12:48:51.767	31051	60101	-94	-95	14
2015-08-15 14:20:59.034	31051	60101	-94	-95	15
2015-08-15 14:59:05.426	31051	60101	-94	-96	15	29.02	71.0	3.806
2015-08-15 15:53:14.634	31051	60101	-94	-96	16
2015-08-19 12:07:01.111	31051	60101	-94	-95	19
2015-08-19 13:39:18.435	31051	60101	-94	-95	18
2015-08-19 16:31:53.898	31051	60101	-94	-95	17	29.13	70.79	3.806
2015-08-19 16:47:32.038	31051	60101	-94	-94	15
2015-08-19 18:19:59.53	31051	60101	-94	-94	15	28.76	70.81	3.806
2015-08-19 19:21:53.778	31051	60101	-94	-95	15	27.36	71.24	3.806
2015-08-19 21:31:31.651	31051	60101	-94	-96	14	25.38	72.26	3.806
2015-08-19 22:34:09.778	31051	60101	-94	-95	13	24.63	72.57	3.806
2015-08-19 22:56:44.178	31051	60101	-94	-95	12
2015-08-20 00:39:11.083	31051	60101	-94	-95	11	23.86	72.95	3.806
2015-08-20 02:01:18.242	31051	60101	-94	-94	11
2015-08-20 02:21:43.406	31051	60101	-94	-94	11	23.27	73.17	3.806
2015-08-20 04:05:17.074	31051	60101	-97	-95	11	22.96	73.3	3.806
2015-08-20 05:01:31.198	31051	60101	-94	-95	10
2015-08-20 12:42:46.974	31051	60101	-94	-93	10
2015-08-21 04:22:50.299	31051	60101	-91	-94	10	17.49	74.54	3.795
2015-08-21 20:59:28.911	31051	60101	-94	-93	10
2015-08-21 21:30:55.066	31051	60101	-94	-94	10	20.82	73.33	3.795
2015-08-21 21:53:03.718	31051	60101	-94	-93	10	20.47	73.54	3.795
2015-08-22 09:17:25.867	31051	60101	-94	-93	10
2015-08-22 15:26:14.307	31051	60101	-94	-95	10
2015-08-22 16:21:54.622	31051	60101	-94	-94	10	24.94	71.87	3.795
2015-08-22 16:22:00.847	31051	60101	-94	-94	10	24.94	71.87	3.795
2015-08-22 18:33:14.227	31051	60101	-94	-94	10	24.15	72.12	3.795
2015-08-22 18:57:06.298	31051	60101	-94	-94	10	23.95	72.24	3.795
2015-08-22 20:02:55.702	31051	60101	-94	-94	10
2015-08-22 20:40:45.871	31051	60101	-94	-94	10	21.88	72.74	3.795
2015-08-22 20:52:43.491	31051	60101	-94	-93	10	21.75	72.82	3.795
2015-08-22 21:34:39.223	31051	60101	-94	-94	10	20.79	73.14	3.795
2015-08-22 21:35:11.771	31051	60101	-94	-93	10
2015-08-22 21:41:58.031	31051	60101	-94	-94	10
2015-08-22 21:57:05.148	31051	60101	-94	-94	10	20.45	73.31	3.795
2015-08-22 22:28:19.387	31051	60101	-94	-94	10	19.93	73.51	3.795
2015-08-22 23:07:23.81	31051	60101	-91	-93	10
2015-08-22 23:12:14.139	31051	60101	-94	-93	10	19.33	73.72	3.795
2015-08-22 23:32:23.774	31051	60101	-94	-93	10	19.17	73.83	3.795
2015-08-23 00:02:39.762	31051	60101	-94	-93	10	18.75	73.91	3.795
2015-08-23 00:21:07.514	31051	60101	-94	-93	10	18.64	74.02	3.795
2015-08-23 00:39:37.314	31051	60101	-94	-94	10
2015-08-23 00:46:31.362	31051	60101	-91	-93	10
2015-08-23 01:07:29.33	31051	60101	-94	-93	10	18.21	74.12	3.795
2015-08-23 01:31:51.739	31051	60101	-94	-93	10	18.06	74.2	3.795
2015-08-23 01:56:24.23	31051	60101	-94	-93	10	17.89	74.25	3.795
2015-08-23 02:11:50.182	31051	60101	-94	-94	10
2015-08-23 02:40:09.998	31051	60101	-94	-93	10	17.36	74.33	3.795
2015-08-23 02:50:08.158	31051	60101	-91	-93	10	17.32	74.38	3.795
2015-08-23 03:44:04.911	31051	60101	-94	-93	10
2015-08-23 04:10:13.175	31051	60101	-94	-93	10	16.43	74.49	3.795
2015-08-23 04:41:35.038	31051	60101	-91	-93	10	16.22	74.63	3.795
2015-08-23 05:04:37.57	31051	60101	-94	-93	10	16.11	74.66	3.795
2015-08-23 05:16:18.742	31051	60101	-94	-93	10
2015-08-23 05:38:45.566	31051	60101	-91	-93	10	15.79	74.71	3.795
2015-08-23 06:01:29.911	31051	60101	-94	-93	10	15.7	74.74	3.795
2015-08-23 06:32:35.57	31051	60101	-94	-93	10	15.5	74.78	3.795
2015-08-23 06:48:32.418	31051	60101	-94	-93	10
2015-08-23 06:55:41.458	31051	60101	-91	-92	10
2015-08-23 07:11:46.73	31051	60101	-91	-93	10	15.25	74.81	3.795
2015-08-23 07:26:52.32	31051	60101	-91	-93	10	15.32	74.87	3.795
2015-08-23 07:57:18.074	31051	60101	-94	-93	10	15.42	74.89	3.795
2015-08-23 08:20:45.43	31051	60101	-91	-93	10
2015-08-23 09:11:38.914	31051	60101	-91	-93	10	16.61	74.74	3.795
2015-08-23 10:10:49.33	31051	60101	-94	-93	10	17.72	74.48	3.795
2015-08-23 20:38:36.91	31051	60101	-94	-94	10
2015-08-23 20:41:59.134	31051	60101	-94	-94	10	24.41	71.91	3.795
2015-08-23 20:55:16.932	31051	60101	-94	-95	10	24.07	72.01	3.795
2015-08-23 21:23:35.019	31051	60101	-94	-94	10	23.49	72.19	3.795
2015-08-23 22:03:09.462	31051	60101	-94	-94	10	22.97	72.48	3.795
2015-08-23 22:10:50.263	31051	60101	-94	-94	10
2015-08-23 22:18:33.571	31051	60101	-94	-95	10
2015-08-23 22:24:29.635	31051	60101	-94	-95	10	22.76	72.57	3.795
2015-08-23 22:51:58.49	31051	60101	-94	-94	10	22.49	72.72	3.795
2015-08-23 23:41:57.466	31051	60101	-94	-94	10	21.86	72.87	3.795
2015-08-23 23:43:03.95	31051	60101	-94	-94	10
2015-08-23 23:52:28.442	31051	60101	-94	-95	10	21.9	72.94	3.806
2015-08-24 00:34:29.282	31051	60101	-94	-94	10	21.28	73.04	3.795
2015-08-24 00:57:30.034	31051	60101	-94	-94	10	21.07	73.11	3.795
2015-08-24 01:15:18.011	31051	60101	-94	-94	10
2015-08-24 01:23:11.506	31051	60101	-94	-94	10
2015-08-24 01:26:23.263	31051	60101	-94	-94	10	20.99	73.2	3.795
2015-08-24 02:12:06.154	31051	60101	-94	-94	10	20.72	73.29	3.795
2015-08-24 02:47:34.03	31051	60101	-94	-94	10
2015-08-24 03:10:57.151	31051	60101	-94	-94	10	20.33	73.35	3.795
2015-08-24 04:00:05.758	31051	60101	-94	-94	10	20.22	73.41	3.795
2015-08-24 04:19:46.883	31051	60101	-94	-94	10
2015-08-24 04:27:44.058	31051	60101	-91	-94	10
2015-08-24 04:41:21.622	31051	60101	-94	-94	10	20.11	73.41	3.795
2015-08-24 05:08:38.725	31051	60101	-91	-95	10	20.17	73.45	3.795
2015-08-24 06:06:23.087	31051	60101	-94	-93	10	20.11	73.41	3.795
2015-08-24 06:35:29.522	31051	60101	-91	-93	10	20.13	73.44	3.795
2015-08-24 06:56:04.122	31051	60101	-91	-93	10	20.1	73.44	3.795
2015-08-24 21:04:47.917	31051	60101	-94	-95	10	22.57	72.15	3.795
2015-08-24 22:41:30.655	31051	60101	-91	-94	10	21.32	72.47	3.795
2015-08-24 22:54:58.703	31051	60101	-94	-93	10	21.22	72.56	3.795
2015-08-25 00:18:45.435	31051	60101	-94	-94	10
2015-08-25 01:50:57.595	31051	60101	-94	-94	10
2015-08-25 02:07:17.814	31051	60101	-94	-94	10	17.86	73.25	3.795
2015-08-25 02:27:20.478	31051	60101	-94	-93	10	17.58	73.41	3.783
2015-08-25 03:23:13.026	31051	60101	-94	-94	10
2015-08-25 05:04:20.279	31051	60101	-94	-94	10
2015-08-25 06:06:21.882	31051	60101	-94	-94	10	15.82	73.97	3.795
2015-08-25 06:27:40.186	31051	60101	-94	-93	10
2015-08-25 06:58:45.758	31051	60101	-94	-94	10	15.47	74.01	3.795
2015-08-25 07:59:15.787	31051	60101	-91	-94	10	15.5	74.12	3.795
2015-08-25 08:08:55.218	31051	60101	-94	-94	10
2015-08-25 08:28:49.214	31051	60101	-94	-93	10	15.82	74.08	3.783
2015-08-25 09:32:06.779	31051	60101	-91	-94	10
2015-08-25 23:31:48.542	31051	60101	-91	-92	10
2015-08-26 00:54:24.643	31051	60101	-94	-92	10
2015-08-26 02:26:38.926	31051	60101	-94	-93	10
2015-08-26 02:36:23.003	31051	60101	-94	-92	10
2015-08-26 03:58:52.55	31051	60101	-94	-92	10
2015-08-26 04:26:24.274	31051	60101	-91	-92	10	14.88	73.52	3.795
2015-08-26 04:50:13.758	31051	60101	-94	-92	10	14.64	73.63	3.783
2015-08-26 05:39:11.998	31051	60101	-94	-92	10	14.15	73.69	3.783
2015-08-26 06:25:50.926	31051	60101	-94	-92	10	13.97	73.82	3.783
2015-08-26 07:10:57.242	31051	60101	-91	-91	10	13.9	73.83	3.783
2015-08-26 08:12:31.722	31051	60101	-94	-92	10	14.42	73.93	3.783
2015-08-26 09:09:48.842	31051	60101	-94	-93	10	15.28	73.7	3.783
2015-08-26 09:53:29.414	31051	60101	-91	-92	10	16.4	73.5	3.783
2015-08-26 11:07:59.558	31051	60101	-94	-92	10	17.93	73.04	3.783
2015-08-26 11:40:01.366	31051	60101	-91	-92	10
2015-08-26 11:54:47.97	31051	60101	-94	-93	10	18.39	72.78	3.783
2015-08-26 16:16:43.767	31051	60101	-91	-91	10
2015-08-26 21:22:53.854	31051	60101	-91	-93	10	18.0	72.51	3.783
2015-08-26 22:25:37.994	31051	60101	-91	-93	10
2015-08-26 22:39:07.058	31051	60101	-91	-93	10	17.22	72.74	3.783
2015-08-26 23:57:51.539	31051	60101	-94	-93	10
2015-08-27 03:13:06.626	31051	60101	-91	-93	10
2015-08-27 04:09:42.863	31051	60101	-94	-93	10	15.88	73.1	3.795
2015-08-27 04:54:41.711	31051	60101	-91	-92	10	15.89	73.18	3.783
2015-08-27 06:17:34.679	31051	60101	-94	-92	10
2015-08-27 07:05:51.699	31051	60101	-94	-92	10	15.74	73.21	3.783
2015-08-27 07:39:01.474	31051	60101	-94	-92	10
2015-08-27 09:11:17.407	31051	60101	-91	-92	10
2015-08-27 12:09:37.898	31051	60101	-94	-94	10	19.18	72.22	3.783
2015-08-27 15:02:06.943	31051	60101	-94	-93	10	19.85	71.83	3.795
2015-08-27 19:23:12.822	31051	60101	-91	-93	10	20.36	71.68	3.783
2015-08-27 20:04:54.578	31051	60101	-94	-93	10	19.9	71.79	3.783
2015-08-27 21:40:53.486	31051	60101	-94	-93	10	18.81	72.12	3.783
2015-08-28 00:33:32.139	31051	60101	-91	-92	10
2015-08-28 02:04:20.007	31051	60101	-91	-92	10	15.92	73.05	3.783
2015-08-28 03:10:43.098	31051	60101	-94	-92	10	15.36	73.08	3.783
2015-08-28 03:38:00.672	31051	60101	-91	-92	10
2015-08-28 03:57:54.202	31051	60101	-91	-92	10	15.06	73.23	3.783
2015-08-28 05:10:14.486	31051	60101	-94	-92	10
2015-08-28 06:54:12.286	31051	60101	-94	-92	10
2015-08-28 07:33:48.074	31051	60101	-94	-92	10	14.36	73.49	3.783
2015-08-28 11:19:10.542	31051	60101	-94	-92	10
2015-08-28 15:55:50.286	31051	60101	-94	-93	10
2015-08-28 20:32:32.662	31051	60101	-91	-93	10
2015-08-28 22:04:46.307	31051	60101	-91	-92	10
2015-08-28 22:17:03.623	31051	60101	-91	-92	10
2015-08-28 23:25:47.214	31051	60101	-91	-92	10	19.29	72.08	3.795
2015-08-28 23:50:56.411	31051	60101	-94	-92	10	18.99	72.16	3.795
2015-08-29 01:09:13.35	31051	60101	-94	-92	10
2015-08-29 02:41:27.891	31051	60101	-91	-92	10
2015-08-29 03:36:57.919	31051	60101	-91	-91	10	16.25	72.77	3.783
2015-08-29 04:13:39.731	31051	60101	-91	-91	10
2015-08-29 05:30:09.718	31051	60101	-91	-91	10	15.28	73.14	3.795
2015-08-29 05:51:39.851	31051	60101	-91	-91	10	15.17	73.15	3.795
2015-08-29 08:04:50.535	31051	60101	-91	-91	10	14.96	73.35	3.783
2015-08-29 08:50:22.103	31051	60101	-94	-91	10
2015-08-29 09:33:54.467	31051	60101	-94	-92	10	16.82	73.21	3.783
2015-08-29 10:41:24.999	31051	60101	-94	-92	10	19.63	72.5	3.783
2015-08-29 16:31:30.638	31051	60101	-94	-94	10
2015-08-29 17:25:07.591	31051	60101	-94	-95	10	26.8	69.48	3.795
2015-08-29 18:03:17.759	31051	60101	-94	-93	10	26.71	69.66	3.795
2015-08-29 18:03:51.299	31051	60101	-94	-94	10
2015-08-29 18:29:29.951	31051	60101	-91	-95	10	26.63	69.68	3.795
2015-08-29 19:03:32.69	31051	60101	-94	-93	10	26.27	69.79	3.795
2015-08-29 19:35:58.562	31051	60101	-94	-93	10
2015-08-29 20:03:21.403	31051	60101	-94	-94	10	25.21	70.05	3.795
2015-08-29 21:08:12.158	31051	60101	-94	-93	10
2015-08-29 22:03:23.359	31051	60101	-91	-93	10	23.6	70.78	3.795
2015-08-29 22:40:25.451	31051	60101	-94	-93	10
2015-08-29 22:53:39.778	31051	60101	-91	-93	10
2015-08-29 23:38:03.215	31051	60101	-94	-94	10	22.61	71.13	3.795
2015-08-30 00:12:38.915	31051	60101	-94	-93	10
2015-08-30 01:32:28.674	31051	60101	-94	-93	10	22.13	71.37	3.795
2015-08-30 01:58:14.806	31051	60101	-91	-93	10
2015-08-30 02:33:10.666	31051	60101	-94	-93	10	22.01	71.43	3.795
2015-08-30 03:12:08.399	31051	60101	-91	-93	10	21.64	71.45	3.795
2015-08-30 03:32:11.182	31051	60101	-94	-93	10	21.52	71.51	3.795
2015-08-30 04:27:18.298	31051	60101	-91	-93	10	20.97	71.63	3.795
2015-08-30 05:03:28.343	31051	60101	-94	-93	10	20.74	71.69	3.795
2015-08-30 05:50:49.034	31051	60101	-94	-92	10	20.57	72.02	3.795
2015-08-30 20:02:05.182	31051	60101	-94	-94	10	25.9	69.89	3.795
2015-08-30 20:25:42.127	31051	60101	-94	-94	10
2015-08-30 21:43:52.514	31051	60101	-94	-94	10
2015-08-30 22:36:14.403	31051	60101	-94	-94	10	23.82	70.73	3.795
2015-08-30 23:16:07.047	31051	60101	-94	-93	10
2015-08-31 01:10:59.332	31051	60101	-94	-93	10	22.6	71.24	3.795
2015-08-31 04:55:14.039	31051	60101	-94	-93	10	21.11	71.79	3.795
2015-08-31 05:25:04.494	31051	60101	-94	-93	10
2015-08-31 11:36:05.778	31051	60101	-94	-94	10	24.83	70.47	3.795
2015-08-31 19:40:55.91	31051	60101	-94	-94	10	27.66	69.4	3.795
2015-09-01 09:05:08.703	31051	60101	-94	-92	10
2015-09-01 09:12:14.302	31051	60101	-94	-92	10	21.64	71.97	3.795
2015-09-01 14:41:04.11	31051	60101	-94	-92	10	29.93	68.76	3.795
2015-09-01 22:53:56.335	31051	60101	-94	-92	10	25.41	70.54	3.795
2015-09-02 00:08:13.711	31051	60101	-91	-92	10	24.72	70.79	3.795
2015-09-02 00:27:26.315	31051	60101	-91	-92	10
2015-09-02 00:59:57.579	31051	60101	-94	-91	10	24.09	70.92	3.795
2015-09-02 01:34:50.459	31051	60101	-91	-91	10	23.65	71.01	3.795
2015-09-02 01:59:48.251	31051	60101	-91	-91	10
2015-09-02 03:05:01.71	31051	60101	-91	-91	10	22.79	71.36	3.795
2015-09-02 10:00:26.914	31051	60101	-91	-92	10	23.9	71.42	3.795
2015-09-02 10:24:03.663	31051	60101	-91	-92	10	24.57	71.12	3.795
2015-09-03 01:37:53.034	31051	60101	-91	-91	10	23.36	71.1	3.795
2015-09-03 04:07:34.594	31051	60101	-91	-92	10
2015-09-03 05:39:48.73	31051	60101	-91	-91	10
2015-09-03 18:55:01.71	31051	60101	-91	-92	10	27.66	69.46	3.795
2015-09-03 22:55:18.098	31051	60101	-94	-92	10	24.46	70.74	3.795
2015-09-04 00:02:30.007	31051	60101	-91	-92	10	23.65	71.04	3.795
2015-09-04 00:22:42.794	31051	60101	-94	-92	10	23.53	71.1	3.795
2015-09-04 01:56:43.442	31051	60101	-91	-92	10
2015-09-04 03:07:20.702	31051	60101	-88	-91	10	22.38	71.45	3.795
2015-09-04 03:29:06.774	31051	60101	-88	-90	10	22.18	71.49	3.795
2015-09-04 10:52:10.29	31051	60101	-91	-92	10
2015-09-04 14:06:04.835	31051	60101	-94	-94	10	30.6	68.23	3.795
2015-09-05 02:28:05.878	31051	60101	-91	-91	10	21.15	71.94	3.795
2015-09-05 04:01:22.666	31051	60101	-91	-92	10	20.54	72.04	3.783
2015-09-05 06:08:40.594	31051	60101	-91	-92	10	20.03	72.25	3.795
2015-09-05 08:06:42.946	31051	60101	-91	-92	10	20.43	72.24	3.783
2015-09-05 08:27:02.311	31051	60101	-91	-92	10	20.83	72.18	3.795
2015-09-05 08:54:30.958	31051	60101	-94	-92	10	21.51	72.23	3.795
2015-09-05 09:55:36.69	31051	60101	-94	-93	10
2015-09-05 11:28:06.37	31051	60101	-94	-94	10
2015-09-05 11:48:14.486	31051	60101	-94	-94	10
2015-09-05 13:02:07.074	31051	60101	-91	-94	10	28.36	69.47	3.783
2015-09-05 16:05:03.09	31051	60101	-91	-93	10
2015-09-05 19:25:30.602	31051	60101	-91	-91	10	21.76	71.66	3.795
2015-09-06 10:31:17.323	31051	60101	-91	-94	10
2015-09-06 11:08:57.335	31051	60101	-94	-91	10	23.59	72.7	3.783
2015-09-06 13:03:24.626	31051	60101	-94	-93	10	27.71	69.73	3.783
2015-09-06 13:35:46.874	31051	60101	-94	-93	10
2015-09-06 15:28:14.751	31051	60101	-94	-94	10
2015-09-06 16:02:08.946	31051	60101	-91	-93	10	29.77	69.75	3.795
2015-09-06 18:21:07.199	31051	60101	-94	-92	10	29.11	70.01	3.795
2015-09-06 19:12:53.587	31051	60101	-94	-93	10	28.63	70.15	3.795
2015-09-06 20:07:52.362	31051	60101	-91	-93	10	27.27	70.51	3.783
2015-09-06 22:49:06.658	31051	60101	-94	-93	10
2015-09-06 23:41:19.506	31051	60101	-94	-94	10	23.69	72.0	3.795
2015-09-06 23:57:16.423	31051	60101	-94	-93	10	23.56	72.09	3.795
2015-09-07 04:58:02.926	31051	60101	-94	-93	10
2015-09-07 06:30:15.87	31051	60101	-94	-93	10
2015-09-07 06:57:42.354	31051	60101	-94	-93	10	20.88	72.74	3.783
2015-09-07 07:54:41.054	31051	60101	-94	-93	10	20.76	72.91	3.783
2015-09-07 08:34:45.65	31051	60101	-94	-92	10	21.2	72.86	3.783
2015-09-07 09:34:43.971	31051	60101	-91	-92	10
2015-09-07 10:22:54.207	31051	60101	-94	-93	10	24.04	72.23	3.783
2015-09-07 13:21:50.151	31051	60101	-91	-94	10	30.08	68.37	3.783
2015-09-07 15:11:38.574	31051	60101	-94	-93	10	31.27	68.88	3.795
2015-09-07 15:43:38.703	31051	60101	-91	-93	10
2015-09-07 22:30:07.127	31051	60101	-94	-92	10	25.38	71.22	3.795
2015-09-08 00:35:24.891	31051	60101	-94	-92	10	23.92	71.82	3.795
2015-09-08 01:18:35.17	31051	60101	-91	-92	10
2015-09-08 01:54:29.07	31051	60101	-91	-92	10	23.11	72.09	3.795
2015-09-08 03:33:30.206	31051	60101	-91	-92	10	22.04	72.33	3.783
2015-09-08 04:23:09.467	31051	60101	-91	-92	10
2015-09-08 04:58:22.698	31051	60101	-91	-92	10	21.47	72.52	3.795
2015-09-08 06:09:10.826	31051	60101	-91	-92	10	20.9	72.69	3.795
2015-09-08 06:59:53.566	31051	60101	-91	-92	10	20.57	72.79	3.783
2015-09-08 07:31:15.179	31051	60101	-94	-92	10	20.42	72.82	3.783
2015-09-08 08:00:17.882	31051	60101	-91	-91	10	20.65	72.89	3.795
2015-09-08 09:28:31.475	31051	60101	-91	-91	10	22.79	72.55	3.783
2015-09-08 10:32:22.631	31051	60101	-91	-92	10
2015-09-08 11:38:17.859	31051	60101	-94	-93	10	27.16	70.69	3.783
2015-09-08 16:19:19.568	31051	60101	-91	-92	10
2015-09-08 22:37:53.894	31051	60101	-91	-91	10	26.3	70.68	3.795
2015-09-08 22:57:32.822	31051	60101	-91	-91	10	26.04	70.77	3.795
2015-09-09 00:00:28.07	31051	60101	-91	-91	10
2015-09-09 00:35:22.45	31051	60101	-91	-91	10	25.51	71.1	3.795
2015-09-09 01:38:21.994	31051	60101	-91	-91	10	24.46	71.22	3.795
2015-09-09 02:37:11.151	31051	60101	-91	-91	10	23.75	71.51	3.795
2015-09-09 04:37:09.17	31051	60101	-91	-91	10
2015-09-09 05:09:40.829	31051	60101	-91	-91	10	22.29	71.9	3.795
2015-09-09 08:04:20.662	31051	60101	-91	-91	10
2015-09-09 09:13:50.359	31051	60101	-88	-90	10
2015-09-09 10:53:00.214	31051	60101	-91	-91	10	25.55	71.02	3.783
2015-09-09 11:24:36.759	31051	60101	-91	-94	10	26.61	70.56	3.795
2015-09-09 12:18:18.898	31051	60101	-91	-93	10
2015-09-09 13:01:58.366	31051	60101	-91	-92	10	28.68	69.47	3.783
2015-09-09 13:50:32.767	31051	60101	-91	-91	10
2015-09-09 14:13:30.302	31051	60101	-94	-91	10
2015-09-09 19:12:46.463	31051	60101	-91	-90	10	21.54	72.54	3.783
2015-09-09 20:00:01.868	31051	60101	-91	-90	10	21.22	72.72	3.795
2015-09-11 15:03:19.827	31051	60101	-91	-91	10	24.15	71.81	3.772
2015-09-11 16:34:07.346	31051	60101	-94	-93	10
2015-09-11 17:02:57.762	31051	60101	-88	-93	10	24.22	71.73	3.783
2015-09-11 18:06:23.966	31051	60101	-91	-93	10
2015-09-11 19:09:08.21	31051	60101	-94	-93	10	23.26	72.03	3.772
2015-09-11 20:02:38.734	31051	60101	-91	-93	10	22.08	72.36	3.783
2015-09-11 20:30:55.594	31051	60101	-94	-92	10	21.6	72.63	3.783
2015-09-11 21:30:25.127	31051	60101	-94	-92	10	20.92	72.99	3.772
2015-09-12 00:15:16.802	31051	60101	-94	-94	10
2015-09-12 03:58:04.806	31051	60101	-94	-93	10	17.22	74.09	3.772
2015-09-12 04:32:27.846	31051	60101	-91	-94	10	16.89	74.24	3.772
2015-09-12 06:49:39.03	31051	60101	-91	-90	10
2015-09-12 07:59:13.903	31051	60101	-94	-93	10	15.7	74.92	3.772
2015-09-12 15:37:34.294	31051	60101	-88	-92	10
2015-09-12 15:37:36.818	31051	60101	-88	-92	10
2015-09-12 16:03:21.223	31051	60101	-91	-91	10
2015-09-13 03:40:49.938	31051	60101	-88	-91	10	12.5	76.89	3.772
2015-09-13 04:11:26.774	31051	60101	-91	-91	10	12.56	76.93	3.772
2015-09-13 19:31:12.822	31051	60101	-94	-94	10	14.54	76.08	3.76
2015-09-14 08:02:51.386	31051	60101	-94	-93	10
2015-09-14 09:07:49.679	31051	60101	-94	-93	10
2015-09-14 10:56:19.746	31051	60101	-94	-92	10	15.29	76.05	3.76
2015-09-14 12:02:02.643	31051	60101	-91	-92	10	17.5	75.15	3.76
2015-09-14 12:40:56.238	31051	60101	-94	-92	10	18.32	74.84	3.76
2015-09-14 14:12:01.114	31051	60101	-94	-96	10
2015-09-14 15:06:54.166	31051	60101	-94	-94	10	22.22	73.38	3.76
2015-09-14 17:32:10.978	31051	60101	-94	-93	10	21.31	73.89	3.772
2015-09-14 18:21:08.17	31051	60101	-91	-94	10
2015-09-14 19:53:22.235	31051	60101	-91	-93	10
2015-09-14 21:07:05.291	31051	60101	-91	-94	10	18.35	74.85	3.772
2015-09-14 22:57:50.114	31051	60101	-91	-92	10
2015-09-14 23:25:42.814	31051	60101	-91	-92	10
2015-09-15 02:02:18.383	31051	60101	-94	-92	10
2015-09-15 02:43:02.026	31051	60101	-91	-92	10	14.56	76.03	3.772
2015-09-15 05:25:26.198	31051	60101	-94	-92	10	13.06	76.44	3.772
2015-09-15 06:13:33.718	31051	60101	-91	-92	10	12.68	76.49	3.772
2015-09-15 11:10:53.702	31051	60101	-91	-93	10	17.61	75.66	3.772
2015-09-15 13:07:43.602	31051	60101	-94	-93	10	24.01	71.13	3.76
2015-09-15 14:04:28.655	31051	60101	-94	-93	10	25.88	70.83	3.772
2015-09-15 14:43:25.731	31051	60101	-94	-93	10	25.13	72.94	3.772
2015-09-15 15:52:22.302	31051	60101	-94	-95	10
2015-09-15 17:01:34.662	31051	60101	-94	-92	10	23.9	73.12	3.772
2015-09-15 17:53:10.762	31051	60101	-94	-94	10
2015-09-15 18:30:08.094	31051	60101	-94	-93	10	23.14	73.5	3.772
2015-09-15 21:39:16.811	31051	60101	-94	-92	10	19.79	74.59	3.772
2015-09-15 22:10:56.126	31051	60101	-91	-93	10	19.42	74.79	3.772
2015-09-15 23:25:33.894	31051	60101	-91	-92	10	18.61	75.11	3.772
2015-09-16 00:02:21.191	31051	60101	-91	-92	10
2015-09-16 00:24:12.914	31051	60101	-94	-92	10	17.92	75.32	3.772
2015-09-16 00:56:41.682	31051	60101	-94	-91	10	17.49	75.42	3.772
2015-09-16 01:33:33.078	31051	60101	-94	-92	10	17.14	75.51	3.772
2015-09-16 02:22:03.346	31051	60101	-88	-92	10	16.68	75.65	3.772
2015-09-16 03:06:54.81	31051	60101	-94	-92	10
2015-09-16 03:55:59.69	31051	60101	-94	-91	10	15.93	75.87	3.772
2015-09-16 04:41:39.603	31051	60101	-91	-92	10	15.61	75.96	3.772
2015-09-16 05:09:56.255	31051	60101	-91	-92	10	15.47	76.01	3.772
2015-09-16 14:55:48.362	31051	60101	-91	-93	10
2015-09-16 18:00:15.823	31051	60101	-94	-93	10
