result_time	node_id	parent_id	stats_frssi	stats_brssi	etx	temperature	humidity	voltage
2015-07-10 12:48:23.65	40331	10501	-94	-87	10	21.36	75.34	3.925
2015-07-10 13:47:18.554	40331	10501	-94	-87	10	22.15	74.44	3.913
2015-07-10 16:51:36.958	40331	10501	-94	-87	10
2015-07-10 19:57:00.803	40331	10501	-94	-85	10	20.95	74.63	3.865
2015-07-10 21:32:47.611	40331	10501	-94	-84	10	19.72	74.88	3.865
2015-07-11 02:17:24.615	40331	10501	-94	-84	10
2015-07-11 02:45:46.876	40331	10501	-94	-83	10	17.61	75.07	3.841
2015-07-11 04:38:51.443	40331	10501	-94	-84	10
2015-07-11 05:05:07.195	40331	10501	-94	-83	10
2015-07-11 05:34:19.587	40331	10501	-94	-83	10	16.0	75.25	3.829
2015-07-11 07:00:19.075	40331	10501	-94	-82	10
2015-07-11 09:21:45.926	40331	10501	-94	-84	10
2015-07-11 09:55:31.746	40331	10501	-94	-82	10
2015-07-11 12:21:55.047	40331	10501	-94	-88	10	25.55	73.36	3.829
2015-07-11 13:29:31.195	40331	10501	-94	-88	10	26.69	73.15	3.841
2015-07-11 14:20:54.838	40331	10501	-94	-86	10	26.54	73.21	3.841
2015-07-11 15:13:22.826	40331	10501	-94	-85	10	26.94	73.09	3.829
2015-07-11 16:26:06.767	40331	10501	-94	-86	10
2015-07-11 16:50:45.547	40331	10501	-94	-87	10	26.91	73.14	3.829
2015-07-11 17:29:01.85	40331	10501	-94	-86	10	26.36	73.43	3.829
2015-07-11 18:34:46.766	40331	10501	-94	-86	10	25.44	73.73	3.829
2015-07-11 18:47:33.414	40331	10501	-94	-84	10
2015-07-11 21:09:01.771	40331	10501	-94	-85	10
2015-07-11 21:49:50.63	40331	10501	-94	-84	10	19.39	75.27	3.818
2015-07-11 23:29:18.703	40331	10501	-94	-84	10	18.33	75.14	3.818
2015-07-12 01:02:15.611	40331	10501	-94	-84	10	17.5	75.16	3.806
2015-07-12 01:26:07.719	40331	10501	-94	-84	10	17.27	75.19	3.806
2015-07-12 01:46:08.867	40331	10501	-94	-84	10	17.04	75.2	3.806
2015-07-12 01:51:53.919	40331	10501	-94	-85	10
2015-07-12 03:14:14.759	40331	10501	-94	-84	10	16.57	75.15	3.806
2015-07-12 06:04:00.643	40331	10501	-94	-83	10	16.45	75.0	3.795
2015-07-12 06:26:26.635	40331	10501	-94	-84	10	16.54	75.01	3.795
2015-07-12 06:34:47.827	40331	10501	-94	-84	10
2015-07-12 06:50:56.674	40331	10501	-94	-82	10	16.79	74.96	3.795
2015-07-12 07:27:57.194	40331	10501	-94	-84	10	17.49	74.73	3.795
2015-07-12 07:42:18.954	40331	10501	-94	-84	10
2015-07-12 07:45:08.235	40331	10501	-94	-84	10	17.72	74.61	3.806
2015-07-12 08:25:18.719	40331	10501	-94	-83	10	18.58	74.44	3.795
2015-07-12 10:17:31.043	40331	10501	-94	-83	10	22.4	73.94	3.806
2015-07-12 11:49:08.994	40331	10501	-94	-84	10	25.24	73.3	3.806
2015-07-12 12:32:42.439	40331	10501	-94	-84	10
2015-07-12 13:54:59.083	40331	10501	-94	-87	10	26.11	73.35	3.806
2015-07-12 14:49:38.666	40331	10501	-94	-84	10	25.65	73.71	3.806
2015-07-12 16:05:26.962	40331	10501	-94	-84	10	24.15	74.2	3.806
2015-07-12 16:59:20.911	40331	10501	-94	-83	10	22.4	74.7	3.818
2015-07-12 17:49:29.583	40331	10501	-94	-82	10	20.69	75.18	3.806
2015-07-12 19:47:41.214	40331	10501	-94	-82	10	20.96	74.42	3.795
2015-07-12 20:23:54.831	40331	10501	-94	-83	10	20.14	74.8	3.795
2015-07-12 22:05:40.053	40331	10501	-94	-84	10	19.14	74.9	3.795
2015-07-12 23:04:57.25	40331	10501	-94	-84	10
2015-07-13 01:26:26.21	40331	10501	-94	-83	10
2015-07-13 03:03:54.643	40331	10501	-94	-83	10
2015-07-13 03:47:50.978	40331	10501	-94	-82	10
2015-07-13 05:29:05.874	40331	10501	-94	-82	10
2015-07-13 06:25:07.171	40331	10501	-94	-82	10	18.77	74.69	3.772
2015-07-13 07:50:26.499	40331	10501	-94	-82	10	19.67	74.49	3.783
2015-07-13 08:30:45.054	40331	10501	-94	-83	10
2015-07-13 09:54:57.527	40331	10501	-94	-82	10	22.15	73.92	3.783
2015-07-13 13:34:46.97	40331	10501	-94	-83	10	27.07	72.97	3.795
2015-07-13 15:09:55.355	40331	10501	-94	-80	10
2015-07-13 16:01:54.574	40331	10501	-94	-82	10	26.01	74.06	3.783
2015-07-13 18:17:35.962	40331	10501	-94	-84	10	26.9	72.91	3.783
2015-07-13 19:21:37.59	40331	10501	-94	-82	10	24.47	74.4	3.783
2015-07-13 20:17:59.906	40331	10501	-94	-83	10
2015-07-13 20:48:47.402	40331	10501	-94	-83	10	23.25	74.43	3.783
2015-07-13 22:25:47.843	40331	10501	-94	-82	10	22.14	74.65	3.783
2015-07-14 00:50:45.663	40331	10501	-94	-81	10
2015-07-14 01:35:28.483	40331	10501	-94	-81	10	21.4	74.43	3.772
2015-07-14 05:29:18.707	40331	10501	-94	-81	10	20.54	74.61	3.76
2015-07-14 07:50:44.899	40331	10501	-94	-79	10	20.42	74.56	3.76
2015-07-14 08:06:18.079	40331	10501	-91	-79	10
2015-07-14 08:29:49.019	40331	10501	-94	-78	10	21.29	74.35	3.76
2015-07-14 09:04:44.163	40331	10501	-94	-79	10	21.79	74.07	3.76
2015-07-14 09:23:04.046	40331	10501	-94	-76	10	22.26	74.08	3.76
2015-07-14 09:51:35.655	40331	10501	-94	-78	10	23.33	73.73	3.76
2015-07-14 12:56:41.946	40331	10501	-94	-82	10
2015-07-14 16:31:49.239	40331	10501	-94	-80	10	25.93	73.85	3.772
2015-07-14 17:31:02.299	40331	10501	-91	-79	10
2015-07-14 18:48:54.174	40331	10501	-94	-82	10	22.44	74.77	3.772
2015-07-14 19:57:33.791	40331	10501	-94	-82	10	20.11	75.46	3.76
2015-07-14 21:16:03.895	40331	10501	-94	-82	10	19.92	75.08	3.76
2015-07-14 21:45:53.563	40331	10501	-94	-84	10	19.97	75.09	3.76
2015-07-14 22:13:58.159	40331	10501	-94	-89	10
2015-07-14 22:28:05.379	40331	10501	-94	-89	10	20.04	75.08	3.76
2015-07-14 22:37:29.515	40331	10501	-94	-89	10
2015-07-14 23:00:01.087	40331	10501	-94	-89	10	20.07	75.14	3.749
2015-07-14 23:30:19.862	40331	10501	-94	-89	10	20.18	75.16	3.749
2015-07-15 00:02:22.123	40331	10501	-94	-90	10	20.2	75.16	3.76
2015-07-15 00:35:23.144	40331	10501	-94	-89	10
2015-07-15 01:02:41.679	40331	10501	-94	-87	10
2015-07-15 01:24:19.019	40331	10501	-94	-88	10	20.04	75.35	3.76
2015-07-15 02:05:36.795	40331	10501	-94	-90	10	20.02	75.37	3.749
2015-07-15 02:31:32.834	40331	10501	-94	-89	10	20.06	75.37	3.749
2015-07-15 02:56:49.967	40331	10501	-94	-89	10
2015-07-15 03:27:09.598	40331	10501	-94	-88	10	20.07	75.4	3.749
2015-07-15 03:48:32.575	40331	10501	-94	-90	10	20.08	75.43	3.749
2015-07-15 05:05:39.19	40331	10501	-94	-89	10	20.08	75.51	3.749
2015-07-15 05:34:36.871	40331	10501	-94	-90	10	20.14	75.55	3.749
2015-07-15 06:34:07.211	40331	10501	-94	-89	10	20.25	75.57	3.749
2015-07-15 07:25:08.015	40331	10501	-94	-87	14	20.42	75.58	3.749
2015-07-15 07:48:51.086	40331	10501	-94	-88	14	20.54	75.58	3.749
2015-07-15 09:03:02.323	40331	10501	-94	-84	13	20.83	75.66	3.749
2015-07-15 10:00:56.338	40331	10501	-94	-83	12	21.86	75.41	3.749
2015-07-15 10:22:11.77	40331	10501	-94	-84	12	22.08	75.24	3.749
2015-07-15 10:43:32.107	40331	10501	-94	-82	12
2015-07-15 10:43:58.514	40331	10501	-94	-80	12	21.83	75.97	3.749
2015-07-15 11:13:37.371	40331	10501	-94	-83	10	22.64	75.4	3.749
2015-07-15 11:45:35.782	40331	10501	-94	-82	10	23.1	75.22	3.749
2015-07-15 12:18:16.895	40331	10501	-94	-84	10	23.61	75.02	3.749
2015-07-15 12:22:37.139	40331	10501	-94	-84	10
2015-07-15 12:43:48.062	40331	10501	-94	-80	10	23.02	75.4	3.76
2015-07-15 13:08:42.027	40331	10501	-94	-81	10
2015-07-15 13:18:37.626	40331	10501	-94	-84	10	23.43	75.23	3.749
2015-07-15 13:51:52.271	40331	10501	-94	-82	10	24.18	75.0	3.749
2015-07-15 14:14:19.686	40331	10501	-94	-82	10	24.36	75.14	3.749
2015-07-15 14:44:04.522	40331	10501	-94	-81	10
2015-07-15 14:48:05.643	40331	10501	-94	-81	10	23.95	75.28	3.749
2015-07-15 15:17:44.079	40331	10501	-91	-82	10	24.47	75.14	3.749
2015-07-15 15:33:55.583	40331	10501	-94	-80	10
2015-07-15 16:04:11.838	40331	10501	-94	-81	10	24.83	75.21	3.749
2015-07-15 16:54:41.999	40331	10501	-91	-79	10	24.58	75.02	3.749
2015-07-15 17:34:48.982	40331	10501	-91	-80	10	24.88	74.89	3.749
2015-07-15 17:59:05.127	40331	10501	-91	-78	10
2015-07-15 18:02:04.243	40331	10501	-94	-79	10	24.43	75.13	3.749
2015-07-15 18:17:30.09	40331	10501	-94	-79	10	24.31	75.08	3.749
2015-07-15 18:52:24.059	40331	10501	-91	-82	10	24.41	74.83	3.749
2015-07-15 19:44:58.426	40331	10501	-97	-81	10	23.13	75.26	3.749
2015-07-15 20:19:49.598	40331	10501	-94	-80	10	21.02	76.26	3.749
2015-07-15 20:24:19.182	40331	10501	-91	-78	10
2015-07-15 21:04:30.035	40331	10501	-91	-78	10	19.54	76.44	3.738
2015-07-15 21:30:56.839	40331	10501	-91	-78	10	18.68	76.61	3.738
2015-07-15 21:48:27.914	40331	10501	-94	-78	10
2015-07-15 21:50:09.979	40331	10501	-91	-78	10	18.35	76.52	3.738
2015-07-15 22:49:28.443	40331	10501	-94	-78	10
2015-07-15 23:21:28.339	40331	10501	-91	-78	10	16.36	76.61	3.738
2015-07-16 00:31:47.91	40331	10501	-91	-79	10	15.29	76.6	3.738
2015-07-16 01:02:06.294	40331	10501	-91	-79	10	15.0	76.56	3.727
2015-07-16 01:14:43.243	40331	10501	-91	-78	10
2015-07-16 01:16:22.503	40331	10501	-91	-78	10	14.72	76.63	3.727
2015-07-16 02:05:48.694	40331	10501	-91	-78	10	14.18	76.62	3.727
2015-07-16 02:29:15.63	40331	10501	-94	-78	10	13.96	76.58	3.727
2015-07-16 02:31:19.086	40331	10501	-88	-78	10
2015-07-16 02:58:06.194	40331	10501	-91	-78	10	13.64	76.56	3.727
2015-07-16 03:15:27.167	40331	10501	-91	-78	10	13.5	76.59	3.727
2015-07-16 03:39:54.087	40331	10501	-91	-78	10
2015-07-16 03:56:23.45	40331	10501	-91	-78	10	13.38	76.43	3.727
2015-07-16 04:30:07.062	40331	10501	-91	-78	10	13.11	76.46	3.727
2015-07-16 04:52:46.834	40331	10501	-91	-78	10
2015-07-16 04:56:52.427	40331	10501	-91	-77	10	12.83	76.5	3.705
2015-07-16 05:14:32.155	40331	10501	-91	-78	10	12.54	76.57	3.716
2015-07-16 06:02:24.058	40331	10501	-91	-78	10	12.6	76.42	3.716
2015-07-16 07:14:12.919	40331	10501	-91	-78	10
2015-07-16 08:03:34.494	40331	10501	-91	-79	10	13.88	76.1	3.716
2015-07-16 09:32:37.006	40331	10501	-91	-78	10	16.92	75.41	3.716
2015-07-16 10:05:52.775	40331	10501	-91	-77	10	18.47	75.3	3.727
2015-07-16 10:43:54.423	40331	10501	-91	-78	10	20.65	75.09	3.727
2015-07-16 11:45:43.546	40331	10501	-94	-78	10	21.32	75.03	3.716
2015-07-16 12:30:00.218	40331	10501	-91	-78	10	22.11	74.81	3.727
2015-07-16 13:20:40.498	40331	10501	-91	-78	10
2015-07-16 14:18:34.475	40331	10501	-91	-80	10
2015-07-16 15:32:51.79	40331	10501	-94	-80	10	25.21	74.15	3.738
2015-07-16 15:46:09.502	40331	10501	-91	-78	10	25.33	74.12	3.738
2015-07-16 16:40:02.534	40331	10501	-91	-80	10
2015-07-16 17:21:45.903	40331	10501	-91	-78	10	26.05	73.98	3.738
2015-07-16 17:46:01.398	40331	10501	-94	-80	10	25.77	73.73	3.738
2015-07-16 18:11:06.05	40331	10501	-91	-78	10
2015-07-16 18:25:01.85	40331	10501	-91	-78	10	23.86	75.02	3.738
2015-07-16 18:50:06.147	40331	10501	-91	-78	10	23.92	74.7	3.738
2015-07-16 19:01:28.694	40331	10501	-91	-78	10
2015-07-16 19:32:44.783	40331	10501	-97	-78	10	23.61	74.34	3.738
2015-07-16 19:52:00.075	40331	10501	-94	-78	10	22.36	75.13	3.738
2015-07-16 20:26:43.11	40331	10501	-91	-78	10	20.86	75.75	3.738
2015-07-16 20:36:16.738	40331	10501	-94	-79	10
2015-07-16 20:53:36.894	40331	10501	-91	-78	10	19.72	75.95	3.727
2015-07-16 21:22:55.771	40331	10501	-94	-78	10
2015-07-16 22:34:23.638	40331	10501	-91	-78	10	17.08	76.26	3.727
2015-07-16 23:01:28.367	40331	10501	-91	-78	10
2015-07-16 23:44:22.499	40331	10501	-91	-78	10
2015-07-17 00:35:24.251	40331	10501	-91	-78	10	16.29	75.84	3.716
2015-07-17 01:14:16.002	40331	10501	-91	-78	10	16.78	75.72	3.716
2015-07-17 02:02:31.834	40331	10501	-91	-78	10	16.95	75.52	3.716
2015-07-17 02:27:46.134	40331	10501	-91	-78	10	16.97	75.53	3.716
2015-07-17 02:52:50.294	40331	10501	-91	-78	10	16.83	75.58	3.716
2015-07-17 03:14:01.086	40331	10501	-91	-78	10	16.75	75.64	3.716
2015-07-17 03:51:51.794	40331	10501	-91	-78	10
2015-07-17 03:53:50.478	40331	10501	-94	-78	10	16.42	75.65	3.716
2015-07-17 04:27:16.423	40331	10501	-91	-78	10
2015-07-17 04:28:54.759	40331	10501	-91	-78	10	15.89	75.86	3.716
2015-07-17 04:50:08.602	40331	10501	-91	-78	10	15.65	75.89	3.716
2015-07-17 05:34:56.278	40331	10501	-91	-78	10	15.36	75.88	3.716
2015-07-17 05:55:01.923	40331	10501	-91	-78	10	15.28	75.86	3.716
2015-07-17 06:17:04.166	40331	10501	-91	-78	10
2015-07-17 06:25:08.243	40331	10501	-91	-78	10	15.18	75.84	3.705
2015-07-17 06:48:43.346	40331	10501	-91	-78	10
2015-07-17 06:51:29.026	40331	10501	-91	-78	10	15.56	75.82	3.705
2015-07-17 07:13:31.203	40331	10501	-91	-78	10	16.21	75.55	3.705
2015-07-17 07:54:50.39	40331	10501	-91	-78	10	17.39	75.19	3.716
2015-07-17 08:24:18.462	40331	10501	-91	-78	10	18.83	74.78	3.705
2015-07-17 08:42:16.466	40331	10501	-94	-78	10
2015-07-17 08:59:17.199	40331	10501	-94	-78	10	19.86	74.58	3.716
2015-07-17 09:10:10.63	40331	10501	-91	-78	10
2015-07-17 09:22:12.662	40331	10501	-94	-78	10	20.29	74.67	3.716
2015-07-17 09:51:21.319	40331	10501	-91	-78	10	21.94	74.2	3.716
2015-07-17 11:07:29.055	40331	10501	-91	-77	10
2015-07-17 12:44:48.991	40331	10501	-91	-78	10	27.77	72.99	3.727
2015-07-17 13:20:04.639	40331	10501	-94	-80	10	25.93	74.07	3.727
2015-07-17 13:53:04.362	40331	10501	-94	-78	10
2015-07-17 14:30:03.098	40331	10501	-91	-78	10	27.01	73.69	3.727
2015-07-17 14:59:07.643	40331	10501	-94	-79	10	26.66	73.9	3.727
2015-07-17 16:14:31.994	40331	10501	-94	-78	10
2015-07-17 16:56:33.963	40331	10501	-91	-78	10	27.55	73.68	3.727
2015-07-17 17:26:12.523	40331	10501	-91	-78	10	27.49	73.81	3.727
2015-07-17 17:55:27.415	40331	10501	-91	-78	10	27.41	73.96	3.727
2015-07-17 18:23:06.071	40331	10501	-91	-77	10
2015-07-17 18:35:59.071	40331	10501	-91	-78	10
2015-07-17 19:57:48.183	40331	10501	-91	-78	10	25.91	74.76	3.738
2015-07-17 20:48:16.971	40331	10501	-91	-78	10
2015-07-17 22:45:37.351	40331	10501	-91	-78	10	24.36	74.65	3.727
2015-07-17 23:18:51.574	40331	10501	-91	-78	10
2015-07-18 00:16:28.53	40331	10501	-91	-78	10	24.29	74.58	3.727
2015-07-18 01:33:28.019	40331	10501	-91	-78	10	24.11	74.6	3.727
2015-07-18 02:03:12.259	40331	10501	-91	-78	10	24.22	74.43	3.716
2015-07-18 02:54:49.463	40331	10501	-91	-78	10	24.02	74.61	3.716
2015-07-18 04:01:45.638	40331	10501	-91	-78	10
2015-07-18 04:26:53.659	40331	10501	-91	-78	10	23.5	74.81	3.716
2015-07-18 06:22:48.431	40331	10501	-94	-78	10	22.47	75.02	3.716
2015-07-18 06:29:03.959	40331	10501	-94	-78	10
2015-07-18 07:18:11.15	40331	10501	-91	-78	10	23.68	74.32	3.716
2015-07-18 08:44:40.919	40331	10501	-91	-80	10
2015-07-18 09:59:25.651	40331	10501	-94	-78	10	26.96	73.54	3.716
2015-07-18 10:35:32.574	40331	10501	-94	-78	10	28.66	73.72	3.716
2015-07-18 11:01:43.215	40331	10501	-94	-79	10	29.18	73.48	3.727
2015-07-18 11:06:06.678	40331	10501	-94	-80	10
2015-07-18 11:19:28.467	40331	10501	-94	-83	10
2015-07-18 11:24:19.699	40331	10501	-94	-80	10	28.86	73.34	3.727
2015-07-18 12:22:28.171	40331	10501	-94	-79	10	29.22	73.3	3.727
2015-07-18 13:02:19.547	40331	10501	-94	-81	10	29.44	73.28	3.727
2015-07-18 13:22:57.315	40331	10501	-94	-78	10	29.82	73.07	3.727
2015-07-18 13:27:52.419	40331	10501	-94	-82	10
2015-07-18 13:44:40.406	40331	10501	-94	-83	10
2015-07-18 14:00:19.354	40331	10501	-91	-82	10	30.07	73.17	3.727
2015-07-18 14:17:39.754	40331	10501	-94	-81	10	30.58	72.84	3.727
2015-07-18 14:55:08.15	40331	10501	-94	-80	10	30.58	72.84	3.727
2015-07-18 15:30:01.203	40331	10501	-94	-79	10	30.4	73.29	3.727
2015-07-18 16:09:52.599	40331	10501	-94	-84	10
2015-07-18 16:21:21.318	40331	10501	-94	-81	10	30.55	73.06	3.727
2015-07-18 17:45:01.47	40331	10501	-91	-80	10	30.79	72.82	3.727
2015-07-18 18:10:28.002	40331	10501	-94	-81	10
2015-07-18 18:35:04.21	40331	10501	-94	-80	10
2015-07-18 18:51:32.715	40331	10501	-94	-80	10	29.47	73.37	3.727
2015-07-18 19:35:40.943	40331	10501	-94	-79	10	28.08	74.01	3.727
2015-07-18 19:53:01.643	40331	10501	-91	-79	10	27.3	74.39	3.716
2015-07-18 20:21:49.403	40331	10501	-94	-79	10	26.24	74.71	3.727
2015-07-18 20:31:54.534	40331	10501	-91	-78	10
2015-07-18 20:59:52.714	40331	10501	-91	-78	10	25.05	74.98	3.716
2015-07-18 21:00:18.054	40331	10501	-91	-78	10
2015-07-18 21:33:28.93	40331	10501	-91	-78	10	24.38	75.04	3.716
2015-07-18 22:00:45.315	40331	10501	-94	-78	10	24.08	74.95	3.716
2015-07-18 22:20:05.267	40331	10501	-91	-78	10	23.78	74.95	3.716
2015-07-18 22:53:21.567	40331	10501	-91	-78	10
2015-07-18 23:24:36.615	40331	10501	-94	-78	10	23.63	74.75	3.705
2015-07-18 23:58:38.39	40331	10501	-91	-78	10	23.78	74.54	3.705
2015-07-19 01:05:56.298	40331	10501	-94	-78	10	23.38	74.68	3.705
2015-07-19 01:14:55.827	40331	10501	-94	-79	10
2015-07-19 01:15:00.335	40331	10501	-94	-79	10
2015-07-19 01:50:39.539	40331	10501	-91	-78	10
2015-07-19 02:18:46.159	40331	10501	-94	-78	10	23.22	74.57	3.705
2015-07-19 03:34:33.75	40331	10501	-91	-78	10	23.02	74.61	3.705
2015-07-19 03:36:15.487	40331	10501	-94	-78	10
2015-07-19 04:55:18.975	40331	10501	-94	-78	10	22.78	74.61	3.705
2015-07-19 05:28:22.85	40331	10501	-91	-78	10	22.76	74.61	3.694
2015-07-19 05:53:33.295	40331	10501	-94	-78	10	22.64	74.56	3.705
2015-07-19 05:57:41.779	40331	10501	-91	-78	10
2015-07-19 06:29:35.995	40331	10501	-91	-79	10	22.33	74.77	3.694
2015-07-19 06:41:04.194	40331	10501	-91	-78	10
2015-07-19 07:01:11.33	40331	10501	-94	-78	10	22.76	74.53	3.694
2015-07-19 07:16:37.278	40331	10501	-91	-79	10	22.89	74.36	3.705
2015-07-19 08:19:11.531	40331	10501	-94	-84	10
2015-07-19 09:06:16.166	40331	10501	-94	-81	10
2015-07-19 09:51:48.531	40331	10501	-94	-80	10	26.83	73.1	3.705
2015-07-19 10:24:43.166	40331	10501	-94	-79	10	26.99	73.35	3.705
2015-07-19 11:05:01.242	40331	10501	-94	-79	10	28.68	73.02	3.705
2015-07-19 11:31:27.922	40331	10501	-91	-80	10
2015-07-19 12:03:21.974	40331	10501	-94	-80	10	29.46	72.77	3.716
2015-07-19 12:19:59.01	40331	10501	-94	-80	10	29.63	72.72	3.705
2015-07-19 13:02:02.698	40331	10501	-94	-80	10
2015-07-19 13:35:43.222	40331	10501	-94	-80	10	30.63	72.48	3.716
2015-07-19 13:56:41.239	40331	10501	-94	-80	10
2015-07-19 14:02:28.399	40331	10501	-94	-82	10	30.58	72.78	3.716
2015-07-19 14:34:13.183	40331	10501	-91	-80	10	30.63	72.74	3.716
2015-07-19 14:47:14.082	40331	10501	-94	-83	10	30.58	72.92	3.716
2015-07-19 15:23:32.335	40331	10501	-94	-81	10
2015-07-19 15:35:46.771	40331	10501	-94	-85	10	31.11	72.59	3.716
2015-07-19 15:54:09.024	40331	10501	-94	-80	10	30.94	72.62	3.716
2015-07-19 16:22:05.062	40331	10501	-94	-82	10
2015-07-19 17:32:00.799	40331	10501	-94	-82	10	29.68	73.38	3.716
2015-07-19 18:47:03.842	40331	10501	-94	-84	10
2015-07-19 19:30:47.562	40331	10501	-94	-82	10	28.36	73.56	3.694
2015-07-19 20:06:23.967	40331	10501	-94	-78	10
2015-07-19 20:52:55.326	40331	10501	-94	-80	10	25.24	74.8	3.705
2015-07-19 21:12:16.842	40331	10501	-94	-79	10
2015-07-19 21:19:58.638	40331	10501	-94	-79	10	25.47	74.34	3.705
2015-07-19 21:54:56.886	40331	10501	-94	-78	10	25.16	74.14	3.705
2015-07-19 22:18:05.166	40331	10501	-94	-79	10	24.9	74.34	3.705
2015-07-19 22:27:51.171	40331	10501	-91	-79	10
2015-07-19 22:58:55.755	40331	10501	-91	-79	10	24.47	74.34	3.694
2015-07-19 23:24:15.735	40331	10501	-94	-79	10	24.13	74.38	3.694
2015-07-19 23:37:28.168	40331	10501	-91	-79	10
2015-07-19 23:59:09.179	40331	10501	-91	-78	10	23.77	74.4	3.694
2015-07-20 00:49:10.891	40331	10501	-91	-80	10	23.34	74.45	3.694
2015-07-20 01:15:47.711	40331	10501	-91	-78	10	23.2	74.48	3.694
2015-07-20 02:24:04.695	40331	10501	-91	-78	10	22.84	74.38	3.694
2015-07-20 02:47:37.635	40331	10501	-91	-78	10	22.59	74.41	3.694
2015-07-20 03:10:44.803	40331	10501	-91	-78	10
2015-07-20 03:25:14.854	40331	10501	-94	-78	10	22.33	74.42	3.694
2015-07-20 03:49:28.399	40331	10501	-94	-78	10	22.22	74.48	3.683
2015-07-20 04:24:05.577	40331	10501	-91	-78	10	22.14	74.41	3.683
2015-07-20 04:27:52.635	40331	10501	-91	-78	10
2015-07-20 04:44:37.794	40331	10501	-91	-78	10	22.04	74.41	3.683
2015-07-20 05:32:11.123	40331	10501	-91	-78	10	21.44	74.57	3.683
2015-07-20 05:32:12.815	40331	10501	-91	-78	10
2015-07-20 05:58:16.095	40331	10501	-88	-78	10	21.06	74.79	3.683
2015-07-20 06:21:04.947	40331	10501	-91	-78	10	21.22	74.61	3.683
2015-07-20 07:00:43.631	40331	10501	-94	-78	10	21.49	74.42	3.683
2015-07-20 07:33:57.358	40331	10501	-91	-79	10	21.82	74.26	3.683
2015-07-20 07:48:15.571	40331	10501	-91	-77	10	22.06	74.2	3.683
2015-07-20 07:53:39.843	40331	10501	-91	-77	10
2015-07-20 08:55:26.115	40331	10501	-91	-78	10	23.28	73.81	3.683
2015-07-20 09:26:56.043	40331	10501	-91	-79	10	23.5	73.88	3.683
2015-07-20 10:15:20.654	40331	10501	-94	-79	10
2015-07-20 10:18:00.756	40331	10501	-94	-82	10	25.43	73.56	3.683
2015-07-20 10:59:31.698	40331	10501	-94	-86	10	26.52	73.32	3.683
2015-07-20 11:33:34.834	40331	10501	-94	-82	10	26.88	73.08	3.683
2015-07-20 11:45:21.822	40331	10501	-94	-81	10	26.91	72.91	3.683
2015-07-20 12:28:59.186	40331	10501	-97	-80	10	27.27	72.95	3.683
2015-07-20 12:36:33.735	40331	10501	-94	-80	10
2015-07-20 12:54:25.322	40331	10501	-94	-82	10	27.85	72.64	3.694
2015-07-20 13:35:01.574	40331	10501	-94	-82	10	28.3	72.64	3.683
2015-07-20 13:47:32.967	40331	10501	-94	-82	10	28.58	72.49	3.694
2015-07-20 14:08:40.199	40331	10501	-94	-83	10
2015-07-20 14:58:03.114	40331	10501	-94	-82	10
2015-07-20 15:17:44.059	40331	10501	-94	-83	10	29.35	72.44	3.694
2015-07-20 16:25:39.075	40331	10501	-94	-85	10	29.41	72.39	3.694
2015-07-20 16:33:52.03	40331	10501	-94	-82	10
2015-07-20 16:44:52.954	40331	10501	-94	-87	10	29.27	72.39	3.683
2015-07-20 16:45:00.263	40331	10501	-94	-87	10	29.27	72.39	3.683
2015-07-20 17:55:39.478	40331	10501	-94	-82	10	29.26	72.45	3.683
2015-07-20 18:21:55.97	40331	10501	-94	-84	10	28.63	72.76	3.683
2015-07-20 18:59:03.138	40331	10501	-94	-84	10
2015-07-20 19:00:38.186	40331	10501	-94	-83	10	28.16	72.73	3.683
2015-07-20 19:34:01.45	40331	10501	-94	-84	10	27.22	73.14	3.683
2015-07-20 19:40:55.878	40331	10501	-94	-83	10
2015-07-20 19:47:22.178	40331	10501	-94	-82	10	26.47	73.59	3.683
2015-07-20 20:16:01.563	40331	10501	-94	-82	10	25.65	73.88	3.683
2015-07-20 21:24:15.431	40331	10501	-94	-82	10
2015-07-20 21:35:21.299	40331	10501	-94	-82	10	23.11	74.49	3.683
2015-07-20 21:56:17.419	40331	10501	-94	-82	10	22.82	74.46	3.672
2015-07-20 22:02:29.223	40331	10501	-94	-82	10
2015-07-20 22:32:32.702	40331	10501	-94	-81	10	22.65	74.34	3.672
2015-07-20 22:46:29.522	40331	10501	-94	-82	10	22.61	74.2	3.672
2015-07-20 23:16:45.327	40331	10501	-94	-81	10	22.49	74.23	3.672
2015-07-20 23:49:18.654	40331	10501	-94	-81	10	22.47	74.12	3.672
2015-07-20 23:49:28.15	40331	10501	-94	-81	10
2015-07-21 00:21:17.555	40331	10501	-94	-81	10	22.57	73.94	3.672
2015-07-21 00:23:48.278	40331	10501	-94	-80	10
2015-07-21 00:58:19.615	40331	10501	-94	-82	10	22.65	73.91	3.672
2015-07-21 01:22:01.607	40331	10501	-94	-82	10	22.64	73.88	3.672
2015-07-21 01:59:39.379	40331	10501	-91	-82	10	22.61	73.84	3.661
2015-07-21 02:14:41.646	40331	10501	-94	-78	10
2015-07-21 02:21:13.61	40331	10501	-94	-82	10	21.47	74.22	3.661
2015-07-21 02:45:14.486	40331	10501	-94	-83	10
2015-07-21 03:05:39.599	40331	10501	-94	-84	10	21.22	74.34	3.661
2015-07-21 03:29:22.139	40331	10501	-94	-84	10	21.1	74.28	3.694
2015-07-21 04:31:32.67	40331	10501	-94	-84	10	21.46	74.08	3.661
2015-07-21 04:39:52.138	40331	10501	-94	-84	10
2015-07-21 04:44:35.646	40331	10501	-94	-83	10	21.47	74.06	3.661
2015-07-21 05:06:41.755	40331	10501	-94	-83	10
2015-07-21 05:32:50.398	40331	10501	-94	-82	10	21.4	74.07	3.661
2015-07-21 05:48:13.87	40331	10501	-94	-82	10	21.29	74.11	3.661
2015-07-21 06:28:08.502	40331	10501	-94	-83	10	21.04	74.19	3.661
2015-07-21 07:01:33.595	40331	10501	-94	-83	10	21.03	74.13	3.651
2015-07-21 07:05:03.819	40331	10501	-94	-83	10
2015-07-21 07:28:09.118	40331	10501	-94	-83	10
2015-07-21 07:33:28.214	40331	10501	-94	-83	10	21.25	74.12	3.661
2015-07-21 07:57:46.594	40331	10501	-94	-81	10	21.56	74.08	3.651
2015-07-21 08:26:26.35	40331	10501	-94	-82	10	22.11	73.75	3.661
2015-07-21 08:46:30.35	40331	10501	-94	-80	10	22.36	73.74	3.661
2015-07-21 09:29:01.567	40331	10501	-94	-80	10	23.15	73.59	3.651
2015-07-21 09:30:16.098	40331	10501	-94	-80	10
2015-07-21 09:49:41.97	40331	10501	-94	-79	10
2015-07-21 09:59:20.843	40331	10501	-94	-78	10	23.94	73.55	3.661
2015-07-21 10:14:21.154	40331	10501	-94	-78	10	24.8	73.44	3.661
2015-07-21 10:47:04.318	40331	10501	-94	-80	10	25.88	72.69	3.661
2015-07-21 11:55:29.135	40331	10501	-94	-80	10
2015-07-21 12:11:02.107	40331	10501	-94	-80	10
2015-07-21 13:03:01.078	40331	10501	-94	-81	10	27.22	72.8	3.661
2015-07-21 13:19:51.627	40331	10501	-94	-82	10	27.52	72.75	3.661
2015-07-21 14:05:33.459	40331	10501	-91	-83	10	25.58	73.11	3.661
2015-07-21 14:20:50.598	40331	10501	-91	-79	10
2015-07-21 14:31:41.834	40331	10501	-91	-78	10	24.06	75.0	3.661
2015-07-21 14:32:28.834	40331	10501	-91	-80	10
2015-07-21 14:57:42.558	40331	10501	-91	-78	10	23.11	74.41	3.661
2015-07-21 15:30:04.906	40331	10501	-91	-78	10	21.96	74.81	3.661
2015-07-21 15:49:35.842	40331	10501	-91	-78	10	21.86	74.73	3.651
2015-07-21 16:33:33.803	40331	10501	-91	-82	10	24.13	73.2	3.651
2015-07-21 16:45:51.367	40331	10501	-94	-88	10
2015-07-21 16:51:24.695	40331	10501	-91	-80	10	25.26	72.66	3.651
2015-07-21 16:54:15.927	40331	10501	-94	-81	10
2015-07-21 17:24:05.078	40331	10501	-91	-77	10	25.1	73.21	3.651
2015-07-21 17:59:54.062	40331	10501	-94	-78	10	24.36	73.85	3.651
2015-07-21 18:45:30.31	40331	10501	-94	-80	10	25.04	73.01	3.651
2015-07-21 19:11:02.783	40331	10501	-94	-80	10
2015-07-21 19:15:23.206	40331	10501	-94	-78	10
2015-07-21 19:33:50.418	40331	10501	-91	-78	10	24.52	72.97	3.651
2015-07-21 20:04:39.459	40331	10501	-91	-81	10	22.69	74.08	3.651
2015-07-21 20:59:37.427	40331	10501	-91	-78	10	20.35	74.79	3.64
2015-07-21 21:15:41.31	40331	10501	-94	-78	10	19.86	74.9	3.64
2015-07-21 21:36:18.206	40331	10501	-94	-78	10
2015-07-21 21:36:51.999	40331	10501	-91	-77	10
2015-07-21 21:49:53.874	40331	10501	-91	-78	10	18.68	75.02	3.64
2015-07-21 22:19:01.531	40331	10501	-91	-77	10	17.88	75.12	3.64
2015-07-21 22:54:56.544	40331	10501	-91	-78	10	17.17	75.09	3.63
2015-07-21 23:33:46.523	40331	10501	-94	-78	10	16.43	75.07	3.63
2015-07-21 23:45:14.983	40331	10501	-91	-78	10	16.2	75.16	3.63
2015-07-21 23:58:17.523	40331	10501	-91	-78	10
2015-07-22 00:01:26.326	40331	10501	-91	-78	10
2015-07-22 00:14:46.83	40331	10501	-91	-77	10	15.75	75.17	3.63
2015-07-22 00:59:58.071	40331	10501	-91	-78	10	15.22	75.12	3.619
2015-07-22 01:21:27.451	40331	10501	-91	-78	10	15.0	75.1	3.619
2015-07-22 01:47:36.303	40331	10501	-91	-77	10	15.0	75.05	3.619
2015-07-22 02:14:01.619	40331	10501	-91	-77	10	14.74	75.05	3.619
2015-07-22 02:19:44.358	40331	10501	-91	-77	10
2015-07-22 02:26:39.396	40331	10501	-91	-78	10
2015-07-22 02:58:20.426	40331	10501	-91	-77	10	14.46	74.96	3.619
2015-07-22 03:31:55.023	40331	10501	-91	-78	10	14.24	75.02	3.619
2015-07-22 04:05:23.922	40331	10501	-94	-77	10	14.14	74.95	3.609
2015-07-22 04:13:44.471	40331	10501	-88	-77	10	14.1	74.97	3.609
2015-07-22 04:41:11.354	40331	10501	-88	-77	10
2015-07-22 04:43:54.959	40331	10501	-91	-77	10	14.0	74.98	3.609
2015-07-22 04:51:50.699	40331	10501	-91	-77	10
2015-07-22 05:29:27.25	40331	10501	-91	-78	10	14.02	74.82	3.609
2015-07-22 05:50:04.575	40331	10501	-94	-78	10	14.0	74.87	3.609
2015-07-22 06:31:01.995	40331	10501	-91	-78	10	13.85	74.87	3.598
2015-07-22 06:51:59.411	40331	10501	-91	-77	10	13.92	74.88	3.609
2015-07-22 07:02:37.666	40331	10501	-91	-77	10
2015-07-22 07:17:03.086	40331	10501	-91	-77	10
2015-07-22 07:33:51.991	40331	10501	-91	-77	10	14.6	74.65	3.609
2015-07-22 08:04:25.218	40331	10501	-88	-78	10	15.74	74.27	3.609
2015-07-22 08:17:01.907	40331	10501	-88	-78	10	16.36	74.02	3.609
2015-07-22 09:24:05.091	40331	10501	-91	-78	10
2015-07-22 09:28:58.482	40331	10501	-91	-78	10	19.17	73.39	3.609
2015-07-22 09:42:15.474	40331	10501	-91	-78	10
2015-07-22 09:57:08.771	40331	10501	-94	-77	10	20.24	73.22	3.609
2015-07-22 10:34:17.159	40331	10501	-91	-81	10	21.83	73.36	3.609
2015-07-22 11:04:35.035	40331	10501	-91	-80	10	22.74	73.21	3.619
2015-07-22 11:45:37.471	40331	10501	-94	-78	10
2015-07-22 11:56:26.134	40331	10501	-94	-79	10	23.0	72.98	3.619
2015-07-22 13:04:50.711	40331	10501	-91	-82	10	23.69	73.03	3.619
2015-07-22 13:17:53.187	40331	10501	-94	-78	10	23.11	73.22	3.619
2015-07-22 13:46:13.431	40331	10501	-94	-78	10	23.32	73.15	3.619
2015-07-22 14:06:59.315	40331	10501	-94	-81	10
2015-07-22 14:16:57.01	40331	10501	-91	-81	10	24.28	72.5	3.619
2015-07-22 14:32:39.067	40331	10501	-94	-80	10
2015-07-22 14:56:59.435	40331	10501	-97	-80	10	24.11	72.53	3.619
2015-07-22 15:19:04.294	40331	10501	-91	-80	10	24.51	72.85	3.619
2015-07-22 16:05:47.378	40331	10501	-94	-80	10	23.65	73.13	3.619
2015-07-22 16:19:35.663	40331	10501	-94	-80	10	23.54	73.45	3.619
2015-07-22 16:28:30.075	40331	10501	-94	-80	10
2015-07-22 16:57:50.999	40331	10501	-91	-80	10
2015-07-22 17:32:36.487	40331	10501	-94	-80	10	24.55	72.55	3.609
2015-07-22 18:24:59.939	40331	10501	-94	-80	10	23.82	72.92	3.619
2015-07-22 18:53:46.087	40331	10501	-94	-80	10	22.9	73.32	3.619
2015-07-22 19:23:03.566	40331	10501	-94	-79	10
2015-07-22 19:29:44.327	40331	10501	-91	-79	10	22.22	73.44	3.609
2015-07-22 20:17:00.651	40331	10501	-94	-79	10	20.43	74.24	3.609
2015-07-22 20:48:06.139	40331	10501	-91	-78	10	19.5	74.27	3.598
2015-07-22 21:11:19.863	40331	10501	-91	-78	10
2015-07-22 21:17:50.962	40331	10501	-91	-78	10	18.72	74.46	3.598
2015-07-22 21:45:16.23	40331	10501	-91	-78	10	18.15	74.49	3.598
2015-07-22 21:48:14.319	40331	10501	-91	-78	10
2015-07-22 22:22:33.778	40331	10501	-91	-78	10	17.49	74.54	3.598
2015-07-22 22:44:56.059	40331	10501	-91	-78	10	17.18	74.51	3.588
2015-07-22 23:23:30.571	40331	10501	-91	-78	10	16.64	74.56	3.588
2015-07-22 23:32:49.591	40331	10501	-91	-78	10
2015-07-23 00:03:41.531	40331	10501	-91	-77	10	16.14	74.56	3.588
2015-07-23 00:13:26.447	40331	10501	-91	-78	10
2015-07-23 00:15:38.238	40331	10501	-88	-78	10	16.03	74.57	3.588
2015-07-23 00:57:48.107	40331	10501	-91	-77	10	15.79	74.52	3.588
2015-07-23 01:22:30.494	40331	10501	-91	-78	10	15.75	74.46	3.588
2015-07-23 01:47:01.566	40331	10501	-88	-76	10	15.7	74.42	3.578
2015-07-23 01:54:13.175	40331	10501	-91	-76	10
2015-07-23 02:32:48.699	40331	10501	-91	-76	10	15.79	74.28	3.578
2015-07-23 02:38:38.862	40331	10501	-91	-76	10
2015-07-23 02:43:59.55	40331	10501	-91	-77	10	15.86	74.24	3.578
2015-07-23 03:33:25.562	40331	10501	-91	-76	10	15.43	74.32	3.578
2015-07-23 04:00:08.266	40331	10501	-88	-76	10	15.0	74.5	3.567
2015-07-23 04:13:59.894	40331	10501	-91	-76	10	14.82	74.59	3.567
2015-07-23 04:15:40.403	40331	10501	-88	-76	10
2015-07-23 04:46:22.326	40331	10501	-91	-76	10	14.54	74.64	3.567
2015-07-23 05:03:50.727	40331	10501	-91	-76	10
2015-07-23 05:19:50.646	40331	10501	-91	-76	10	14.56	74.46	3.567
2015-07-23 06:02:33.503	40331	10501	-88	-76	10	14.56	74.43	3.567
2015-07-23 06:14:02.806	40331	10501	-91	-76	10	14.58	74.36	3.567
2015-07-23 06:37:08.279	40331	10501	-88	-76	10
2015-07-23 06:52:46.115	40331	10501	-88	-76	10	15.0	74.36	3.567
2015-07-23 07:29:02.475	40331	10501	-88	-76	10
2015-07-23 07:30:41.41	40331	10501	-91	-77	10	15.39	74.05	3.557
2015-07-23 07:55:21.278	40331	10501	-91	-76	10	15.89	74.04	3.567
2015-07-23 08:29:18.403	40331	10501	-91	-77	10	17.53	73.34	3.557
2015-07-23 08:52:03.855	40331	10501	-91	-77	10	18.35	73.23	3.557
2015-07-23 08:58:34.206	40331	10501	-91	-77	10
2015-07-23 09:27:40.611	40331	10501	-91	-78	10	19.64	72.94	3.557
2015-07-23 09:49:59.282	40331	10501	-94	-78	10	20.39	72.84	3.567
2015-07-23 09:54:14.418	40331	10501	-91	-78	10
2015-07-23 10:15:49.654	40331	10501	-91	-78	10	22.06	72.61	3.567
2015-07-23 10:51:21.222	40331	10501	-94	-79	10	23.42	72.7	3.567
2015-07-23 11:18:42.043	40331	10501	-94	-79	10	23.9	72.35	3.567
2015-07-23 11:20:02.086	40331	10501	-94	-80	10
2015-07-23 11:55:20.898	40331	10501	-94	-81	10	23.2	72.85	3.578
2015-07-23 12:19:26.275	40331	10501	-94	-82	10
2015-07-23 12:29:20.939	40331	10501	-94	-81	10	24.22	72.35	3.578
2015-07-23 12:59:32.687	40331	10501	-94	-83	10	24.77	72.26	3.578
2015-07-23 13:41:28.383	40331	10501	-94	-81	10
2015-07-23 13:45:41.935	40331	10501	-94	-82	10	25.6	72.05	3.578
2015-07-23 14:26:57.091	40331	10501	-94	-81	10	25.93	72.28	3.578
2015-07-23 14:44:38.419	40331	10501	-94	-80	10
2015-07-23 14:54:08.391	40331	10501	-94	-82	10	26.76	71.73	3.578
2015-07-23 15:34:58.119	40331	10501	-94	-80	10	26.46	72.18	3.578
2015-07-23 16:02:57.039	40331	10501	-91	-81	10
2015-07-23 16:04:00.794	40331	10501	-94	-79	10	26.74	71.98	3.578
2015-07-23 16:31:32.403	40331	10501	-94	-80	10	26.72	72.01	3.578
2015-07-23 17:09:52.55	40331	10501	-91	-82	10
2015-07-23 17:14:58.402	40331	10501	-94	-79	10	26.83	71.97	3.578
2015-07-23 17:51:55.018	40331	10501	-94	-80	10	26.82	71.71	3.578
2015-07-23 18:19:37.87	40331	10501	-94	-80	10	26.11	72.17	3.567
2015-07-23 18:24:22.915	40331	10501	-94	-80	10
2015-07-23 18:50:30.455	40331	10501	-94	-81	10	25.74	71.99	3.578
2015-07-23 19:23:17.095	40331	10501	-94	-80	10	25.05	72.29	3.609
2015-07-23 19:35:03.307	40331	10501	-94	-80	10
2015-07-23 20:04:32.602	40331	10501	-94	-80	10	22.79	73.52	3.567
2015-07-23 20:14:39.979	40331	10501	-91	-79	10	22.24	73.77	3.567
2015-07-23 20:45:50.382	40331	10501	-91	-79	10
2015-07-23 20:49:54.303	40331	10501	-91	-79	10	20.78	74.19	3.557
2015-07-23 21:26:28.167	40331	10501	-91	-79	10	19.65	74.27	3.557
2015-07-23 21:58:56.347	40331	10501	-91	-78	10	18.79	74.32	3.547
2015-07-23 22:00:14.959	40331	10501	-91	-78	10
2015-07-23 22:26:23.006	40331	10501	-94	-78	10	18.28	74.3	3.547
2015-07-23 22:50:58.899	40331	10501	-94	-78	10	17.83	74.29	3.547
2015-07-23 23:07:17.926	40331	10501	-91	-78	10
2015-07-23 23:25:27.898	40331	10501	-91	-78	10	17.13	74.39	3.537
2015-07-23 23:53:50.455	40331	10501	-91	-78	10	16.64	74.42	3.537
2015-07-24 00:23:17.931	40331	10501	-91	-78	10	16.18	74.39	3.537
2015-07-24 00:25:26.93	40331	10501	-91	-78	10
2015-07-24 00:47:42.562	40331	10501	-91	-78	10	15.89	74.44	3.527
2015-07-24 01:28:43.735	40331	10501	-91	-78	10
2015-07-24 01:29:07.514	40331	10501	-91	-78	10	15.15	74.42	3.527
2015-07-24 02:02:56.43	40331	10501	-88	-76	10	14.63	74.55	3.527
2015-07-24 02:23:57.142	40331	10501	-88	-77	10	14.42	74.54	3.527
2015-07-24 02:50:38.655	40331	10501	-91	-77	10
2015-07-24 02:55:55.187	40331	10501	-88	-77	10	14.06	74.52	3.517
2015-07-24 03:21:36.726	40331	10501	-91	-77	10	13.86	74.5	3.517
2015-07-24 03:50:10.763	40331	10501	-91	-76	10
2015-07-24 04:00:58.695	40331	10501	-91	-76	10	13.53	74.46	3.517
2015-07-24 04:29:27.482	40331	10501	-88	-76	10	13.43	74.44	3.507
2015-07-24 04:45:24.926	40331	10501	-91	-77	10	13.43	74.42	3.507
2015-07-24 05:15:50.526	40331	10501	-91	-76	10
2015-07-24 05:16:54.262	40331	10501	-91	-76	10	13.33	74.29	3.507
2015-07-24 06:01:28.159	40331	10501	-91	-76	10	13.11	74.33	3.498
2015-07-24 06:11:37.743	40331	10501	-91	-76	10
2015-07-24 06:15:54.934	40331	10501	-91	-76	10	13.06	74.37	3.498
2015-07-24 07:06:02.223	40331	10501	-88	-77	10	13.39	74.22	3.498
2015-07-24 07:32:24.014	40331	10501	-91	-77	10	14.11	73.9	3.498
2015-07-24 07:41:02.874	40331	10501	-91	-77	10
2015-07-24 07:44:04.49	40331	10501	-91	-77	10	14.39	73.79	3.498
2015-07-24 08:32:10.026	40331	10501	-91	-77	10	16.46	73.16	3.488
2015-07-24 08:33:03.906	40331	10501	-88	-77	10
2015-07-24 09:00:10.447	40331	10501	-94	-78	10	17.96	72.78	3.498
2015-07-24 09:13:46.087	40331	10501	-91	-78	10	18.52	72.64	3.498
2015-07-24 10:04:12.255	40331	10501	-91	-78	10	21.53	71.98	3.498
2015-07-24 10:06:14.319	40331	10501	-91	-78	10
2015-07-24 10:30:55.695	40331	10501	-94	-79	10	23.02	71.87	3.507
2015-07-24 10:49:04.787	40331	10501	-91	-80	10	24.1	72.19	3.507
2015-07-24 10:54:31.394	40331	10501	-94	-80	10
2015-07-24 11:43:53.851	40331	10501	-94	-82	10	24.94	71.7	3.517
2015-07-24 12:21:16.947	40331	10501	-94	-82	10	25.74	71.54	3.517
2015-07-24 12:31:26.331	40331	10501	-91	-81	10
2015-07-24 13:35:26.462	40331	10501	-94	-80	10	27.04	71.33	3.507
2015-07-24 14:03:58.987	40331	10501	-94	-83	10	27.1	71.31	3.517
2015-07-24 14:35:00.014	40331	10501	-94	-81	10	27.69	71.25	3.517
2015-07-24 14:56:15.143	40331	10501	-94	-80	10	28.21	70.97	3.517
2015-07-24 14:56:38.191	40331	10501	-94	-80	10
2015-07-24 15:27:31.147	40331	10501	-94	-84	10	28.16	71.11	3.517
2015-07-24 16:05:11.602	40331	10501	-94	-81	10	28.02	71.11	3.517
2015-07-24 17:21:49.911	40331	10501	-94	-79	10
2015-07-24 17:58:53.707	40331	10501	-94	-80	10
2015-07-24 19:19:05.111	40331	10501	-91	-79	10	26.57	71.95	3.507
2015-07-24 20:04:08.679	40331	10501	-91	-79	10	24.35	73.04	3.498
2015-07-24 20:19:38.915	40331	10501	-94	-79	10	23.61	73.29	3.488
2015-07-24 20:20:21.514	40331	10501	-91	-80	10
2015-07-24 20:49:51.442	40331	10501	-91	-78	10	22.4	73.56	3.488
2015-07-24 21:13:50.915	40331	10501	-91	-78	10	21.57	73.69	3.478
2015-07-24 21:46:41.179	40331	10501	-91	-79	10	20.76	73.76	3.478
2015-07-24 22:12:13.954	40331	10501	-91	-78	10
2015-07-24 22:21:01.894	40331	10501	-91	-78	10	20.14	73.72	3.469
2015-07-24 22:41:46.21	40331	10501	-91	-78	10
2015-07-24 23:50:09.222	40331	10501	-91	-78	10	18.88	73.69	3.459
2015-07-25 00:37:26.138	40331	10501	-91	-78	10
2015-07-25 01:03:12.438	40331	10501	-94	-78	10
2015-07-25 02:05:41.102	40331	10501	-91	-78	10	17.64	73.69	3.44
2015-07-25 02:58:35.447	40331	10501	-91	-78	10	17.39	73.53	3.431
2015-07-25 03:18:22.266	40331	10501	-91	-78	10	17.17	73.62	3.421
2015-07-25 03:58:48.639	40331	10501	-91	-78	10	16.57	73.77	3.45
2015-07-25 04:54:41.13	40331	10501	-91	-78	10	15.97	73.81	3.412
2015-07-25 05:32:45.746	40331	10501	-91	-78	10	15.6	73.87	3.412
2015-07-25 05:54:12.554	40331	10501	-91	-77	10	15.43	73.87	3.403
2015-07-25 06:47:48.91	40331	10501	-91	-78	10	15.32	73.76	3.393
2015-07-25 07:46:47.371	40331	10501	-91	-78	10	16.28	73.37	3.384
2015-07-25 08:07:33.674	40331	10501	-91	-78	10
2015-07-25 09:01:43.158	40331	10501	-94	-78	10	19.64	72.2	3.375
2015-07-25 09:45:55.455	40331	10501	-94	-78	10	22.13	71.54	3.384
2015-07-25 10:18:14.647	40331	10501	-91	-79	10
2015-07-25 10:29:02.05	40331	10501	-91	-79	10
2015-07-25 10:56:02.254	40331	10501	-94	-79	10	26.55	71.26	3.393
2015-07-25 12:15:00.002	40331	10501	-94	-81	10	27.41	70.79	3.393
2015-07-25 12:43:26.723	40331	10501	-94	-80	10
2015-07-25 12:50:28.127	40331	10501	-94	-83	10
2015-07-25 12:58:27.722	40331	10501	-94	-81	10	27.91	70.83	3.393
2015-07-25 13:32:09.083	40331	10501	-94	-80	10	28.49	70.42	3.393
2015-07-25 13:49:17.383	40331	10501	-91	-81	10	28.54	70.8	3.384
2015-07-25 14:35:58.702	40331	10501	-94	-80	10	29.72	70.27	3.393
2015-07-25 14:50:46.127	40331	10501	-94	-81	10	30.01	70.03	3.393
2015-07-25 15:08:37.907	40331	10501	-94	-80	10
2015-07-25 15:11:56.21	40331	10501	-94	-80	10
2015-07-25 15:20:34.922	40331	10501	-91	-83	10	29.86	70.58	3.384
2015-07-25 15:44:34.495	40331	10501	-94	-81	10	30.16	70.4	3.384
2015-07-25 16:26:31.862	40331	10501	-94	-80	10	30.41	70.3	3.375
2015-07-25 16:54:03.635	40331	10501	-94	-81	10	30.22	70.53	3.375
2015-07-25 17:15:53.995	40331	10501	-94	-81	10	30.19	70.38	3.375
2015-07-25 17:33:22.286	40331	10501	-91	-79	10
2015-07-25 17:53:27.65	40331	10501	-94	-80	10	30.18	70.38	3.366
2015-07-25 18:21:04.494	40331	10501	-94	-82	10	30.01	70.32	3.357
2015-07-25 19:01:45.706	40331	10501	-94	-81	10	29.68	70.05	3.348
2015-07-25 19:35:44.226	40331	10501	-94	-80	10	28.13	70.95	3.339
2015-07-25 19:54:48.803	40331	10501	-91	-80	10
2015-07-25 19:59:01.474	40331	10501	-94	-79	10
2015-07-25 20:04:04.29	40331	10501	-94	-80	10	25.86	72.47	3.33
2015-07-25 20:16:59.598	40331	10501	-91	-80	10	24.96	72.85	3.33
2015-07-25 20:53:00.578	40331	10501	-94	-79	10	23.57	73.09	3.313
2015-07-25 21:15:40.462	40331	10501	-94	-79	10	22.86	73.15	3.304
2015-07-25 21:45:56.594	40331	10501	-91	-79	10	22.26	73.11	3.295
2015-07-25 22:14:09.766	40331	10501	-91	-78	10	21.67	73.08	3.278
2015-07-25 22:16:15.614	40331	10501	-91	-78	10
2015-07-25 22:24:14.099	40331	10501	-91	-79	10
2015-07-25 22:47:56.626	40331	10501	-91	-79	10	21.33	72.99	3.269
2015-07-25 23:20:47.471	40331	10501	-91	-79	10	21.15	72.85	3.244
2015-07-25 23:56:19.626	40331	10501	-94	-78	10	20.92	72.83	3.244
2015-07-26 00:24:23.99	40331	10501	-91	-78	10	20.46	72.93	3.236
2015-07-26 00:37:43.394	40331	10501	-91	-78	10
2015-07-26 00:49:26.138	40331	10501	-91	-77	10
2015-07-26 00:57:41.482	40331	10501	-91	-78	10	20.56	72.79	3.219
2015-07-26 01:16:36.019	40331	10501	-91	-78	10	20.99	72.54	3.219
2015-07-26 01:52:31.054	40331	10501	-91	-78	10	21.08	72.34	3.202
2015-07-26 02:28:52.754	40331	10501	-91	-78	10	20.57	72.63	3.186
2015-07-26 02:59:09.819	40331	10501	-91	-78	10
2015-07-26 03:05:21.37	40331	10501	-91	-78	10	19.97	72.87	3.17
2015-07-26 03:14:38.583	40331	10501	-94	-78	10
2015-07-26 03:31:39.076	40331	10501	-91	-78	10	19.82	72.81	3.162
2015-07-26 03:51:24.591	40331	10501	-94	-78	10	19.71	72.82	3.146
2015-07-26 04:29:27.976	40331	10501	-91	-78	10	19.56	72.79	3.123
2015-07-26 04:58:01.078	40331	10501	-91	-78	10	19.36	72.8	3.107
2015-07-26 05:14:41.214	40331	10501	-91	-78	10	19.28	72.84	3.084
2015-07-26 05:20:36.598	40331	10501	-91	-78	10
2015-07-26 05:39:49.643	40331	10501	-91	-79	10
2015-07-26 05:49:38.939	40331	10501	-91	-78	10	19.29	72.74	3.061
2015-07-26 06:23:09.291	40331	10501	-91	-79	10	19.29	72.66	3.025
2015-07-26 06:52:57.391	40331	10501	-91	-78	10	19.21	72.77	2.996
2015-07-26 07:32:39.347	40331	10501	-94	-79	10	19.88	72.47	2.939
2015-07-26 07:42:04.091	40331	10501	-91	-79	10
2015-07-26 07:46:56.066	40331	10501	-91	-78	10	20.28	72.27	2.926
2015-07-26 08:05:01.411	40331	10501	-91	-78	10
2015-07-26 08:20:05.158	40331	10501	-91	-79	10	21.08	72.01	2.878
2015-07-26 08:45:36.782	40331	10501	-91	-78	10	22.01	71.71	2.846
2015-07-26 09:18:58.034	40331	10501	-91	-78	10	23.47	71.2	2.795
2015-07-26 10:02:04.315	40331	10501	-94	-78	10	25.3	70.87	2.681
2015-07-26 10:03:31.266	40331	10501	-94	-82	10
2015-07-26 10:30:14.63	40331	10501	-94	-80	10
2015-08-05 13:42:55.69	40331	10501	-94	-79	10	26.08	52.16	3.938
2015-08-05 14:31:38.602	40331	10501	-91	-79	10	25.58	62.81	3.925
2015-08-05 15:48:36.462	40331	10501	-94	-80	10	26.24	64.05	3.913
2015-08-05 16:06:21.803	40331	10501	-94	-80	10
2015-08-05 17:07:08.386	40331	10501	-94	-79	10	25.91	64.89	3.901
2015-08-05 18:03:08.179	40331	10501	-94	-80	10	25.77	64.95	3.889
2015-08-05 19:57:06.423	40331	10501	-94	-79	10	22.14	66.9	3.877
2015-08-05 20:45:30.306	40331	10501	-91	-78	10
2015-08-05 20:54:55.687	40331	10501	-91	-78	10	19.6	67.57	3.877
2015-08-05 20:56:45.307	40331	10501	-91	-78	10
2015-08-05 21:35:42.239	40331	10501	-91	-77	10	18.72	67.61	3.865
2015-08-05 22:02:40.507	40331	10501	-91	-77	10	18.14	67.64	3.865
2015-08-05 22:20:26.878	40331	10501	-91	-77	10	17.82	67.64	3.865
2015-08-05 23:00:27.024	40331	10501	-94	-77	10	17.18	67.76	3.841
2015-08-05 23:06:57.15	40331	10501	-91	-77	10
2015-08-05 23:19:39.067	40331	10501	-91	-77	10	17.02	67.67	3.853
2015-08-05 23:21:56.811	40331	10501	-91	-76	10
2015-08-05 23:52:38.507	40331	10501	-88	-77	10	16.52	67.78	3.853
2015-08-06 00:24:26.704	40331	10501	-88	-77	10	16.25	67.78	3.853
2015-08-06 00:53:18.554	40331	10501	-91	-77	10	16.2	67.66	3.877
2015-08-06 01:28:24.462	40331	10501	-91	-77	10
2015-08-06 01:35:57.351	40331	10501	-91	-76	10	15.92	67.67	3.841
2015-08-06 01:47:09.111	40331	10501	-91	-76	10
2015-08-06 01:48:47.054	40331	10501	-88	-76	10	15.79	67.73	3.841
2015-08-06 02:19:57.939	40331	10501	-91	-76	10	15.54	67.77	3.841
2015-08-06 02:51:17.127	40331	10501	-88	-76	10	15.0	68.03	3.841
2015-08-06 03:32:26.23	40331	10501	-88	-77	10	14.61	67.99	3.841
2015-08-06 03:49:51.079	40331	10501	-91	-76	10
2015-08-06 04:00:14.895	40331	10501	-91	-76	10	14.46	67.96	3.841
2015-08-06 04:12:21.059	40331	10501	-88	-76	10
2015-08-06 04:15:56.182	40331	10501	-91	-76	10	14.29	67.99	3.829
2015-08-06 05:50:59.034	40331	10501	-91	-77	10	14.1	67.92	3.829
2015-08-06 06:27:01.854	40331	10501	-91	-76	10	13.83	68.01	3.829
2015-08-06 06:37:33.439	40331	10501	-94	-76	10
2015-08-06 06:53:19.374	40331	10501	-91	-77	10	13.83	68.01	3.829
2015-08-06 07:35:46.871	40331	10501	-91	-77	10	14.4	67.76	3.829
2015-08-06 08:05:50.646	40331	10501	-88	-77	10	15.21	67.48	3.829
2015-08-06 08:32:45.02	40331	10501	-91	-76	10
2015-08-06 08:33:47.382	40331	10501	-91	-77	10	16.38	67.08	3.829
2015-08-06 08:56:48.306	40331	10501	-91	-77	10	17.29	66.79	3.829
2015-08-06 09:02:45.658	40331	10501	-91	-78	10
2015-08-06 10:17:34.599	40331	10501	-91	-78	10	19.1	66.65	3.829
2015-08-06 10:54:14.159	40331	10501	-88	-78	10
2015-08-06 11:27:56.851	40331	10501	-91	-78	10
2015-08-06 11:28:49.218	40331	10501	-91	-77	10	20.74	66.45	3.829
2015-08-06 15:20:09.73	40331	10501	-94	-78	10	21.19	66.68	3.829
2015-08-06 16:04:18.554	40331	10501	-91	-78	10	21.18	66.62	3.829
2015-08-06 16:18:21.13	40331	10501	-94	-79	10
2015-08-06 16:22:44.902	40331	10501	-94	-78	10	21.1	66.78	3.818
2015-08-06 16:57:27.143	40331	10501	-94	-78	10	21.08	66.71	3.829
2015-08-06 17:19:09.894	40331	10501	-91	-80	10	21.22	66.65	3.829
2015-08-06 17:48:41.366	40331	10501	-91	-78	10	21.7	66.45	3.818
2015-08-06 17:58:34.174	40331	10501	-91	-79	10
2015-08-06 18:32:56.255	40331	10501	-91	-78	10	20.81	66.9	3.818
2015-08-06 18:43:32.478	40331	10501	-91	-78	10
2015-08-06 19:07:58.57	40331	10501	-91	-79	10	21.65	66.12	3.818
2015-08-06 19:17:20.498	40331	10501	-91	-78	10	22.08	65.65	3.829
2015-08-06 19:51:48.718	40331	10501	-91	-78	10	20.69	66.85	3.818
2015-08-06 20:20:00.542	40331	10501	-91	-78	10
2015-08-06 20:22:53.386	40331	10501	-91	-78	10	19.31	67.63	3.818
2015-08-06 20:52:07.642	40331	10501	-94	-78	10	18.22	67.97	3.818
2015-08-06 21:08:45.639	40331	10501	-91	-78	10
2015-08-06 21:23:27.454	40331	10501	-91	-78	10	17.28	68.22	3.818
2015-08-06 21:51:39.186	40331	10501	-88	-78	10	16.74	68.21	3.818
2015-08-06 22:24:41.271	40331	10501	-91	-78	10	16.53	68.08	3.806
2015-08-06 22:41:26.503	40331	10501	-91	-78	10
2015-08-06 23:05:07.307	40331	10501	-91	-78	10	16.47	67.88	3.806
2015-08-06 23:29:15.047	40331	10501	-91	-78	10	16.47	67.82	3.806
2015-08-06 23:33:56.374	40331	10501	-91	-77	10
2015-08-06 23:48:41.91	40331	10501	-91	-77	10	16.43	67.79	3.806
2015-08-07 00:17:56.534	40331	10501	-91	-77	10	16.43	67.76	3.806
2015-08-07 00:51:14.151	40331	10501	-88	-77	10	16.33	67.74	3.806
2015-08-07 01:02:54.231	40331	10501	-91	-77	10
2015-08-07 01:25:36.73	40331	10501	-91	-77	10	16.11	67.84	3.806
2015-08-07 01:49:41.171	40331	10501	-94	-77	10	15.96	67.87	3.806
2015-08-07 01:59:09.643	40331	10501	-91	-78	10
2015-08-07 02:35:56.363	40331	10501	-88	-77	10	15.42	68.02	3.806
2015-08-07 02:52:27.671	40331	10501	-91	-77	10	15.36	68.04	3.795
2015-08-07 03:24:20.471	40331	10501	-91	-76	10
2015-08-07 03:36:34.022	40331	10501	-91	-77	10	15.31	67.92	3.795
2015-08-07 03:58:29.787	40331	10501	-91	-78	10	15.07	67.99	3.795
2015-08-07 04:24:21.123	40331	10501	-91	-78	10
2015-08-07 06:21:29.927	40331	10501	-91	-77	10	14.6	68.1	3.795
2015-08-07 06:49:32.886	40331	10501	-91	-77	10
2015-08-07 07:28:21.639	40331	10501	-91	-76	10	15.0	67.89	3.795
2015-08-07 08:07:15.723	40331	10501	-91	-78	10
2015-08-07 08:07:17.478	40331	10501	-91	-78	10
2015-08-07 09:14:45.059	40331	10501	-91	-78	10
2015-08-07 10:03:06.323	40331	10501	-91	-79	10	20.29	66.38	3.795
2015-08-07 10:20:12.315	40331	10501	-91	-79	10	20.96	66.26	3.795
2015-08-07 10:28:42.107	40331	10501	-91	-79	10
2015-08-07 11:39:57.467	40331	10501	-94	-79	10
2015-08-07 12:30:25.67	40331	10501	-94	-79	10	24.96	65.23	3.806
2015-08-07 12:58:42.976	40331	10501	-94	-80	10	25.19	65.51	3.806
2015-08-07 14:01:26.962	40331	10501	-94	-80	10	24.47	66.17	3.806
2015-08-07 14:32:42.554	40331	10501	-94	-79	10	24.69	66.09	3.806
2015-08-07 15:11:34.975	40331	10501	-94	-78	10
2015-08-07 15:47:53.387	40331	10501	-94	-81	10	25.16	66.09	3.806
2015-08-07 16:30:21.294	40331	10501	-94	-81	10
2015-08-07 16:34:56.702	40331	10501	-94	-80	10	24.39	66.48	3.806
2015-08-07 17:23:08.804	40331	10501	-94	-79	10	23.96	66.64	3.806
2015-08-07 17:48:55.862	40331	10501	-91	-80	10	24.02	66.53	3.806
2015-08-07 18:55:32.122	40331	10501	-94	-80	10
2015-08-07 19:36:19.842	40331	10501	-94	-80	10	23.32	66.76	3.806
2015-08-07 20:04:32.266	40331	10501	-94	-79	10	22.72	66.94	3.795
2015-08-07 20:56:50.61	40331	10501	-94	-79	10	21.15	67.61	3.795
2015-08-07 21:27:13.863	40331	10501	-91	-79	10	20.32	67.84	3.795
2015-08-07 22:15:58.919	40331	10501	-94	-78	10
2015-08-07 22:46:34.774	40331	10501	-91	-79	10	18.86	68.06	3.795
2015-08-07 23:45:56.643	40331	10501	-91	-78	10
2015-08-08 00:21:04.818	40331	10501	-91	-79	10	17.82	68.07	3.783
2015-08-08 00:48:45.091	40331	10501	-94	-79	10	17.6	68.08	3.783
2015-08-08 01:52:15.298	40331	10501	-94	-79	10	17.42	67.99	3.783
2015-08-08 02:16:25.619	40331	10501	-91	-79	10	17.57	67.85	3.783
2015-08-08 02:58:51.07	40331	10501	-94	-79	10
2015-08-08 03:59:48.218	40331	10501	-91	-79	10	17.5	67.84	3.783
2015-08-08 04:36:20.679	40331	10501	-91	-78	10
2015-08-08 05:20:18.698	40331	10501	-91	-79	10
2015-08-08 06:01:53.982	40331	10501	-94	-78	10	17.33	67.92	3.783
2015-08-08 07:01:06.174	40331	10501	-94	-79	10	17.32	67.87	3.772
2015-08-08 07:23:30.07	40331	10501	-91	-79	10	17.39	67.79	3.783
2015-08-08 07:53:17.898	40331	10501	-91	-79	10	17.61	67.75	3.772
2015-08-08 08:50:34.776	40331	10501	-94	-80	10	19.18	67.12	3.772
2015-08-08 09:36:34.855	40331	10501	-91	-80	10	21.4	66.43	3.783
2015-08-08 09:51:19.99	40331	10501	-94	-80	10	22.14	66.35	3.783
2015-08-08 10:03:11.495	40331	10501	-94	-80	10
2015-08-08 10:28:59.878	40331	10501	-94	-80	10	24.06	65.75	3.783
2015-08-08 11:05:36.815	40331	10501	-94	-81	10	25.33	65.59	3.783
2015-08-08 11:51:56.682	40331	10501	-94	-82	10
2015-08-08 12:24:46.756	40331	10501	-94	-81	10
2015-08-08 12:55:18.079	40331	10501	-94	-81	10	26.65	65.25	3.795
2015-08-08 13:33:39.339	40331	10501	-94	-82	10	27.38	65.31	3.795
2015-08-08 13:51:15.982	40331	10501	-94	-80	10	26.93	65.47	3.795
2015-08-08 14:17:09.475	40331	10501	-91	-84	10
2015-08-08 14:35:56.791	40331	10501	-94	-81	10	27.41	65.35	3.795
2015-08-08 14:46:04.686	40331	10501	-94	-82	10
2015-08-08 15:18:18.747	40331	10501	-94	-80	10	25.27	67.18	3.795
2015-08-08 16:32:22.454	40331	10501	-94	-80	10	27.27	65.8	3.783
2015-08-08 16:48:04.25	40331	10501	-91	-82	10	27.04	65.7	3.783
2015-08-08 17:24:04.25	40331	10501	-94	-81	10	26.3	66.6	3.795
2015-08-08 18:27:00.974	40331	10501	-91	-81	10	24.74	67.15	3.783
2015-08-08 19:08:01.934	40331	10501	-94	-80	10	23.76	67.27	3.783
2015-08-08 19:29:00.095	40331	10501	-94	-80	10
2015-08-08 20:18:37.371	40331	10501	-94	-80	10	22.93	67.35	3.783
2015-08-08 21:28:57.803	40331	10501	-91	-80	10	21.76	67.64	3.772
2015-08-08 21:50:26.187	40331	10501	-94	-80	10
2015-08-08 22:37:52.718	40331	10501	-94	-79	10	20.88	67.79	3.772
2015-08-08 22:49:02.47	40331	10501	-94	-80	10	20.67	67.84	3.772
2015-08-08 23:17:17.498	40331	10501	-94	-80	10	20.46	67.86	3.772
2015-08-08 23:57:56.19	40331	10501	-91	-79	10
2015-08-09 00:06:50.778	40331	10501	-94	-79	10	20.35	67.73	3.772
2015-08-09 00:11:52.907	40331	10501	-94	-80	10
2015-08-09 00:30:32.735	40331	10501	-94	-80	10	20.43	67.63	3.772
2015-08-09 01:36:47.099	40331	10501	-94	-79	10	20.25	67.68	3.772
2015-08-09 02:17:45.351	40331	10501	-91	-79	10	20.11	67.69	3.772
2015-08-09 02:33:19.394	40331	10501	-91	-79	10
2015-08-09 03:20:12.27	40331	10501	-94	-79	10	19.97	67.69	3.76
2015-08-09 04:02:02.71	40331	10501	-91	-79	10	19.56	67.84	3.76
2015-08-09 04:16:59.726	40331	10501	-94	-79	10	19.4	67.9	3.76
2015-08-09 04:48:20.218	40331	10501	-94	-79	10
2015-08-09 04:54:47.011	40331	10501	-94	-79	10
2015-08-09 05:05:41.787	40331	10501	-91	-79	10	19.07	68.01	3.76
2015-08-09 05:23:06.106	40331	10501	-91	-79	10	19.0	67.97	3.76
2015-08-09 05:58:55.719	40331	10501	-91	-79	10	18.82	67.99	3.76
2015-08-09 06:55:40.983	40331	10501	-94	-79	10	18.6	68.04	3.76
2015-08-09 07:16:13.514	40331	10501	-94	-79	10
2015-08-09 07:55:53.522	40331	10501	-94	-79	10	19.0	67.77	3.76
2015-08-09 08:15:49.958	40331	10501	-91	-79	10	19.25	67.7	3.76
2015-08-09 09:06:24.502	40331	10501	-94	-79	10	20.92	66.97	3.76
2015-08-09 09:29:43.158	40331	10501	-94	-79	10	22.08	66.69	3.76
2015-08-09 09:37:41.086	40331	10501	-94	-80	10
2015-08-09 09:38:44.802	40331	10501	-94	-80	10
2015-08-09 09:52:57.166	40331	10501	-94	-82	10	23.06	66.31	3.76
2015-08-09 10:24:51.719	40331	10501	-94	-82	10	24.69	66.12	3.772
2015-08-09 11:02:33.751	40331	10501	-94	-80	10	25.72	65.86	3.76
2015-08-09 11:31:51.975	40331	10501	-94	-80	10	26.36	65.82	3.772
2015-08-09 11:59:08.81	40331	10501	-94	-82	10
2015-08-09 12:18:37.87	40331	10501	-94	-83	10	27.27	65.74	3.772
2015-08-09 14:29:09.115	40331	10501	-94	-82	10
2015-08-09 17:05:48.859	40331	10501	-94	-83	10	28.82	65.7	3.772
2015-08-09 18:52:46.251	40331	10501	-94	-83	10	26.88	66.61	3.772
2015-08-09 19:19:32.642	40331	10501	-94	-82	10
2015-08-09 19:54:45.863	40331	10501	-94	-81	10	24.69	67.49	3.772
2015-08-09 20:50:06.046	40331	10501	-94	-80	10	23.08	67.87	3.772
2015-08-09 21:25:36.522	40331	10501	-91	-80	10	22.19	68.03	3.76
2015-08-09 22:00:55.591	40331	10501	-94	-80	10	21.64	68.1	3.76
2015-08-09 23:01:08.823	40331	10501	-91	-80	10	20.88	68.11	3.76
2015-08-09 23:46:22.028	40331	10501	-94	-80	10
2015-08-10 00:09:55.923	40331	10501	-91	-79	10
2015-08-10 00:33:52.239	40331	10501	-91	-79	10	20.69	67.82	3.749
2015-08-10 01:06:52.651	40331	10501	-94	-79	10	20.5	67.84	3.76
2015-08-10 01:35:20.327	40331	10501	-91	-79	10	20.43	67.86	3.749
2015-08-10 02:04:58.059	40331	10501	-91	-79	10	20.18	67.9	3.749
2015-08-10 02:07:49.419	40331	10501	-94	-79	10
2015-08-10 02:30:57.534	40331	10501	-91	-80	10	19.79	68.05	3.749
2015-08-10 02:35:07.634	40331	10501	-94	-79	10
2015-08-10 02:48:30.534	40331	10501	-94	-79	10	19.61	68.11	3.749
2015-08-10 03:25:13.243	40331	10501	-94	-79	10	19.28	68.22	3.749
2015-08-10 03:53:34.274	40331	10501	-94	-79	10	18.97	68.25	3.749
2015-08-10 04:29:19.135	40331	10501	-94	-80	10
2015-08-10 04:36:57.358	40331	10501	-91	-79	10	18.86	68.17	3.749
2015-08-10 04:59:55.963	40331	10501	-94	-80	10	18.77	68.15	3.749
2015-08-10 05:00:26.967	40331	10501	-94	-79	10
2015-08-10 05:17:56.375	40331	10501	-94	-79	10	18.75	68.12	3.749
2015-08-10 07:01:19.602	40331	10501	-94	-79	10	18.46	68.18	3.749
2015-08-10 07:25:37.518	40331	10501	-94	-80	10
2015-08-10 08:23:50.007	40331	10501	-91	-80	10	19.97	67.46	3.749
2015-08-10 09:12:11.019	40331	10501	-94	-80	10
2015-08-10 09:50:44.442	40331	10501	-94	-80	10
2015-08-10 10:18:24.646	40331	10501	-94	-81	10	26.08	65.6	3.749
2015-08-10 11:26:25.642	40331	10501	-94	-85	10	28.36	65.24	3.76
2015-08-10 12:03:20.011	40331	10501	-94	-81	10	27.58	65.94	3.76
2015-08-10 12:16:34.466	40331	10501	-94	-80	10	26.55	66.79	3.76
2015-08-10 13:26:45.678	40331	10501	-94	-80	10	25.82	66.87	3.749
2015-08-10 13:55:04.834	40331	10501	-94	-81	10
2015-08-10 14:41:07.534	40331	10501	-94	-82	10
2015-08-10 16:16:31.994	40331	10501	-94	-83	10
2015-08-10 16:53:17.922	40331	10501	-94	-83	10	26.49	66.26	3.76
2015-08-10 17:53:39.95	40331	10501	-94	-83	10	26.18	66.67	3.76
2015-08-10 18:37:58.962	40331	10501	-94	-83	10
2015-08-10 19:26:37.134	40331	10501	-94	-82	10	25.55	66.91	3.749
2015-08-10 19:53:33.763	40331	10501	-94	-82	10	24.97	67.19	3.76
2015-08-10 20:59:27.51	40331	10501	-94	-84	10
2015-08-10 21:28:22.13	40331	10501	-94	-83	10	24.19	67.23	3.749
2015-08-10 21:56:44.126	40331	10501	-94	-83	10
2015-08-10 22:51:09.058	40331	10501	-94	-82	10	24.03	67.14	3.749
2015-08-10 23:24:37.198	40331	10501	-94	-81	10	23.56	67.46	3.749
2015-08-11 00:17:42.874	40331	10501	-94	-86	10	22.83	67.71	3.749
2015-08-11 01:03:00.258	40331	10501	-94	-84	10	22.28	67.84	3.749
2015-08-11 01:42:19.646	40331	10501	-94	-84	10
2015-08-11 02:21:43.015	40331	10501	-94	-82	10	22.43	67.55	3.738
2015-08-11 03:03:55.218	40331	10501	-94	-86	10	22.04	67.71	3.749
2015-08-11 04:03:46.794	40331	10501	-94	-86	10
2015-08-11 04:36:38.886	40331	10501	-94	-85	10	21.11	68.06	3.738
2015-08-11 05:12:19.699	40331	10501	-94	-85	10
2015-08-11 06:07:17.187	40331	10501	-94	-85	10	21.24	67.86	3.738
2015-08-11 06:32:07.434	40331	10501	-94	-83	10	21.28	67.81	3.738
2015-08-11 07:37:32.39	40331	10501	-94	-83	10
2015-08-11 07:47:32.383	40331	10501	-94	-80	10	21.02	68.02	3.738
2015-08-11 08:46:40.226	40331	10501	-91	-81	10
2015-08-11 09:36:23.935	40331	10501	-94	-82	10	22.11	67.44	3.738
2015-08-11 10:02:43.327	40331	10501	-94	-83	10
2015-08-11 11:05:54.435	40331	10501	-94	-83	10	24.0	67.02	3.738
2015-08-11 11:35:47.483	40331	10501	-94	-87	10	25.02	66.44	3.738
2015-08-11 12:25:44.338	40331	10501	-94	-82	10	25.22	66.71	3.738
2015-08-11 13:03:57.683	40331	10501	-94	-83	10	25.77	66.6	3.738
2015-08-11 13:29:33.503	40331	10501	-94	-82	10
2015-08-11 13:32:26.478	40331	10501	-94	-85	10	25.86	66.7	3.738
2015-08-11 14:37:54.746	40331	10501	-94	-86	10	26.86	65.88	3.749
2015-08-11 14:53:07.507	40331	10501	-94	-88	10
2015-08-11 15:54:25.843	40331	10501	-94	-84	10	26.74	66.33	3.749
2015-08-11 17:00:05.835	40331	10501	-94	-86	10	27.08	66.09	3.749
2015-08-11 17:27:52.106	40331	10501	-94	-82	10	27.33	66.13	3.749
2015-08-11 18:12:27.85	40331	10501	-94	-82	10
2015-08-11 18:49:23.807	40331	10501	-94	-85	10	25.76	66.63	3.749
2015-08-11 19:20:05.066	40331	10501	-94	-82	10	25.36	66.5	3.738
2015-08-11 20:33:55.195	40331	10501	-94	-83	10
2015-08-11 21:06:58.143	40331	10501	-94	-82	10	20.27	68.93	3.738
2015-08-11 23:20:08.262	40331	10501	-91	-81	10	17.93	68.87	3.727
2015-08-12 15:25:35.375	40331	10501	-94	-82	10
2015-08-12 15:51:20.258	40331	10501	-94	-83	10	25.18	66.06	3.738
2015-08-12 16:56:07.755	40331	10501	-94	-87	10	23.54	67.37	3.727
2015-08-12 17:33:02.782	40331	10501	-94	-85	10	24.55	66.68	3.738
2015-08-12 18:04:50.846	40331	10501	-94	-85	10	25.11	66.25	3.727
2015-08-12 19:29:28.686	40331	10501	-94	-85	10	22.82	67.39	3.727
2015-08-12 19:55:54.691	40331	10501	-94	-86	10
2015-08-12 20:24:47.691	40331	10501	-94	-84	10	19.97	68.68	3.727
2015-08-12 21:19:06.16	40331	10501	-94	-82	10	18.32	68.91	3.727
2015-08-12 22:20:43.866	40331	10501	-94	-81	10
2015-08-12 22:29:52.212	40331	10501	-94	-81	10
2015-08-12 23:34:13.111	40331	10501	-94	-82	10	16.15	69.02	3.716
2015-08-13 00:36:39.039	40331	10501	-94	-80	10	14.83	69.32	3.716
2015-08-13 00:51:18.571	40331	10501	-94	-81	10
2015-08-13 01:22:53.303	40331	10501	-91	-81	10	13.97	69.44	3.705
2015-08-14 07:57:49.358	40331	10501	-94	-82	10	16.38	68.14	3.694
2015-08-14 08:38:02.939	40331	10501	-94	-82	10	17.78	67.67	3.694
2015-08-14 09:29:10.906	40331	10501	-94	-85	10	20.39	66.74	3.694
2015-08-14 09:51:36.767	40331	10501	-94	-85	10
2015-08-15 11:48:21.823	40331	10501	-94	-86	10	27.3	65.3	3.694
2015-08-15 12:34:27.738	40331	10501	-94	-83	10
2015-08-15 12:48:57.887	40331	10501	-94	-88	10	28.61	64.92	3.694
2015-08-15 13:47:54.622	40331	10501	-94	-90	10	29.77	64.49	3.705
2015-08-15 14:18:11.45	40331	10501	-94	-82	10	29.94	64.51	3.705
2015-08-15 14:55:54.494	40331	10501	-94	-85	10
2015-08-15 15:03:26.866	40331	10501	-94	-82	10
2015-08-15 20:34:58.687	40331	10501	-94	-84	10	23.2	67.72	3.694
2015-08-15 22:09:47.239	40331	10501	-94	-84	10	21.46	67.78	3.683
2015-08-15 22:31:04.478	40331	10501	-94	-84	10	21.25	67.69	3.683
2015-08-15 23:48:28.77	40331	10501	-94	-84	10	20.39	67.76	3.683
2015-08-16 00:36:58.078	40331	10501	-94	-84	10	19.97	67.8	3.683
2015-08-16 00:52:24.879	40331	10501	-94	-84	10	19.88	67.79	3.672
2015-08-16 01:53:14.574	40331	10501	-94	-84	10	19.42	67.82	3.672
2015-08-16 02:43:09.002	40331	10501	-94	-84	10
2015-08-16 03:09:24.203	40331	10501	-94	-84	10
2015-08-16 03:29:46.414	40331	10501	-94	-84	10	19.13	67.65	3.661
2015-08-16 04:25:01.07	40331	10501	-94	-84	10	18.78	67.82	3.661
2015-08-16 05:04:36.362	40331	10501	-94	-84	10
2015-08-16 05:34:36.03	40331	10501	-94	-84	10
2015-08-16 06:21:15.462	40331	10501	-94	-83	10	18.07	67.92	3.672
2015-08-16 07:04:14.283	40331	10501	-94	-84	10	18.11	67.81	3.661
2015-08-16 07:27:10.467	40331	10501	-94	-84	10	18.2	67.8	3.661
2015-08-16 07:59:51.754	40331	10501	-94	-84	10
2015-08-16 09:03:54.243	40331	10501	-94	-84	10	21.61	66.35	3.661
2015-08-16 09:28:25.278	40331	10501	-94	-84	10	22.92	65.88	3.661
2015-08-16 09:54:26.694	40331	10501	-94	-87	10	24.22	65.55	3.672
2015-08-16 10:56:55.387	40331	10501	-94	-89	10	27.52	64.95	3.672
2015-08-16 12:03:46.518	40331	10501	-94	-88	10	28.91	64.73	3.683
2015-08-16 12:20:28.41	40331	10501	-94	-85	10	29.38	64.45	3.683
2015-08-16 13:06:23.216	40331	10501	-94	-86	10	30.11	64.39	3.683
2015-08-16 13:38:19.726	40331	10501	-94	-88	10	30.49	64.24	3.683
2015-08-16 20:05:47.411	40331	10501	-94	-87	10
2015-08-16 20:39:16.415	40331	10501	-94	-86	10	24.83	67.43	3.672
2015-08-16 23:56:12.338	40331	10501	-94	-85	10
2015-08-17 02:17:40.175	40331	10501	-94	-85	10
2015-08-17 06:37:36.358	40331	10501	-94	-84	10	18.88	67.55	3.63
2015-08-17 11:34:39.606	40331	10501	-94	-86	10	28.3	64.6	3.64
2015-08-17 12:31:57.659	40331	10501	-94	-89	10	29.44	64.43	3.64
2015-08-17 16:33:35.038	40331	10501	-94	-84	10	31.66	63.92	3.64
2015-08-18 08:56:28.879	40331	10501	-94	-86	10
2015-08-18 09:20:59.898	40331	10501	-94	-88	10	20.7	66.68	3.588
2015-08-18 14:52:16.755	40331	10501	-94	-87	10	25.58	65.25	3.588
2015-08-18 23:08:04.61	40331	10501	-94	-84	10	20.65	67.27	3.557
2015-08-19 02:50:58.482	40331	10501	-94	-86	10	19.67	67.38	3.547
2015-08-19 13:05:39.643	40331	10501	-94	-90	10	30.0	64.25	3.537
2015-08-19 13:24:03.931	40331	10501	-94	-88	10	30.08	64.41	3.537
2015-08-19 14:40:02.298	40331	10501	-94	-87	10	30.5	64.42	3.537
2015-08-19 17:21:59.819	40331	10501	-94	-81	10	31.75	64.08	3.537
2015-08-19 18:03:11.851	40331	10501	-94	-89	10	30.76	64.83	3.537
2015-08-20 12:39:12.326	40331	10501	-94	-81	10	24.97	66.67	3.412
2015-08-20 12:56:39.851	40331	10501	-94	-84	10	25.47	66.2	3.412
