result_time	node_id	parent_id	stats_frssi	stats_brssi	etx	temperature	humidity	voltage
2015-07-10 17:31:15.831	50331	10501	-94	-91	10	24.77	70.48	3.901
2015-07-10 18:57:05.278	50331	10501	-94	-88	10	22.44	84.2	3.901
2015-07-10 19:15:02.463	50331	10501	-94	-88	10	22.14	84.41	3.901
2015-07-10 20:19:28.791	50331	10501	-94	-88	10
2015-07-10 20:46:42.394	50331	10501	-94	-87	10	20.71	84.74	3.901
2015-07-10 21:36:06.154	50331	10501	-94	-88	10	20.07	84.74	3.889
2015-07-10 21:43:17.594	50331	10501	-94	-87	10
2015-07-10 22:57:15.97	50331	10501	-94	-87	10	19.42	84.81	3.889
2015-07-10 23:44:08.095	50331	10501	-94	-89	10	19.06	84.75	3.889
2015-07-11 00:21:52.726	50331	10501	-94	-87	10	18.82	84.7	3.889
2015-07-11 00:42:45.954	50331	10501	-94	-87	10	18.72	84.7	3.889
2015-07-11 01:54:41.231	50331	10501	-94	-87	10
2015-07-11 02:21:55.802	50331	10501	-94	-86	10	17.97	84.6	3.889
2015-07-11 02:35:54.131	50331	10501	-94	-86	10	17.89	84.64	3.889
2015-07-11 04:48:21.763	50331	10501	-94	-86	10	17.32	84.55	3.889
2015-07-11 05:15:35.326	50331	10501	-94	-86	10	17.07	84.49	3.889
2015-07-11 05:49:50.566	50331	10501	-94	-86	10	16.82	84.36	3.889
2015-07-11 06:20:30.314	50331	10501	-94	-85	10	16.56	84.47	3.889
2015-07-11 06:44:59.582	50331	10501	-94	-86	10	16.43	84.54	3.889
2015-07-11 07:29:48.831	50331	10501	-94	-87	10
2015-07-11 07:52:17.934	50331	10501	-94	-87	10	16.75	84.91	3.877
2015-07-11 08:51:38.982	50331	10501	-94	-88	10	17.82	85.15	3.877
2015-07-11 10:16:35.091	50331	10501	-94	-89	10	20.83	85.36	3.889
2015-07-11 10:49:45.39	50331	10501	-94	-88	10
2015-07-11 11:41:13.694	50331	10501	-94	-89	10
2015-07-11 12:06:49.49	50331	10501	-94	-85	10	23.68	85.44	3.889
2015-07-11 13:19:37.919	50331	10501	-94	-89	10	25.86	85.13	3.889
2015-07-11 18:52:51.59	50331	10501	-94	-89	27	24.86	84.85	3.877
2015-07-12 00:15:18.227	50331	10501	-94	-89	28
2015-07-12 03:03:02.53	50331	10501	-94	-89	26
2015-07-12 06:48:41.035	50331	10501	-94	-89	20	16.74	84.56	3.877
2015-07-12 08:27:10.646	50331	10501	-94	-89	21
2015-07-12 10:13:57.851	50331	10501	-94	-89	19	20.04	85.23	3.877
2015-07-12 11:22:40.686	50331	10501	-94	-88	18	22.29	84.98	3.877
2015-07-12 11:25:39.243	50331	10501	-94	-88	18
2015-07-12 12:40:36.134	50331	10501	-94	-86	16	23.95	84.82	3.877
2015-07-12 12:46:33.391	50331	10501	-94	-86	16
2015-07-12 14:13:13.934	50331	10501	-94	-89	15
2015-07-12 14:42:00.559	50331	10501	-94	-87	14	24.68	84.94	3.877
2015-07-12 15:26:15.27	50331	10501	-94	-88	14	24.66	84.68	3.877
2015-07-12 15:37:01.003	50331	10501	-94	-89	13
2015-07-12 17:05:39.023	50331	10501	-94	-87	11	22.86	84.37	3.865
2015-07-13 01:16:37.726	50331	10501	-94	-89	20	18.86	84.86	3.865
2015-07-13 06:06:46.183	50331	10501	-94	-86	21	18.4	84.75	3.865
2015-07-13 06:58:47.199	50331	10501	-94	-87	19
2015-07-13 07:45:03.426	50331	10501	-94	-87	19	18.72	85.17	3.865
2015-07-13 08:13:31.414	50331	10501	-94	-87	18	19.31	85.18	3.865
2015-07-13 08:57:47.611	50331	10501	-94	-88	18	19.93	85.1	3.865
2015-07-13 09:06:19.383	50331	10501	-94	-87	18	20.04	85.08	3.865
2015-07-13 09:37:02.406	50331	10501	-94	-87	17	20.38	85.16	3.865
2015-07-13 10:12:13.091	50331	10501	-94	-87	16	21.08	85.24	3.865
2015-07-13 10:52:22.594	50331	10501	-94	-88	16	21.88	85.5	3.865
2015-07-13 11:10:05.935	50331	10501	-94	-87	15
2015-07-13 12:12:16.202	50331	10501	-94	-89	14	23.89	85.64	3.865
2015-07-13 12:33:56.586	50331	10501	-94	-88	13
2015-07-13 13:53:38.946	50331	10501	-94	-88	12	26.32	85.41	3.865
2015-07-13 14:13:39.082	50331	10501	-94	-84	11	26.16	85.58	3.865
2015-07-13 14:44:39.15	50331	10501	-94	-86	11	26.07	85.2	3.865
2015-07-13 15:21:29.47	50331	10501	-94	-87	11
2015-07-13 15:39:41.634	50331	10501	-94	-87	10	25.86	85.1	3.865
2015-07-13 16:25:06.614	50331	10501	-94	-87	10	25.69	85.85	3.865
2015-07-13 16:56:31.114	50331	10501	-94	-85	10	25.58	85.22	3.865
2015-07-13 18:09:04.003	50331	10501	-94	-89	10
2015-07-13 19:05:42.202	50331	10501	-94	-86	10	24.38	84.92	3.865
2015-07-13 19:32:51.678	50331	10501	-94	-87	10
2015-07-13 20:21:51.262	50331	10501	-94	-86	10	23.51	85.08	3.865
2015-07-14 01:08:01.067	50331	10501	-94	-87	24
2015-07-14 03:41:40.17	50331	10501	-94	-86	26
2015-07-14 04:17:33.351	50331	10501	-94	-87	26	20.25	84.93	3.865
2015-07-14 05:22:24.331	50331	10501	-94	-86	24	20.06	84.94	3.865
2015-07-14 06:39:16.807	50331	10501	-94	-87	22	19.7	84.95	3.865
2015-07-14 08:06:59.319	50331	10501	-94	-84	20
2015-07-14 08:09:01.107	50331	10501	-94	-85	20	19.81	85.12	3.853
2015-07-14 08:49:48.611	50331	10501	-94	-89	20	20.28	85.23	3.865
2015-07-14 09:20:00.406	50331	10501	-94	-86	20	20.9	85.43	3.865
2015-07-14 09:30:47.051	50331	10501	-94	-86	19
2015-07-14 10:23:45.672	50331	10501	-94	-88	18	22.54	85.61	3.865
2015-07-14 10:36:59.193	50331	10501	-94	-86	18	23.1	85.61	3.865
2015-07-14 10:54:33.81	50331	10501	-94	-83	18
2015-07-14 12:09:04.159	50331	10501	-94	-85	16	25.27	85.58	3.853
2015-07-14 12:18:21.531	50331	10501	-94	-86	16
2015-07-14 12:57:17.522	50331	10501	-94	-86	15	25.97	85.38	3.853
2015-07-14 13:44:43.687	50331	10501	-94	-87	16	26.02	85.7	3.865
2015-07-14 15:05:57.16	50331	10501	-94	-89	15
2015-07-14 16:26:48.999	50331	10501	-94	-88	16	25.43	85.13	3.865
2015-07-14 16:53:06.159	50331	10501	-94	-86	16	24.93	85.04	3.865
2015-07-15 20:06:18.443	50331	10501	-94	-86	10	22.03	85.06	3.853
2015-07-15 20:25:34.267	50331	10501	-94	-88	10
2015-07-15 20:55:15.378	50331	10501	-94	-88	10	21.0	84.98	3.853
2015-07-15 21:53:14.45	50331	10501	-94	-87	10	19.63	84.96	3.853
2015-07-15 22:05:53.522	50331	10501	-94	-87	10	19.39	84.98	3.853
2015-07-15 22:56:58.159	50331	10501	-94	-86	10	18.25	84.99	3.853
2015-07-15 23:16:44.874	50331	10501	-94	-87	10	17.86	85.0	3.853
2015-07-15 23:44:09.749	50331	10501	-94	-86	10	17.29	85.01	3.853
2015-07-16 00:21:04.014	50331	10501	-94	-88	10	16.65	85.03	3.853
2015-07-16 00:36:57.138	50331	10501	-94	-87	10
2015-07-16 00:37:13.526	50331	10501	-94	-87	10	16.38	84.99	3.877
2015-07-16 01:20:27.118	50331	10501	-94	-88	11	15.7	84.71	3.853
2015-07-16 01:51:24.93	50331	10501	-94	-88	11	15.25	85.24	3.853
2015-07-16 02:00:44.098	50331	10501	-94	-87	10
2015-07-16 02:06:53.338	50331	10501	-94	-87	10	15.11	85.01	3.853
2015-07-16 02:57:14.79	50331	10501	-94	-89	10	14.22	84.7	3.853
2015-07-16 03:15:46.594	50331	10501	-94	-88	10
2015-07-16 03:22:42.539	50331	10501	-94	-88	10	13.88	84.77	3.841
2015-07-16 03:24:32.598	50331	10501	-94	-88	10
2015-07-16 03:39:41.239	50331	10501	-94	-87	10	13.68	84.87	3.853
2015-07-16 04:06:52.435	50331	10501	-94	-88	10	13.5	84.97	3.853
2015-07-16 04:48:19.342	50331	10501	-94	-88	10
2015-07-16 04:58:01.77	50331	10501	-94	-85	10	13.1	84.83	3.853
2015-07-16 05:11:46.614	50331	10501	-94	-87	10	13.06	84.89	3.853
2015-07-16 05:50:59.098	50331	10501	-94	-86	10	13.04	84.81	3.853
2015-07-16 06:12:08.122	50331	10501	-94	-87	10
2015-07-16 06:43:40.202	50331	10501	-94	-86	10	12.56	84.63	3.853
2015-07-16 07:20:28.239	50331	10501	-94	-85	10	12.78	85.11	3.841
2015-07-16 07:35:12.915	50331	10501	-94	-86	10
2015-07-16 07:46:55.774	50331	10501	-94	-86	10	13.02	85.02	3.841
2015-07-16 08:07:46.502	50331	10501	-94	-87	10	13.39	85.32	3.853
2015-07-16 08:53:52.131	50331	10501	-94	-88	10	14.82	85.33	3.853
2015-07-16 09:14:45.722	50331	10501	-94	-86	10	15.36	85.31	3.841
2015-07-16 09:38:47.362	50331	10501	-94	-89	13	16.18	85.6	3.841
2015-07-16 10:23:30.106	50331	10501	-94	-86	13
2015-07-16 10:51:19.279	50331	10501	-94	-88	13	18.4	85.44	3.877
2015-07-16 11:36:20.023	50331	10501	-94	-87	11	19.71	85.54	3.841
2015-07-16 11:47:20.43	50331	10501	-94	-88	14
2015-07-16 12:15:20.275	50331	10501	-94	-88	14	20.57	85.45	3.841
2015-07-16 13:11:09.91	50331	10501	-94	-87	13
2015-07-16 14:25:22.563	50331	10501	-94	-87	12	23.58	85.42	3.853
2015-07-16 14:40:04.483	50331	10501	-94	-88	12	23.64	85.38	3.841
2015-07-16 15:58:40.187	50331	10501	-94	-84	11
2015-07-16 16:08:47.115	50331	10501	-94	-87	11	24.58	85.17	3.853
2015-07-16 16:14:07.34	50331	10501	-97	-87	11
2015-07-16 17:09:56.931	50331	10501	-94	-87	10	24.46	85.34	3.853
2015-07-16 18:09:26.611	50331	10501	-94	-89	14	24.15	85.15	3.841
2015-07-16 18:47:28.463	50331	10501	-94	-87	13	23.82	85.3	3.853
2015-07-16 20:10:06.887	50331	10501	-94	-89	11
2015-07-16 21:42:05.994	50331	10501	-94	-89	11	20.07	84.92	3.853
2015-07-16 23:44:21.651	50331	10501	-94	-89	22	17.89	85.15	3.841
2015-07-17 11:56:07.456	50331	10501	-94	-90	25	23.58	85.49	3.841
2015-07-17 13:51:27.183	50331	10501	-94	-90	23
2015-07-17 14:22:09.21	50331	10501	-94	-90	20	25.18	85.38	3.853
2015-07-17 15:43:12.323	50331	10501	-94	-90	20
2015-07-17 21:55:52.686	50331	10501	-94	-89	20	25.49	85.12	3.841
2015-07-18 07:04:50.982	50331	10501	-94	-90	19
2015-07-18 08:28:42.275	50331	10501	-94	-90	18
2015-07-18 09:07:17.11	50331	10501	-94	-88	18	24.63	85.3	3.841
2015-07-18 09:52:25.251	50331	10501	-94	-88	17
2015-07-18 11:12:18.179	50331	10501	-94	-89	15	27.13	85.34	3.841
2015-07-18 11:28:45.774	50331	10501	-94	-81	15
2015-07-18 12:40:01.355	50331	10501	-94	-85	13
2015-07-18 13:09:10.551	50331	10501	-94	-87	13	29.04	85.54	3.853
2015-07-18 14:03:48.654	50331	10501	-94	-88	13
2015-07-18 14:47:28.203	50331	10501	-94	-87	13	29.58	85.45	3.853
2015-07-18 15:15:49.647	50331	10501	-94	-86	12	29.33	85.37	3.853
2015-07-18 15:27:35.571	50331	10501	-94	-89	12
2015-07-18 15:48:13.111	50331	10501	-94	-90	12
2015-07-18 17:25:47.048	50331	10501	-94	-84	14	29.66	85.39	3.853
2015-07-18 18:14:52.771	50331	10501	-94	-85	13	29.22	85.32	3.853
2015-07-18 18:44:23.358	50331	10501	-94	-85	13	29.0	85.09	3.853
2015-07-18 19:39:05.655	50331	10501	-94	-87	13
2015-07-18 20:07:41.271	50331	10501	-94	-87	12
2015-07-18 20:56:28.966	50331	10501	-94	-88	12	26.86	84.92	3.853
2015-07-18 21:02:45.99	50331	10501	-94	-87	12
2015-07-18 21:25:52.85	50331	10501	-94	-87	10	26.46	84.98	3.853
2015-07-18 21:46:51.571	50331	10501	-94	-88	10	25.99	84.83	3.853
2015-07-18 22:35:49.494	50331	10501	-94	-88	10	25.57	85.16	3.853
2015-07-18 23:17:01.598	50331	10501	-94	-89	10	25.3	85.13	3.853
2015-07-18 23:53:56.27	50331	10501	-94	-90	10	25.13	85.09	3.853
2015-07-19 00:14:44.287	50331	10501	-94	-89	10	25.1	84.98	3.853
2015-07-19 00:27:08.811	50331	10501	-94	-89	11
2015-07-19 00:57:53.355	50331	10501	-94	-89	11	24.77	84.96	3.853
2015-07-19 01:14:11.202	50331	10501	-94	-88	11
2015-07-19 01:54:03.034	50331	10501	-94	-91	14	24.58	84.86	3.853
2015-07-19 02:37:37.875	50331	10501	-94	-89	14	24.18	84.85	3.853
2015-07-19 04:27:32.082	50331	10501	-94	-88	22	23.61	84.85	3.853
2015-07-19 04:46:44.378	50331	10501	-94	-89	20
2015-07-19 04:53:43.698	50331	10501	-94	-89	20	23.64	84.85	3.841
2015-07-19 05:05:45.934	50331	10501	-94	-89	20	23.6	84.84	3.853
2015-07-19 05:25:37.31	50331	10501	-94	-89	20
2015-07-19 05:56:44.939	50331	10501	-94	-89	20	23.26	84.69	3.853
2015-07-19 06:45:30.887	50331	10501	-94	-90	22	22.95	84.8	3.853
2015-07-19 07:21:32.294	50331	10501	-94	-88	24	22.92	84.92	3.853
2015-07-19 09:36:53.85	50331	10501	-94	-83	19
2015-07-19 10:23:56.614	50331	10501	-94	-89	16	25.49	85.02	3.853
2015-07-19 10:47:52.439	50331	10501	-94	-85	16	26.24	85.27	3.841
2015-07-19 11:00:49.546	50331	10501	-94	-90	16
2015-07-19 12:08:42.57	50331	10501	-94	-90	15	28.13	85.21	3.841
2015-07-19 12:52:37.362	50331	10501	-94	-87	14	28.63	84.83	3.841
2015-07-19 13:25:45.494	50331	10501	-94	-88	13
2015-07-19 14:48:49.194	50331	10501	-94	-84	15	29.52	85.23	3.841
2015-07-19 15:12:05.69	50331	10501	-94	-87	18
2015-07-19 15:21:17.366	50331	10501	-94	-87	18	29.74	85.1	3.853
2015-07-19 20:14:07.854	50331	10501	-94	-86	19	27.18	84.42	3.853
2015-07-19 23:26:24.551	50331	10501	-94	-84	20	24.24	84.71	3.841
2015-07-20 00:58:35.375	50331	10501	-94	-86	19
2015-07-20 02:22:23.891	50331	10501	-94	-86	18
2015-07-20 02:57:14.986	50331	10501	-94	-86	18	22.36	84.56	3.841
2015-07-20 03:46:11.543	50331	10501	-94	-86	17
2015-07-20 04:22:22.351	50331	10501	-94	-86	17	21.86	84.5	3.853
2015-07-20 05:09:58.271	50331	10501	-94	-86	16
2015-07-20 05:55:40.01	50331	10501	-94	-86	15	21.19	84.4	3.841
2015-07-20 06:33:45.495	50331	10501	-94	-87	15
2015-07-20 06:43:25.559	50331	10501	-94	-88	14
2015-07-20 07:54:12.447	50331	10501	-94	-87	14	21.28	84.62	3.841
2015-07-20 08:14:30.847	50331	10501	-94	-87	13	21.56	84.73	3.841
2015-07-20 09:08:29.326	50331	10501	-94	-88	12	22.04	84.59	3.841
2015-07-20 09:36:19.172	50331	10501	-94	-85	11	22.29	84.72	3.841
2015-07-20 10:37:13.89	50331	10501	-94	-86	11	23.64	85.03	3.841
2015-07-20 11:02:54.154	50331	10501	-94	-89	11
2015-07-20 11:51:33.491	50331	10501	-94	-89	10	25.38	84.79	3.841
2015-07-20 12:08:56.502	50331	10501	-94	-87	10
2015-07-20 13:18:44.146	50331	10501	-94	-89	10	27.97	85.04	3.841
2015-07-20 13:48:16.874	50331	10501	-94	-91	10	28.36	85.57	3.841
2015-07-20 14:53:34.374	50331	10501	-94	-89	10	28.27	84.72	3.841
2015-07-20 15:22:20.626	50331	10501	-94	-86	10
2015-07-20 16:20:28.375	50331	10501	-94	-86	10
2015-07-20 17:57:23.887	50331	10501	-94	-86	10	28.05	84.7	3.841
2015-07-20 18:38:10.323	50331	10501	-94	-89	10	27.49	84.5	3.841
2015-07-21 12:59:48.418	50331	10501	-94	-89	47
2015-07-22 08:17:11.247	50331	10501	-94	-86	19	16.1	84.29	3.829
2015-07-22 09:06:27.427	50331	10501	-94	-87	19	17.33	84.38	3.877
2015-07-22 09:48:05.138	50331	10501	-94	-87	18	18.68	84.27	3.841
2015-07-22 10:12:19.074	50331	10501	-94	-85	18	19.39	84.39	3.829
2015-07-22 10:14:12.511	50331	10501	-94	-88	17
2015-07-22 10:36:54.907	50331	10501	-94	-88	17
2015-07-22 10:42:22.871	50331	10501	-94	-86	16	20.22	84.43	3.841
2015-07-22 11:43:11.71	50331	10501	-94	-87	15	21.6	84.44	3.829
2015-07-22 12:45:31.367	50331	10501	-94	-88	14	22.49	84.39	3.841
2015-07-22 13:47:18.272	50331	10501	-94	-86	14	22.65	84.1	3.841
2015-07-22 14:25:26.17	50331	10501	-94	-87	14
2015-07-22 14:51:26.179	50331	10501	-94	-85	14	23.11	84.43	3.829
2015-07-22 15:21:46.346	50331	10501	-94	-88	14	23.13	84.38	3.829
2015-07-22 16:16:46.216	50331	10501	-94	-86	13	22.72	84.29	3.841
2015-07-22 17:13:00.767	50331	10501	-94	-84	12
2015-07-22 17:13:47.543	50331	10501	-94	-85	11	23.2	84.73	3.829
2015-07-22 17:36:45.663	50331	10501	-94	-85	11	23.1	84.48	3.841
2015-07-22 18:15:27.97	50331	10501	-94	-88	11	22.79	84.31	3.841
2015-07-22 18:36:48.651	50331	10501	-94	-86	11
2015-07-22 19:15:53.046	50331	10501	-94	-88	10
2015-07-22 20:23:00.711	50331	10501	-94	-89	10	21.43	84.03	3.841
2015-07-22 21:20:31.731	50331	10501	-94	-88	10	20.45	84.03	3.841
2015-07-22 21:24:24.019	50331	10501	-94	-87	10
2015-07-22 21:49:03.491	50331	10501	-94	-88	10	19.7	83.71	3.841
2015-07-22 22:16:23.983	50331	10501	-94	-87	10	19.04	83.86	3.841
2015-07-22 22:40:13.347	50331	10501	-94	-87	10	18.57	83.95	3.829
2015-07-22 22:48:10.647	50331	10501	-94	-86	10
2015-07-22 23:14:23.162	50331	10501	-94	-86	10	18.04	84.06	3.829
2015-07-22 23:35:17.842	50331	10501	-94	-86	10
2015-07-22 23:50:10.106	50331	10501	-94	-87	10	17.46	83.97	3.829
2015-07-23 00:11:58.223	50331	10501	-94	-86	10
2015-07-23 00:27:53.159	50331	10501	-94	-86	10	16.97	83.93	3.841
2015-07-23 00:39:27.302	50331	10501	-94	-87	10	16.89	83.92	3.829
2015-07-23 01:21:44.815	50331	10501	-94	-86	10	16.46	83.91	3.841
2015-07-23 01:35:46.634	50331	10501	-94	-86	10
2015-07-23 01:48:41.535	50331	10501	-94	-85	10	16.29	83.83	3.829
2015-07-23 02:27:40.366	50331	10501	-94	-85	10	16.18	83.9	3.841
2015-07-23 02:46:04.995	50331	10501	-94	-84	10	16.21	83.9	3.829
2015-07-23 02:59:34.399	50331	10501	-94	-85	10
2015-07-23 03:17:50.854	50331	10501	-94	-85	10	16.04	83.77	3.829
2015-07-23 03:39:58.402	50331	10501	-94	-85	10	15.86	83.63	3.841
2015-07-23 03:54:45.778	50331	10501	-94	-85	10
2015-07-23 04:17:38.058	50331	10501	-94	-85	10	15.28	83.62	3.829
2015-07-23 04:23:21.331	50331	10501	-94	-85	10
2015-07-23 04:46:58.078	50331	10501	-94	-85	10	15.17	83.69	3.829
2015-07-23 05:06:12.099	50331	10501	-94	-85	10	15.0	83.61	3.829
2015-07-23 05:37:54.998	50331	10501	-94	-84	10	15.0	83.68	3.829
2015-07-23 05:47:08.718	50331	10501	-94	-85	10
2015-07-23 06:10:28.903	50331	10501	-94	-85	10	14.93	83.73	3.829
2015-07-23 06:57:25.939	50331	10501	-94	-85	10	15.0	83.9	3.829
2015-07-23 07:10:56.291	50331	10501	-94	-85	10
2015-07-23 07:21:42.298	50331	10501	-94	-85	10	15.0	83.8	3.829
2015-07-23 07:41:41.587	50331	10501	-94	-85	10	15.14	83.91	3.829
2015-07-23 08:14:13.486	50331	10501	-94	-87	10
2015-07-23 08:21:49.002	50331	10501	-94	-86	10	16.25	84.21	3.829
2015-07-23 08:34:43.85	50331	10501	-94	-86	10
2015-07-23 08:38:27.438	50331	10501	-94	-86	10	16.67	84.16	3.829
2015-07-23 09:25:12.682	50331	10501	-94	-87	10	18.38	84.25	3.829
2015-07-23 09:41:41.114	50331	10501	-94	-88	10	18.9	84.3	3.829
2015-07-23 09:58:32.799	50331	10501	-94	-89	14
2015-07-23 10:27:41.074	50331	10501	-94	-88	18	20.54	84.55	3.829
2015-07-23 10:46:12.471	50331	10501	-94	-89	18	21.0	84.45	3.829
2015-07-23 11:12:49.459	50331	10501	-94	-88	16	21.86	84.15	3.829
2015-07-23 11:22:19.227	50331	10501	-94	-89	16
2015-07-23 11:48:00.983	50331	10501	-94	-89	19	22.28	84.19	3.829
2015-07-23 12:26:03.539	50331	10501	-94	-89	19	23.1	84.43	3.829
2015-07-23 12:33:40.599	50331	10501	-94	-89	19
2015-07-23 12:45:59.967	50331	10501	-94	-87	17	23.7	84.16	3.841
2015-07-23 12:46:06.466	50331	10501	-94	-85	17
2015-07-23 13:48:59.227	50331	10501	-94	-86	17	25.32	84.57	3.829
2015-07-23 14:07:11.107	50331	10501	-94	-88	16	24.88	84.12	3.829
2015-07-23 14:09:54.087	50331	10501	-94	-89	16
2015-07-23 14:37:26.339	50331	10501	-94	-87	16	25.1	84.52	3.829
2015-07-23 15:10:55.294	50331	10501	-94	-88	16	25.11	84.25	3.829
2015-07-23 15:33:41.618	50331	10501	-94	-85	16
2015-07-23 16:20:36.227	50331	10501	-94	-87	14	25.57	84.22	3.829
2015-07-23 16:57:29.366	50331	10501	-94	-87	15
2015-07-23 17:56:59.975	50331	10501	-94	-88	14	25.22	83.96	3.841
2015-07-23 18:21:19.391	50331	10501	-94	-88	14
2015-07-23 19:08:08.287	50331	10501	-94	-88	13	24.58	84.05	3.829
2015-07-23 19:45:04.675	50331	10501	-94	-89	12
2015-07-23 20:55:45.915	50331	10501	-94	-88	11	22.26	83.81	3.829
2015-07-23 21:12:36.847	50331	10501	-94	-86	11
2015-07-23 21:54:48.231	50331	10501	-94	-88	11	20.83	84.07	3.841
2015-07-23 22:32:39.59	50331	10501	-94	-89	10
2015-07-23 22:46:13.942	50331	10501	-94	-87	10	19.83	83.97	3.841
2015-07-23 23:19:25.95	50331	10501	-94	-87	10	19.25	83.83	3.841
2015-07-23 23:45:05.382	50331	10501	-94	-87	10	18.68	83.75	3.841
2015-07-23 23:56:27.519	50331	10501	-94	-86	10
2015-07-24 00:13:25.334	50331	10501	-94	-87	10	18.18	83.71	3.841
2015-07-24 00:56:00.83	50331	10501	-94	-87	10	17.42	83.62	3.829
2015-07-24 01:06:51.403	50331	10501	-94	-86	10	17.25	83.75	3.841
2015-07-24 01:20:14.522	50331	10501	-94	-86	10
2015-07-24 01:32:04.114	50331	10501	-94	-86	10
2015-07-24 01:47:52.635	50331	10501	-94	-85	10	16.53	83.59	3.829
2015-07-24 02:13:23.75	50331	10501	-94	-85	10	16.07	83.65	3.829
2015-07-24 02:44:01.706	50331	10501	-94	-85	10
2015-07-24 02:50:25.887	50331	10501	-94	-85	10	15.68	83.56	3.829
2015-07-24 03:21:48.354	50331	10501	-94	-85	10	15.31	83.55	3.829
2015-07-24 03:47:27.252	50331	10501	-94	-85	10	15.13	83.56	3.841
2015-07-24 04:07:48.914	50331	10501	-94	-85	10
2015-07-24 04:20:30.262	50331	10501	-94	-85	10	14.99	83.5	3.829
2015-07-24 04:46:47.626	50331	10501	-94	-85	10	14.61	83.32	3.829
2015-07-24 05:20:22.824	50331	10501	-94	-84	10	14.29	83.39	3.829
2015-07-24 05:31:36.574	50331	10501	-94	-85	10
2015-07-24 05:46:39.635	50331	10501	-94	-84	10	14.21	83.4	3.841
2015-07-24 05:51:31.822	50331	10501	-94	-84	10
2015-07-24 06:19:22.77	50331	10501	-94	-84	10	13.97	83.3	3.829
2015-07-24 06:48:36.722	50331	10501	-94	-85	10	13.75	83.39	3.829
2015-07-24 06:55:23.762	50331	10501	-94	-84	10
2015-07-24 07:13:40.551	50331	10501	-94	-84	10	13.77	83.49	3.829
2015-07-24 07:47:06.175	50331	10501	-94	-84	10	14.32	84.0	3.829
2015-07-24 08:13:17.388	50331	10501	-94	-84	10	15.03	84.12	3.829
2015-07-24 08:19:11.462	50331	10501	-94	-85	10
2015-07-24 08:57:10.727	50331	10501	-94	-87	10	16.97	84.08	3.829
2015-07-24 09:07:33.03	50331	10501	-94	-87	10	17.39	83.95	3.829
2015-07-24 09:37:48.067	50331	10501	-94	-88	10	18.65	83.97	3.829
2015-07-24 09:43:17.959	50331	10501	-94	-89	24
2015-07-24 12:30:34.655	50331	10501	-94	-86	11
2015-07-24 12:53:17.307	50331	10501	-94	-86	10	25.07	84.03	3.829
2015-07-24 13:45:00.634	50331	10501	-94	-86	10	26.65	84.36	3.829
2015-07-24 13:54:23.99	50331	10501	-94	-85	10
2015-07-24 14:15:28.15	50331	10501	-94	-88	10	26.32	84.31	3.829
2015-07-24 14:30:27.926	50331	10501	-94	-82	10
2015-07-24 14:42:51.33	50331	10501	-94	-82	10	26.65	84.15	3.841
2015-07-24 15:10:09.455	50331	10501	-94	-88	10	26.97	84.07	3.841
2015-07-24 15:18:09.155	50331	10501	-94	-87	10
2015-07-24 16:10:55.818	50331	10501	-94	-88	10	26.99	83.76	3.829
2015-07-24 16:41:56.559	50331	10501	-94	-86	10
2015-07-24 16:45:05.982	50331	10501	-94	-86	10	26.94	83.62	3.841
2015-07-24 17:19:06.603	50331	10501	-94	-88	10	27.05	84.42	3.841
2015-07-24 17:54:15.438	50331	10501	-94	-87	10	27.16	83.88	3.841
2015-07-24 18:05:43.771	50331	10501	-94	-86	10
2015-07-24 18:48:16.995	50331	10501	-94	-85	10	26.63	83.84	3.841
2015-07-24 18:49:54.855	50331	10501	-94	-86	10
2015-07-24 19:29:34.319	50331	10501	-94	-88	10
2015-07-24 19:48:53.599	50331	10501	-94	-87	10	25.91	83.78	3.841
2015-07-24 20:13:09.299	50331	10501	-94	-87	10	25.54	83.75	3.841
2015-07-24 20:53:19.454	50331	10501	-94	-88	10
2015-07-24 20:54:01.762	50331	10501	-94	-87	10	24.58	83.33	3.841
2015-07-24 21:27:17.463	50331	10501	-94	-87	10	23.5	83.63	3.841
2015-07-24 21:40:14.702	50331	10501	-94	-87	10	23.15	83.68	3.841
2015-07-24 22:06:19.086	50331	10501	-94	-87	10	22.54	83.75	3.841
2015-07-24 22:17:07.263	50331	10501	-94	-87	10
2015-07-24 22:40:15.578	50331	10501	-94	-86	10	21.85	83.77	3.841
2015-07-24 23:09:23.455	50331	10501	-94	-86	10
2015-07-24 23:12:23.535	50331	10501	-94	-86	10	21.26	83.79	3.841
2015-07-24 23:40:54.622	50331	10501	-94	-86	10
2015-07-24 23:56:50.771	50331	10501	-94	-86	10	20.6	83.74	3.841
2015-07-25 00:14:06.299	50331	10501	-94	-86	10	20.4	83.65	3.841
2015-07-25 00:42:33.222	50331	10501	-94	-85	10	19.97	83.62	3.829
2015-07-25 01:04:41.582	50331	10501	-94	-86	10
2015-07-25 01:11:35.238	50331	10501	-94	-86	10	19.68	83.78	3.841
2015-07-25 01:45:15.634	50331	10501	-94	-85	10	19.45	83.63	3.841
2015-07-25 02:18:51.558	50331	10501	-94	-85	10	19.08	83.55	3.829
2015-07-25 02:28:29.371	50331	10501	-94	-85	10
2015-07-25 02:45:13.858	50331	10501	-94	-85	10	18.75	83.4	3.877
2015-07-25 03:14:47.775	50331	10501	-94	-86	10	18.47	83.41	3.841
2015-07-25 03:28:50.594	50331	10501	-94	-86	10
2015-07-25 03:52:17.255	50331	10501	-94	-86	10
2015-07-25 03:53:11.342	50331	10501	-94	-86	10	17.92	83.26	3.829
2015-07-25 04:18:28.483	50331	10501	-94	-85	10	17.56	83.38	3.829
2015-07-25 04:39:51.978	50331	10501	-94	-86	10	17.35	83.35	3.829
2015-07-25 05:13:30.918	50331	10501	-94	-86	10	16.97	83.24	3.841
2015-07-25 05:16:04.666	50331	10501	-94	-86	10
2015-07-25 05:47:25.723	50331	10501	-94	-86	10	16.64	83.19	3.829
2015-07-25 06:22:42.502	50331	10501	-94	-85	10	16.38	83.28	3.841
2015-07-25 06:39:53.586	50331	10501	-94	-85	10
2015-07-25 06:52:46.858	50331	10501	-94	-85	10	16.2	83.26	3.829
2015-07-25 07:08:22.495	50331	10501	-94	-85	10	16.17	83.28	3.829
2015-07-25 07:48:17.802	50331	10501	-94	-86	10
2015-07-25 07:48:20.463	50331	10501	-94	-86	10	16.65	83.69	3.829
2015-07-25 08:03:39.59	50331	10501	-94	-87	10
2015-07-25 08:26:26.767	50331	10501	-94	-88	10	17.86	83.84	3.829
2015-07-25 08:39:51.962	50331	10501	-94	-88	10	18.43	83.85	3.829
2015-07-25 09:18:42.335	50331	10501	-94	-88	10	19.93	83.86	3.829
2015-07-25 09:27:29.687	50331	10501	-94	-88	10
2015-07-25 09:57:38.707	50331	10501	-94	-86	10	21.36	83.78	3.829
2015-07-25 22:50:49.202	50331	10501	-94	-87	20	24.04	83.65	3.841
2015-07-25 23:09:43.342	50331	10501	-94	-87	19	23.97	83.56	3.841
2015-07-25 23:25:22.194	50331	10501	-94	-88	19
2015-07-25 23:41:17.419	50331	10501	-94	-87	19	23.65	83.39	3.841
2015-07-26 00:14:59.442	50331	10501	-94	-87	19	23.09	83.0	3.841
2015-07-26 00:49:08.314	50331	10501	-94	-86	18	22.24	83.35	3.841
2015-07-26 00:49:10.259	50331	10501	-94	-86	17
2015-07-26 01:06:08.558	50331	10501	-94	-85	17
2015-07-26 01:22:11.367	50331	10501	-94	-85	17	22.09	83.44	3.841
2015-07-26 01:45:25.186	50331	10501	-94	-85	16	21.99	83.34	3.841
2015-07-26 02:08:38.411	50331	10501	-94	-86	15	21.65	83.14	3.841
2015-07-26 02:12:57.103	50331	10501	-94	-86	15
2015-07-26 02:36:35.215	50331	10501	-94	-86	14	21.29	83.21	3.841
2015-07-26 03:13:45.182	50331	10501	-94	-86	14	20.88	83.22	3.841
2015-07-26 03:36:44.447	50331	10501	-94	-86	12
2015-07-26 03:40:15.467	50331	10501	-94	-86	12	20.79	83.28	3.841
2015-07-26 04:07:55.151	50331	10501	-94	-86	11	20.72	83.21	3.841
2015-07-26 04:41:48.979	50331	10501	-94	-86	11	20.53	83.19	3.841
2015-07-26 05:00:32.359	50331	10501	-94	-86	10
2015-07-26 05:10:49.535	50331	10501	-94	-86	10	20.45	83.13	3.841
2015-07-26 05:25:36.855	50331	10501	-94	-86	10
2015-07-26 05:36:57.015	50331	10501	-94	-87	10	20.29	83.24	3.841
2015-07-26 06:22:49.767	50331	10501	-94	-87	10	20.11	83.08	3.841
2015-07-26 06:24:19.659	50331	10501	-94	-85	10
2015-07-26 06:52:14.674	50331	10501	-94	-87	10	19.97	83.1	3.829
2015-07-26 07:22:19.039	50331	10501	-94	-85	10	19.92	83.16	3.841
2015-07-26 07:48:06.838	50331	10501	-94	-87	10
2015-07-26 07:54:48.291	50331	10501	-94	-88	10	20.28	83.39	3.841
2015-07-26 08:17:51.603	50331	10501	-94	-87	10	20.65	83.37	3.841
2015-07-26 08:43:14.254	50331	10501	-94	-88	10	21.33	83.55	3.841
2015-07-26 09:06:40.782	50331	10501	-94	-85	10	22.01	83.48	3.841
2015-07-26 09:11:58.562	50331	10501	-94	-86	10
2015-07-26 09:45:06.268	50331	10501	-94	-87	10
2015-07-26 09:53:53.482	50331	10501	-94	-87	10	23.54	83.59	3.841
2015-07-26 10:20:19.766	50331	10501	-94	-87	10	24.43	83.5	3.829
2015-07-26 10:35:42.25	50331	10501	-94	-87	10
2015-07-26 10:40:15.558	50331	10501	-94	-85	10	25.08	83.55	3.841
2015-07-26 11:12:56.73	50331	10501	-94	-86	12	26.19	83.48	3.841
2015-07-26 11:38:27.679	50331	10501	-94	-85	12	26.66	83.59	3.841
2015-07-26 11:59:30.438	50331	10501	-94	-88	12
2015-07-26 12:28:46.042	50331	10501	-94	-83	11	27.97	83.33	3.841
2015-07-26 13:19:33.998	50331	10501	-94	-86	10	28.66	83.38	3.829
2015-07-26 13:51:11.758	50331	10501	-94	-86	10	28.13	83.21	3.841
2015-07-26 14:16:51.778	50331	10501	-94	-89	10	28.3	83.79	3.841
2015-07-26 14:47:10.774	50331	10501	-94	-85	10
2015-07-26 14:49:42.846	50331	10501	-94	-85	10	28.61	83.34	3.841
2015-07-26 15:23:35.29	50331	10501	-94	-85	10	28.05	83.22	3.841
2015-07-26 16:26:42.471	50331	10501	-94	-84	10	27.15	83.33	3.841
2015-07-26 16:44:42.05	50331	10501	-94	-86	10	27.08	83.37	3.841
2015-07-26 18:22:40.558	50331	10501	-94	-85	10	26.65	83.2	3.841
2015-07-26 18:46:50.938	50331	10501	-94	-86	10	26.33	83.18	3.841
2015-07-26 18:58:27.374	50331	10501	-94	-86	10
2015-07-26 19:49:57.318	50331	10501	-94	-87	10	25.47	83.07	3.841
2015-07-26 20:22:15.822	50331	10501	-94	-87	10
2015-07-26 20:40:27.13	50331	10501	-94	-87	10	24.74	83.03	3.841
2015-07-26 22:43:27.842	50331	10501	-94	-86	10
2015-07-26 22:54:40.735	50331	10501	-94	-86	10	22.88	83.03	3.829
2015-07-26 23:14:00.11	50331	10501	-94	-86	10	22.71	83.0	3.841
2015-07-27 00:39:02.538	50331	10501	-94	-85	10	21.86	82.96	3.841
2015-07-27 01:13:20.294	50331	10501	-94	-85	10	21.57	82.95	3.841
2015-07-27 01:57:25.742	50331	10501	-94	-85	10
2015-07-27 02:57:14.503	50331	10501	-94	-84	10	21.07	82.91	3.841
2015-07-27 03:02:55.65	50331	10501	-94	-84	10
2015-07-27 03:15:04.167	50331	10501	-94	-84	10	21.04	82.85	3.841
2015-07-27 03:43:35.802	50331	10501	-94	-84	10	20.89	82.85	3.841
2015-07-27 04:45:00.59	50331	10501	-94	-85	10
2015-07-27 05:45:24.594	50331	10501	-94	-84	10	20.2	82.67	3.841
2015-07-27 07:23:34.298	50331	10501	-94	-85	10	20.32	82.9	3.829
2015-07-27 07:38:42.906	50331	10501	-94	-85	10	20.43	82.87	3.841
2015-07-27 08:11:58.634	50331	10501	-94	-85	10	20.54	82.87	3.829
2015-07-27 09:17:00.003	50331	10501	-94	-84	10	21.29	82.91	3.829
2015-07-27 09:54:13.262	50331	10501	-94	-87	10	21.97	83.24	3.841
2015-07-27 10:06:43.902	50331	10501	-94	-89	10	22.46	83.27	3.829
2015-07-27 10:54:34.986	50331	10501	-94	-86	10	24.1	83.28	3.829
2015-07-27 11:21:20.547	50331	10501	-94	-87	10	24.83	83.47	3.877
2015-07-27 11:41:58.23	50331	10501	-94	-86	10
2015-07-27 12:47:58.079	50331	10501	-94	-89	14	27.19	83.26	3.841
2015-07-27 13:07:45.19	50331	10501	-94	-87	18
2015-07-27 13:14:22.599	50331	10501	-94	-86	18	26.91	83.38	3.841
2015-07-27 13:36:13.194	50331	10501	-94	-86	17	27.16	83.2	3.829
2015-07-27 14:16:37.714	50331	10501	-94	-88	15	27.99	83.67	3.829
2015-07-27 14:31:35.37	50331	10501	-94	-86	15
2015-07-27 14:45:07.254	50331	10501	-94	-89	15	28.33	83.43	3.841
2015-07-27 15:07:08.954	50331	10501	-94	-86	16	28.02	83.29	3.841
2015-07-27 15:54:43.314	50331	10501	-94	-87	15	28.52	83.42	3.841
2015-07-27 15:55:20.57	50331	10501	-94	-87	15
2015-07-27 16:01:27.834	50331	10501	-94	-88	15
2015-07-27 16:17:18.138	50331	10501	-94	-89	15	28.74	83.31	3.841
2015-07-27 16:47:49.154	50331	10501	-94	-87	15	28.69	83.15	3.841
2015-07-27 17:11:24.41	50331	10501	-94	-87	13	28.79	83.17	3.841
2015-07-27 17:19:09.85	50331	10501	-94	-88	13
2015-07-27 17:53:18.126	50331	10501	-94	-88	13	28.91	83.04	3.841
2015-07-27 18:07:07.323	50331	10501	-94	-87	12	28.77	83.08	3.841
2015-07-27 18:42:55.063	50331	10501	-94	-88	11
2015-07-27 18:52:42.65	50331	10501	-94	-86	11	28.38	82.97	3.841
2015-07-27 19:10:04.822	50331	10501	-94	-87	10	28.22	82.94	3.841
2015-07-27 19:51:49.618	50331	10501	-94	-87	10	27.55	82.84	3.841
2015-07-27 20:06:42.64	50331	10501	-94	-86	10
2015-07-27 20:20:46.491	50331	10501	-94	-87	10
2015-07-27 20:23:45.258	50331	10501	-94	-87	10	26.77	82.86	3.829
2015-07-27 20:38:55.77	50331	10501	-94	-86	10	26.4	82.75	3.841
2015-07-27 21:26:10.65	50331	10501	-94	-86	10	25.13	82.84	3.841
2015-07-27 21:30:30.49	50331	10501	-94	-86	10
2015-07-27 21:43:03.158	50331	10501	-94	-85	10	24.8	82.81	3.841
2015-07-27 22:17:04.722	50331	10501	-94	-85	10	24.04	82.91	3.841
2015-07-27 22:48:29.922	50331	10501	-94	-85	10	23.72	83.04	3.841
2015-07-27 22:54:17.302	50331	10501	-94	-86	10
2015-07-27 23:17:39.051	50331	10501	-94	-85	10	23.49	82.89	3.841
2015-07-27 23:36:34.386	50331	10501	-94	-86	10	23.42	82.87	3.841
2015-07-28 00:15:16.703	50331	10501	-94	-86	10	23.04	82.81	3.841
2015-07-28 00:18:05.179	50331	10501	-94	-85	10
2015-07-28 00:40:14.124	50331	10501	-94	-85	10
2015-07-28 00:58:09.294	50331	10501	-94	-86	10	22.76	82.7	3.829
2015-07-28 01:09:36.983	50331	10501	-94	-86	10	22.64	82.75	3.841
2015-07-28 01:41:53.13	50331	10501	-94	-85	10
2015-07-28 01:51:52.499	50331	10501	-94	-84	10	22.22	82.66	3.841
2015-07-28 02:21:10.308	50331	10501	-94	-85	10	21.86	82.6	3.841
2015-07-28 02:54:42.171	50331	10501	-94	-84	10	21.5	82.55	3.841
2015-07-28 03:05:40.283	50331	10501	-94	-85	10
2015-07-28 03:24:26.591	50331	10501	-94	-85	10	21.2	82.64	3.829
2015-07-28 03:46:34.859	50331	10501	-94	-84	10	21.03	82.6	3.841
2015-07-28 04:20:02.335	50331	10501	-94	-84	10	20.77	82.52	3.841
2015-07-28 04:29:27.294	50331	10501	-94	-84	10
2015-07-28 04:38:44.611	50331	10501	-94	-84	10	20.71	82.6	3.841
2015-07-28 05:56:52.191	50331	10501	-94	-83	10	20.29	82.46	3.841
2015-07-28 07:16:25.23	50331	10501	-94	-83	10	19.99	82.54	3.841
2015-07-28 07:17:02.47	50331	10501	-94	-83	10
2015-07-28 08:16:30.587	50331	10501	-94	-84	10	20.64	82.76	3.841
2015-07-28 08:40:49.814	50331	10501	-94	-84	10
2015-07-28 08:49:17.795	50331	10501	-94	-84	10	21.6	83.08	3.841
2015-07-28 09:10:18.315	50331	10501	-94	-86	10	22.28	82.93	3.829
2015-07-28 09:19:09.671	50331	10501	-94	-86	10
2015-07-28 09:42:55.37	50331	10501	-94	-85	10	23.34	82.96	3.829
2015-07-28 10:04:38.739	50331	10501	-94	-86	10
2015-07-28 10:09:40.354	50331	10501	-94	-88	10	24.32	83.02	3.829
2015-07-28 10:41:58.939	50331	10501	-94	-86	10	25.55	83.06	3.829
2015-07-28 11:08:51.483	50331	10501	-94	-87	10	26.58	83.08	3.829
2015-07-28 11:28:26.286	50331	10501	-94	-85	10
2015-07-28 11:39:36.307	50331	10501	-94	-89	10	27.41	83.13	3.841
2015-07-28 12:19:01.459	50331	10501	-94	-85	10	28.55	83.06	3.829
2015-07-28 12:51:03.323	50331	10501	-94	-87	10	29.46	82.94	3.841
2015-07-28 12:52:13.539	50331	10501	-94	-87	11
2015-07-28 13:07:32.627	50331	10501	-94	-88	11	29.47	83.26	3.841
2015-07-28 13:38:37.782	50331	10501	-94	-89	10
2015-07-28 13:52:52.619	50331	10501	-94	-86	10	30.35	83.64	3.841
2015-07-28 14:09:09.586	50331	10501	-94	-87	10	30.44	83.63	3.841
2015-07-28 14:16:00.475	50331	10501	-94	-88	10
2015-07-28 14:36:38.638	50331	10501	-94	-85	10	30.19	82.76	3.841
2015-07-28 15:19:47.878	50331	10501	-94	-86	10	29.46	83.42	3.877
2015-07-28 15:39:59.678	50331	10501	-94	-88	10
2015-07-28 15:57:04.95	50331	10501	-94	-85	10	30.07	83.02	3.841
2015-07-28 16:09:28.639	50331	10501	-94	-86	10	30.11	83.09	3.841
2015-07-28 16:55:13.582	50331	10501	-94	-87	10	29.5	83.03	3.841
2015-07-28 17:03:37.363	50331	10501	-94	-84	10
2015-07-28 17:13:38.267	50331	10501	-94	-87	10	29.58	83.03	3.841
2015-07-28 17:52:05.723	50331	10501	-94	-85	10	29.49	82.85	3.841
2015-07-28 17:58:05.231	50331	10501	-94	-86	10
2015-07-28 18:26:37.803	50331	10501	-94	-86	10	29.3	82.8	3.841
2015-07-28 18:27:23.546	50331	10501	-94	-88	10
2015-07-28 18:56:26.702	50331	10501	-94	-88	10	28.88	82.74	3.841
2015-07-28 19:28:17.351	50331	10501	-94	-86	10	28.52	82.64	3.841
2015-07-28 19:44:53.27	50331	10501	-94	-87	10	28.16	82.59	3.841
2015-07-28 19:51:10.463	50331	10501	-94	-86	10
2015-07-28 20:17:05.431	50331	10501	-94	-86	10	27.36	82.6	3.841
2015-07-28 20:47:10.302	50331	10501	-94	-86	10	26.74	82.64	3.841
2015-07-28 21:14:24.455	50331	10501	-94	-86	10	26.13	82.49	3.841
2015-07-28 21:14:58.158	50331	10501	-94	-86	10
2015-07-28 21:50:59.802	50331	10501	-94	-87	10	25.49	82.81	3.841
2015-07-28 22:17:32.651	50331	10501	-94	-87	10
2015-07-28 22:21:52.898	50331	10501	-94	-85	10	25.08	82.64	3.841
2015-07-28 22:38:45.243	50331	10501	-94	-86	10
2015-07-28 22:50:52.11	50331	10501	-94	-85	10	24.83	82.72	3.841
2015-07-28 23:22:02.879	50331	10501	-94	-86	10	24.63	82.57	3.841
2015-07-28 23:43:18.491	50331	10501	-94	-87	10	24.47	82.49	3.841
2015-07-29 00:02:32.871	50331	10501	-94	-87	10
2015-07-29 00:28:36.998	50331	10501	-94	-87	10	23.82	82.45	3.841
2015-07-29 00:51:53.55	50331	10501	-94	-86	10	23.59	82.42	3.841
2015-07-29 01:22:54.79	50331	10501	-94	-86	10	23.22	82.49	3.841
2015-07-29 01:26:22.434	50331	10501	-94	-86	10
2015-07-29 01:50:48.658	50331	10501	-94	-86	10	22.97	82.36	3.841
2015-07-29 02:17:02.194	50331	10501	-94	-86	10	22.69	82.35	3.841
2015-07-29 02:37:00.438	50331	10501	-94	-86	10
2015-07-29 02:43:45.363	50331	10501	-94	-86	10	22.4	82.34	3.841
2015-07-29 02:50:08.35	50331	10501	-94	-86	10
2015-07-29 03:18:53.37	50331	10501	-94	-85	10	22.09	82.32	3.841
2015-07-29 03:54:41.79	50331	10501	-94	-85	10	21.68	82.23	3.841
2015-07-29 04:11:51.663	50331	10501	-94	-85	10	21.54	82.3	3.841
2015-07-29 04:13:55.835	50331	10501	-94	-86	10
2015-07-29 04:58:18.771	50331	10501	-94	-87	10	21.1	82.21	3.841
2015-07-29 05:21:26.399	50331	10501	-94	-87	10	20.96	82.28	3.841
2015-07-29 05:37:43.954	50331	10501	-94	-86	10
2015-07-29 05:39:41.014	50331	10501	-94	-88	10	20.89	82.26	3.829
2015-07-29 06:10:10.538	50331	10501	-94	-85	10	20.6	82.15	3.841
2015-07-29 06:43:58.674	50331	10501	-94	-85	10	20.31	82.16	3.841
2015-07-29 06:56:30.414	50331	10501	-94	-85	10
2015-07-29 07:01:30.587	50331	10501	-94	-86	10
2015-07-29 07:12:00.399	50331	10501	-94	-85	10	20.28	82.25	3.829
2015-07-29 07:42:36.591	50331	10501	-94	-86	10	20.47	82.35	3.829
2015-07-29 08:25:17.871	50331	10501	-94	-86	10
2015-07-29 08:25:20.127	50331	10501	-94	-86	10	21.19	82.51	3.829
2015-07-29 08:57:28.283	50331	10501	-94	-87	10	22.02	82.56	3.829
2015-07-29 09:10:14.067	50331	10501	-94	-88	10	22.59	82.64	3.829
2015-07-29 09:42:38.478	50331	10501	-94	-88	10	23.79	82.67	3.841
2015-07-29 09:49:05.998	50331	10501	-94	-88	10
2015-07-29 10:12:47.966	50331	10501	-94	-88	10	24.99	82.65	3.841
2015-07-29 10:44:35.038	50331	10501	-94	-86	10	26.02	82.67	3.841
2015-07-29 11:10:37.195	50331	10501	-94	-87	10	26.79	82.81	3.841
2015-07-29 11:12:52.762	50331	10501	-94	-86	10
2015-07-29 11:15:55.49	50331	10501	-94	-87	10
2015-07-29 11:57:19.403	50331	10501	-94	-88	10	28.24	82.73	3.829
2015-07-29 12:16:34.951	50331	10501	-94	-86	10	28.61	82.58	3.841
2015-07-29 12:36:40.874	50331	10501	-94	-89	10
2015-07-29 12:49:48.83	50331	10501	-94	-88	10	29.8	82.81	3.841
2015-07-29 13:25:01.926	50331	10501	-94	-87	10	30.38	82.77	3.829
2015-07-29 13:39:55.278	50331	10501	-94	-88	10	30.02	83.07	3.841
2015-07-29 14:00:28.63	50331	10501	-94	-86	10
2015-07-29 14:12:17.03	50331	10501	-94	-86	10	29.8	82.62	3.841
2015-07-29 14:48:56.291	50331	10501	-94	-87	10	30.19	83.0	3.841
2015-07-29 15:24:17.626	50331	10501	-94	-89	10
2015-07-29 15:35:24.118	50331	10501	-94	-88	14
2015-07-29 16:22:10.934	50331	10501	-94	-88	14	30.63	82.69	3.841
2015-07-29 16:48:03.266	50331	10501	-94	-85	14
2015-07-29 16:55:47.642	50331	10501	-94	-87	15	30.38	82.48	3.841
2015-07-29 17:27:38.466	50331	10501	-94	-89	15	30.4	82.8	3.841
2015-07-29 17:50:50.215	50331	10501	-94	-87	14	30.26	82.4	3.841
2015-07-29 18:11:50.647	50331	10501	-94	-86	14
2015-07-29 18:16:26.274	50331	10501	-94	-88	14	30.22	82.53	3.841
2015-07-29 18:45:32.11	50331	10501	-94	-88	13	30.08	82.52	3.841
2015-07-29 19:21:41.475	50331	10501	-94	-88	12	29.83	82.44	3.877
2015-07-29 19:35:38.242	50331	10501	-94	-87	12
2015-07-29 19:54:51.586	50331	10501	-94	-87	12
2015-07-29 19:57:53.111	50331	10501	-94	-87	12	29.4	82.35	3.841
2015-07-29 20:26:05.427	50331	10501	-94	-86	11	28.79	82.24	3.841
2015-07-29 20:46:05.667	50331	10501	-94	-88	10	28.41	82.45	3.841
2015-07-29 20:59:25.578	50331	10501	-94	-86	10
2015-07-29 21:24:23.654	50331	10501	-94	-85	10	27.8	82.35	3.841
2015-07-29 21:51:27.354	50331	10501	-94	-86	10	27.15	82.26	3.841
2015-07-29 22:21:21.266	50331	10501	-94	-86	10	26.47	82.3	3.841
2015-07-29 22:23:13.038	50331	10501	-94	-86	10
2015-07-29 22:49:36.483	50331	10501	-94	-85	10	26.05	82.49	3.841
2015-07-29 23:17:49.907	50331	10501	-94	-85	10	25.77	82.33	3.841
2015-07-29 23:40:57.91	50331	10501	-94	-86	10	25.44	82.36	3.841
2015-07-29 23:47:00.63	50331	10501	-94	-86	10
2015-07-30 00:14:18.523	50331	10501	-94	-85	10
2015-07-30 00:28:04.907	50331	10501	-94	-86	10	25.05	82.46	3.841
2015-07-30 00:36:50.246	50331	10501	-94	-85	10	25.15	82.56	3.841
2015-07-30 01:10:48.014	50331	10501	-94	-85	10
2015-07-30 01:18:28.659	50331	10501	-94	-85	10	25.16	82.27	3.841
2015-07-30 01:40:16.102	50331	10501	-94	-85	10	25.08	82.25	3.841
2015-07-30 02:12:08.051	50331	10501	-94	-85	10	24.86	82.21	3.841
2015-07-30 02:34:35.815	50331	10501	-94	-85	10
2015-07-30 02:48:13.25	50331	10501	-94	-84	10	24.79	82.09	3.841
2015-07-30 03:10:20.811	50331	10501	-94	-86	10	24.69	82.15	3.841
2015-07-30 03:39:52.339	50331	10501	-94	-85	10	24.58	82.09	3.841
2015-07-30 03:58:22.631	50331	10501	-94	-85	10
2015-07-30 04:33:47.259	50331	10501	-94	-85	10
2015-07-30 04:56:47.583	50331	10501	-94	-85	10	24.2	82.06	3.841
2015-07-30 05:11:35.878	50331	10501	-94	-83	10	24.15	82.11	3.841
2015-07-30 05:22:11.659	50331	10501	-94	-84	10
2015-07-30 05:39:40.434	50331	10501	-94	-85	10	24.1	82.07	3.841
2015-07-30 06:09:20.51	50331	10501	-94	-83	10	23.95	82.01	3.841
2015-07-30 06:37:21.594	50331	10501	-94	-82	10	23.78	82.0	3.841
2015-07-30 06:45:59.327	50331	10501	-94	-84	10
2015-07-30 07:12:03.75	50331	10501	-94	-83	10	23.51	81.96	3.841
2015-07-30 07:40:04.294	50331	10501	-94	-83	10	23.2	81.95	3.841
2015-07-30 08:09:47.286	50331	10501	-94	-84	10
2015-07-30 08:15:12.126	50331	10501	-94	-83	10	22.97	81.98	3.841
2015-07-30 08:53:20.366	50331	10501	-94	-84	10
2015-07-30 08:56:28.338	50331	10501	-94	-85	10	23.22	82.16	3.829
2015-07-30 09:25:47.774	50331	10501	-94	-86	10	23.6	82.22	3.841
2015-07-30 09:33:34.214	50331	10501	-94	-84	10
2015-07-30 09:57:11.403	50331	10501	-94	-87	10	24.21	82.25	3.841
2015-07-30 10:11:53.115	50331	10501	-94	-84	10	24.49	82.31	3.841
2015-07-30 10:48:48.138	50331	10501	-94	-84	10	25.33	82.29	3.841
2015-07-30 10:57:21.474	50331	10501	-94	-85	10
2015-07-30 11:12:50.807	50331	10501	-94	-85	10	25.91	82.39	3.841
2015-07-30 11:51:17.166	50331	10501	-94	-82	10	26.65	82.18	3.841
2015-07-30 12:09:40.114	50331	10501	-94	-84	10	26.99	82.25	3.829
2015-07-30 12:21:09.179	50331	10501	-94	-82	10
2015-07-30 12:37:55.158	50331	10501	-94	-82	10	27.8	82.38	3.841
2015-07-30 13:12:43.031	50331	10501	-94	-84	10
2015-07-30 13:22:36.61	50331	10501	-94	-86	10	28.72	82.28	3.841
2015-07-30 13:40:21.679	50331	10501	-94	-80	10	28.66	82.59	3.841
2015-07-30 13:44:58.846	50331	10501	-94	-82	10
2015-07-30 14:09:57.915	50331	10501	-94	-85	10	28.79	82.3	3.841
2015-07-30 14:50:15.967	50331	10501	-94	-85	10	29.02	82.06	3.841
2015-07-30 15:08:44.17	50331	10501	-94	-79	10
2015-07-30 15:28:13.57	50331	10501	-94	-84	10	29.16	82.14	3.841
2015-07-30 15:40:25.107	50331	10501	-94	-84	10	29.18	82.09	3.829
2015-07-30 16:20:37.726	50331	10501	-94	-84	10	29.08	82.04	3.841
2015-07-30 16:32:31.376	50331	10501	-94	-83	10
2015-07-30 16:45:57.059	50331	10501	-94	-84	10	28.88	81.92	3.841
2015-07-30 17:21:02.419	50331	10501	-94	-82	10	28.71	81.91	3.841
2015-07-30 17:32:10.683	50331	10501	-94	-83	10
2015-07-30 17:46:51.087	50331	10501	-94	-81	10	28.52	81.87	3.841
2015-07-30 17:56:19.019	50331	10501	-94	-85	10
2015-07-30 18:23:19.498	50331	10501	-94	-82	10	28.02	81.84	3.841
2015-07-30 18:45:33.979	50331	10501	-94	-84	10	27.77	81.81	3.841
2015-07-30 19:20:09.606	50331	10501	-94	-85	10
2015-07-30 19:26:05.795	50331	10501	-94	-85	10	27.18	81.71	3.841
2015-07-30 19:55:33.426	50331	10501	-94	-86	10	26.72	81.75	3.829
2015-07-30 20:07:32.034	50331	10501	-94	-83	10	26.52	81.63	3.841
2015-07-30 21:27:36.986	50331	10501	-94	-86	10	24.72	81.66	3.841
2015-07-30 21:51:37.73	50331	10501	-94	-85	10
2015-07-30 21:56:11.282	50331	10501	-94	-83	10	24.29	81.82	3.841
2015-07-30 22:07:41.106	50331	10501	-94	-85	10
2015-07-30 22:16:07.446	50331	10501	-94	-85	10	24.11	81.68	3.841
2015-07-30 22:44:34.966	50331	10501	-94	-86	10	23.5	81.52	3.829
2015-07-30 23:16:07.906	50331	10501	-94	-85	10	22.78	81.57	3.841
2015-07-30 23:31:28.346	50331	10501	-94	-84	10
2015-07-30 23:44:06.066	50331	10501	-94	-86	10	22.42	81.6	3.841
2015-07-31 00:17:09.94	50331	10501	-94	-84	10	22.04	81.64	3.841
2015-07-31 00:55:15.998	50331	10501	-94	-85	10
2015-07-31 00:58:03.454	50331	10501	-94	-85	10	21.36	81.47	3.829
2015-07-31 01:15:47.955	50331	10501	-94	-85	10	21.08	81.44	3.841
2015-07-31 01:40:02.287	50331	10501	-94	-84	10	20.63	81.44	3.829
2015-07-31 02:11:05.679	50331	10501	-94	-84	10
2015-07-31 02:19:03.439	50331	10501	-94	-84	10
2015-07-31 02:22:38.979	50331	10501	-94	-84	10	20.15	81.54	3.841
2015-07-31 02:38:02.155	50331	10501	-94	-83	10	20.07	81.42	3.829
2015-07-31 03:26:02.763	50331	10501	-94	-82	10	20.03	81.44	3.841
2015-07-31 03:42:51.235	50331	10501	-94	-84	10
2015-07-31 03:44:09.323	50331	10501	-94	-85	10	19.93	81.34	3.829
2015-07-31 04:14:08.123	50331	10501	-94	-84	10	19.49	81.19	3.829
2015-07-31 04:41:06.634	50331	10501	-94	-84	10	19.11	81.21	3.829
2015-07-31 05:06:38.551	50331	10501	-94	-84	10
2015-07-31 05:14:39.67	50331	10501	-94	-84	10	18.78	81.21	3.829
2015-07-31 05:46:35.042	50331	10501	-94	-84	10	18.46	81.2	3.829
2015-07-31 06:15:09.311	50331	10501	-94	-84	10	18.22	81.17	3.841
2015-07-31 06:30:26.138	50331	10501	-94	-84	10
2015-07-31 06:30:33.147	50331	10501	-94	-85	10
2015-07-31 06:37:03.023	50331	10501	-94	-84	10	18.1	81.27	3.829
2015-08-01 01:27:56.29	50331	10501	-94	-84	19	22.78	81.08	3.829
2015-08-01 01:37:31.983	50331	10501	-94	-83	19	22.77	81.08	3.829
2015-08-01 02:03:31.895	50331	10501	-94	-84	19
2015-08-01 02:16:43.424	50331	10501	-94	-82	18	22.59	80.99	3.829
2015-08-01 02:44:02.814	50331	10501	-94	-84	14	22.44	80.96	3.829
2015-08-01 03:27:19.486	50331	10501	-94	-84	10
2015-08-01 03:41:22.027	50331	10501	-94	-83	10	21.78	80.87	3.829
2015-08-01 04:07:52.21	50331	10501	-94	-84	10
2015-08-01 04:22:58.942	50331	10501	-94	-82	10	21.22	80.83	3.829
2015-08-01 04:43:30.904	50331	10501	-94	-83	10	20.9	80.83	3.829
2015-08-01 04:51:07.127	50331	10501	-94	-83	10
2015-08-01 05:07:15.239	50331	10501	-94	-84	10	20.49	80.74	3.829
2015-08-01 05:45:53.038	50331	10501	-94	-82	10	19.67	80.82	3.829
2015-08-01 06:14:54.102	50331	10501	-94	-83	10
2015-08-01 06:15:12.611	50331	10501	-94	-83	10	19.21	80.72	3.829
2015-08-01 06:51:43.354	50331	10501	-94	-82	10	18.64	80.83	3.829
2015-08-01 07:13:08.979	50331	10501	-94	-82	10	18.57	80.99	3.829
2015-08-01 07:38:41.902	50331	10501	-94	-83	10
2015-08-01 07:58:46.97	50331	10501	-94	-82	10	19.02	81.06	3.829
2015-08-01 08:08:27.447	50331	10501	-94	-82	10	19.18	81.1	3.829
2015-08-01 08:27:19.398	50331	10501	-94	-83	10
2015-08-01 08:57:40.559	50331	10501	-94	-84	10	20.18	81.03	3.829
2015-08-01 09:02:29.062	50331	10501	-94	-82	10
2015-08-01 09:20:56.543	50331	10501	-94	-82	10	20.77	81.09	3.829
2015-08-01 09:52:50.311	50331	10501	-94	-83	10	21.68	81.08	3.829
2015-08-01 10:21:48.872	50331	10501	-94	-82	10	22.54	81.11	3.829
2015-08-01 10:26:22.714	50331	10501	-94	-82	10
2015-08-01 10:37:12.203	50331	10501	-94	-85	10	22.94	81.12	3.829
2015-08-01 11:24:46.875	50331	10501	-94	-85	10	23.72	80.61	3.829
2015-08-01 11:47:57.438	50331	10501	-94	-81	10	24.41	80.73	3.829
2015-08-01 12:24:59.05	50331	10501	-94	-83	10	25.05	81.1	3.829
2015-08-01 13:07:13.494	50331	10501	-94	-82	10	26.18	81.24	3.829
2015-08-01 13:13:51.834	50331	10501	-94	-84	10
2015-08-01 15:12:23.787	50331	10501	-94	-84	10	26.83	81.38	3.829
2015-08-01 15:48:57.106	50331	10501	-94	-83	11	27.18	81.13	3.829
2015-08-01 16:01:27.25	50331	10501	-94	-84	11
2015-08-01 16:09:31.066	50331	10501	-94	-84	11	27.19	81.19	3.829
2015-08-01 16:46:27.918	50331	10501	-94	-84	10	26.96	80.87	3.829
2015-08-01 17:06:15.823	50331	10501	-94	-85	10
2015-08-01 17:09:44.058	50331	10501	-94	-85	10	26.96	80.82	3.829
2015-08-01 17:25:20.054	50331	10501	-94	-82	10
2015-08-01 17:50:53.519	50331	10501	-94	-83	10	25.63	80.73	3.829
2015-08-01 18:25:35.97	50331	10501	-94	-83	10	24.88	80.8	3.829
2015-08-01 18:25:44.722	50331	10501	-94	-83	10	24.88	80.8	3.829
2015-08-01 20:40:37.283	50331	10501	-94	-84	10	23.04	80.59	3.829
2015-08-01 22:24:53.054	50331	10501	-94	-85	10	20.96	80.69	3.829
2015-08-01 22:47:07.51	50331	10501	-94	-83	10	20.65	80.62	3.829
2015-08-01 23:00:24.062	50331	10501	-94	-84	10
2015-08-01 23:15:55.123	50331	10501	-94	-84	10	20.28	80.62	3.829
2015-08-01 23:54:55.118	50331	10501	-94	-84	10	19.72	80.5	3.829
2015-08-02 00:24:11.498	50331	10501	-94	-84	10
2015-08-02 00:24:40.591	50331	10501	-94	-84	10	19.43	80.62	3.829
2015-08-02 00:38:30.519	50331	10501	-94	-85	10	19.43	80.72	3.829
2015-08-02 01:24:04.687	50331	10501	-94	-85	10	19.11	80.37	3.829
2015-08-02 01:45:10.534	50331	10501	-94	-84	10
2015-08-02 01:47:59.07	50331	10501	-94	-85	10
2015-08-02 01:50:57.35	50331	10501	-94	-85	10	18.86	80.55	3.829
2015-08-02 02:26:18.318	50331	10501	-94	-85	10	19.1	80.65	3.829
2015-08-02 02:49:18.91	50331	10501	-94	-86	10	19.25	80.55	3.829
2015-08-02 03:11:46.894	50331	10501	-94	-84	10
2015-08-02 03:27:53.815	50331	10501	-94	-85	10	19.02	80.25	3.829
2015-08-02 03:49:22.702	50331	10501	-94	-85	10	18.79	80.22	3.829
2015-08-02 04:18:24.802	50331	10501	-94	-84	10	18.17	80.09	3.829
2015-08-02 04:35:34.258	50331	10501	-94	-84	10
2015-08-02 04:54:33.402	50331	10501	-94	-83	10	17.64	80.23	3.829
2015-08-02 05:24:40.074	50331	10501	-94	-83	10	17.56	80.42	3.829
2015-08-02 05:40:11.866	50331	10501	-94	-84	10	17.54	80.31	3.829
2015-08-02 05:59:21.878	50331	10501	-94	-83	10
2015-08-02 06:04:39.158	50331	10501	-94	-83	10
2015-08-02 06:26:46.934	50331	10501	-94	-83	10	17.7	80.37	3.829
2015-08-02 06:39:55.146	50331	10501	-94	-83	10	17.79	80.37	3.829
2015-08-02 07:23:08.054	50331	10501	-94	-84	10	17.92	80.31	3.829
2015-08-02 07:23:09.802	50331	10501	-94	-83	10
2015-08-02 07:41:40.55	50331	10501	-94	-83	10	18.06	80.47	3.829
2015-08-02 08:10:33.414	50331	10501	-94	-84	10	18.38	80.39	3.829
2015-08-02 08:45:09.75	50331	10501	-94	-84	10	19.17	80.56	3.829
2015-08-02 08:46:57.999	50331	10501	-94	-84	10
2015-08-02 09:20:33.31	50331	10501	-94	-85	10	19.97	80.71	3.829
2015-08-02 09:45:55.722	50331	10501	-94	-86	10	20.68	80.68	3.829
2015-08-02 10:10:44.531	50331	10501	-94	-85	10
2015-08-02 10:19:01.803	50331	10501	-94	-85	10	21.83	80.72	3.829
2015-08-02 10:24:09.615	50331	10501	-91	-86	10
2015-08-02 10:55:34.083	50331	10501	-94	-83	10	23.0	80.79	3.829
2015-08-02 11:16:15.562	50331	10501	-94	-86	10	23.74	80.82	3.829
2015-08-02 11:34:34.714	50331	10501	-94	-83	10
2015-08-02 11:40:32.718	50331	10501	-94	-83	10	24.66	80.65	3.829
2015-08-02 12:23:28.798	50331	10501	-94	-86	10	25.6	80.53	3.829
2015-08-02 12:39:18.702	50331	10501	-94	-84	10	26.02	80.83	3.829
2015-08-02 12:58:19.171	50331	10501	-94	-80	10
2015-08-02 13:58:26.138	50331	10501	-94	-85	13	27.69	80.45	3.829
2015-08-02 14:18:55.21	50331	10501	-94	-86	12	27.66	80.73	3.829
2015-08-02 14:22:06.695	50331	10501	-94	-84	12
2015-08-02 14:43:34.658	50331	10501	-94	-88	11
2015-08-02 14:58:04.295	50331	10501	-94	-83	11	27.86	81.12	3.829
2015-08-02 15:16:44.183	50331	10501	-94	-84	11	28.32	80.6	3.829
2015-08-02 15:39:14.447	50331	10501	-94	-87	10	28.54	80.81	3.829
2015-08-02 15:46:09.618	50331	10501	-94	-83	14
2015-08-02 16:11:46.342	50331	10501	-94	-87	14	28.41	81.08	3.829
2015-08-02 16:57:22.85	50331	10501	-94	-86	12	28.19	80.84	3.829
2015-08-02 17:09:43.814	50331	10501	-94	-83	11
2015-08-02 17:11:35.106	50331	10501	-94	-87	11	28.13	80.75	3.829
2015-08-02 17:41:26.335	50331	10501	-94	-84	11	28.15	80.81	3.829
2015-08-02 18:09:13.55	50331	10501	-94	-83	19	28.05	80.76	3.829
2015-08-02 18:33:30.546	50331	10501	-94	-85	18
2015-08-02 18:49:08.786	50331	10501	-94	-85	17	27.69	80.77	3.829
2015-08-02 19:03:02.058	50331	10501	-94	-82	17
2015-08-02 19:16:55.378	50331	10501	-94	-83	17	27.49	80.59	3.829
2015-08-02 19:47:33.634	50331	10501	-94	-86	16	27.02	80.46	3.829
2015-08-02 19:57:19.078	50331	10501	-94	-87	15
2015-08-02 20:25:57.702	50331	10501	-94	-89	13	26.47	80.51	3.829
2015-08-02 20:36:43.247	50331	10501	-94	-86	13	26.3	80.5	3.829
2015-08-02 21:21:05.222	50331	10501	-94	-86	12
2015-08-02 21:51:22.21	50331	10501	-94	-86	12	25.43	80.47	3.829
2015-08-02 22:19:49.23	50331	10501	-94	-85	12	25.1	80.4	3.829
2015-08-02 22:44:57.306	50331	10501	-94	-86	12
2015-08-02 22:55:02.899	50331	10501	-94	-83	12	24.65	80.41	3.829
2015-08-02 23:22:29.539	50331	10501	-94	-85	11
2015-08-02 23:27:55.995	50331	10501	-94	-86	11	24.34	80.4	3.829
2015-08-02 23:57:31.559	50331	10501	-94	-83	11	24.13	80.38	3.829
2015-08-03 00:08:44.57	50331	10501	-94	-86	10
2015-08-03 00:15:58.687	50331	10501	-94	-85	10	24.01	80.33	3.829
2015-08-03 00:52:19.191	50331	10501	-94	-86	10	23.75	80.3	3.829
2015-08-03 01:20:16.634	50331	10501	-94	-82	11	23.57	80.31	3.829
2015-08-03 01:32:27.284	50331	10501	-94	-86	11
2015-08-03 01:45:01.53	50331	10501	-94	-86	11	23.31	80.2	3.829
2015-08-03 02:22:58.246	50331	10501	-94	-87	11	22.92	80.23	3.829
2015-08-03 02:46:49.195	50331	10501	-94	-84	11	22.56	79.91	3.829
2015-08-03 02:56:14.298	50331	10501	-94	-85	11
2015-08-03 03:28:17.107	50331	10501	-94	-86	10	21.79	80.14	3.829
2015-08-03 03:41:58.458	50331	10501	-94	-87	10
2015-08-03 03:55:58.226	50331	10501	-94	-85	10	21.49	80.1	3.829
2015-08-03 04:50:57.702	50331	10501	-94	-85	10	20.76	80.16	3.829
2015-08-03 05:23:31.583	50331	10501	-94	-85	10	20.49	80.05	3.829
2015-08-03 05:43:49.466	50331	10501	-94	-84	10
2015-08-03 05:54:38.026	50331	10501	-94	-85	10	20.18	80.01	3.829
2015-08-03 06:19:35.77	50331	10501	-94	-87	10	19.96	79.96	3.829
2015-08-03 06:40:41.922	50331	10501	-94	-84	10	19.78	80.07	3.829
2015-08-03 07:07:39.518	50331	10501	-94	-85	10
2015-08-03 07:23:49.783	50331	10501	-94	-84	10	19.52	79.94	3.829
2015-08-03 07:36:35.827	50331	10501	-94	-85	10	19.5	79.99	3.829
2015-08-03 08:01:24.514	50331	10501	-94	-85	10
2015-08-03 08:19:58.639	50331	10501	-94	-85	10	19.7	80.08	3.829
2015-08-03 08:31:29.571	50331	10501	-94	-85	10
2015-08-03 08:55:10.91	50331	10501	-94	-86	10	19.86	80.04	3.829
2015-08-03 09:10:17.363	50331	10501	-94	-86	10	20.0	80.15	3.829
2015-08-03 09:37:23.983	50331	10501	-94	-86	10	20.38	80.15	3.829
2015-08-03 09:55:13.879	50331	10501	-94	-85	10
2015-08-03 10:21:38.964	50331	10501	-94	-85	10	21.15	80.14	3.829
2015-08-03 10:55:27.922	50331	10501	-94	-87	10	21.65	80.4	3.829
2015-08-03 11:19:11.827	50331	10501	-94	-83	10
2015-08-03 11:21:25.503	50331	10501	-94	-85	10	22.47	80.32	3.829
2015-08-03 11:50:26.839	50331	10501	-94	-83	10	23.28	80.22	3.829
2015-08-03 12:20:52.998	50331	10501	-94	-83	10
2015-08-03 12:27:57.078	50331	10501	-94	-82	10	24.52	80.2	3.829
2015-08-03 12:42:49.642	50331	10501	-94	-87	10
2015-08-03 13:25:12.27	50331	10501	-94	-80	10	25.63	80.38	3.829
2015-08-03 13:42:50.038	50331	10501	-94	-84	10	25.93	80.44	3.829
2015-08-03 14:15:00.174	50331	10501	-94	-84	10	26.74	80.32	3.829
2015-08-03 14:43:07.746	50331	10501	-94	-86	10	27.35	80.1	3.829
2015-08-03 15:28:55.002	50331	10501	-94	-85	12	27.16	79.99	3.829
2015-08-03 15:30:22.055	50331	10501	-94	-86	12
2015-08-03 15:50:08.13	50331	10501	-94	-85	13	26.82	79.99	3.829
2015-08-03 16:54:12.39	50331	10501	-94	-85	11
2015-08-03 17:11:15.479	50331	10501	-94	-86	11	24.94	79.89	3.829
2015-08-03 17:48:13.999	50331	10501	-94	-87	10	23.79	80.1	3.829
2015-08-03 18:10:01.326	50331	10501	-94	-87	10	23.56	80.26	3.829
2015-08-03 18:18:03.062	50331	10501	-94	-87	10
2015-08-03 19:11:50.71	50331	10501	-94	-88	14	23.21	80.05	3.829
2015-08-03 19:41:46.61	50331	10501	-94	-87	13
2015-08-03 19:44:41.374	50331	10501	-94	-86	12	22.85	80.05	3.829
2015-08-04 05:38:43.122	50331	10501	-94	-87	28
2015-08-04 11:03:31.707	50331	10501	-94	-84	20
2015-08-04 11:13:43.074	50331	10501	-94	-86	20	21.1	80.8	3.818
2015-08-04 13:28:57.595	50331	10501	-94	-86	18	24.8	81.31	3.829
2015-08-04 13:39:10.936	50331	10501	-94	-89	18	24.94	81.18	3.829
2015-08-04 13:51:16.518	50331	10501	-94	-85	18
2015-08-04 16:38:39.01	50331	10501	-94	-85	11
2015-08-04 18:02:25.575	50331	10501	-94	-82	10
2015-08-04 18:37:08.678	50331	10501	-94	-84	10
2015-08-04 19:26:13.527	50331	10501	-94	-83	10
2015-08-04 20:53:38.523	50331	10501	-94	-83	10	23.4	80.28	3.829
2015-08-04 21:10:24.087	50331	10501	-94	-83	10	23.04	80.51	3.829
2015-08-04 21:40:05.919	50331	10501	-94	-82	10	22.42	80.43	3.829
2015-08-04 22:11:35.263	50331	10501	-94	-83	10	21.52	80.21	3.829
2015-08-04 22:13:47.571	50331	10501	-94	-82	10
2015-08-04 22:39:38.442	50331	10501	-94	-83	10	20.86	80.49	3.818
2015-08-04 22:56:34.026	50331	10501	-94	-82	10
2015-08-04 23:19:59.615	50331	10501	-94	-82	10	20.06	80.52	3.829
2015-08-04 23:37:34.95	50331	10501	-94	-83	10
2015-08-04 23:57:50.395	50331	10501	-94	-82	10	19.54	80.26	3.829
2015-08-05 00:19:28.402	50331	10501	-94	-83	10	19.22	80.21	3.829
2015-08-05 00:55:44.738	50331	10501	-94	-82	10	18.78	80.12	3.829
2015-08-05 01:01:22.402	50331	10501	-94	-83	10
2015-08-05 01:08:57.21	50331	10501	-94	-83	10	18.61	80.21	3.829
2015-08-05 01:38:36.727	50331	10501	-94	-83	10	18.17	80.24	3.829
2015-08-05 02:09:33.087	50331	10501	-94	-82	10	18.04	80.11	3.829
2015-08-05 02:25:10.099	50331	10501	-94	-82	10
2015-08-05 02:58:22.038	50331	10501	-94	-82	10	17.6	80.14	3.829
2015-08-05 03:16:02.355	50331	10501	-94	-82	10
2015-08-05 03:24:04.975	50331	10501	-94	-82	10	17.36	80.02	3.829
2015-08-05 03:47:36.014	50331	10501	-94	-82	10	17.18	80.08	3.829
2015-08-05 03:49:00.31	50331	10501	-94	-82	10
2015-08-05 04:21:10.326	50331	10501	-94	-82	10	16.86	80.01	3.829
2015-08-05 04:38:03.85	50331	10501	-94	-82	10	16.81	79.97	3.829
2015-08-05 05:12:46.758	50331	10501	-94	-82	10
2015-08-05 05:13:39.346	50331	10501	-94	-82	10	16.46	79.92	3.829
2015-08-05 05:53:46.87	50331	10501	-94	-82	10	16.22	79.87	3.829
2015-08-05 06:12:08.066	50331	10501	-94	-82	10	16.18	79.96	3.829
2015-08-05 06:36:36.555	50331	10501	-94	-82	10
2015-08-05 06:39:37.294	50331	10501	-94	-82	10	16.11	79.87	3.818
2015-08-05 07:25:16.475	50331	10501	-94	-82	10	16.17	80.11	3.829
2015-08-05 07:35:29.114	50331	10501	-94	-80	10
2015-08-05 07:39:06.11	50331	10501	-94	-82	10	16.43	80.14	3.818
2015-08-05 08:00:19.902	50331	10501	-94	-82	10
2015-08-05 08:11:02.155	50331	10501	-94	-82	10	17.04	80.25	3.829
2015-08-05 09:08:58.458	50331	10501	-94	-82	10	18.82	80.23	3.829
2015-08-05 10:16:22.05	50331	10501	-94	-85	10	20.86	80.02	3.829
2015-08-05 10:43:20.37	50331	10501	-94	-84	10	21.4	80.45	3.818
2015-08-05 11:54:57.874	50331	10501	-94	-80	10
2015-08-05 11:56:39.854	50331	10501	-94	-82	10	23.32	80.31	3.818
2015-08-05 12:11:47.582	50331	10501	-94	-83	10
2015-08-05 12:17:58.778	50331	10501	-94	-84	10	23.56	80.36	3.829
2015-08-05 12:39:41.05	50331	10501	-94	-86	10	23.92	80.49	3.829
2015-08-05 13:19:24.699	50331	10501	-94	-84	10	24.02	80.8	3.829
2015-08-05 13:35:31.656	50331	10501	-94	-86	10
2015-08-05 13:40:41.65	50331	10501	-94	-88	10	24.35	80.08	3.829
2015-08-05 14:43:13.67	50331	10501	-94	-80	10	24.8	80.42	3.829
2015-08-05 14:59:24.97	50331	10501	-94	-87	10
2015-08-05 15:15:08.53	50331	10501	-94	-84	10	25.44	80.47	3.818
2015-08-05 15:58:05.358	50331	10501	-94	-85	10	25.24	80.3	3.829
2015-08-05 16:06:57.731	50331	10501	-94	-82	10	25.24	80.17	3.829
2015-08-05 16:14:26.746	50331	10501	-94	-82	10
2015-08-05 16:23:05.482	50331	10501	-94	-82	10
2015-08-05 16:46:36.514	50331	10501	-94	-84	10	25.13	80.2	3.829
2015-08-05 17:18:30.618	50331	10501	-94	-82	10	24.88	80.33	3.829
2015-08-05 17:46:52.854	50331	10501	-94	-85	10
2015-08-05 17:54:44.664	50331	10501	-94	-87	10	24.49	80.17	3.829
2015-08-05 18:14:14.851	50331	10501	-94	-86	10	24.52	80.23	3.818
2015-08-05 18:41:42.202	50331	10501	-94	-82	10	24.32	80.13	3.829
2015-08-05 19:10:40.227	50331	10501	-94	-85	10
2015-08-05 19:16:33.766	50331	10501	-94	-83	10	23.93	80.07	3.829
2015-08-05 19:43:47.814	50331	10501	-94	-86	10	23.49	80.03	3.829
2015-08-05 20:24:21.827	50331	10501	-94	-84	10	22.59	79.89	3.877
2015-08-05 20:33:52.494	50331	10501	-94	-84	10
2015-08-05 20:34:29.995	50331	10501	-94	-84	10
2015-08-05 20:42:51.198	50331	10501	-94	-84	10	22.15	79.85	3.829
2015-08-05 21:12:26.391	50331	10501	-94	-84	10	21.56	79.94	3.829
2015-08-05 21:48:43.919	50331	10501	-94	-85	10	20.83	79.97	3.829
2015-08-05 21:58:17.883	50331	10501	-94	-84	10
2015-08-05 22:16:45.432	50331	10501	-94	-85	10	20.24	79.66	3.829
2015-08-05 22:41:31.014	50331	10501	-94	-85	10	19.72	80.01	3.829
2015-08-05 23:19:55.802	50331	10501	-94	-85	10	19.0	80.09	3.818
2015-08-05 23:22:03.418	50331	10501	-94	-85	10
2015-08-05 23:45:21.355	50331	10501	-94	-85	10	18.63	80.11	3.829
2015-08-06 00:07:58.47	50331	10501	-94	-85	10	18.5	79.75	3.829
2015-08-06 00:45:50.167	50331	10501	-94	-85	10
2015-08-06 00:53:20.275	50331	10501	-94	-85	10
2015-08-06 00:54:05.271	50331	10501	-94	-85	10	17.81	79.7	3.829
2015-08-06 01:24:27.642	50331	10501	-94	-85	10	17.24	79.58	3.829
2015-08-06 01:45:39.878	50331	10501	-94	-84	10	16.9	79.56	3.829
2015-08-06 02:09:37.758	50331	10501	-94	-84	10
2015-08-06 02:11:40.686	50331	10501	-94	-84	10	16.58	79.65	3.829
2015-08-06 02:40:16.487	50331	10501	-94	-84	10	16.2	79.51	3.818
2015-08-06 03:15:21.498	50331	10501	-94	-84	10	15.61	79.51	3.829
2015-08-06 03:33:25.878	50331	10501	-94	-84	10
2015-08-06 03:43:45.036	50331	10501	-94	-84	10	15.45	79.68	3.829
2015-08-06 04:25:32.254	50331	10501	-94	-84	10	15.29	79.6	3.818
2015-08-06 04:57:12.406	50331	10501	-94	-85	10
2015-08-06 05:21:57.058	50331	10501	-94	-84	10	14.82	79.42	3.829
2015-08-06 05:58:58.374	50331	10501	-94	-84	10	14.38	79.42	3.818
2015-08-06 06:21:00.702	50331	10501	-94	-84	10
2015-08-06 06:21:38.071	50331	10501	-94	-83	10	14.25	79.29	3.818
2015-08-06 06:53:31.794	50331	10501	-94	-84	10	14.11	79.39	3.818
2015-08-06 07:11:43.106	50331	10501	-94	-84	10	14.18	79.4	3.818
2015-08-06 07:43:43.49	50331	10501	-94	-83	10	14.18	79.43	3.818
2015-08-06 07:44:48.511	50331	10501	-94	-83	10
2015-08-06 08:09:33.918	50331	10501	-94	-84	10	14.57	79.74	3.818
2015-08-06 08:50:19.622	50331	10501	-94	-84	10	15.57	79.78	3.818
2015-08-06 09:08:35.618	50331	10501	-94	-84	10
2015-08-06 09:16:21.774	50331	10501	-94	-84	10	16.14	79.52	3.829
2015-08-06 09:32:15.95	50331	10501	-94	-84	10
2015-08-06 09:56:31.878	50331	10501	-94	-85	10	16.75	79.63	3.818
2015-08-06 10:27:56.334	50331	10501	-94	-84	10	17.4	79.72	3.818
2015-08-06 10:32:23.875	50331	10501	-94	-86	10
2015-08-06 11:17:45.97	50331	10501	-94	-85	10	18.38	79.67	3.818
2015-08-06 13:20:03.199	50331	10501	-94	-86	10
2015-08-06 15:19:10.094	50331	10501	-94	-86	10	20.18	79.67	3.818
2015-08-06 15:42:02.583	50331	10501	-94	-86	10	20.29	79.67	3.818
2015-08-06 16:07:32.843	50331	10501	-94	-88	10
2015-08-06 16:24:17.351	50331	10501	-94	-88	10	20.29	79.64	3.818
2015-08-06 16:42:52.939	50331	10501	-94	-87	10	20.32	79.67	3.818
2015-08-06 17:23:20.614	50331	10501	-94	-87	10	20.36	79.76	3.818
2015-08-06 17:31:20.511	50331	10501	-94	-86	10
2015-08-06 17:58:21.486	50331	10501	-94	-83	10	20.5	79.5	3.818
2015-08-06 18:11:11.402	50331	10501	-94	-87	10
2015-08-06 18:17:07.15	50331	10501	-94	-86	10	20.36	79.63	3.818
2015-08-06 18:38:03.335	50331	10501	-94	-86	10	20.32	79.62	3.818
2015-08-06 18:55:09.846	50331	10501	-94	-88	10
2015-08-06 19:27:29.934	50331	10501	-94	-89	10	20.47	79.65	3.818
2015-08-06 19:38:09.966	50331	10501	-94	-89	10	20.45	79.49	3.818
2015-08-06 20:18:56.311	50331	10501	-94	-88	17
2015-08-06 20:21:47.954	50331	10501	-94	-88	17	19.64	79.37	3.818
2015-08-06 20:46:52.779	50331	10501	-94	-87	17	19.13	79.34	3.818
2015-08-06 21:18:15.854	50331	10501	-94	-86	15	18.47	79.44	3.818
2015-08-06 21:42:43.662	50331	10501	-94	-86	14
2015-08-06 21:58:24.439	50331	10501	-94	-86	14	17.77	79.52	3.818
2015-08-06 22:11:22.206	50331	10501	-94	-87	14	17.64	79.51	3.818
2015-08-06 22:30:39.446	50331	10501	-94	-86	13
2015-08-06 22:40:37.042	50331	10501	-94	-87	11	17.36	79.48	3.818
2015-08-06 23:06:30.307	50331	10501	-94	-86	11
2015-08-06 23:24:35.834	50331	10501	-94	-87	10	17.11	79.45	3.818
2015-08-06 23:43:31.106	50331	10501	-94	-88	10	17.02	79.43	3.818
2015-08-07 00:28:45.475	50331	10501	-94	-86	10	16.82	79.44	3.818
2015-08-07 00:30:19.143	50331	10501	-94	-85	10
2015-08-07 00:46:11.991	50331	10501	-94	-86	10	16.79	79.38	3.818
2015-08-07 01:22:55.531	50331	10501	-94	-85	10	16.39	79.3	3.818
2015-08-07 01:41:44.884	50331	10501	-94	-85	10	16.28	79.35	3.818
2015-08-07 01:54:06.29	50331	10501	-94	-85	10
2015-08-07 02:13:48.19	50331	10501	-94	-84	10	15.97	79.46	3.818
2015-08-07 02:50:07.191	50331	10501	-94	-84	10
2015-08-07 02:51:35.85	50331	10501	-94	-85	10	15.78	79.17	3.818
2015-08-07 03:11:08.451	50331	10501	-94	-84	10	15.52	79.26	3.818
2015-08-07 03:17:54.599	50331	10501	-94	-85	10
2015-08-07 03:49:21.431	50331	10501	-94	-85	10	15.14	79.21	3.818
2015-08-07 04:25:03.823	50331	10501	-94	-84	10	15.0	79.26	3.818
2015-08-07 04:41:30.863	50331	10501	-94	-86	10	15.0	79.23	3.818
2015-08-07 04:41:43.619	50331	10501	-94	-84	10
2015-08-07 06:05:31.078	50331	10501	-94	-84	10
2015-08-07 06:15:45.647	50331	10501	-94	-83	10	14.92	79.26	3.818
2015-08-07 06:55:23.491	50331	10501	-94	-84	10	14.7	79.19	3.818
2015-08-07 07:14:04.919	50331	10501	-94	-84	10	14.67	79.21	3.818
2015-08-07 07:48:04.135	50331	10501	-94	-85	10	14.86	79.45	3.818
2015-08-07 08:53:03.794	50331	10501	-94	-87	10
2015-08-07 09:41:24.455	50331	10501	-94	-87	10	17.85	79.76	3.818
2015-08-07 10:16:52.039	50331	10501	-94	-87	10
2015-08-07 10:19:40.194	50331	10501	-94	-86	10	19.07	79.59	3.818
2015-08-07 10:53:19.838	50331	10501	-94	-90	10	20.28	79.92	3.818
2015-08-07 11:12:50.767	50331	10501	-94	-86	10	21.15	79.57	3.818
2015-08-07 11:29:03.003	50331	10501	-94	-87	10
2015-08-07 11:40:43.062	50331	10501	-94	-89	10
2015-08-07 11:51:17.471	50331	10501	-94	-89	10	22.14	79.43	3.818
2015-08-07 12:15:58.295	50331	10501	-94	-88	10	22.92	79.86	3.818
2015-08-07 12:40:19.167	50331	10501	-94	-85	10	23.4	79.81	3.818
2015-08-07 13:04:31.351	50331	10501	-94	-88	10
2015-08-07 15:52:01.306	50331	10501	-94	-88	24
2015-08-08 00:42:28.371	50331	10501	-94	-86	19	18.65	79.5	3.818
2015-08-08 01:25:18.074	50331	10501	-94	-86	19	18.24	79.39	3.818
2015-08-08 01:38:35.002	50331	10501	-94	-86	18
2015-08-08 01:52:58.35	50331	10501	-94	-86	18	18.11	79.51	3.818
2015-08-08 02:12:29.99	50331	10501	-94	-86	17	18.17	79.5	3.818
2015-08-08 02:41:05.582	50331	10501	-94	-86	16	18.04	79.39	3.818
2015-08-08 03:02:22.266	50331	10501	-94	-86	16
2015-08-08 03:13:51.362	50331	10501	-94	-87	15	17.88	79.36	3.818
2015-08-08 03:43:03.454	50331	10501	-94	-86	15	17.81	79.37	3.818
2015-08-08 04:26:12.058	50331	10501	-94	-87	13
2015-08-08 04:27:04.942	50331	10501	-94	-87	13	17.72	79.38	3.818
2015-08-08 04:46:55.527	50331	10501	-94	-87	13
2015-08-08 04:51:32.63	50331	10501	-94	-86	12	17.77	79.36	3.818
2015-08-08 05:13:50.33	50331	10501	-94	-85	11	17.72	79.3	3.829
2015-08-08 05:49:25.95	50331	10501	-94	-86	10	17.46	79.27	3.818
2015-08-08 05:49:56.943	50331	10501	-94	-87	10
2015-08-08 06:15:26.054	50331	10501	-94	-87	10	17.33	79.24	3.829
2015-08-08 06:41:46.666	50331	10501	-94	-86	10	17.22	79.27	3.818
2015-08-08 07:13:44.563	50331	10501	-94	-86	10
2015-08-08 07:16:48.467	50331	10501	-94	-86	10	17.2	79.29	3.818
2015-08-08 07:45:28.426	50331	10501	-94	-86	10	17.22	79.37	3.818
2015-08-08 08:24:19.63	50331	10501	-94	-87	10	17.78	79.54	3.818
2015-08-08 08:37:34.399	50331	10501	-94	-89	10
2015-08-08 08:58:46.146	50331	10501	-94	-87	10	18.72	79.67	3.818
2015-08-08 09:06:22.09	50331	10501	-94	-88	10
2015-08-08 09:27:20.582	50331	10501	-94	-89	10	19.68	79.74	3.818
2015-08-08 09:45:19.151	50331	10501	-94	-88	10	20.31	79.7	3.818
2015-08-08 10:01:19.083	50331	10501	-94	-88	10
2015-08-08 10:12:45.967	50331	10501	-94	-87	10	21.36	79.79	3.818
2015-08-08 14:12:41.246	50331	10501	-94	-84	19
2015-08-08 14:29:12.039	50331	10501	-94	-87	19	26.4	79.43	3.829
2015-08-08 14:46:37.498	50331	10501	-94	-88	18	25.77	79.46	3.829
2015-08-08 15:28:04.566	50331	10501	-94	-87	17	25.33	79.87	3.829
2015-08-08 15:36:35.018	50331	10501	-94	-88	17
2015-08-08 15:43:48.774	50331	10501	-97	-89	16	25.66	80.26	3.818
2015-08-08 16:07:12.538	50331	10501	-94	-87	16	26.24	79.61	3.829
2015-08-08 16:59:05.219	50331	10501	-94	-87	15	25.93	79.62	3.829
2015-08-08 17:00:19.61	50331	10501	-94	-86	14
2015-08-08 17:25:11.394	50331	10501	-94	-87	13	25.72	79.79	3.829
2015-08-08 17:45:18.07	50331	10501	-94	-87	12
2015-08-08 17:46:27.91	50331	10501	-94	-87	12	25.68	79.81	3.829
2015-08-08 18:24:05.142	50331	10501	-94	-88	12
2015-08-08 18:25:02.362	50331	10501	-94	-88	12	25.18	79.7	3.829
2015-08-08 18:38:16.346	50331	10501	-94	-87	11	25.04	79.73	3.829
2015-08-08 19:22:42.115	50331	10501	-94	-87	10	24.49	79.74	3.829
2015-08-08 19:47:52.314	50331	10501	-94	-88	10
2015-08-08 19:57:46.986	50331	10501	-94	-88	10	24.15	79.65	3.829
2015-08-08 20:15:07.723	50331	10501	-94	-87	10	23.92	79.6	3.829
2015-08-08 20:47:08.567	50331	10501	-94	-88	10	23.39	79.54	3.829
2015-08-08 21:11:38.867	50331	10501	-94	-87	10
2015-08-08 21:26:59.498	50331	10501	-94	-88	10	22.76	79.7	3.829
2015-08-08 21:49:23.967	50331	10501	-94	-87	10	22.47	79.56	3.829
2015-08-08 22:04:46.67	50331	10501	-94	-87	10
2015-08-08 22:25:30.886	50331	10501	-94	-88	10	21.96	79.63	3.818
2015-08-08 22:35:26.766	50331	10501	-94	-88	10
2015-08-08 22:51:12.998	50331	10501	-94	-87	10	21.72	79.53	3.829
2015-08-08 23:07:32.686	50331	10501	-94	-88	10	21.52	79.51	3.829
2015-08-08 23:46:50.91	50331	10501	-94	-87	10	21.11	79.45	3.829
2015-08-08 23:59:14.182	50331	10501	-94	-86	10
2015-08-09 00:26:51.946	50331	10501	-94	-87	10	20.77	79.46	3.829
2015-08-09 01:23:01.952	50331	10501	-94	-87	10
2015-08-09 01:24:55.498	50331	10501	-94	-87	10	20.46	79.42	3.829
2015-08-09 01:53:33.406	50331	10501	-94	-87	10	20.22	79.39	3.829
2015-08-09 02:13:06.662	50331	10501	-94	-87	10	20.15	79.43	3.829
2015-08-09 02:24:12.366	50331	10501	-94	-87	10
2015-08-09 02:46:49.374	50331	10501	-94	-85	10
2015-08-09 02:53:42.182	50331	10501	-94	-87	10	19.97	79.39	3.829
2015-08-09 03:19:05.996	50331	10501	-94	-87	10	19.93	79.33	3.829
2015-08-09 03:40:41.566	50331	10501	-94	-87	10	19.82	79.31	3.829
2015-08-09 04:07:56.394	50331	10501	-94	-87	10	19.64	79.32	3.818
2015-08-09 04:10:36.283	50331	10501	-94	-87	10
2015-08-09 04:40:11.259	50331	10501	-94	-86	10	19.43	79.25	3.829
2015-08-09 05:08:45.474	50331	10501	-94	-88	10	19.27	79.29	3.829
2015-08-09 06:21:43.843	50331	10501	-94	-86	10	18.72	79.21	3.829
2015-08-09 06:43:42.907	50331	10501	-94	-87	10
2015-08-09 06:49:03.908	50331	10501	-94	-86	10	18.6	79.23	3.829
2015-08-09 06:58:12.658	50331	10501	-94	-86	10
2015-08-09 07:20:06.238	50331	10501	-94	-86	10	18.54	79.29	3.818
2015-08-09 07:39:20.314	50331	10501	-94	-86	10	18.56	79.3	3.818
2015-08-09 08:21:59.722	50331	10501	-94	-87	10
2015-08-09 08:25:45.15	50331	10501	-94	-87	10	18.95	79.48	3.818
2015-08-09 08:50:12.31	50331	10501	-94	-87	10	19.57	79.62	3.818
2015-08-09 09:11:02.571	50331	10501	-94	-87	10	20.18	79.62	3.818
2015-08-09 09:39:24.762	50331	10501	-94	-86	10	21.19	79.7	3.818
2015-08-09 09:45:48.97	50331	10501	-94	-87	10
2015-08-09 10:26:13.686	50331	10501	-94	-88	10	22.77	79.7	3.818
2015-08-09 10:42:11.97	50331	10501	-94	-89	10	23.4	79.83	3.818
2015-08-09 11:03:07.791	50331	10501	-94	-86	10
2015-08-09 11:08:06.69	50331	10501	-94	-84	10	24.22	79.93	3.818
2015-08-09 11:09:36.811	50331	10501	-94	-84	10
2015-08-11 00:48:31.822	50331	10501	-94	-86	20	22.11	79.11	3.829
2015-08-11 09:14:43.31	50331	10501	-94	-85	20
2015-08-11 10:24:24.147	50331	10501	-94	-86	19	21.44	79.89	3.829
2015-08-11 10:37:13.599	50331	10501	-94	-86	19
2015-08-11 10:38:30.151	50331	10501	-94	-86	19
2015-08-11 10:51:02.298	50331	10501	-94	-84	18	21.79	79.88	3.818
2015-08-11 11:13:19.598	50331	10501	-94	-86	18	22.44	80.05	3.818
2015-08-11 11:42:19.759	50331	10501	-94	-88	16	23.45	79.84	3.818
2015-08-11 12:02:19.502	50331	10501	-94	-87	16
2015-08-11 12:25:21.896	50331	10501	-94	-84	16	23.77	79.93	3.829
2015-08-11 12:53:32.366	50331	10501	-94	-84	15	24.26	79.99	3.818
2015-08-11 13:26:04.98	50331	10501	-94	-86	14
2015-08-11 13:29:01.384	50331	10501	-94	-85	14	24.47	79.53	3.818
2015-08-11 13:42:39.884	50331	10501	-94	-88	13	24.61	79.66	3.818
2015-08-11 14:49:53.307	50331	10501	-94	-85	11
2015-08-11 14:50:49.738	50331	10501	-94	-86	11	25.44	80.16	3.818
2015-08-11 14:56:55.534	50331	10501	-94	-82	10
2015-08-11 15:41:08.152	50331	10501	-94	-85	10	25.26	80.17	3.829
2015-08-11 16:13:42.91	50331	10501	-94	-86	10
2015-08-11 16:16:02.631	50331	10501	-94	-83	10	25.33	79.55	3.829
2015-08-11 16:37:52.463	50331	10501	-94	-83	10	25.49	79.66	3.818
2015-08-11 17:29:14.058	50331	10501	-94	-86	10	25.61	79.69	3.829
2015-08-11 17:37:35.074	50331	10501	-94	-87	10
2015-08-11 17:38:51.85	50331	10501	-94	-83	10	25.49	79.24	3.829
2015-08-11 18:22:08.855	50331	10501	-94	-85	10	24.58	79.52	3.818
2015-08-11 18:38:09.95	50331	10501	-94	-83	10	24.41	79.7	3.818
2015-08-11 19:01:15.25	50331	10501	-94	-84	10
2015-08-11 19:16:07.506	50331	10501	-94	-85	10
2015-08-11 19:17:41.518	50331	10501	-94	-80	10	24.11	79.45	3.829
2015-08-11 20:11:01.158	50331	10501	-94	-84	10	23.14	79.38	3.829
2015-08-11 20:25:03.523	50331	10501	-94	-85	10
2015-08-11 22:19:45.559	50331	10501	-94	-88	10	19.92	79.43	3.829
2015-08-12 00:21:43.426	50331	10501	-94	-86	10	18.63	79.39	3.829
2015-08-12 01:19:58.178	50331	10501	-94	-87	10	17.93	79.24	3.818
2015-08-12 02:00:13.327	50331	10501	-94	-87	10
2015-08-12 03:16:52.027	50331	10501	-94	-84	10	17.32	79.11	3.818
2015-08-12 06:44:26.102	50331	10501	-94	-87	10	16.53	78.94	3.818
2015-08-12 15:58:09.954	50331	10501	-94	-84	10
2015-08-12 16:43:25.174	50331	10501	-94	-86	10	22.74	79.11	3.818
2015-08-12 17:21:56.971	50331	10501	-94	-84	10
2015-08-12 18:08:34.614	50331	10501	-94	-85	10	23.15	79.25	3.818
2015-08-12 21:12:59.35	50331	10501	-94	-87	10
2015-08-12 21:24:13.231	50331	10501	-94	-84	10	19.81	79.1	3.818
2015-08-12 21:33:21.266	50331	10501	-94	-84	10
2015-08-12 21:42:25.183	50331	10501	-94	-84	10	19.54	79.12	3.818
2015-08-12 22:42:37.563	50331	10501	-94	-85	10	18.54	78.98	3.818
2015-08-13 00:18:41.107	50331	10501	-94	-88	10	16.61	78.71	3.818
2015-08-13 00:20:54.423	50331	10501	-94	-87	10
2015-08-13 00:43:09.099	50331	10501	-94	-88	10	15.96	78.69	3.818
2015-08-13 01:18:31.048	50331	10501	-94	-88	10	15.2	78.97	3.818
2015-08-13 01:32:22.394	50331	10501	-94	-88	10
2015-08-13 01:44:41.728	50331	10501	-94	-87	10
2015-08-13 01:48:54.55	50331	10501	-94	-88	10	14.75	78.74	3.818
2015-08-13 02:26:01.442	50331	10501	-94	-87	10	14.21	78.68	3.818
2015-08-14 08:37:44.323	50331	10501	-94	-88	18	17.04	78.98	3.818
2015-08-14 09:18:47.79	50331	10501	-94	-85	17	18.45	78.94	3.818
2015-08-14 17:07:48.395	50331	10501	-94	-89	17
2015-08-14 17:22:25.582	50331	10501	-94	-91	15	28.55	79.23	3.818
2015-08-15 09:09:57.326	50331	10501	-94	-88	20
2015-08-15 09:21:14.402	50331	10501	-94	-89	20	20.72	78.72	3.818
2015-08-15 09:42:18.474	50331	10501	-94	-87	18	21.33	78.74	3.818
2015-08-15 09:53:13.227	50331	10501	-94	-88	18
2015-08-30 08:25:56.846	50331	10501	-94	-81	10	19.25	76.14	3.806
2015-08-30 09:01:02.815	50331	10501	-94	-81	19	19.47	76.24	3.806
2015-08-30 13:48:22.122	50331	10501	-94	-82	13
2015-08-30 14:50:23.966	50331	10501	-94	-84	12	26.8	77.02	3.806
2015-08-30 16:35:51.919	50331	10501	-94	-84	12
2015-08-30 17:20:34.41	50331	10501	-94	-83	11	27.88	76.77	3.806
2015-08-30 18:04:12.702	50331	10501	-94	-83	10	27.57	76.85	3.806
2015-08-30 19:17:45.182	50331	10501	-94	-83	10	26.85	76.81	3.806
2015-08-30 23:34:50.05	50331	10501	-94	-82	10
2015-08-30 23:52:26.276	50331	10501	-94	-82	10	22.85	76.63	3.806
2015-08-31 01:32:08.766	50331	10501	-94	-81	10	22.02	76.6	3.806
2015-08-31 02:22:23.711	50331	10501	-94	-83	10
2015-08-31 07:20:10.782	50331	10501	-94	-83	10	19.61	76.33	3.806
2015-08-31 08:38:23.099	50331	10501	-94	-84	10	20.46	76.5	3.806
2015-08-31 09:21:23.038	50331	10501	-94	-84	10
2015-08-31 09:55:57.471	50331	10501	-94	-83	10	21.49	76.68	3.806
2015-08-31 11:55:46.003	50331	10501	-94	-82	10	25.9	76.81	3.806
2015-08-31 12:51:35.082	50331	10501	-94	-84	10	27.66	76.35	3.806
2015-08-31 14:56:38.486	50331	10501	-94	-79	10
2015-08-31 15:25:52.966	50331	10501	-94	-81	10	29.72	76.84	3.806
2015-08-31 16:20:19.29	50331	10501	-94	-80	10
2015-08-31 17:57:23.534	50331	10501	-94	-82	10	29.55	76.72	3.818
2015-08-31 20:13:24.494	50331	10501	-94	-84	10
2015-08-31 21:57:35.314	50331	10501	-94	-82	10	24.6	76.55	3.818
2015-09-01 01:18:24.219	50331	10501	-94	-82	10	21.99	76.27	3.806
2015-09-01 01:48:39.17	50331	10501	-94	-82	10	21.7	76.19	3.818
2015-09-01 05:38:09.77	50331	10501	-94	-82	10	19.88	76.01	3.806
2015-09-01 11:53:23.651	50331	10501	-94	-83	10
2015-09-01 12:17:04.634	50331	10501	-94	-84	10	27.71	76.6	3.806
2015-09-01 15:22:15.762	50331	10501	-94	-84	10	30.63	76.32	3.806
2015-09-01 16:08:49.206	50331	10501	-94	-84	10	30.69	76.47	3.806
2015-09-01 17:28:34.142	50331	10501	-94	-85	10
2015-09-01 17:50:53.83	50331	10501	-94	-83	10	30.05	76.23	3.818
2015-09-01 19:21:24.475	50331	10501	-94	-83	10	28.22	76.37	3.818
2015-09-01 20:52:50.299	50331	10501	-94	-82	10	26.11	76.28	3.818
2015-09-01 22:10:11.231	50331	10501	-94	-81	10
2015-09-01 23:03:44.619	50331	10501	-94	-81	10
2015-09-02 05:36:58.611	50331	10501	-94	-81	10	20.58	75.77	3.806
2015-09-02 06:02:41.57	50331	10501	-94	-81	10
2015-09-02 07:26:29.986	50331	10501	-94	-80	10
2015-09-02 08:35:32.942	50331	10501	-94	-81	10	20.79	76.06	3.806
2015-09-02 09:18:37.579	50331	10501	-94	-80	10	22.04	75.96	3.806
2015-09-02 10:14:04.219	50331	10501	-94	-82	10
2015-09-02 11:00:28.838	50331	10501	-94	-82	10	25.93	75.89	3.806
2015-09-02 13:01:39.364	50331	10501	-94	-84	10
2015-09-02 15:28:11.562	50331	10501	-94	-80	10
2015-09-02 19:26:59.735	50331	10501	-94	-83	10	28.82	76.02	3.818
2015-09-02 21:16:45.59	50331	10501	-94	-82	10	26.38	76.06	3.818
2015-09-02 22:36:50.441	50331	10501	-94	-83	10	25.05	76.02	3.806
2015-09-03 02:59:45.884	50331	10501	-94	-82	10
2015-09-03 05:23:29.286	50331	10501	-94	-81	10	21.04	75.44	3.806
2015-09-03 06:33:56.654	50331	10501	-94	-81	10	20.42	75.45	3.806
2015-09-03 08:21:21.055	50331	10501	-94	-81	10	20.78	75.71	3.806
2015-09-03 08:45:53.647	50331	10501	-94	-81	10
2015-09-03 11:22:18.863	50331	10501	-94	-83	10
2015-09-03 12:46:06.246	50331	10501	-94	-88	10
2015-09-03 14:38:47.506	50331	10501	-94	-84	10	29.77	75.79	3.806
2015-09-03 16:57:33.507	50331	10501	-94	-83	10
2015-09-03 22:32:39.774	50331	10501	-94	-83	10
2015-09-05 14:38:00.59	50331	10501	-94	-82	10	30.41	75.3	3.795
2015-09-05 19:00:17.442	50331	10501	-94	-80	10	21.01	75.91	3.806
2015-09-05 19:31:34.971	50331	10501	-94	-79	10	20.6	75.96	3.806
2015-09-05 19:53:25.422	50331	10501	-94	-80	10	20.45	75.75	3.806
2015-09-05 20:23:55.659	50331	10501	-94	-80	10	20.25	75.82	3.806
2015-09-05 20:37:50.678	50331	10501	-94	-80	10
2015-09-05 20:53:36.938	50331	10501	-94	-80	10	20.14	75.76	3.806
2015-09-05 21:18:20.323	50331	10501	-94	-80	10
2015-09-05 21:39:00.534	50331	10501	-94	-81	10	19.97	75.65	3.806
2015-09-05 21:51:28.431	50331	10501	-94	-81	10	19.97	75.65	3.806
2015-09-05 22:01:34.382	50331	10501	-94	-81	10
2015-09-05 22:19:48.955	50331	10501	-94	-81	10	19.95	75.67	3.806
2015-09-05 23:25:21.406	50331	10501	-94	-80	10
2015-09-06 00:06:59.234	50331	10501	-94	-81	10	19.64	75.64	3.806
2015-09-06 01:08:00.539	50331	10501	-94	-81	10	19.49	75.69	3.806
2015-09-06 01:48:31.602	50331	10501	-94	-80	10	19.39	75.75	3.806
2015-09-06 02:24:38.19	50331	10501	-94	-80	10	19.28	75.75	3.795
2015-09-06 03:21:11.695	50331	10501	-94	-80	10	19.15	75.78	3.795
2015-09-06 04:57:33.166	50331	10501	-94	-81	10	18.81	75.79	3.806
2015-09-06 05:48:30.706	50331	10501	-94	-82	10	18.64	75.89	3.806
2015-09-06 06:24:53.603	50331	10501	-94	-82	10	18.56	75.9	3.795
2015-09-06 07:25:34.562	50331	10501	-94	-82	10	18.43	75.98	3.795
2015-09-06 07:51:25.218	50331	10501	-94	-82	10	18.53	76.08	3.795
2015-09-06 09:05:40.138	50331	10501	-94	-82	10	20.03	76.54	3.795
2015-09-06 14:47:04.102	50331	10501	-94	-85	10
2015-09-06 15:05:31.926	50331	10501	-94	-82	10	29.61	76.62	3.795
2015-09-06 18:58:27.755	50331	10501	-94	-83	10
2015-09-06 19:19:12.731	50331	10501	-94	-83	10	28.52	76.82	3.806
2015-09-08 12:52:15.467	50331	10501	-94	-81	10
2015-09-08 15:01:53.363	50331	10501	-94	-80	10	31.58	76.31	3.806
2015-09-08 15:57:05.122	50331	10501	-94	-84	10	31.94	76.19	3.806
2015-09-09 14:00:30.207	50331	10501	-94	-82	10
2015-09-09 14:32:18.247	50331	10501	-94	-82	10	30.83	75.72	3.795
2015-09-09 14:47:47.402	50331	10501	-94	-82	10	31.36	75.57	3.795
2015-09-09 16:36:48.843	50331	10501	-94	-82	10	24.36	75.74	3.806
2015-09-10 20:48:17.991	50331	10501	-94	-85	10	18.64	77.0	3.783
2015-09-10 22:04:49.102	50331	10501	-94	-85	10	17.89	77.08	3.795
2015-09-10 22:07:40.13	50331	10501	-94	-85	10
2015-09-10 22:31:33.546	50331	10501	-94	-85	10	17.68	77.09	3.783
2015-09-10 22:53:20.782	50331	10501	-94	-85	10	17.57	77.07	3.783
2015-09-10 23:31:28.31	50331	10501	-94	-85	10
2015-09-11 00:03:45.226	50331	10501	-94	-85	10	17.07	77.07	3.783
2015-09-11 00:55:27.29	50331	10501	-94	-86	10
2015-09-11 02:19:03.462	50331	10501	-94	-86	10
2015-09-11 02:42:43.782	50331	10501	-94	-85	10
2015-09-11 02:53:57.474	50331	10501	-94	-85	10	15.86	77.05	3.783
2015-09-11 03:24:14.874	50331	10501	-94	-84	10	15.57	77.07	3.783
2015-09-11 05:07:16.163	50331	10501	-94	-84	10	15.04	77.11	3.783
2015-09-11 05:50:22.206	50331	10501	-94	-85	10	15.0	77.16	3.783
2015-09-11 06:26:05.614	50331	10501	-94	-86	10	15.31	77.32	3.783
2015-09-11 07:02:11.006	50331	10501	-94	-87	10
2015-09-11 07:34:17.234	50331	10501	-94	-88	10	15.88	77.39	3.783
2015-09-11 07:54:14.65	50331	10501	-94	-87	10
2015-09-11 10:38:44.61	50331	10501	-94	-84	10	17.43	77.66	3.783
2015-09-11 10:41:48.37	50331	10501	-94	-84	10
2015-09-11 12:17:33.238	50331	10501	-94	-85	10	20.58	78.08	3.783
2015-09-11 13:29:22.719	50331	10501	-94	-81	10
2015-09-11 15:48:25.518	50331	10501	-94	-82	10	24.34	78.2	3.783
2015-09-11 17:01:09.382	50331	10501	-94	-82	10	24.61	78.06	3.783
2015-09-11 17:28:27.702	50331	10501	-94	-82	10	24.49	78.18	3.783
2015-09-11 17:40:46.386	50331	10501	-94	-80	10
2015-09-11 17:59:23.87	50331	10501	-94	-80	10	24.21	78.17	3.795
2015-09-11 19:31:14.694	50331	10501	-94	-80	10	22.64	77.98	3.783
2015-09-11 20:06:53.892	50331	10501	-94	-80	10	21.68	78.13	3.783
2015-09-11 20:32:26.79	50331	10501	-94	-80	10	21.11	78.04	3.795
2015-09-11 21:25:01.01	50331	10501	-94	-80	10	20.5	78.17	3.783
2015-09-11 21:50:56.526	50331	10501	-97	-80	10	20.35	77.96	3.783
2015-09-11 22:49:47.178	50331	10501	-94	-81	10	19.5	77.91	3.795
2015-09-12 02:03:30.631	50331	10501	-94	-81	10
2015-09-12 03:02:09.903	50331	10501	-94	-81	10	17.24	77.52	3.783
2015-09-12 03:20:15.006	50331	10501	-94	-81	10	16.96	77.51	3.783
2015-09-12 03:27:22.266	50331	10501	-94	-81	10
2015-09-12 04:39:40.17	50331	10501	-94	-83	10
2015-09-12 04:39:41.959	50331	10501	-94	-83	10
2015-09-12 04:51:06.162	50331	10501	-94	-83	10
2015-09-12 04:57:31.443	50331	10501	-94	-85	10	15.79	77.5	3.783
2015-09-12 05:26:52.863	50331	10501	-94	-86	10	15.61	77.59	3.783
2015-09-12 05:55:58.111	50331	10501	-94	-84	10	15.35	77.64	3.818
2015-09-12 06:14:55.026	50331	10501	-94	-85	10
2015-09-12 06:18:26.711	50331	10501	-94	-86	10	15.21	77.71	3.783
2015-09-12 06:18:40.394	50331	10501	-94	-86	10	15.21	77.71	3.783
2015-09-12 06:18:43.206	50331	10501	-94	-86	10	15.21	77.71	3.783
2015-09-12 06:18:44.895	50331	10501	-94	-86	10	15.21	77.71	3.783
2015-09-12 07:03:33.523	50331	10501	-94	-85	10	15.0	77.67	3.783
2015-09-12 07:23:22.334	50331	10501	-94	-86	10	15.0	77.67	3.783
2015-09-12 07:38:40.53	50331	10501	-94	-86	10
2015-09-12 07:56:03.174	50331	10501	-94	-85	10	15.0	77.72	3.783
2015-09-12 08:39:29.246	50331	10501	-94	-86	10	15.0	77.8	3.783
2015-09-12 08:53:51.203	50331	10501	-94	-87	10	15.0	77.78	3.783
2015-09-12 08:58:56.65	50331	10501	-94	-87	10
2015-09-12 09:02:28.518	50331	10501	-94	-87	10
2015-09-12 09:26:46.655	50331	10501	-94	-87	10	15.0	77.78	3.783
2015-09-12 10:07:47.19	50331	10501	-94	-87	10	15.0	77.9	3.783
2015-09-12 10:26:16.986	50331	10501	-94	-86	10
2015-09-12 10:35:14.947	50331	10501	-94	-85	10	15.06	77.89	3.783
2015-09-12 11:07:58.447	50331	10501	-94	-85	10	15.2	77.92	3.783
2015-09-12 11:39:00.946	50331	10501	-94	-84	10	15.2	77.84	3.783
2015-09-12 11:50:07.546	50331	10501	-94	-84	10
2015-09-12 12:00:39.322	50331	10501	-94	-84	10	15.32	78.0	3.783
2015-09-12 12:21:34.034	50331	10501	-94	-84	10	15.29	77.89	3.783
2015-09-12 12:58:55.631	50331	10501	-94	-84	10	15.32	78.02	3.783
2015-09-12 13:13:51.05	50331	10501	-94	-84	10
2015-09-12 13:18:24.634	50331	10501	-94	-85	10
2015-09-12 13:21:01.215	50331	10501	-94	-84	10	15.25	77.88	3.783
2015-09-12 14:08:28.234	50331	10501	-94	-85	10	15.38	77.96	3.783
2015-09-12 14:32:30.138	50331	10501	-94	-84	10	15.85	78.18	3.783
2015-09-12 14:37:38.939	50331	10501	-94	-86	10
2015-09-12 15:04:13.77	50331	10501	-94	-85	10	15.88	78.06	3.783
2015-09-12 15:55:56.674	50331	10501	-94	-86	10	15.43	77.92	3.783
2015-09-12 16:01:25.766	50331	10501	-94	-84	10
2015-09-12 16:26:44.51	50331	10501	-94	-84	10	15.14	77.93	3.772
2015-09-12 16:53:04.755	50331	10501	-94	-84	10	15.0	77.98	3.783
2015-09-12 17:23:32.682	50331	10501	-94	-83	10	15.0	78.13	3.783
2015-09-12 17:25:13.418	50331	10501	-94	-84	10
2015-09-12 17:37:53.182	50331	10501	-94	-84	10
2015-09-12 18:39:07.127	50331	10501	-94	-86	10	14.4	78.03	3.772
2015-09-12 18:49:01.222	50331	10501	-94	-86	10
2015-09-12 18:50:05.594	50331	10501	-94	-82	10	14.28	78.01	3.783
2015-09-12 19:21:01.299	50331	10501	-94	-83	10	13.96	78.12	3.772
2015-09-12 19:50:03.759	50331	10501	-94	-81	10	13.89	78.13	3.772
2015-09-12 20:12:48.787	50331	10501	-94	-82	10
2015-09-12 20:31:03.45	50331	10501	-94	-83	10	13.75	78.15	3.783
2015-09-12 20:54:38.391	50331	10501	-94	-82	10	13.74	78.15	3.772
2015-09-12 21:20:30.146	50331	10501	-94	-82	10	13.49	78.09	3.772
2015-09-12 21:36:35.51	50331	10501	-94	-82	10
2015-09-12 21:57:21.059	50331	10501	-94	-82	10
2015-09-12 23:00:23.291	50331	10501	-94	-84	10
2015-09-13 00:01:51.33	50331	10501	-94	-82	10	12.36	78.08	3.772
2015-09-13 00:24:10.851	50331	10501	-94	-82	10
2015-09-13 00:28:38.098	50331	10501	-94	-82	10	12.22	78.13	3.783
2015-09-13 01:04:54.526	50331	10501	-94	-81	10	12.11	78.13	3.772
2015-09-13 01:36:47.119	50331	10501	-94	-82	10	12.0	78.16	3.772
2015-09-13 01:48:01.755	50331	10501	-94	-81	10
2015-09-13 02:04:13.127	50331	10501	-94	-83	10	11.92	78.19	3.772
2015-09-13 02:16:49.51	50331	10501	-94	-82	10
2015-09-13 03:50:23.759	50331	10501	-94	-83	10	11.83	78.2	3.772
2015-09-13 04:23:48.29	50331	10501	-94	-84	10	11.85	78.2	3.772
2015-09-13 04:35:35.202	50331	10501	-94	-83	10
2015-09-13 05:07:17.123	50331	10501	-97	-84	10	11.79	78.14	3.772
2015-09-13 05:53:14.647	50331	10501	-94	-84	10	11.74	78.23	3.772
2015-09-13 06:33:41.843	50331	10501	-94	-86	10	11.68	78.16	3.772
2015-09-13 06:36:17.058	50331	10501	-94	-85	10
2015-09-13 06:36:19.191	50331	10501	-94	-85	10
2015-09-13 07:06:10.522	50331	10501	-94	-84	10	11.54	78.21	3.772
2015-09-13 07:23:08.958	50331	10501	-94	-85	10
2015-09-13 07:23:41.699	50331	10501	-94	-85	10	11.46	78.17	3.772
2015-09-13 07:49:48.639	50331	10501	-94	-86	10	11.32	78.19	3.772
2015-09-13 08:35:11.162	50331	10501	-94	-85	10	11.29	78.2	3.772
2015-09-13 09:00:13.906	50331	10501	-94	-86	10	11.43	78.28	3.772
2015-09-13 09:32:31.626	50331	10501	-94	-84	10	11.82	78.32	3.772
2015-09-13 09:54:22.822	50331	10501	-97	-87	10	12.11	78.53	3.772
2015-09-13 10:10:44.406	50331	10501	-94	-85	10
2015-09-13 10:27:18.726	50331	10501	-94	-86	10	12.74	78.24	3.772
2015-09-13 10:58:20.163	50331	10501	-94	-85	10	13.31	78.49	3.772
2015-09-13 12:49:11.791	50331	10501	-94	-84	10	12.28	78.52	3.772
2015-09-13 12:58:21.762	50331	10501	-94	-83	10
2015-09-13 13:27:38.239	50331	10501	-94	-83	10	12.65	79.05	3.772
2015-09-13 14:05:12.587	50331	10501	-94	-85	14	12.86	78.34	3.772
2015-09-13 14:21:51.627	50331	10501	-94	-86	13	13.18	78.76	3.772
2015-09-13 14:22:07.242	50331	10501	-94	-84	12
2015-09-13 15:09:35.539	50331	10501	-94	-84	11	14.39	78.13	3.772
2015-09-13 15:15:12.199	50331	10501	-94	-85	11
2015-09-13 15:39:36.346	50331	10501	-94	-87	10	14.47	78.74	3.772
2015-09-13 15:45:54.77	50331	10501	-94	-85	10
2015-09-13 15:50:33.079	50331	10501	-94	-82	10	14.54	78.5	3.772
2015-09-13 16:18:59.711	50331	10501	-94	-81	10	14.49	78.56	3.772
2015-09-13 16:55:49.146	50331	10501	-94	-85	10	14.32	78.8	3.772
2015-09-13 17:09:41.995	50331	10501	-94	-85	10
2015-09-13 17:39:28.395	50331	10501	-94	-84	10	14.35	79.01	3.772
2015-09-13 17:58:48.578	50331	10501	-94	-85	10	14.71	78.99	3.772
2015-09-13 18:33:28.542	50331	10501	-94	-83	10
2015-09-13 18:36:17.447	50331	10501	-94	-84	10	14.86	78.92	3.772
2015-09-13 19:02:41.563	50331	10501	-94	-85	10	14.77	78.8	3.772
2015-09-13 19:21:02.898	50331	10501	-94	-84	10	14.61	78.77	3.772
2015-09-13 19:34:40.631	50331	10501	-94	-84	10
2015-09-13 19:53:16.186	50331	10501	-94	-83	10	14.14	78.74	3.772
2015-09-13 19:57:17.495	50331	10501	-94	-83	10
2015-09-13 20:19:00.951	50331	10501	-94	-83	10	13.74	78.68	3.772
2015-09-13 21:06:46.946	50331	10501	-94	-82	10	12.83	78.69	3.772
2015-09-13 21:21:03.87	50331	10501	-94	-83	10
2015-09-13 22:33:02.243	50331	10501	-94	-82	10	11.5	78.85	3.772
2015-09-13 23:07:27.374	50331	10501	-94	-82	10	11.39	78.83	3.772
2015-09-13 23:54:07.49	50331	10501	-94	-82	10
2015-09-14 00:08:38.479	50331	10501	-94	-82	10
2015-09-14 00:56:11.394	50331	10501	-94	-82	10	11.22	78.64	3.772
2015-09-14 01:32:26.702	50331	10501	-94	-82	10
2015-09-14 01:56:14.67	50331	10501	-94	-81	10	11.07	78.56	3.772
2015-09-14 02:56:15.403	50331	10501	-94	-83	10
2015-09-14 04:13:36.055	50331	10501	-94	-82	10
2015-09-14 04:20:02.559	50331	10501	-94	-82	10
2015-09-14 05:05:34.94	50331	10501	-94	-82	10	10.92	78.53	3.772
2015-09-14 06:02:26.966	50331	10501	-94	-82	10	10.79	78.37	3.772
2015-09-14 06:47:38.619	50331	10501	-94	-82	10	10.57	78.4	3.772
2015-09-14 07:07:37.43	50331	10501	-94	-82	10
2015-09-14 07:26:26.91	50331	10501	-94	-82	10	10.32	78.45	3.772
2015-09-14 08:31:25.143	50331	10501	-94	-82	10
2015-09-14 08:57:56.286	50331	10501	-94	-82	10	11.24	78.94	3.772
2015-09-14 09:38:25.734	50331	10501	-94	-84	10	12.61	78.97	3.772
2015-09-14 10:23:48.19	50331	10501	-94	-84	10	14.29	79.05	3.772
2015-09-14 11:19:04.834	50331	10501	-94	-83	10
2015-09-14 12:25:35.363	50331	10501	-94	-84	10	18.04	79.24	3.772
2015-09-14 13:23:40.646	50331	10501	-94	-82	10	19.68	78.78	3.772
2015-09-14 13:54:10.743	50331	10501	-94	-81	10	20.54	78.31	3.772
2015-09-14 14:06:34.718	50331	10501	-94	-85	10
2015-09-14 15:26:27.582	50331	10501	-94	-83	10	21.22	78.98	3.772
2015-09-14 16:26:41.066	50331	10501	-94	-84	10	21.47	79.16	3.772
2015-09-14 16:54:09.874	50331	10501	-94	-83	10
2015-09-14 17:12:12.522	50331	10501	-94	-85	10
2015-09-14 19:41:44.222	50331	10501	-94	-83	10
2015-09-14 21:31:25.679	50331	10501	-94	-84	10
2015-09-14 22:29:19.539	50331	10501	-94	-84	10
2015-09-14 22:39:13.175	50331	10501	-94	-84	10	16.31	78.92	3.783
2015-09-14 23:53:07.99	50331	10501	-94	-84	10
2015-09-15 00:29:20.12	50331	10501	-94	-84	10	15.0	78.82	3.772
2015-09-15 01:16:54.906	50331	10501	-94	-84	10
2015-09-15 01:50:53.418	50331	10501	-94	-84	10
2015-09-15 02:38:45.174	50331	10501	-94	-84	10	13.56	78.77	3.783
2015-09-15 02:52:19.87	50331	10501	-94	-84	10	13.42	78.66	3.783
2015-09-15 03:19:28.575	50331	10501	-94	-84	10	13.06	78.66	3.772
2015-09-15 04:04:29.759	50331	10501	-94	-84	10
2015-09-15 04:37:06.746	50331	10501	-94	-83	10	12.18	78.55	3.783
2015-09-15 05:28:16.814	50331	10501	-94	-84	10
2015-09-15 06:08:52.003	50331	10501	-94	-84	10	11.56	78.46	3.772
2015-09-15 08:21:56.894	50331	10501	-94	-84	10	11.64	78.76	3.772
2015-09-15 09:39:39.784	50331	10501	-94	-83	10
2015-09-15 10:05:53.199	50331	10501	-94	-84	10	15.29	78.89	3.772
2015-09-15 10:29:50.083	50331	10501	-94	-85	10
2015-09-15 11:03:27.586	50331	10501	-94	-85	10
2015-09-15 11:20:36.035	50331	10501	-94	-85	10	18.57	79.23	3.772
2015-09-15 12:02:10.799	50331	10501	-94	-85	10	19.92	79.07	3.772
2015-09-15 12:27:17.559	50331	10501	-94	-84	10
2015-09-15 12:29:27.866	50331	10501	-94	-85	10	20.61	78.93	3.772
2015-09-15 12:50:23.91	50331	10501	-94	-86	10	21.51	79.04	3.772
2015-09-15 13:51:02.838	50331	10501	-94	-86	10
2015-09-15 15:14:49.25	50331	10501	-94	-84	10
2015-09-15 15:55:19.854	50331	10501	-94	-85	10	24.41	79.15	3.783
2015-09-15 16:38:38.154	50331	10501	-94	-85	10
2015-09-15 16:47:33.251	50331	10501	-94	-85	10	24.36	79.35	3.783
2015-09-15 17:20:48.294	50331	10501	-94	-86	10	24.4	79.22	3.783
2015-09-15 18:02:24.726	50331	10501	-94	-85	10
2015-09-15 18:49:46.987	50331	10501	-94	-85	10	23.11	79.17	3.783
2015-09-15 19:08:44.23	50331	10501	-94	-84	10
2015-09-15 19:25:21.734	50331	10501	-94	-85	10	22.31	79.02	3.783
2015-09-15 20:50:00.154	50331	10501	-94	-84	10
2015-09-15 22:13:48.414	50331	10501	-94	-85	10
2015-09-15 23:38:54.267	50331	10501	-94	-84	10	17.46	79.01	3.783
2015-09-16 01:33:39.583	50331	10501	-94	-84	10	16.15	78.74	3.783
2015-09-16 02:54:50.151	50331	10501	-94	-85	10	15.29	78.6	3.783
2015-09-16 03:48:57.414	50331	10501	-94	-84	10
2015-09-16 05:00:59.49	50331	10501	-94	-84	10	14.39	78.52	3.783
2015-09-16 10:59:07.818	50331	10501	-94	-85	10	19.89	79.3	3.772
2015-09-16 11:25:27.595	50331	10501	-94	-84	10	20.64	79.22	3.783
2015-09-16 13:30:32.311	50331	10501	-94	-84	10	25.55	78.88	3.772
2015-09-16 14:21:38.467	50331	10501	-94	-83	10	26.58	78.58	3.783
2015-09-16 14:59:18.687	50331	10501	-94	-84	10
2015-09-16 16:57:52.182	50331	10501	-94	-84	10	26.88	78.99	3.795
2015-09-16 17:46:52.646	50331	10501	-94	-84	10
2015-09-16 21:05:31.671	50331	10501	-94	-84	10
2015-09-17 14:23:24.206	50331	10501	-94	-86	12
2015-09-17 14:24:17.558	50331	10501	-94	-86	12	26.99	78.2	3.772
2015-09-17 14:43:47.067	50331	10501	-94	-86	11
2015-09-17 15:17:30.766	50331	10501	-94	-85	10	27.08	78.54	3.783
2015-09-17 16:01:46.018	50331	10501	-94	-86	10	26.99	79.01	3.783
2015-09-17 16:07:32.778	50331	10501	-94	-85	10
2015-09-17 16:37:16.414	50331	10501	-94	-84	10	26.91	78.89	3.783
2015-09-17 16:57:26.622	50331	10501	-94	-85	10	27.21	78.95	3.783
2015-09-17 17:31:20.962	50331	10501	-94	-85	10
2015-09-17 17:34:51.058	50331	10501	-94	-84	10	26.54	78.81	3.783
2015-09-17 18:03:49.634	50331	10501	-94	-83	10	26.27	78.76	3.783
2015-09-17 18:18:20.358	50331	10501	-94	-83	10	25.96	78.72	3.783
2015-09-17 18:42:48.982	50331	10501	-94	-84	10
2015-09-17 18:53:30.496	50331	10501	-94	-83	10	25.11	78.63	3.783
2015-09-17 18:55:06.963	50331	10501	-94	-83	10
2015-09-17 19:31:07.703	50331	10501	-94	-83	10	23.97	78.52	3.783
2015-09-17 20:01:50.791	50331	10501	-94	-83	10	22.9	78.64	3.783
2015-09-17 20:18:55.203	50331	10501	-94	-84	10
2015-09-17 20:24:02.51	50331	10501	-94	-84	10	22.44	78.89	3.783
2015-09-17 20:55:51.186	50331	10501	-94	-84	10	21.65	78.73	3.783
2015-09-17 21:17:57.766	50331	10501	-94	-84	10	21.26	78.62	3.783
2015-09-17 21:42:43.275	50331	10501	-94	-84	10
2015-09-17 22:05:13.318	50331	10501	-94	-84	10	20.25	78.72	3.783
2015-09-17 22:32:28.606	50331	10501	-94	-84	10	19.96	78.63	3.783
2015-09-17 23:02:16.815	50331	10501	-94	-84	10
2015-09-17 23:06:30.575	50331	10501	-94	-84	10
2015-09-17 23:06:49.614	50331	10501	-94	-84	10	19.36	78.53	3.783
2015-09-17 23:34:41.655	50331	10501	-94	-84	10	19.06	78.34	3.783
2015-09-18 00:01:25.515	50331	10501	-94	-84	10	18.64	78.33	3.783
2015-09-18 00:30:17.206	50331	10501	-94	-84	10
2015-09-18 00:37:20.571	50331	10501	-94	-85	10	18.04	78.36	3.783
2015-09-18 01:03:58.726	50331	10501	-94	-85	10	17.75	78.3	3.783
2015-09-18 01:22:00.662	50331	10501	-94	-85	10	17.46	78.27	3.783
2015-09-18 01:54:06.478	50331	10501	-94	-85	10
2015-09-18 01:57:10.39	50331	10501	-94	-85	10	17.07	78.19	3.783
2015-09-18 02:35:54.542	50331	10501	-94	-85	10	16.7	78.18	3.783
2015-09-18 02:52:35.419	50331	10501	-94	-85	10	16.57	78.18	3.783
2015-09-18 03:17:52.123	50331	10501	-94	-85	10
2015-09-18 03:21:44.834	50331	10501	-94	-85	10
2015-09-18 03:28:47.687	50331	10501	-94	-85	10	16.25	78.04	3.783
2015-09-18 03:52:07.874	50331	10501	-94	-85	10	16.07	77.97	3.783
2015-09-18 04:32:20.222	50331	10501	-94	-85	10	15.74	78.03	3.783
2015-09-18 04:41:40.407	50331	10501	-94	-85	10
2015-09-18 04:53:45.234	50331	10501	-94	-85	10	15.54	77.99	3.783
2015-09-18 05:20:03.675	50331	10501	-94	-85	10	15.36	77.98	3.783
2015-09-18 06:05:29.46	50331	10501	-94	-85	10
2015-09-18 06:09:19.655	50331	10501	-94	-85	10	15.0	77.88	3.783
2015-09-18 06:37:14.058	50331	10501	-94	-84	10	14.92	77.83	3.783
2015-09-18 07:02:17.383	50331	10501	-94	-84	10	14.61	77.85	3.783
2015-09-18 07:02:19.771	50331	10501	-94	-84	10	14.61	77.85	3.783
2015-09-18 07:02:22.487	50331	10501	-94	-84	10	14.61	77.85	3.783
2015-09-18 09:18:57.467	50331	10501	-94	-85	10	16.25	77.98	3.783
2015-09-18 09:49:50.987	50331	10501	-94	-85	10	17.53	78.28	3.772
2015-09-18 10:16:50.079	50331	10501	-94	-85	10
2015-09-18 10:29:28.586	50331	10501	-94	-84	10	19.43	78.19	3.783
2015-09-18 10:53:57.574	50331	10501	-94	-83	10	20.63	78.41	3.772
2015-09-18 11:18:01.446	50331	10501	-94	-85	10	21.72	78.21	3.783
2015-09-18 11:40:38.426	50331	10501	-94	-84	10
2015-09-18 11:49:03.674	50331	10501	-94	-86	10	22.94	78.44	3.783
2015-09-18 12:00:40.022	50331	10501	-94	-84	10
2015-09-18 12:31:41.566	50331	10501	-94	-86	10	24.43	78.43	3.783
2015-09-18 12:57:27.646	50331	10501	-94	-86	10	25.11	77.82	3.772
2015-09-18 13:04:31.346	50331	10501	-94	-87	10
2015-09-18 13:21:31.058	50331	10501	-94	-84	10	25.22	78.3	3.783
2015-09-18 13:49:48.691	50331	10501	-94	-84	10	27.24	77.82	3.783
2015-09-18 14:18:39.015	50331	10501	-94	-84	10	27.24	78.06	3.783
2015-09-18 14:28:12.75	50331	10501	-94	-82	10
2015-09-18 15:02:25.69	50331	10501	-94	-84	10	27.38	78.34	3.783
2015-09-18 15:21:15.967	50331	10501	-94	-86	10	27.49	78.33	3.783
2015-09-18 15:52:00.471	50331	10501	-94	-83	10
2015-09-18 16:01:24.067	50331	10501	-94	-85	10	27.38	78.06	3.783
2015-09-18 16:20:08.286	50331	10501	-94	-87	10
2015-09-18 16:35:16.175	50331	10501	-94	-83	10	27.49	78.44	3.783
2015-09-18 16:50:42.742	50331	10501	-94	-83	10	27.55	78.75	3.783
2015-09-18 17:15:48.607	50331	10501	-94	-83	10
2015-09-18 17:30:59.546	50331	10501	-94	-84	10	26.79	78.32	3.783
2015-09-18 18:09:19.379	50331	10501	-94	-85	10	26.04	78.41	3.783
2015-09-18 18:26:42.627	50331	10501	-94	-85	10	25.8	78.42	3.783
2015-09-18 18:39:37.878	50331	10501	-94	-86	10
2015-09-18 18:50:47.542	50331	10501	-94	-84	10	25.22	78.43	3.783
2015-09-18 19:38:04.658	50331	10501	-94	-84	10	24.44	78.27	3.783
2015-09-18 20:00:51.239	50331	10501	-94	-84	10	23.58	78.31	3.783
2015-09-18 20:03:24.634	50331	10501	-94	-84	10
2015-09-18 20:22:13.194	50331	10501	-94	-85	10	23.0	78.4	3.783
2015-09-18 20:39:35.271	50331	10501	-94	-84	10
2015-09-18 21:08:01.995	50331	10501	-94	-85	10	21.83	78.48	3.783
2015-09-18 21:27:09.759	50331	10501	-94	-85	10
2015-09-18 21:27:42.803	50331	10501	-94	-84	10	21.58	78.5	3.783
2015-09-18 21:54:27.906	50331	10501	-94	-85	10	21.29	78.34	3.783
2015-09-18 22:18:03.414	50331	10501	-94	-84	10	21.01	78.41	3.783
2015-09-18 22:50:49.51	50331	10501	-94	-85	10	20.72	78.25	3.783
2015-09-18 22:50:57.767	50331	10501	-94	-85	10
2015-09-18 23:24:06.075	50331	10501	-94	-85	10	20.39	78.26	3.783
2015-09-18 23:52:11.003	50331	10501	-94	-85	10	20.14	78.25	3.783
2015-09-19 00:14:45.379	50331	10501	-94	-84	10
2015-09-19 00:24:52.079	50331	10501	-94	-85	10	19.92	78.16	3.783
2015-09-19 00:52:52.039	50331	10501	-94	-86	10	20.0	78.25	3.783
2015-09-19 00:59:03.807	50331	10501	-94	-85	10
2015-09-19 01:33:50.99	50331	10501	-94	-85	10	19.86	78.01	3.783
2015-09-19 02:03:34.722	50331	10501	-94	-85	10	19.54	78.0	3.783
2015-09-19 02:39:41.928	50331	10501	-94	-84	10	19.14	77.84	3.783
2015-09-19 02:59:07.707	50331	10501	-94	-85	10	19.06	78.05	3.783
2015-09-19 03:02:20.479	50331	10501	-94	-85	10
2015-09-19 03:18:26.863	50331	10501	-94	-84	10	19.1	77.96	3.783
2015-09-19 04:04:20.751	50331	10501	-94	-84	10	18.79	77.92	3.783
2015-09-19 04:20:08.967	50331	10501	-94	-84	10	18.7	77.8	3.783
2015-09-19 04:26:09.895	50331	10501	-94	-83	10
2015-09-19 05:03:11.619	50331	10501	-94	-85	10	18.31	77.82	3.783
2015-09-19 05:18:31.099	50331	10501	-94	-85	10
2015-09-19 05:39:35.61	50331	10501	-94	-85	10	18.38	77.86	3.783
2015-09-19 05:49:56.442	50331	10501	-94	-84	10
2015-09-19 05:58:16.119	50331	10501	-94	-83	10	18.39	77.86	3.783
