result_time	node_id	parent_id	stats_frssi	stats_brssi	etx	temperature	humidity	voltage
2015-07-11 05:47:19.482	50531	10501	-94	-90	27	16.6	76.03	3.527
2015-07-11 17:52:41.547	50531	10501	-94	-89	40	26.44	73.53	3.547
2015-07-12 02:32:19.57	50531	10501	-94	-88	28	17.06	76.44	3.507
2015-07-12 03:56:54.391	50531	10501	-94	-89	28
2015-07-12 05:25:47.518	50531	10501	-94	-88	26	16.54	76.23	3.498
2015-07-12 06:36:23.347	50531	10501	-94	-87	24	16.68	75.94	3.488
2015-07-12 07:27:09.651	50531	10501	-94	-87	22	17.29	75.46	3.488
2015-07-12 10:31:32.139	50531	10501	-94	-86	19	21.99	73.26	3.478
2015-07-12 10:59:58.315	50531	10501	-94	-88	19
2015-07-12 12:29:36.826	50531	10501	-94	-87	18	25.44	72.97	3.488
2015-07-12 12:48:02.343	50531	10501	-94	-85	18	24.77	73.99	3.498
2015-07-12 14:58:31.927	50531	10501	-94	-84	16	25.71	73.86	3.488
2015-07-12 15:54:49.475	50531	10501	-94	-86	16
2015-07-12 17:25:28.707	50531	10501	-94	-85	14	20.35	78.14	3.488
2015-07-12 18:37:28.387	50531	10501	-94	-87	13	20.28	76.35	3.478
2015-07-12 19:32:15.434	50531	10501	-94	-86	11	20.71	75.58	3.469
2015-07-12 19:48:01.587	50531	10501	-94	-85	11	20.43	75.72	3.469
2015-07-12 20:49:41.042	50531	10501	-94	-85	10
2015-07-12 21:34:05.091	50531	10501	-94	-85	10	19.06	76.27	3.459
2015-07-13 00:33:18.75	50531	10501	-94	-84	10	18.72	75.91	3.44
2015-07-13 00:50:17.386	50531	10501	-94	-84	10	18.75	75.86	3.421
2015-07-13 01:25:18.454	50531	10501	-94	-84	10	18.89	75.7	3.44
2015-07-13 02:48:21.194	50531	10501	-94	-84	10	18.86	75.83	3.431
2015-07-13 04:01:05.714	50531	10501	-94	-83	10	18.61	75.96	3.431
2015-07-13 04:11:00.992	50531	10501	-94	-84	10
2015-07-13 04:24:04.49	50531	10501	-94	-83	10	18.43	76.03	3.431
2015-07-13 04:56:53.386	50531	10501	-94	-84	10	18.38	75.97	3.431
2015-07-13 06:29:54.783	50531	10501	-94	-83	10	18.29	75.9	3.412
2015-07-13 07:58:21.662	50531	10501	-94	-84	10	19.52	74.84	3.412
2015-07-13 08:20:26.142	50531	10501	-94	-85	10	20.1	74.47	3.412
2015-07-13 10:47:36.851	50531	10501	-94	-85	10
2015-07-13 10:49:57.994	50531	10501	-94	-85	10	23.0	73.53	3.412
2015-07-13 11:34:14.275	50531	10501	-94	-86	10
2015-07-13 13:27:26.542	50531	10501	-94	-86	10	26.93	72.89	3.412
2015-07-13 13:55:46.999	50531	10501	-94	-87	10	27.11	73.12	3.412
2015-07-13 15:08:18.635	50531	10501	-94	-87	10	27.41	73.29	3.412
2015-07-13 16:19:49.163	50531	10501	-94	-85	10	25.74	74.81	3.412
2015-07-13 17:24:10.754	50531	10501	-94	-88	10
2015-07-13 18:36:37.778	50531	10501	-94	-86	10	25.24	74.6	3.403
2015-07-13 18:58:33.886	50531	10501	-94	-84	10	24.47	75.52	3.403
2015-07-13 21:07:44.691	50531	10501	-94	-87	10	22.67	76.14	3.375
2015-07-13 21:26:31.263	50531	10501	-94	-86	10	22.28	76.3	3.384
2015-07-13 23:18:49.707	50531	10501	-94	-89	10	21.07	76.35	3.366
2015-07-13 23:51:22.05	50531	10501	-94	-86	10
2015-07-14 02:53:14.971	50531	10501	-94	-88	10	20.28	76.27	3.339
2015-07-14 04:00:59.823	50531	10501	-94	-88	10	20.28	76.03	3.33
2015-07-14 04:46:13.211	50531	10501	-94	-85	10
2015-07-14 06:56:03.435	50531	10501	-94	-87	10	19.61	76.08	3.304
2015-07-14 08:31:01.143	50531	10501	-94	-87	10	20.54	75.18	3.287
2015-07-14 08:49:30.927	50531	10501	-94	-84	10
2015-07-14 09:02:00.395	50531	10501	-94	-86	10	21.61	74.47	3.287
2015-07-14 10:33:41.502	50531	10501	-94	-88	10	23.88	73.73	3.278
2015-07-14 11:20:34.615	50531	10501	-94	-89	10	25.24	73.55	3.269
2015-07-14 12:08:30.367	50531	10501	-94	-87	10
2015-07-14 12:50:15.502	50531	10501	-94	-90	10	27.04	73.75	3.278
2015-07-14 14:22:27.026	50531	10501	-94	-90	11	25.99	75.11	3.244
2015-07-14 14:35:57.951	50531	10501	-94	-88	11
2015-07-14 15:25:23.447	50531	10501	-94	-87	11	26.27	74.8	3.227
2015-07-14 16:25:50.471	50531	10501	-94	-87	10	25.22	75.64	3.236
2015-07-14 17:03:53.627	50531	10501	-94	-88	10	24.17	76.17	3.219
2015-07-14 19:35:19.803	50531	10501	-94	-88	10	19.46	77.74	3.162
2015-07-14 19:50:30.663	50531	10501	-94	-88	10	19.32	77.48	3.154
2015-07-14 20:30:50.606	50531	10501	-94	-89	10	19.25	76.94	3.13
2015-07-14 21:24:52.043	50531	10501	-94	-87	11	19.21	76.67	3.123
2015-07-14 21:49:17.347	50531	10501	-94	-86	11	19.24	76.51	3.115
2015-07-14 21:58:12.483	50531	10501	-94	-87	10
2015-07-14 22:25:00.083	50531	10501	-94	-86	10	19.32	76.37	3.099
2015-07-14 22:52:21.343	50531	10501	-94	-88	10	19.36	76.33	3.092
2015-07-14 23:24:46.834	50531	10501	-94	-88	10	19.43	76.23	3.084
2015-07-15 00:04:15.147	50531	10501	-94	-88	10	19.45	76.24	3.077
2015-07-15 00:14:52.655	50531	10501	-94	-88	10
2015-07-15 00:25:40.346	50531	10501	-94	-88	10
2015-07-15 02:24:06.563	50531	10501	-94	-86	10	19.36	76.22	3.039
2015-07-15 03:07:53.958	50531	10501	-94	-86	10	19.35	76.16	3.032
2015-07-15 04:17:43.758	50531	10501	-94	-88	10	19.43	76.13	3.003
2015-07-15 04:39:13.486	50531	10501	-94	-87	10
2015-07-15 06:38:06.85	50531	10501	-94	-87	10	19.54	76.05	2.974
2015-07-15 06:51:25.815	50531	10501	-94	-88	10
2015-07-15 08:01:45.71	50531	10501	-94	-88	10	19.78	75.88	2.96
2015-07-15 09:03:37.038	50531	10501	-94	-86	10
2015-07-15 09:25:12.354	50531	10501	-94	-88	10	20.32	75.32	2.926
2015-07-15 09:55:01.503	50531	10501	-94	-87	10	20.81	75.01	2.926
2015-07-15 10:35:40.378	50531	10501	-94	-89	10	20.65	75.41	2.926
2015-07-15 10:58:41.247	50531	10501	-94	-84	10	20.95	75.09	2.912
2015-07-15 11:15:48.067	50531	10501	-94	-84	10
2015-07-15 11:33:25.607	50531	10501	-94	-85	10	21.36	74.69	2.905
2015-07-15 11:48:17.099	50531	10501	-94	-84	10	21.61	74.57	2.905
2015-07-15 12:42:46.168	50531	10501	-94	-87	10
2015-07-17 18:28:15.022	50531	10501	-94	-82	15	28.86	71.26	3.95
2015-07-17 18:29:43.134	50531	10501	-94	-87	15	28.71	72.46	3.938
2015-07-17 19:42:46.819	50531	10501	-94	-86	12	26.91	75.56	3.95
2015-07-17 20:20:56.29	50531	10501	-94	-85	12	26.58	75.66	3.938
2015-07-17 20:38:59.058	50531	10501	-94	-84	12
2015-07-17 21:15:38.083	50531	10501	-94	-85	12	26.13	75.77	3.938
2015-07-17 21:51:17.495	50531	10501	-94	-85	11	25.72	75.88	3.938
2015-07-17 22:05:02.415	50531	10501	-94	-84	11	25.61	75.88	3.938
2015-07-17 22:51:00.155	50531	10501	-94	-85	11
2015-07-17 23:21:28.919	50531	10501	-94	-85	11
2015-07-18 00:05:54.214	50531	10501	-94	-84	11	25.15	75.98	3.938
2015-07-18 00:45:12.738	50531	10501	-94	-84	10	24.91	75.99	3.925
2015-07-18 01:13:32.875	50531	10501	-94	-83	10	24.71	76.0	3.938
2015-07-18 01:43:10.895	50531	10501	-94	-84	10	24.66	75.99	3.938
2015-07-18 02:36:50.047	50531	10501	-94	-84	10	24.57	76.03	3.938
2015-07-18 03:15:50.214	50531	10501	-94	-84	10	24.6	76.04	3.938
2015-07-18 03:48:48.226	50531	10501	-94	-85	10	24.51	76.02	3.938
2015-07-18 04:16:26.243	50531	10501	-94	-86	10
2015-07-18 04:50:36.155	50531	10501	-94	-85	10	24.15	76.06	3.938
2015-07-18 05:47:34.102	50531	10501	-94	-84	10	23.79	76.04	3.938
2015-07-18 06:03:33.463	50531	10501	-94	-86	10	23.7	76.07	3.938
2015-07-18 06:43:45.095	50531	10501	-94	-86	10
2015-07-18 07:20:47.191	50531	10501	-94	-84	10	23.74	76.03	3.938
2015-07-18 07:39:45.958	50531	10501	-94	-84	10
2015-07-18 08:21:14.623	50531	10501	-94	-87	10	24.15	75.98	3.938
2015-07-18 09:02:43.082	50531	10501	-94	-84	10	25.19	75.47	3.938
2015-07-18 09:38:57.411	50531	10501	-94	-86	10	25.36	75.86	3.938
2015-07-18 10:37:02.303	50531	10501	-94	-86	10	26.69	75.55	3.938
2015-07-18 11:52:07.735	50531	10501	-94	-84	10	28.29	75.0	3.925
2015-07-18 12:04:17.638	50531	10501	-94	-84	10	28.46	75.12	3.938
2015-07-18 12:51:30.771	50531	10501	-94	-89	10	28.51	75.21	3.938
2015-07-18 14:06:01.371	50531	10501	-94	-84	10
2015-07-18 14:16:33.271	50531	10501	-94	-87	10	30.15	74.49	3.938
2015-07-18 15:16:49.166	50531	10501	-94	-84	10	29.91	75.26	3.925
2015-07-18 16:23:10.187	50531	10501	-94	-84	10	30.96	73.82	3.925
2015-07-18 17:31:02.867	50531	10501	-94	-86	10	30.74	74.52	3.938
2015-07-18 18:49:44.243	50531	10501	-94	-88	10	29.58	75.25	3.925
2015-07-18 19:08:15.042	50531	10501	-94	-84	10	29.25	75.3	3.925
2015-07-18 20:00:53.231	50531	10501	-94	-85	10	28.15	75.53	3.925
2015-07-18 20:45:30.026	50531	10501	-94	-87	10	27.24	75.6	3.925
2015-07-18 20:52:53.734	50531	10501	-94	-86	10
2015-07-18 21:19:47.611	50531	10501	-94	-87	10	26.63	75.62	3.925
2015-07-18 21:28:17.739	50531	10501	-94	-86	10
2015-07-18 21:33:01.423	50531	10501	-94	-86	10	26.38	75.62	3.925
2015-07-18 23:03:49.626	50531	10501	-94	-86	10	25.46	75.85	3.925
2015-07-18 23:48:46.938	50531	10501	-94	-85	10	25.3	75.96	3.925
2015-07-19 00:18:03.986	50531	10501	-94	-85	10	25.22	76.0	3.925
2015-07-19 00:40:25.767	50531	10501	-94	-86	10	25.07	76.13	3.925
2015-07-19 01:16:42.619	50531	10501	-94	-86	10	24.93	76.05	3.925
2015-07-19 01:50:33.326	50531	10501	-94	-86	10	24.72	76.09	3.925
2015-07-19 02:23:08.707	50531	10501	-94	-85	10
2015-07-19 02:46:16.899	50531	10501	-94	-85	10	24.2	76.12	3.925
2015-07-19 03:06:29.403	50531	10501	-94	-86	10	24.1	76.13	3.925
2015-07-19 03:29:29.678	50531	10501	-94	-85	10
2015-07-19 03:33:34.327	50531	10501	-94	-85	10	24.02	76.11	3.925
2015-07-19 04:47:43.614	50531	10501	-94	-86	10	23.74	76.11	3.925
2015-07-19 04:50:35.967	50531	10501	-94	-85	10
2015-07-19 05:17:29.666	50531	10501	-94	-87	10	23.61	76.17	3.925
2015-07-19 05:30:59.414	50531	10501	-94	-86	10	23.51	76.2	3.925
2015-07-19 05:41:40.166	50531	10501	-94	-86	10
2015-07-19 06:15:52.594	50531	10501	-94	-87	10	23.11	76.26	3.925
2015-07-19 06:49:26.719	50531	10501	-94	-85	10	23.04	76.21	3.925
2015-07-19 07:16:41.774	50531	10501	-94	-86	10	23.1	76.2	3.925
2015-07-19 07:18:02.338	50531	10501	-94	-86	10
2015-07-19 07:38:53.227	50531	10501	-94	-87	10	23.24	76.12	3.925
2015-07-19 07:53:54.335	50531	10501	-94	-87	10
2015-07-19 08:11:10.863	50531	10501	-94	-87	10	23.65	76.04	3.925
2015-07-19 08:45:52.67	50531	10501	-94	-88	10	24.86	75.35	3.925
2015-07-19 09:10:57.294	50531	10501	-94	-84	10	24.93	75.91	3.925
2015-07-19 09:39:25.319	50531	10501	-94	-85	10	25.74	75.64	3.925
2015-07-19 09:45:26.359	50531	10501	-94	-84	10
2015-07-19 10:06:10.271	50531	10501	-94	-84	10
2015-07-19 11:02:24.998	50531	10501	-94	-89	10	27.05	75.34	3.925
2015-07-19 12:01:01.179	50531	10501	-94	-86	10	28.65	74.96	3.925
2015-07-19 12:18:19.755	50531	10501	-94	-85	10
2015-07-19 12:36:45.959	50531	10501	-94	-85	10	29.25	74.77	3.925
2015-07-19 14:40:16.774	50531	10501	-94	-86	10
2015-07-19 15:19:36.383	50531	10501	-94	-86	10	30.51	75.12	3.925
2015-07-19 15:40:10.914	50531	10501	-94	-85	10	30.63	75.03	3.925
2015-07-19 16:48:31.275	50531	10501	-94	-84	10	30.22	75.32	3.925
2015-07-19 17:04:11.476	50531	10501	-94	-87	10	30.07	75.37	3.925
2015-07-19 17:50:33.599	50531	10501	-94	-84	10	29.58	75.31	3.925
2015-07-19 18:54:49.491	50531	10501	-94	-86	10
2015-07-19 19:20:45.531	50531	10501	-94	-88	10	28.44	75.78	3.925
2015-07-19 19:35:08.178	50531	10501	-94	-85	10
2015-07-19 20:12:42.778	50531	10501	-94	-88	10	27.16	76.02	3.925
2015-07-19 21:09:08.502	50531	10501	-94	-86	10	25.99	75.82	3.925
2015-07-20 00:02:50.031	50531	10501	-94	-84	10	23.92	76.15	3.925
2015-07-20 00:33:01.043	50531	10501	-94	-84	10	23.59	76.19	3.913
2015-07-20 01:14:59.962	50531	10501	-94	-83	10	23.28	76.18	3.925
2015-07-20 01:32:10.659	50531	10501	-94	-84	10	23.14	76.21	3.913
2015-07-20 02:18:55.735	50531	10501	-94	-84	10	22.74	76.23	3.925
2015-07-20 02:45:32.579	50531	10501	-94	-84	10	22.52	76.27	3.913
2015-07-20 02:57:25.326	50531	10501	-94	-84	10
2015-07-20 03:41:05.235	50531	10501	-94	-85	10	22.19	76.26	3.913
2015-07-20 04:15:40.295	50531	10501	-94	-85	10	21.99	76.27	3.925
2015-07-20 04:49:37.139	50531	10501	-94	-84	10	21.79	76.29	3.913
2015-07-20 05:24:50.746	50531	10501	-94	-85	10
2015-07-20 05:55:46.715	50531	10501	-94	-86	10
2015-07-20 06:34:31.567	50531	10501	-94	-84	10	21.11	76.34	3.913
2015-07-20 07:07:29.623	50531	10501	-94	-84	10	21.2	76.33	3.913
2015-07-20 07:51:34.655	50531	10501	-94	-85	10	21.4	76.21	3.913
2015-07-20 08:08:00.215	50531	10501	-94	-88	10
2015-07-20 09:02:21.883	50531	10501	-94	-84	10	22.38	76.08	3.913
2015-07-20 09:36:52.767	50531	10501	-94	-84	10	22.7	75.87	3.913
2015-07-20 10:19:41.506	50531	10501	-94	-83	10
2015-07-20 10:39:12.602	50531	10501	-94	-86	10	24.18	75.63	3.913
2015-07-20 11:01:34.402	50531	10501	-94	-88	10	24.82	75.48	3.913
2015-07-20 12:19:43.098	50531	10501	-94	-86	10	28.08	71.6	3.913
2015-07-20 12:32:21.31	50531	10501	-94	-88	10
2015-07-20 12:47:13.922	50531	10501	-94	-86	10
2015-07-20 13:09:16.374	50531	10501	-94	-83	10	27.93	75.15	3.913
2015-07-20 13:39:45.267	50531	10501	-94	-85	10	29.35	72.1	3.913
2015-07-20 14:44:33.102	50531	10501	-94	-85	10
2015-07-20 15:14:31.795	50531	10501	-94	-87	10
2015-07-20 17:42:02.127	50531	10501	-94	-82	10
2015-07-20 19:08:55.543	50531	10501	-94	-85	10
2015-07-20 20:14:04.811	50531	10501	-94	-83	10	26.79	75.7	3.913
2015-07-20 20:49:39.946	50531	10501	-94	-84	10	26.26	75.82	3.913
2015-07-20 21:02:42.975	50531	10501	-94	-82	10	25.83	75.85	3.913
2015-07-20 21:21:07.311	50531	10501	-94	-83	10
2015-07-20 21:51:18.822	50531	10501	-94	-83	10	24.52	75.8	3.901
2015-07-20 22:17:29.734	50531	10501	-94	-83	10	24.04	75.87	3.913
2015-07-20 22:50:57.922	50531	10501	-94	-84	10	23.68	75.91	3.913
2015-07-20 23:33:18.259	50531	10501	-94	-82	10
2015-07-21 00:08:45.147	50531	10501	-94	-82	10	23.42	76.05	3.913
2015-07-21 01:04:15.03	50531	10501	-94	-83	10
2015-07-21 01:19:03.026	50531	10501	-94	-84	10	23.38	76.2	3.913
2015-07-21 01:50:05.903	50531	10501	-94	-86	10	23.35	76.19	3.913
2015-07-21 02:34:54.563	50531	10501	-94	-89	10	21.4	76.45	3.913
2015-07-21 13:21:34.21	50531	10501	-94	-88	18	29.32	69.09	3.913
2015-07-21 15:04:25.87	50531	10501	-94	-85	25	22.81	74.97	3.913
2015-07-21 15:45:04.486	50531	10501	-94	-85	25	22.04	75.26	3.901
2015-07-21 17:10:34.774	50531	10501	-94	-83	23	24.4	75.12	3.913
2015-07-21 17:52:17.038	50531	10501	-94	-83	23	23.9	75.68	3.913
2015-07-21 19:23:01.968	50531	10501	-94	-83	21
2015-07-21 19:33:46.838	50531	10501	-94	-87	19	23.56	75.8	3.901
2015-07-21 21:35:13.262	50531	10501	-94	-83	18
2015-07-21 21:44:16.31	50531	10501	-94	-85	18	20.72	75.78	3.913
2015-07-21 22:07:51.578	50531	10501	-94	-85	17	20.15	75.8	3.901
2015-07-21 22:52:23.026	50531	10501	-94	-83	15	18.54	75.89	3.901
2015-07-21 23:11:04.755	50531	10501	-94	-83	15
2015-07-21 23:18:42.694	50531	10501	-94	-84	15	17.9	75.87	3.901
2015-07-21 23:39:28.202	50531	10501	-94	-83	14	17.54	75.82	3.901
2015-07-21 23:47:24.162	50531	10501	-94	-83	14
2015-07-22 00:22:52.074	50531	10501	-94	-82	12	16.89	76.03	3.901
2015-07-22 00:33:05.475	50531	10501	-94	-82	12	16.79	76.09	3.901
2015-07-22 01:16:44.971	50531	10501	-94	-82	12	16.25	76.27	3.901
2015-07-22 01:33:49.77	50531	10501	-94	-82	10	16.1	76.21	3.901
2015-07-22 01:38:30.383	50531	10501	-94	-82	10
2015-07-22 01:59:36.43	50531	10501	-94	-82	10
2015-07-22 02:18:32.478	50531	10501	-94	-82	10	15.72	76.27	3.901
2015-07-22 02:34:52.658	50531	10501	-94	-82	10	15.52	76.36	3.901
2015-07-22 03:01:26.819	50531	10501	-94	-82	10	15.28	76.38	3.877
2015-07-22 03:37:53.81	50531	10501	-94	-83	10	15.0	76.46	3.901
2015-07-22 04:02:13.622	50531	10501	-94	-82	10	14.99	76.43	3.901
2015-07-22 04:05:55.738	50531	10501	-94	-82	10
2015-07-22 04:11:47.079	50531	10501	-94	-82	10
2015-07-22 04:32:52.902	50531	10501	-94	-83	10	14.7	76.55	3.901
2015-07-22 05:22:30.13	50531	10501	-94	-82	10	14.79	76.42	3.901
2015-07-22 05:45:14.358	50531	10501	-94	-83	10	14.89	76.44	3.901
2015-07-22 06:20:57.268	50531	10501	-94	-83	10	14.93	76.42	3.901
2015-07-22 06:23:59.175	50531	10501	-94	-83	10
2015-07-22 06:33:21.323	50531	10501	-94	-83	10
2015-07-22 06:46:43.115	50531	10501	-94	-83	10	14.86	76.48	3.901
2015-07-22 07:11:01.683	50531	10501	-94	-83	10	15.18	76.47	3.901
2015-07-22 07:47:11.719	50531	10501	-94	-83	10	15.78	76.31	3.901
2015-07-22 08:08:19.47	50531	10501	-94	-84	10	16.29	76.18	3.901
2015-07-22 08:30:55.29	50531	10501	-94	-84	10	17.53	74.74	3.901
2015-07-22 09:13:07.456	50531	10501	-94	-84	10	18.47	75.8	3.901
2015-07-22 09:31:31.63	50531	10501	-94	-83	10	18.9	75.97	3.901
2015-07-22 10:16:28.686	50531	10501	-94	-85	10	19.93	75.8	3.901
2015-07-22 10:40:06.379	50531	10501	-94	-84	10	20.6	75.72	3.877
2015-07-22 10:48:29.482	50531	10501	-94	-88	10
2015-07-22 11:05:05.731	50531	10501	-94	-86	10	21.07	75.6	3.901
2015-07-22 11:28:16.711	50531	10501	-94	-84	10
2015-07-22 11:43:54.127	50531	10501	-94	-82	10	21.92	75.39	3.901
2015-07-22 13:00:33.203	50531	10501	-94	-85	10
2015-07-22 13:49:48.447	50531	10501	-94	-84	10	22.92	74.45	3.901
2015-07-22 14:10:36.311	50531	10501	-94	-83	10	23.49	74.56	3.901
2015-07-22 15:12:44.971	50531	10501	-94	-84	10
2015-07-22 15:22:26.271	50531	10501	-94	-82	10	23.82	74.95	3.901
2015-07-22 16:16:56.975	50531	10501	-94	-83	10	23.54	74.9	3.901
2015-07-22 16:23:05.107	50531	10501	-94	-82	10
2015-07-22 16:39:15.007	50531	10501	-94	-83	10	23.52	74.49	3.901
2015-07-22 17:09:45.71	50531	10501	-94	-82	10	24.1	74.85	3.901
2015-07-22 17:24:56.486	50531	10501	-94	-83	10
2015-07-22 18:16:05.263	50531	10501	-94	-82	10	23.44	75.15	3.901
2015-07-22 18:44:25.555	50531	10501	-94	-83	10	23.0	75.42	3.901
2015-07-22 19:37:08.639	50531	10501	-94	-85	10
2015-07-22 19:40:23.087	50531	10501	-94	-84	10	22.22	75.72	3.901
2015-07-22 20:08:03.354	50531	10501	-94	-82	10	21.78	75.8	3.901
2015-07-22 20:47:52.619	50531	10501	-94	-83	10	20.95	75.93	3.901
2015-07-22 21:16:36.967	50531	10501	-94	-83	10	20.54	75.93	3.901
2015-07-22 21:17:54.85	50531	10501	-94	-83	10
2015-07-22 21:33:46.811	50531	10501	-94	-82	10	20.18	75.85	3.901
2015-07-22 21:49:22.099	50531	10501	-94	-82	10
2015-07-22 22:02:34.947	50531	10501	-94	-82	10	19.29	76.05	3.901
2015-07-22 22:47:21.707	50531	10501	-94	-82	10	18.45	76.01	3.901
2015-07-22 23:13:59.826	50531	10501	-94	-82	10	18.06	76.06	3.901
2015-07-22 23:38:13.354	50531	10501	-94	-82	10	17.56	76.07	3.901
2015-07-22 23:45:20.49	50531	10501	-94	-82	10
2015-07-23 00:01:07.214	50531	10501	-94	-82	10	17.17	76.12	3.901
2015-07-23 00:01:30.734	50531	10501	-94	-82	10
2015-07-23 00:50:56.968	50531	10501	-94	-82	10	16.61	76.22	3.901
2015-07-23 01:05:38.311	50531	10501	-94	-82	10	16.56	76.28	3.901
2015-07-23 01:31:02.786	50531	10501	-94	-82	10	16.39	76.25	3.901
2015-07-23 02:11:49.518	50531	10501	-94	-82	10	16.18	76.36	3.901
2015-07-23 02:12:46.431	50531	10501	-94	-81	10
2015-07-23 02:13:42.234	50531	10501	-94	-82	10
2015-07-23 02:45:09.178	50531	10501	-94	-82	10	16.24	76.4	3.901
2015-07-23 03:07:44.122	50531	10501	-94	-82	10	16.07	76.39	3.901
2015-07-23 03:42:14.682	50531	10501	-94	-82	10	15.78	76.41	3.901
2015-07-23 04:05:53.962	50531	10501	-94	-82	10	15.43	76.44	3.901
2015-07-23 04:25:54.394	50531	10501	-94	-82	10
2015-07-23 04:36:10.743	50531	10501	-94	-81	10	15.22	76.37	3.901
2015-07-23 04:40:11.918	50531	10501	-94	-82	10
2015-07-23 05:20:07.49	50531	10501	-94	-82	10	14.97	76.48	3.889
2015-07-23 05:34:16.77	50531	10501	-91	-82	10	14.93	76.39	3.901
2015-07-23 06:08:37.511	50531	10501	-94	-82	10	14.82	76.45	3.901
2015-07-23 06:36:13.363	50531	10501	-94	-82	10	14.79	76.47	3.889
2015-07-23 06:38:05.335	50531	10501	-94	-82	10
2015-07-23 07:07:36.451	50531	10501	-94	-82	10	15.06	76.39	3.901
2015-07-23 07:07:38.006	50531	10501	-94	-82	10
2015-07-23 07:48:08.242	50531	10501	-94	-82	10	15.43	76.42	3.889
2015-07-23 08:18:13.982	50531	10501	-94	-82	10	16.57	75.97	3.889
2015-07-23 08:44:29.407	50531	10501	-94	-82	10	17.99	75.44	3.901
2015-07-23 08:50:17.275	50531	10501	-94	-82	10
2015-07-23 09:15:32.794	50531	10501	-94	-83	10	19.17	75.57	3.901
2015-07-23 09:35:03.038	50531	10501	-94	-83	10
2015-07-23 09:37:24.971	50531	10501	-94	-83	10	19.7	75.78	3.901
2015-07-23 10:08:25.086	50531	10501	-94	-82	10	20.47	75.7	3.901
2015-07-23 10:50:56.251	50531	10501	-94	-82	10	21.58	75.55	3.901
2015-07-23 11:02:28.327	50531	10501	-94	-83	10
2015-07-23 11:09:56.195	50531	10501	-94	-84	10	22.0	75.52	3.901
2015-07-23 11:50:56.783	50531	10501	-94	-86	10	22.7	75.17	3.901
2015-07-23 12:02:28.559	50531	10501	-94	-85	10
2015-07-23 12:20:24.075	50531	10501	-94	-84	10	24.86	71.72	3.901
2015-07-23 12:51:33.438	50531	10501	-94	-84	10	24.18	74.86	3.901
2015-07-23 13:03:12.474	50531	10501	-94	-83	10	24.4	74.82	3.901
2015-07-23 14:18:21.458	50531	10501	-94	-81	10	25.41	74.33	3.901
2015-07-23 14:29:53.898	50531	10501	-94	-83	10
2015-07-23 14:34:40.691	50531	10501	-94	-83	10	25.83	74.39	3.901
2015-07-23 15:09:17.895	50531	10501	-94	-83	10	25.88	74.84	3.901
2015-07-23 16:17:12.031	50531	10501	-94	-81	10	28.18	71.56	3.901
2015-07-23 16:31:30.746	50531	10501	-94	-83	10	27.4	72.47	3.901
2015-07-23 17:17:44.918	50531	10501	-94	-82	10	26.61	74.4	3.901
2015-07-23 18:07:59.075	50531	10501	-94	-82	10	26.22	74.4	3.901
2015-07-23 18:44:03.023	50531	10501	-94	-82	10	25.65	74.93	3.901
2015-07-23 19:22:47.287	50531	10501	-94	-81	10	24.82	75.29	3.901
2015-07-23 19:51:14.494	50531	10501	-94	-82	10
2015-07-23 21:44:03.047	50531	10501	-94	-82	10	20.86	75.72	3.901
2015-07-23 22:03:26.131	50531	10501	-94	-82	10
2015-07-23 22:34:27.378	50531	10501	-94	-82	10	20.1	75.84	3.901
2015-07-23 23:11:13.17	50531	10501	-94	-81	10	19.29	75.94	3.901
2015-07-23 23:33:45.827	50531	10501	-94	-81	10	18.82	75.92	3.901
2015-07-24 00:02:12.971	50531	10501	-94	-80	10	18.29	75.98	3.901
2015-07-24 00:15:37.682	50531	10501	-94	-81	10
2015-07-24 00:19:36.122	50531	10501	-94	-81	10
2015-07-24 00:40:55.786	50531	10501	-94	-81	10	17.61	76.1	3.889
2015-07-24 01:18:54.538	50531	10501	-94	-81	10	16.97	76.11	3.901
2015-07-24 01:40:46.098	50531	10501	-94	-80	10	16.47	76.13	3.901
2015-07-24 02:11:23.687	50531	10501	-94	-80	10	15.96	76.16	3.901
2015-07-24 02:27:48.214	50531	10501	-94	-80	10
2015-07-24 02:47:01.81	50531	10501	-94	-80	10
2015-07-24 02:51:11.163	50531	10501	-94	-80	10	15.47	76.17	3.901
2015-07-24 03:16:47.914	50531	10501	-94	-80	10	15.22	76.27	3.901
2015-07-24 03:39:29.115	50531	10501	-94	-80	10	15.1	76.3	3.901
2015-07-24 04:16:43.49	50531	10501	-94	-80	10	14.79	76.31	3.901
2015-07-24 04:40:02.238	50531	10501	-94	-80	10
2015-07-24 04:51:00.026	50531	10501	-94	-80	10	14.47	76.37	3.889
2015-07-24 05:11:10.762	50531	10501	-94	-80	10	14.25	76.38	3.889
2015-07-24 05:14:27.742	50531	10501	-94	-80	10
2015-07-24 05:32:16.806	50531	10501	-94	-80	10	14.15	76.41	3.889
2015-07-24 06:22:28.57	50531	10501	-91	-80	10	13.82	76.39	3.889
2015-07-24 06:35:42.855	50531	10501	-94	-80	10	13.74	76.4	3.889
2015-07-24 06:52:11.487	50531	10501	-94	-80	10
2015-07-24 07:20:35.866	50531	10501	-94	-82	10	13.96	76.37	3.901
2015-07-24 07:41:52.286	50531	10501	-94	-82	10
2015-07-24 07:44:27.343	50531	10501	-94	-80	10	14.52	76.31	3.901
2015-07-24 08:14:56.714	50531	10501	-94	-81	10	15.6	76.16	3.901
2015-07-24 08:49:24.459	50531	10501	-94	-82	10	17.78	75.58	3.889
2015-07-24 09:04:22.702	50531	10501	-94	-82	10
2015-07-24 09:09:25.903	50531	10501	-94	-82	10	18.39	75.73	3.889
2015-07-24 09:36:57.234	50531	10501	-94	-82	10	19.52	75.64	3.889
2015-07-24 10:09:18.971	50531	10501	-94	-82	10
2015-07-24 10:19:24.816	50531	10501	-94	-82	10	21.1	75.39	3.889
2015-07-24 10:51:13.987	50531	10501	-94	-82	10	22.26	75.03	3.889
2015-07-24 11:07:58.65	50531	10501	-94	-81	10	22.53	75.3	3.889
2015-07-24 11:16:34.932	50531	10501	-94	-82	10
2015-07-24 12:12:26.111	50531	10501	-94	-83	10	25.22	74.02	3.865
2015-07-24 12:36:44.479	50531	10501	-94	-84	10
2015-07-24 12:44:11.259	50531	10501	-94	-83	10	25.83	74.44	3.889
2015-07-24 13:09:22.215	50531	10501	-94	-85	10	26.41	74.83	3.889
2015-07-24 13:52:30.554	50531	10501	-94	-82	10	26.99	73.83	3.889
2015-07-24 14:11:54.343	50531	10501	-94	-82	10	26.93	74.37	3.913
2015-07-24 14:30:53.434	50531	10501	-94	-87	10	27.33	74.45	3.889
2015-07-24 15:04:10.062	50531	10501	-94	-82	10
2015-07-24 15:10:50.507	50531	10501	-94	-81	10	28.02	74.33	3.901
2015-07-24 15:31:14.274	50531	10501	-94	-82	10	27.44	75.03	3.901
2015-07-24 16:02:56.955	50531	10501	-94	-81	10	28.19	74.65	3.901
2015-07-24 16:33:47.77	50531	10501	-94	-83	10	28.8	73.19	3.901
2015-07-24 17:09:32.268	50531	10501	-94	-82	10	27.88	74.78	3.901
2015-07-24 17:31:37.599	50531	10501	-94	-82	10
2015-07-24 17:50:27.53	50531	10501	-94	-82	10	28.58	74.02	3.901
2015-07-24 17:53:23.099	50531	10501	-94	-82	10
2015-07-24 18:08:44.931	50531	10501	-94	-83	10	28.16	74.31	3.901
2015-07-24 19:33:49.887	50531	10501	-94	-84	10	26.46	75.45	3.901
2015-07-24 19:59:01.331	50531	10501	-94	-83	10
2015-07-24 20:05:20.491	50531	10501	-94	-82	10
2015-07-24 20:18:36.791	50531	10501	-94	-82	10	25.66	75.65	3.901
2015-07-24 20:41:32.226	50531	10501	-94	-82	10	25.13	75.71	3.901
2015-07-24 21:09:19.466	50531	10501	-94	-82	10	23.97	75.83	3.901
2015-07-24 21:46:25.267	50531	10501	-94	-82	10	22.9	75.65	3.901
2015-07-24 22:17:33.451	50531	10501	-94	-81	10
2015-07-24 22:17:58.33	50531	10501	-94	-82	10	22.17	75.71	3.901
2015-07-24 22:26:27.154	50531	10501	-94	-82	10
2015-07-24 22:49:34.194	50531	10501	-94	-82	10	21.61	75.79	3.889
2015-07-24 23:13:18.718	50531	10501	-94	-82	10	21.26	75.8	3.901
2015-07-24 23:32:24.326	50531	10501	-94	-82	10	21.02	75.78	3.913
2015-07-25 00:04:01.407	50531	10501	-94	-82	10	20.54	75.9	3.901
2015-07-25 00:29:43.458	50531	10501	-94	-81	10
2015-07-25 00:34:37.231	50531	10501	-94	-82	10	20.07	75.99	3.901
2015-07-25 00:53:52.002	50531	10501	-94	-81	10
2015-07-25 01:22:11.198	50531	10501	-94	-81	10	19.68	76.02	3.901
2015-07-25 01:45:44.055	50531	10501	-94	-81	10	19.46	76.11	3.889
2015-07-25 02:08:58.582	50531	10501	-94	-82	10	19.15	76.13	3.901
2015-07-25 02:41:58.078	50531	10501	-94	-82	10
2015-07-25 02:50:58.727	50531	10501	-94	-82	10	18.7	76.22	3.901
2015-07-25 03:13:51.147	50531	10501	-94	-81	10	18.45	76.11	3.889
2015-07-25 03:21:17.186	50531	10501	-94	-81	10
2015-07-25 03:35:42.847	50531	10501	-94	-82	10	18.14	76.24	3.889
2015-07-25 04:07:16.284	50531	10501	-94	-82	10	17.61	76.24	3.889
2015-07-25 04:35:56.807	50531	10501	-94	-82	10	17.32	76.23	3.901
2015-07-25 04:54:06.49	50531	10501	-94	-82	10
2015-07-25 05:01:20.51	50531	10501	-94	-82	10	17.1	76.18	3.901
2015-07-25 05:45:14.546	50531	10501	-94	-82	10	16.64	76.25	3.889
2015-07-25 05:48:43.078	50531	10501	-94	-82	10
2015-07-25 06:04:49.658	50531	10501	-94	-82	10	16.47	76.29	3.889
2015-07-25 06:52:52.938	50531	10501	-94	-82	10	16.17	76.28	3.901
2015-07-25 07:06:19.135	50531	10501	-94	-82	10
2015-07-25 07:13:05.338	50531	10501	-94	-82	10	16.18	76.31	3.889
2015-07-25 07:38:05.586	50531	10501	-94	-82	10	16.64	76.22	3.889
2015-07-25 08:16:08.335	50531	10501	-94	-84	10
2015-07-25 08:17:16.166	50531	10501	-94	-82	10	18.1	75.96	3.889
2015-07-25 08:47:11.963	50531	10501	-94	-83	10	19.77	75.93	3.889
2015-07-25 09:04:27.43	50531	10501	-94	-82	10	20.47	75.65	3.889
2015-07-25 09:18:30.331	50531	10501	-94	-83	10
2015-07-25 09:48:37.339	50531	10501	-94	-81	10	21.95	75.62	3.889
2015-07-25 10:50:35.302	50531	10501	-94	-83	10	24.15	75.08	3.889
2015-07-25 12:19:19.174	50531	10501	-94	-84	10	28.47	71.42	3.901
2015-07-25 12:50:31.371	50531	10501	-94	-83	10	27.77	74.54	3.889
2015-07-25 13:11:00.299	50531	10501	-94	-82	10
2015-07-25 13:50:45.619	50531	10501	-94	-83	10	28.55	73.59	3.901
2015-07-25 14:08:21.582	50531	10501	-94	-83	10	28.88	73.97	3.901
2015-07-25 14:33:05.959	50531	10501	-94	-84	10	29.57	74.04	3.901
2015-07-25 15:21:35.935	50531	10501	-94	-85	10	29.76	74.44	3.901
2015-07-25 15:38:26.426	50531	10501	-94	-85	10
2015-07-25 15:43:44.166	50531	10501	-94	-82	10	29.91	74.72	3.901
2015-07-25 15:55:04.214	50531	10501	-94	-82	10
2015-07-25 16:15:38.09	50531	10501	-94	-84	10	31.32	72.72	3.889
2015-07-25 16:40:21.218	50531	10501	-94	-83	10	30.51	73.54	3.901
2015-07-25 17:18:31.602	50531	10501	-94	-82	10	30.27	74.03	3.901
2015-07-25 17:46:21.282	50531	10501	-94	-82	10	30.46	73.61	3.901
2015-07-25 18:05:53.83	50531	10501	-94	-84	10
2015-07-25 18:07:15.222	50531	10501	-94	-84	10
2015-07-25 18:13:16.042	50531	10501	-94	-82	10	29.88	74.3	3.901
2015-07-25 18:36:55.722	50531	10501	-94	-83	10	29.27	74.74	3.901
2015-07-25 19:03:37.662	50531	10501	-94	-83	10	28.93	74.87	3.901
2015-07-25 19:40:02.455	50531	10501	-94	-84	10	28.32	75.06	3.901
2015-07-25 20:10:05.494	50531	10501	-94	-85	10	27.68	75.27	3.901
2015-07-25 20:19:27.063	50531	10501	-94	-85	10
2015-07-25 20:33:15.816	50531	10501	-94	-84	10
2015-07-25 20:41:55.678	50531	10501	-94	-85	10	26.47	75.5	3.901
2015-07-25 21:22:54.563	50531	10501	-94	-84	10	25.22	75.39	3.901
2015-07-25 21:42:17.042	50531	10501	-94	-84	10	24.97	75.43	3.901
2015-07-25 22:11:14.651	50531	10501	-94	-85	10	24.58	75.41	3.901
2015-07-25 22:31:38.674	50531	10501	-94	-84	10
2015-07-25 22:52:06.471	50531	10501	-94	-84	10	24.11	75.53	3.901
2015-07-25 23:00:41.566	50531	10501	-94	-84	10
2015-07-25 23:21:30.463	50531	10501	-94	-83	10	23.97	75.61	3.901
2015-07-25 23:36:54.334	50531	10501	-94	-83	10	23.86	75.7	3.901
2015-07-26 00:13:28.111	50531	10501	-94	-84	10	23.09	75.74	3.901
2015-07-26 00:43:49.935	50531	10501	-94	-83	10
2015-07-26 00:52:35.731	50531	10501	-94	-82	10	22.11	75.81	3.901
2015-07-26 01:01:13.067	50531	10501	-94	-83	10	22.11	75.73	3.901
2015-07-26 01:28:07.978	50531	10501	-94	-84	10
2015-07-26 01:37:39.274	50531	10501	-94	-84	10	22.1	75.78	3.901
2015-07-26 02:10:19.035	50531	10501	-94	-83	10	21.65	75.96	3.901
2015-07-26 02:53:20.775	50531	10501	-94	-83	10	21.1	75.98	3.901
2015-07-26 02:56:01.851	50531	10501	-94	-84	10
2015-07-26 03:16:44.719	50531	10501	-94	-84	10	20.86	75.99	3.901
2015-07-26 03:34:10.03	50531	10501	-94	-83	10	20.82	75.96	3.901
2015-07-26 03:55:33.034	50531	10501	-94	-83	10
2015-07-26 04:07:56.582	50531	10501	-94	-84	10	20.74	75.97	3.889
2015-07-26 04:40:43.191	50531	10501	-94	-83	10	20.5	76.05	3.901
2015-07-26 05:01:58.711	50531	10501	-94	-84	10	20.51	75.95	3.877
2015-07-26 05:08:13.227	50531	10501	-94	-83	10
2015-07-26 05:50:52.998	50531	10501	-94	-84	10	20.42	75.98	3.901
2015-07-26 06:20:08.21	50531	10501	-94	-84	10	20.24	76.05	3.901
2015-07-26 06:22:59.046	50531	10501	-94	-83	10
2015-07-26 06:50:01.823	50531	10501	-94	-84	10	20.04	76.12	3.889
2015-07-26 07:13:18.026	50531	10501	-94	-84	10	20.0	76.08	3.889
2015-07-26 07:20:26.143	50531	10501	-94	-83	10
2015-07-26 07:50:22.678	50531	10501	-94	-84	10	20.4	75.98	3.889
2015-07-26 08:09:32.895	50531	10501	-94	-85	10	20.88	75.91	3.889
2015-07-26 08:31:01.502	50531	10501	-94	-83	10	21.54	75.67	3.889
2015-07-26 08:50:26.958	50531	10501	-94	-83	10
2015-07-26 09:15:01.658	50531	10501	-94	-82	10	23.15	75.48	3.889
2015-07-26 09:32:35.302	50531	10501	-94	-82	10
2015-07-26 09:49:18.315	50531	10501	-94	-86	10	24.11	75.56	3.889
2015-07-26 10:41:49.73	50531	10501	-94	-82	10	25.69	75.19	3.889
2015-07-26 11:16:38.334	50531	10501	-94	-82	10	26.61	75.09	3.901
2015-07-26 11:17:50.302	50531	10501	-94	-83	10
2015-07-26 11:33:31.323	50531	10501	-94	-86	10	27.02	75.03	3.889
2015-07-26 11:44:46.542	50531	10501	-94	-84	10
2015-07-26 13:56:58.842	50531	10501	-94	-83	10
2015-07-26 16:09:10.002	50531	10501	-94	-85	10
2015-07-26 16:13:54.971	50531	10501	-94	-85	10	27.47	75.29	3.877
2015-07-26 16:45:55.046	50531	10501	-94	-87	10	27.38	75.16	3.889
2015-07-26 17:12:26.582	50531	10501	-94	-84	10	27.05	75.37	3.901
2015-07-26 17:43:16.846	50531	10501	-94	-85	10	27.52	74.91	3.901
2015-07-26 18:10:02.647	50531	10501	-94	-87	10	27.38	75.24	3.889
2015-07-26 18:21:21.283	50531	10501	-94	-83	10
2015-07-26 18:40:06.914	50531	10501	-94	-85	10
2015-07-26 19:31:33.407	50531	10501	-94	-84	10	25.91	75.59	3.901
2015-07-26 20:02:18.574	50531	10501	-94	-84	10	25.49	75.58	3.901
2015-07-26 21:07:32.543	50531	10501	-94	-84	10
2015-07-26 22:41:50.206	50531	10501	-94	-84	10	23.04	75.75	3.889
2015-07-26 23:51:04.467	50531	10501	-94	-83	10	22.29	75.87	3.889
2015-07-27 00:22:10.427	50531	10501	-94	-83	10	21.96	75.89	3.889
2015-07-27 00:36:45.786	50531	10501	-94	-83	10	21.9	75.93	3.901
2015-07-27 01:34:05.931	50531	10501	-94	-83	10	21.47	75.95	3.901
2015-07-27 02:21:19.102	50531	10501	-94	-83	10	21.28	75.97	3.889
2015-07-27 02:33:55.583	50531	10501	-94	-83	10	21.11	75.99	3.889
2015-07-27 03:10:18.846	50531	10501	-94	-83	10
2015-07-27 04:29:49.227	50531	10501	-94	-83	10
2015-07-27 04:40:55.947	50531	10501	-94	-83	10	20.74	76.05	3.889
2015-07-27 05:22:19.247	50531	10501	-94	-83	10
2015-07-27 06:37:48.443	50531	10501	-94	-84	10	20.2	75.99	3.889
2015-07-27 06:57:14.454	50531	10501	-94	-84	10
2015-07-27 07:13:59.218	50531	10501	-94	-84	10	20.38	75.95	3.889
2015-07-27 07:42:24.574	50531	10501	-94	-84	10	20.61	75.94	3.889
2015-07-27 08:50:29.378	50531	10501	-94	-83	10	21.4	75.72	3.889
2015-07-27 09:24:41.287	50531	10501	-94	-83	10
2015-07-27 09:46:18.343	50531	10501	-94	-83	10	22.24	75.57	3.889
2015-07-27 10:03:36.055	50531	10501	-94	-84	10	22.81	75.35	3.889
2015-07-27 10:47:42.243	50531	10501	-94	-84	10	24.14	75.15	3.889
2015-07-27 11:03:45.082	50531	10501	-94	-83	10	24.74	74.92	3.889
2015-07-27 11:52:29.018	50531	10501	-94	-85	10	26.38	74.24	3.889
2015-07-27 12:38:21.534	50531	10501	-94	-83	10	27.65	73.9	3.889
2015-07-27 13:10:23.334	50531	10501	-94	-84	10	27.19	74.95	3.889
2015-07-27 13:35:36.703	50531	10501	-94	-84	10	27.3	74.47	3.889
2015-07-27 14:11:04.483	50531	10501	-94	-84	10
2015-07-27 14:14:49.15	50531	10501	-94	-83	10	28.55	74.35	3.889
2015-07-27 14:19:30.786	50531	10501	-94	-83	10
2015-07-27 14:42:04.983	50531	10501	-94	-83	10	29.01	74.69	3.889
2015-07-27 15:19:20.311	50531	10501	-94	-83	10	28.9	74.56	3.889
2015-07-27 15:36:56.566	50531	10501	-94	-84	10	28.57	75.05	3.889
2015-07-27 16:16:36.986	50531	10501	-94	-84	10	30.63	72.99	3.889
2015-07-27 16:23:15.638	50531	10501	-94	-84	10
2015-07-27 16:46:57.242	50531	10501	-94	-84	10
2015-07-27 16:47:47.354	50531	10501	-94	-83	10	29.97	73.95	3.889
2015-07-27 17:15:02.267	50531	10501	-94	-83	10	30.22	73.65	3.889
2015-07-27 17:45:33.742	50531	10501	-94	-84	10	30.36	73.54	3.901
2015-07-27 18:22:03.342	50531	10501	-94	-85	10	29.55	74.35	3.889
2015-07-27 18:35:28.439	50531	10501	-94	-84	10
2015-07-27 18:51:29.079	50531	10501	-94	-84	10	29.11	74.63	3.889
2015-07-27 19:06:13.994	50531	10501	-94	-83	10	28.88	74.72	3.901
2015-07-27 19:14:21.795	50531	10501	-94	-84	10
2015-07-27 19:45:22.486	50531	10501	-94	-84	10	28.08	74.87	3.901
2015-07-27 20:07:29.074	50531	10501	-94	-83	10	27.44	75.03	3.901
2015-07-27 20:47:39.038	50531	10501	-94	-83	10
2015-07-27 20:52:00.467	50531	10501	-94	-84	10	26.16	75.14	3.889
2015-07-27 21:18:12.331	50531	10501	-94	-83	10	25.3	75.22	3.901
2015-07-27 21:41:48.018	50531	10501	-94	-83	10
2015-07-27 21:44:14.634	50531	10501	-94	-83	10	24.72	75.24	3.889
2015-07-27 22:09:52.954	50531	10501	-94	-83	10	24.06	75.36	3.901
2015-07-27 22:34:33.874	50531	10501	-94	-83	10	23.76	75.35	3.901
2015-07-27 22:59:51.026	50531	10501	-94	-83	10
2015-07-27 23:05:14.951	50531	10501	-94	-83	10	23.6	75.43	3.889
2015-07-27 23:40:58.002	50531	10501	-94	-83	10	23.22	75.49	3.889
2015-07-28 00:09:13.302	50531	10501	-94	-82	10
2015-07-28 00:12:53.442	50531	10501	-94	-82	10	22.99	75.61	3.889
2015-07-28 00:50:02.175	50531	10501	-94	-82	10	22.75	75.7	3.889
2015-07-28 01:11:12.819	50531	10501	-94	-82	10	22.52	75.73	3.889
2015-07-28 01:12:02.842	50531	10501	-94	-82	10
2015-07-28 01:41:20.516	50531	10501	-94	-82	10	22.33	75.72	3.889
2015-07-28 02:10:26.575	50531	10501	-94	-82	10	21.94	75.75	3.889
2015-07-28 02:36:40.094	50531	10501	-94	-82	10
2015-07-28 02:48:20.538	50531	10501	-94	-83	10	21.52	75.8	3.889
2015-07-28 03:17:41.991	50531	10501	-94	-83	10	21.19	75.81	3.901
2015-07-28 03:24:14.834	50531	10501	-94	-82	10
2015-07-28 03:50:26.791	50531	10501	-94	-82	10	20.95	75.79	3.889
2015-07-28 04:17:43.467	50531	10501	-94	-82	10	20.72	75.8	3.901
2015-07-28 04:31:22.579	50531	10501	-94	-82	10	20.65	75.87	3.889
2015-07-28 05:51:42.346	50531	10501	-94	-82	10	20.29	75.85	3.889
2015-07-28 06:38:36.023	50531	10501	-94	-82	10	20.06	75.91	3.889
2015-07-28 07:31:30.27	50531	10501	-94	-83	10
2015-07-28 07:48:45.635	50531	10501	-94	-83	10
2015-07-28 08:48:40.326	50531	10501	-94	-82	10	22.06	75.34	3.889
2015-07-28 09:11:25.974	50531	10501	-94	-82	10	22.99	75.28	3.889
2015-07-28 09:36:05.014	50531	10501	-94	-82	10	23.97	75.39	3.889
2015-07-28 09:58:55.919	50531	10501	-94	-84	10
2015-07-28 10:00:48.038	50531	10501	-94	-84	10
2015-07-28 10:23:12.307	50531	10501	-94	-84	10	25.35	75.09	3.889
2015-07-28 10:47:31.679	50531	10501	-94	-82	10	26.15	74.97	3.889
2015-07-28 11:17:09.071	50531	10501	-94	-84	10	26.91	74.84	3.889
2015-07-28 11:37:08.794	50531	10501	-94	-82	10	27.63	74.65	3.889
2015-07-28 12:12:59.811	50531	10501	-94	-85	10
2015-07-28 12:14:49.702	50531	10501	-94	-83	10	29.44	73.28	3.889
2015-07-28 12:26:23.607	50531	10501	-94	-85	10
2015-07-28 12:49:55.39	50531	10501	-94	-85	10	29.74	74.35	3.889
2015-07-28 13:11:09.478	50531	10501	-94	-84	10	29.94	74.34	3.889
2015-07-28 13:35:29.991	50531	10501	-94	-85	10	31.4	71.81	3.889
2015-07-28 14:21:18.302	50531	10501	-94	-84	10	31.08	74.02	3.889
2015-07-28 14:25:11.491	50531	10501	-94	-86	10
2015-07-28 14:44:59.135	50531	10501	-94	-85	10	30.52	74.39	3.877
2015-07-28 14:53:46.671	50531	10501	-94	-84	10
2015-07-28 15:05:18.851	50531	10501	-94	-84	10	29.6	74.86	3.889
2015-07-28 15:33:45.21	50531	10501	-94	-84	10	30.58	74.03	3.889
2015-07-28 16:19:22.282	50531	10501	-94	-85	10	31.3	73.14	3.889
2015-07-28 16:33:46.739	50531	10501	-94	-86	10	30.16	74.24	3.901
2015-07-28 16:37:22.079	50531	10501	-94	-85	10
2015-07-28 17:04:43.514	50531	10501	-94	-85	10	30.47	74.38	3.889
2015-07-28 17:21:12.311	50531	10501	-94	-85	10
2015-07-28 17:50:00.159	50531	10501	-94	-85	10	30.61	73.59	3.901
2015-07-28 18:09:37.751	50531	10501	-94	-85	10	30.3	73.95	3.901
2015-07-28 18:46:51.591	50531	10501	-94	-85	10	29.52	74.57	3.901
2015-07-28 18:49:33.651	50531	10501	-94	-86	10
2015-07-28 19:13:05.574	50531	10501	-94	-85	10	29.11	74.71	3.901
2015-07-28 19:48:39.23	50531	10501	-94	-84	10
2015-07-28 19:53:07.526	50531	10501	-94	-84	10	28.19	75.01	3.889
2015-07-28 20:04:32.206	50531	10501	-94	-84	10	27.86	75.0	3.901
2015-07-28 20:52:55.334	50531	10501	-94	-84	10	26.76	75.06	3.901
2015-07-28 21:01:45.434	50531	10501	-94	-84	10
2015-07-28 21:21:52.998	50531	10501	-94	-84	10	26.02	75.17	3.889
2015-07-28 21:51:25.122	50531	10501	-94	-84	10	25.41	75.16	3.889
2015-07-28 22:16:03.118	50531	10501	-94	-84	10
2015-07-28 22:21:24.206	50531	10501	-94	-83	10	25.05	75.2	3.901
2015-07-28 22:34:22.13	50531	10501	-94	-83	10	24.93	75.26	3.889
2015-07-28 23:13:59.251	50531	10501	-94	-84	10
2015-07-28 23:14:26.93	50531	10501	-94	-83	10	24.69	75.32	3.889
2015-07-28 23:51:48.759	50531	10501	-94	-84	10	24.24	75.45	3.889
2015-07-29 00:11:57.314	50531	10501	-94	-83	10	23.95	75.47	3.889
2015-07-29 00:42:45.367	50531	10501	-94	-83	10	23.65	75.47	3.889
2015-07-29 00:43:28.65	50531	10501	-94	-84	10
2015-07-29 01:18:37.178	50531	10501	-94	-83	10	23.17	75.56	3.877
2015-07-29 01:26:08.159	50531	10501	-94	-83	10
2015-07-29 01:31:14.166	50531	10501	-94	-83	10	23.17	75.53	3.889
2015-07-29 02:17:54.47	50531	10501	-94	-83	10	22.63	75.62	3.889
2015-07-29 02:34:37.591	50531	10501	-94	-83	10	22.44	75.61	3.889
2015-07-29 03:10:54.788	50531	10501	-94	-83	10
2015-07-29 03:21:32.019	50531	10501	-94	-84	10	21.97	75.65	3.889
2015-07-29 03:38:20.379	50531	10501	-94	-83	10
2015-07-29 03:47:15.114	50531	10501	-94	-83	10	21.72	75.68	3.901
2015-07-29 04:04:08.198	50531	10501	-94	-83	10	21.49	75.71	3.889
2015-07-29 04:45:24.523	50531	10501	-94	-83	10	21.13	75.7	3.889
2015-07-29 05:14:26.646	50531	10501	-94	-83	10	20.85	75.72	3.889
2015-07-29 05:38:20.614	50531	10501	-94	-84	10
2015-07-29 05:48:48.151	50531	10501	-94	-83	10	20.7	75.66	3.889
2015-07-29 05:50:31.218	50531	10501	-94	-82	10
2015-07-29 06:21:09.191	50531	10501	-94	-83	10	20.36	75.73	3.889
2015-07-29 06:37:54.342	50531	10501	-94	-84	10	20.27	75.74	3.889
2015-07-29 07:10:53.195	50531	10501	-94	-83	10	20.25	75.71	3.889
2015-07-29 07:43:08.371	50531	10501	-94	-83	10	20.61	75.67	3.889
2015-07-29 08:02:43.658	50531	10501	-94	-83	10
2015-07-29 08:05:45.932	50531	10501	-94	-83	10
2015-07-29 08:12:53.616	50531	10501	-94	-84	10	21.18	75.52	3.889
2015-07-29 08:48:36.914	50531	10501	-94	-83	10	22.46	75.18	3.889
2015-07-29 09:04:49.07	50531	10501	-94	-83	10	23.1	75.19	3.889
2015-07-29 09:53:25.984	50531	10501	-94	-84	10	25.08	74.98	3.889
2015-07-29 10:09:56.578	50531	10501	-94	-84	10	25.52	75.02	3.889
2015-07-29 10:14:54.646	50531	10501	-94	-85	10
2015-07-29 10:33:11.338	50531	10501	-94	-84	10
2015-07-29 10:53:22.839	50531	10501	-94	-84	10	26.77	74.82	3.889
2015-07-29 11:17:23.798	50531	10501	-94	-86	10	27.47	74.65	3.889
2015-07-29 11:32:00.57	50531	10501	-94	-84	10	27.74	74.62	3.889
2015-07-29 12:18:58.163	50531	10501	-94	-84	10	29.88	73.42	3.889
2015-07-29 12:27:05.895	50531	10501	-94	-89	10
2015-07-29 12:49:23.559	50531	10501	-94	-86	10	30.15	74.32	3.889
2015-07-29 13:00:36.798	50531	10501	-94	-85	10
2015-07-29 13:23:11.902	50531	10501	-94	-87	10	31.82	71.05	3.877
2015-07-29 13:36:17.014	50531	10501	-94	-88	10	30.54	73.6	3.889
2015-07-29 14:04:01.731	50531	10501	-94	-87	10	30.38	74.14	3.889
2015-07-29 14:39:17.642	50531	10501	-94	-85	10
2015-07-29 14:40:26.974	50531	10501	-94	-85	10	30.61	74.12	3.889
2015-07-29 15:11:17.45	50531	10501	-94	-87	10	31.38	73.87	3.889
2015-07-29 15:28:02.194	50531	10501	-94	-87	10
2015-07-29 15:50:20.371	50531	10501	-94	-87	10	31.05	74.75	3.889
2015-07-29 16:05:41.106	50531	10501	-94	-86	10	32.08	73.12	3.889
2015-07-29 16:40:31.434	50531	10501	-94	-86	10	31.86	73.54	3.889
2015-07-29 16:51:28.374	50531	10501	-94	-87	10
2015-07-29 17:05:46.682	50531	10501	-94	-86	10	30.93	74.44	3.901
2015-07-29 17:39:51.342	50531	10501	-94	-87	10	32.71	71.24	3.889
2015-07-29 17:55:28.132	50531	10501	-94	-87	10
2015-07-29 18:09:00.762	50531	10501	-94	-87	10	31.44	73.46	3.889
2015-07-29 18:50:35.191	50531	10501	-94	-84	10	30.88	74.15	3.889
2015-07-29 19:03:40.062	50531	10501	-94	-85	10
2015-07-29 19:09:46.778	50531	10501	-94	-85	10	30.71	74.28	3.901
2015-07-29 19:31:16.618	50531	10501	-94	-84	10	30.33	74.49	3.901
2015-07-29 20:08:22.682	50531	10501	-94	-86	10	29.49	74.87	3.889
2015-07-29 20:22:53.15	50531	10501	-94	-85	10
2015-07-29 20:47:42.087	50531	10501	-94	-85	10	28.68	74.96	3.901
2015-07-29 21:04:00.563	50531	10501	-94	-84	10	28.3	74.97	3.901
2015-07-29 21:15:52.018	50531	10501	-94	-87	10
2015-07-29 21:37:44.334	50531	10501	-94	-86	10	27.61	75.04	3.889
2015-07-29 22:16:54.01	50531	10501	-94	-85	10	26.66	75.15	3.901
2015-07-29 22:41:29.894	50531	10501	-94	-85	10	26.15	75.14	3.901
2015-07-29 22:50:19.078	50531	10501	-94	-85	10
2015-07-29 23:16:25.259	50531	10501	-94	-85	10	25.74	75.17	3.901
2015-07-29 23:28:03.332	50531	10501	-94	-85	10
2015-07-29 23:33:59.379	50531	10501	-94	-85	10	25.44	75.27	3.889
2015-07-30 00:08:43.483	50531	10501	-94	-84	10	25.02	75.27	3.901
2015-07-30 00:52:06.259	50531	10501	-94	-85	10	25.11	75.21	3.889
2015-07-30 01:14:18.826	50531	10501	-94	-84	10	25.24	75.24	3.901
2015-07-30 01:17:44.434	50531	10501	-94	-84	10
2015-07-30 01:40:14.511	50531	10501	-94	-86	10
2015-07-30 01:48:47.415	50531	10501	-94	-86	10	25.21	75.37	3.889
2015-07-30 02:21:43.907	50531	10501	-94	-85	10	24.91	75.44	3.889
2015-07-30 02:50:58.339	50531	10501	-94	-85	10	24.79	75.47	3.889
2015-07-30 03:08:18.198	50531	10501	-94	-85	10	24.72	75.52	3.889
2015-07-30 03:45:10.295	50531	10501	-94	-86	10
2015-07-30 03:47:44.875	50531	10501	-94	-87	10	24.61	75.5	3.901
2015-07-30 03:52:25.923	50531	10501	-94	-85	10
2015-07-30 04:42:04.755	50531	10501	-94	-86	10	24.31	75.57	3.889
2015-07-30 05:12:29.671	50531	10501	-94	-84	10	24.18	75.54	3.889
2015-07-30 05:48:48.006	50531	10501	-94	-86	10	24.08	75.55	3.889
2015-07-30 06:04:37.955	50531	10501	-94	-85	10
2015-07-30 06:10:08.326	50531	10501	-94	-86	10	24.04	75.6	3.889
2015-07-30 06:12:35.739	50531	10501	-94	-89	10
2015-07-30 06:44:03.835	50531	10501	-94	-85	10	23.75	75.6	3.889
2015-07-30 07:08:44.675	50531	10501	-94	-85	10	23.6	75.57	3.889
2015-07-30 07:37:25.694	50531	10501	-94	-84	10	23.24	75.52	3.889
2015-07-30 08:16:49.942	50531	10501	-94	-85	10
2015-07-30 08:19:05.178	50531	10501	-94	-84	10	23.04	75.43	3.889
2015-07-30 08:40:02.038	50531	10501	-94	-86	10
2015-07-30 08:50:03.226	50531	10501	-94	-86	10	23.56	75.29	3.889
2015-07-30 09:06:51.298	50531	10501	-94	-86	10	23.83	75.34	3.889
2015-07-30 09:47:58.574	50531	10501	-94	-85	10	24.52	75.28	3.889
2015-07-30 10:11:27.31	50531	10501	-94	-87	10	24.83	75.21	3.889
2015-07-30 10:29:00.608	50531	10501	-94	-86	10
2015-07-30 10:35:05.187	50531	10501	-94	-85	10	25.3	75.11	3.889
2015-07-30 11:06:33.878	50531	10501	-94	-84	10	25.9	74.92	3.889
2015-07-30 11:07:29.586	50531	10501	-94	-88	10
2015-07-30 11:51:22.995	50531	10501	-94	-87	10	27.05	74.34	3.889
2015-07-30 12:19:17.354	50531	10501	-94	-84	10	28.16	73.29	3.889
2015-07-30 12:41:12.695	50531	10501	-94	-86	10
2015-07-30 12:51:59.019	50531	10501	-94	-85	10	28.16	74.5	3.889
2015-07-30 13:17:49.198	50531	10501	-94	-86	10	29.47	73.0	3.889
2015-07-30 13:34:52.982	50531	10501	-94	-88	10
2015-07-30 13:44:23.898	50531	10501	-94	-86	10	28.94	73.64	3.889
2015-07-30 14:10:59.247	50531	10501	-94	-86	10	29.21	74.14	3.889
2015-07-30 14:31:37.091	50531	10501	-94	-85	10	29.4	74.34	3.889
2015-07-30 15:13:30.694	50531	10501	-94	-85	10	29.83	74.29	3.889
2015-07-30 15:52:07.138	50531	10501	-94	-86	10	30.01	74.86	3.889
2015-07-30 16:02:17.746	50531	10501	-94	-87	10
2015-07-30 16:18:56.103	50531	10501	-94	-85	10	30.66	72.48	3.901
2015-07-30 16:39:35.279	50531	10501	-94	-91	10	30.13	73.35	3.889
2015-07-30 17:05:38.719	50531	10501	-94	-89	10
2015-07-30 17:15:34.422	50531	10501	-94	-86	10	29.97	73.69	3.901
2015-07-30 17:52:54.654	50531	10501	-94	-88	10	29.69	72.96	3.889
2015-07-30 18:12:39.966	50531	10501	-94	-91	10	29.18	73.68	3.889
2015-07-30 18:29:43.439	50531	10501	-94	-85	10
2015-07-30 18:46:55.091	50531	10501	-94	-84	10	28.33	74.28	3.889
2015-07-30 19:12:35.655	50531	10501	-94	-82	10	27.82	74.55	3.889
2015-07-30 19:17:48.887	50531	10501	-94	-84	10
2015-07-30 19:32:09.607	50531	10501	-94	-87	10	27.3	74.64	3.889
2015-07-30 20:13:44.078	50531	10501	-94	-84	10	26.47	74.84	3.889
2015-07-30 20:46:58.398	50531	10501	-94	-84	10	25.63	74.95	3.889
2015-07-30 20:57:09.962	50531	10501	-94	-84	10
2015-07-30 21:17:03.954	50531	10501	-94	-84	10	25.02	74.94	3.889
2015-07-30 21:29:58.046	50531	10501	-94	-84	10
2015-07-30 21:37:24.438	50531	10501	-94	-86	10	24.6	75.0	3.889
2015-07-30 22:20:52.91	50531	10501	-94	-84	10	24.19	75.03	3.889
2015-07-30 22:53:20.346	50531	10501	-94	-85	10	23.15	75.18	3.889
2015-07-30 23:02:20.15	50531	10501	-94	-84	10	22.9	75.18	3.889
2015-07-30 23:24:34.138	50531	10501	-94	-85	10
2015-07-30 23:39:17.45	50531	10501	-94	-84	10	22.38	75.08	3.889
2015-07-30 23:42:09.523	50531	10501	-94	-84	10
2015-07-31 00:02:29.567	50531	10501	-94	-83	10	22.06	75.12	3.889
2015-07-31 00:32:40.922	50531	10501	-94	-84	10	21.61	75.15	3.889
2015-07-31 01:16:28.591	50531	10501	-94	-84	10	20.9	75.22	3.889
2015-07-31 01:47:08.907	50531	10501	-94	-84	10	20.39	75.23	3.889
2015-07-31 01:52:00.359	50531	10501	-94	-83	10
2015-07-31 01:54:20.139	50531	10501	-94	-82	10
2015-07-31 02:16:34.883	50531	10501	-94	-84	10	20.11	75.25	3.889
2015-07-31 02:38:20.616	50531	10501	-94	-83	10	20.04	75.21	3.889
2015-07-31 03:23:14.335	50531	10501	-94	-84	10	20.17	75.26	3.889
2015-07-31 03:41:28.307	50531	10501	-94	-84	10	20.03	75.31	3.889
2015-07-31 04:02:31.775	50531	10501	-94	-84	10	19.7	75.36	3.889
2015-07-31 04:06:32.499	50531	10501	-94	-82	10
2015-07-31 04:19:25.867	50531	10501	-94	-82	10
2015-07-31 04:37:35.935	50531	10501	-94	-83	10	19.07	75.36	3.889
2015-07-31 05:12:58.663	50531	10501	-94	-83	10	18.74	75.32	3.889
2015-07-31 05:48:09.022	50531	10501	-94	-83	10	18.42	75.37	3.877
2015-07-31 06:05:09.166	50531	10501	-94	-84	10	18.38	75.28	3.889
2015-07-31 06:18:43.971	50531	10501	-94	-82	10
2015-07-31 06:39:27.103	50531	10501	-94	-84	10	18.2	75.43	3.889
2015-07-31 06:46:51.53	50531	10501	-94	-83	10
2015-07-31 07:04:33.487	50531	10501	-94	-84	10	18.1	75.43	3.889
2015-07-31 07:32:34.93	50531	10501	-94	-84	10	18.35	75.4	3.889
2015-07-31 08:19:44.843	50531	10501	-94	-83	10	19.25	75.21	3.889
2015-07-31 08:30:55.23	50531	10501	-94	-84	10
2015-07-31 08:50:03.818	50531	10501	-94	-83	10	20.58	74.59	3.889
2015-07-31 09:14:16.39	50531	10501	-94	-82	10
2015-07-31 09:18:58.446	50531	10501	-94	-84	10	22.24	73.69	3.889
2015-07-31 09:32:40.844	50531	10501	-94	-85	10	22.38	74.54	3.889
2015-07-31 10:06:30.215	50531	10501	-94	-84	10	23.2	74.81	3.889
2015-07-31 10:43:06.516	50531	10501	-94	-85	10
2015-07-31 10:49:35.947	50531	10501	-94	-83	10	24.63	74.51	3.889
2015-07-31 11:11:49.627	50531	10501	-94	-86	10	25.22	74.52	3.889
2015-07-31 11:41:40.658	50531	10501	-94	-84	10	26.04	74.31	3.889
2015-07-31 11:41:47.955	50531	10501	-94	-86	10
2015-07-31 12:36:03.974	50531	10501	-94	-90	10	27.9	73.81	3.889
2015-07-31 12:55:18.848	50531	10501	-94	-89	10
2015-07-31 13:17:19.142	50531	10501	-94	-83	10	29.33	73.12	3.889
2015-07-31 13:37:31.523	50531	10501	-94	-88	10	28.96	73.3	3.889
2015-07-31 14:09:08.819	50531	10501	-94	-87	10
2015-07-31 14:17:20.027	50531	10501	-94	-87	10	29.24	74.06	3.889
2015-07-31 14:45:23.89	50531	10501	-94	-87	10	28.83	74.49	3.889
2015-07-31 15:07:29.759	50531	10501	-94	-89	10
2015-07-31 15:17:32.334	50531	10501	-94	-89	10	29.58	73.9	3.889
2015-07-31 15:50:28.711	50531	10501	-94	-89	10	29.25	74.32	3.889
2015-07-31 16:18:25.69	50531	10501	-94	-88	10	29.02	73.6	3.889
2015-07-31 16:36:33.671	50531	10501	-94	-86	11
2015-07-31 17:10:44.91	50531	10501	-94	-82	11	28.66	74.15	3.889
2015-07-31 17:19:41.286	50531	10501	-94	-88	11
2015-07-31 18:43:18.074	50531	10501	-94	-86	10	27.47	74.62	3.889
2015-07-31 19:03:59.282	50531	10501	-94	-86	10
2015-07-31 19:09:11.578	50531	10501	-94	-86	10	27.32	74.76	3.889
2015-07-31 19:31:52.859	50531	10501	-94	-88	10
2015-07-31 19:53:08.866	50531	10501	-94	-86	10	26.97	74.94	3.889
2015-07-31 20:10:52.41	50531	10501	-94	-86	10	26.71	74.97	3.889
2015-07-31 20:37:02.642	50531	10501	-94	-86	10	26.15	75.0	3.889
2015-07-31 21:20:29.147	50531	10501	-94	-85	10	25.04	75.0	3.877
2015-07-31 21:31:24.526	50531	10501	-94	-84	10
2015-07-31 21:42:23.719	50531	10501	-94	-85	10	24.41	74.91	3.889
2015-07-31 21:44:05.395	50531	10501	-94	-84	10
2015-07-31 22:22:04.666	50531	10501	-94	-85	10	24.11	74.79	3.889
2015-07-31 22:36:41.29	50531	10501	-94	-85	10	24.04	74.81	3.889
2015-07-31 23:18:02.399	50531	10501	-94	-85	10	23.58	74.99	3.889
2015-07-31 23:42:35.267	50531	10501	-94	-85	10	23.36	75.03	3.889
2015-07-31 23:56:15.503	50531	10501	-94	-85	10
2015-07-31 23:58:50.307	50531	10501	-94	-86	10
2015-08-01 00:15:52.582	50531	10501	-94	-85	10	23.04	75.02	3.889
2015-08-01 00:48:05.267	50531	10501	-94	-87	10	22.77	75.08	3.889
2015-08-01 01:08:50.815	50531	10501	-94	-88	10	22.97	75.06	3.889
2015-08-01 01:40:34.375	50531	10501	-94	-86	10	22.94	75.11	3.889
2015-08-01 02:08:27.959	50531	10501	-94	-88	10
2015-08-01 02:10:05.459	50531	10501	-94	-85	10	22.78	75.13	3.889
2015-08-01 02:26:15.499	50531	10501	-94	-84	10
2015-08-01 02:51:53.215	50531	10501	-94	-86	10	22.54	75.14	3.889
2015-08-01 03:01:18.239	50531	10501	-94	-84	10	22.44	75.15	3.877
2015-08-01 03:48:43.654	50531	10501	-94	-84	10	21.72	75.11	3.889
2015-08-01 04:17:25.363	50531	10501	-94	-87	10	21.38	75.13	3.889
2015-08-01 04:20:38.094	50531	10501	-94	-84	10
2015-08-01 04:31:50.435	50531	10501	-94	-83	10	21.1	75.07	3.889
2015-08-01 04:53:41.623	50531	10501	-94	-85	10
2015-08-01 05:16:44.339	50531	10501	-94	-84	10	20.22	75.06	3.889
2015-08-01 05:47:38.815	50531	10501	-94	-84	10	19.67	75.11	3.889
2015-08-01 06:18:39.542	50531	10501	-94	-86	10	19.11	75.08	3.889
2015-08-01 06:32:50.334	50531	10501	-94	-84	10
2015-08-01 06:44:00.231	50531	10501	-94	-85	10	18.65	75.12	3.877
2015-08-01 07:02:47.602	50531	10501	-94	-84	10	18.53	75.09	3.889
2015-08-01 07:21:07.47	50531	10501	-94	-86	10
2015-08-01 07:33:42.194	50531	10501	-94	-84	10	19.0	75.03	3.889
2015-08-01 08:05:09.047	50531	10501	-94	-85	10	19.42	75.06	3.889
2015-08-01 08:45:04.475	50531	10501	-94	-85	10
2015-08-01 09:13:36.43	50531	10501	-94	-86	10	21.47	74.58	3.889
2015-08-01 09:41:52.647	50531	10501	-94	-87	10	22.04	74.88	3.889
2015-08-01 09:48:36.483	50531	10501	-94	-83	10
2015-08-01 10:07:05.383	50531	10501	-94	-85	10	22.57	74.95	3.877
2015-08-01 10:49:16.631	50531	10501	-94	-88	10	23.6	74.56	3.889
2015-08-01 10:57:14.795	50531	10501	-94	-83	10
2015-08-01 11:22:12.987	50531	10501	-94	-84	10	23.96	74.43	3.889
2015-08-01 11:38:51.375	50531	10501	-94	-84	10	24.41	74.47	3.889
2015-08-01 12:09:37.419	50531	10501	-94	-86	10	25.6	73.56	3.877
2015-08-01 12:15:59.054	50531	10501	-94	-82	10
2015-08-01 13:09:24.691	50531	10501	-94	-83	10
2015-08-01 13:16:22.634	50531	10501	-94	-85	10	26.6	73.78	3.889
2015-08-01 13:45:34.01	50531	10501	-94	-87	10	26.24	74.07	3.889
2015-08-01 15:21:37.646	50531	10501	-94	-86	14
2015-08-01 15:53:23.168	50531	10501	-94	-88	13	28.77	73.27	3.889
2015-08-01 16:19:35.042	50531	10501	-94	-85	13	28.66	72.99	3.889
2015-08-01 16:51:45.787	50531	10501	-94	-86	13	27.94	73.95	3.889
2015-08-01 17:10:57.666	50531	10501	-94	-86	12
2015-08-01 17:13:21.179	50531	10501	-94	-84	12	27.55	73.99	3.889
2015-08-01 17:31:11.726	50531	10501	-94	-86	12	26.58	74.39	3.889
2015-08-01 17:33:52.018	50531	10501	-94	-85	12
2015-08-01 18:16:42.954	50531	10501	-94	-84	12	25.04	74.34	3.889
2015-08-01 19:38:40.887	50531	10501	-94	-83	11
2015-08-01 22:13:30.907	50531	10501	-94	-82	11	20.97	74.8	3.889
2015-08-01 22:34:58.939	50531	10501	-94	-83	11	20.71	74.78	3.889
2015-08-01 23:03:15.662	50531	10501	-94	-83	10	20.25	74.82	3.889
2015-08-01 23:39:17.078	50531	10501	-94	-83	10	19.86	74.82	3.889
2015-08-02 00:10:10.942	50531	10501	-94	-83	10	19.46	74.96	3.889
2015-08-02 00:10:21.89	50531	10501	-94	-84	10
2015-08-02 00:33:05.746	50531	10501	-94	-82	10
2015-08-02 00:43:33.698	50531	10501	-94	-84	10	19.39	74.87	3.889
2015-08-02 01:05:07.915	50531	10501	-94	-83	10	19.31	74.82	3.877
2015-08-02 01:34:07.434	50531	10501	-91	-83	10	18.82	74.99	3.889
2015-08-02 02:17:46.135	50531	10501	-94	-84	10	19.02	74.87	3.877
2015-08-02 02:22:33.999	50531	10501	-94	-84	10
2015-08-02 02:34:16.59	50531	10501	-94	-84	10	19.27	74.84	3.889
2015-08-02 03:00:33.422	50531	10501	-94	-84	10
2015-08-02 03:05:10.215	50531	10501	-94	-83	10	19.28	74.92	3.877
2015-08-02 03:47:43.506	50531	10501	-94	-84	10	18.68	74.96	3.877
2015-08-02 04:17:16.043	50531	10501	-94	-83	10	17.92	74.97	3.877
2015-08-02 04:32:50.694	50531	10501	-94	-84	10	17.72	74.93	3.877
2015-08-02 04:34:44.482	50531	10501	-94	-82	10
2015-08-02 05:11:59.438	50531	10501	-94	-83	10	17.43	74.85	3.877
2015-08-02 05:27:56.894	50531	10501	-94	-83	10
2015-08-02 05:52:09.882	50531	10501	-94	-83	10	17.54	74.87	3.877
2015-08-02 06:13:46.65	50531	10501	-94	-83	10	17.72	74.93	3.889
2015-08-02 06:41:32.782	50531	10501	-94	-82	10	17.89	74.91	3.877
2015-08-02 06:46:56.97	50531	10501	-94	-83	10
2015-08-02 07:22:25.158	50531	10501	-94	-84	10	18.0	74.96	3.889
2015-08-02 07:50:06.503	50531	10501	-94	-82	10	18.42	74.86	3.889
2015-08-02 07:55:22.859	50531	10501	-94	-83	10
2015-08-02 08:03:26.558	50531	10501	-94	-83	10	18.52	74.85	3.877
2015-08-02 08:32:57.955	50531	10501	-94	-83	10	19.32	74.64	3.877
2015-08-02 08:59:07.738	50531	10501	-94	-82	10
2015-08-02 09:21:38.503	50531	10501	-94	-82	10	20.97	74.53	3.877
2015-08-02 09:36:04.15	50531	10501	-94	-82	10	21.19	74.71	3.877
2015-08-02 10:22:48.366	50531	10501	-94	-83	10
2015-08-02 10:43:53.479	50531	10501	-94	-84	10	23.2	74.18	3.877
2015-08-02 11:10:41.574	50531	10501	-94	-82	10	24.0	74.14	3.877
2015-08-02 11:11:19.751	50531	10501	-94	-84	10
2015-08-02 11:45:26.566	50531	10501	-94	-84	10	25.19	74.01	3.877
2015-08-02 12:41:05.119	50531	10501	-94	-83	10	26.94	73.09	3.865
2015-08-02 12:50:14.046	50531	10501	-94	-83	10
2015-08-02 13:23:31.182	50531	10501	-94	-83	10
2015-08-02 13:48:29.17	50531	10501	-94	-85	10	28.71	72.4	3.877
2015-08-02 14:03:30.45	50531	10501	-94	-87	10	28.49	73.38	3.877
2015-08-02 14:46:51.07	50531	10501	-94	-82	10	28.38	74.01	3.865
2015-08-02 15:14:28.171	50531	10501	-94	-85	10	29.33	73.29	3.889
2015-08-02 15:17:39.903	50531	10501	-94	-85	14
2015-08-02 15:35:42.142	50531	10501	-94	-83	13
2015-08-02 15:39:21.575	50531	10501	-94	-86	12	29.61	73.54	3.877
2015-08-02 16:18:09.774	50531	10501	-94	-86	12	30.11	72.64	3.889
2015-08-02 16:40:16.694	50531	10501	-94	-90	12	29.43	73.39	3.889
2015-08-02 17:06:15.715	50531	10501	-94	-83	12	28.97	73.93	3.889
2015-08-02 17:45:04.498	50531	10501	-94	-84	12
2015-08-02 17:47:53.77	50531	10501	-94	-83	11
2015-08-02 17:47:59.682	50531	10501	-94	-87	11	29.0	73.59	3.889
2015-08-02 18:04:17.378	50531	10501	-94	-86	11	28.88	73.85	3.889
2015-08-02 18:44:47.166	50531	10501	-94	-83	10	28.22	74.34	3.889
2015-08-02 19:08:55.566	50531	10501	-94	-86	10	28.11	74.27	3.889
2015-08-02 19:46:47.694	50531	10501	-94	-82	10	27.44	74.42	3.889
2015-08-02 20:00:05.847	50531	10501	-94	-86	10
2015-08-02 20:12:33.31	50531	10501	-94	-83	10
2015-08-02 20:23:07.983	50531	10501	-94	-82	10	26.71	74.44	3.889
2015-08-02 20:37:16.591	50531	10501	-94	-83	10	26.52	74.49	3.889
2015-08-02 21:12:03.29	50531	10501	-94	-84	10	26.02	74.5	3.865
2015-08-02 21:51:14.298	50531	10501	-94	-84	10	25.55	74.55	3.889
2015-08-02 22:01:25.11	50531	10501	-94	-84	10	25.38	74.57	3.889
2015-08-02 22:12:20.215	50531	10501	-94	-85	10
2015-08-02 22:36:02.726	50531	10501	-94	-84	10	24.91	74.59	3.889
2015-08-02 22:39:56.218	50531	10501	-94	-83	10
2015-08-02 23:14:11.586	50531	10501	-94	-83	10	24.58	74.58	3.889
2015-08-02 23:39:04.919	50531	10501	-94	-83	10	24.41	74.63	3.889
2015-08-03 00:11:51.31	50531	10501	-94	-82	10	24.15	74.64	3.889
2015-08-03 00:24:28.16	50531	10501	-94	-83	10
2015-08-03 00:44:25.343	50531	10501	-94	-83	10	23.92	74.67	3.889
2015-08-03 01:07:23.935	50531	10501	-94	-82	10
2015-08-03 01:12:40.526	50531	10501	-94	-84	10	23.72	74.66	3.889
2015-08-03 01:38:37.711	50531	10501	-94	-84	10	23.5	74.67	3.889
2015-08-03 02:21:26.05	50531	10501	-94	-84	10	22.97	74.68	3.889
2015-08-03 02:34:34.41	50531	10501	-94	-84	10	22.84	74.65	3.889
2015-08-03 02:36:40.495	50531	10501	-94	-84	10
2015-08-03 03:01:13.955	50531	10501	-94	-84	10	22.09	74.78	3.889
2015-08-03 03:34:46.766	50531	10501	-94	-84	10
2015-08-03 03:48:16.546	50531	10501	-94	-84	10	21.57	74.57	3.889
2015-08-03 04:08:12.342	50531	10501	-94	-83	10	21.29	74.54	3.889
2015-08-03 04:33:55.095	50531	10501	-94	-84	10	20.74	74.57	3.889
2015-08-03 04:48:51.175	50531	10501	-94	-84	10
2015-08-03 05:19:20.043	50531	10501	-94	-85	10	20.54	74.63	3.877
2015-08-03 05:32:55.147	50531	10501	-94	-85	10	20.38	74.66	3.889
2015-08-03 06:02:13.318	50531	10501	-94	-84	10
2015-08-03 06:19:18.794	50531	10501	-94	-84	10	19.93	74.71	3.877
2015-08-03 06:44:29.302	50531	10501	-94	-84	10	19.82	74.71	3.889
2015-08-03 07:01:02.586	50531	10501	-94	-84	10
2015-08-03 07:06:51.81	50531	10501	-94	-83	10	19.75	74.67	3.877
2015-08-03 07:52:25.314	50531	10501	-94	-83	10	19.63	74.72	3.889
2015-08-03 08:04:18.53	50531	10501	-94	-83	10	19.72	74.66	3.877
2015-08-03 09:13:14.519	50531	10501	-94	-85	10
2015-08-03 09:21:25.026	50531	10501	-94	-84	10	20.45	74.48	3.877
2015-08-03 09:34:55.898	50531	10501	-94	-82	10	20.67	74.47	3.877
2015-08-03 10:21:58.872	50531	10501	-94	-83	10	21.54	74.23	3.889
2015-08-03 10:44:15.695	50531	10501	-94	-86	10	21.9	74.2	3.877
2015-08-03 10:57:03.683	50531	10501	-94	-83	10
2015-08-03 11:07:21.775	50531	10501	-94	-81	10	22.76	73.9	3.877
2015-08-03 11:25:26.007	50531	10501	-94	-86	10
2015-08-03 11:51:15.058	50531	10501	-94	-86	10	23.92	73.85	3.877
2015-08-03 12:20:50.986	50531	10501	-94	-82	10	27.36	67.72	3.877
2015-08-03 12:48:50.702	50531	10501	-94	-83	10	25.68	73.33	3.877
2015-08-03 13:19:19.942	50531	10501	-94	-84	10	27.07	71.56	3.877
2015-08-03 13:24:29.122	50531	10501	-94	-85	10
2015-08-03 13:31:40.607	50531	10501	-94	-84	10	27.22	71.27	3.877
2015-08-03 13:37:37.23	50531	10501	-94	-88	10
2015-08-03 14:22:26.355	50531	10501	-94	-87	10	27.99	73.18	3.889
2015-08-03 15:13:10.719	50531	10501	-94	-84	10	28.08	73.81	3.889
2015-08-03 15:49:08.258	50531	10501	-94	-85	10	27.35	73.98	3.877
2015-08-03 15:49:49.786	50531	10501	-94	-85	10
2015-08-03 15:51:54.726	50531	10501	-94	-84	10
2015-08-03 17:21:03.171	50531	10501	-94	-85	10	24.8	74.18	3.889
2015-08-03 17:53:34.215	50531	10501	-94	-85	10	23.71	74.22	3.889
2015-08-03 18:02:00.134	50531	10501	-94	-84	10
2015-08-03 18:02:48.294	50531	10501	-94	-82	10	23.68	74.1	3.889
2015-08-03 18:19:20.582	50531	10501	-94	-84	10
2015-08-03 19:10:26.462	50531	10501	-94	-84	10	23.32	74.34	3.877
2015-08-03 19:50:32.706	50531	10501	-94	-83	10	22.82	74.49	3.877
2015-08-03 21:51:15.998	50531	10501	-94	-84	10	20.36	74.57	3.877
2015-08-03 22:26:35.811	50531	10501	-94	-84	10
2015-08-04 00:31:20.923	50531	10501	-94	-81	10	18.97	74.65	3.877
2015-08-04 01:41:45.743	50531	10501	-94	-82	10
2015-08-04 02:02:36.87	50531	10501	-94	-81	10	18.65	74.69	3.865
2015-08-04 02:48:29.303	50531	10501	-91	-81	10	18.31	74.73	3.877
2015-08-04 02:50:46.722	50531	10501	-94	-80	10
2015-08-04 03:06:44.162	50531	10501	-94	-80	10	18.25	74.69	3.877
2015-08-04 03:51:20.075	50531	10501	-94	-81	10	18.04	74.65	3.877
2015-08-04 04:09:04.167	50531	10501	-94	-80	10
2015-08-04 04:13:09.363	50531	10501	-94	-80	10	17.75	74.67	3.877
2015-08-04 04:52:37.635	50531	10501	-94	-81	10	17.43	74.66	3.877
2015-08-04 05:02:57.547	50531	10501	-94	-80	10
2015-08-04 05:07:53.051	50531	10501	-94	-80	10	17.43	74.58	3.877
2015-08-04 05:40:51.41	50531	10501	-94	-80	10	17.5	74.7	3.877
2015-08-04 06:36:29.742	50531	10501	-94	-80	10
2015-08-04 07:15:21.107	50531	10501	-94	-80	10
2015-08-04 11:23:30.606	50531	10501	-94	-81	10	22.13	73.31	3.877
2015-08-04 11:31:23.05	50531	10501	-94	-79	10
2015-08-04 13:11:11.714	50531	10501	-94	-82	10	25.41	72.27	3.877
2015-08-04 13:50:04.699	50531	10501	-94	-82	10	26.61	70.74	3.877
2015-08-04 13:51:57.963	50531	10501	-94	-84	10
2015-08-04 13:58:54.851	50531	10501	-94	-85	10
2015-08-04 15:37:39.887	50531	10501	-94	-84	10	27.4	72.73	3.877
2015-08-04 18:44:51.946	50531	10501	-94	-85	10	26.33	73.56	3.877
2015-08-04 19:38:00.614	50531	10501	-94	-86	10	25.38	73.77	3.889
2015-08-04 21:03:22.731	50531	10501	-94	-83	10	23.28	73.89	3.877
2015-08-04 21:21:01.406	50531	10501	-94	-84	10
2015-08-04 21:31:22.162	50531	10501	-94	-83	10	22.64	73.85	3.877
2015-08-04 22:06:10.443	50531	10501	-94	-83	10	21.69	73.94	3.877
2015-08-04 22:40:28.826	50531	10501	-94	-82	10
2015-08-04 22:53:14.614	50531	10501	-94	-83	10	20.5	73.84	3.877
2015-08-04 23:04:36.155	50531	10501	-94	-83	10	20.18	73.97	3.877
2015-08-04 23:48:27.571	50531	10501	-94	-83	10
2015-08-04 23:50:00.638	50531	10501	-94	-83	10	19.6	74.07	3.877
2015-08-05 00:19:36.178	50531	10501	-94	-83	10	19.06	74.13	3.877
2015-08-05 00:34:47.114	50531	10501	-94	-83	10	18.93	74.21	3.877
2015-08-05 00:52:40.646	50531	10501	-94	-83	10
2015-08-05 01:22:54.582	50531	10501	-94	-83	10	18.21	74.28	3.877
2015-08-05 01:42:07.142	50531	10501	-94	-84	10	18.08	74.39	3.877
2015-08-05 02:03:21.89	50531	10501	-94	-84	10	18.0	74.27	3.877
2015-08-05 02:15:55.682	50531	10501	-94	-84	10
2015-08-05 02:31:48.806	50531	10501	-94	-83	10	17.65	74.41	3.877
2015-08-05 03:04:53.362	50531	10501	-94	-83	10
2015-08-05 03:17:40.967	50531	10501	-94	-82	10	17.32	74.43	3.877
2015-08-05 03:36:53.995	50531	10501	-94	-83	10	17.21	74.51	3.877
2015-08-05 04:14:39.374	50531	10501	-94	-82	10	16.78	74.48	3.877
2015-08-05 04:34:57.158	50531	10501	-94	-82	10	16.72	74.47	3.877
2015-08-05 04:43:18.87	50531	10501	-94	-82	10
2015-08-05 05:11:48.406	50531	10501	-94	-83	10	16.47	74.5	3.877
2015-08-05 05:17:03.718	50531	10501	-94	-82	10
2015-08-05 05:34:54.886	50531	10501	-94	-82	10	16.39	74.48	3.877
2015-08-05 06:01:40.682	50531	10501	-94	-82	10	16.15	74.51	3.877
2015-08-05 06:36:38.014	50531	10501	-94	-82	10	16.1	74.5	3.877
2015-08-05 07:10:44.191	50531	10501	-94	-82	10
2015-08-05 07:19:42.318	50531	10501	-94	-82	10	16.22	74.53	3.877
2015-08-05 07:29:14.79	50531	10501	-94	-81	10
2015-08-05 08:11:54.118	50531	10501	-94	-82	10	17.49	74.27	3.877
2015-08-05 08:31:44.967	50531	10501	-94	-82	10	18.14	74.11	3.877
2015-08-05 09:41:29.054	50531	10501	-94	-82	10
2015-08-05 10:23:28.666	50531	10501	-94	-87	10	21.38	74.04	3.877
2015-08-05 11:42:18.678	50531	10501	-94	-82	10	23.36	73.44	3.877
2015-08-05 11:53:38.914	50531	10501	-94	-83	10
2015-08-05 12:05:37.782	50531	10501	-94	-82	10
2015-08-05 12:09:54.383	50531	10501	-94	-82	10	24.88	71.61	3.877
2015-08-05 12:41:18.866	50531	10501	-94	-86	10	25.01	72.11	3.877
2015-08-05 13:18:44.675	50531	10501	-94	-82	10	26.4	69.09	3.877
2015-08-05 14:33:04.218	50531	10501	-94	-85	10
2015-08-05 14:35:31.718	50531	10501	-94	-82	10	25.41	72.83	3.877
2015-08-05 15:15:20.762	50531	10501	-94	-84	10	26.38	72.59	3.877
2015-08-05 15:41:14.195	50531	10501	-94	-84	10	25.66	73.27	3.877
2015-08-05 16:18:04.976	50531	10501	-94	-82	10
2015-08-05 16:19:23.766	50531	10501	-94	-85	10	26.41	72.23	3.877
2015-08-05 16:33:57.299	50531	10501	-94	-84	10	26.55	71.97	3.877
2015-08-05 17:00:27.09	50531	10501	-94	-87	10
2015-08-05 17:02:42.454	50531	10501	-94	-87	10	25.47	73.4	3.877
2015-08-05 17:39:27.058	50531	10501	-94	-85	10	25.63	72.84	3.889
2015-08-05 18:15:11.238	50531	10501	-94	-84	10	25.19	73.35	3.877
2015-08-05 18:30:12.518	50531	10501	-94	-87	10
2015-08-05 18:45:39.246	50531	10501	-94	-83	10	24.76	73.62	3.877
2015-08-05 19:14:05.642	50531	10501	-94	-83	10	24.32	73.76	3.877
2015-08-05 19:27:51.874	50531	10501	-94	-82	10
2015-08-05 19:49:56.038	50531	10501	-94	-82	10	23.65	73.88	3.877
2015-08-05 20:16:21.026	50531	10501	-94	-82	10	22.88	73.89	3.877
2015-08-05 20:32:52.899	50531	10501	-94	-83	10	22.36	73.88	3.877
2015-08-05 20:42:26.611	50531	10501	-94	-83	10
2015-08-05 21:10:52.271	50531	10501	-94	-82	10	21.52	73.82	3.877
2015-08-05 21:50:09.139	50531	10501	-94	-81	10	20.79	73.87	3.877
2015-08-05 21:55:17.079	50531	10501	-94	-81	10
2015-08-05 22:16:00.766	50531	10501	-94	-83	10	20.17	73.83	3.877
2015-08-05 22:48:12.395	50531	10501	-94	-83	10	19.53	73.84	3.877
2015-08-05 22:54:35.723	50531	10501	-94	-83	10
2015-08-05 23:20:57.21	50531	10501	-94	-82	10	18.92	74.02	3.877
2015-08-05 23:32:31.958	50531	10501	-94	-83	10	18.63	73.93	3.877
2015-08-06 00:17:39.264	50531	10501	-94	-82	10	18.18	74.03	3.877
2015-08-06 00:22:43.295	50531	10501	-94	-82	10
2015-08-06 00:47:47.023	50531	10501	-94	-82	10	17.65	74.2	3.877
2015-08-06 01:06:46.702	50531	10501	-94	-82	10
2015-08-06 01:12:41.651	50531	10501	-94	-82	10	17.28	74.18	3.877
2015-08-06 01:52:59.419	50531	10501	-94	-82	10	16.64	74.24	3.877
2015-08-06 02:16:24.831	50531	10501	-94	-81	10	16.39	74.22	3.877
2015-08-06 02:36:00.539	50531	10501	-94	-81	10	16.04	74.17	3.877
2015-08-06 02:50:08.402	50531	10501	-94	-81	10
2015-08-06 03:12:18.406	50531	10501	-94	-81	10	15.42	74.21	3.877
2015-08-06 03:18:58.339	50531	10501	-94	-81	10
2015-08-06 03:31:50.366	50531	10501	-94	-81	10	15.32	74.3	3.877
2015-08-06 04:11:12.122	50531	10501	-94	-81	10	15.25	74.18	3.877
2015-08-06 04:34:50.786	50531	10501	-94	-81	10	15.04	74.24	3.877
2015-08-06 05:16:32.646	50531	10501	-94	-81	10	14.68	74.3	3.877
2015-08-06 05:45:30.459	50531	10501	-94	-80	10	14.29	74.35	3.877
2015-08-06 06:03:29.474	50531	10501	-94	-81	10	14.24	74.29	3.877
2015-08-06 06:39:29.566	50531	10501	-94	-81	10	14.0	74.32	3.877
2015-08-06 07:23:22.786	50531	10501	-94	-81	10	14.14	74.37	3.901
2015-08-06 07:36:45.035	50531	10501	-94	-80	10	14.15	74.3	3.877
2015-08-06 07:43:21.25	50531	10501	-94	-80	10
2015-08-06 07:44:59.822	50531	10501	-94	-80	10
2015-08-06 08:16:16.766	50531	10501	-91	-80	10	14.97	74.17	3.889
2015-08-06 08:32:24.606	50531	10501	-94	-81	10	15.42	74.0	3.877
2015-08-06 09:08:12.247	50531	10501	-94	-80	10	16.47	73.88	3.877
2015-08-06 09:55:33.91	50531	10501	-94	-81	10
2015-08-06 10:03:06.442	50531	10501	-94	-81	10	17.28	73.83	3.877
2015-08-06 10:12:25.671	50531	10501	-94	-80	10
2015-08-06 10:36:58.486	50531	10501	-94	-82	10	18.13	73.7	3.877
2015-08-06 11:16:05.579	50531	10501	-94	-82	10	18.74	73.63	3.877
2015-08-06 15:34:00.438	50531	10501	-94	-83	10	20.5	73.73	3.877
2015-08-06 16:10:48.231	50531	10501	-94	-83	10	20.46	73.78	3.877
2015-08-06 16:32:07.134	50531	10501	-94	-83	10
2015-08-06 16:44:38.063	50531	10501	-94	-83	10	20.46	73.83	3.877
2015-08-06 17:01:45.438	50531	10501	-94	-83	10	20.46	73.75	3.877
2015-08-06 17:34:42.53	50531	10501	-94	-82	10
2015-08-06 17:42:23.936	50531	10501	-94	-82	10	20.79	73.76	3.877
2015-08-06 18:03:33.803	50531	10501	-94	-82	10	20.61	73.84	3.877
2015-08-06 18:40:48.855	50531	10501	-94	-82	10	20.56	73.93	3.877
2015-08-06 18:44:18.358	50531	10501	-94	-84	10
2015-08-06 19:15:23.116	50531	10501	-94	-83	10	20.72	73.83	3.877
2015-08-06 19:31:32.746	50531	10501	-94	-83	10	20.67	73.85	3.877
2015-08-06 20:02:08.966	50531	10501	-94	-82	10
2015-08-06 20:21:20.143	50531	10501	-94	-83	10	19.67	74.14	3.877
2015-08-06 20:44:15.986	50531	10501	-94	-82	10	19.14	74.06	3.877
2015-08-06 20:56:31.786	50531	10501	-94	-82	10
2015-08-06 21:05:13.598	50531	10501	-94	-82	10	18.6	74.09	3.877
2015-08-06 21:35:52.914	50531	10501	-94	-82	10	18.06	74.01	3.877
2015-08-06 22:10:00.63	50531	10501	-94	-82	10	17.54	74.02	3.877
2015-08-06 22:29:33.154	50531	10501	-94	-82	10
2015-08-06 22:51:11.539	50531	10501	-94	-82	10	17.25	74.15	3.877
2015-08-06 23:08:42.575	50531	10501	-94	-81	10
2015-08-06 23:14:13.535	50531	10501	-94	-81	10	17.14	74.13	3.877
2015-08-06 23:39:52.706	50531	10501	-94	-82	10	17.0	74.2	3.877
2015-08-07 00:15:25.463	50531	10501	-94	-81	10	16.82	74.25	3.877
2015-08-07 00:51:52.995	50531	10501	-94	-81	10	16.71	74.31	3.877
2015-08-07 00:56:58.595	50531	10501	-94	-81	10
2015-08-07 01:20:58.851	50531	10501	-94	-82	10
2015-08-07 01:21:02.211	50531	10501	-94	-81	10	16.36	74.34	3.877
2015-08-07 01:33:12.71	50531	10501	-94	-81	10	16.29	74.36	3.865
2015-08-07 02:13:49.863	50531	10501	-94	-80	10	15.86	74.3	3.877
2015-08-07 02:36:13.379	50531	10501	-94	-81	10	15.65	74.23	3.877
2015-08-07 03:21:33.011	50531	10501	-94	-80	10	15.25	74.26	3.877
2015-08-07 03:24:24.331	50531	10501	-94	-80	10
2015-08-07 03:33:04.494	50531	10501	-94	-80	10
2015-08-07 03:35:12.854	50531	10501	-94	-80	10	15.15	74.24	3.853
2015-08-07 04:53:12.399	50531	10501	-94	-80	10	14.71	74.28	3.877
2015-08-07 05:45:16.091	50531	10501	-94	-80	10
2015-08-07 06:05:14.67	50531	10501	-94	-80	10	14.61	74.31	3.877
2015-08-07 06:33:38.291	50531	10501	-94	-80	10	14.46	74.28	3.877
2015-08-07 07:43:51.091	50531	10501	-94	-80	10	14.68	74.25	3.865
2015-08-07 07:57:27.267	50531	10501	-94	-79	10
2015-08-07 09:34:44.495	50531	10501	-94	-81	10	18.29	73.71	3.877
2015-08-07 10:09:39.03	50531	10501	-94	-82	10
2015-08-07 10:18:50.875	50531	10501	-94	-81	10	19.43	73.66	3.877
2015-08-07 11:19:37.723	50531	10501	-91	-82	10	21.5	73.41	3.865
2015-08-07 11:45:11.303	50531	10501	-94	-82	10	22.28	73.26	3.877
2015-08-07 12:01:22.77	50531	10501	-94	-84	10	23.11	72.42	3.877
2015-08-07 12:21:50.946	50531	10501	-94	-84	10
2015-08-07 12:46:49.894	50531	10501	-94	-84	10	24.28	72.14	3.877
2015-08-07 13:12:35.306	50531	10501	-94	-84	10	24.21	72.71	3.877
2015-08-07 13:14:07.947	50531	10501	-94	-85	10
2015-08-07 13:50:24.098	50531	10501	-94	-85	10	23.89	73.29	3.877
2015-08-07 14:03:31.014	50531	10501	-94	-83	10	23.81	73.3	3.877
2015-08-07 14:34:02.375	50531	10501	-94	-83	10
2015-08-07 14:42:16.055	50531	10501	-94	-83	10	24.04	73.21	3.877
2015-08-07 15:18:28.028	50531	10501	-94	-85	10	24.15	73.34	3.877
2015-08-07 15:41:32.427	50531	10501	-94	-84	10
2015-08-07 15:49:47.722	50531	10501	-94	-84	10	24.22	73.33	3.877
2015-08-07 16:10:41.71	50531	10501	-94	-84	10	24.11	73.5	3.877
2015-08-07 16:46:14.187	50531	10501	-94	-83	10
2015-08-07 17:22:07.918	50531	10501	-94	-83	10	23.65	73.66	3.877
2015-08-07 17:37:10.294	50531	10501	-94	-84	10	23.68	73.61	3.877
2015-08-07 18:08:58.606	50531	10501	-94	-84	10
2015-08-07 18:09:55.25	50531	10501	-94	-84	10	23.56	73.75	3.877
2015-08-07 18:37:55.974	50531	10501	-94	-84	10	23.61	73.68	3.877
2015-08-07 18:58:26.114	50531	10501	-94	-84	10
2015-08-07 19:09:59.339	50531	10501	-94	-84	10	23.51	73.8	3.877
2015-08-07 19:42:04.898	50531	10501	-94	-83	10	23.15	73.89	3.877
2015-08-07 20:02:08.488	50531	10501	-94	-83	10	23.0	73.92	3.877
2015-08-07 20:36:24.514	50531	10501	-94	-83	10
2015-08-07 20:47:18.966	50531	10501	-94	-83	10	22.21	74.04	3.877
2015-08-07 21:08:41.61	50531	10501	-94	-83	10	21.79	74.04	3.877
2015-08-07 21:10:35.99	50531	10501	-94	-83	10
2015-08-07 21:33:50.567	50531	10501	-94	-83	10	21.42	74.05	3.877
2015-08-07 22:19:18.139	50531	10501	-94	-83	10	20.61	74.03	3.877
2015-08-07 22:41:02.871	50531	10501	-94	-82	10	20.18	74.08	3.877
2015-08-07 23:03:49.03	50531	10501	-94	-82	10
2015-08-07 23:21:03.615	50531	10501	-94	-82	10	19.58	74.02	3.877
2015-08-07 23:22:48.047	50531	10501	-94	-82	10
2015-08-07 23:53:41.915	50531	10501	-94	-82	10	19.18	74.12	3.877
2015-08-08 00:12:41.93	50531	10501	-94	-82	10	18.86	74.17	3.877
2015-08-08 00:44:17.263	50531	10501	-94	-82	10	18.57	74.17	3.877
2015-08-08 01:21:01.222	50531	10501	-94	-82	10	18.2	74.17	3.877
2015-08-08 01:31:15.867	50531	10501	-94	-82	10
2015-08-08 01:34:59.666	50531	10501	-94	-82	10
2015-08-08 01:35:06.994	50531	10501	-94	-81	10	18.13	74.24	3.877
2015-08-08 02:02:35.747	50531	10501	-94	-81	10	18.13	74.24	3.877
2015-08-08 02:48:46.218	50531	10501	-94	-81	10	18.0	74.3	3.877
2015-08-08 03:16:23.79	50531	10501	-94	-81	10	17.86	74.35	3.877
2015-08-08 03:40:53.802	50531	10501	-94	-81	10	17.88	74.35	3.877
2015-08-08 03:47:10.426	50531	10501	-94	-81	10
2015-08-08 03:58:40.058	50531	10501	-94	-81	10
2015-08-08 04:17:40.114	50531	10501	-94	-81	10	17.79	74.36	3.877
2015-08-08 04:34:08.234	50531	10501	-94	-82	10	17.86	74.35	3.877
2015-08-08 05:01:58.078	50531	10501	-94	-82	10	17.83	74.32	3.877
2015-08-08 05:46:57.328	50531	10501	-94	-81	10	17.52	74.39	3.877
2015-08-08 05:59:22.547	50531	10501	-94	-81	10
2015-08-08 06:10:28.958	50531	10501	-94	-81	10	17.43	74.4	3.877
2015-08-08 06:26:05.53	50531	10501	-94	-81	10
2015-08-08 06:50:32.57	50531	10501	-94	-82	10	17.25	74.33	3.877
2015-08-08 07:10:19.327	50531	10501	-94	-82	10	17.21	74.32	3.877
2015-08-08 07:41:37.17	50531	10501	-94	-82	10	17.28	74.34	3.877
2015-08-08 08:11:34.478	50531	10501	-94	-82	10
2015-08-08 08:15:35.002	50531	10501	-94	-82	10	17.86	74.16	3.877
2015-08-08 08:42:11.931	50531	10501	-94	-82	10	18.61	73.96	3.877
2015-08-08 08:53:31.354	50531	10501	-94	-83	10
2015-08-08 09:22:14.69	50531	10501	-94	-83	10	20.36	74.0	3.877
2015-08-08 09:52:26.643	50531	10501	-94	-83	10	21.29	74.02	3.877
2015-08-08 10:13:49.295	50531	10501	-94	-83	10	22.04	73.73	3.877
2015-08-08 10:23:48.762	50531	10501	-94	-83	10
2015-08-08 10:42:38.023	50531	10501	-94	-82	10	23.08	73.33	3.877
2015-08-08 12:09:23.763	50531	10501	-94	-87	10	24.72	72.95	3.877
2015-08-08 12:35:57.05	50531	10501	-94	-85	10
2015-08-08 12:45:23.543	50531	10501	-94	-85	10	25.69	72.74	3.877
2015-08-08 13:48:22.063	50531	10501	-94	-86	10
2015-08-08 13:51:34.515	50531	10501	-94	-84	10	26.44	72.69	3.877
2015-08-08 14:05:02.951	50531	10501	-94	-85	10	26.54	73.01	3.877
2015-08-08 14:43:37.599	50531	10501	-94	-86	10	26.11	73.58	3.877
2015-08-08 14:48:08.67	50531	10501	-94	-86	10
2015-08-08 15:49:20.414	50531	10501	-94	-84	10	26.74	72.97	3.877
2015-08-08 16:03:41.038	50531	10501	-94	-84	10	26.88	72.85	3.877
2015-08-08 16:15:48.014	50531	10501	-94	-85	10
2015-08-08 16:39:29.174	50531	10501	-94	-86	10	26.94	73.12	3.877
2015-08-08 17:00:21.178	50531	10501	-94	-85	10
2015-08-08 17:22:06.943	50531	10501	-94	-85	10	26.1	73.57	3.877
2015-08-08 17:35:35.955	50531	10501	-94	-85	10	26.13	73.52	3.877
2015-08-08 18:10:36.107	50531	10501	-94	-86	10	25.66	73.77	3.877
2015-08-08 18:37:10.962	50531	10501	-94	-84	10	25.19	73.82	3.877
2015-08-08 18:43:16.074	50531	10501	-94	-85	10
2015-08-08 19:07:32.064	50531	10501	-94	-85	10	24.85	73.86	3.877
2015-08-08 19:12:31.578	50531	10501	-94	-84	10
2015-08-08 19:48:02.987	50531	10501	-94	-84	10	24.46	73.84	3.877
2015-08-08 20:18:35.674	50531	10501	-94	-85	10	23.93	73.99	3.877
2015-08-08 20:51:05.542	50531	10501	-94	-84	10	23.31	74.01	3.877
2015-08-08 21:10:39.687	50531	10501	-94	-84	10
2015-08-08 21:19:21.634	50531	10501	-94	-84	10	22.86	74.0	3.877
2015-08-08 21:24:43.847	50531	10501	-94	-84	10
2015-08-08 21:36:41.907	50531	10501	-94	-84	10	22.74	74.0	3.877
2015-08-08 22:09:06.783	50531	10501	-94	-84	10	22.15	74.11	3.877
2015-08-08 22:33:14.827	50531	10501	-94	-84	10	21.96	74.1	3.877
2015-08-08 23:36:54.582	50531	10501	-94	-83	10
2015-08-08 23:38:05.01	50531	10501	-94	-83	10
2015-08-08 23:48:32.487	50531	10501	-94	-83	10	21.01	74.16	3.877
2015-08-09 00:05:56.619	50531	10501	-94	-83	10	20.94	74.2	3.877
2015-08-09 01:42:20.83	50531	10501	-94	-83	10	20.29	74.29	3.877
2015-08-09 01:49:08.162	50531	10501	-94	-83	10
2015-08-09 02:01:45.823	50531	10501	-94	-83	10	20.18	74.27	3.877
2015-08-09 02:05:30.574	50531	10501	-94	-83	10
2015-08-09 02:31:35.832	50531	10501	-94	-83	10	20.13	74.28	3.877
2015-08-09 03:17:53.93	50531	10501	-94	-83	10	19.95	74.28	3.877
2015-08-09 03:47:23.015	50531	10501	-94	-83	10	19.78	74.32	3.877
2015-08-09 04:01:16.706	50531	10501	-94	-83	10
2015-08-09 04:21:45.69	50531	10501	-94	-82	10	19.57	74.31	3.877
2015-08-09 04:32:55.983	50531	10501	-94	-82	10
2015-08-09 04:39:06.23	50531	10501	-94	-82	10	19.46	74.31	3.877
2015-08-09 05:19:16.646	50531	10501	-94	-82	10	19.18	74.29	3.877
2015-08-09 06:13:31.022	50531	10501	-94	-82	10
2015-08-09 06:21:05.114	50531	10501	-94	-82	10	18.75	74.34	3.877
2015-08-09 06:44:53.247	50531	10501	-94	-82	10	18.63	74.31	3.865
2015-08-09 07:00:21.798	50531	10501	-94	-82	10
2015-08-09 07:12:28.546	50531	10501	-94	-82	10	18.57	74.3	3.877
2015-08-09 07:45:05.635	50531	10501	-94	-82	10	18.65	74.29	3.877
2015-08-09 08:16:31.562	50531	10501	-94	-82	10	18.97	74.22	3.877
2015-08-09 08:25:40.362	50531	10501	-94	-82	10
2015-08-09 08:39:17.111	50531	10501	-94	-82	10	19.65	74.03	3.877
2015-08-09 09:14:47.475	50531	10501	-94	-83	10	21.14	73.31	3.877
2015-08-09 09:27:46.914	50531	10501	-94	-84	10
2015-08-09 09:51:22.95	50531	10501	-94	-84	10	22.56	74.22	3.877
2015-08-09 10:02:19.054	50531	10501	-94	-84	10	22.86	73.89	3.877
2015-08-09 10:37:52.387	50531	10501	-94	-84	10
2015-08-09 10:51:52.478	50531	10501	-94	-85	10	24.2	73.54	3.865
2015-08-09 11:07:19.57	50531	10501	-94	-85	10	24.47	73.59	3.877
2015-08-09 12:12:54.152	50531	10501	-94	-84	10	32.44	58.88	3.877
2015-08-09 13:48:51.714	50531	10501	-94	-87	10	27.27	72.79	3.877
2015-08-09 14:06:54.542	50531	10501	-94	-87	10	27.58	72.76	3.877
2015-08-09 14:22:37.951	50531	10501	-94	-88	10
2015-08-09 14:33:09.894	50531	10501	-94	-84	10	27.36	73.11	3.877
2015-08-09 15:02:14.667	50531	10501	-94	-88	10
2015-08-09 15:05:09.578	50531	10501	-94	-87	10	27.1	73.32	3.877
2015-08-09 15:51:42.402	50531	10501	-94	-88	10	28.72	72.95	3.877
2015-08-09 16:07:11.87	50531	10501	-94	-86	10	28.61	72.98	3.877
2015-08-09 16:42:44.258	50531	10501	-94	-86	10	28.27	73.31	3.877
2015-08-09 16:50:04.007	50531	10501	-94	-86	10
2015-08-09 17:14:26.591	50531	10501	-94	-86	10
2015-08-09 17:21:43.83	50531	10501	-94	-85	10	28.21	73.19	3.889
2015-08-09 17:45:02.651	50531	10501	-94	-88	10	27.85	73.46	3.877
2015-08-09 18:13:03.987	50531	10501	-94	-88	10	27.63	73.45	3.877
2015-08-09 18:42:46.063	50531	10501	-97	-88	10	27.3	73.58	3.889
2015-08-09 19:02:50.902	50531	10501	-94	-87	10	26.93	73.59	3.877
2015-08-09 19:17:29.338	50531	10501	-94	-88	10
2015-08-09 19:26:38.595	50531	10501	-94	-88	10
2015-08-09 19:50:50.387	50531	10501	-94	-87	10	25.8	73.74	3.877
2015-08-09 20:19:09.051	50531	10501	-94	-87	10	25.16	73.75	3.877
2015-08-09 20:38:58.158	50531	10501	-94	-86	10	24.63	73.77	3.913
2015-08-09 21:23:45.515	50531	10501	-94	-86	10	23.74	73.84	3.889
2015-08-09 21:38:49.815	50531	10501	-94	-86	10
2015-08-09 21:41:30.199	50531	10501	-94	-86	10	23.42	73.86	3.877
2015-08-09 21:44:56.178	50531	10501	-94	-86	10
2015-08-09 22:06:25.855	50531	10501	-94	-85	10	22.95	73.88	3.877
2015-08-09 22:50:48.262	50531	10501	-94	-85	10	22.4	73.97	3.877
2015-08-09 23:16:57.663	50531	10501	-94	-85	10	22.03	74.0	3.877
2015-08-09 23:34:13.93	50531	10501	-94	-85	10	21.86	74.08	3.877
2015-08-09 23:51:00.638	50531	10501	-94	-85	10
2015-08-10 00:12:20.043	50531	10501	-94	-84	10
2015-08-10 00:14:36.306	50531	10501	-94	-85	10	21.65	74.07	3.877
2015-08-10 00:42:39.898	50531	10501	-94	-85	10	21.46	74.14	3.865
2015-08-10 01:07:45.151	50531	10501	-94	-83	10	21.29	74.16	3.877
2015-08-10 01:41:11.247	50531	10501	-94	-84	10	21.07	74.2	3.877
2015-08-10 02:03:11.763	50531	10501	-94	-84	10
2015-08-10 02:05:53.006	50531	10501	-94	-84	10	20.88	74.21	3.877
2015-08-10 02:39:45.59	50531	10501	-94	-84	10
2015-08-10 02:44:10.15	50531	10501	-94	-84	10	20.46	74.27	3.877
2015-08-10 03:14:39.754	50531	10501	-94	-84	10	20.07	74.24	3.877
2015-08-10 03:42:29.882	50531	10501	-94	-84	10	19.82	74.25	3.877
2015-08-10 04:12:21.507	50531	10501	-94	-84	10	19.64	74.3	3.877
2015-08-10 04:15:23.854	50531	10501	-94	-84	10
2015-08-10 04:46:16.211	50531	10501	-94	-84	10	19.36	74.24	3.877
2015-08-10 05:07:11.371	50531	10501	-94	-84	10
2015-08-10 05:16:37.363	50531	10501	-94	-84	10	19.22	74.32	3.877
2015-08-10 06:16:16.647	50531	10501	-94	-84	10	18.9	74.34	3.877
2015-08-10 06:27:39.87	50531	10501	-94	-83	10
2015-08-10 07:34:37.266	50531	10501	-94	-83	10
2015-08-10 07:43:24.902	50531	10501	-94	-83	10	18.96	74.32	3.877
2015-08-10 08:08:44.098	50531	10501	-94	-83	10	19.42	74.23	3.877
2015-08-10 08:37:16.958	50531	10501	-94	-83	10	20.29	73.91	3.877
2015-08-10 08:39:46.803	50531	10501	-94	-83	10
2015-08-10 09:23:09.574	50531	10501	-94	-85	10	23.02	72.35	3.877
2015-08-10 09:36:42.75	50531	10501	-94	-85	10	23.45	73.67	3.877
2015-08-10 10:02:03.282	50531	10501	-94	-84	10
2015-08-10 10:22:26.494	50531	10501	-94	-86	10	24.96	73.49	3.877
2015-08-10 10:47:22.642	50531	10501	-94	-88	10	25.77	73.37	3.877
2015-08-10 10:51:59.026	50531	10501	-94	-83	10
2015-08-10 11:08:07.324	50531	10501	-94	-85	10	26.55	73.21	3.877
2015-08-10 11:51:18.687	50531	10501	-94	-87	10	27.29	73.38	3.877
2015-08-10 12:16:07.126	50531	10501	-94	-87	10	26.32	74.06	3.877
2015-08-10 12:29:29.114	50531	10501	-94	-87	10
2015-08-10 12:31:58.254	50531	10501	-94	-86	10	26.16	73.95	3.877
2015-08-10 13:04:09.644	50531	10501	-94	-87	10
2015-08-10 13:23:47.302	50531	10501	-94	-88	10	26.13	73.69	3.877
2015-08-10 13:35:35.674	50531	10501	-94	-88	10	26.1	73.68	3.877
2015-08-10 14:02:54.318	50531	10501	-94	-87	10	26.72	73.36	3.877
2015-08-10 14:52:31.062	50531	10501	-94	-87	10	27.22	73.51	3.877
2015-08-10 14:56:54.514	50531	10501	-94	-86	10
2015-08-10 16:39:17.582	50531	10501	-94	-86	10	25.68	73.13	3.877
2015-08-10 17:11:23.354	50531	10501	-94	-86	10	25.82	73.63	3.877
2015-08-10 17:48:17.178	50531	10501	-94	-86	10	25.91	73.82	3.877
2015-08-10 18:09:06.867	50531	10501	-94	-85	10	25.94	73.85	3.877
2015-08-10 18:36:45.65	50531	10501	-94	-87	10	25.88	73.98	3.889
2015-08-10 19:20:28.426	50531	10501	-94	-85	10	25.65	74.02	3.877
2015-08-10 19:40:44.926	50531	10501	-94	-85	10
2015-08-10 19:44:47.65	50531	10501	-94	-84	10	25.41	74.08	3.877
2015-08-10 19:51:46.262	50531	10501	-94	-84	10
2015-08-10 20:23:12.375	50531	10501	-94	-84	10	24.93	74.13	3.889
2015-08-10 20:49:25.07	50531	10501	-94	-85	10	24.69	74.14	3.877
2015-08-10 21:04:56.848	50531	10501	-94	-85	10	24.57	74.11	3.877
2015-08-10 21:39:18.118	50531	10501	-94	-85	10	24.55	74.05	3.877
2015-08-10 21:52:56.006	50531	10501	-94	-84	10
2015-08-10 22:14:52.794	50531	10501	-94	-85	10	24.27	74.16	3.877
2015-08-10 22:19:10.902	50531	10501	-94	-85	10
2015-08-10 22:37:17.674	50531	10501	-94	-88	10	24.01	74.2	3.877
2015-08-10 23:22:44.054	50531	10501	-94	-84	10	23.65	74.18	3.877
2015-08-10 23:48:11.759	50531	10501	-94	-85	10	23.47	74.18	3.877
2015-08-11 00:01:54.046	50531	10501	-94	-86	10	23.06	74.37	3.877
2015-08-11 00:05:07.19	50531	10501	-94	-87	10
2015-08-11 00:35:16.315	50531	10501	-94	-84	10	22.54	74.38	3.877
2015-08-11 00:46:36.019	50531	10501	-94	-85	10
2015-08-11 01:22:34.803	50531	10501	-94	-84	10	22.22	74.23	3.877
2015-08-11 01:35:27.47	50531	10501	-94	-85	10	22.2	74.23	3.877
2015-08-11 02:15:28.982	50531	10501	-94	-84	10	22.11	74.26	3.877
2015-08-11 02:17:17.95	50531	10501	-94	-86	10
2015-08-11 02:45:00.938	50531	10501	-94	-84	10	21.9	74.31	3.877
2015-08-11 03:14:01.863	50531	10501	-94	-87	10
2015-08-11 03:20:25.295	50531	10501	-94	-85	10	21.5	74.55	3.877
2015-08-11 03:34:33.03	50531	10501	-94	-84	10	21.39	74.59	3.877
2015-08-11 04:04:15.758	50531	10501	-94	-85	10	21.2	74.66	3.877
2015-08-11 04:29:29.974	50531	10501	-94	-83	10
2015-08-11 04:40:46.394	50531	10501	-94	-84	10	21.0	74.64	3.877
2015-08-11 05:01:53.074	50531	10501	-94	-85	10	20.96	74.58	3.877
2015-08-11 05:39:42.374	50531	10501	-94	-85	10	20.94	74.5	3.877
2015-08-11 05:41:28.006	50531	10501	-94	-85	10
2015-08-11 06:07:08.766	50531	10501	-94	-85	10	20.97	74.37	3.877
2015-08-11 06:36:19.515	50531	10501	-94	-86	10	20.9	74.33	3.877
2015-08-11 06:41:42.45	50531	10501	-94	-83	10
2015-08-11 07:10:49.819	50531	10501	-94	-86	10	20.79	74.36	3.877
2015-08-11 07:41:45.938	50531	10501	-94	-85	10	20.64	74.28	3.877
2015-08-11 08:08:52.863	50531	10501	-94	-86	10
2015-08-11 08:12:47.202	50531	10501	-94	-86	10	20.61	74.27	3.877
2015-08-11 08:46:19.706	50531	10501	-94	-88	10	20.6	74.21	3.877
2015-08-11 08:53:52.758	50531	10501	-94	-86	10
2015-08-11 09:22:08.763	50531	10501	-94	-87	10	20.97	74.12	3.877
2015-08-11 09:39:56.107	50531	10501	-94	-85	10	21.26	73.99	3.877
2015-08-11 10:16:41.283	50531	10501	-94	-86	10	21.64	74.01	3.877
2015-08-11 10:33:33.567	50531	10501	-94	-87	10	21.99	73.78	3.877
2015-08-11 10:36:18.022	50531	10501	-94	-84	10
2015-08-11 11:06:04.538	50531	10501	-94	-84	10
2015-08-11 11:09:58.207	50531	10501	-94	-87	10	22.81	73.74	3.877
2015-08-11 11:33:17.703	50531	10501	-94	-86	10	23.53	73.44	3.877
2015-08-11 12:10:40.203	50531	10501	-94	-85	10	27.27	65.92	3.877
2015-08-11 12:39:10.899	50531	10501	-94	-85	10	24.93	71.98	3.877
2015-08-11 13:03:49.411	50531	10501	-94	-86	10
2015-08-11 13:16:32.639	50531	10501	-94	-85	10	25.43	72.61	3.877
2015-08-11 13:18:16.167	50531	10501	-94	-85	10
2015-08-11 13:46:48.338	50531	10501	-94	-87	10	25.13	73.19	3.877
2015-08-11 15:21:53.419	50531	10501	-94	-89	10	25.41	73.67	3.877
2015-08-11 15:31:12.043	50531	10501	-94	-86	10
2015-08-11 15:49:50.824	50531	10501	-94	-86	10	26.16	72.97	3.877
2015-08-11 16:21:51.003	50531	10501	-94	-90	10	25.86	73.42	3.877
2015-08-11 16:36:57.867	50531	10501	-94	-89	10	26.11	73.3	3.877
2015-08-11 17:11:43.958	50531	10501	-94	-83	10	26.72	72.74	3.877
2015-08-11 17:31:49.102	50531	10501	-94	-85	10	26.49	73.01	3.877
2015-08-11 17:42:40.875	50531	10501	-94	-83	10
2015-08-11 17:58:35.694	50531	10501	-94	-84	10
2015-08-11 18:16:18.767	50531	10501	-94	-88	10	25.04	73.51	3.877
2015-08-11 18:52:29.923	50531	10501	-94	-85	10	24.77	73.54	3.889
2015-08-11 19:19:00.066	50531	10501	-94	-86	10	24.38	73.74	3.877
2015-08-11 19:53:50.846	50531	10501	-94	-85	10	23.61	73.87	3.877
2015-08-11 19:54:51.211	50531	10501	-94	-87	10
2015-08-11 20:05:05.378	50531	10501	-94	-84	10	23.38	73.88	3.877
2015-08-11 20:26:11.434	50531	10501	-94	-83	10
2015-08-11 21:49:33.871	50531	10501	-94	-84	10	20.72	73.91	3.877
2015-08-12 01:12:47.214	50531	10501	-94	-83	10	18.07	74.26	3.865
2015-08-12 02:15:35.047	50531	10501	-94	-84	10	17.6	74.24	3.877
2015-08-12 03:08:01.475	50531	10501	-94	-84	10	17.35	74.25	3.877
2015-08-12 05:23:01.658	50531	10501	-94	-83	10	17.18	74.27	3.877
2015-08-12 06:15:52.922	50531	10501	-94	-84	10	16.65	74.24	3.877
2015-08-12 16:05:26.47	50531	10501	-94	-84	10
2015-08-12 18:33:15.847	50531	10501	-94	-88	10
2015-08-12 20:09:00.398	50531	10501	-94	-88	10
2015-08-12 21:33:28.218	50531	10501	-94	-87	10	19.56	73.9	3.877
2015-08-12 23:05:07.918	50531	10501	-94	-85	10	18.2	73.93	3.877
2015-08-13 00:17:39.743	50531	10501	-94	-86	10	16.5	74.03	3.877
2015-08-13 00:33:19.751	50531	10501	-94	-85	10
2015-08-13 00:50:36.139	50531	10501	-94	-86	10	15.64	73.99	3.877
2015-08-13 01:09:44.446	50531	10501	-94	-85	10	15.32	73.98	3.877
2015-08-13 01:33:22.503	50531	10501	-94	-85	10	15.0	73.91	3.877
2015-08-13 01:55:08.315	50531	10501	-94	-85	10
2015-08-13 02:32:40.718	50531	10501	-94	-85	10	14.08	74.08	3.865
2015-08-13 03:23:14.654	50531	10501	-94	-85	10	13.32	74.08	3.877
2015-08-13 17:51:27.875	50531	10501	-94	-92	10	25.57	73.08	3.877
2015-08-13 23:45:06.387	50531	10501	-94	-88	10	19.24	74.0	3.877
2015-08-14 02:16:26.578	50531	10501	-94	-88	10	17.72	74.24	3.877
2015-08-14 04:48:33.858	50531	10501	-94	-87	10	16.52	74.24	3.877
2015-08-14 05:46:05.094	50531	10501	-94	-86	10	16.22	74.21	3.877
2015-08-14 06:44:56.663	50531	10501	-94	-87	10	15.75	74.36	3.877
2015-08-14 08:51:06.354	50531	10501	-94	-86	10	18.06	73.85	3.901
2015-08-14 09:36:22.858	50531	10501	-94	-88	10
2015-08-14 09:51:40.122	50531	10501	-94	-88	10
