result_time	node_id	parent_id	stats_frssi	stats_brssi	etx	temperature	humidity	voltage
2015-07-17 18:09:23.002	60531	60101	-64	-57	10	27.58	67.61	3.84
2015-07-18 01:30:52.291	60531	60101	-64	-56	10
2015-07-18 05:46:53.459	60531	60101	-64	-56	10	23.92	80.33	3.828
2015-07-18 07:55:35.647	60531	60101	-64	-57	10	24.29	81.77	3.828
2015-07-18 12:18:46.982	60531	60101	-67	-58	10	29.82	66.97	3.826
2015-07-18 13:05:35.671	60531	60101	-67	-57	10
2015-07-18 13:37:11.006	60531	60101	-67	-58	10	30.44	65.56	3.826
2015-07-18 13:37:13.007	60531	60101	-67	-58	10	30.44	65.56	3.826
2015-07-18 15:51:36.655	60531	60101	-64	-58	10	29.94	66.1	3.825
2015-07-18 19:28:02.383	60531	60101	-67	-58	10
2015-07-18 20:49:21.838	60531	60101	-64	-57	10	27.08	69.07	3.822
2015-07-18 21:52:25.02	60531	60101	-64	-57	10	25.83	72.94	3.82
2015-07-19 00:52:01.046	60531	60101	-64	-57	10	24.99	75.73	3.819
2015-07-19 01:25:18.275	60531	60101	-64	-57	10
2015-07-19 02:56:51.754	60531	60101	-64	-57	10
2015-07-19 04:21:47.403	60531	60101	-64	-57	10	23.7	81.9	3.814
2015-07-19 05:56:23.398	60531	60101	-64	-57	10
2015-07-19 07:26:09.946	60531	60101	-64	-57	10
2015-07-19 08:09:53.066	60531	60101	-64	-57	10	24.08	83.2	3.811
2015-07-19 11:55:34.882	60531	60101	-67	-59	10
2015-07-19 13:25:36.402	60531	60101	-67	-59	10
2015-07-19 15:26:38.546	60531	60101	-67	-54	10	30.94	66.69	3.812
2015-07-19 16:19:34.99	60531	60101	-67	-59	10	31.33	65.74	3.812
2015-07-19 17:51:42.458	60531	60101	-67	-59	10
2015-07-19 19:13:20.274	60531	60101	-67	-58	10	28.47	71.02	3.797
2015-07-19 21:37:02.143	60531	60101	-64	-58	10	25.57	75.74	3.807
2015-07-19 22:23:49.394	60531	60101	-67	-59	10
2015-07-20 01:05:54.21	60531	60101	-67	-58	10	23.36	77.57	3.804
2015-07-20 02:04:56.219	60531	60101	-64	-58	10
2015-07-20 08:13:32.063	60531	60101	-64	-58	10	22.46	81.58	3.798
2015-07-20 08:52:08.851	60531	60101	-67	-58	10
2015-07-20 10:18:10.264	60531	60101	-67	-57	10
2015-07-20 11:09:42.486	60531	60101	-64	-56	10	25.86	75.93	3.798
2015-07-20 16:21:02.554	60531	60101	-67	-59	10
2015-07-20 18:31:24.707	60531	60101	-64	-56	10
2015-07-20 20:06:22.294	60531	60101	-67	-59	10	27.26	62.81	3.8
2015-07-20 22:38:03.347	60531	60101	-64	-58	10
2015-07-20 23:53:29.166	60531	60101	-64	-58	10	23.76	72.04	3.792
2015-07-21 00:16:28.82	60531	60101	-67	-58	10	23.68	72.42	3.793
2015-07-21 01:47:17.974	60531	60101	-67	-58	10	23.42	74.44	3.793
2015-07-21 04:15:34.842	60531	60101	-67	-54	10	21.78	79.1	3.791
2015-07-21 05:48:51.818	60531	60101	-70	-55	10
2015-07-21 06:54:05.915	60531	60101	-67	-54	10	20.97	81.57	3.789
2015-07-21 08:48:23.594	60531	60101	-67	-54	10
2015-07-21 15:49:17.418	60531	60101	-64	-58	10	21.83	80.02	3.786
2015-07-21 16:18:48.395	60531	60101	-64	-58	10	23.09	78.39	3.785
2015-07-21 17:46:58.523	60531	60101	-64	-56	10
2015-07-21 19:16:44.37	60531	60101	-64	-57	10
2015-07-21 20:16:40.086	60531	60101	-64	-58	10	23.18	64.05	3.786
2015-07-21 22:16:16.706	60531	60101	-64	-57	10
2015-07-21 22:44:24.227	60531	60101	-64	-57	10	19.02	67.86	3.784
2015-07-22 00:57:03.067	60531	60101	-64	-57	10	15.86	73.47	3.78
2015-07-22 02:45:33.48	60531	60101	-64	-57	10
2015-07-22 03:14:08.478	60531	60101	-64	-57	10	14.75	75.97	3.778
2015-07-22 03:51:38.006	60531	60101	-64	-58	10	14.92	75.92	3.778
2015-07-22 04:27:18.438	60531	60101	-64	-58	10	14.38	76.87	3.776
2015-07-22 05:14:41.735	60531	60101	-67	-58	10	14.75	77.0	3.775
2015-07-22 05:45:04.73	60531	60101	-64	-57	10
2015-07-22 07:05:29.939	60531	60101	-64	-57	10	15.32	78.28	3.776
2015-07-22 07:30:58.01	60531	60101	-67	-57	10
2015-07-22 07:49:19.983	60531	60101	-64	-57	10	16.24	78.14	3.774
2015-07-22 08:44:37.455	60531	60101	-64	-57	10
2015-07-22 09:27:30.47	60531	60101	-64	-58	10	19.61	74.35	3.775
2015-07-22 10:25:48.814	60531	60101	-64	-57	10	20.94	65.34	3.776
2015-07-22 11:37:38.219	60531	60101	-67	-56	10
2015-07-22 16:11:57.314	60531	60101	-64	-58	10	23.35	53.96	3.778
2015-07-22 17:19:43.647	60531	60101	-64	-58	10	24.77	51.89	3.778
2015-07-22 18:13:33.002	60531	60101	-67	-57	10	23.72	54.02	3.778
2015-07-22 19:26:10.947	60531	60101	-64	-58	10	22.95	55.9	3.775
2015-07-22 20:42:43.683	60531	60101	-64	-57	10
2015-07-22 22:12:29.147	60531	60101	-64	-57	10
2015-07-22 22:57:00.427	60531	60101	-64	-56	10	17.89	65.5	3.774
2015-07-22 23:41:46.518	60531	60101	-64	-56	10	16.89	67.53	3.771
2015-07-22 23:57:26.894	60531	60101	-64	-56	10
2015-07-23 00:40:57.444	60531	60101	-64	-56	10	16.29	68.52	3.77
2015-07-23 01:25:41.39	60531	60101	-64	-56	10	16.14	69.26	3.77
2015-07-23 02:25:16.014	60531	60101	-64	-56	10	16.07	69.53	3.77
2015-07-23 02:41:46.842	60531	60101	-64	-56	10
2015-07-23 03:45:14.326	60531	60101	-64	-56	10	15.56	71.02	3.768
2015-07-23 04:11:36.41	60531	60101	-64	-56	10
2015-07-23 04:56:42.754	60531	60101	-64	-56	10	14.78	72.73	3.768
2015-07-23 05:41:18.406	60531	60101	-64	-56	10
2015-07-23 06:08:26.179	60531	60101	-64	-56	10	14.7	74.17	3.768
2015-07-23 07:11:04.582	60531	60101	-64	-57	10
2015-07-23 07:44:56.531	60531	60101	-64	-57	10	15.86	73.44	3.767
2015-07-23 08:10:42.766	60531	60101	-67	-58	10
2015-07-23 08:40:51.654	60531	60101	-64	-57	10
2015-07-23 09:44:38.807	60531	60101	-64	-58	10	20.68	68.3	3.767
2015-07-23 10:10:36.894	60531	60101	-64	-58	10
2015-07-23 11:19:01.503	60531	60101	-64	-58	10	22.97	63.1	3.77
2015-07-23 11:46:12.126	60531	60101	-67	-58	10	23.22	63.08	3.768
2015-07-23 12:17:17.043	60531	60101	-64	-59	10
2015-07-23 13:08:36.271	60531	60101	-64	-58	10	25.32	55.93	3.77
2015-07-23 14:19:00.014	60531	60101	-67	-58	10	25.82	53.65	3.771
2015-07-23 14:53:44.215	60531	60101	-64	-57	10	26.82	50.65	3.771
2015-07-23 15:36:01.007	60531	60101	-64	-58	10	26.8	49.97	3.771
2015-07-23 16:25:31.99	60531	60101	-67	-57	10	26.72	49.24	3.773
2015-07-23 16:49:04.499	60531	60101	-67	-58	10	26.76	49.22	3.774
2015-07-23 18:19:35.17	60531	60101	-64	-58	10	26.13	50.17	3.773
2015-07-23 22:08:44.255	60531	60101	-64	-57	10
2015-07-23 23:23:18.482	60531	60101	-64	-57	10	19.36	63.27	3.768
2015-07-24 00:11:33.815	60531	60101	-64	-57	10	18.04	65.44	3.768
2015-07-24 01:11:56.463	60531	60101	-64	-57	10	16.79	66.45	3.767
2015-07-24 02:55:39.61	60531	60101	-64	-57	10	14.9	68.68	3.767
2015-07-24 03:48:53.118	60531	60101	-64	-57	10	14.43	69.72	3.764
2015-07-24 04:09:59.166	60531	60101	-64	-56	10	14.32	70.02	3.763
2015-07-24 04:43:46.022	60531	60101	-64	-57	10
2015-07-24 05:37:32.806	60531	60101	-64	-57	10
2015-07-24 06:20:10.562	60531	60101	-64	-57	10	13.56	72.14	3.762
2015-07-24 07:07:19.086	60531	60101	-64	-57	10
2015-07-24 07:07:20.323	60531	60101	-64	-57	10
2015-07-24 07:37:21.303	60531	60101	-64	-57	10	14.72	73.46	3.762
2015-07-24 08:36:15.962	60531	60101	-64	-57	10	17.56	70.1	3.764
2015-07-24 08:50:22.763	60531	60101	-64	-58	10
2015-07-24 09:50:17.683	60531	60101	-67	-58	10	21.22	66.86	3.763
2015-07-24 10:13:24.779	60531	60101	-64	-58	10	21.85	65.72	3.763
2015-07-24 11:05:20.663	60531	60101	-67	-59	10	23.42	63.44	3.764
2015-07-24 11:54:46.882	60531	60101	-64	-58	10	25.16	60.46	3.764
2015-07-24 12:57:00.207	60531	60101	-67	-58	10
2015-07-24 13:19:21.035	60531	60101	-67	-58	10	27.11	55.69	3.767
2015-07-24 14:21:55.262	60531	60101	-64	-57	10	27.44	54.09	3.768
2015-07-24 14:51:58.514	60531	60101	-67	-59	10	28.24	52.09	3.769
2015-07-24 16:40:54.255	60531	60101	-67	-59	10	28.33	52.07	3.77
2015-07-24 17:35:41.302	60531	60101	-67	-58	10
2015-07-24 18:42:55.482	60531	60101	-67	-59	10	27.76	52.09	3.769
2015-07-24 20:35:12.93	60531	60101	-67	-58	10
2015-07-24 21:10:14.346	60531	60101	-64	-58	10
2015-07-24 22:04:58.17	60531	60101	-67	-58	10
2015-07-24 22:47:15.93	60531	60101	-64	-58	10	22.25	60.21	3.767
2015-07-24 23:34:43.614	60531	60101	-64	-57	10
2015-07-25 00:12:14.474	60531	60101	-64	-57	10	20.54	62.82	3.765
2015-07-25 01:04:29.911	60531	60101	-64	-58	10
2015-07-25 01:16:50.515	60531	60101	-64	-57	10
2015-07-25 02:16:42.906	60531	60101	-64	-57	10	19.03	64.9	3.764
2015-07-25 02:37:01.838	60531	60101	-67	-58	10	19.0	65.15	3.763
2015-07-25 03:49:58.723	60531	60101	-64	-58	10	17.56	67.26	3.762
2015-07-25 04:12:05.635	60531	60101	-64	-57	10	17.04	68.43	3.762
2015-07-25 05:33:46.806	60531	60101	-64	-57	10
2015-07-25 06:23:03.019	60531	60101	-67	-57	10	16.04	70.01	3.76
2015-07-25 07:03:31.955	60531	60101	-64	-57	10
2015-07-25 07:49:24.076	60531	60101	-64	-57	10	17.57	69.25	3.759
2015-07-25 08:33:18.198	60531	60101	-64	-58	10
2015-07-25 09:23:38.059	60531	60101	-64	-58	10	21.85	66.24	3.76
2015-07-25 09:42:34.499	60531	60101	-64	-59	10	22.64	65.31	3.76
2015-07-25 10:09:50.227	60531	60101	-67	-59	10	23.42	63.91	3.762
2015-07-25 11:43:44.162	60531	60101	-67	-59	10	26.71	60.06	3.746
2015-07-25 13:36:42.495	60531	60101	-67	-59	10
2015-07-25 15:42:26.211	60531	60101	-67	-59	10	30.76	50.64	3.753
2015-07-25 16:08:03.799	60531	60101	-67	-54	10	30.36	50.03	3.752
2015-07-25 17:15:51.722	60531	60101	-67	-58	10	30.3	48.65	3.753
2015-07-25 17:43:21.61	60531	60101	-67	-59	10
2015-07-25 19:22:37.702	60531	60101	-67	-59	10	28.91	50.95	3.752
2015-07-25 20:05:17.395	60531	60101	-67	-59	10	27.93	52.31	3.751
2015-07-25 20:38:59.403	60531	60101	-67	-59	10	26.55	54.28	3.751
2015-07-25 21:45:20.499	60531	60101	-67	-59	10	24.55	58.35	3.751
2015-07-25 22:01:11.17	60531	60101	-67	-59	10
2015-07-25 22:54:15.535	60531	60101	-67	-59	10	24.26	59.62	3.75
2015-07-25 23:30:57.023	60531	60101	-67	-59	10
2015-07-26 00:23:48.759	60531	60101	-67	-58	10	21.9	66.02	3.747
2015-07-26 01:00:43.347	60531	60101	-67	-58	10
2015-07-26 01:48:51.79	60531	60101	-67	-59	10	22.15	69.13	3.75
2015-07-26 02:11:37.467	60531	60101	-67	-59	10	21.65	70.92	3.75
2015-07-26 02:56:18.363	60531	60101	-67	-59	10	20.94	70.68	3.75
2015-07-26 03:37:51.762	60531	60101	-67	-59	10	20.88	70.41	3.746
2015-07-26 04:16:09.595	60531	60101	-67	-59	10	20.81	71.4	3.752
2015-07-26 05:13:06.927	60531	60101	-67	-59	10	20.39	72.7	3.75
2015-07-26 05:42:20.507	60531	60101	-67	-58	10	20.77	75.06	3.75
2015-07-26 06:08:01.019	60531	60101	-67	-59	10	20.61	75.16	3.75
2015-07-26 06:59:46.915	60531	60101	-67	-59	10
2015-07-26 15:43:43.234	60531	60101	-67	-54	10	28.02	62.6	3.745
2015-07-26 17:23:50.986	60531	60101	-67	-58	10	27.21	65.96	3.743
2015-07-27 03:40:45.35	60531	60101	-67	-59	10	21.06	76.86	3.737
2015-07-27 05:26:15.766	60531	60101	-67	-59	10
2015-07-27 08:14:08.702	60531	60101	-67	-59	10	21.22	82.0	3.736
2015-07-27 10:52:08.535	60531	60101	-67	-54	10	25.26	79.11	3.735
2015-07-27 11:25:19.634	60531	60101	-67	-54	10
2015-07-27 12:48:14.687	60531	60101	-67	-54	10	28.46	71.1	3.743
2015-07-27 13:24:30.026	60531	60101	-67	-59	10	27.8	71.75	3.743
2015-07-27 14:23:49.638	60531	60101	-67	-54	10	29.77	65.89	3.748
2015-07-27 14:56:08.142	60531	60101	-67	-54	10
2015-07-27 15:10:28.326	60531	60101	-67	-59	10	29.65	65.24	3.748
2015-07-27 15:54:36.002	60531	60101	-67	-59	10
2015-07-27 16:43:22.982	60531	60101	-67	-59	10	30.4	60.78	3.748
2015-07-27 17:24:21.442	60531	60101	-67	-54	10
2015-07-27 18:26:38.774	60531	60101	-67	-54	10	29.82	58.68	3.75
2015-07-27 18:54:07.634	60531	60101	-67	-60	10
2015-07-27 19:12:56.674	60531	60101	-67	-54	10	29.51	59.44	3.748
2015-07-27 20:20:08.011	60531	60101	-67	-54	10	27.19	63.49	3.746
2015-07-27 20:36:46.798	60531	60101	-67	-60	10	26.36	64.79	3.745
2015-07-27 21:53:38.426	60531	60101	-67	-59	10
2015-07-27 22:06:07.074	60531	60101	-67	-59	10	23.47	68.88	3.737
2015-07-27 23:09:20.95	60531	60101	-67	-59	10
2015-07-27 23:23:25.058	60531	60101	-67	-59	10
2015-07-28 00:08:47.258	60531	60101	-67	-59	10	22.84	69.85	3.736
2015-07-28 00:53:10.703	60531	60101	-67	-59	10
2015-07-28 01:49:14.555	60531	60101	-67	-59	10	22.0	72.04	3.736
2015-07-28 02:22:57.131	60531	60101	-67	-59	10
2015-07-28 03:15:58.538	60531	60101	-67	-59	10
2015-07-28 03:51:12.322	60531	60101	-67	-59	10	20.83	76.09	3.736
2015-07-28 04:12:43.791	60531	60101	-67	-59	10	20.75	76.53	3.735
2015-07-28 05:13:34.402	60531	60101	-67	-59	10	20.53	77.65	3.735
2015-07-28 07:22:35.475	60531	60101	-67	-59	10
2015-07-28 07:39:26.303	60531	60101	-67	-59	10	20.61	79.4	3.734
2015-07-28 08:25:17.936	60531	60101	-67	-59	10	21.61	78.32	3.734
2015-07-28 09:09:53.595	60531	60101	-67	-59	10	23.27	76.96	3.729
2015-07-28 09:51:45.434	60531	60101	-67	-54	10
2015-07-28 10:53:23.043	60531	60101	-67	-54	10	27.02	73.72	3.728
2015-07-28 11:25:52.859	60531	60101	-67	-54	10	28.02	72.05	3.728
2015-07-28 11:40:17.471	60531	60101	-67	-54	10	28.55	71.23	3.728
2015-07-28 12:43:33.371	60531	60101	-67	-54	10	30.36	67.57	3.731
2015-07-28 13:15:26.518	60531	60101	-67	-54	10	30.75	65.37	3.731
2015-07-28 14:04:59.554	60531	60101	-67	-54	10	31.1	63.03	3.732
2015-07-28 14:38:26.727	60531	60101	-67	-60	10	30.51	61.23	3.734
2015-07-28 15:35:49.143	60531	60101	-67	-59	10
2015-07-28 15:50:49.979	60531	60101	-67	-59	10
2015-07-28 16:50:38.515	60531	60101	-67	-60	10	30.65	58.36	3.734
2015-07-28 17:20:36.495	60531	60101	-67	-59	10
2015-07-28 18:08:45.211	60531	60101	-67	-59	10	30.52	57.69	3.734
2015-07-28 18:50:43.138	60531	60101	-67	-54	10	30.4	57.23	3.732
2015-07-28 19:38:24.359	60531	60101	-67	-54	10	29.08	59.4	3.732
2015-07-28 20:05:01.738	60531	60101	-67	-60	10	27.91	61.34	3.732
2015-07-28 20:41:05.231	60531	60101	-67	-54	10	26.69	62.9	3.729
2015-07-28 21:49:52.858	60531	60101	-67	-60	10
2015-07-28 22:05:06.031	60531	60101	-67	-54	10	25.21	64.83	3.73
2015-07-28 23:08:03.015	60531	60101	-67	-60	10	24.71	65.42	3.73
2015-07-28 23:49:05.111	60531	60101	-67	-54	10
2015-07-29 00:19:12.53	60531	60101	-67	-54	10	23.79	67.1	3.73
2015-07-29 00:49:25.167	60531	60101	-67	-59	10
2015-07-29 01:42:13.542	60531	60101	-67	-59	10	22.83	68.94	3.729
2015-07-29 02:19:10.395	60531	60101	-67	-59	10
2015-07-29 03:06:50.883	60531	60101	-67	-59	10	21.9	70.85	3.728
2015-07-29 03:49:54.994	60531	60101	-67	-59	10	21.56	71.57	3.728
2015-07-29 04:25:46.171	60531	60101	-67	-59	10	21.19	72.25	3.721
2015-07-29 05:18:42.215	60531	60101	-67	-59	10
2015-07-29 05:50:18.978	60531	60101	-67	-59	10	20.47	73.95	3.721
2015-07-29 06:48:16.911	60531	60101	-67	-59	10	20.15	75.07	3.721
2015-07-29 07:17:14.659	60531	60101	-67	-59	10	20.5	74.44	3.721
2015-07-29 08:02:18.31	60531	60101	-67	-59	10
2015-07-29 08:18:35.75	60531	60101	-67	-59	10	21.92	72.94	3.721
2015-07-29 09:19:32.658	60531	60101	-67	-61	10	24.24	70.98	3.747
2015-07-29 09:48:00.771	60531	60101	-67	-54	10
2015-07-29 10:39:56.33	60531	60101	-67	-54	10	27.19	69.69	3.74
2015-07-29 11:17:46.007	60531	60101	-67	-55	10
2015-07-29 12:08:54.995	60531	60101	-67	-54	10
2015-07-29 12:37:40.758	60531	60101	-67	-54	10	30.61	65.23	3.736
2015-07-29 13:14:01.278	60531	60101	-67	-54	10	30.63	65.26	3.731
2015-07-29 14:17:18.654	60531	60101	-67	-54	10
2015-07-29 14:46:10.215	60531	60101	-70	-54	10	31.51	63.37	3.734
2015-07-29 16:15:32.118	60531	60101	-67	-54	10
2015-07-29 16:38:31.898	60531	60101	-67	-54	10	32.13	61.91	3.736
2015-07-29 17:16:49.059	60531	60101	-67	-54	10
2015-07-29 18:07:26.627	60531	60101	-67	-54	10	31.41	62.63	3.729
2015-07-29 18:46:35.442	60531	60101	-70	-54	10
2015-07-29 19:46:36.935	60531	60101	-67	-59	10	30.38	63.01	3.731
2015-07-29 20:20:34.942	60531	60101	-67	-54	10	29.21	64.6	3.728
2015-07-29 20:46:04.306	60531	60101	-67	-54	10	28.6	65.25	3.729
2015-07-29 21:46:08.091	60531	60101	-67	-54	10
2015-07-29 22:23:02.79	60531	60101	-67	-54	10	26.66	68.47	3.726
2015-07-29 23:15:51.87	60531	60101	-67	-54	10
2015-07-29 23:39:47.974	60531	60101	-67	-54	10	25.44	72.02	3.743
2015-07-30 00:28:46.271	60531	60101	-67	-61	10
2015-07-30 00:45:38.782	60531	60101	-67	-54	10
2015-07-30 01:51:07.403	60531	60101	-67	-54	10	25.05	73.26	3.741
2015-07-30 02:15:24.131	60531	60101	-67	-54	10
2015-07-30 03:25:37.218	60531	60101	-67	-54	10	24.97	75.54	3.739
2015-07-30 03:55:02.879	60531	60101	-67	-59	10	24.69	77.01	3.739
2015-07-30 04:09:46.987	60531	60101	-67	-59	10	24.76	77.85	3.74
2015-07-30 04:35:23.779	60531	60101	-67	-59	10
2015-07-30 04:53:26.243	60531	60101	-64	-59	10	24.47	79.66	3.74
2015-07-30 05:15:07.666	60531	60101	-67	-58	10
2015-07-30 06:12:47.215	60531	60101	-67	-59	10	24.26	82.62	3.739
2015-07-30 06:55:51.311	60531	60101	-67	-59	10	23.85	82.55	3.739
2015-07-30 07:42:03.164	60531	60101	-67	-54	10	23.36	80.95	3.737
2015-07-30 08:25:25.731	60531	60101	-67	-59	10	23.26	78.48	3.739
2015-07-30 08:53:09.722	60531	60101	-67	-59	10	23.68	75.42	3.737
2015-07-30 09:44:13.951	60531	60101	-67	-60	10
2015-07-30 10:07:57.734	60531	60101	-67	-59	10	25.19	68.44	3.737
2015-07-30 11:09:52.059	60531	60101	-67	-60	10	26.68	61.66	3.737
2015-07-30 11:40:55.994	60531	60101	-67	-58	10	27.38	57.16	3.736
2015-07-30 12:43:48.17	60531	60101	-67	-54	10
2015-07-30 12:48:37.57	60531	60101	-67	-55	10
2015-07-30 13:44:07.358	60531	60101	-67	-59	10	29.19	45.46	3.731
2015-07-30 14:13:34.962	60531	60101	-67	-54	10
2015-07-30 14:41:33.535	60531	60101	-70	-54	10	29.9	43.66	3.587
2015-07-30 15:37:24.347	60531	60101	-67	-55	10	30.22	40.71	3.724
2015-07-30 16:12:40.231	60531	60101	-67	-60	10	30.41	40.86	3.724
2015-07-30 16:55:15.154	60531	60101	-70	-54	10
2015-07-30 17:13:03.307	60531	60101	-67	-58	10
2015-07-30 17:46:20.214	60531	60101	-67	-54	10	29.29	43.19	3.724
2015-07-30 18:41:39.399	60531	60101	-67	-54	10	28.77	44.71	3.724
2015-07-30 19:09:56.254	60531	60101	-67	-55	10	28.29	44.32	3.723
2015-07-30 22:47:58.596	60531	60101	-67	-59	10	22.9	56.82	3.72
2015-07-30 23:12:06.81	60531	60101	-67	-59	10
2015-07-30 23:50:08.146	60531	60101	-67	-59	10	22.04	58.94	3.72
2015-07-31 00:41:52.225	60531	60101	-67	-59	10
2015-07-31 01:08:28.051	60531	60101	-67	-59	10
2015-07-31 01:37:31.439	60531	60101	-67	-58	10	20.18	62.76	3.718
2015-07-31 02:11:38.782	60531	60101	-67	-59	10
2015-07-31 03:11:01.083	60531	60101	-67	-59	10	19.93	64.15	3.719
2015-07-31 03:41:23.791	60531	60101	-67	-59	10
2015-07-31 04:35:44.355	60531	60101	-67	-59	10	18.86	66.61	3.717
2015-07-31 05:13:55.507	60531	60101	-64	-59	10	18.49	67.34	3.717
2015-07-31 05:52:12.53	60531	60101	-67	-59	10	18.5	68.02	3.717
2015-07-31 06:40:55.942	60531	60101	-67	-59	10
2015-07-31 07:26:43.079	60531	60101	-67	-58	10	18.68	69.06	3.714
2015-07-31 08:10:41.783	60531	60101	-67	-59	10
2015-07-31 08:51:49.611	60531	60101	-67	-59	10	21.08	67.4	3.714
2015-07-31 09:26:34.35	60531	60101	-67	-59	10	23.2	65.43	3.715
2015-07-31 09:48:51.706	60531	60101	-67	-59	10	23.56	64.47	3.714
2015-07-31 10:51:42.611	60531	60101	-67	-59	10	25.6	60.92	3.715
2015-07-31 11:13:01.735	60531	60101	-67	-59	10	26.11	59.32	3.715
2015-07-31 13:28:20.371	60531	60101	-67	-60	10
2015-07-31 14:09:45.527	60531	60101	-70	-59	10
2015-07-31 14:52:19.931	60531	60101	-67	-61	10	28.91	45.1	3.719
2015-07-31 15:39:31.086	60531	60101	-70	-58	10
2015-07-31 19:51:11.442	60531	60101	-70	-58	10	27.47	49.76	3.718
2015-07-31 20:49:30.87	60531	60101	-67	-55	10	25.88	51.43	3.718
2015-07-31 21:38:33.938	60531	60101	-67	-56	10
2015-07-31 21:51:52.514	60531	60101	-67	-55	10	24.49	53.18	3.715
2015-07-31 22:48:22.716	60531	60101	-67	-55	10	24.15	53.82	3.717
2015-07-31 23:08:20.403	60531	60101	-67	-55	10
2015-08-01 00:13:23.583	60531	60101	-67	-54	10	23.09	56.44	3.715
2015-08-01 00:39:53.307	60531	60101	-67	-54	10	22.92	56.57	3.714
2015-08-01 01:43:45.378	60531	60101	-67	-56	10	23.14	58.35	3.714
2015-08-01 02:14:20.986	60531	60101	-67	-55	10	22.99	59.39	3.714
2015-08-01 02:44:56.142	60531	60101	-67	-55	10	22.74	59.84	3.714
2015-08-01 03:37:37.958	60531	60101	-67	-58	10
2015-08-01 04:18:15.575	60531	60101	-67	-55	10	21.26	63.29	3.71
2015-08-01 05:07:24.55	60531	60101	-67	-54	10
2015-08-01 05:34:55.514	60531	60101	-67	-54	10	19.93	65.31	3.712
2015-08-01 06:27:09.742	60531	60101	-67	-54	10	18.61	67.31	3.708
2015-08-01 06:46:04.519	60531	60101	-67	-59	10	18.39	67.47	3.709
2015-08-01 07:50:33.875	60531	60101	-67	-59	10	19.32	67.01	3.709
2015-08-01 08:07:53.827	60531	60101	-67	-54	10	19.77	67.82	3.71
2015-08-01 10:01:32.794	60531	60101	-67	-61	10
2015-08-01 12:36:14.883	60531	60101	-67	-54	10
2015-08-01 13:17:08.935	60531	60101	-70	-55	10	27.13	47.99	3.712
2015-08-01 14:10:24.042	60531	60101	-67	-58	10	26.55	48.02	3.713
2015-08-01 15:09:27.838	60531	60101	-70	-59	10	28.08	45.3	3.714
2015-08-01 15:45:28.214	60531	60101	-70	-54	10	28.54	43.17	3.713
2015-08-01 17:55:21.346	60531	60101	-67	-59	10	25.19	48.05	3.713
2015-08-01 18:14:45.21	60531	60101	-67	-60	10
2015-08-01 19:39:30.295	60531	60101	-67	-55	10	24.2	52.16	3.712
2015-08-01 20:08:28.219	60531	60101	-67	-55	10	24.44	52.64	3.712
2015-08-01 21:07:14.814	60531	60101	-67	-55	10	22.26	55.74	3.709
2015-08-01 21:34:48.638	60531	60101	-70	-55	10
2015-08-01 21:47:49.45	60531	60101	-70	-54	10	21.52	57.19	3.709
2015-08-01 22:06:56.226	60531	60101	-70	-55	10	21.11	59.01	3.709
2015-08-01 22:41:37.703	60531	60101	-70	-55	10	20.39	60.22	3.708
2015-08-02 01:26:12.39	60531	60101	-70	-58	10	18.86	64.87	3.707
2015-08-02 01:57:15.527	60531	60101	-67	-55	10	18.75	66.22	3.706
2015-08-02 02:05:55.186	60531	60101	-97	-58	10	18.89	66.1	3.706
2015-08-02 02:27:53.346	60531	60101	-70	-55	10
2015-08-02 03:23:16.243	60531	60101	-67	-55	10	19.03	66.56	3.704
2015-08-02 03:35:09.243	60531	60101	-67	-55	10	18.56	67.49	3.706
2015-08-02 04:36:25.146	60531	60101	-67	-55	10	17.11	68.97	3.704
2015-08-02 05:13:57.082	60531	60101	-70	-55	10	17.64	68.51	3.702
2015-08-02 06:25:21.167	60531	60101	-70	-57	10	18.02	69.27	3.703
2015-08-02 06:34:32.53	60531	60101	-67	-57	10
2015-08-02 07:12:23.126	60531	60101	-67	-56	10	18.31	69.8	3.702
2015-08-02 08:03:10.062	60531	60101	-67	-56	10
2015-08-02 08:41:53.071	60531	60101	-67	-56	10	20.29	68.93	3.703
2015-08-02 09:32:57.914	60531	60101	-67	-58	10
2015-08-02 10:07:35.63	60531	60101	-70	-60	10	22.9	65.93	3.702
2015-08-02 10:48:39.594	60531	60101	-70	-58	10	24.13	64.12	3.549
2015-08-02 11:12:19.355	60531	60101	-70	-58	10	24.99	63.08	3.706
2015-08-02 14:16:01.242	60531	60101	-67	-61	10	28.6	55.46	3.703
2015-08-02 15:22:07.486	60531	60101	-70	-60	10	29.69	52.06	3.706
2015-08-02 15:52:32.906	60531	60101	-70	-58	10	29.83	51.17	3.706
2015-08-02 16:40:08.915	60531	60101	-67	-61	10	29.6	50.85	3.706
2015-08-02 17:21:58.423	60531	60101	-70	-59	10	29.61	51.56	3.715
2015-08-02 18:25:02.582	60531	60101	-70	-60	10	28.97	52.7	3.714
2015-08-02 18:41:51.422	60531	60101	-97	-60	10	28.27	53.86	3.714
2015-08-02 19:11:58.694	60531	60101	-70	-58	10	28.61	53.01	3.714
2015-08-02 20:01:16.063	60531	60101	-70	-58	10
2015-08-02 20:49:00.887	60531	60101	-70	-59	10	26.3	56.63	3.713
2015-08-02 21:31:03.31	60531	60101	-70	-59	10
2015-08-02 23:00:49.044	60531	60101	-70	-60	10
2015-08-02 23:23:37.231	60531	60101	-70	-56	10	24.58	60.24	3.713
2015-08-03 00:07:41.518	60531	60101	-70	-55	10	24.33	60.75	3.712
2015-08-03 00:57:11.174	60531	60101	-70	-60	10	23.97	61.02	3.712
2015-08-03 01:55:05.422	60531	60101	-67	-59	10	23.36	61.83	3.71
2015-08-03 02:23:49.446	60531	60101	-70	-58	10	23.11	62.53	3.71
2015-08-03 03:07:35.443	60531	60101	-67	-60	10
2015-08-03 03:30:05.539	60531	60101	-70	-55	10
2015-08-03 04:17:36.619	60531	60101	-67	-54	10	20.51	69.11	3.708
2015-08-03 05:57:02.175	60531	60101	-67	-58	10	20.36	69.2	3.707
2015-08-03 06:29:37.378	60531	60101	-70	-58	10
2015-08-03 07:14:13.598	60531	60101	-70	-58	10
2015-08-03 07:53:02.794	60531	60101	-70	-58	10	19.89	72.28	3.707
2015-08-03 08:09:38	60531	60101	-67	-58	10	20.28	73.34	3.707
2015-08-03 09:10:22.219	60531	60101	-70	-55	10	20.86	73.56	3.609
2015-08-03 09:55:33.319	60531	60101	-70	-56	10	21.94	70.81	3.708
2015-08-03 11:07:48.218	60531	60101	-67	-58	10	23.78	66.58	3.706
2015-08-03 12:28:41.05	60531	60101	-70	-60	10
2015-08-03 13:04:55.958	60531	60101	-70	-61	10	26.69	58.18	3.708
2015-08-03 13:58:27.698	60531	60101	-70	-58	10
2015-08-03 14:44:36.115	60531	60101	-70	-60	10	28.74	52.48	3.706
2015-08-03 15:27:28.494	60531	60101	-70	-61	10
2015-08-03 16:12:56.89	60531	60101	-70	-58	10	26.52	56.82	3.596
2015-08-03 16:57:58.894	60531	60101	-70	-60	10
2015-08-03 21:26:08.142	60531	60101	-67	-56	10	20.28	83.97	3.697
2015-08-03 21:27:16.995	60531	60101	-67	-54	10
2015-08-03 21:50:29.106	60531	60101	-67	-54	10	20.32	83.33	3.696
2015-08-03 22:22:35.787	60531	60101	-67	-55	10	20.29	84.74	3.697
2015-08-03 22:57:04.018	60531	60101	-67	-59	10
2015-08-03 22:57:15.902	60531	60101	-67	-54	10	20.11	84.9	3.697
2015-08-03 23:18:23.935	60531	60101	-67	-55	10	20.06	85.97	3.695
2015-08-04 00:26:48.439	60531	60101	-67	-59	10
2015-08-04 00:41:49.235	60531	60101	-67	-59	10	19.14	86.46	3.695
2015-08-04 01:35:15.934	60531	60101	-67	-54	10	19.11	87.16	3.693
2015-08-04 01:56:34.743	60531	60101	-67	-54	10
2015-08-04 03:14:06.028	60531	60101	-67	-54	10	18.31	86.48	3.693
2015-08-04 03:44:57.939	60531	60101	-67	-54	10	18.27	86.5	3.692
2015-08-04 04:20:53.419	60531	60101	-67	-56	10	17.83	88.52	3.693
2015-08-04 05:41:24.37	60531	60101	-67	-54	10	17.89	87.44	3.691
2015-08-04 07:06:36.731	60531	60101	-67	-55	10	17.57	87.08	3.692
2015-08-04 07:55:37.303	60531	60101	-70	-58	10
2015-08-04 08:50:28.67	60531	60101	-70	-56	10	18.17	85.72	3.69
2015-08-04 09:25:27.474	60531	60101	-67	-54	10
2015-08-04 10:43:33.407	60531	60101	-67	-55	10	21.58	77.76	3.692
2015-08-04 11:06:08.754	60531	60101	-70	-56	10	22.14	73.75	3.69
2015-08-04 12:45:39.387	60531	60101	-67	-58	10	25.04	63.11	3.693
2015-08-04 13:49:38.659	60531	60101	-67	-55	10	26.08	57.0	3.695
2015-08-04 16:06:08.154	60531	60101	-70	-59	10	27.72	47.93	3.696
2015-08-04 16:53:16.651	60531	60101	-67	-54	10	26.86	49.65	3.695
2015-08-04 17:20:08.322	60531	60101	-70	-60	10	27.69	46.18	3.697
2015-08-04 18:08:16.258	60531	60101	-67	-57	10	27.08	45.94	3.696
2015-08-04 18:37:35.31	60531	60101	-67	-57	10	26.88	46.38	3.696
2015-08-04 19:53:45.207	60531	60101	-70	-54	10
2015-08-04 20:13:46.371	60531	60101	-67	-57	10
2015-08-04 20:42:04.89	60531	60101	-67	-55	10	23.61	52.77	3.695
2015-08-04 21:23:30.61	60531	60101	-67	-54	10
2015-08-04 22:23:27.01	60531	60101	-67	-54	10	20.83	60.59	3.692
2015-08-04 22:53:16.674	60531	60101	-67	-54	10
2015-08-04 23:42:25.555	60531	60101	-67	-54	10	19.14	62.85	3.691
2015-08-05 00:20:24.814	60531	60101	-67	-54	10
2015-08-05 00:57:17.138	60531	60101	-67	-54	10	18.07	65.11	3.691
2015-08-05 01:46:02.994	60531	60101	-67	-54	10	18.15	66.55	3.69
2015-08-05 02:08:56.57	60531	60101	-67	-54	10	17.74	67.18	3.69
2015-08-05 03:09:51.031	60531	60101	-70	-54	10	17.25	68.02	3.688
2015-08-05 03:46:24.286	60531	60101	-67	-54	10	16.95	69.08	3.687
2015-08-05 04:27:05.17	60531	60101	-67	-54	10
2015-08-05 04:52:19.826	60531	60101	-67	-54	10
2015-08-05 05:44:28.774	60531	60101	-67	-54	10	16.36	70.95	3.687
2015-08-05 06:22:05.006	60531	60101	-67	-54	10
2015-08-05 07:09:10.471	60531	60101	-67	-54	10	16.32	72.86	3.687
2015-08-05 07:51:52.602	60531	60101	-67	-59	10
2015-08-05 10:25:01.895	60531	60101	-67	-54	10	22.11	67.81	3.688
2015-08-05 10:51:23.398	60531	60101	-67	-60	10
2015-08-05 12:27:21.079	60531	60101	-67	-58	10	24.88	54.87	3.691
2015-08-05 12:41:20.586	60531	60101	-67	-54	10	25.24	54.23	3.692
2015-08-05 14:39:08.686	60531	60101	-67	-58	10	25.94	50.89	3.693
2015-08-05 15:20:43.519	60531	60101	-67	-58	10
2015-08-05 16:16:22.806	60531	60101	-70	-54	10	26.27	46.51	3.691
2015-08-05 17:44:21.086	60531	60101	-67	-54	10	25.46	45.82	3.692
2015-08-05 18:20:14.886	60531	60101	-67	-54	10
2015-08-05 19:20:03.554	60531	60101	-67	-58	10	24.63	46.61	3.691
2015-08-05 19:55:56.459	60531	60101	-67	-59	10	23.96	48.05	3.692
2015-08-06 00:19:16.279	60531	60101	-67	-59	10
2015-08-06 00:51:48.251	60531	60101	-67	-59	10	17.75	64.42	3.507
2015-08-06 03:18:47.819	60531	60101	-67	-59	10
2015-08-06 06:18:19.354	60531	60101	-67	-59	10
2015-08-06 07:25:13.499	60531	60101	-64	-59	10	14.22	74.52	3.68
2015-08-06 08:09:54.618	60531	60101	-67	-54	10	15.22	74.17	3.682
2015-08-06 09:12:05.618	60531	60101	-67	-59	10	17.35	73.06	3.682
2015-08-06 09:17:51.347	60531	60101	-67	-59	10
2015-08-06 12:17:23.782	60531	60101	-67	-59	10
2015-08-06 12:52:33.798	60531	60101	-67	-61	10	20.78	68.26	3.684
2015-08-06 13:19:59.095	60531	60101	-67	-59	10
2015-08-06 13:47:09.226	60531	60101	-67	-59	10
2015-08-06 14:42:30.706	60531	60101	-67	-59	10	20.92	66.43	3.684
2015-08-06 15:16:55.803	60531	60101	-67	-54	10
2015-08-06 16:39:19.743	60531	60101	-67	-59	10	20.79	67.72	3.684
2015-08-06 18:06:48.254	60531	60101	-67	-59	10	20.88	66.62	3.684
2015-08-06 19:22:59.962	60531	60101	-67	-54	10	21.71	65.55	3.682
2015-08-06 19:46:16.515	60531	60101	-67	-54	10
2015-08-06 20:56:21.862	60531	60101	-67	-60	10	18.63	70.33	3.682
2015-08-07 01:39:49.694	60531	60101	-67	-61	10
2015-08-07 02:23:52.503	60531	60101	-67	-59	10	15.61	78.57	3.684
2015-08-07 03:15:01.819	60531	60101	-67	-59	10
2015-08-07 04:36:12.311	60531	60101	-67	-61	10	14.89	80.79	3.677
2015-08-07 05:42:26.707	60531	60101	-67	-59	10	14.7	83.78	3.677
2015-08-07 06:14:40.703	60531	60101	-67	-59	10
2015-08-07 07:05:15.715	60531	60101	-67	-59	10	14.57	84.74	3.676
2015-08-07 07:47:58.826	60531	60101	-67	-54	10	15.14	83.24	3.676
2015-08-07 09:16:10.614	60531	60101	-67	-54	10	17.7	80.39	3.677
2015-08-07 10:18:03.882	60531	60101	-67	-54	10	20.2	76.31	3.677
2015-08-07 11:20:48.078	60531	60101	-67	-54	10	22.19	73.02	3.679
2015-08-07 12:13:01.73	60531	60101	-67	-55	10	24.04	69.21	3.684
2015-08-07 12:35:44.519	60531	60101	-67	-54	10	24.61	68.71	3.681
2015-08-07 13:43:23.35	60531	60101	-67	-57	10
2015-08-07 13:59:46.163	60531	60101	-70	-55	10
2015-08-07 14:40:24.851	60531	60101	-67	-55	10	24.4	69.48	3.682
2015-08-07 15:51:43.062	60531	60101	-67	-55	10	24.83	68.32	3.685
2015-08-07 17:35:27.166	60531	60101	-70	-58	10	24.04	69.21	3.686
2015-08-07 18:07:00.19	60531	60101	-67	-58	10	23.82	69.6	3.686
2015-08-07 18:54:38.29	60531	60101	-70	-55	10	23.78	69.59	3.688
2015-08-07 19:42:27.518	60531	60101	-70	-58	10
2015-08-07 20:20:07.87	60531	60101	-70	-58	10	22.81	70.71	3.687
2015-08-07 21:09:13.703	60531	60101	-70	-58	10	21.58	72.02	3.686
2015-08-07 21:53:56.562	60531	60101	-67	-58	10	20.65	72.94	3.684
2015-08-07 22:16:41.494	60531	60101	-70	-58	10	20.22	73.35	3.685
2015-08-07 22:41:58.971	60531	60101	-67	-57	10
2015-08-07 23:36:59.754	60531	60101	-67	-55	10	19.1	74.59	3.682
2015-08-08 00:11:44.158	60531	60101	-67	-54	10
2015-08-08 01:14:43.798	60531	60101	-67	-55	10	18.11	76.58	3.677
2015-08-08 01:52:18.386	60531	60101	-67	-55	10	17.97	77.18	3.68
2015-08-08 02:19:31.242	60531	60101	-70	-56	10
2015-08-08 03:11:15.686	60531	60101	-70	-57	10
2015-08-08 03:39:00.258	60531	60101	-67	-56	10	17.89	77.13	3.679
2015-08-08 04:41:02.251	60531	60101	-70	-55	10
2015-08-08 05:21:45.934	60531	60101	-70	-55	10	17.74	77.83	3.679
2015-08-08 06:10:48.13	60531	60101	-70	-56	10
2015-08-08 06:26:14.218	60531	60101	-67	-56	10
2015-08-08 07:18:18.574	60531	60101	-67	-57	10	17.35	79.86	3.675
2015-08-08 07:40:33.39	60531	60101	-70	-55	10
2015-08-08 08:45:16.131	60531	60101	-67	-56	10	19.1	78.04	3.676
2015-08-08 09:23:45.171	60531	60101	-67	-58	10	20.74	76.18	3.677
2015-08-08 10:10:36.051	60531	60101	-70	-60	10	22.25	75.24	3.677
2015-08-08 12:54:10.015	60531	60101	-70	-58	10	26.43	68.52	3.677
2015-08-08 14:37:35.822	60531	60101	-67	-56	10	26.72	66.29	3.685
2015-08-08 15:09:34.47	60531	60101	-67	-55	10
2015-08-08 16:39:10.386	60531	60101	-67	-54	10
2015-08-08 17:18:39.678	60531	60101	-70	-58	10	26.3	66.87	3.686
2015-08-08 18:08:53.894	60531	60101	-70	-56	10
2015-08-08 18:40:41.846	60531	60101	-67	-58	10	25.19	68.33	3.685
2015-08-08 19:27:01.742	60531	60101	-70	-58	10	24.63	69.06	3.685
2015-08-08 20:47:12.962	60531	60101	-70	-55	10	23.15	71.79	3.685
2015-08-08 22:13:21.254	60531	60101	-67	-58	10	22.0	73.34	3.684
2015-08-08 22:48:37.91	60531	60101	-67	-56	10	21.45	74.11	3.682
2015-08-08 22:52:36.778	60531	60101	-67	-55	10
2015-08-08 23:13:48.374	60531	60101	-67	-56	10	21.32	74.16	3.684
2015-08-08 23:35:40.046	60531	60101	-67	-56	10	21.02	74.81	3.684
2015-08-09 00:07:57.566	60531	60101	-67	-54	10
2015-08-09 00:25:23.87	60531	60101	-67	-55	10	20.78	77.15	3.682
2015-08-09 00:49:18.294	60531	60101	-67	-55	10	20.69	77.84	3.684
2015-08-09 01:44:57.742	60531	60101	-67	-57	10	20.31	78.52	3.681
2015-08-09 02:48:56.278	60531	60101	-70	-54	10	20.15	78.55	3.681
2015-08-09 03:56:16.334	60531	60101	-67	-56	10	19.79	78.71	3.682
2015-08-09 04:09:52.438	60531	60101	-70	-57	10	19.72	78.69	3.681
2015-08-09 04:37:10.375	60531	60101	-67	-56	10	19.46	79.21	3.677
2015-08-09 04:37:15.218	60531	60101	-67	-55	10
2015-08-09 05:16:03.334	60531	60101	-67	-54	10	19.24	80.65	3.674
2015-08-09 05:41:30.611	60531	60101	-67	-55	10	19.06	81.22	3.679
2015-08-09 06:07:03.658	60531	60101	-70	-55	10
2015-08-09 06:52:49.719	60531	60101	-67	-55	10	18.65	82.05	3.679
2015-08-09 07:36:46.219	60531	60101	-67	-57	10
2015-08-09 08:18:15.178	60531	60101	-67	-57	10	19.42	80.92	3.677
2015-08-09 08:53:59.262	60531	60101	-67	-58	10	20.58	79.31	3.679
2015-08-09 09:06:32.798	60531	60101	-70	-58	10
2015-08-09 09:15:37.586	60531	60101	-70	-55	10	21.45	78.29	3.679
2015-08-09 09:55:56.086	60531	60101	-70	-55	10	23.21	76.65	3.681
2015-08-09 10:23:49.792	60531	60101	-70	-58	10	24.04	75.9	3.684
2015-08-09 10:36:19.186	60531	60101	-67	-58	10
2015-08-09 10:41:05.539	60531	60101	-70	-58	10	24.76	75.08	3.682
2015-08-09 11:12:38.206	60531	60101	-67	-55	10
2015-08-09 16:40:47.247	60531	60101	-67	-56	10	28.79	56.87	3.695
2015-08-09 18:05:08.983	60531	60101	-70	-56	10
2015-08-09 19:34:54.576	60531	60101	-67	-56	10
2015-08-09 20:17:01.503	60531	60101	-70	-56	10	25.22	63.44	3.695
2015-08-09 22:45:15.026	60531	60101	-67	-56	10	22.1	68.15	3.692
2015-08-10 03:38:56.254	60531	60101	-67	-56	10
2015-08-10 04:33:31.503	60531	60101	-67	-55	10
2015-08-10 05:50:19.114	60531	60101	-70	-55	10	19.1	75.21	3.69
2015-08-10 07:44:54.395	60531	60101	-67	-55	10	19.14	75.46	3.687
2015-08-10 09:45:29.499	60531	60101	-70	-58	10	23.68	73.69	3.688
2015-08-10 10:48:16.09	60531	60101	-70	-59	10	26.86	70.69	3.691
2015-08-10 11:52:10.566	60531	60101	-70	-60	10
2015-08-10 13:32:05.198	60531	60101	-70	-59	10
2015-08-10 14:16:14.67	60531	60101	-70	-58	10	27.94	67.35	3.691
2015-08-10 15:36:40.998	60531	60101	-70	-59	10	24.44	71.13	3.693
2015-08-10 17:47:03.302	60531	60101	-70	-61	10	26.22	70.49	3.693
2015-08-10 18:21:37.594	60531	60101	-70	-60	10	26.36	70.86	3.693
2015-08-10 19:49:23.018	60531	60101	-70	-61	10	25.41	73.19	3.693
2015-08-10 20:25:01.174	60531	60101	-70	-60	10	24.83	75.4	3.692
2015-08-10 21:00:54.598	60531	60101	-70	-60	10
2015-08-10 22:14:09.946	60531	60101	-70	-58	10	24.44	75.6	3.691
2015-08-10 22:37:29.562	60531	60101	-70	-58	10	24.17	76.11	3.691
2015-08-11 00:00:26.974	60531	60101	-70	-59	10
2015-08-11 00:53:40.718	60531	60101	-70	-58	10	22.2	79.55	3.685
2015-08-11 01:30:11.367	60531	60101	-70	-58	10
2015-08-11 02:22:57.923	60531	60101	-70	-58	10	22.15	81.15	3.685
2015-08-11 02:59:57.33	60531	60101	-70	-58	10
2015-08-11 04:18:38.339	60531	60101	-70	-58	10
2015-08-11 04:55:54.748	60531	60101	-70	-58	10	21.17	83.94	3.681
2015-08-11 06:19:58.222	60531	60101	-67	-55	10	21.26	85.21	3.681
2015-08-11 07:29:14.546	60531	60101	-67	-60	10
2015-08-11 08:25:15.826	60531	60101	-67	-54	10
2015-08-11 10:52:22.615	60531	60101	-70	-58	10	23.0	81.08	3.675
2015-08-11 12:31:52.287	60531	60101	-67	-58	10
2015-08-11 13:28:18.602	60531	60101	-70	-54	10
2015-08-11 14:48:27.53	60531	60101	-70	-61	10	26.22	62.5	3.679
2015-08-11 16:07:41.286	60531	60101	-67	-61	10	26.55	59.33	3.688
2015-08-11 17:14:55.114	60531	60101	-70	-58	10	26.85	54.74	3.687
2015-08-11 19:25:41.391	60531	60101	-67	-56	10	24.33	61.26	3.686
2015-08-11 19:27:21.154	60531	60101	-70	-58	10
2015-08-11 20:25:56.711	60531	60101	-67	-54	10	22.76	64.01	3.685
2015-08-11 22:26:54.11	60531	60101	-67	-54	10
2015-08-11 23:23:40.97	60531	60101	-67	-54	10	19.45	74.2	3.685
2015-08-11 23:56:39.459	60531	60101	-67	-54	10
2015-08-12 00:39:52.647	60531	60101	-67	-54	10	18.64	77.86	3.682
2015-08-12 01:26:24.802	60531	60101	-67	-54	10
2015-08-12 02:23:04.699	60531	60101	-67	-61	10	17.49	81.26	3.685
2015-08-12 03:18:05.018	60531	60101	-67	-59	10	17.39	82.79	3.687
2015-08-12 04:51:50.531	60531	60101	-67	-55	10	17.56	84.73	3.685
2015-08-12 05:55:43.634	60531	60101	-67	-59	10
2015-08-12 07:54:13.167	60531	60101	-67	-60	10	16.89	85.35	3.685
2015-08-12 09:04:58.25	60531	60101	-67	-54	10
2015-08-12 09:52:01.398	60531	60101	-67	-54	10	20.65	78.96	3.685
2015-08-12 10:25:00.663	60531	60101	-67	-54	10
2015-08-12 11:08:27.766	60531	60101	-70	-59	10	21.72	72.96	3.68
2015-08-12 11:54:47.438	60531	60101	-70	-59	10
2015-08-12 13:11:36.494	60531	60101	-73	-56	10
2015-08-12 14:35:52.076	60531	60101	-70	-58	10	21.36	64.07	3.69
2015-08-12 16:16:14.827	60531	60101	-67	-56	10	22.97	62.72	3.69
2015-08-12 16:56:07.486	60531	60101	-67	-54	10	23.56	61.41	3.691
2015-08-12 18:42:38.258	60531	60101	-70	-55	10	23.45	57.48	3.692
2015-08-12 20:06:42.534	60531	60101	-67	-55	10	21.44	62.47	3.69
2015-08-12 21:24:50.034	60531	60101	-67	-61	10
2015-08-12 22:36:35.407	60531	60101	-67	-61	10	18.32	69.97	3.687
2015-08-12 23:52:53.446	60531	60101	-67	-54	10
2015-08-13 01:31:26.715	60531	60101	-67	-60	10
2015-08-13 03:48:49.686	60531	60101	-67	-54	10	12.97	77.55	3.679
2015-08-13 04:48:39.771	60531	60101	-67	-59	10	12.11	78.81	3.676
2015-08-13 05:38:03.859	60531	60101	-67	-59	10
2015-08-13 07:21:44.539	60531	60101	-67	-61	10
2015-08-13 08:51:29.179	60531	60101	-67	-56	10
2015-08-13 09:40:42.122	60531	60101	-70	-56	10	17.75	74.59	3.68
2015-08-13 10:21:15.862	60531	60101	-70	-54	10
2015-08-13 11:17:17.607	60531	60101	-67	-54	10	22.18	64.65	3.679
2015-08-13 11:51:00.087	60531	60101	-67	-54	10
2015-08-13 13:27:11.771	60531	60101	-70	-58	10	24.18	59.21	3.676
2015-08-13 13:51:18.866	60531	60101	-67	-60	10
2015-08-13 15:37:53.967	60531	60101	-70	-58	10	23.95	58.99	3.681
2015-08-13 16:22:13.006	60531	60101	-67	-59	10	25.94	55.14	3.684
2015-08-13 17:15:47.438	60531	60101	-70	-60	10	26.41	53.85	3.686
2015-08-13 17:57:55.595	60531	60101	-70	-58	10
2015-08-13 18:43:12.039	60531	60101	-70	-58	10	25.26	55.83	3.686
2015-08-13 19:45:43.023	60531	60101	-70	-58	10	24.08	57.76	3.686
2015-08-13 20:48:49.026	60531	60101	-67	-58	10	22.15	60.77	3.685
2015-08-13 22:19:21.742	60531	60101	-70	-58	10
2015-08-13 22:51:28.179	60531	60101	-67	-58	10	19.7	66.42	3.685
2015-08-13 23:44:30.938	60531	60101	-70	-57	10	19.14	67.66	3.684
2015-08-14 00:15:41.459	60531	60101	-67	-58	10	18.99	68.16	3.682
2015-08-14 01:12:10.811	60531	60101	-70	-56	10	18.28	70.18	3.684
2015-08-14 02:13:32.406	60531	60101	-67	-56	10	17.64	71.33	3.682
2015-08-14 04:23:30.431	60531	60101	-67	-58	10	16.6	73.91	3.682
2015-08-14 05:19:50.126	60531	60101	-67	-58	10	16.39	76.19	3.68
2015-08-14 06:17:46.562	60531	60101	-67	-56	10
2015-08-14 06:54:51.931	60531	60101	-67	-57	10	15.77	76.15	3.68
2015-08-14 07:17:57.174	60531	60101	-67	-58	10
2015-08-14 08:09:54.595	60531	60101	-70	-58	10	17.07	80.36	3.679
2015-08-14 10:17:29.026	60531	60101	-67	-59	10
2015-08-14 16:12:16.85	60531	60101	-76	-64	11	30.16	43.86	3.704
2015-08-15 11:30:56.466	60531	60101	-70	-61	10	26.66	56.78	3.699
2015-08-15 12:51:54.103	60531	60101	-70	-58	10	28.63	56.85	3.702
2015-08-15 15:13:07.186	60531	60101	-70	-56	10	30.36	56.84	3.704
2015-08-15 19:43:13.53	60531	60101	-70	-59	10	26.44	61.48	3.704
2015-08-15 20:27:42.583	60531	60101	-70	-59	10
2015-08-15 21:19:31.595	60531	60101	-70	-59	10	23.72	63.05	3.703
2015-08-15 22:41:40.223	60531	60101	-70	-58	10	22.72	63.03	3.703
2015-08-15 23:34:23.931	60531	60101	-70	-58	10	21.76	63.46	3.702
2015-08-16 01:48:51.915	60531	60101	-67	-56	10	20.2	63.96	3.699
2015-08-16 07:03:12.43	60531	60101	-70	-58	10	18.72	64.21	3.696
2015-08-16 07:36:12.722	60531	60101	-70	-56	10	18.96	63.96	3.697
2015-08-16 08:50:55.691	60531	60101	-70	-57	10	21.02	62.22	3.697
2015-08-16 09:39:24.75	60531	60101	-70	-58	10	23.06	60.79	3.699
2015-08-16 11:21:07.806	60531	60101	-70	-59	10	27.26	58.7	3.699
2015-08-16 11:52:33.362	60531	60101	-70	-59	10	28.04	58.75	3.702
2015-08-16 12:20:14.462	60531	60101	-70	-60	10	29.24	57.93	3.702
2015-08-16 12:45:18.854	60531	60101	-70	-59	10	29.04	58.9	3.703
2015-08-16 13:04:21.627	60531	60101	-70	-61	10	30.33	57.66	3.703
2015-08-16 14:15:21.95	60531	60101	-70	-59	10	30.0	58.98	3.704
2015-08-16 15:54:39.538	60531	60101	-70	-60	10
2015-08-16 20:14:14.794	60531	60101	-70	-60	10	28.22	61.88	3.707
2015-08-16 20:23:54.999	60531	60101	-70	-60	10
2015-08-16 21:02:08.654	60531	60101	-70	-60	10	26.61	62.92	3.707
2015-08-16 21:46:06.075	60531	60101	-70	-59	10	25.02	63.82	3.706
2015-08-16 22:16:14.951	60531	60101	-70	-59	10	24.33	64.06	3.704
2015-08-16 23:23:05.738	60531	60101	-70	-59	10	23.47	63.98	3.706
2015-08-17 00:05:47.158	60531	60101	-70	-59	10	23.36	63.7	3.702
2015-08-17 00:46:13.983	60531	60101	-70	-59	10	22.97	63.87	3.703
2015-08-17 03:46:00.091	60531	60101	-67	-58	10	20.82	64.88	3.702
2015-08-17 04:17:50.051	60531	60101	-67	-56	10	20.68	64.8	3.701
2015-08-17 04:41:56.43	60531	60101	-67	-55	10	20.52	64.83	3.701
2015-08-17 05:12:44.475	60531	60101	-67	-56	10	20.33	64.86	3.699
2015-08-17 05:43:58.259	60531	60101	-70	-58	10	19.93	65.11	3.699
2015-08-17 06:38:46.114	60531	60101	-67	-56	10	19.46	65.31	3.698
2015-08-17 06:52:16.651	60531	60101	-67	-55	10
2015-08-17 07:15:10.454	60531	60101	-70	-56	10	19.43	65.14	3.697
2015-08-17 08:07:48.67	60531	60101	-67	-56	10	20.36	64.19	3.697
2015-08-17 08:52:14.747	60531	60101	-70	-56	10	21.96	62.79	3.698
2015-08-17 09:48:59.123	60531	60101	-70	-58	10	24.58	61.0	3.699
2015-08-17 09:51:55.299	60531	60101	-67	-58	10
2015-08-18 00:41:29.994	60531	60101	-67	-58	10	23.7	64.28	3.703
2015-08-18 01:08:22.854	60531	60101	-67	-55	10
2015-08-18 01:44:25.986	60531	60101	-70	-58	10	23.28	64.42	3.701
2015-08-18 02:19:13.379	60531	60101	-67	-58	10
2015-08-18 02:49:10.226	60531	60101	-70	-56	10	22.84	64.55	3.701
2015-08-18 03:36:20.967	60531	60101	-70	-56	10	22.47	64.61	3.701
2015-08-18 04:20:25.982	60531	60101	-67	-55	10	22.18	64.73	3.702
2015-08-18 05:14:59.754	60531	60101	-67	-54	10
2015-08-18 05:20:37.67	60531	60101	-67	-54	10	21.58	64.87	3.698
2015-08-18 11:03:27.279	60531	60101	-67	-59	10	21.75	63.67	3.695
2015-08-18 14:52:20.183	60531	60101	-67	-54	10	25.11	61.44	3.699
2015-08-18 15:10:51.555	60531	60101	-70	-54	10	24.99	61.94	3.697
2015-08-18 15:47:05.762	60531	60101	-67	-54	10
2015-08-18 17:39:18.223	60531	60101	-67	-55	10	24.54	62.67	3.697
2015-08-18 20:15:22.69	60531	60101	-67	-55	10	22.86	64.38	3.685
2015-08-18 21:19:35.539	60531	60101	-67	-54	10	21.81	65.14	3.695
2015-08-18 21:46:27.03	60531	60101	-67	-55	10
2015-08-18 22:02:52.863	60531	60101	-67	-54	10	21.36	65.32	3.691
2015-08-18 22:51:49.494	60531	60101	-67	-54	10	21.15	65.29	3.693
2015-08-18 23:15:57.69	60531	60101	-67	-54	10
2015-08-19 15:43:23.887	60531	60101	-70	-60	10
2015-08-20 02:12:55.646	60531	60101	-67	-55	10	23.1	65.76	3.697
2015-08-20 03:15:19.775	60531	60101	-70	-55	10	22.99	65.74	3.696
2015-08-20 10:46:45.522	60531	60101	-67	-56	10	24.94	64.34	3.693
2015-08-20 11:38:43.918	60531	60101	-70	-61	10	25.52	64.02	3.696
2015-08-20 18:39:06.138	60531	60101	-67	-56	10
2015-08-20 20:13:05.382	60531	60101	-70	-55	10	23.59	66.81	3.695
2015-08-20 21:13:34.691	60531	60101	-67	-58	10	22.38	67.31	3.691
2015-08-20 23:00:53.182	60531	60101	-67	-55	10
2015-08-21 02:36:16.354	60531	60101	-67	-54	10	17.72	68.89	3.687
2015-08-21 11:06:30.462	60531	60101	-67	-54	10
2015-08-21 11:14:46.438	60531	60101	-67	-54	10	21.82	65.17	3.686
2015-08-21 11:20:45.93	60531	60101	-67	-54	10
2015-08-21 12:49:59.864	60531	60101	-70	-54	10	24.1	64.17	3.688
2015-08-21 20:11:15.622	60531	60101	-67	-55	10	21.89	67.92	3.687
2015-08-21 21:02:01.771	60531	60101	-67	-55	10	19.75	69.09	3.688
2015-08-22 11:50:24.187	60531	60101	-70	-55	10	21.77	65.19	3.68
2015-08-22 14:16:15.599	60531	60101	-70	-54	10	25.3	63.78	3.684
2015-08-22 15:35:55.838	60531	60101	-70	-58	10	27.55	61.22	3.685
2015-08-22 16:13:32.098	60531	60101	-70	-60	10	26.1	64.45	3.686
2015-08-22 17:01:48.691	60531	60101	-70	-60	10
2015-08-22 17:17:51.523	60531	60101	-70	-59	10	25.77	65.46	3.687
2015-08-22 17:41:06.523	60531	60101	-67	-60	10	25.41	65.57	3.687
2015-08-22 18:10:51.534	60531	60101	-70	-58	10	25.21	65.51	3.686
2015-08-22 18:31:33.243	60531	60101	-70	-58	10
2015-08-22 18:43:39.374	60531	60101	-70	-58	10	24.68	65.89	3.685
2015-08-22 19:01:55.83	60531	60101	-67	-59	10	24.34	66.18	3.685
2015-08-22 20:01:19.475	60531	60101	-70	-58	10
2015-08-22 20:13:41.675	60531	60101	-70	-58	10
2015-08-22 20:51:53.647	60531	60101	-70	-58	10	20.14	69.02	3.684
2015-08-22 21:31:05.454	60531	60101	-67	-56	10
2015-08-22 21:45:33.527	60531	60101	-67	-56	10	18.79	69.36	3.684
2015-08-22 22:33:14.83	60531	60101	-67	-56	10	18.04	69.36	3.681
2015-08-22 23:13:18.322	60531	60101	-67	-55	10	17.74	69.39	3.681
2015-08-22 23:53:12.346	60531	60101	-67	-55	10	17.18	69.54	3.681
2015-08-23 00:20:18.638	60531	60101	-67	-54	10
2015-08-23 00:35:06.022	60531	60101	-67	-54	10	17.15	69.17	3.679
2015-08-23 01:19:17.418	60531	60101	-67	-55	10	16.39	69.67	3.68
2015-08-23 02:00:21.571	60531	60101	-67	-55	10
2015-08-23 02:43:32.802	60531	60101	-67	-54	10	15.6	69.88	3.68
2015-08-23 03:04:46.99	60531	60101	-67	-54	10	15.25	69.95	3.679
2015-08-23 03:52:47.305	60531	60101	-67	-54	10	14.53	70.33	3.677
2015-08-23 04:26:54.91	60531	60101	-67	-54	10
2015-08-23 04:52:56.778	60531	60101	-67	-54	10	14.32	70.1	3.677
2015-08-23 05:11:32.599	60531	60101	-67	-54	10	14.03	70.26	3.676
2015-08-23 06:11:13.406	60531	60101	-67	-60	10	13.83	70.17	3.676
2015-08-23 07:02:14.174	60531	60101	-67	-54	10	13.72	70.13	3.675
2015-08-23 07:59:26.19	60531	60101	-67	-61	10
2015-08-23 08:39:06.059	60531	60101	-67	-54	10	15.74	68.28	3.676
2015-08-23 14:49:10.034	60531	60101	-70	-54	10	28.52	62.44	3.685
2015-08-23 15:23:36.682	60531	60101	-70	-55	10	28.66	62.89	3.685
2015-08-23 18:22:03.263	60531	60101	-67	-55	10	27.36	65.07	3.688
2015-08-23 18:27:47.459	60531	60101	-67	-58	10
2015-08-23 20:08:45.195	60531	60101	-67	-58	10	24.79	66.87	3.688
2015-08-23 20:53:23.23	60531	60101	-70	-57	10
2015-08-23 21:12:29.731	60531	60101	-67	-56	10	22.82	67.97	3.687
2015-08-23 21:34:04.506	60531	60101	-67	-55	10	22.58	67.87	3.685
2015-08-23 23:21:12.171	60531	60101	-67	-55	10	21.33	67.96	3.686
2015-08-24 00:14:56.851	60531	60101	-67	-54	10	21.08	67.8	3.686
2015-08-24 01:00:00.598	60531	60101	-67	-56	10
2015-08-24 01:44:25.83	60531	60101	-67	-54	10	20.36	67.93	3.685
2015-08-24 04:19:27.526	60531	60101	-67	-54	10	20.04	67.79	3.684
2015-08-24 04:46:01.406	60531	60101	-67	-54	10	20.22	67.68	3.682
2015-08-24 04:56:07.627	60531	60101	-67	-54	10
2015-08-24 05:06:37.738	60531	60101	-67	-55	10
2015-08-24 06:25:53.778	60531	60101	-67	-55	10
2015-08-24 07:02:14.582	60531	60101	-67	-54	10	19.96	67.69	3.684
2015-08-24 16:03:09.114	60531	60101	-70	-59	10	26.33	64.87	3.687
2015-08-24 17:26:29.622	60531	60101	-70	-54	10
2015-08-24 18:17:46.142	60531	60101	-70	-54	10	25.05	65.69	3.687
2015-08-24 20:21:57.147	60531	60101	-67	-54	10	22.76	67.24	3.686
2015-08-24 20:48:45.915	60531	60101	-67	-54	10	22.59	67.18	3.684
2015-08-24 21:23:38.567	60531	60101	-70	-55	10
2015-08-24 23:20:40.831	60531	60101	-67	-54	10	20.14	68.28	3.685
2015-08-25 00:24:17.118	60531	60101	-67	-54	10	18.68	69.03	3.682
2015-08-25 01:02:08.974	60531	60101	-67	-54	10	17.5	69.65	3.681
2015-08-25 01:53:22.71	60531	60101	-67	-60	10	16.13	70.2	3.68
2015-08-25 02:49:59.21	60531	60101	-67	-59	10	15.64	69.94	3.68
2015-08-25 03:22:37.559	60531	60101	-67	-59	10
2015-08-25 03:47:24.155	60531	60101	-67	-59	10	14.79	70.25	3.677
2015-08-25 04:51:09.642	60531	60101	-67	-59	10	14.72	69.77	3.677
2015-08-25 05:08:26.278	60531	60101	-67	-59	10	14.88	69.72	3.677
2015-08-25 05:37:10.715	60531	60101	-67	-59	10	14.5	69.94	3.679
2015-08-25 06:22:10.894	60531	60101	-67	-59	10
2015-08-25 06:23:00.298	60531	60101	-67	-58	10	14.18	69.91	3.676
2015-08-25 06:46:26.262	60531	60101	-67	-58	10	14.38	69.81	3.677
2015-08-25 07:04:59.23	60531	60101	-67	-59	10	14.13	69.96	3.676
2015-08-25 07:35:12.011	60531	60101	-67	-58	10	14.22	69.89	3.676
2015-08-25 07:51:53.81	60531	60101	-67	-58	10
2015-08-25 08:03:35.654	60531	60101	-67	-59	10	14.92	68.98	3.675
2015-08-25 08:42:03.643	60531	60101	-64	-59	10	15.83	68.38	3.675
2015-08-25 09:18:25.25	60531	60101	-67	-59	10	17.0	67.53	3.675
2015-08-25 09:21:40.199	60531	60101	-67	-59	10
2015-08-25 10:46:27.919	60531	60101	-67	-59	10	20.22	65.47	3.677
2015-08-25 11:41:38.971	60531	60101	-67	-58	10	20.7	66.02	3.679
2015-08-25 13:41:31.315	60531	60101	-67	-59	10	20.88	66.42	3.677
2015-08-25 14:32:03.627	60531	60101	-70	-55	10	21.14	66.27	3.677
2015-08-25 18:17:55.094	60531	60101	-67	-54	10	19.28	67.76	3.675
2015-08-25 23:09:19.162	60531	60101	-67	-60	10	17.15	68.42	3.674
2015-08-26 00:02:09.654	60531	60101	-67	-61	10	16.95	68.44	3.673
2015-08-26 00:19:19.438	60531	60101	-67	-60	10
2015-08-26 01:48:37.927	60531	60101	-67	-60	10	15.83	69.1	3.673
2015-08-26 02:03:43.826	60531	60101	-67	-59	10	15.47	69.28	3.673
2015-08-26 02:45:38.086	60531	60101	-67	-59	10	14.7	69.71	3.671
2015-08-26 03:17:33.786	60531	60101	-67	-59	10	14.11	69.96	3.67
2015-08-26 03:47:24.183	60531	60101	-67	-59	10	13.82	69.98	3.67
2015-08-26 04:42:27.934	60531	60101	-67	-59	10	13.47	69.94	3.67
2015-08-26 05:07:13.607	60531	60101	-67	-59	10	13.43	69.77	3.669
2015-08-26 06:14:38.89	60531	60101	-67	-59	10	13.14	69.83	3.67
2015-08-26 06:26:03.478	60531	60101	-67	-59	10
2015-08-26 06:50:30.382	60531	60101	-67	-59	10	13.24	69.71	3.668
2015-08-26 07:48:08.515	60531	60101	-67	-59	10
2015-08-26 08:14:09.799	60531	60101	-67	-59	10	14.39	68.61	3.668
2015-08-26 08:44:07.362	60531	60101	-67	-59	10	15.07	68.07	3.669
2015-08-26 09:23:21.595	60531	60101	-67	-59	10	15.68	67.88	3.669
2015-08-26 10:42:44.023	60531	60101	-67	-59	10	18.5	65.72	3.669
2015-08-26 11:35:15.658	60531	60101	-67	-59	10	19.11	66.32	3.671
2015-08-26 12:02:29.831	60531	60101	-67	-59	10	18.93	66.71	3.67
2015-08-26 12:36:45.694	60531	60101	-67	-58	10	19.82	65.81	3.671
2015-08-26 14:39:29.424	60531	60101	-67	-54	10
2015-08-26 15:16:58.355	60531	60101	-67	-54	10
2015-08-26 16:46:42.943	60531	60101	-70	-61	10
2015-08-26 21:16:02.431	60531	60101	-67	-59	10
2015-08-26 22:07:45.226	60531	60101	-67	-59	10	16.74	68.79	3.669
2015-08-26 23:50:58.082	60531	60101	-67	-59	10	16.36	68.58	3.67
2015-08-27 00:42:44.771	60531	60101	-67	-59	10	16.04	68.77	3.669
2015-08-27 01:45:19.183	60531	60101	-67	-59	10
2015-08-27 03:44:41.447	60531	60101	-67	-58	10	15.57	68.74	3.668
2015-08-27 04:44:50.699	60531	60101	-67	-59	10
2015-08-27 05:34:25.926	60531	60101	-67	-59	10	15.27	68.88	3.669
2015-08-27 06:06:28.387	60531	60101	-67	-59	10	15.15	68.89	3.669
2015-08-27 06:45:56.006	60531	60101	-67	-59	10	15.07	68.93	3.669
2015-08-27 07:44:22.258	60531	60101	-67	-60	10
2015-08-27 09:14:08.883	60531	60101	-67	-59	10
2015-08-27 09:23:05.69	60531	60101	-67	-59	10	17.22	67.2	3.668
2015-08-27 09:43:20.463	60531	60101	-67	-58	10	17.83	66.74	3.669
2015-08-27 10:38:36.914	60531	60101	-67	-59	10	19.33	65.84	3.669
2015-08-27 12:07:25.59	60531	60101	-67	-59	10	20.2	65.93	3.67
2015-08-27 12:34:36.254	60531	60101	-67	-60	10	20.35	65.98	3.669
2015-08-27 13:15:11.326	60531	60101	-67	-58	10	21.08	65.42	3.67
2015-08-27 14:47:22.798	60531	60101	-67	-55	10	20.07	67.08	3.671
2015-08-27 15:11:07.611	60531	60101	-67	-54	10	20.38	66.68	3.67
2015-08-27 19:25:37.047	60531	60101	-67	-61	10
2015-08-27 20:01:53.218	60531	60101	-67	-60	10	19.54	67.78	3.67
2015-08-27 20:37:28.711	60531	60101	-67	-59	10	18.96	68.05	3.673
2015-08-27 22:18:15.568	60531	60101	-67	-58	10	17.06	69.07	3.67
2015-08-27 22:42:33.354	60531	60101	-67	-58	10	16.46	69.32	3.67
2015-08-28 00:11:47.878	60531	60101	-67	-59	10
2015-08-28 01:21:56.819	60531	60101	-67	-59	10	14.83	69.49	3.669
2015-08-28 01:51:09.026	60531	60101	-67	-59	10	14.68	69.49	3.668
2015-08-28 02:48:15.439	60531	60101	-67	-59	10	13.97	69.87	3.669
2015-08-28 03:23:14.016	60531	60101	-64	-59	10	13.99	69.74	3.666
2015-08-28 03:38:50.295	60531	60101	-67	-59	10
2015-08-28 04:17:16.563	60531	60101	-64	-59	10	13.78	69.7	3.665
2015-08-28 04:41:05.254	60531	60101	-67	-59	10
2015-08-28 06:10:18.078	60531	60101	-67	-59	10	13.39	69.71	3.664
2015-08-28 06:47:34.199	60531	60101	-67	-59	10	13.14	69.88	3.664
2015-08-28 07:40:37.091	60531	60101	-67	-59	10
2015-08-28 10:21:14.802	60531	60101	-67	-59	10	19.39	65.22	3.668
2015-08-28 15:58:43.822	60531	60101	-70	-55	10
2015-08-28 16:39:12.13	60531	60101	-67	-55	10
2015-08-28 20:11:33.65	60531	60101	-67	-54	10	21.64	68.16	3.679
2015-08-28 22:04:42.799	60531	60101	-67	-60	10	18.74	68.99	3.676
2015-08-28 22:38:15.014	60531	60101	-67	-59	10
2015-08-29 00:13:23.622	60531	60101	-67	-59	10	17.25	69.22	3.674
2015-08-29 01:40:48.155	60531	60101	-67	-59	10	15.96	69.7	3.673
2015-08-29 04:38:32.083	60531	60101	-67	-58	10	14.08	70.14	3.67
2015-08-29 05:15:02.134	60531	60101	-67	-59	10	13.85	70.12	3.669
2015-08-29 06:04:13.39	60531	60101	-67	-59	10	13.42	70.34	3.669
2015-08-29 07:15:34.002	60531	60101	-67	-59	10	13.32	70.1	3.668
2015-08-29 08:06:11.614	60531	60101	-67	-59	10	14.06	69.32	3.665
2015-08-29 08:32:09.199	60531	60101	-67	-59	10	14.86	68.67	3.666
2015-08-29 09:06:36.262	60531	60101	-67	-59	10
2015-08-29 10:36:22.079	60531	60101	-67	-59	10
2015-08-29 12:37:54.306	60531	60101	-67	-54	10	27.11	62.12	3.676
2015-08-29 13:35:53.508	60531	60101	-67	-55	10
2015-08-29 14:48:09.915	60531	60101	-70	-55	10	28.77	62.24	3.679
2015-08-29 16:21:57.022	60531	60101	-67	-58	10	28.6	63.39	3.681
2015-08-29 16:38:27.118	60531	60101	-67	-55	10
2015-08-29 18:05:11.719	60531	60101	-67	-54	10
2015-08-29 20:11:58.346	60531	60101	-67	-54	10	24.76	66.95	3.681
2015-08-29 20:45:01.882	60531	60101	-67	-54	10
2015-08-29 21:13:31.035	60531	60101	-67	-54	10	23.58	67.21	3.681
2015-08-29 22:10:56.275	60531	60101	-67	-54	10	23.21	67.0	3.681
2015-08-29 22:39:33.155	60531	60101	-67	-54	10	22.65	67.48	3.68
2015-08-29 23:36:41.507	60531	60101	-67	-54	10	22.03	67.63	3.679
2015-08-30 00:13:23.407	60531	60101	-67	-60	10	21.82	67.5	3.679
2015-08-30 01:33:59.83	60531	60101	-67	-54	10
2015-08-30 02:18:55.711	60531	60101	-67	-59	10	22.25	66.75	3.677
2015-08-30 02:52:53.555	60531	60101	-67	-59	10	21.53	67.59	3.679
2015-08-30 03:10:30.95	60531	60101	-67	-59	10	21.42	67.6	3.679
2015-08-30 04:33:32.19	60531	60101	-67	-58	10
2015-08-30 04:58:15.93	60531	60101	-67	-59	10
2015-08-30 05:37:43.642	60531	60101	-67	-59	10	20.65	67.61	3.677
2015-08-30 06:03:19.379	60531	60101	-64	-59	10
2015-08-30 07:06:26.498	60531	60101	-67	-58	10	19.39	68.41	3.675
2015-08-30 09:02:52.431	60531	60101	-67	-59	10
2015-08-30 19:20:13.935	60531	60101	-67	-54	10	26.99	65.66	3.684
2015-08-30 19:49:55.958	60531	60101	-67	-54	10	26.16	66.26	3.681
2015-08-30 20:47:40.463	60531	60101	-67	-59	10	25.27	66.54	3.684
2015-08-30 21:08:09.698	60531	60101	-67	-59	10	24.79	66.87	3.684
2015-08-30 21:35:32.883	60531	60101	-67	-59	10	24.22	67.23	3.682
2015-08-30 22:40:19.907	60531	60101	-67	-59	10	23.33	67.51	3.681
2015-08-31 01:13:39.411	60531	60101	-67	-59	10	22.11	67.78	3.68
2015-08-31 04:15:31.998	60531	60101	-67	-59	10	20.92	68.03	3.677
2015-08-31 04:41:22.518	60531	60101	-97	-59	10	20.45	68.4	3.679
2015-08-31 10:28:50.706	60531	60101	-67	-59	10
2015-08-31 14:58:10.974	60531	60101	-67	-54	10
2015-08-31 15:47:21.355	60531	60101	-67	-54	10	31.88	61.78	3.685
2015-08-31 16:20:09.85	60531	60101	-67	-56	10	31.3	62.88	3.687
2015-09-01 08:33:22.751	60531	60101	-67	-59	10	20.79	67.67	3.677
2015-09-01 22:50:18.196	60531	60101	-67	-59	10	24.91	67.44	3.685
2015-09-02 01:09:52.042	60531	60101	-67	-59	10	22.89	68.64	3.681
2015-09-02 02:52:30.69	60531	60101	-67	-59	10
2015-09-02 10:19:27.635	60531	60101	-67	-59	10	25.97	64.4	3.679
2015-09-02 10:39:57.739	60531	60101	-67	-59	10	27.05	63.65	3.679
2015-09-02 11:07:43.034	60531	60101	-67	-59	10	27.52	63.79	3.68
2015-09-03 05:48:14.611	60531	60101	-64	-59	10
2015-09-03 10:52:47.855	60531	60101	-67	-59	10	26.41	64.5	3.679
2015-09-03 11:43:57.174	60531	60101	-67	-59	10
2015-09-03 16:03:11.271	60531	60101	-67	-54	10	30.86	64.63	3.684
2015-09-03 16:16:36.857	60531	60101	-67	-54	10
2015-09-03 22:47:51.899	60531	60101	-67	-58	10	23.57	68.84	3.68
2015-09-04 00:43:04.755	60531	60101	-67	-59	10	22.69	68.66	3.679
2015-09-04 02:44:55.659	60531	60101	-67	-59	10
2015-09-04 04:14:42.92	60531	60101	-67	-59	10
2015-09-04 06:42:17.446	60531	60101	-67	-59	10	20.21	69.51	3.673
2015-09-04 07:16:43.239	60531	60101	-67	-59	10	20.04	69.59	3.674
2015-09-04 12:46:25.578	60531	60101	-67	-58	10	28.97	63.24	3.675
2015-09-04 13:23:07.235	60531	60101	-67	-58	10	30.52	62.51	3.68
2015-09-04 13:49:00.671	60531	60101	-67	-58	10	31.47	61.96	3.677
2015-09-04 21:17:38.111	60531	60101	-67	-58	10	21.83	70.37	3.677
2015-09-04 23:15:47.831	60531	60101	-67	-58	10	21.44	69.7	3.675
2015-09-05 03:23:31.039	60531	60101	-64	-57	10	19.49	70.27	3.671
2015-09-05 08:34:11.699	60531	60101	-64	-57	10	21.01	68.21	3.67
2015-09-05 10:10:00.375	60531	60101	-67	-59	10
2015-09-05 10:10:02.759	60531	60101	-67	-59	10
2015-09-05 11:22:36.126	60531	60101	-67	-58	10	27.61	64.46	3.674
2015-09-05 12:13:32.226	60531	60101	-67	-59	10	28.82	64.18	3.674
2015-09-05 13:03:07.754	60531	60101	-67	-60	10
2015-09-05 17:38:49.766	60531	60101	-67	-55	10
2015-09-06 01:07:38.855	60531	60101	-67	-58	10
2015-09-06 02:03:20.495	60531	60101	-67	-59	10	19.65	70.08	3.668
2015-09-06 05:05:35.81	60531	60101	-64	-58	10	18.88	70.35	3.668
2015-09-06 05:51:14.971	60531	60101	-67	-58	10	18.82	70.26	3.668
2015-09-06 07:18:53.899	60531	60101	-64	-58	10	18.68	70.26	3.666
2015-09-06 09:34:39.666	60531	60101	-67	-58	10	21.82	67.62	3.668
2015-09-06 10:06:08.211	60531	60101	-64	-59	10	23.18	66.62	3.668
2015-09-06 10:35:22.826	60531	60101	-67	-59	10	24.07	66.25	3.67
2015-09-06 11:13:46.13	60531	60101	-67	-58	10	24.99	65.97	3.67
2015-09-06 13:05:54.758	60531	60101	-67	-61	10
2015-09-06 15:42:59.442	60531	60101	-67	-54	10	31.18	63.72	3.676
2015-09-06 16:21:43.922	60531	60101	-67	-54	10	31.61	63.54	3.675
2015-09-06 18:42:52.287	60531	60101	-67	-54	10	29.85	65.91	3.679
2015-09-06 22:04:20.479	60531	60101	-67	-59	10
2015-09-06 23:34:06.422	60531	60101	-67	-59	10
2015-09-07 00:34:07.191	60531	60101	-67	-59	10	22.47	69.81	3.671
2015-09-07 01:04:03.915	60531	60101	-67	-58	10
2015-09-07 01:35:05.455	60531	60101	-67	-59	10	22.34	69.67	3.674
2015-09-07 02:33:38.195	60531	60101	-67	-59	10
2015-09-07 03:35:28.714	60531	60101	-67	-59	10	21.61	69.93	3.67
2015-09-07 06:03:48.974	60531	60101	-64	-59	10	20.24	70.57	3.669
2015-09-07 07:11:08.447	60531	60101	-67	-58	10	19.57	70.98	3.666
2015-09-07 10:47:28.543	60531	60101	-67	-58	10	26.15	65.84	3.67
2015-09-07 11:32:13.887	60531	60101	-67	-59	10
2015-09-07 22:35:48.431	60531	60101	-67	-59	10
2015-09-07 23:30:20.011	60531	60101	-64	-59	10
2015-09-08 02:47:21.27	60531	60101	-67	-58	10	21.15	70.74	3.673
2015-09-08 04:13:02.614	60531	60101	-64	-58	10	20.57	70.89	3.671
2015-09-08 05:11:01.13	60531	60101	-67	-58	10	20.07	71.02	3.671
2015-09-08 05:36:47.182	60531	60101	-67	-58	10	19.85	71.11	3.67
2015-09-08 06:49:01.226	60531	60101	-64	-58	10
2015-09-08 07:21:55.702	60531	60101	-64	-58	10	19.29	71.17	3.668
2015-09-08 08:02:41.77	60531	60101	-64	-58	10	20.18	70.17	3.668
2015-09-08 08:50:54.167	60531	60101	-64	-58	10	21.81	68.78	3.669
2015-09-08 10:41:50.979	60531	60101	-67	-58	10	27.38	64.6	3.67
2015-09-08 14:21:12.546	60531	60101	-67	-59	10	31.8	64.7	3.676
2015-09-08 17:32:42.226	60531	60101	-67	-58	10	32.83	64.96	3.679
2015-09-08 20:27:05.391	60531	60101	-67	-59	10
2015-09-08 20:46:32.076	60531	60101	-67	-59	10	27.22	69.12	3.677
2015-09-08 22:49:23.83	60531	60101	-67	-58	10	24.43	70.11	3.675
2015-09-08 23:26:37.674	60531	60101	-67	-58	10
2015-09-09 00:56:21.218	60531	60101	-67	-58	10
2015-09-09 03:22:07.387	60531	60101	-67	-58	10
2015-09-09 06:15:30.435	60531	60101	-64	-58	10	21.76	69.9	3.671
2015-09-09 08:19:36.63	60531	60101	-64	-58	10	22.5	69.05	3.669
2015-09-09 08:38:08.258	60531	60101	-64	-58	10	23.11	68.47	3.67
2015-09-09 09:54:54.963	60531	60101	-67	-59	10
2015-09-09 14:19:52.286	60531	60101	-67	-59	10	32.3	63.47	3.675
2015-09-09 19:48:35.19	60531	60101	-64	-57	10
2015-09-11 01:23:56.578	60531	60101	-67	-58	10	16.21	72.03	3.649
2015-09-11 02:20:10.634	60531	60101	-64	-58	10	15.75	72.19	3.649
2015-09-11 13:35:10.523	60531	60101	-67	-55	10	24.72	65.92	3.653
2015-09-12 04:18:17.266	60531	60101	-67	-55	10	15.95	72.95	3.654
2015-09-15 07:20:25.515	60531	60101	-67	-54	10
2015-09-15 20:35:34.094	60531	60101	-67	-54	10	19.63	73.26	3.656
2015-09-15 21:42:13.467	60531	60101	-67	-54	10	18.57	73.28	3.654
2015-09-15 22:41:33.614	60531	60101	-67	-54	10	17.72	73.46	3.653
2015-09-15 23:03:09.302	60531	60101	-67	-54	10	17.54	73.45	3.653
2015-09-15 23:35:30.535	60531	60101	-67	-54	10	17.29	73.38	3.653
2015-09-16 00:09:55.595	60531	60101	-67	-54	10	16.79	73.66	3.652
2015-09-16 00:46:58.786	60531	60101	-67	-60	10	16.28	73.9	3.652
2015-09-16 01:17:46.874	60531	60101	-67	-60	10	15.97	73.95	3.652
2015-09-16 01:59:43.539	60531	60101	-67	-61	10
2015-09-16 03:20:33.011	60531	60101	-67	-59	10	14.63	74.26	3.649
2015-09-16 03:42:59.679	60531	60101	-67	-60	10	14.5	74.24	3.649
2015-09-16 04:14:48.09	60531	60101	-67	-59	10	14.36	74.23	3.648
2015-09-16 04:43:04.174	60531	60101	-67	-59	10	14.14	74.3	3.649
2015-09-16 04:43:13.422	60531	60101	-67	-59	10	14.14	74.3	3.649
2015-09-16 04:43:17.882	60531	60101	-67	-59	10	14.14	74.3	3.649
2015-09-16 04:43:22.691	60531	60101	-67	-59	10	14.14	74.3	3.649
2015-09-16 05:07:22.903	60531	60101	-67	-59	10	14.0	74.29	3.648
2015-09-16 11:45:57.082	60531	60101	-67	-54	10	23.39	67.58	3.637
2015-09-17 15:23:52.231	60531	60101	-67	-55	10
2015-09-18 06:01:27.075	60531	60101	-67	-59	10	14.82	74.09	3.652
2015-09-18 09:52:54.883	60531	60101	-67	-54	10	18.79	70.42	3.651
2015-09-19 21:44:06.907	60531	60101	-64	-58	10	16.4	74.43	3.652
