result_time	node_id	parent_id	stats_frssi	stats_brssi	etx	temperature	humidity	voltage
2015-07-17 17:32:47.779	60831	60101	-76	-64	10	26.68	68.68	3.905
2015-07-17 18:01:38.471	60831	60101	-76	-62	10	26.93	68.52	3.913
2015-07-17 19:02:43.783	60831	60101	-73	-62	10
2015-07-17 20:31:45.15	60831	60101	-73	-62	10	26.05	70.86	3.912
2015-07-17 21:28:16.035	60831	60101	-73	-61	10
2015-07-17 21:54:38.626	60831	60101	-73	-62	10	25.22	73.38	3.911
2015-07-17 23:02:56.178	60831	60101	-73	-62	10	25.08	74.71	3.907
2015-07-17 23:27:06.615	60831	60101	-73	-62	10	24.91	74.95	3.908
2015-07-17 23:57:59.786	60831	60101	-73	-62	10	24.86	75.16	3.908
2015-07-18 00:18:33.467	60831	60101	-73	-61	10	24.69	75.37	3.907
2015-07-18 01:18:26.419	60831	60101	-73	-61	10
2015-07-18 02:02:03.007	60831	60101	-73	-61	10	24.52	76.32	3.905
2015-07-18 02:23:35.347	60831	60101	-73	-61	10
2015-07-18 03:33:31.487	60831	60101	-73	-61	10	24.49	76.4	3.905
2015-07-18 04:19:15.319	60831	60101	-73	-60	10	24.15	76.57	3.903
2015-07-18 04:44:55.722	60831	60101	-73	-61	10
2015-07-18 05:33:57.779	60831	60101	-73	-61	10	23.56	76.99	3.902
2015-07-18 07:10:27.663	60831	60101	-73	-61	10
2015-07-18 08:54:30.339	60831	60101	-73	-61	10
2015-07-18 09:59:45.367	60831	60101	-70	-61	10
2015-07-18 12:01:33.986	60831	60101	-73	-62	10
2015-07-18 15:01:44.538	60831	60101	-73	-64	10	30.08	66.3	3.898
2015-07-18 15:56:56.198	60831	60101	-73	-61	10	29.49	67.59	3.898
2015-07-18 20:51:24.378	60831	60101	-73	-60	10
2015-07-18 21:31:04.226	60831	60101	-73	-60	10	26.13	69.39	3.894
2015-07-18 21:43:43.826	60831	60101	-73	-60	10
2015-07-18 21:56:23.366	60831	60101	-73	-60	10
2015-07-18 21:56:51.294	60831	60101	-73	-60	10	25.41	71.65	3.894
2015-07-18 22:24:37.579	60831	60101	-73	-61	10	24.9	71.81	3.894
2015-07-19 00:09:16.267	60831	60101	-73	-60	10
2015-07-19 00:43:20.03	60831	60101	-73	-60	10	24.74	73.26	3.891
2015-07-19 02:16:59.783	60831	60101	-70	-60	10
2015-07-19 02:34:48.803	60831	60101	-70	-60	10
2015-07-19 03:25:13.37	60831	60101	-73	-60	10	23.75	76.08	3.887
2015-07-19 04:44:01.098	60831	60101	-73	-60	10	23.6	76.92	3.887
2015-07-19 05:32:27.987	60831	60101	-73	-60	10
2015-07-19 05:50:23.967	60831	60101	-73	-60	10	23.27	77.23	3.887
2015-07-19 06:37:37.526	60831	60101	-73	-60	10
2015-07-19 07:22:50.507	60831	60101	-70	-60	10	23.14	78.98	3.884
2015-07-19 07:42:46.602	60831	60101	-73	-60	10
2015-07-19 07:47:00.69	60831	60101	-73	-60	10	23.46	78.89	3.883
2015-07-19 08:47:55.284	60831	60101	-70	-60	10
2015-07-19 09:51:27.734	60831	60101	-70	-60	10
2015-07-19 09:58:05.13	60831	60101	-73	-60	10	26.3	75.61	3.885
2015-07-19 10:32:39.372	60831	60101	-73	-60	10	26.49	75.56	3.885
2015-07-19 10:56:13.858	60831	60101	-73	-60	10	27.44	74.3	3.886
2015-07-19 11:44:40.51	60831	60101	-73	-60	10	28.68	72.57	3.885
2015-07-19 15:19:08.239	60831	60101	-73	-57	10
2015-07-19 15:22:35.827	60831	60101	-73	-60	10	30.43	68.2	3.887
2015-07-19 15:57:39.954	60831	60101	-73	-61	10	30.22	68.31	3.886
2015-07-19 16:51:10.527	60831	60101	-73	-61	10	29.91	68.64	3.887
2015-07-19 17:22:20.883	60831	60101	-73	-62	10	29.55	68.46	3.885
2015-07-19 17:51:34.434	60831	60101	-70	-61	10	29.38	68.81	3.884
2015-07-20 05:25:53.164	60831	60101	-73	-60	10
2015-07-20 07:31:48.043	60831	60101	-70	-59	10	21.29	78.73	3.874
2015-07-20 08:41:20.726	60831	60101	-70	-58	10
2015-07-20 09:18:48.038	60831	60101	-70	-58	10	22.77	79.01	3.869
2015-07-20 10:30:05.931	60831	60101	-73	-56	10	24.15	77.79	3.869
2015-07-20 13:01:59.756	60831	60101	-73	-59	10
2015-07-20 13:57:19.454	60831	60101	-73	-60	10	29.82	60.81	3.873
2015-07-20 16:17:26.991	60831	60101	-73	-60	10
2015-07-20 16:51:04.503	60831	60101	-73	-58	10	29.55	58.04	3.874
2015-07-20 18:27:45.715	60831	60101	-73	-60	10
2015-07-20 19:32:54.623	60831	60101	-73	-60	10
2015-07-20 20:26:15.323	60831	60101	-73	-60	10	26.36	64.01	3.872
2015-07-20 22:14:37.563	60831	60101	-73	-60	10
2015-07-20 22:48:22.886	60831	60101	-70	-60	10
2015-07-21 00:58:40.587	60831	60101	-70	-57	10
2015-07-21 07:56:48.37	60831	60101	-70	-59	10
2015-07-21 08:24:18.946	60831	60101	-70	-56	10	21.61	77.08	3.862
2015-07-21 08:51:12.459	60831	60101	-70	-59	10	21.94	76.9	3.853
2015-07-21 09:39:56.103	60831	60101	-73	-59	10
2015-07-21 10:15:40.049	60831	60101	-70	-58	10	23.78	76.42	3.862
2015-07-21 15:03:17.935	60831	60101	-73	-59	10	21.86	74.3	3.862
2015-07-21 15:13:33.002	60831	60101	-73	-60	10
2015-07-21 15:23:15.926	60831	60101	-73	-60	10	21.4	75.1	3.859
2015-07-21 16:02:19.302	60831	60101	-70	-61	10	21.93	75.77	3.858
2015-07-21 16:30:46.054	60831	60101	-70	-58	10	23.92	73.85	3.858
2015-07-21 17:16:01.566	60831	60101	-73	-57	10
2015-07-21 17:39:00.606	60831	60101	-70	-60	10
2015-07-21 18:16:56.102	60831	60101	-73	-60	10	25.08	66.63	3.859
2015-07-21 20:04:31.71	60831	60101	-73	-61	10
2015-07-21 21:25:37.991	60831	60101	-73	-56	10	20.6	66.89	3.857
2015-07-21 22:22:12.17	60831	60101	-70	-60	10	19.15	68.08	3.854
2015-07-21 22:57:37.558	60831	60101	-70	-59	10	18.22	69.26	3.854
2015-07-21 23:46:56.194	60831	60101	-70	-60	10
2015-07-22 01:21:11.095	60831	60101	-70	-59	10	15.25	73.27	3.85
2015-07-22 01:57:15.834	60831	60101	-70	-59	10
2015-07-22 03:02:24.23	60831	60101	-70	-58	10
2015-07-22 03:19:24.922	60831	60101	-70	-56	10	14.33	74.84	3.85
2015-07-22 03:44:28.211	60831	60101	-70	-58	10	14.4	74.8	3.848
2015-07-22 04:25:21.79	60831	60101	-70	-58	10	13.92	75.72	3.846
2015-07-22 05:12:43.79	60831	60101	-70	-55	10
2015-07-22 05:46:42.623	60831	60101	-70	-56	10
2015-07-22 06:17:52.963	60831	60101	-70	-56	10
2015-07-22 06:46:33.114	60831	60101	-70	-58	10	14.5	77.33	3.846
2015-07-22 07:23:02.57	60831	60101	-70	-59	10
2015-07-22 08:12:21.142	60831	60101	-70	-56	10
2015-07-22 08:28:10.423	60831	60101	-73	-58	10
2015-07-22 09:22:33.882	60831	60101	-70	-58	10	18.9	74.37	3.847
2015-07-22 09:33:32.227	60831	60101	-70	-56	10
2015-07-22 10:24:14.959	60831	60101	-73	-60	10	20.5	68.09	3.847
2015-07-22 10:38:32.599	60831	60101	-70	-58	10
2015-07-22 11:16:15.658	60831	60101	-70	-55	10	22.01	64.09	3.847
2015-07-22 12:30:50.919	60831	60101	-73	-60	10	23.19	58.94	3.848
2015-07-22 13:03:20.419	60831	60101	-73	-60	10
2015-07-22 14:33:30.299	60831	60101	-70	-60	10	22.93	57.37	3.848
2015-07-22 14:59:16.315	60831	60101	-73	-59	10
2015-07-22 15:28:53.591	60831	60101	-70	-60	10
2015-07-22 16:04:16.603	60831	60101	-73	-59	10
2015-07-22 16:20:16.45	60831	60101	-73	-60	10	23.42	56.58	3.848
2015-07-22 17:09:29.683	60831	60101	-70	-60	10
2015-07-22 18:14:34.882	60831	60101	-73	-60	10
2015-07-22 18:49:23.146	60831	60101	-73	-61	10	22.89	57.21	3.847
2015-07-22 21:30:15.342	60831	60101	-73	-61	10
2015-07-22 22:35:12.683	60831	60101	-73	-60	10
2015-07-22 22:45:30.83	60831	60101	-73	-60	10
2015-07-22 23:21:17.338	60831	60101	-73	-60	10	16.89	65.56	3.845
2015-07-22 23:57:53.794	60831	60101	-73	-60	10	16.18	66.42	3.842
2015-07-23 00:45:30.598	60831	60101	-70	-58	10
2015-07-23 01:25:53.926	60831	60101	-70	-60	10	15.64	67.92	3.841
2015-07-23 02:00:02.662	60831	60101	-73	-60	10	15.47	68.45	3.841
2015-07-23 02:55:49.191	60831	60101	-73	-60	10
2015-07-23 03:25:48.271	60831	60101	-70	-60	10	15.36	69.12	3.84
2015-07-23 04:00:06.814	60831	60101	-70	-57	10	14.96	69.89	3.84
2015-07-23 04:21:06.49	60831	60101	-70	-60	10	14.77	70.35	3.839
2015-07-23 06:01:43.626	60831	60101	-70	-58	10	14.21	71.76	3.839
2015-07-23 06:11:17.739	60831	60101	-73	-59	10
2015-07-23 06:57:16.859	60831	60101	-70	-60	10	14.7	71.93	3.839
2015-07-23 07:22:38.631	60831	60101	-73	-60	10	14.88	72.07	3.837
2015-07-23 08:27:29.37	60831	60101	-73	-59	10	17.46	70.28	3.837
2015-07-23 08:57:22.787	60831	60101	-73	-59	10	18.52	69.67	3.837
2015-07-23 09:26:46.058	60831	60101	-73	-60	10
2015-07-23 10:31:54.458	60831	60101	-70	-60	10
2015-07-23 10:53:14.438	60831	60101	-73	-60	10
2015-07-23 11:37:04.162	60831	60101	-73	-61	10
2015-07-23 13:18:49.151	60831	60101	-73	-60	10
2015-07-23 13:56:51.562	60831	60101	-73	-62	10	26.6	55.02	3.841
2015-07-23 14:59:38.571	60831	60101	-73	-60	10	25.99	54.49	3.842
2015-07-23 18:09:53.791	60831	60101	-73	-61	10
2015-07-23 23:00:58.002	60831	60101	-73	-61	10
2015-07-23 23:33:47.555	60831	60101	-73	-60	10
2015-07-24 00:18:24.542	60831	60101	-73	-60	10	17.39	63.9	3.837
2015-07-24 00:56:43.914	60831	60101	-70	-60	10	16.93	64.45	3.837
2015-07-24 01:26:31.462	60831	60101	-70	-60	10
2015-07-24 02:01:16.378	60831	60101	-70	-60	10	15.25	66.15	3.835
2015-07-24 02:44:53.518	60831	60101	-73	-60	10	14.61	66.88	3.836
2015-07-24 03:19:47.762	60831	60101	-70	-60	10	14.1	67.29	3.833
2015-07-24 03:54:19.434	60831	60101	-70	-60	10	13.78	67.62	3.833
2015-07-24 04:31:51.387	60831	60101	-70	-59	10	13.88	68.19	3.834
2015-07-24 04:59:33.666	60831	60101	-70	-56	10
2015-07-24 05:49:45.543	60831	60101	-73	-60	10	13.24	69.36	3.831
2015-07-24 06:16:08.923	60831	60101	-73	-60	10	13.03	69.7	3.831
2015-07-24 07:05:08.518	60831	60101	-70	-57	10	13.75	69.8	3.831
2015-07-24 07:31:50.842	60831	60101	-70	-56	10	14.14	69.47	3.831
2015-07-24 08:15:02.066	60831	60101	-73	-56	10
2015-07-24 08:43:09.167	60831	60101	-70	-57	10
2015-07-24 09:17:46.227	60831	60101	-70	-60	10	19.14	67.0	3.83
2015-07-24 09:20:22.439	60831	60101	-73	-60	10
2015-07-24 10:25:20.523	60831	60101	-73	-60	10
2015-07-24 11:08:51.747	60831	60101	-73	-58	10
2015-07-24 11:31:14.759	60831	60101	-73	-60	10	24.08	62.39	3.835
2015-07-24 12:18:21.719	60831	60101	-73	-58	10	25.02	60.4	3.835
2015-07-24 12:43:53.675	60831	60101	-70	-60	10	25.68	59.13	3.837
2015-07-24 13:34:26.995	60831	60101	-70	-60	10
2015-07-24 13:51:16.366	60831	60101	-70	-58	10	27.74	55.77	3.837
2015-07-24 14:30:15.626	60831	60101	-70	-60	10	27.38	55.63	3.836
2015-07-24 14:47:53.038	60831	60101	-70	-60	10	27.77	55.34	3.837
2015-07-24 15:51:06.562	60831	60101	-73	-61	10
2015-07-24 15:59:47.555	60831	60101	-70	-61	10
2015-07-24 16:54:16.398	60831	60101	-73	-58	10	27.8	54.43	3.84
2015-07-24 17:15:17.254	60831	60101	-73	-60	10	28.05	53.44	3.831
2015-07-24 18:21:21.302	60831	60101	-73	-60	10	28.02	53.53	3.84
2015-07-24 19:06:35.043	60831	60101	-73	-61	10
2015-07-24 19:53:17.706	60831	60101	-73	-62	10	26.24	55.88	3.837
2015-07-24 20:28:44.252	60831	60101	-73	-61	10	25.3	56.92	3.837
2015-07-24 20:59:47.299	60831	60101	-73	-63	10	24.18	57.96	3.839
2015-07-24 21:17:50.867	60831	60101	-73	-60	10	23.44	59.04	3.836
2015-07-24 22:18:53.434	60831	60101	-73	-60	10	22.4	59.61	3.836
2015-07-24 23:02:25.01	60831	60101	-73	-62	10	21.33	60.94	3.835
2015-07-24 23:27:11.767	60831	60101	-73	-61	10
2015-07-25 00:00:11.474	60831	60101	-73	-60	10	20.39	61.83	3.835
2015-07-25 00:32:21.355	60831	60101	-73	-60	10
2015-07-25 01:21:44.847	60831	60101	-70	-60	10	19.25	63.05	3.834
2015-07-25 01:41:58.342	60831	60101	-70	-60	10
2015-07-25 02:32:18.963	60831	60101	-70	-60	10	18.47	64.23	3.826
2015-07-25 03:01:46.362	60831	60101	-70	-60	10	18.07	64.76	3.833
2015-07-25 03:47:49.19	60831	60101	-70	-57	10
2015-07-25 04:07:30.467	60831	60101	-70	-60	10
2015-07-25 04:52:58.366	60831	60101	-73	-60	10
2015-07-25 05:16:09.302	60831	60101	-70	-57	10	16.15	67.12	3.829
2015-07-25 05:59:00.818	60831	60101	-70	-59	10	15.88	67.58	3.829
2015-07-25 06:33:03.26	60831	60101	-70	-60	10
2015-07-25 07:03:17.27	60831	60101	-70	-60	10
2015-07-25 08:04:53.51	60831	60101	-70	-57	10	17.92	67.15	3.828
2015-07-25 08:14:03.471	60831	60101	-73	-59	10	18.43	67.81	3.826
2015-07-25 09:05:21.343	60831	60101	-70	-60	10	20.68	66.01	3.83
2015-07-25 09:30:25.863	60831	60101	-70	-57	10	21.6	65.33	3.83
2015-07-25 10:51:19.183	60831	60101	-73	-57	10	24.55	62.85	3.829
2015-07-25 14:31:02.223	60831	60101	-73	-61	10	29.41	56.14	3.834
2015-07-25 16:00:41.927	60831	60101	-73	-60	10	29.83	54.04	3.836
2015-07-25 16:25:03.687	60831	60101	-70	-60	10	30.0	53.16	3.837
2015-07-25 16:59:57.486	60831	60101	-73	-59	10	30.11	53.47	3.836
2015-07-25 17:55:13.89	60831	60101	-73	-60	10
2015-07-25 18:51:07.826	60831	60101	-73	-60	10	28.94	53.37	3.836
2015-07-25 19:24:01.242	60831	60101	-73	-60	10	28.36	54.09	3.836
2015-07-25 20:05:09.766	60831	60101	-70	-60	10
2015-07-25 20:55:15.939	60831	60101	-73	-60	10	25.65	56.66	3.837
2015-07-25 21:10:19.055	60831	60101	-70	-60	10
2015-07-25 21:47:51.898	60831	60101	-70	-60	10	24.1	58.83	3.834
2015-07-25 22:22:21.775	60831	60101	-70	-60	10	23.13	60.08	3.834
2015-07-25 23:14:34.899	60831	60101	-70	-57	10	23.64	60.22	3.833
2015-07-25 23:31:52.783	60831	60101	-73	-57	10
2015-07-26 00:18:42.303	60831	60101	-73	-60	10	21.75	62.9	3.833
2015-07-26 00:46:46.187	60831	60101	-70	-57	10	21.36	63.4	3.83
2015-07-26 01:30:55.087	60831	60101	-70	-58	10
2015-07-26 01:58:24.463	60831	60101	-70	-58	10	21.63	65.95	3.833
2015-07-26 02:36:06.231	60831	60101	-70	-57	10
2015-07-26 03:27:55.874	60831	60101	-70	-59	10	20.5	66.87	3.83
2015-07-26 03:57:29.107	60831	60101	-70	-59	10	20.32	67.1	3.83
2015-07-26 04:33:07.002	60831	60101	-70	-58	10	20.25	67.43	3.829
2015-07-26 04:57:58.423	60831	60101	-70	-58	10	20.32	67.61	3.829
2015-07-26 05:49:59.523	60831	60101	-70	-56	10	20.25	68.28	3.826
2015-07-26 06:33:49.307	60831	60101	-70	-56	10	19.65	69.18	3.829
2015-07-26 06:50:15.359	60831	60101	-70	-58	10	19.61	69.17	3.828
2015-07-26 14:05:09.443	60831	60101	-73	-61	10
2015-07-26 22:59:04.144	60831	60101	-70	-57	10	22.24	70.41	3.825
2015-07-27 00:19:12.05	60831	60101	-70	-60	10
2015-07-27 03:34:39.686	60831	60101	-70	-60	10
2015-07-27 04:39:49.954	60831	60101	-70	-59	10
2015-07-27 05:25:33.414	60831	60101	-73	-58	10	19.93	73.92	3.823
2015-07-27 05:46:18.366	60831	60101	-70	-60	10	19.68	74.63	3.822
2015-07-27 10:44:38.934	60831	60101	-73	-57	10	24.51	75.25	3.823
2015-07-27 11:10:44.97	60831	60101	-73	-60	10
2015-07-27 12:15:54.614	60831	60101	-73	-60	10
2015-07-27 13:01:20.742	60831	60101	-73	-60	10	27.38	70.73	3.815
2015-07-27 13:30:44.074	60831	60101	-73	-60	10	27.49	70.44	3.824
2015-07-27 14:20:35.71	60831	60101	-70	-60	10
2015-07-27 14:26:13.346	60831	60101	-70	-59	10
2015-07-27 15:21:08.674	60831	60101	-73	-60	10	28.79	65.82	3.826
2015-07-27 16:01:26.115	60831	60101	-73	-60	10	29.8	63.89	3.826
2015-07-27 16:36:32.07	60831	60101	-73	-60	10
2015-07-27 16:49:40.206	60831	60101	-73	-60	10	30.32	62.57	3.828
2015-07-27 17:41:41.222	60831	60101	-73	-61	10
2015-07-27 18:25:08.85	60831	60101	-73	-62	10	29.5	61.31	3.828
2015-07-27 18:47:44.875	60831	60101	-73	-61	10	29.36	61.66	3.829
2015-07-27 19:15:14.339	60831	60101	-73	-60	10	28.91	62.26	3.828
2015-07-27 19:52:00.186	60831	60101	-73	-60	10
2015-07-27 20:48:44.363	60831	60101	-73	-60	10	25.33	66.29	3.825
2015-07-27 21:22:37.866	60831	60101	-73	-59	10	24.11	67.56	3.825
2015-07-27 21:54:55.902	60831	60101	-70	-59	10	23.25	68.47	3.824
2015-07-27 22:34:04.478	60831	60101	-70	-59	10	22.95	68.9	3.823
2015-07-27 23:07:28.211	60831	60101	-70	-59	10
2015-07-27 23:54:10.462	60831	60101	-73	-58	10	22.22	69.71	3.823
2015-07-28 00:12:36.483	60831	60101	-70	-57	10
2015-07-28 01:03:39.047	60831	60101	-70	-59	10	21.83	70.42	3.82
2015-07-28 01:17:46.622	60831	60101	-70	-57	10
2015-07-28 02:14:57.339	60831	60101	-70	-56	10	21.25	71.65	3.822
2015-07-28 02:28:19.266	60831	60101	-70	-58	10
2015-07-28 03:24:20.242	60831	60101	-70	-58	10	20.79	72.89	3.82
2015-07-28 03:50:19.163	60831	60101	-70	-58	10	20.47	73.32	3.82
2015-07-28 04:34:51.154	60831	60101	-70	-58	10	20.31	74.1	3.819
2015-07-28 04:58:11.043	60831	60101	-70	-58	10	20.25	74.34	3.819
2015-07-28 05:23:53.667	60831	60101	-70	-57	10	20.17	74.4	3.819
2015-07-28 07:19:24.534	60831	60101	-70	-59	10
2015-07-28 07:50:17.972	60831	60101	-70	-58	10	20.43	75.91	3.818
2015-07-28 08:53:51.294	60831	60101	-70	-58	10
2015-07-28 09:31:31.54	60831	60101	-70	-56	10	23.7	73.58	3.818
2015-07-28 09:59:01.519	60831	60101	-70	-58	10
2015-07-28 10:29:01.303	60831	60101	-70	-58	10	25.82	72.62	3.82
2015-07-28 11:04:10.083	60831	60101	-70	-59	10
2015-07-28 11:52:39.691	60831	60101	-70	-60	10	28.6	69.54	3.82
2015-07-28 12:10:30.011	60831	60101	-70	-60	10
2015-07-28 12:46:03.018	60831	60101	-70	-59	10	29.63	67.94	3.822
2015-07-28 13:20:45.535	60831	60101	-73	-60	10	30.4	66.3	3.822
2015-07-28 14:19:38.439	60831	60101	-70	-60	10
2015-07-28 14:36:02.663	60831	60101	-73	-58	10
2015-07-28 15:24:47.767	60831	60101	-73	-56	10
2015-07-28 15:54:20.271	60831	60101	-73	-60	10	30.6	60.72	3.824
2015-07-28 16:33:00.362	60831	60101	-70	-60	10	29.35	62.57	3.824
2015-07-28 17:01:35.758	60831	60101	-73	-60	10
2015-07-28 17:35:06.602	60831	60101	-70	-60	10
2015-07-28 18:26:47.098	60831	60101	-70	-60	10	29.91	60.77	3.824
2015-07-28 18:58:03.467	60831	60101	-73	-60	10	29.61	61.27	3.824
2015-07-28 19:27:11.39	60831	60101	-73	-60	10
2015-07-28 19:55:30.826	60831	60101	-70	-57	10	27.99	63.02	3.823
2015-07-28 20:45:07.35	60831	60101	-70	-59	10	26.32	64.48	3.822
2015-07-28 21:13:13.518	60831	60101	-70	-56	10	25.08	65.69	3.82
2015-07-28 21:52:41.09	60831	60101	-70	-56	10
2015-07-28 22:16:59.522	60831	60101	-70	-56	10	24.63	66.05	3.822
2015-07-28 23:00:53.102	60831	60101	-70	-56	10
2015-07-28 23:50:18.73	60831	60101	-70	-56	10	23.76	67.04	3.818
2015-07-29 00:18:13.498	60831	60101	-70	-56	10
2015-07-29 01:05:34.511	60831	60101	-70	-56	10	22.84	68.31	3.819
2015-07-29 01:15:55.086	60831	60101	-70	-56	10	22.76	68.53	3.819
2015-07-29 02:16:20.507	60831	60101	-70	-56	10
2015-07-29 02:43:47.202	60831	60101	-70	-56	10
2015-07-29 03:21:30.042	60831	60101	-70	-56	10
2015-07-29 03:49:57.398	60831	60101	-70	-56	10	21.17	71.03	3.818
2015-07-29 04:26:39.554	60831	60101	-70	-56	10
2015-07-29 05:09:18.951	60831	60101	-70	-55	10
2015-07-29 05:31:48.539	60831	60101	-70	-55	10
2015-07-29 06:19:04.626	60831	60101	-70	-55	10	19.85	73.25	3.814
2015-07-29 07:04:23.039	60831	60101	-70	-56	10	19.93	73.35	3.815
2015-07-29 07:34:51.707	60831	60101	-70	-56	10
2015-07-29 07:52:04.967	60831	60101	-70	-55	10	20.85	72.65	3.813
2015-07-29 08:47:17.254	60831	60101	-70	-56	10
2015-07-29 09:30:04.13	60831	60101	-70	-56	10	24.32	70.43	3.817
2015-07-29 09:54:10.751	60831	60101	-70	-58	10	25.38	69.91	3.815
2015-07-29 10:18:50.79	60831	60101	-70	-56	10	26.19	69.54	3.817
2015-07-29 11:02:20.579	60831	60101	-70	-58	10	27.74	68.6	3.817
2015-07-29 12:02:51.726	60831	60101	-70	-60	10
2015-07-29 12:25:57.083	60831	60101	-73	-59	10
2015-07-29 12:45:46.539	60831	60101	-70	-60	10	30.15	66.19	3.82
2015-07-29 13:20:39.538	60831	60101	-70	-57	10	30.33	65.54	3.819
2015-07-29 14:13:04.238	60831	60101	-73	-60	10
2015-07-29 14:49:54.206	60831	60101	-73	-61	10	31.49	64.22	3.819
2015-07-29 15:18:13.062	60831	60101	-73	-60	10
2015-07-29 16:15:19.998	60831	60101	-70	-60	10	31.36	64.41	3.82
2015-07-29 17:00:54.042	60831	60101	-70	-61	10	30.43	64.77	3.822
2015-07-29 17:28:27.327	60831	60101	-73	-60	10	31.27	63.85	3.819
2015-07-29 17:45:13.094	60831	60101	-73	-61	10	31.1	63.86	3.822
2015-07-29 18:33:39.962	60831	60101	-73	-59	10
2015-07-29 19:35:01.546	60831	60101	-70	-60	10	30.4	64.29	3.82
2015-07-29 19:42:34.862	60831	60101	-73	-60	10
2015-07-29 20:26:51.03	60831	60101	-70	-60	10	28.74	65.81	3.82
2015-07-29 20:52:14.327	60831	60101	-70	-60	10	27.96	66.48	3.82
2015-07-29 21:49:08.258	60831	60101	-70	-59	10
2015-07-29 22:08:07.558	60831	60101	-70	-58	10
2015-07-29 22:51:23.235	60831	60101	-70	-56	10	26.11	68.81	3.818
2015-07-29 23:59:26.779	60831	60101	-70	-56	10
2015-07-30 00:33:41.019	60831	60101	-70	-56	10
2015-07-30 01:04:37.191	60831	60101	-70	-56	10
2015-07-30 01:47:34.623	60831	60101	-70	-55	10	24.63	71.17	3.817
2015-07-30 02:31:09.862	60831	60101	-70	-56	10	24.74	71.83	3.815
2015-07-30 02:59:12.627	60831	60101	-70	-55	10
2015-07-30 03:22:22.059	60831	60101	-70	-56	10	24.66	72.15	3.817
2015-07-30 05:24:46.031	60831	60101	-70	-58	10
2015-07-30 06:13:40.787	60831	60101	-70	-59	10	23.94	77.58	3.811
2015-07-30 06:51:29.659	60831	60101	-70	-60	10	23.57	78.09	3.813
2015-07-30 07:35:33.682	60831	60101	-73	-57	10
2015-07-30 07:50:18.262	60831	60101	-70	-60	10
2015-07-30 08:40:42.598	60831	60101	-73	-60	10
2015-07-30 09:22:17.846	60831	60101	-70	-59	10	23.86	72.9	3.812
2015-07-30 09:59:30.662	60831	60101	-70	-57	10	24.68	70.38	3.812
2015-07-30 10:15:53.307	60831	60101	-70	-58	10
2015-07-30 10:59:45.77	60831	60101	-70	-60	10	26.4	65.77	3.814
2015-07-30 11:51:55.794	60831	60101	-70	-57	10	27.36	60.25	3.814
2015-07-30 12:15:32.842	60831	60101	-73	-60	10	27.72	57.8	3.813
2015-07-30 12:55:36.13	60831	60101	-70	-60	10	28.19	54.93	3.814
2015-07-30 13:22:58.532	60831	60101	-70	-55	10	28.61	53.04	3.814
2015-07-30 14:32:51.198	60831	60101	-70	-59	10	30.66	47.23	3.815
2015-07-30 16:01:38.907	60831	60101	-70	-60	10	29.54	45.47	3.815
2015-07-30 16:35:24.962	60831	60101	-73	-56	10	29.83	44.4	3.815
2015-07-30 16:59:16.738	60831	60101	-73	-58	10	29.74	44.49	3.815
2015-07-30 17:32:29.078	60831	60101	-70	-55	10
2015-07-30 17:54:13.531	60831	60101	-73	-59	10	29.05	45.11	3.815
2015-07-30 22:50:49.786	60831	60101	-70	-59	10	22.25	56.23	3.809
2015-07-30 23:33:06.59	60831	60101	-70	-56	10	21.61	57.64	3.809
2015-07-30 23:52:53.742	60831	60101	-70	-59	10
2015-07-31 00:44:17.954	60831	60101	-70	-58	10	20.47	59.73	3.807
2015-07-31 00:58:01.743	60831	60101	-70	-56	10
2015-07-31 01:43:33.607	60831	60101	-70	-56	10	19.38	61.78	3.808
2015-07-31 02:20:18.091	60831	60101	-70	-58	10	19.33	62.39	3.807
2015-07-31 03:08:20.403	60831	60101	-70	-58	10
2015-07-31 03:35:21.303	60831	60101	-70	-58	10	19.11	63.26	3.8
2015-07-31 04:13:30.763	60831	60101	-70	-56	10
2015-07-31 04:53:47.015	60831	60101	-70	-55	10	18.04	64.93	3.806
2015-07-31 05:18:39.878	60831	60101	-70	-55	10
2015-07-31 05:48:27.115	60831	60101	-70	-55	10	17.82	65.98	3.804
2015-07-31 06:25:40.619	60831	60101	-70	-55	10	17.75	66.39	3.804
2015-07-31 07:28:58.224	60831	60101	-70	-55	10
2015-07-31 07:59:29.81	60831	60101	-70	-55	10	18.93	66.91	3.804
2015-07-31 08:26:38.298	60831	60101	-70	-56	10	19.75	66.71	3.803
2015-07-31 08:46:50.263	60831	60101	-73	-59	10	20.56	65.96	3.801
2015-07-31 09:39:15.463	60831	60101	-70	-56	10
2015-07-31 10:27:43.699	60831	60101	-70	-58	10	24.43	62.09	3.804
2015-07-31 10:44:25.998	60831	60101	-70	-59	10
2015-07-31 11:23:04.835	60831	60101	-70	-59	10	26.13	59.63	3.806
2015-07-31 11:54:41.371	60831	60101	-70	-59	10	26.94	57.1	3.807
2015-07-31 13:27:38.974	60831	60101	-70	-54	10	28.52	50.97	3.807
2015-07-31 13:59:54.106	60831	60101	-70	-56	10
2015-07-31 14:58:18.71	60831	60101	-73	-55	10	29.11	47.18	3.808
2015-07-31 15:22:27.886	60831	60101	-70	-59	10
2015-07-31 16:19:31.863	60831	60101	-70	-60	10	28.55	47.18	3.809
2015-07-31 18:20:31.195	60831	60101	-70	-59	10
2015-07-31 18:51:14.006	60831	60101	-70	-55	10	27.72	50.67	3.808
2015-07-31 19:58:13.158	60831	60101	-70	-56	10	26.88	51.08	3.808
2015-07-31 20:24:56.791	60831	60101	-73	-57	10	26.11	51.81	3.807
2015-07-31 20:47:13.35	60831	60101	-70	-59	10	25.58	52.22	3.807
2015-07-31 21:36:01.328	60831	60101	-70	-58	10
2015-07-31 22:33:11.734	60831	60101	-70	-58	10	23.9	54.04	3.806
2015-07-31 22:41:07.675	60831	60101	-70	-56	10
2015-07-31 23:31:08.715	60831	60101	-70	-56	10	23.09	55.36	3.806
2015-07-31 23:48:44.178	60831	60101	-70	-56	10	22.94	55.65	3.804
2015-08-01 01:02:36.767	60831	60101	-70	-57	10	22.7	56.48	3.803
2015-08-01 01:31:12.163	60831	60101	-70	-60	10	22.85	57.12	3.804
2015-08-01 02:02:33.779	60831	60101	-70	-54	10	22.7	58.01	3.802
2015-08-01 02:28:16.763	60831	60101	-70	-55	10	22.49	58.53	3.803
2015-08-01 03:30:06.312	60831	60101	-70	-56	10
2015-08-01 04:06:55.654	60831	60101	-70	-55	10
2015-08-01 05:12:04.506	60831	60101	-70	-55	10
2015-08-01 05:51:48.714	60831	60101	-70	-60	10	18.97	63.73	3.804
2015-08-01 06:17:13.402	60831	60101	-70	-55	10
2015-08-01 07:20:41.514	60831	60101	-70	-59	10	18.5	65.09	3.8
2015-08-01 08:27:34.618	60831	60101	-67	-60	10
2015-08-01 14:58:40.594	60831	60101	-70	-57	10
2015-08-01 15:37:51.531	60831	60101	-70	-59	10
2015-08-01 16:03:37.703	60831	60101	-70	-59	10
2015-08-01 16:57:18.874	60831	60101	-70	-55	10	27.96	44.75	3.803
2015-08-01 17:57:27.07	60831	60101	-70	-60	10	24.77	48.74	3.802
2015-08-01 18:22:25.178	60831	60101	-70	-57	10	24.22	49.99	3.8
2015-08-01 19:19:05.97	60831	60101	-70	-59	10
2015-08-01 20:24:14.871	60831	60101	-70	-57	10
2015-08-01 21:29:24.362	60831	60101	-73	-55	10
2015-08-01 22:01:11.886	60831	60101	-70	-56	10	20.72	56.8	3.797
2015-08-02 02:55:11.138	60831	60101	-70	-55	10
2015-08-02 04:00:20.414	60831	60101	-70	-60	10
2015-08-02 05:05:29.191	60831	60101	-70	-61	10
2015-08-02 06:10:40.862	60831	60101	-70	-60	10
2015-08-02 06:25:10.294	60831	60101	-70	-59	10	17.39	66.72	3.791
2015-08-02 07:13:46.558	60831	60101	-70	-61	10	17.79	66.74	3.792
2015-08-02 08:20:56.935	60831	60101	-70	-55	10
2015-08-02 08:43:52.711	60831	60101	-70	-55	10	19.97	65.83	3.792
2015-08-02 09:30:03.918	60831	60101	-70	-55	10	21.15	65.2	3.79
2015-08-02 10:20:36.23	60831	60101	-70	-55	10	22.95	63.69	3.791
2015-08-02 11:00:42.099	60831	60101	-70	-56	10	24.17	63.06	3.793
2015-08-02 11:17:07.438	60831	60101	-70	-54	10	24.97	61.73	3.792
2015-08-02 11:53:57.846	60831	60101	-73	-55	10	26.22	59.92	3.796
2015-08-02 15:27:24.938	60831	60101	-67	-55	10	29.36	54.04	3.8
2015-08-02 15:53:19.838	60831	60101	-70	-56	10
2015-08-02 16:29:15.511	60831	60101	-70	-58	10	29.5	52.94	3.798
2015-08-02 17:25:11.646	60831	60101	-70	-60	10	28.94	53.09	3.8
2015-08-02 18:07:21.702	60831	60101	-73	-55	10
2015-08-02 19:12:30.995	60831	60101	-73	-56	10
2015-08-02 19:44:42.662	60831	60101	-70	-55	10	27.47	55.11	3.8
2015-08-02 20:44:23.742	60831	60101	-70	-55	10
2015-08-02 21:18:21.222	60831	60101	-70	-56	10	25.52	57.17	3.798
2015-08-02 21:49:59.735	60831	60101	-70	-55	10	25.16	57.67	3.787
2015-08-02 23:28:17.967	60831	60101	-70	-55	10	24.21	59.0	3.797
2015-08-02 23:43:33.727	60831	60101	-70	-56	10	24.17	59.12	3.798
2015-08-03 00:38:16.808	60831	60101	-70	-55	10
2015-08-03 01:47:25.47	60831	60101	-70	-60	10	23.08	60.4	3.796
2015-08-03 02:46:40.602	60831	60101	-70	-60	10	22.27	61.38	3.795
2015-08-03 03:53:44.546	60831	60101	-70	-56	10
2015-08-03 04:58:55.082	60831	60101	-67	-56	10
2015-08-03 05:47:46.031	60831	60101	-70	-61	10	20.08	65.62	3.793
2015-08-03 06:48:47.915	60831	60101	-67	-60	10	19.54	66.7	3.792
2015-08-03 07:14:37.922	60831	60101	-70	-61	10	19.33	67.26	3.791
2015-08-03 08:14:24.406	60831	60101	-70	-61	10
2015-08-03 08:46:45.53	60831	60101	-70	-59	10	20.15	68.85	3.792
2015-08-03 10:14:41.83	60831	60101	-70	-55	10	21.96	66.46	3.791
2015-08-03 11:16:39.163	60831	60101	-67	-60	10	23.44	64.3	3.791
2015-08-03 12:33:03.718	60831	60101	-70	-60	10	25.54	60.0	3.791
2015-08-03 13:43:20.783	60831	60101	-70	-60	10
2015-08-03 15:50:27.526	60831	60101	-70	-56	10
2015-08-03 16:33:21.446	60831	60101	-70	-58	10	25.49	58.12	3.793
2015-08-03 21:16:16.214	60831	60101	-67	-54	10
2015-08-03 21:28:36.855	60831	60101	-70	-54	10	19.89	75.4	3.789
2015-08-03 22:21:24.446	60831	60101	-70	-58	10
2015-08-03 23:04:41.038	60831	60101	-70	-55	10	19.68	77.24	3.789
2015-08-03 23:26:37.842	60831	60101	-79	-58	10
2015-08-03 23:55:04.818	60831	60101	-73	-62	10	18.86	77.91	3.787
2015-08-04 00:31:42.326	60831	60101	-73	-60	10
2015-08-04 01:36:52.614	60831	60101	-73	-60	10
2015-08-04 02:15:24.715	60831	60101	-73	-58	10	18.38	78.69	3.786
2015-08-04 02:56:59.458	60831	60101	-73	-60	10	18.0	78.79	3.785
2015-08-04 04:15:32.075	60831	60101	-73	-58	10	17.52	80.15	3.784
2015-08-04 04:52:20.467	60831	60101	-73	-60	10
2015-08-04 05:57:29.288	60831	60101	-73	-59	10
2015-08-04 06:42:01.806	60831	60101	-73	-56	10
2015-08-04 07:02:38.255	60831	60101	-73	-60	10
2015-08-04 08:57:51.655	60831	60101	-70	-55	10	17.92	79.27	3.782
2015-08-04 09:12:57.363	60831	60101	-70	-58	10
2015-08-04 10:51:13.351	60831	60101	-70	-58	10	21.26	74.32	3.784
2015-08-04 11:23:16.074	60831	60101	-70	-58	10
2015-08-04 11:34:00.999	60831	60101	-73	-59	10	23.26	71.42	3.782
2015-08-04 12:28:25.134	60831	60101	-73	-60	10
2015-08-04 13:00:37.714	60831	60101	-70	-60	10	24.71	64.45	3.785
2015-08-04 13:33:36.498	60831	60101	-73	-60	10
2015-08-04 13:58:53.422	60831	60101	-70	-60	10
2015-08-04 15:43:52.514	60831	60101	-70	-60	10
2015-08-04 16:24:14.003	60831	60101	-73	-61	10
2015-08-04 16:47:52.647	60831	60101	-70	-60	10	26.22	51.92	3.786
2015-08-04 17:28:18.091	60831	60101	-70	-58	10	27.24	49.77	3.787
2015-08-04 17:54:12.087	60831	60101	-73	-58	10
2015-08-04 18:46:49.012	60831	60101	-70	-59	10	26.22	49.41	3.787
2015-08-04 18:59:21.223	60831	60101	-70	-54	10
2015-08-04 19:53:05.738	60831	60101	-73	-60	10	24.77	51.5	3.786
2015-08-04 20:34:47.387	60831	60101	-73	-57	10	23.33	53.58	3.786
2015-08-04 21:09:39.463	60831	60101	-70	-60	10
2015-08-04 22:14:19.731	60831	60101	-70	-56	10	20.51	58.83	3.785
2015-08-04 23:31:41.922	60831	60101	-70	-56	10	18.67	61.22	3.784
2015-08-04 23:55:54.203	60831	60101	-70	-56	10	18.25	61.74	3.784
2015-08-05 00:44:47.499	60831	60101	-70	-58	10	17.67	62.79	3.781
2015-08-05 01:45:26.35	60831	60101	-70	-56	10	17.52	64.01	3.782
2015-08-05 02:35:26.706	60831	60101	-70	-56	10
2015-08-05 03:59:05.058	60831	60101	-70	-55	10	16.2	66.48	3.78
2015-08-05 04:31:54.978	60831	60101	-70	-56	10
2015-08-05 05:50:53.942	60831	60101	-70	-56	10
2015-08-05 06:43:48.69	60831	60101	-70	-56	10	15.54	68.85	3.778
2015-08-05 06:57:28.423	60831	60101	-70	-56	10
2015-08-05 07:57:10.61	60831	60101	-73	-60	10	17.07	68.96	3.779
2015-08-05 08:35:13.647	60831	60101	-73	-59	10	18.54	68.25	3.776
2015-08-05 09:23:01.446	60831	60101	-67	-59	10
2015-08-05 10:11:32.218	60831	60101	-70	-55	10
2015-08-05 10:53:04.303	60831	60101	-70	-57	10	22.82	64.11	3.78
2015-08-05 11:30:44.114	60831	60101	-73	-56	10	23.86	61.94	3.779
2015-08-05 12:21:51.046	60831	60101	-70	-59	10
2015-08-05 13:23:50.438	60831	60101	-70	-56	10	24.61	55.73	3.78
2015-08-05 13:45:15.626	60831	60101	-73	-59	10	25.99	57.15	3.782
2015-08-05 14:14:06.854	60831	60101	-70	-59	10
2015-08-05 14:14:34.542	60831	60101	-70	-58	10	24.57	53.19	3.782
2015-08-05 14:32:08.246	60831	60101	-70	-59	10
2015-08-05 15:04:12.122	60831	60101	-70	-54	10	26.47	49.15	3.782
2015-08-05 15:17:07.158	60831	60101	-70	-56	10	26.15	48.82	3.782
2015-08-05 17:47:39.451	60831	60101	-73	-58	10
2015-08-05 18:52:47.106	60831	60101	-70	-60	10
2015-08-05 19:05:12.434	60831	60101	-73	-62	10
2015-08-05 20:14:02.842	60831	60101	-70	-61	10	22.61	50.65	3.782
2015-08-06 06:27:47.874	60831	60101	-67	-60	10	13.47	69.37	3.771
2015-08-06 10:04:56.83	60831	60101	-70	-60	10
2015-08-06 10:56:10.222	60831	60101	-70	-56	10	19.0	68.17	3.773
2015-08-06 12:15:15.823	60831	60101	-70	-56	10
2015-08-06 13:20:24.414	60831	60101	-73	-59	10
2015-08-06 14:21:38.73	60831	60101	-70	-56	10	20.47	65.63	3.774
2015-08-06 14:29:33.474	60831	60101	-70	-56	10
2015-08-06 15:30:43.898	60831	60101	-70	-55	10
2015-08-06 16:03:14.531	60831	60101	-73	-56	10	20.53	65.61	3.774
2015-08-06 18:46:10.826	60831	60101	-70	-55	10
2015-08-07 04:33:43.366	60831	60101	-70	-59	10	14.49	74.73	3.767
2015-08-07 06:33:48.675	60831	60101	-67	-60	10	14.06	76.96	3.767
2015-08-07 07:04:58.67	60831	60101	-70	-60	10	14.14	77.21	3.753
2015-08-07 07:29:16.043	60831	60101	-70	-59	10	14.38	76.97	3.765
2015-08-07 07:50:00.047	60831	60101	-70	-60	10	14.78	76.49	3.764
2015-08-07 09:28:33.523	60831	60101	-70	-61	10	17.85	74.99	3.765
2015-08-07 09:54:56.202	60831	60101	-70	-55	10	19.1	73.65	3.768
2015-08-07 12:03:32.947	60831	60101	-70	-56	10	23.17	69.23	3.769
2015-08-07 12:19:28.234	60831	60101	-70	-59	10
2015-08-07 12:45:21.471	60831	60101	-70	-56	10	23.82	68.11	3.77
2015-08-07 13:31:37.834	60831	60101	-70	-56	10	23.86	68.24	3.771
2015-08-07 14:18:59.143	60831	60101	-70	-59	10
2015-08-07 14:45:00.506	60831	60101	-70	-59	10
2015-08-07 17:10:33.23	60831	60101	-70	-56	10
2015-08-07 17:51:51.786	60831	60101	-70	-61	10	23.5	68.26	3.771
2015-08-07 18:39:39.538	60831	60101	-70	-58	10
2015-08-07 19:15:49.39	60831	60101	-70	-56	10	23.36	68.32	3.774
2015-08-07 19:44:46.223	60831	60101	-70	-56	10
2015-08-07 20:24:34.258	60831	60101	-70	-62	10	22.18	69.42	3.771
2015-08-07 20:54:20.726	60831	60101	-70	-55	10	21.54	69.95	3.773
2015-08-07 21:47:55.299	60831	60101	-70	-60	10	20.29	71.06	3.773
2015-08-07 22:01:38.87	60831	60101	-70	-55	10
2015-08-07 23:00:13.639	60831	60101	-70	-60	10
2015-08-07 23:19:53.947	60831	60101	-70	-60	10	18.78	72.31	3.771
2015-08-08 00:05:23.675	60831	60101	-70	-60	10
2015-08-08 00:28:27.254	60831	60101	-70	-60	10	18.04	73.36	3.77
2015-08-08 01:10:34.25	60831	60101	-70	-60	10
2015-08-08 01:54:07.923	60831	60101	-70	-60	10	17.54	74.12	3.769
2015-08-08 02:15:43.235	60831	60101	-70	-59	10
2015-08-08 02:52:44.134	60831	60101	-70	-60	10
2015-08-08 03:20:51.666	60831	60101	-67	-59	10
2015-08-08 04:26:00.319	60831	60101	-70	-60	10
2015-08-08 04:55:54.902	60831	60101	-70	-60	10	17.43	74.66	3.767
2015-08-08 05:18:15.924	60831	60101	-70	-60	10
2015-08-08 05:49:31.694	60831	60101	-70	-60	10	17.1	75.63	3.767
2015-08-08 06:36:19.39	60831	60101	-70	-60	10
2015-08-08 07:19:08.514	60831	60101	-67	-59	10	16.93	76.33	3.767
2015-08-08 07:43:49.954	60831	60101	-67	-60	10
2015-08-08 08:31:08.458	60831	60101	-70	-60	10	18.31	75.66	3.768
2015-08-08 08:46:38.091	60831	60101	-70	-60	10
2015-08-08 12:34:55.042	60831	60101	-70	-59	10
2015-08-08 16:00:48.918	60831	60101	-70	-61	10	27.16	65.33	3.774
2015-08-08 16:24:29.13	60831	60101	-70	-55	10	26.47	66.72	3.774
2015-08-08 17:25:59.914	60831	60101	-70	-56	10
2015-08-08 17:35:17.122	60831	60101	-70	-58	10	25.99	67.43	3.775
2015-08-08 18:33:01.095	60831	60101	-70	-56	10	24.91	68.31	3.775
2015-08-08 20:16:01.482	60831	60101	-70	-55	10	23.42	69.98	3.774
2015-08-08 22:17:06.18	60831	60101	-70	-55	10
2015-08-08 22:53:38.454	60831	60101	-70	-55	10
2015-08-08 23:34:31.322	60831	60101	-70	-61	10	20.58	72.96	3.771
2015-08-09 00:03:37.954	60831	60101	-70	-55	10	20.47	73.37	3.771
2015-08-09 00:42:39.306	60831	60101	-70	-55	10
2015-08-09 01:03:58.019	60831	60101	-70	-55	10
2015-08-09 03:08:11.806	60831	60101	-70	-54	10
2015-08-09 03:34:29.902	60831	60101	-70	-61	10	19.6	75.28	3.77
2015-08-09 04:19:26.406	60831	60101	-70	-60	10
2015-08-09 04:48:15.123	60831	60101	-67	-61	10	18.97	76.06	3.77
2015-08-09 05:24:36.107	60831	60101	-70	-55	10
2015-08-09 05:48:36.283	60831	60101	-70	-60	10	18.61	77.31	3.769
2015-08-09 07:23:04.378	60831	60101	-70	-61	10	18.35	77.59	3.769
2015-08-09 08:00:11.97	60831	60101	-67	-61	10	18.68	77.4	3.768
2015-08-09 08:40:02.918	60831	60101	-70	-61	10
2015-08-09 09:25:42.563	60831	60101	-70	-56	10	21.51	75.18	3.768
2015-08-09 09:46:31.818	60831	60101	-70	-56	10	22.47	74.61	3.768
2015-08-09 10:24:50.067	60831	60101	-70	-56	10
2015-08-09 14:06:00.618	60831	60101	-70	-61	10
2015-08-09 15:15:54.874	60831	60101	-70	-61	10
2015-08-09 16:18:51.946	60831	60101	-73	-60	10	28.54	60.09	3.776
2015-08-09 17:15:39.395	60831	60101	-70	-54	10	28.33	58.86	3.776
2015-08-09 17:41:27.171	60831	60101	-73	-56	10
2015-08-09 19:31:37.382	60831	60101	-70	-56	10
2015-08-09 20:07:00.627	60831	60101	-70	-56	10
2015-08-09 21:01:27.819	60831	60101	-70	-56	10	23.47	65.68	3.774
2015-08-09 21:41:54.823	60831	60101	-70	-56	10
2015-08-09 22:32:32.103	60831	60101	-70	-55	10
2015-08-10 05:23:17.434	60831	60101	-70	-59	10	18.93	73.1	3.769
2015-08-10 06:23:10.391	60831	60101	-67	-59	10
2015-08-10 07:58:55.682	60831	60101	-67	-59	10	19.06	74.29	3.768
2015-08-10 08:18:38.731	60831	60101	-70	-60	10	19.82	73.74	3.767
2015-08-10 08:48:40.002	60831	60101	-70	-60	10	21.01	74.08	3.76
2015-08-10 09:38:37.362	60831	60101	-70	-61	10
2015-08-10 10:15:09.098	60831	60101	-70	-56	10	24.93	71.64	3.771
2015-08-10 11:48:57.03	60831	60101	-70	-56	10
2015-08-10 12:30:22.502	60831	60101	-70	-57	10	25.63	71.04	3.771
2015-08-10 12:54:06.314	60831	60101	-70	-55	10
2015-08-10 13:29:37.79	60831	60101	-70	-56	10	26.04	70.12	3.773
2015-08-10 13:59:15.518	60831	60101	-70	-61	10
2015-08-10 15:04:24.15	60831	60101	-73	-56	10
2015-08-10 15:31:21.895	60831	60101	-67	-61	10
2015-08-10 16:17:24.635	60831	60101	-70	-59	10	24.77	70.91	3.771
2015-08-10 17:14:42.563	60831	60101	-70	-61	10
2015-08-10 17:56:38.487	60831	60101	-70	-62	10	25.66	70.56	3.774
2015-08-10 18:25:09.302	60831	60101	-70	-61	10	25.94	70.41	3.774
2015-08-10 19:50:13.622	60831	60101	-70	-60	10	25.01	72.02	3.773
2015-08-10 21:04:22.639	60831	60101	-70	-60	10	24.19	74.09	3.773
2015-08-10 22:18:36.734	60831	60101	-70	-61	10	24.04	73.79	3.773
2015-08-10 22:48:00.054	60831	60101	-70	-60	10
2015-08-10 23:52:30.191	60831	60101	-70	-60	10	23.13	74.82	3.773
2015-08-11 01:13:32.154	60831	60101	-70	-55	10
2015-08-11 01:55:57.19	60831	60101	-70	-60	10
2015-08-11 03:01:07.238	60831	60101	-70	-54	10
2015-08-11 03:39:07.114	60831	60101	-70	-55	10
2015-08-11 05:02:31.53	60831	60101	-70	-56	10	20.78	79.87	3.769
2015-08-11 05:31:34.804	60831	60101	-70	-59	10	20.76	79.9	3.769
2015-08-11 06:04:40.074	60831	60101	-73	-59	10
2015-08-11 06:21:25.515	60831	60101	-70	-56	10	20.86	80.85	3.769
2015-08-11 07:21:45.479	60831	60101	-70	-58	10
2015-08-11 08:26:53.194	60831	60101	-70	-56	10
2015-08-11 11:25:46.658	60831	60101	-70	-55	10	23.74	76.33	3.768
2015-08-11 13:32:54.839	60831	60101	-70	-59	10	24.9	67.99	3.769
2015-08-11 14:57:42.946	60831	60101	-70	-55	10	26.33	63.65	3.769
2015-08-11 15:20:24.755	60831	60101	-70	-59	10	25.27	64.69	3.77
2015-08-11 16:02:58.067	60831	60101	-70	-58	10
2015-08-11 17:08:11.867	60831	60101	-70	-59	10
2015-08-11 18:12:21.266	60831	60101	-73	-60	10
2015-08-11 18:20:49.579	60831	60101	-70	-60	10	24.65	60.68	3.77
2015-08-11 18:58:47.515	60831	60101	-70	-55	10	24.66	61.31	3.77
2015-08-11 19:18:27.478	60831	60101	-70	-60	10
2015-08-11 20:23:55.026	60831	60101	-70	-59	10
2015-08-11 21:21:34.099	60831	60101	-70	-59	10	20.82	66.5	3.769
2015-08-11 22:22:09.222	60831	60101	-70	-59	10	19.29	68.58	3.767
2015-08-11 23:01:41.343	60831	60101	-70	-56	10	19.08	69.3	3.767
2015-08-11 23:24:26.315	60831	60101	-70	-56	10	19.04	69.63	3.765
2015-08-11 23:48:56.174	60831	60101	-70	-56	10	18.92	70.0	3.767
2015-08-12 00:44:13.846	60831	60101	-70	-56	10
2015-08-12 01:23:29.855	60831	60101	-70	-55	10	17.5	72.99	3.768
2015-08-12 01:49:23.722	60831	60101	-70	-56	10
2015-08-12 04:49:30.343	60831	60101	-70	-54	10	17.17	77.63	3.762
2015-08-12 05:47:41.978	60831	60101	-70	-60	10	16.6	78.62	3.762
2015-08-12 06:16:56.414	60831	60101	-70	-55	10	16.32	79.11	3.762
2015-08-12 07:23:54.846	60831	60101	-70	-60	10	16.2	78.98	3.76
2015-08-12 08:27:42.43	60831	60101	-70	-56	10	17.32	79.42	3.762
2015-08-12 08:47:22.568	60831	60101	-70	-56	10	17.93	79.32	3.76
2015-08-12 09:25:28.27	60831	60101	-70	-60	10
2015-08-12 11:50:28.934	60831	60101	-67	-59	10	22.39	68.23	3.762
2015-08-12 12:40:57.286	60831	60101	-70	-56	10
2015-08-12 14:51:13.551	60831	60101	-70	-58	10
2015-08-12 15:18:22.158	60831	60101	-70	-55	10	23.51	61.82	3.763
2015-08-12 16:53:52.011	60831	60101	-70	-58	10	22.9	62.79	3.764
2015-08-12 18:04:16.33	60831	60101	-70	-56	10	24.6	56.17	3.765
2015-08-12 19:01:13.543	60831	60101	-70	-60	10	22.75	59.33	3.765
2015-08-12 19:12:06.174	60831	60101	-70	-59	10
2015-08-12 20:53:20.602	60831	60101	-70	-55	10
2015-08-12 22:58:34.671	60831	60101	-70	-55	10	17.67	67.98	3.76
2015-08-12 23:18:53.467	60831	60101	-70	-55	10
2015-08-13 00:23:47.471	60831	60101	-70	-55	10	15.68	70.17	3.758
2015-08-13 01:26:45.714	60831	60101	-70	-60	10	13.97	71.74	3.759
2015-08-13 02:28:10.091	60831	60101	-70	-60	10	13.29	73.15	3.753
2015-08-13 03:53:06.479	60831	60101	-67	-59	10
2015-08-13 04:30:17.915	60831	60101	-67	-59	10	12.0	74.57	3.754
2015-08-13 05:33:48.598	60831	60101	-70	-59	10	11.45	75.18	3.754
2015-08-13 06:32:30.406	60831	60101	-70	-59	10	11.43	75.47	3.753
2015-08-13 07:49:28.77	60831	60101	-70	-59	10	13.07	74.55	3.753
2015-08-13 08:16:21.674	60831	60101	-67	-59	10	14.13	74.14	3.753
2015-08-13 09:28:54.722	60831	60101	-70	-54	10	16.83	72.8	3.754
2015-08-13 10:17:56.494	60831	60101	-70	-56	10	19.14	70.62	3.756
2015-08-13 11:26:39.822	60831	60101	-70	-56	10
2015-08-13 12:14:49.462	60831	60101	-70	-58	10	22.38	64.83	3.757
2015-08-13 12:56:11.421	60831	60101	-70	-60	10	23.15	62.69	3.759
2015-08-13 13:52:09.503	60831	60101	-70	-60	10
2015-08-13 15:49:48.858	60831	60101	-70	-59	10
2015-08-13 16:17:42.69	60831	60101	-70	-60	10
2015-08-13 16:55:01.33	60831	60101	-70	-55	10
2015-08-13 17:56:02.206	60831	60101	-70	-55	10	26.51	55.91	3.762
2015-08-13 18:24:25.751	60831	60101	-70	-56	10	25.08	58.46	3.762
2015-08-13 19:14:22.571	60831	60101	-70	-56	10	24.74	57.86	3.762
2015-08-13 20:10:26.538	60831	60101	-70	-55	10
2015-08-13 21:00:57.422	60831	60101	-70	-60	10	21.64	61.64	3.759
2015-08-13 21:18:57.339	60831	60101	-70	-60	10	21.02	62.34	3.763
2015-08-13 22:20:45.922	60831	60101	-67	-60	10
2015-08-13 23:25:54.222	60831	60101	-70	-60	10
2015-08-13 23:34:20.466	60831	60101	-67	-61	10
2015-08-14 00:17:57.022	60831	60101	-70	-61	10	18.47	66.94	3.758
2015-08-14 01:43:40.455	60831	60101	-70	-59	10	17.61	68.48	3.757
2015-08-14 02:33:51.666	60831	60101	-67	-59	10	16.97	69.31	3.757
2015-08-14 02:59:52.142	60831	60101	-70	-59	10	16.83	69.72	3.758
2015-08-14 03:51:35.318	60831	60101	-67	-59	10	16.57	70.28	3.757
2015-08-14 04:43:05.038	60831	60101	-70	-59	10	16.06	71.44	3.754
2015-08-14 05:32:45.834	60831	60101	-70	-60	10	15.65	72.12	3.745
2015-08-14 05:57:19.266	60831	60101	-67	-60	10	15.6	72.32	3.757
2015-08-14 07:30:08.474	60831	60101	-67	-59	10	15.86	72.83	3.754
2015-08-14 09:12:28.098	60831	60101	-70	-59	10
2015-08-14 09:46:55.155	60831	60101	-70	-59	10	20.65	69.65	3.754
2015-08-14 10:27:29.667	60831	60101	-70	-56	10	22.43	67.41	3.757
2015-08-14 11:56:34.178	60831	60101	-70	-58	10	25.69	61.14	3.758
2015-08-15 09:19:58.547	60831	60101	-70	-55	10	21.32	59.26	3.758
2015-08-15 09:37:57.034	60831	60101	-70	-55	10	21.86	59.07	3.758
2015-08-15 11:33:00.107	60831	60101	-67	-57	10	26.91	56.35	3.758
2015-08-15 12:25:18.182	60831	60101	-73	-60	10	27.58	56.94	3.76
2015-08-15 12:53:37.355	60831	60101	-76	-58	10	28.04	56.95	3.758
2015-08-15 13:58:11.942	60831	60101	-73	-61	10	29.58	56.16	3.763
2015-08-15 20:52:11.251	60831	60101	-73	-60	10	24.03	61.39	3.767
2015-08-16 00:14:52.315	60831	60101	-70	-59	10	20.86	62.34	3.76
2015-08-16 04:30:31.551	60831	60101	-70	-59	10
2015-08-16 05:52:55.762	60831	60101	-70	-58	10	18.7	62.84	3.756
2015-08-16 06:53:10.391	60831	60101	-70	-56	10	18.31	63.07	3.757
2015-08-16 07:04:31.77	60831	60101	-70	-56	10
2015-08-16 08:22:56.536	60831	60101	-70	-57	10	19.72	62.22	3.756
2015-08-16 09:14:50.234	60831	60101	-70	-59	10
2015-08-16 11:25:07.974	60831	60101	-70	-60	10
2015-08-16 20:06:22.951	60831	60101	-73	-61	10
2015-08-16 20:39:12.411	60831	60101	-70	-61	10	27.05	61.36	3.768
2015-08-16 21:11:32.226	60831	60101	-73	-61	10
2015-08-16 21:42:23.07	60831	60101	-70	-58	10	24.61	62.66	3.764
2015-08-16 22:16:40.683	60831	60101	-73	-60	10
2015-08-16 23:25:01.927	60831	60101	-70	-60	10	22.76	63.18	3.765
2015-08-16 23:54:51.719	60831	60101	-70	-60	10	22.84	62.93	3.76
2015-08-17 00:07:58.79	60831	60101	-73	-60	10	22.64	62.84	3.762
2015-08-17 02:20:25.43	60831	60101	-70	-59	10
2015-08-17 02:46:36.166	60831	60101	-70	-59	10	20.96	63.51	3.76
2015-08-17 04:47:36.943	60831	60101	-70	-59	10
2015-08-17 06:15:54.591	60831	60101	-70	-56	10	19.2	64.09	3.759
2015-08-17 07:09:35.99	60831	60101	-70	-59	10	18.93	64.16	3.758
2015-08-17 07:56:59.53	60831	60101	-70	-58	10	19.75	63.48	3.758
2015-08-17 09:08:14.639	60831	60101	-70	-59	10
2015-08-17 09:23:42.475	60831	60101	-70	-56	10	22.9	61.66	3.758
2015-08-17 09:58:17.279	60831	60101	-70	-60	10	24.33	60.93	3.758
2015-08-17 15:39:10.922	60831	60101	-73	-56	10
2015-08-18 01:19:54.75	60831	60101	-73	-60	10	23.06	63.2	3.764
2015-08-18 01:43:02.982	60831	60101	-70	-60	10	22.68	63.61	3.76
2015-08-18 02:25:58.87	60831	60101	-73	-59	10	22.52	63.53	3.762
2015-08-18 02:35:54.939	60831	60101	-70	-60	10
2015-08-18 03:19:28.358	60831	60101	-70	-60	10	22.04	63.83	3.76
2015-08-18 04:43:31.45	60831	60101	-70	-59	10	21.7	63.78	3.762
2015-08-18 11:12:04.13	60831	60101	-73	-62	10
2015-08-18 13:09:55.779	60831	60101	-76	-61	10	22.38	62.95	3.756
2015-08-18 18:48:04.662	60831	60101	-73	-60	10
2015-08-18 20:16:15.882	60831	60101	-70	-61	10	22.47	63.64	3.756
2015-08-18 21:44:04.775	60831	60101	-70	-60	10	21.22	64.4	3.753
2015-08-18 23:08:41.914	60831	60101	-73	-60	10
2015-08-18 23:52:05.746	60831	60101	-73	-60	10	20.39	64.64	3.752
2015-08-19 02:24:09.295	60831	60101	-73	-61	10
2015-08-19 07:20:45.246	60831	60101	-73	-60	10	18.79	65.43	3.748
2015-08-19 22:12:08.447	60831	60101	-73	-61	10	24.11	64.76	3.757
2015-08-20 00:14:48.399	60831	60101	-70	-60	10	23.61	64.74	3.756
2015-08-20 01:58:11.61	60831	60101	-73	-60	10	22.82	65.22	3.754
2015-08-20 05:08:54.139	60831	60101	-70	-60	10	23.04	64.79	3.754
2015-08-20 07:24:07.047	60831	60101	-70	-61	10	23.03	65.05	3.753
2015-08-20 13:29:26.494	60831	60101	-70	-60	10	24.57	64.87	3.752
2015-08-20 14:14:16.887	60831	60101	-73	-57	10
2015-08-21 10:57:33.798	60831	60101	-70	-56	10	21.08	65.27	3.742
2015-08-21 20:38:38.482	60831	60101	-70	-57	10
2015-08-21 21:54:02.018	60831	60101	-70	-59	10	17.89	68.44	3.743
2015-08-21 21:54:07.895	60831	60101	-70	-59	10	17.89	68.44	3.743
2015-08-22 14:41:05.295	60831	60101	-70	-62	10	24.79	64.32	3.741
2015-08-22 16:53:27.355	60831	60101	-70	-61	10	25.19	64.35	3.743
2015-08-22 17:27:11.647	60831	60101	-70	-60	10	25.26	64.51	3.742
2015-08-22 18:10:58.715	60831	60101	-73	-59	10
2015-08-22 18:23:13.182	60831	60101	-70	-57	10	24.68	64.89	3.745
2015-08-22 19:26:53.615	60831	60101	-70	-60	10
2015-08-22 20:32:03.119	60831	60101	-70	-56	10
2015-08-22 20:59:16.506	60831	60101	-70	-56	10	19.25	68.04	3.742
2015-08-22 21:38:10.552	60831	60101	-70	-56	10	18.22	68.45	3.742
2015-08-22 22:42:21.142	60831	60101	-70	-56	10
2015-08-22 23:02:04.091	60831	60101	-70	-55	10
2015-08-22 23:47:30.191	60831	60101	-70	-56	10
2015-08-22 23:56:55.342	60831	60101	-70	-55	10	16.39	68.76	3.739
2015-08-23 00:42:50.646	60831	60101	-70	-55	10	16.17	68.52	3.737
2015-08-23 01:23:38.546	60831	60101	-70	-61	10	15.57	68.86	3.739
2015-08-23 01:53:55.923	60831	60101	-70	-55	10	15.52	68.76	3.737
2015-08-23 02:56:19.542	60831	60101	-70	-55	10	14.88	68.89	3.736
2015-08-23 03:18:24.518	60831	60101	-70	-55	10	14.4	69.11	3.739
2015-08-23 03:53:08.019	60831	60101	-70	-60	10
2015-08-23 04:08:08.015	60831	60101	-70	-61	10
2015-08-23 05:13:18.466	60831	60101	-70	-61	10
2015-08-23 05:58:52.462	60831	60101	-70	-60	10	13.38	69.25	3.734
2015-08-23 06:18:28.742	60831	60101	-67	-61	10
2015-08-23 06:54:07.19	60831	60101	-70	-55	10	13.22	69.19	3.734
2015-08-23 07:23:36.143	60831	60101	-70	-60	10
2015-08-23 07:56:30.846	60831	60101	-70	-55	10	13.85	69.0	3.732
2015-08-23 08:28:45.163	60831	60101	-70	-61	10
2015-08-23 08:44:50.418	60831	60101	-70	-60	10	15.4	68.02	3.734
2015-08-23 10:26:03.834	60831	60101	-70	-56	10	18.89	66.51	3.735
2015-08-23 10:55:52.627	60831	60101	-70	-56	10	20.22	65.44	3.735
2015-08-23 12:26:51.602	60831	60101	-70	-56	10	24.08	63.93	3.737
2015-08-23 21:22:31.678	60831	60101	-70	-56	10	22.35	67.11	3.743
2015-08-23 21:53:48.314	60831	60101	-70	-56	10	22.0	66.96	3.743
2015-08-23 22:35:47.887	60831	60101	-70	-55	10
2015-08-24 00:23:54.527	60831	60101	-70	-62	10	20.49	67.13	3.742
2015-08-24 00:46:58.85	60831	60101	-70	-56	10	19.79	67.6	3.741
2015-08-24 01:43:02.41	60831	60101	-70	-62	10
2015-08-24 01:54:52.535	60831	60101	-70	-54	10	19.78	67.34	3.74
2015-08-24 02:29:11.938	60831	60101	-70	-60	10	19.64	67.38	3.741
2015-08-24 02:56:24.706	60831	60101	-67	-60	10
2015-08-24 03:58:41.432	60831	60101	-70	-60	10	19.74	67.22	3.741
2015-08-24 04:08:37.071	60831	60101	-70	-60	10
2015-08-24 04:58:17.246	60831	60101	-70	-55	10	19.63	67.15	3.74
2015-08-24 05:06:42.867	60831	60101	-70	-55	10
2015-08-24 05:22:44.27	60831	60101	-70	-60	10	19.58	67.31	3.74
2015-08-24 06:11:52.466	60831	60101	-70	-61	10
2015-08-24 06:34:07.694	60831	60101	-70	-55	10
2015-08-24 07:19:55.267	60831	60101	-73	-55	10	19.5	67.38	3.739
2015-08-24 11:19:42.534	60831	60101	-70	-55	10	22.24	65.53	3.741
2015-08-24 20:46:47.387	60831	60101	-73	-60	10	22.21	66.57	3.739
2015-08-24 22:12:02.57	60831	60101	-73	-61	10	20.94	67.0	3.741
2015-08-24 22:47:51.266	60831	60101	-70	-57	10	20.39	67.17	3.739
2015-08-24 23:32:57.727	60831	60101	-70	-60	10
2015-08-25 00:39:30.854	60831	60101	-70	-56	10
2015-08-25 01:42:54.635	60831	60101	-70	-55	10	15.79	69.14	3.735
2015-08-25 02:49:50.835	60831	60101	-70	-55	10
2015-08-25 03:14:22.631	60831	60101	-70	-55	10	14.47	69.31	3.735
2015-08-25 04:24:03.37	60831	60101	-70	-55	10
2015-08-25 04:40:19.306	60831	60101	-70	-54	10	13.85	69.36	3.731
2015-08-25 05:00:08.486	60831	60101	-70	-60	10
2015-08-25 05:47:17.95	60831	60101	-70	-60	10	13.86	68.92	3.734
2015-08-25 06:28:14.939	60831	60101	-67	-60	10	13.39	69.22	3.731
2015-08-25 06:49:35.295	60831	60101	-70	-59	10
2015-08-25 07:56:01.279	60831	60101	-70	-55	10	14.11	68.89	3.73
2015-08-25 08:29:04.434	60831	60101	-70	-61	10	15.02	68.39	3.735
2015-08-25 09:15:08.27	60831	60101	-70	-61	10
2015-08-25 09:25:18.358	60831	60101	-70	-56	10	16.82	67.21	3.732
2015-08-25 09:39:02.003	60831	60101	-70	-56	10	17.25	67.07	3.731
2015-08-25 23:27:46.434	60831	60101	-70	-56	10
2015-08-25 23:41:38.098	60831	60101	-70	-56	10	16.64	67.83	3.729
2015-08-26 00:08:33.298	60831	60101	-70	-55	10	16.52	67.83	3.729
2015-08-26 00:44:51.382	60831	60101	-70	-55	10	16.33	67.85	3.731
2015-08-26 01:47:03.747	60831	60101	-70	-56	10	15.47	68.2	3.728
2015-08-26 02:55:32.99	60831	60101	-70	-55	10	13.99	68.95	3.728
2015-08-26 03:58:27.819	60831	60101	-70	-55	10	13.21	69.02	3.728
2015-08-26 04:53:33.302	60831	60101	-70	-60	10
2015-08-26 06:14:44.147	60831	60101	-97	-60	10	12.49	69.19	3.726
2015-08-26 07:05:02.599	60831	60101	-70	-55	10
2015-08-26 07:52:59.714	60831	60101	-70	-56	10	13.52	68.61	3.724
2015-08-26 08:09:34.938	60831	60101	-70	-56	10	13.83	68.34	3.724
2015-08-26 09:23:41.942	60831	60101	-70	-56	10	15.22	67.6	3.726
2015-08-26 09:46:58.822	60831	60101	-70	-59	10	16.0	67.32	3.728
2015-08-26 10:19:20.683	60831	60101	-73	-58	10
2015-08-26 10:25:09.039	60831	60101	-70	-60	10	17.42	66.53	3.726
2015-08-26 11:09:06.746	60831	60101	-70	-60	10	18.5	65.98	3.726
2015-08-26 11:56:08.542	60831	60101	-70	-54	10
2015-08-26 21:52:54.247	60831	60101	-70	-56	10	16.47	67.99	3.728
2015-08-27 01:24:20.395	60831	60101	-70	-56	10	15.4	68.24	3.725
2015-08-27 01:51:30.586	60831	60101	-70	-56	10	15.38	68.21	3.726
2015-08-27 02:36:40.106	60831	60101	-70	-56	10
2015-08-27 04:46:59.266	60831	60101	-70	-56	10
2015-08-27 04:54:58.423	60831	60101	-70	-56	10
2015-08-27 05:20:49.066	60831	60101	-70	-56	10	14.92	68.24	3.726
2015-08-27 05:52:07.503	60831	60101	-70	-56	10
2015-08-27 07:20:29.002	60831	60101	-70	-56	10
2015-08-27 08:02:27.206	60831	60101	-70	-55	10
2015-08-27 12:22:41.918	60831	60101	-70	-58	10	19.7	65.99	3.725
2015-08-27 14:37:10.371	60831	60101	-70	-59	10
2015-08-27 19:19:04.054	60831	60101	-70	-59	10	20.03	66.76	3.729
2015-08-27 20:46:11.167	60831	60101	-70	-56	10	18.38	67.6	3.729
2015-08-27 21:19:53.155	60831	60101	-70	-56	10	17.96	67.75	3.726
2015-08-27 22:09:28.758	60831	60101	-70	-55	10
2015-08-27 23:14:37.106	60831	60101	-70	-55	10
2015-08-28 02:08:05.895	60831	60101	-70	-56	10	14.14	68.84	3.724
2015-08-28 02:44:50.994	60831	60101	-70	-55	10
2015-08-28 03:13:54.223	60831	60101	-70	-55	10	13.46	69.21	3.723
2015-08-28 04:40:25.003	60831	60101	-70	-55	10
2015-08-28 06:49:35.874	60831	60101	-70	-61	10	12.56	69.28	3.723
2015-08-28 16:41:27.542	60831	60101	-73	-61	10	26.29	63.67	3.731
2015-08-28 17:18:08.822	60831	60101	-73	-61	10
2015-08-28 21:43:53.002	60831	60101	-70	-56	10	18.5	68.41	3.73
2015-08-28 23:17:26.598	60831	60101	-70	-56	10	17.43	68.42	3.729
2015-08-29 00:18:22.63	60831	60101	-70	-55	10	16.38	68.75	3.729
2015-08-29 02:08:36.866	60831	60101	-70	-55	10	14.9	69.2	3.726
2015-08-29 04:33:50.435	60831	60101	-70	-60	10
2015-08-29 05:25:53.699	60831	60101	-67	-60	10
2015-08-29 07:17:30.73	60831	60101	-70	-60	10	12.75	69.59	3.721
2015-08-29 07:49:17.963	60831	60101	-70	-60	10
2015-08-29 08:26:53.942	60831	60101	-67	-60	10	14.18	68.71	3.723
2015-08-29 08:54:28.631	60831	60101	-67	-62	10	15.08	68.24	3.724
2015-08-29 10:19:46.875	60831	60101	-70	-56	10	19.99	65.61	3.725
2015-08-29 10:20:02.743	60831	60101	-70	-56	10	19.99	65.61	3.725
2015-08-29 17:35:42.838	60831	60101	-73	-60	10
2015-08-29 18:40:51.064	60831	60101	-73	-61	10
2015-08-29 22:14:40.455	60831	60101	-70	-56	10	22.7	66.77	3.737
2015-08-29 23:01:27.171	60831	60101	-73	-58	10
2015-08-29 23:40:21.242	60831	60101	-70	-59	10	21.49	67.24	3.735
2015-08-30 00:16:06.299	60831	60101	-70	-57	10	21.2	67.19	3.734
2015-08-30 01:11:49.374	60831	60101	-70	-56	10
2015-08-30 03:25:50.871	60831	60101	-70	-56	10	20.94	67.15	3.735
2015-08-30 04:27:16.894	60831	60101	-70	-56	10
2015-08-30 05:32:24.03	60831	60101	-73	-55	10
2015-08-30 08:11:57.818	60831	60101	-70	-59	10	19.24	67.73	3.732
2015-08-30 10:58:11.218	60831	60101	-73	-56	10
2015-08-30 19:19:05.427	60831	60101	-70	-60	10	26.63	65.4	3.737
2015-08-30 19:39:25.586	60831	60101	-70	-58	10
2015-08-30 20:27:03.575	60831	60101	-70	-56	10	24.99	66.38	3.736
2015-08-30 20:57:39.299	60831	60101	-70	-56	10	24.69	66.33	3.736
2015-08-30 21:45:37.33	60831	60101	-70	-59	10	23.76	66.86	3.737
2015-08-30 22:40:07.595	60831	60101	-70	-56	10
2015-08-30 22:54:53.902	60831	60101	-70	-56	10
2015-08-31 01:05:11.062	60831	60101	-70	-56	10
2015-08-31 01:20:24.487	60831	60101	-70	-56	10	21.78	67.47	3.737
2015-08-31 04:20:40.85	60831	60101	-70	-55	10
2015-08-31 05:25:50.306	60831	60101	-70	-55	10
2015-08-31 10:48:08.49	60831	60101	-70	-60	10
2015-08-31 11:12:25.643	60831	60101	-70	-59	10	25.24	64.69	3.732
2015-08-31 17:22:33.915	60831	60101	-73	-59	10
2015-09-01 08:34:42.527	60831	60101	-70	-55	10
2015-09-01 08:38:21.991	60831	60101	-70	-55	10	20.54	67.7	3.731
2015-09-01 22:41:44.579	60831	60101	-70	-56	10
2015-09-01 23:23:49.155	60831	60101	-70	-56	10	24.51	66.99	3.74
2015-09-02 02:21:43.874	60831	60101	-70	-55	10	21.9	68.23	3.736
2015-09-02 03:02:21.455	60831	60101	-70	-55	10
2015-09-02 10:19:03.167	60831	60101	-70	-56	10	25.44	65.22	3.735
2015-09-02 10:54:43.499	60831	60101	-70	-60	10	26.97	64.47	3.735
2015-09-03 01:52:11.99	60831	60101	-70	-55	10
2015-09-03 04:09:10.822	60831	60101	-70	-56	10	21.54	68.42	3.734
2015-09-03 05:27:31.918	60831	60101	-70	-55	10	20.78	68.74	3.734
2015-09-04 00:42:05.499	60831	60101	-70	-55	10	22.33	68.54	3.732
2015-09-04 01:53:21.738	60831	60101	-70	-56	10	22.15	68.36	3.731
2015-09-04 03:08:29.646	60831	60101	-70	-56	10	21.22	68.9	3.731
2015-09-04 04:45:56.047	60831	60101	-67	-55	10	20.58	68.96	3.73
2015-09-04 07:17:18.019	60831	60101	-70	-60	10	19.68	69.33	3.73
2015-09-04 08:14:57.058	60831	60101	-70	-55	10
2015-09-04 11:28:42.59	60831	60101	-70	-57	10	25.4	65.83	3.731
2015-09-04 11:45:37.142	60831	60101	-73	-59	10	25.99	65.52	3.73
2015-09-04 13:14:31.855	60831	60101	-70	-56	10	29.33	63.93	3.734
2015-09-04 13:48:30.699	60831	60101	-70	-56	10	30.07	63.78	3.734
2015-09-04 14:15:12.408	60831	60101	-70	-59	10
2015-09-04 21:31:49.578	60831	60101	-70	-59	10
2015-09-05 01:25:00.31	60831	60101	-67	-60	10	20.14	69.41	3.729
2015-09-05 06:21:44.526	60831	60101	-67	-60	10	18.89	69.55	3.726
2015-09-05 07:03:16.418	60831	60101	-70	-59	10
2015-09-05 07:19:17.432	60831	60101	-70	-59	10	19.04	69.57	3.726
2015-09-05 09:27:06.542	60831	60101	-70	-59	10	22.84	67.11	3.725
2015-09-05 10:18:42.086	60831	60101	-70	-60	10
2015-09-05 15:58:06.702	60831	60101	-70	-56	10	32.24	63.61	3.735
2015-09-06 09:55:27.134	60831	60101	-70	-55	10
2015-09-06 10:12:11.279	60831	60101	-70	-55	10	22.74	67.44	3.723
2015-09-06 11:17:16.322	60831	60101	-70	-58	10
2015-09-06 12:26:19.354	60831	60101	-70	-56	10	26.66	65.69	3.726
2015-09-06 14:59:44.978	60831	60101	-73	-60	10	30.22	64.56	3.73
2015-09-06 15:53:37.863	60831	60101	-73	-60	10	30.55	64.67	3.729
2015-09-06 16:17:13.902	60831	60101	-70	-60	10	30.93	64.52	3.729
2015-09-06 18:46:18.039	60831	60101	-70	-57	10	29.27	66.31	3.734
2015-09-06 19:10:59.302	60831	60101	-70	-56	10	28.96	66.53	3.73
2015-09-06 22:43:46.279	60831	60101	-70	-55	10	22.69	69.73	3.728
2015-09-07 00:20:16.903	60831	60101	-70	-60	10	22.04	69.64	3.728
2015-09-07 00:43:50.462	60831	60101	-67	-60	10	21.97	69.61	3.726
2015-09-07 02:14:58.755	60831	60101	-70	-60	10	21.35	69.88	3.728
2015-09-07 02:47:12.359	60831	60101	-70	-60	10	21.29	69.68	3.725
2015-09-07 03:34:35.759	60831	60101	-70	-60	10
2015-09-07 04:39:44.606	60831	60101	-70	-60	10
2015-09-07 05:19:21.56	60831	60101	-70	-59	10
2015-09-07 07:21:17.706	60831	60101	-70	-59	10	19.14	70.56	3.721
2015-09-07 09:57:14.603	60831	60101	-70	-60	10	23.72	67.67	3.721
2015-09-07 10:41:03.37	60831	60101	-70	-54	10	25.3	66.93	3.723
2015-09-07 11:45:50.75	60831	60101	-70	-62	10	27.8	65.71	3.725
2015-09-07 12:18:23.019	60831	60101	-70	-60	10	28.94	65.25	3.726
2015-09-07 15:31:17.722	60831	60101	-70	-58	10
2015-09-08 02:26:05.41	60831	60101	-67	-60	10	20.99	70.32	3.726
2015-09-08 04:33:11.047	60831	60101	-70	-59	10
2015-09-08 07:48:38.714	60831	60101	-70	-59	10
2015-09-08 08:00:22.126	60831	60101	-67	-59	10
2015-09-08 09:58:59.226	60831	60101	-67	-60	10
2015-09-08 10:25:55.231	60831	60101	-70	-60	10
2015-09-08 14:09:55.254	60831	60101	-70	-55	10	30.76	65.37	3.73
2015-09-08 19:09:43.911	60831	60101	-70	-56	10	30.52	66.73	3.732
2015-09-08 20:50:30.843	60831	60101	-70	-62	10
2015-09-08 21:37:49.51	60831	60101	-67	-55	10	25.36	69.34	3.732
2015-09-08 22:48:56.746	60831	60101	-67	-60	10	23.77	70.04	3.73
2015-09-08 23:22:15.295	60831	60101	-67	-61	10	23.61	69.87	3.73
2015-09-09 00:29:50.243	60831	60101	-70	-59	10	24.07	69.1	3.728
2015-09-09 00:59:09.931	60831	60101	-70	-59	10
2015-09-09 03:21:27.479	60831	60101	-70	-59	10
2015-09-09 03:24:44.11	60831	60101	-70	-59	10
2015-09-09 05:50:15.387	60831	60101	-67	-58	10
2015-09-09 06:55:51.734	60831	60101	-67	-59	10	21.4	69.75	3.725
2015-09-09 09:46:19.526	60831	60101	-70	-60	10	24.49	67.74	3.725
2015-09-09 10:41:19.35	60831	60101	-70	-54	10	26.26	66.77	3.726
2015-09-09 10:41:21.278	60831	60101	-70	-54	10	26.26	66.77	3.726
2015-09-09 12:02:42.662	60831	60101	-67	-54	10
2015-09-09 19:57:15.463	60831	60101	-76	-60	10	20.58	70.19	3.723
2015-09-10 22:47:40.41	60831	60101	-67	-59	10
2015-09-10 23:15:12.61	60831	60101	-67	-58	10	16.72	86.3	3.704
2015-09-11 13:43:12.178	60831	60101	-70	-60	10	23.65	83.99	3.708
2015-09-11 16:40:28.539	60831	60101	-70	-55	10	25.29	82.27	3.71
2015-09-11 19:25:37.203	60831	60101	-70	-59	10
2015-09-11 21:35:55.586	60831	60101	-70	-60	10
2015-09-11 22:07:48.562	60831	60101	-70	-60	10	19.28	83.91	3.709
2015-09-11 23:59:04.87	60831	60101	-67	-59	10	18.49	83.54	3.708
2015-09-12 00:51:23.494	60831	60101	-70	-60	10
2015-09-12 01:45:33.143	60831	60101	-67	-59	10
2015-09-12 16:03:35.074	60831	60101	-73	-60	10
2015-09-12 16:26:30.274	60831	60101	-73	-57	10	14.86	83.21	3.701
2015-09-13 06:14:51.368	60831	60101	-73	-56	10	11.54	83.41	3.696
2015-09-13 11:36:34.846	60831	60101	-67	-59	10
2015-09-14 08:14:19.982	60831	60101	-67	-59	10
2015-09-14 09:19:30.667	60831	60101	-67	-59	10
2015-09-14 10:18:13.54	60831	60101	-67	-58	10	14.89	81.32	3.69
2015-09-14 11:25:40.259	60831	60101	-67	-59	10	17.5	80.4	3.69
2015-09-14 13:51:55.602	60831	60101	-67	-59	10	20.52	79.77	3.696
2015-09-14 15:12:10.989	60831	60101	-67	-59	10	21.67	79.33	3.697
2015-09-14 15:59:32.098	60831	60101	-67	-58	10	22.04	79.26	3.701
2015-09-14 18:00:45.798	60831	60101	-67	-58	10
2015-09-14 18:48:27.263	60831	60101	-67	-60	10	20.97	80.2	3.703
2015-09-14 19:15:15.878	60831	60101	-67	-59	10
2015-09-14 20:41:34.24	60831	60101	-70	-59	10	17.57	81.68	3.702
2015-09-14 23:16:44.65	60831	60101	-67	-59	10	14.42	82.35	3.698
2015-09-15 00:56:16.378	60831	60101	-67	-59	10	13.63	82.41	3.701
2015-09-15 02:24:10.21	60831	60101	-67	-58	10	12.71	82.62	3.699
2015-09-15 07:23:00.722	60831	60101	-67	-58	10
2015-09-15 20:45:43.611	60831	60101	-70	-60	10	18.78	81.14	3.704
2015-09-15 21:09:36.626	60831	60101	-70	-59	10
2015-09-15 21:50:14.83	60831	60101	-67	-59	10	17.75	81.22	3.708
2015-09-15 22:14:46.898	60831	60101	-70	-59	10
2015-09-15 23:19:55.706	60831	60101	-70	-59	10
2015-09-15 23:58:06.587	60831	60101	-67	-59	10	16.33	81.46	3.706
2015-09-16 00:21:48.754	60831	60101	-67	-59	10
2015-09-16 00:47:23.646	60831	60101	-67	-59	10	15.7	81.62	3.704
2015-09-16 01:23:51.73	60831	60101	-67	-59	10	15.28	81.7	3.702
2015-09-16 01:49:35.202	60831	60101	-67	-59	10	14.79	81.76	3.704
2015-09-16 02:35:23.548	60831	60101	-67	-59	10
2015-09-16 02:47:20.919	60831	60101	-67	-59	10
2015-09-16 03:45:44.27	60831	60101	-67	-59	10	13.97	81.9	3.702
2015-09-16 04:39:35.771	60831	60101	-67	-59	10	13.68	81.86	3.702
2015-09-16 05:12:56.599	60831	60101	-67	-58	10
2015-09-17 15:40:39.279	60831	60101	-67	-59	10	27.27	76.19	3.703
2015-09-18 04:32:33.258	60831	60101	-67	-58	10
2015-09-18 10:34:53.25	60831	60101	-67	-59	10
2015-09-18 13:00:26.883	60831	60101	-70	-61	10
