result_time	node_id	parent_id	stats_frssi	stats_brssi	etx	temperature	humidity	voltage
2015-07-17 17:20:13.967	61031	60101	-73	-62	10	26.97	68.99	3.972
2015-07-17 18:39:14.218	61031	60101	-73	-62	10	27.55	67.46	3.969
2015-07-17 18:50:15.73	61031	60101	-73	-62	10
2015-07-17 20:59:10.627	61031	60101	-73	-62	10
2015-07-17 21:57:34.246	61031	60101	-73	-62	10	25.41	70.17	3.968
2015-07-17 23:17:55.266	61031	60101	-73	-61	10
2015-07-18 00:59:05.691	61031	60101	-73	-62	10	24.6	72.56	3.963
2015-07-18 01:26:30.751	61031	60101	-73	-60	10	24.49	72.99	3.964
2015-07-18 03:06:17.107	61031	60101	-73	-61	10	24.55	73.39	3.961
2015-07-18 03:29:04.571	61031	60101	-73	-61	10	24.51	73.66	3.961
2015-07-18 04:34:14.671	61031	60101	-73	-61	10	24.11	74.08	3.959
2015-07-18 05:34:47.339	61031	60101	-73	-61	10
2015-07-18 06:33:39.963	61031	60101	-73	-61	10	23.36	75.17	3.959
2015-07-18 07:36:29.423	61031	60101	-73	-61	10	23.95	76.42	3.957
2015-07-18 08:04:21.131	61031	60101	-73	-62	10	24.0	76.68	3.957
2015-07-18 09:05:14.147	61031	60101	-73	-62	10	25.44	76.37	3.957
2015-07-18 09:35:09.663	61031	60101	-73	-62	10	25.65	75.62	3.956
2015-07-18 10:51:10.37	61031	60101	-73	-62	10	27.47	71.01	3.957
2015-07-18 12:31:01.907	61031	60101	-76	-64	10
2015-07-18 13:03:24.855	61031	60101	-73	-61	10	29.15	67.39	3.956
2015-07-18 14:09:54.211	61031	60101	-76	-62	10	30.05	65.88	3.958
2015-07-18 14:21:38.602	61031	60101	-76	-63	10	30.38	65.13	3.957
2015-07-18 15:35:55.179	61031	60101	-76	-62	10	30.27	65.59	3.956
2015-07-18 17:30:38.494	61031	60101	-76	-62	10	30.68	64.36	3.956
2015-07-18 21:30:34.434	61031	60101	-73	-61	10	26.04	69.77	3.952
2015-07-18 22:09:30.222	61031	60101	-73	-62	10	25.19	71.04	3.952
2015-07-18 22:26:34.299	61031	60101	-70	-61	10	24.8	71.76	3.95
2015-07-19 00:26:44.718	61031	60101	-73	-60	10	24.82	72.8	3.95
2015-07-19 00:54:55.51	61031	60101	-73	-62	10
2015-07-19 00:55:51.142	61031	60101	-73	-61	10	24.58	73.26	3.948
2015-07-19 02:21:17.73	61031	60101	-73	-58	10	24.06	74.48	3.947
2015-07-19 02:56:23.898	61031	60101	-73	-59	10	23.9	75.08	3.936
2015-07-19 03:03:50.687	61031	60101	-73	-61	10
2015-07-19 04:09:29.622	61031	60101	-70	-61	10	23.33	76.81	3.945
2015-07-19 04:55:33.026	61031	60101	-70	-60	10	23.54	76.85	3.944
2015-07-19 05:02:25.447	61031	60101	-73	-61	10
2015-07-19 05:12:43.706	61031	60101	-70	-60	10
2015-07-19 05:28:00.734	61031	60101	-73	-60	10	23.45	77.59	3.945
2015-07-19 05:50:07.222	61031	60101	-73	-60	10	23.29	77.72	3.944
2015-07-19 06:28:17.507	61031	60101	-73	-60	10	23.03	78.91	3.944
2015-07-19 06:48:00.519	61031	60101	-70	-60	10	23.02	78.62	3.945
2015-07-19 07:19:40.17	61031	60101	-73	-60	10	23.17	78.46	3.944
2015-07-19 07:21:42.603	61031	60101	-73	-60	10
2015-07-19 08:04:31.154	61031	60101	-73	-60	10	23.76	78.24	3.942
2015-07-19 08:20:44.651	61031	60101	-73	-63	10
2015-07-19 08:54:40.259	61031	60101	-73	-61	10	24.74	77.2	3.942
2015-07-19 10:54:45.814	61031	60101	-73	-61	10	27.33	73.45	3.944
2015-07-19 13:48:21.698	61031	60101	-73	-64	10
2015-07-19 15:33:33.198	61031	60101	-76	-64	10	30.79	66.81	3.944
2015-07-19 15:57:15.322	61031	60101	-76	-64	10
2015-07-19 16:05:08.214	61031	60101	-76	-63	10	30.85	66.97	3.944
2015-07-19 18:06:10.935	61031	60101	-76	-64	10
2015-07-19 19:07:36.222	61031	60101	-73	-62	10	28.29	70.58	3.942
2015-07-19 20:02:57.254	61031	60101	-73	-62	10	27.16	72.6	3.941
2015-07-19 20:18:43.93	61031	60101	-73	-63	10	26.38	73.32	3.939
2015-07-19 23:52:38.35	61031	60101	-73	-63	10	23.84	76.18	3.936
2015-07-20 04:22:12.999	61031	60101	-73	-61	10	21.85	78.13	3.933
2015-07-20 09:08:30.447	61031	60101	-73	-61	10
2015-07-20 09:47:58.458	61031	60101	-73	-62	10	23.22	79.9	3.93
2015-07-20 15:39:55.67	61031	60101	-76	-63	10	29.41	57.99	3.931
2015-07-20 19:07:05.69	61031	60101	-73	-62	10	27.86	61.67	3.93
2015-07-20 20:28:42.244	61031	60101	-73	-60	10	26.4	64.73	3.929
2015-07-21 02:58:31.634	61031	60101	-73	-63	10	20.86	77.37	3.922
2015-07-21 04:05:29.066	61031	60101	-73	-64	10	21.57	76.37	3.92
2015-07-21 06:36:38.478	61031	60101	-73	-61	10
2015-07-21 15:13:16.862	61031	60101	-70	-60	10
2015-07-21 15:21:54.027	61031	60101	-70	-60	10	21.53	76.85	3.917
2015-07-21 15:49:29.546	61031	60101	-70	-60	10	21.58	76.99	3.918
2015-07-21 16:23:31.674	61031	60101	-70	-58	10	23.44	74.99	3.916
2015-07-21 17:10:18.842	61031	60101	-70	-62	10	25.24	70.23	3.918
2015-07-21 17:22:04.142	61031	60101	-73	-62	10
2015-07-21 18:20:43.106	61031	60101	-73	-62	10	25.47	65.94	3.917
2015-07-21 19:30:57.267	61031	60101	-73	-60	10
2015-07-21 19:49:45.202	61031	60101	-73	-60	10
2015-07-21 21:05:46.094	61031	60101	-73	-60	10	21.13	68.21	3.916
2015-07-21 21:39:51.875	61031	60101	-73	-60	10
2015-07-21 22:37:31.53	61031	60101	-70	-60	10	18.79	70.45	3.913
2015-07-21 23:07:59.832	61031	60101	-73	-60	10
2015-07-21 23:48:47.058	61031	60101	-70	-60	10
2015-07-22 00:31:41.979	61031	60101	-70	-60	10	15.82	74.98	3.909
2015-07-22 01:23:23.027	61031	60101	-73	-60	10	15.14	75.94	3.909
2015-07-22 01:57:40.738	61031	60101	-70	-60	10
2015-07-22 02:35:12.978	61031	60101	-70	-60	10	14.49	76.89	3.905
2015-07-22 03:54:31.362	61031	60101	-70	-60	10	14.22	77.51	3.907
2015-07-22 04:30:11.534	61031	60101	-70	-60	10	13.83	78.24	3.905
2015-07-22 05:28:45.431	61031	60101	-70	-59	10	14.15	77.8	3.905
2015-07-22 06:15:29.146	61031	60101	-70	-59	10
2015-07-22 07:08:22.335	61031	60101	-70	-59	10	14.61	79.22	3.902
2015-07-22 08:24:23.871	61031	60101	-70	-60	10
2015-07-22 10:01:43.523	61031	60101	-73	-60	10	20.24	71.3	3.906
2015-07-22 10:33:18.243	61031	60101	-73	-60	10
2015-07-22 11:58:09.783	61031	60101	-73	-62	10	22.63	63.66	3.906
2015-07-22 12:21:10.631	61031	60101	-73	-58	10
2015-07-22 12:57:11.855	61031	60101	-70	-62	10	23.15	60.02	3.906
2015-07-22 14:07:36.471	61031	60101	-73	-57	10	23.68	58.07	3.906
2015-07-22 14:51:06.935	61031	60101	-73	-61	10
2015-07-22 15:39:38.382	61031	60101	-70	-59	10
2015-07-22 16:20:17.858	61031	60101	-70	-60	10	23.65	58.22	3.907
2015-07-22 17:32:56.883	61031	60101	-70	-61	10	24.08	57.48	3.906
2015-07-22 18:57:39.638	61031	60101	-73	-60	10
2015-07-22 19:49:29.075	61031	60101	-70	-60	10	22.04	60.57	3.905
2015-07-22 21:58:05.479	61031	60101	-73	-60	10	19.0	65.41	3.903
2015-07-22 22:15:57.091	61031	60101	-70	-60	10
2015-07-22 22:19:16.394	61031	60101	-70	-60	10	18.42	66.25	3.903
2015-07-22 22:57:29.942	61031	60101	-73	-60	10	17.5	67.7	3.902
2015-07-22 23:26:43.543	61031	60101	-70	-60	10
2015-07-22 23:58:37.61	61031	60101	-70	-60	10	16.18	69.74	3.9
2015-07-23 00:58:53.994	61031	60101	-73	-60	10	15.86	70.37	3.898
2015-07-23 01:34:16.551	61031	60101	-70	-60	10	15.54	71.07	3.897
2015-07-23 01:49:31.902	61031	60101	-70	-60	10	15.52	71.23	3.898
2015-07-23 02:50:30.711	61031	60101	-73	-60	10	15.64	71.17	3.898
2015-07-23 03:44:31.947	61031	60101	-70	-60	10
2015-07-23 04:39:27.443	61031	60101	-70	-57	10	14.45	73.54	3.895
2015-07-23 05:07:34.327	61031	60101	-70	-60	10	14.29	74.33	3.895
2015-07-23 05:53:26.742	61031	60101	-70	-60	10
2015-07-23 06:26:49.155	61031	60101	-70	-60	10	14.36	74.37	3.894
2015-07-23 07:33:05.943	61031	60101	-73	-60	10	15.2	73.71	3.891
2015-07-23 08:03:50.282	61031	60101	-70	-60	10	16.45	72.65	3.894
2015-07-23 08:20:05.658	61031	60101	-70	-60	10	17.38	71.42	3.895
2015-07-23 09:19:59.286	61031	60101	-70	-60	10	19.29	69.82	3.895
2015-07-23 10:11:15.282	61031	60101	-73	-58	10
2015-07-23 10:55:53.778	61031	60101	-70	-60	10	22.09	65.97	3.894
2015-07-23 11:29:03.43	61031	60101	-70	-60	10
2015-07-23 12:34:46.835	61031	60101	-70	-60	10	24.14	61.26	3.897
2015-07-23 13:22:19.762	61031	60101	-70	-60	10	24.83	58.3	3.9
2015-07-23 15:02:01.318	61031	60101	-73	-60	10	25.99	54.9	3.9
2015-07-23 16:37:57.927	61031	60101	-73	-60	10
2015-07-23 17:20:02.371	61031	60101	-73	-60	10	26.83	52.8	3.901
2015-07-23 18:31:36.663	61031	60101	-73	-61	10	26.22	54.46	3.901
2015-07-23 20:38:39.987	61031	60101	-70	-58	10	22.08	60.97	3.9
2015-07-23 21:23:34.614	61031	60101	-97	-60	10	20.29	63.78	3.9
2015-07-23 23:03:22.89	61031	60101	-70	-60	10	19.22	65.22	3.898
2015-07-23 23:37:17.114	61031	60101	-73	-60	10	18.31	66.2	3.896
2015-07-24 00:21:18.646	61031	60101	-70	-60	10	17.28	67.6	3.895
2015-07-24 00:59:51.81	61031	60101	-70	-60	10	16.68	68.17	3.895
2015-07-24 01:29:37.755	61031	60101	-73	-57	10	15.57	69.51	3.894
2015-07-24 02:34:41.566	61031	60101	-70	-57	10	14.64	70.05	3.892
2015-07-24 03:22:28.93	61031	60101	-70	-60	10
2015-07-24 04:00:27.463	61031	60101	-70	-59	10
2015-07-24 04:29:36.694	61031	60101	-70	-60	10	13.79	71.33	3.885
2015-07-24 05:27:02.91	61031	60101	-70	-59	10	13.32	72.71	3.889
2015-07-24 05:56:27.046	61031	60101	-70	-59	10	13.11	72.75	3.889
2015-07-24 07:02:18.415	61031	60101	-70	-60	10	13.71	72.52	3.889
2015-07-24 07:18:43.858	61031	60101	-70	-57	10
2015-07-24 08:09:26.854	61031	60101	-73	-57	10	15.54	70.69	3.889
2015-07-24 09:05:17.331	61031	60101	-70	-60	10	18.83	67.74	3.89
2015-07-24 09:49:12.186	61031	60101	-70	-57	10
2015-07-24 10:22:41.595	61031	60101	-73	-60	10	21.71	65.61	3.891
2015-07-24 10:52:14.119	61031	60101	-70	-59	10	22.85	64.32	3.876
2015-07-24 11:48:40.215	61031	60101	-70	-60	10	24.21	62.29	3.892
2015-07-24 12:28:20.638	61031	60101	-73	-59	10	25.68	59.04	3.892
2015-07-24 13:18:49.727	61031	60101	-70	-58	10	26.52	57.07	3.894
2015-07-24 13:55:28.718	61031	60101	-73	-58	10
2015-07-24 14:31:11.326	61031	60101	-70	-62	10	27.36	55.78	3.894
2015-07-24 15:26:11.819	61031	60101	-76	-60	10	27.77	55.43	3.896
2015-07-24 16:15:54.151	61031	60101	-73	-58	10
2015-07-24 16:53:09.723	61031	60101	-73	-60	10	27.88	55.51	3.897
2015-07-24 17:32:12.107	61031	60101	-73	-61	10	29.3	52.78	3.898
2015-07-24 20:31:53.239	61031	60101	-73	-62	10
2015-07-24 20:36:52.663	61031	60101	-73	-62	10	25.05	58.43	3.897
2015-07-24 21:40:02.79	61031	60101	-73	-60	10	23.04	61.03	3.895
2015-07-24 22:35:15.434	61031	60101	-73	-60	10	21.85	62.59	3.894
2015-07-24 22:49:06.851	61031	60101	-70	-60	10	21.61	62.73	3.894
2015-07-24 23:49:39.439	61031	60101	-73	-60	10	20.39	64.4	3.894
2015-07-25 00:30:50.278	61031	60101	-73	-60	10	19.64	65.4	3.891
2015-07-25 00:57:17.586	61031	60101	-70	-60	10	19.57	65.39	3.892
2015-07-25 02:09:51.706	61031	60101	-70	-60	10	18.39	67.1	3.89
2015-07-25 02:49:06.75	61031	60101	-70	-60	10	18.33	67.82	3.89
2015-07-25 03:08:24.246	61031	60101	-73	-60	10
2015-07-25 03:49:07.846	61031	60101	-70	-60	10	16.97	69.25	3.89
2015-07-25 05:03:05.39	61031	60101	-70	-60	10	16.17	70.2	3.889
2015-07-25 05:24:30.614	61031	60101	-73	-60	10	16.03	70.48	3.87
2015-07-25 06:18:58.262	61031	60101	-73	-60	10	15.52	71.41	3.886
2015-07-25 07:08:59.724	61031	60101	-70	-60	10	15.64	71.79	3.886
2015-07-25 07:36:16.055	61031	60101	-73	-60	10	16.64	70.26	3.886
2015-07-25 08:24:09.162	61031	60101	-70	-60	10	19.0	67.94	3.887
2015-07-25 09:27:09.006	61031	60101	-73	-60	10
2015-07-25 09:44:58.098	61031	60101	-73	-60	10
2015-07-25 10:49:16.138	61031	60101	-73	-60	10	24.58	62.95	3.89
2015-07-25 15:32:21.487	61031	60101	-73	-60	10	29.85	54.26	3.894
2015-07-25 15:53:58.978	61031	60101	-73	-60	10	30.08	52.82	3.894
2015-07-25 16:21:38.11	61031	60101	-73	-60	10	30.38	52.15	3.894
2015-07-25 17:38:06.894	61031	60101	-73	-60	10	31.52	48.2	3.895
2015-07-25 19:03:27.57	61031	60101	-73	-61	10	29.19	51.83	3.895
2015-07-25 19:39:47.271	61031	60101	-73	-60	10
2015-07-25 20:11:40.591	61031	60101	-73	-60	10
2015-07-25 21:06:30.163	61031	60101	-73	-60	10	25.27	57.17	3.894
2015-07-25 21:57:18.322	61031	60101	-73	-60	10	23.76	59.63	3.892
2015-07-25 22:35:18.523	61031	60101	-73	-60	10	23.42	60.7	3.892
2015-07-25 23:02:37.303	61031	60101	-73	-60	10	23.65	60.1	3.892
2015-07-25 23:50:37.686	61031	60101	-73	-60	10	23.29	61.19	3.891
2015-07-26 00:29:28.807	61031	60101	-73	-60	10
2015-07-26 01:32:04.511	61031	60101	-73	-60	10	22.15	63.53	3.89
2015-07-26 02:36:57.615	61031	60101	-73	-60	10	20.82	66.78	3.887
2015-07-26 04:02:13.034	61031	60101	-70	-58	10	20.1	69.88	3.886
2015-07-26 04:49:20.518	61031	60101	-73	-60	10	20.28	72.24	3.886
2015-07-26 05:34:37.631	61031	60101	-73	-60	10
2015-07-26 06:59:36.887	61031	60101	-73	-60	10	19.46	72.99	3.885
2015-07-26 17:27:32.622	61031	60101	-73	-60	10	27.11	66.07	3.89
2015-07-26 18:09:45.886	61031	60101	-73	-62	10	28.22	64.44	3.889
2015-07-26 18:47:44.682	61031	60101	-73	-61	10
2015-07-26 19:27:41.338	61031	60101	-73	-60	10	25.72	67.29	3.889
2015-07-27 03:50:15.975	61031	60101	-73	-60	10	20.64	75.33	3.883
2015-07-27 04:42:35.466	61031	60101	-73	-60	10
2015-07-27 07:31:20.239	61031	60101	-73	-60	10	20.61	77.19	3.88
2015-07-27 08:33:25.139	61031	60101	-73	-58	10	21.22	78.66	3.879
2015-07-27 08:49:04.85	61031	60101	-73	-60	10	21.56	78.79	3.88
2015-07-27 09:53:05.762	61031	60101	-73	-60	10	22.68	78.73	3.88
2015-07-27 10:38:40.611	61031	60101	-73	-58	10	24.35	76.42	3.881
2015-07-27 11:02:03.006	61031	60101	-73	-61	10	25.19	75.11	3.881
2015-07-27 11:39:24.666	61031	60101	-70	-60	10	26.46	73.33	3.883
2015-07-27 13:07:47.87	61031	60101	-73	-60	10	27.24	71.99	3.884
2015-07-27 13:51:52.944	61031	60101	-73	-60	10	28.22	70.05	3.884
2015-07-27 14:37:24.91	61031	60101	-73	-63	10
2015-07-27 15:09:45.938	61031	60101	-70	-60	10
2015-07-27 16:01:29.463	61031	60101	-73	-60	10	30.16	64.85	3.885
2015-07-27 16:53:43.39	61031	60101	-73	-62	10	30.38	63.29	3.886
2015-07-27 17:31:37.247	61031	60101	-73	-60	10	31.11	61.35	3.885
2015-07-27 18:05:03.531	61031	60101	-73	-61	10	31.04	62.23	3.886
2015-07-27 19:09:37.382	61031	60101	-73	-61	10	29.3	63.32	3.87
2015-07-27 19:27:34.402	61031	60101	-73	-62	10
2015-07-27 20:20:55.202	61031	60101	-73	-61	10	26.66	67.02	3.884
2015-07-27 21:13:58.502	61031	60101	-73	-61	10
2015-07-27 21:36:28.654	61031	60101	-73	-61	10
2015-07-27 22:19:52.791	61031	60101	-73	-61	10	22.86	71.54	3.881
2015-07-27 23:36:27.454	61031	60101	-73	-61	10	22.08	72.39	3.881
2015-07-27 23:55:25.766	61031	60101	-73	-60	10	21.97	72.54	3.88
2015-07-28 00:32:14.794	61031	60101	-73	-61	10
2015-07-28 01:24:16.934	61031	60101	-73	-61	10	21.74	72.96	3.881
2015-07-28 02:06:00.306	61031	60101	-73	-61	10	21.22	74.28	3.879
2015-07-28 02:57:50.415	61031	60101	-73	-61	10	20.92	74.68	3.879
2015-07-28 03:50:32.91	61031	60101	-73	-60	10
2015-07-28 04:03:12.946	61031	60101	-73	-61	10
2015-07-28 04:50:34.055	61031	60101	-73	-61	10	20.35	77.24	3.878
2015-07-28 05:59:57.351	61031	60101	-73	-61	10	20.11	78.12	3.876
2015-07-28 08:21:00.002	61031	60101	-73	-61	10
2015-07-28 08:22:06.83	61031	60101	-73	-61	10	21.25	77.46	3.876
2015-07-28 09:03:38.966	61031	60101	-73	-61	10	22.75	75.86	3.878
2015-07-28 09:48:41.039	61031	60101	-73	-62	10	24.47	74.95	3.878
2015-07-28 10:27:24.443	61031	60101	-73	-60	10	25.83	74.14	3.878
2015-07-28 11:05:42.966	61031	60101	-73	-61	10	26.97	72.82	3.879
2015-07-28 12:08:31.367	61031	60101	-73	-61	10	28.94	69.98	3.879
2015-07-28 12:38:47.855	61031	60101	-73	-63	10
2015-07-28 13:18:28.063	61031	60101	-73	-61	10	30.22	66.68	3.881
2015-07-28 13:48:35.398	61031	60101	-73	-61	10	30.55	65.0	3.881
2015-07-28 14:56:01.83	61031	60101	-73	-62	10	29.16	64.35	3.881
2015-07-28 16:09:09.314	61031	60101	-73	-62	10	31.27	60.85	3.883
2015-07-28 16:56:37.262	61031	60101	-73	-61	10
2015-07-28 17:07:46.726	61031	60101	-73	-60	10	30.52	61.35	3.874
2015-07-28 17:54:14.487	61031	60101	-73	-62	10	30.49	61.01	3.883
2015-07-28 19:05:32.842	61031	60101	-73	-64	10
2015-07-28 19:31:11.003	61031	60101	-73	-63	10	28.94	62.78	3.883
2015-07-28 20:18:39.543	61031	60101	-73	-62	10	27.04	65.34	3.88
2015-07-28 20:51:46.962	61031	60101	-73	-61	10	26.19	66.03	3.881
2015-07-28 21:39:31.739	61031	60101	-73	-61	10	24.94	67.65	3.879
2015-07-28 22:38:20.711	61031	60101	-73	-61	10	24.44	68.11	3.879
2015-07-28 23:23:20.003	61031	60101	-73	-61	10
2015-07-28 23:40:12.202	61031	60101	-73	-61	10
2015-07-29 00:36:26.634	61031	60101	-73	-61	10	23.18	70.05	3.878
2015-07-29 01:32:14.347	61031	60101	-73	-59	10
2015-07-29 01:58:56.002	61031	60101	-73	-61	10	22.22	71.78	3.876
2015-07-29 02:54:45.038	61031	60101	-73	-61	10	21.61	72.96	3.878
2015-07-29 03:34:40.435	61031	60101	-73	-61	10	21.25	73.3	3.875
2015-07-29 03:57:35.51	61031	60101	-73	-61	10	21.11	73.88	3.876
2015-07-29 05:02:38.174	61031	60101	-73	-61	10	20.5	75.19	3.875
2015-07-29 05:50:01.99	61031	60101	-73	-59	10
2015-07-29 06:16:47.422	61031	60101	-73	-61	10
2015-07-29 07:00:47.287	61031	60101	-73	-61	10	19.97	76.18	3.873
2015-07-29 07:58:58.426	61031	60101	-73	-61	10
2015-07-29 08:35:13.946	61031	60101	-73	-58	10	22.15	73.56	3.874
2015-07-29 09:35:02.775	61031	60101	-73	-61	10
2015-07-29 09:51:43.67	61031	60101	-73	-60	10	25.32	71.24	3.875
2015-07-29 10:32:46.567	61031	60101	-73	-61	10	26.61	70.93	3.875
2015-07-29 11:21:41.902	61031	60101	-73	-61	10	27.97	69.8	3.865
2015-07-29 12:16:46.647	61031	60101	-73	-62	10
2015-07-29 13:02:23.074	61031	60101	-73	-62	10	30.16	66.61	3.878
2015-07-29 13:58:27.638	61031	60101	-73	-61	10	30.29	66.58	3.879
2015-07-29 14:37:40.91	61031	60101	-73	-61	10	30.6	65.79	3.879
2015-07-29 16:11:35.07	61031	60101	-73	-62	10
2015-07-29 16:34:34.003	61031	60101	-73	-61	10
2015-07-29 17:20:56.13	61031	60101	-73	-62	10	30.99	65.35	3.878
2015-07-29 18:31:00.047	61031	60101	-73	-62	10	31.5	63.28	3.88
2015-07-29 18:48:50.606	61031	60101	-73	-62	10	31.19	63.81	3.88
2015-07-29 19:29:52.351	61031	60101	-73	-62	10
2015-07-29 20:29:40.011	61031	60101	-73	-62	10	28.63	66.71	3.879
2015-07-29 20:59:07.39	61031	60101	-73	-61	10	27.63	68.06	3.879
2015-07-29 21:57:34.518	61031	60101	-73	-62	10	26.57	69.38	3.876
2015-07-29 22:48:08.643	61031	60101	-73	-62	10
2015-07-29 23:03:38.038	61031	60101	-73	-62	10	25.76	70.52	3.878
2015-07-29 23:58:54.155	61031	60101	-73	-61	10	24.76	72.65	3.878
2015-07-30 01:08:06.583	61031	60101	-73	-61	10	24.69	73.28	3.874
2015-07-30 01:28:21.911	61031	60101	-73	-62	10	24.61	73.43	3.874
2015-07-30 02:06:25.915	61031	60101	-73	-62	10
2015-07-30 02:52:26.499	61031	60101	-73	-61	10	24.65	74.02	3.875
2015-07-30 03:27:13.055	61031	60101	-73	-61	10	24.63	74.95	3.873
2015-07-30 04:36:48.02	61031	60101	-73	-61	10	24.24	76.21	3.873
2015-07-30 05:28:00.45	61031	60101	-73	-62	10
2015-07-30 06:23:07.827	61031	60101	-76	-62	10	23.94	79.71	3.873
2015-07-30 07:36:54.25	61031	60101	-70	-61	10
2015-07-30 07:59:49.838	61031	60101	-73	-61	10	23.04	79.02	3.87
2015-07-30 08:43:02.45	61031	60101	-73	-60	10
2015-07-30 09:32:04.222	61031	60101	-73	-63	10	24.19	73.73	3.872
2015-07-30 10:01:35.474	61031	60101	-73	-64	10	24.8	71.39	3.87
2015-07-30 11:03:36.539	61031	60101	-73	-60	10	26.24	66.83	3.872
2015-07-30 11:54:41.794	61031	60101	-73	-61	10
2015-07-30 12:01:16.282	61031	60101	-73	-61	10
2015-07-30 13:00:02.374	61031	60101	-73	-63	10	28.52	55.79	3.874
2015-07-30 13:58:16.814	61031	60101	-76	-62	10	29.08	52.04	3.874
2015-07-30 14:22:20.334	61031	60101	-73	-64	10	29.29	50.61	3.875
2015-07-30 15:59:07.855	61031	60101	-73	-62	10	29.86	46.44	3.874
2015-07-30 16:19:56.231	61031	60101	-73	-64	10	29.99	46.22	3.875
2015-07-30 17:33:22.995	61031	60101	-76	-64	10	29.76	45.59	3.874
2015-07-30 18:21:35.014	61031	60101	-73	-61	10
2015-07-30 18:37:49.539	61031	60101	-73	-60	10
2015-07-30 19:06:03.794	61031	60101	-73	-62	10	28.05	47.88	3.874
2015-07-30 21:56:05.986	61031	60101	-73	-61	10
2015-07-30 22:06:30.258	61031	60101	-73	-61	10	23.56	57.28	3.87
2015-07-30 22:39:13.786	61031	60101	-73	-61	10
2015-07-30 23:21:11.53	61031	60101	-73	-61	10	21.44	61.19	3.869
2015-07-31 00:32:27.631	61031	60101	-73	-60	10	20.4	63.21	3.868
2015-07-31 00:58:23.999	61031	60101	-73	-61	10	20.14	63.49	3.868
2015-07-31 01:20:07.243	61031	60101	-73	-60	10	19.82	64.07	3.865
2015-07-31 02:27:06.779	61031	60101	-73	-61	10	19.1	65.63	3.865
2015-07-31 03:04:29.151	61031	60101	-73	-60	10	19.03	66.04	3.867
2015-07-31 04:08:52.222	61031	60101	-70	-60	10	18.38	67.69	3.865
2015-07-31 04:32:39.45	61031	60101	-73	-60	10
2015-07-31 05:08:05.014	61031	60101	-73	-61	10	17.72	68.86	3.863
2015-07-31 06:02:06.495	61031	60101	-73	-60	10	17.57	69.22	3.862
2015-07-31 06:49:51.079	61031	60101	-73	-58	10	17.77	69.56	3.861
2015-07-31 07:17:55.391	61031	60101	-70	-60	10	18.24	68.92	3.862
2015-07-31 07:50:56.578	61031	60101	-73	-61	10
2015-07-31 08:53:45.963	61031	60101	-73	-61	10	20.96	66.81	3.864
2015-07-31 09:39:01.062	61031	60101	-70	-61	10	22.78	65.21	3.863
2015-07-31 10:30:43.93	61031	60101	-73	-60	10	24.61	62.98	3.865
2015-07-31 11:09:14.802	61031	60101	-73	-61	10
2015-07-31 11:53:17.555	61031	60101	-73	-61	10	26.74	57.26	3.865
2015-07-31 13:37:33.303	61031	60101	-73	-60	10	28.55	50.78	3.867
2015-07-31 14:05:23.375	61031	60101	-73	-61	10	28.93	47.95	3.868
2015-07-31 14:27:30.352	61031	60101	-73	-62	10
2015-07-31 15:19:22.871	61031	60101	-73	-63	10	29.52	45.93	3.869
2015-07-31 17:45:48.051	61031	60101	-73	-62	10
2015-07-31 18:06:40.391	61031	60101	-76	-62	10	28.82	49.22	3.867
2015-07-31 19:07:02.134	61031	60101	-73	-62	10	27.77	50.71	3.868
2015-07-31 20:04:25.99	61031	60101	-73	-62	10	26.8	51.71	3.867
2015-07-31 20:23:30.382	61031	60101	-73	-62	10	26.22	52.21	3.865
2015-07-31 21:04:02.196	61031	60101	-73	-62	10
2015-07-31 21:48:38.771	61031	60101	-73	-61	10	24.22	54.74	3.865
2015-07-31 22:21:23.547	61031	60101	-73	-61	10	23.96	55.11	3.864
2015-07-31 23:38:37.356	61031	60101	-73	-61	10	23.04	56.71	3.865
2015-08-01 00:22:19.222	61031	60101	-73	-61	10
2015-08-01 00:31:53.735	61031	60101	-73	-61	10	22.67	57.3	3.863
2015-08-01 01:33:05.563	61031	60101	-73	-60	10	22.94	58.26	3.863
2015-08-01 02:34:59.026	61031	60101	-73	-59	10
2015-08-01 03:23:53.546	61031	60101	-73	-60	10	21.82	62.08	3.863
2015-08-01 03:58:45.251	61031	60101	-73	-61	10	21.33	63.42	3.862
2015-08-01 04:43:52.95	61031	60101	-70	-60	10
2015-08-01 05:25:27.415	61031	60101	-73	-60	10	19.58	65.71	3.859
2015-08-01 06:34:08.343	61031	60101	-73	-58	10	18.0	68.13	3.858
2015-08-01 06:58:53.231	61031	60101	-73	-60	10
2015-08-01 07:38:16.097	61031	60101	-73	-60	10	18.47	67.84	3.859
2015-08-01 08:18:18.587	61031	60101	-70	-58	10	19.82	66.95	3.858
2015-08-01 12:48:40.039	61031	60101	-73	-60	10	26.88	51.94	3.861
2015-08-01 14:51:02.526	61031	60101	-73	-62	10	27.82	48.47	3.861
2015-08-01 16:53:45.491	61031	60101	-73	-58	10
2015-08-01 18:02:30.878	61031	60101	-73	-62	10	24.69	50.02	3.858
2015-08-01 19:46:13.227	61031	60101	-73	-61	10
2015-08-01 20:11:59.695	61031	60101	-73	-61	10
2015-08-01 21:18:07.754	61031	60101	-73	-61	10	21.22	57.7	3.858
2015-08-02 01:48:32.098	61031	60101	-73	-61	10	17.9	68.61	3.853
2015-08-02 02:28:29.087	61031	60101	-73	-61	10	18.14	68.85	3.854
2015-08-02 02:56:48.455	61031	60101	-73	-61	10	18.39	68.67	3.853
2015-08-02 03:55:56.667	61031	60101	-73	-60	10	17.04	70.39	3.857
2015-08-02 04:31:42.546	61031	60101	-73	-61	10	16.36	70.79	3.852
2015-08-02 05:39:51.354	61031	60101	-73	-61	10	16.96	70.43	3.85
2015-08-02 06:06:49.818	61031	60101	-73	-60	10
2015-08-02 06:30:52.094	61031	60101	-73	-60	10
2015-08-02 07:28:40.238	61031	60101	-73	-62	10	17.93	70.45	3.851
2015-08-02 08:28:27.11	61031	60101	-73	-61	10	19.52	69.27	3.851
2015-08-02 09:00:52.955	61031	60101	-73	-58	10	20.27	68.93	3.851
2015-08-02 09:36:40.166	61031	60101	-73	-62	10	21.38	67.6	3.851
2015-08-02 10:33:46.37	61031	60101	-73	-61	10	23.39	65.23	3.853
2015-08-02 11:08:51.206	61031	60101	-73	-62	10	24.61	63.82	3.852
2015-08-02 11:52:34.379	61031	60101	-73	-62	10	25.86	62.08	3.854
2015-08-02 12:20:32.11	61031	60101	-73	-62	10	30.47	53.39	3.856
2015-08-02 14:06:24.207	61031	60101	-73	-61	10	28.38	57.12	3.858
2015-08-02 14:58:01.81	61031	60101	-73	-62	10	29.21	54.84	3.857
2015-08-02 16:05:39.698	61031	60101	-73	-63	10	28.94	53.98	3.859
2015-08-02 17:15:18.443	61031	60101	-73	-62	10
2015-08-02 18:02:48.658	61031	60101	-76	-64	10	29.85	52.37	3.858
2015-08-02 19:01:05.77	61031	60101	-73	-62	10	28.54	54.34	3.858
2015-08-02 19:29:05.61	61031	60101	-73	-62	10	27.94	55.24	3.859
2015-08-02 20:52:43.93	61031	60101	-73	-62	10	25.82	58.08	3.858
2015-08-02 21:35:40.007	61031	60101	-73	-63	10	25.24	58.88	3.858
2015-08-02 22:51:06.606	61031	60101	-73	-62	10	24.41	60.16	3.857
2015-08-02 23:41:59.099	61031	60101	-73	-62	10
2015-08-03 00:35:59.422	61031	60101	-73	-63	10	23.84	61.09	3.856
2015-08-03 01:50:53.37	61031	60101	-73	-61	10
2015-08-03 02:06:04.955	61031	60101	-73	-61	10	22.9	62.23	3.856
2015-08-03 02:54:59.927	61031	60101	-73	-61	10	21.9	63.51	3.853
2015-08-03 03:59:02.438	61031	60101	-73	-60	10	20.89	64.95	3.853
2015-08-03 04:20:01.787	61031	60101	-73	-60	10	20.17	67.3	3.852
2015-08-03 05:50:02.891	61031	60101	-70	-60	10	20.18	68.49	3.852
2015-08-03 06:08:42.506	61031	60101	-73	-60	10
2015-08-03 07:10:03.822	61031	60101	-73	-61	10	19.39	70.14	3.851
2015-08-03 07:56:40.066	61031	60101	-73	-60	10	19.75	69.93	3.851
2015-08-03 08:28:03.511	61031	60101	-73	-62	10	20.18	70.37	3.851
2015-08-03 11:09:23.922	61031	60101	-73	-58	10	23.51	65.42	3.851
2015-08-03 12:00:33.086	61031	60101	-73	-61	10	24.9	62.52	3.852
2015-08-03 12:35:29.094	61031	60101	-70	-59	10
2015-08-03 13:39:16.258	61031	60101	-73	-62	10	26.79	57.23	3.853
2015-08-03 17:40:17.362	61031	60101	-76	-61	10	23.14	66.78	3.852
2015-08-03 20:31:49.09	61031	60101	-76	-62	10	21.0	73.2	3.848
2015-08-03 21:11:02.202	61031	60101	-73	-61	10
2015-08-03 21:22:44.183	61031	60101	-73	-61	10	20.08	82.24	3.848
2015-08-03 21:46:11.271	61031	60101	-73	-60	10
2015-08-03 22:02:02.422	61031	60101	-73	-60	10	20.1	80.61	3.85
2015-08-03 22:33:49.334	61031	60101	-73	-60	10	20.06	80.11	3.848
2015-08-03 23:04:28.007	61031	60101	-73	-60	10	19.82	80.24	3.848
2015-08-03 23:20:04.323	61031	60101	-73	-63	10
2015-08-03 23:58:32.091	61031	60101	-73	-61	10	18.96	80.92	3.847
2015-08-04 01:04:28.111	61031	60101	-70	-61	10
2015-08-04 01:28:50.538	61031	60101	-73	-61	10
2015-08-04 02:22:45.088	61031	60101	-70	-60	10	18.39	81.41	3.845
2015-08-04 03:27:13.426	61031	60101	-73	-60	10	17.95	81.41	3.845
2015-08-04 04:01:31.438	61031	60101	-73	-60	10	17.92	80.87	3.845
2015-08-04 04:24:38.523	61031	60101	-73	-59	10	17.5	81.46	3.843
2015-08-04 05:27:28.111	61031	60101	-70	-59	10	16.83	81.82	3.842
2015-08-04 06:05:54.89	61031	60101	-73	-56	10	17.67	82.0	3.842
2015-08-04 06:52:14.154	61031	60101	-73	-56	10	17.39	83.88	3.842
2015-08-04 07:41:01.283	61031	60101	-73	-56	10
2015-08-04 07:55:32.759	61031	60101	-73	-58	10
2015-08-04 10:04:28.382	61031	60101	-73	-62	10
2015-08-04 10:24:13.587	61031	60101	-73	-62	10	20.71	78.27	3.843
2015-08-04 10:59:18.051	61031	60101	-73	-61	10
2015-08-04 11:06:32.682	61031	60101	-73	-62	10	21.97	73.31	3.842
2015-08-04 11:32:25.862	61031	60101	-73	-62	10	22.65	72.78	3.842
2015-08-04 12:13:21.631	61031	60101	-73	-62	10
2015-08-04 12:51:31.963	61031	60101	-73	-62	10	24.99	64.5	3.845
2015-08-04 13:32:07.283	61031	60101	-73	-62	10	25.52	62.32	3.845
2015-08-04 13:56:01.042	61031	60101	-73	-62	10	25.6	60.98	3.845
2015-08-04 16:08:16.467	61031	60101	-73	-62	10	27.49	52.44	3.848
2015-08-04 16:31:10.45	61031	60101	-73	-62	10
2015-08-04 17:02:30.958	61031	60101	-73	-61	10	27.18	51.79	3.847
2015-08-04 17:23:41.418	61031	60101	-73	-64	10	27.47	51.22	3.848
2015-08-04 17:35:55.21	61031	60101	-73	-62	10
2015-08-04 18:09:46.491	61031	60101	-73	-60	10	27.65	49.46	3.848
2015-08-04 18:18:32.746	61031	60101	-73	-62	10	27.33	50.23	3.848
2015-08-04 18:40:04.699	61031	60101	-73	-62	10
2015-08-04 19:07:56.594	61031	60101	-73	-62	10	26.05	52.06	3.848
2015-08-04 19:22:14.067	61031	60101	-73	-61	10	25.47	53.28	3.847
2015-08-04 20:07:41.766	61031	60101	-73	-61	10	24.35	55.85	3.845
2015-08-04 20:26:40.646	61031	60101	-73	-61	10	23.6	57.13	3.846
2015-08-04 20:48:58.662	61031	60101	-73	-62	10
2015-08-04 20:54:07.73	61031	60101	-73	-64	10
2015-08-04 20:58:14.999	61031	60101	-73	-61	10	22.35	59.41	3.846
2015-08-04 21:20:47.546	61031	60101	-73	-62	10	21.44	60.95	3.847
2015-08-04 22:30:39.579	61031	60101	-73	-62	10	20.13	63.66	3.843
2015-08-04 22:57:52.414	61031	60101	-73	-62	10
2015-08-05 00:00:47.374	61031	60101	-73	-62	10	18.04	66.72	3.841
2015-08-05 00:20:30.518	61031	60101	-73	-62	10	17.92	67.15	3.842
2015-08-05 01:06:48.083	61031	60101	-73	-62	10
2015-08-05 02:09:20.666	61031	60101	-73	-63	10	16.92	69.6	3.841
2015-08-05 02:59:34.731	61031	60101	-76	-62	10	16.45	70.36	3.841
2015-08-05 03:30:41.154	61031	60101	-73	-62	10
2015-08-05 04:05:06.439	61031	60101	-73	-62	10	16.14	71.91	3.839
2015-08-05 05:05:22.062	61031	60101	-73	-62	10	16.0	72.45	3.837
2015-08-05 05:30:04.418	61031	60101	-73	-62	10	15.79	73.17	3.837
2015-08-05 06:25:48.294	61031	60101	-73	-62	10	15.56	74.1	3.836
2015-08-05 06:58:33.962	61031	60101	-76	-62	10	15.68	73.86	3.839
2015-08-05 07:33:31.678	61031	60101	-73	-62	10
2015-08-05 10:07:14.47	61031	60101	-76	-60	10
2015-08-05 10:09:11.074	61031	60101	-73	-66	10	21.93	68.8	3.839
2015-08-05 10:28:05.823	61031	60101	-97	-63	10	21.82	68.78	3.839
2015-08-05 11:10:01.915	61031	60101	-73	-63	10	23.06	65.44	3.841
2015-08-05 11:51:18.206	61031	60101	-76	-62	10
2015-08-05 12:39:43.822	61031	60101	-73	-63	10	25.4	55.91	3.837
2015-08-05 13:22:40.902	61031	60101	-73	-62	10	24.63	57.41	3.842
2015-08-05 14:00:13.754	61031	60101	-73	-66	10
2015-08-05 16:21:26.982	61031	60101	-73	-62	10	26.63	49.33	3.843
2015-08-05 17:22:40.071	61031	60101	-73	-62	10	26.05	49.32	3.841
2015-08-05 18:18:00.894	61031	60101	-76	-63	10
2015-08-05 18:18:29.914	61031	60101	-73	-66	10	26.16	48.39	3.843
2015-08-05 19:07:13.17	61031	60101	-73	-61	10	24.63	50.59	3.842
2015-08-05 19:27:41.051	61031	60101	-73	-62	10	24.11	51.13	3.842
2015-08-05 19:52:35.326	61031	60101	-73	-62	10	23.47	51.87	3.842
2015-08-05 20:02:06.175	61031	60101	-73	-62	10
2015-08-05 20:26:58.303	61031	60101	-73	-62	10
2015-08-05 21:24:48.455	61031	60101	-73	-62	10	20.76	56.47	3.841
2015-08-05 22:32:10.847	61031	60101	-73	-63	10	19.38	60.12	3.839
2015-08-06 02:38:38.994	61031	60101	-73	-63	10
2015-08-06 03:28:43.031	61031	60101	-73	-63	10	15.0	69.35	3.834
2015-08-06 04:48:53.47	61031	60101	-73	-63	10	14.57	71.91	3.834
2015-08-06 05:28:12.658	61031	60101	-73	-64	10	14.1	72.75	3.831
2015-08-06 06:03:34.038	61031	60101	-73	-63	10	13.74	73.27	3.833
2015-08-06 07:05:10.878	61031	60101	-73	-64	10	13.7	73.39	3.831
2015-08-06 10:22:01.466	61031	60101	-73	-63	10	18.25	70.95	3.833
2015-08-06 11:29:20.235	61031	60101	-73	-62	10
2015-08-06 12:33:30.562	61031	60101	-73	-63	10
2015-08-06 12:39:51.175	61031	60101	-73	-63	10	20.32	68.26	3.834
2015-08-06 12:50:12.39	61031	60101	-73	-62	10	20.35	68.21	3.834
2015-08-06 13:36:39.31	61031	60101	-73	-64	10	20.52	67.53	3.833
2015-08-06 13:38:10.114	61031	60101	-73	-62	10
2015-08-06 13:50:00.382	61031	60101	-73	-62	10	20.67	67.24	3.831
2015-08-06 14:39:14.439	61031	60101	-73	-62	10	20.56	67.08	3.833
2015-08-06 15:08:28.87	61031	60101	-73	-62	10	20.58	67.28	3.833
2015-08-06 15:18:54.054	61031	60101	-73	-63	10	20.57	67.37	3.833
2015-08-06 15:47:06.887	61031	60101	-73	-62	10
2015-08-06 17:56:00.778	61031	60101	-73	-63	10
2015-08-06 18:49:26.81	61031	60101	-76	-62	10	20.47	67.55	3.833
2015-08-06 19:31:22.338	61031	60101	-73	-62	10	21.1	66.78	3.833
2015-08-06 19:31:28.834	61031	60101	-73	-62	10	21.1	66.78	3.833
2015-08-06 22:13:47.771	61031	60101	-76	-62	10
2015-08-06 23:20:36.307	61031	60101	-76	-63	10	16.67	72.66	3.829
2015-08-07 00:22:42.326	61031	60101	-73	-63	10
2015-08-07 03:36:46.786	61031	60101	-73	-62	10	14.81	76.5	3.826
2015-08-07 05:00:28.03	61031	60101	-73	-63	10	14.54	77.19	3.826
2015-08-07 05:22:09.598	61031	60101	-73	-62	10	14.47	77.36	3.825
2015-08-07 07:08:26.871	61031	60101	-73	-62	10	14.32	78.42	3.825
2015-08-07 07:08:30.634	61031	60101	-73	-62	10	14.32	78.42	3.825
2015-08-07 07:37:03.254	61031	60101	-73	-62	10	14.65	77.88	3.825
2015-08-07 08:04:58.419	61031	60101	-73	-64	10	15.2	77.4	3.824
2015-08-07 08:05:00.8	61031	60101	-73	-64	10	15.2	77.4	3.824
2015-08-07 10:19:34.595	61031	60101	-73	-62	10	19.82	73.22	3.826
2015-08-07 11:07:15.314	61031	60101	-73	-62	10
2015-08-07 11:41:25.779	61031	60101	-76	-64	10
2015-08-07 12:00:36.126	61031	60101	-73	-62	10	23.36	68.61	3.829
2015-08-07 12:31:04.163	61031	60101	-73	-63	10	24.35	66.99	3.829
2015-08-07 13:06:01.083	61031	60101	-73	-63	10	24.25	68.1	3.829
2015-08-07 13:16:09.046	61031	60101	-73	-62	10
2015-08-07 13:36:51.859	61031	60101	-73	-62	10	23.7	69.01	3.831
2015-08-07 14:07:14.231	61031	60101	-76	-62	10	23.53	69.52	3.831
2015-08-07 15:25:01.194	61031	60101	-73	-62	10
2015-08-07 17:33:55.43	61031	60101	-73	-62	10
2015-08-07 17:59:49.242	61031	60101	-73	-62	10	23.47	69.31	3.831
2015-08-07 18:17:58.63	61031	60101	-73	-63	10
2015-08-07 18:18:34.522	61031	60101	-73	-63	10	23.54	69.26	3.833
2015-08-07 19:08:42.135	61031	60101	-73	-63	10	23.57	69.18	3.833
2015-08-07 19:29:59.182	61031	60101	-73	-62	10	23.15	69.79	3.833
2015-08-07 19:42:50.374	61031	60101	-73	-63	10
2015-08-07 19:51:30.115	61031	60101	-76	-62	10	22.97	70.07	3.833
2015-08-07 20:19:07.426	61031	60101	-76	-63	10	22.45	70.79	3.833
2015-08-07 21:02:44.878	61031	60101	-73	-62	10	21.45	71.83	3.833
2015-08-07 21:27:50.087	61031	60101	-76	-63	10	20.81	72.59	3.831
2015-08-07 21:36:16.603	61031	60101	-73	-63	10
2015-08-07 21:51:44.247	61031	60101	-73	-63	10
2015-08-07 22:05:20.075	61031	60101	-73	-62	10	19.93	73.65	3.831
2015-08-07 22:26:41.966	61031	60101	-73	-63	10	19.53	74.35	3.83
2015-08-07 22:56:08.754	61031	60101	-76	-63	10	19.06	74.69	3.831
2015-08-07 23:24:56.859	61031	60101	-73	-63	10	18.65	74.96	3.831
2015-08-08 00:00:39.878	61031	60101	-73	-62	10
2015-08-08 00:03:49.483	61031	60101	-73	-62	10	18.2	75.48	3.83
2015-08-08 00:30:30.31	61031	60101	-73	-63	10	18.07	75.91	3.83
2015-08-08 00:54:32.62	61031	60101	-73	-63	10
2015-08-08 01:09:05.666	61031	60101	-73	-63	10	17.6	76.23	3.828
2015-08-08 01:25:00.45	61031	60101	-73	-62	10	17.72	76.15	3.83
2015-08-08 01:53:27.955	61031	60101	-73	-62	10	17.52	76.58	3.828
2015-08-08 02:09:33.463	61031	60101	-76	-63	10
2015-08-08 02:30:15.586	61031	60101	-76	-63	10	17.46	76.49	3.829
2015-08-08 02:59:29.59	61031	60101	-73	-63	10	17.64	76.74	3.828
2015-08-08 03:20:35.746	61031	60101	-73	-63	10	17.57	77.33	3.826
2015-08-08 03:59:24.76	61031	60101	-73	-63	10	17.4	77.27	3.828
2015-08-08 04:12:49.326	61031	60101	-73	-63	10
2015-08-08 04:18:27.078	61031	60101	-76	-62	10
2015-08-08 04:24:41.494	61031	60101	-73	-63	10	17.65	77.66	3.826
2015-08-08 04:55:56.798	61031	60101	-76	-63	10	17.47	77.7	3.826
2015-08-08 05:37:16.058	61031	60101	-73	-63	10	17.25	78.33	3.826
2015-08-08 06:01:57.218	61031	60101	-73	-63	10	17.1	78.81	3.826
2015-08-08 06:27:21.05	61031	60101	-76	-63	10
2015-08-08 06:32:56.846	61031	60101	-73	-63	10	17.07	79.21	3.826
2015-08-08 06:52:48.846	61031	60101	-73	-63	10	16.96	79.21	3.825
2015-08-08 07:27:45.97	61031	60101	-73	-63	10	17.04	79.69	3.825
2015-08-08 07:31:05.782	61031	60101	-73	-63	10
2015-08-08 08:06:00.486	61031	60101	-76	-63	10	17.63	78.84	3.826
2015-08-08 08:20:18.606	61031	60101	-70	-63	10	18.02	78.2	3.826
2015-08-08 08:36:15.439	61031	60101	-73	-63	10
2015-08-08 08:51:46.462	61031	60101	-73	-63	10	19.11	77.07	3.826
2015-08-08 09:31:16.823	61031	60101	-73	-63	10	20.64	75.36	3.826
2015-08-08 12:26:30.198	61031	60101	-76	-62	10	24.9	70.85	3.83
2015-08-08 15:56:34.322	61031	60101	-73	-63	10	27.76	65.61	3.834
2015-08-08 16:22:42.914	61031	60101	-73	-62	10	26.63	67.54	3.834
2015-08-08 17:02:39.77	61031	60101	-73	-62	10	26.11	68.46	3.834
2015-08-08 17:11:52.907	61031	60101	-73	-63	10
2015-08-08 17:18:17.286	61031	60101	-73	-62	10	25.9	68.89	3.834
2015-08-08 17:25:56.186	61031	60101	-73	-63	10
2015-08-08 17:48:17.495	61031	60101	-73	-62	10	26.05	68.22	3.824
2015-08-08 19:33:16.067	61031	60101	-76	-63	10	24.25	70.47	3.834
2015-08-08 20:44:13.262	61031	60101	-76	-63	10
2015-08-08 21:29:41.567	61031	60101	-73	-63	10
2015-08-08 22:30:47.122	61031	60101	-73	-63	10	21.45	74.11	3.83
2015-08-08 23:03:15.232	61031	60101	-76	-63	10	20.86	75.13	3.83
2015-08-08 23:19:50.218	61031	60101	-73	-63	10	20.79	74.96	3.831
2015-08-08 23:38:36.006	61031	60101	-73	-63	10
2015-08-08 23:50:05.442	61031	60101	-73	-63	10	20.54	75.36	3.83
2015-08-09 00:02:29.814	61031	60101	-76	-63	10
2015-08-09 00:32:18.29	61031	60101	-76	-63	10	20.45	76.31	3.831
2015-08-09 00:54:58.691	61031	60101	-76	-63	10	20.38	76.59	3.83
2015-08-09 01:47:30.427	61031	60101	-73	-63	10
2015-08-09 02:28:15.131	61031	60101	-73	-63	10	19.99	77.04	3.83
2015-08-09 03:18:52.714	61031	60101	-73	-63	10	19.75	77.47	3.826
2015-08-09 03:56:24.034	61031	60101	-73	-63	10
2015-08-09 04:07:30.562	61031	60101	-76	-63	10	19.43	77.77	3.826
2015-08-09 04:32:20.806	61031	60101	-73	-63	10	19.22	77.98	3.826
2015-08-09 05:03:43.17	61031	60101	-73	-63	10	18.93	79.12	3.829
2015-08-09 05:29:51.646	61031	60101	-73	-63	10	18.88	79.03	3.826
2015-08-09 06:34:20.07	61031	60101	-73	-63	10	18.38	80.03	3.826
2015-08-09 07:03:07.043	61031	60101	-73	-63	10	18.39	80.04	3.828
2015-08-09 07:53:50.986	61031	60101	-73	-63	10	18.71	79.69	3.825
2015-08-09 08:35:26.138	61031	60101	-73	-62	10	19.72	78.27	3.826
2015-08-09 08:54:23.598	61031	60101	-73	-63	10	20.39	77.49	3.829
2015-08-09 09:37:09.818	61031	60101	-76	-63	10	22.13	75.63	3.826
2015-08-09 09:48:11.366	61031	60101	-73	-63	10	22.61	75.26	3.829
2015-08-09 09:57:19.032	61031	60101	-76	-63	10
2015-08-09 10:23:06.151	61031	60101	-76	-62	10
2015-08-09 10:36:41.423	61031	60101	-73	-63	10	24.26	73.86	3.829
2015-08-09 11:04:36.298	61031	60101	-73	-62	10	24.77	73.6	3.83
2015-08-09 14:27:01.651	61031	60101	-73	-62	10	27.38	64.99	3.833
2015-08-09 14:52:29.118	61031	60101	-73	-63	10	27.13	64.88	3.835
2015-08-09 16:33:53.535	61031	60101	-76	-62	10
2015-08-09 16:55:23.879	61031	60101	-73	-62	10	28.3	60.64	3.836
2015-08-09 18:04:05.706	61031	60101	-73	-62	10	27.85	61.82	3.835
2015-08-09 18:58:44.39	61031	60101	-73	-62	10
2015-08-09 19:20:35.142	61031	60101	-73	-62	10	26.47	63.55	3.835
2015-08-09 20:05:44.719	61031	60101	-73	-62	10	25.16	65.73	3.836
2015-08-09 20:58:33.099	61031	60101	-73	-62	10	23.54	68.04	3.834
2015-08-09 21:19:08.082	61031	60101	-73	-62	10	23.11	68.51	3.835
2015-08-09 22:32:02.547	61031	60101	-73	-63	10	21.64	70.55	3.833
2015-08-09 23:10:27.495	61031	60101	-73	-63	10
2015-08-09 23:25:46.063	61031	60101	-73	-63	10	21.15	71.36	3.831
2015-08-10 01:38:02.443	61031	60101	-73	-63	10	20.69	72.87	3.83
2015-08-10 02:28:43.654	61031	60101	-73	-63	10
2015-08-10 02:53:12.063	61031	60101	-73	-63	10	19.83	74.25	3.83
2015-08-10 05:43:16.542	61031	60101	-73	-63	10
2015-08-10 06:54:41.09	61031	60101	-76	-63	10	18.39	77.03	3.828
2015-08-10 07:52:09.139	61031	60101	-76	-62	10
2015-08-10 08:23:18.934	61031	60101	-73	-63	10	20.17	75.02	3.826
2015-08-10 09:05:17.231	61031	60101	-73	-63	10
2015-08-10 10:01:04.41	61031	60101	-73	-62	10
2015-08-10 10:28:42.619	61031	60101	-73	-63	10	25.77	71.07	3.829
2015-08-10 11:22:24.258	61031	60101	-73	-63	10	27.33	69.23	3.831
2015-08-10 12:09:58.327	61031	60101	-73	-62	10
2015-08-10 12:23:33.907	61031	60101	-73	-62	10
2015-08-10 13:18:14.35	61031	60101	-73	-62	10	25.9	71.34	3.831
2015-08-10 14:18:52.338	61031	60101	-73	-63	10
2015-08-10 14:48:42.01	61031	60101	-73	-62	10	27.54	69.06	3.833
2015-08-10 15:41:49.286	61031	60101	-73	-62	10
2015-08-10 16:27:46.267	61031	60101	-73	-62	10
2015-08-10 17:01:31.835	61031	60101	-73	-62	10	25.88	70.63	3.833
2015-08-10 18:23:50.262	61031	60101	-73	-62	10	26.11	71.24	3.833
2015-08-10 19:00:06.758	61031	60101	-73	-62	10
2015-08-10 19:31:09.783	61031	60101	-73	-62	10	25.36	72.6	3.831
2015-08-10 20:27:25.818	61031	60101	-73	-62	10	24.52	74.21	3.831
2015-08-10 20:49:31.651	61031	60101	-73	-63	10	24.4	74.35	3.831
2015-08-10 22:07:50.794	61031	60101	-76	-64	10	24.26	74.41	3.831
2015-08-10 22:21:36.338	61031	60101	-73	-63	10	24.04	74.86	3.831
2015-08-10 23:34:13.762	61031	60101	-76	-62	10	23.26	75.69	3.83
2015-08-11 00:28:31.53	61031	60101	-73	-63	10	22.1	77.87	3.833
2015-08-11 01:03:23.767	61031	60101	-76	-63	10
2015-08-11 01:37:46.235	61031	60101	-73	-62	10	21.88	77.74	3.829
2015-08-11 02:38:19.015	61031	60101	-76	-62	10	21.88	78.64	3.829
2015-08-11 03:12:20.098	61031	60101	-73	-62	10
2015-08-11 03:57:49.699	61031	60101	-73	-62	10	21.18	79.93	3.829
2015-08-11 04:50:08.898	61031	60101	-73	-62	10	21.02	82.47	3.829
2015-08-11 05:21:12.47	61031	60101	-73	-62	10
2015-08-11 06:03:08.778	61031	60101	-73	-62	10	21.06	82.15	3.826
2015-08-11 06:53:44.57	61031	60101	-73	-61	10	20.92	83.33	3.828
2015-08-11 07:30:06.678	61031	60101	-73	-60	10
2015-08-11 08:13:13.119	61031	60101	-73	-62	10
2015-08-11 08:53:58.887	61031	60101	-76	-61	10	20.78	84.1	3.826
2015-08-11 09:38:59.851	61031	60101	-73	-62	10
2015-08-11 10:34:33.651	61031	60101	-73	-62	10	22.38	81.28	3.828
2015-08-11 11:31:31.951	61031	60101	-73	-62	10
2015-08-11 11:58:08.566	61031	60101	-73	-63	10	23.83	75.12	3.826
2015-08-11 13:26:15.335	61031	60101	-76	-63	10	24.99	68.61	3.83
2015-08-11 14:08:26.007	61031	60101	-73	-62	10	25.77	67.82	3.828
2015-08-11 15:08:24.538	61031	60101	-73	-62	10	25.9	64.74	3.828
2015-08-11 18:08:16.922	61031	60101	-73	-62	10	25.3	61.23	3.826
2015-08-11 18:33:58.938	61031	60101	-73	-60	10	24.66	63.11	3.829
2015-08-11 19:36:00.683	61031	60101	-73	-63	10	23.84	63.95	3.828
2015-08-11 19:53:13.23	61031	60101	-73	-62	10	23.36	64.58	3.828
2015-08-11 21:26:20.235	61031	60101	-73	-61	10
2015-08-11 22:06:56.046	61031	60101	-73	-61	10	19.82	70.22	3.826
2015-08-11 22:32:26.754	61031	60101	-73	-61	10
2015-08-11 23:20:57.87	61031	60101	-73	-60	10	19.14	71.47	3.824
2015-08-12 00:22:55.451	61031	60101	-73	-60	10	18.58	72.68	3.825
2015-08-12 00:44:37.479	61031	60101	-73	-61	10
2015-08-12 01:27:10.603	61031	60101	-73	-61	10	17.54	74.92	3.824
2015-08-12 02:29:36.022	61031	60101	-73	-61	10	17.2	75.52	3.822
2015-08-12 04:01:18.146	61031	60101	-73	-60	10	17.39	77.76	3.822
2015-08-12 04:18:02.951	61031	60101	-73	-62	10	17.43	78.57	3.82
2015-08-12 04:59:09.111	61031	60101	-73	-61	10
2015-08-12 06:51:39.617	61031	60101	-70	-61	10	16.29	80.82	3.819
2015-08-12 07:21:51.566	61031	60101	-73	-61	10	16.35	80.23	3.819
2015-08-12 08:24:58.367	61031	60101	-70	-60	10	17.43	79.88	3.819
2015-08-12 09:16:59.342	61031	60101	-73	-60	10
2015-08-12 09:53:11.963	61031	60101	-73	-64	10	20.42	76.09	3.819
2015-08-12 10:39:27.107	61031	60101	-73	-62	10
2015-08-12 11:25:51.659	61031	60101	-73	-62	10
2015-08-12 12:32:59.714	61031	60101	-73	-62	10	23.76	64.5	3.822
2015-08-12 13:34:48.242	61031	60101	-73	-63	10
2015-08-12 13:57:50.01	61031	60101	-73	-62	10
2015-08-12 17:06:34.138	61031	60101	-73	-62	10	23.81	61.69	3.823
2015-08-12 17:19:18.599	61031	60101	-73	-64	10	23.2	61.95	3.823
2015-08-12 18:02:57.382	61031	60101	-76	-62	10	25.72	56.92	3.823
2015-08-12 19:33:27.23	61031	60101	-73	-62	10	22.01	62.35	3.823
2015-08-12 20:34:24.843	61031	60101	-73	-61	10
2015-08-12 21:58:22.267	61031	60101	-73	-60	10	18.63	68.86	3.82
2015-08-12 22:17:46.247	61031	60101	-73	-60	10	18.43	68.93	3.82
2015-08-13 00:19:18.159	61031	60101	-73	-61	10
2015-08-13 01:01:24.594	61031	60101	-73	-61	10	14.68	74.06	3.818
2015-08-13 02:01:26.178	61031	60101	-73	-61	10	13.56	75.02	3.815
2015-08-13 03:27:24.642	61031	60101	-73	-61	10	12.65	76.44	3.814
2015-08-13 04:35:39.319	61031	60101	-73	-61	10	11.93	77.63	3.814
2015-08-13 05:01:29.723	61031	60101	-73	-61	10	11.58	77.79	3.812
2015-08-13 05:49:50.182	61031	60101	-73	-60	10	11.47	77.79	3.811
2015-08-13 06:33:10.274	61031	60101	-73	-60	10	11.47	77.69	3.813
2015-08-13 07:09:59.106	61031	60101	-73	-61	10	11.96	77.16	3.811
2015-08-13 08:54:54.846	61031	60101	-73	-62	10
2015-08-13 09:23:12.314	61031	60101	-73	-62	10	16.72	73.96	3.812
2015-08-13 10:03:14.674	61031	60101	-73	-61	10	18.54	72.02	3.813
2015-08-13 11:03:50.103	61031	60101	-73	-62	10
2015-08-13 11:32:32.326	61031	60101	-73	-61	10	21.52	66.56	3.814
2015-08-13 12:36:11.535	61031	60101	-73	-61	10	24.04	62.56	3.815
2015-08-13 13:05:41.863	61031	60101	-76	-62	10
2015-08-13 13:27:24.471	61031	60101	-73	-62	10	23.61	62.26	3.817
2015-08-13 14:38:50.302	61031	60101	-73	-62	10	23.32	60.98	3.818
2015-08-13 15:21:37.642	61031	60101	-73	-61	10
2015-08-13 15:49:54.363	61031	60101	-73	-62	10	24.04	60.74	3.817
2015-08-13 16:49:10.231	61031	60101	-73	-64	10	25.41	57.71	3.819
2015-08-13 17:30:31.798	61031	60101	-73	-62	10
2015-08-13 18:19:10.75	61031	60101	-73	-62	10	25.05	58.24	3.82
2015-08-13 19:25:19.447	61031	60101	-73	-62	10	24.61	58.12	3.822
2015-08-13 19:42:15.624	61031	60101	-73	-62	10
2015-08-13 20:29:09.219	61031	60101	-73	-62	10	22.31	61.87	3.819
2015-08-13 21:29:49.87	61031	60101	-73	-61	10	20.24	64.75	3.82
2015-08-13 21:59:47.082	61031	60101	-73	-62	10	19.83	65.38	3.819
2015-08-13 23:00:31.186	61031	60101	-73	-62	10
2015-08-13 23:26:52.438	61031	60101	-73	-62	10	19.11	67.62	3.817
2015-08-13 23:57:14.974	61031	60101	-73	-61	10
2015-08-14 01:06:24.339	61031	60101	-73	-61	10	17.6	70.63	3.815
2015-08-14 01:49:45.286	61031	60101	-73	-62	10	17.36	71.58	3.817
2015-08-14 02:18:48.63	61031	60101	-73	-62	10
2015-08-14 02:54:36.239	61031	60101	-70	-62	10	16.75	73.11	3.817
2015-08-14 03:51:03.83	61031	60101	-73	-62	10	16.43	73.72	3.814
2015-08-14 04:25:26.071	61031	60101	-73	-62	10	15.96	74.74	3.813
2015-08-14 05:20:22.086	61031	60101	-73	-62	10	15.86	74.96	3.814
2015-08-14 05:54:14.835	61031	60101	-73	-62	10	15.53	75.13	3.813
2015-08-14 06:23:59.715	61031	60101	-73	-61	10
2015-08-14 07:35:06.25	61031	60101	-73	-62	10	16.0	74.83	3.812
2015-08-14 08:27:52.246	61031	60101	-73	-61	10	17.43	73.43	3.813
2015-08-14 08:55:21.579	61031	60101	-73	-62	10
2015-08-14 09:36:26.219	61031	60101	-73	-61	10	20.29	70.56	3.814
2015-08-14 09:50:33.766	61031	60101	-73	-62	10	20.89	69.8	3.813
2015-08-14 11:01:08.126	61031	60101	-73	-62	10	23.88	64.84	3.815
2015-08-14 11:33:18.554	61031	60101	-97	-61	10	25.08	61.95	3.817
2015-08-14 12:25:36.866	61031	60101	-73	-62	10	26.43	58.73	3.818
2015-08-14 15:08:09.05	61031	60101	-73	-63	10	29.5	50.58	3.823
2015-08-14 16:04:16.566	61031	60101	-76	-63	12	29.32	51.17	3.823
2015-08-14 17:51:25.351	61031	60101	-76	-64	10	29.63	50.2	3.824
2015-08-15 12:59:51.483	61031	60101	-73	-62	10	29.32	53.17	3.823
2015-08-15 13:02:18.556	61031	60101	-73	-61	10	29.21	53.7	3.801
2015-08-15 14:53:08.69	61031	60101	-73	-61	10	29.49	57.97	3.824
2015-08-15 15:47:53.074	61031	60101	-73	-61	10	29.96	58.23	3.823
2015-08-15 21:07:14.563	61031	60101	-73	-60	10	23.58	64.35	3.824
2015-08-15 22:16:11.026	61031	60101	-73	-58	10	22.47	64.61	3.822
2015-08-15 23:41:32.323	61031	60101	-73	-60	10
2015-08-16 00:39:29.031	61031	60101	-73	-60	10	20.43	65.37	3.819
2015-08-16 02:10:09.778	61031	60101	-97	-60	10
2015-08-16 05:48:48.715	61031	60101	-73	-60	10	18.81	65.6	3.818
2015-08-16 06:13:22.403	61031	60101	-70	-60	10	18.6	65.74	3.817
2015-08-16 08:08:32.175	61031	60101	-73	-60	10	19.32	64.98	3.817
2015-08-16 10:40:32.306	61031	60101	-73	-61	10	25.41	61.01	3.82
2015-08-16 11:36:32.906	61031	60101	-73	-58	10	27.54	60.31	3.819
2015-08-16 13:46:55.686	61031	60101	-73	-63	10	29.71	60.18	3.823
2015-08-16 13:47:02.766	61031	60101	-73	-63	10	29.71	60.18	3.823
2015-08-16 20:09:49.05	61031	60101	-73	-61	10	28.16	62.96	3.824
2015-08-16 21:10:34.874	61031	60101	-73	-61	10
2015-08-16 22:03:50.65	61031	60101	-73	-60	10	23.88	65.6	3.824
2015-08-16 23:19:29.238	61031	60101	-73	-60	10
2015-08-17 00:12:18.763	61031	60101	-73	-60	10	22.34	65.58	3.822
2015-08-17 01:18:17.799	61031	60101	-73	-60	10
2015-08-17 02:07:22.69	61031	60101	-73	-61	10	21.45	65.77	3.82
2015-08-17 04:11:00.782	61031	60101	-73	-61	10	20.2	66.27	3.817
2015-08-17 04:44:06.034	61031	60101	-73	-61	10	19.97	66.32	3.818
2015-08-17 05:05:13.126	61031	60101	-73	-60	10	19.82	66.44	3.82
2015-08-17 05:55:51.759	61031	60101	-73	-61	10	19.46	66.57	3.818
2015-08-17 07:07:22.646	61031	60101	-73	-60	10	19.0	66.72	3.815
2015-08-17 07:55:05.35	61031	60101	-73	-61	10
2015-08-17 08:14:26.254	61031	60101	-73	-60	10	20.02	65.81	3.817
2015-08-17 09:19:36.723	61031	60101	-73	-61	10	22.75	63.6	3.817
2015-08-18 01:54:26.683	61031	60101	-70	-60	10	22.47	66.06	3.819
2015-08-18 03:08:48.034	61031	60101	-73	-58	10	22.2	65.99	3.819
2015-08-18 05:24:24.715	61031	60101	-76	-63	10
2015-08-18 15:24:17.547	61031	60101	-76	-62	10	24.38	64.07	3.817
2015-08-18 16:12:28.379	61031	60101	-76	-63	10	24.09	64.67	3.815
2015-08-18 18:17:46.399	61031	60101	-73	-62	10
2015-08-18 20:05:34.75	61031	60101	-73	-62	10	22.75	65.94	3.813
2015-08-18 20:15:43.51	61031	60101	-76	-62	10
2015-08-18 20:26:32.11	61031	60101	-73	-62	10
2015-08-18 20:34:21.83	61031	60101	-73	-62	10	22.2	66.42	3.812
2015-08-18 21:08:43.391	61031	60101	-73	-62	10	21.61	66.84	3.809
2015-08-18 21:34:33.95	61031	60101	-73	-62	10	21.42	66.89	3.812
2015-08-18 22:43:49.803	61031	60101	-73	-62	10	20.92	67.06	3.809
2015-08-19 00:42:05.346	61031	60101	-73	-62	10	20.22	67.34	3.812
2015-08-19 02:53:12.178	61031	60101	-76	-62	10
2015-08-19 05:12:08.434	61031	60101	-73	-62	10	19.14	67.85	3.808
2015-08-19 06:10:32.826	61031	60101	-73	-62	10
2015-08-20 00:22:19.143	61031	60101	-70	-60	10
2015-08-20 07:13:36.374	61031	60101	-73	-61	10	23.07	67.21	3.813
2015-08-20 11:22:01.775	61031	60101	-73	-60	10	24.72	66.36	3.811
2015-08-21 11:03:08.494	61031	60101	-70	-60	10
2015-08-21 11:04:16.89	61031	60101	-73	-60	10	21.33	66.87	3.803
2015-08-21 14:19:13.91	61031	60101	-73	-60	10	24.97	65.53	3.806
2015-08-21 14:36:37.83	61031	60101	-73	-60	10	24.96	65.67	3.806
2015-08-21 19:20:20.666	61031	60101	-73	-60	10
2015-08-21 21:29:13.902	61031	60101	-70	-58	10
2015-08-21 21:54:39.647	61031	60101	-73	-60	10	17.89	71.19	3.804
2015-08-22 09:15:50.815	61031	60101	-70	-60	10	16.39	69.09	3.796
2015-08-22 15:09:10.526	61031	60101	-70	-60	10	24.94	65.85	3.802
2015-08-22 16:47:30.351	61031	60101	-70	-60	10
2015-08-22 16:54:16.326	61031	60101	-70	-57	10	25.63	66.08	3.803
2015-08-22 17:51:14.807	61031	60101	-70	-59	10	25.01	66.73	3.804
2015-08-22 18:09:29.927	61031	60101	-70	-60	10	25.11	66.55	3.804
2015-08-22 18:49:07.815	61031	60101	-70	-57	10	24.36	67.34	3.804
2015-08-22 18:58:16.51	61031	60101	-70	-60	10
2015-08-22 19:20:03.654	61031	60101	-70	-57	10	23.76	67.76	3.803
2015-08-22 20:05:47.212	61031	60101	-70	-60	10
2015-08-22 20:11:33.25	61031	60101	-70	-59	10	21.35	69.66	3.802
2015-08-22 20:33:55.987	61031	60101	-70	-56	10	20.22	70.46	3.803
2015-08-22 21:07:11.987	61031	60101	-70	-60	10
2015-08-22 21:08:39.355	61031	60101	-70	-59	10	18.99	70.95	3.803
2015-08-22 21:55:24.13	61031	60101	-70	-59	10	17.78	71.19	3.8
2015-08-22 22:15:35.05	61031	60101	-70	-59	10	17.54	71.23	3.798
2015-08-22 22:35:05.719	61031	60101	-70	-59	10	17.24	71.2	3.8
2015-08-22 23:13:30.67	61031	60101	-70	-59	10	16.86	71.26	3.797
2015-08-22 23:16:05.235	61031	60101	-70	-59	10
2015-08-22 23:24:03.006	61031	60101	-70	-57	10
2015-08-22 23:37:51.786	61031	60101	-70	-59	10	16.33	71.35	3.798
2015-08-23 00:12:27.851	61031	60101	-70	-59	10	16.32	71.19	3.797
2015-08-23 00:54:22.919	61031	60101	-70	-56	10	15.79	71.39	3.796
2015-08-23 01:05:21.614	61031	60101	-70	-59	10	15.74	71.38	3.796
2015-08-23 01:24:59.45	61031	60101	-70	-59	10
2015-08-23 01:43:05.09	61031	60101	-70	-59	10	15.45	71.4	3.797
2015-08-23 02:20:43.514	61031	60101	-70	-59	10	15.28	71.34	3.797
2015-08-23 02:42:22.735	61031	60101	-70	-59	10
2015-08-23 02:45:29.359	61031	60101	-70	-59	10	15.04	71.46	3.795
2015-08-23 03:21:06.347	61031	60101	-70	-59	10	14.49	71.78	3.796
2015-08-23 03:53:59.532	61031	60101	-70	-59	10	14.11	71.93	3.793
2015-08-23 04:15:44.154	61031	60101	-70	-59	10	13.96	71.92	3.796
2015-08-23 04:49:40.026	61031	60101	-70	-59	10	13.82	71.84	3.795
2015-08-23 05:16:56.098	61031	60101	-70	-59	10	13.56	71.98	3.792
2015-08-23 05:42:47.831	61031	60101	-70	-59	10
2015-08-23 05:52:38.719	61031	60101	-70	-59	10	13.5	71.86	3.793
2015-08-23 06:00:37.714	61031	60101	-70	-59	10
2015-08-23 06:19:24.17	61031	60101	-70	-59	10	13.39	71.87	3.793
2015-08-23 06:38:55.066	61031	60101	-70	-59	10	13.39	71.84	3.792
2015-08-23 07:16:48.242	61031	60101	-70	-59	10	13.42	71.74	3.792
2015-08-23 07:38:32.254	61031	60101	-70	-59	10	13.67	71.55	3.792
2015-08-23 07:51:43.018	61031	60101	-70	-59	10
2015-08-23 08:17:47.254	61031	60101	-70	-59	10	14.56	70.77	3.791
2015-08-23 08:55:29.978	61031	60101	-70	-57	10	15.88	69.79	3.796
2015-08-23 10:55:22.779	61031	60101	-70	-59	10	20.18	67.13	3.796
2015-08-23 11:35:08.911	61031	60101	-73	-60	10	21.58	66.6	3.796
2015-08-23 12:16:00.598	61031	60101	-70	-60	10	23.69	65.25	3.797
2015-08-23 19:13:44.863	61031	60101	-73	-60	10
2015-08-23 20:43:59.872	61031	60101	-73	-60	10	23.47	68.86	3.804
2015-08-23 21:47:09.063	61031	60101	-70	-58	10	22.06	69.45	3.803
2015-08-23 22:32:00.275	61031	60101	-70	-60	10
2015-08-23 22:54:02.086	61031	60101	-70	-58	10
2015-08-23 23:55:01.297	61031	60101	-70	-58	10	20.54	69.65	3.801
2015-08-24 00:12:52.286	61031	60101	-70	-60	10	20.61	69.53	3.802
2015-08-24 00:39:16.171	61031	60101	-70	-60	10	20.15	69.67	3.801
2015-08-24 01:02:56.707	61031	60101	-70	-57	10
2015-08-24 01:18:56.918	61031	60101	-73	-60	10	19.96	69.77	3.798
2015-08-24 01:50:18.058	61031	60101	-70	-60	10
2015-08-24 01:51:24.999	61031	60101	-70	-60	10	19.82	69.69	3.801
2015-08-24 02:53:05.022	61031	60101	-70	-60	10	19.82	69.55	3.8
2015-08-24 03:47:45.375	61031	60101	-70	-60	10	19.79	69.52	3.801
2015-08-24 04:19:41.73	61031	60101	-70	-58	10	19.86	69.39	3.8
2015-08-24 04:39:36.211	61031	60101	-73	-60	10	19.82	69.41	3.801
2015-08-24 05:08:34.178	61031	60101	-70	-60	10
2015-08-24 05:08:45.418	61031	60101	-73	-59	10	19.56	69.61	3.8
2015-08-24 06:17:19.291	61031	60101	-70	-59	10	19.72	69.39	3.8
2015-08-24 06:34:56.323	61031	60101	-70	-57	10	19.74	69.31	3.797
2015-08-24 21:16:51.015	61031	60101	-70	-58	10	21.96	68.81	3.801
2015-08-24 21:42:08.555	61031	60101	-70	-58	10	21.53	69.04	3.803
2015-08-24 23:12:29.338	61031	60101	-70	-59	10	20.04	69.76	3.8
2015-08-24 23:50:59.558	61031	60101	-70	-59	10	19.14	70.21	3.8
2015-08-25 00:17:21.15	61031	60101	-70	-59	10	18.32	70.66	3.798
2015-08-25 00:40:53.754	61031	60101	-70	-59	10
2015-08-25 00:51:32.243	61031	60101	-73	-59	10	17.39	71.01	3.798
2015-08-25 00:58:15.299	61031	60101	-70	-59	10
2015-08-25 01:14:41.155	61031	60101	-70	-59	10	16.79	71.33	3.795
2015-08-25 01:40:37.659	61031	60101	-70	-59	10	15.92	71.79	3.796
2015-08-25 02:21:55.403	61031	60101	-70	-59	10	15.15	71.97	3.795
2015-08-25 02:34:23.079	61031	60101	-70	-59	10	15.11	71.85	3.796
2015-08-25 02:49:48.253	61031	60101	-70	-59	10
2015-08-25 03:20:36.415	61031	60101	-70	-59	10	14.38	71.98	3.795
2015-08-25 03:54:25.539	61031	60101	-70	-60	10	14.11	71.98	3.793
2015-08-25 04:16:33.974	61031	60101	-70	-59	10
2015-08-25 04:21:05.358	61031	60101	-70	-59	10	14.0	71.8	3.793
2015-08-25 04:49:27.858	61031	60101	-70	-59	10	13.92	71.84	3.792
2015-08-25 04:58:42.01	61031	60101	-70	-59	10
2015-08-25 05:16:22.646	61031	60101	-70	-60	10	13.88	71.72	3.795
2015-08-25 05:54:55.994	61031	60101	-70	-60	10	13.72	71.66	3.792
2015-08-25 06:15:44.807	61031	60101	-70	-59	10	13.63	71.65	3.792
2015-08-25 06:35:47.939	61031	60101	-70	-59	10	13.39	71.92	3.792
2015-08-25 07:07:36.263	61031	60101	-70	-59	10
2015-08-25 07:25:21.595	61031	60101	-70	-59	10	13.29	71.79	3.791
2015-08-25 07:34:48.018	61031	60101	-70	-59	10
2015-08-25 07:53:09.61	61031	60101	-70	-59	10	14.0	71.26	3.792
2015-08-25 08:25:25.998	61031	60101	-70	-59	10	14.97	70.39	3.793
2015-08-25 08:50:16.282	61031	60101	-70	-58	10	15.75	69.82	3.792
2015-08-25 09:16:30.719	61031	60101	-70	-60	10
2015-08-25 09:23:55.838	61031	60101	-70	-59	10	16.85	69.12	3.791
2015-08-25 10:09:59.623	61031	60101	-70	-60	10	18.27	68.37	3.792
2015-08-25 10:54:19.039	61031	60101	-70	-56	10	20.04	67.39	3.792
2015-08-25 11:25:26.518	61031	60101	-70	-60	10
2015-08-25 13:48:17.899	61031	60101	-70	-59	10	20.65	67.92	3.795
2015-08-25 14:21:10.898	61031	60101	-73	-60	10	21.0	67.42	3.795
2015-08-26 00:06:11.918	61031	60101	-70	-56	10
2015-08-26 00:55:39.099	61031	60101	-70	-59	10	16.42	70.22	3.79
2015-08-26 01:19:23.642	61031	60101	-70	-59	10	16.1	70.38	3.79
2015-08-26 01:39:01.687	61031	60101	-70	-59	10	15.85	70.5	3.789
2015-08-26 02:23:41.635	61031	60101	-70	-59	10	14.92	71.06	3.787
2015-08-26 02:27:45.695	61031	60101	-70	-59	10
2015-08-26 02:34:37.898	61031	60101	-70	-59	10	14.6	71.21	3.786
2015-08-26 03:09:50.082	61031	60101	-70	-59	10	13.85	71.61	3.786
2015-08-26 03:24:28.091	61031	60101	-70	-59	10
2015-08-26 03:43:44.791	61031	60101	-70	-56	10	13.38	71.78	3.786
2015-08-26 04:08:46.07	61031	60101	-70	-59	10	13.02	71.74	3.786
2015-08-26 04:36:44.35	61031	60101	-70	-58	10	12.79	71.94	3.785
2015-08-26 05:35:33.358	61031	60101	-70	-59	10	12.89	71.56	3.784
2015-08-26 06:39:33.51	61031	60101	-70	-58	10	12.46	71.77	3.782
2015-08-26 06:45:34.503	61031	60101	-70	-59	10
2015-08-26 07:47:59.923	61031	60101	-70	-59	10	13.42	70.91	3.785
2015-08-26 08:11:45.534	61031	60101	-70	-59	10	13.93	70.41	3.785
2015-08-26 08:45:53.698	61031	60101	-70	-59	10	14.74	69.94	3.785
2015-08-26 08:54:28.206	61031	60101	-70	-59	10
2015-08-26 09:08:55.002	61031	60101	-70	-59	10	15.25	69.54	3.784
2015-08-26 09:43:49.538	61031	60101	-70	-59	10	15.99	69.32	3.786
2015-08-26 10:24:24.415	61031	60101	-70	-56	10	17.43	68.16	3.787
2015-08-26 11:54:24.054	61031	60101	-70	-60	10	18.6	68.37	3.786
2015-08-26 16:37:35.278	61031	60101	-70	-60	10
2015-08-26 17:03:58.191	61031	60101	-70	-59	10	20.7	67.59	3.789
2015-08-26 17:40:44.271	61031	60101	-73	-60	10	20.08	68.25	3.789
2015-08-26 22:45:36.126	61031	60101	-70	-59	10	16.18	70.48	3.786
2015-08-26 23:14:08.239	61031	60101	-70	-59	10
2015-08-26 23:56:47.998	61031	60101	-70	-59	10
2015-08-27 00:39:05.807	61031	60101	-70	-56	10	15.78	70.46	3.785
2015-08-27 02:04:36.711	61031	60101	-70	-59	10	15.53	70.41	3.784
2015-08-27 02:32:26.855	61031	60101	-70	-59	10
2015-08-27 03:10:27.923	61031	60101	-70	-59	10	15.36	70.43	3.785
2015-08-27 04:14:36.879	61031	60101	-70	-60	10
2015-08-27 04:37:30.894	61031	60101	-70	-60	10	15.36	70.32	3.784
2015-08-27 05:50:43.007	61031	60101	-70	-59	10
2015-08-27 06:23:30.33	61031	60101	-70	-59	10
2015-08-27 07:22:31.375	61031	60101	-70	-59	10	14.92	70.49	3.784
2015-08-27 08:25:06.766	61031	60101	-70	-60	10	15.86	69.68	3.782
2015-08-27 08:38:00.959	61031	60101	-70	-60	10	16.17	69.43	3.782
2015-08-27 09:09:21.799	61031	60101	-70	-59	10
2015-08-27 11:05:53.186	61031	60101	-70	-60	10	19.22	67.72	3.785
2015-08-27 12:27:18.078	61031	60101	-73	-60	10
2015-08-27 13:16:46.398	61031	60101	-70	-60	10	20.63	67.35	3.786
2015-08-27 14:59:08.807	61031	60101	-70	-60	10
2015-08-27 19:19:39.479	61031	60101	-73	-60	10	20.17	68.83	3.789
2015-08-27 19:53:28.502	61031	60101	-73	-60	10	19.5	69.21	3.787
2015-08-27 20:43:22.65	61031	60101	-70	-60	10	18.57	69.76	3.787
2015-08-27 21:25:51.124	61031	60101	-70	-60	10
2015-08-27 22:15:02.198	61031	60101	-70	-60	10	16.79	70.7	3.786
2015-08-27 22:43:37.43	61031	60101	-70	-60	10	16.08	71.03	3.786
2015-08-27 23:34:45.578	61031	60101	-70	-59	10
2015-08-28 00:33:51.943	61031	60101	-70	-59	10	14.78	71.22	3.784
2015-08-28 01:40:23.362	61031	60101	-70	-59	10
2015-08-28 01:52:52.307	61031	60101	-70	-59	10	14.32	71.24	3.784
2015-08-28 02:13:32.419	61031	60101	-70	-59	10	14.2	71.22	3.782
2015-08-28 02:44:07.319	61031	60101	-70	-56	10	13.74	71.48	3.784
2015-08-28 03:14:16.998	61031	60101	-70	-59	10	13.64	71.54	3.782
2015-08-28 03:52:33.311	61031	60101	-70	-59	10
2015-08-28 03:54:44.059	61031	60101	-73	-59	10	13.56	71.36	3.781
2015-08-28 04:09:25.783	61031	60101	-70	-59	10	13.46	71.43	3.781
2015-08-28 04:53:36.818	61031	60101	-70	-59	10	13.24	71.49	3.781
2015-08-28 04:58:40.55	61031	60101	-70	-59	10
2015-08-28 05:10:28.011	61031	60101	-70	-59	10	13.06	71.56	3.78
2015-08-28 06:01:27.995	61031	60101	-70	-59	10
2015-08-28 06:36:55.754	61031	60101	-70	-59	10	12.72	71.66	3.781
2015-08-28 07:07:32.732	61031	60101	-70	-56	10	12.68	71.62	3.781
2015-08-28 07:51:21.866	61031	60101	-70	-59	10	12.96	71.33	3.78
2015-08-28 16:16:51.302	61031	60101	-73	-60	10	28.36	61.84	3.792
2015-08-28 16:46:02.422	61031	60101	-73	-62	10
2015-08-28 21:03:47.562	61031	60101	-70	-58	10
2015-08-28 21:20:38.711	61031	60101	-70	-57	10	18.97	70.59	3.789
2015-08-28 21:44:22.891	61031	60101	-70	-60	10	18.52	70.7	3.789
2015-08-28 22:54:48.695	61031	60101	-70	-60	10	17.38	70.92	3.791
2015-08-28 23:17:18.758	61031	60101	-73	-60	10	17.32	70.75	3.789
2015-08-29 00:11:18.995	61031	60101	-70	-60	10	16.46	71.1	3.786
2015-08-29 00:48:19.962	61031	60101	-70	-60	10
2015-08-29 01:05:17.358	61031	60101	-70	-60	10	15.83	71.2	3.787
2015-08-29 01:49:57.227	61031	60101	-70	-59	10	15.2	71.44	3.786
2015-08-29 02:43:47.651	61031	60101	-70	-59	10	14.45	71.72	3.785
2015-08-29 03:30:31.227	61031	60101	-70	-57	10
2015-08-29 04:06:36.259	61031	60101	-67	-59	10
2015-08-29 05:08:29.77	61031	60101	-73	-60	10	13.53	71.65	3.784
2015-08-29 05:42:36.031	61031	60101	-70	-60	10	13.18	71.8	3.785
2015-08-29 06:37:33.092	61031	60101	-70	-59	10	12.72	72.06	3.782
2015-08-29 07:24:52.755	61031	60101	-70	-56	10
2015-08-29 07:48:19.547	61031	60101	-70	-60	10
2015-08-29 08:22:49.302	61031	60101	-70	-60	10	14.11	70.77	3.782
2015-08-29 09:08:47.239	61031	60101	-73	-60	10	15.83	69.54	3.782
2015-08-29 09:57:14.319	61031	60101	-70	-59	10
2015-08-29 10:40:10.315	61031	60101	-70	-57	10	21.08	66.17	3.782
2015-08-29 17:21:20.147	61031	60101	-73	-61	10	28.02	65.3	3.797
2015-08-29 18:12:32.939	61031	60101	-73	-62	10	27.88	65.57	3.798
2015-08-29 18:40:26.543	61031	60101	-73	-61	10	27.52	65.9	3.798
2015-08-29 19:11:41.61	61031	60101	-73	-61	10	26.82	66.6	3.796
2015-08-29 20:06:01.567	61031	60101	-70	-61	10	24.58	68.42	3.797
2015-08-29 20:38:00.474	61031	60101	-73	-60	10
2015-08-29 21:23:38.699	61031	60101	-70	-60	10	22.97	68.82	3.796
2015-08-29 22:03:55.575	61031	60101	-70	-60	10	22.81	68.59	3.796
2015-08-29 22:50:40.102	61031	60101	-70	-60	10
2015-08-29 23:04:46.566	61031	60101	-73	-60	10	21.79	69.32	3.792
2015-08-29 23:56:17.255	61031	60101	-70	-60	10
2015-08-30 00:34:10.538	61031	60101	-73	-58	10	20.85	69.65	3.795
2015-08-30 01:09:49.862	61031	60101	-73	-60	10	20.86	69.35	3.795
2015-08-30 02:20:14.104	61031	60101	-70	-60	10	21.64	68.58	3.793
2015-08-30 02:54:20.171	61031	60101	-70	-60	10	21.15	69.09	3.792
2015-08-30 03:14:35.646	61031	60101	-73	-60	10
2015-08-30 03:51:18.858	61031	60101	-73	-60	10	20.5	69.48	3.793
2015-08-30 04:51:11.858	61031	60101	-70	-60	10	19.77	69.87	3.791
2015-08-30 05:17:22.344	61031	60101	-70	-60	10
2015-08-30 08:08:42.854	61031	60101	-73	-60	10	19.32	69.65	3.79
2015-08-30 11:21:41.906	61031	60101	-73	-61	10	22.26	67.09	3.79
2015-08-30 11:47:06.713	61031	60101	-73	-61	10	23.07	66.63	3.793
2015-08-30 19:13:54.642	61031	60101	-73	-64	10	26.86	67.05	3.797
2015-08-30 19:47:57.85	61031	60101	-73	-61	10	25.9	67.73	3.797
2015-08-30 20:19:43.354	61031	60101	-73	-61	10
2015-08-30 20:45:18.515	61031	60101	-73	-62	10	24.83	68.29	3.797
2015-08-30 21:49:52.842	61031	60101	-73	-61	10	23.76	68.79	3.796
2015-08-30 22:28:36.122	61031	60101	-73	-61	10
2015-08-30 23:04:14.291	61031	60101	-70	-61	10
2015-08-31 04:40:56.847	61031	60101	-73	-60	10	20.11	70.11	3.792
2015-08-31 05:20:10.675	61031	60101	-73	-61	10	19.92	70.07	3.792
2015-08-31 10:35:16.674	61031	60101	-73	-62	10	23.72	66.71	3.791
2015-09-01 08:24:43.899	61031	60101	-73	-58	10	20.11	69.77	3.79
2015-09-01 08:52:45.65	61031	60101	-73	-60	10	20.9	69.07	3.792
2015-09-01 23:53:24.991	61031	60101	-73	-60	10
2015-09-02 00:38:24.943	61031	60101	-73	-61	10
2015-09-02 01:20:37.026	61031	60101	-70	-60	10	22.28	70.31	3.795
2015-09-02 02:02:19.278	61031	60101	-73	-61	10
2015-09-02 02:42:22.826	61031	60101	-70	-61	10	21.58	70.38	3.796
2015-09-02 10:37:55.73	61031	60101	-73	-60	10
2015-09-02 11:09:54.778	61031	60101	-73	-61	10	26.91	65.86	3.793
2015-09-03 01:40:17.102	61031	60101	-73	-61	10
2015-09-03 03:54:20.679	61031	60101	-70	-60	10	21.46	70.47	3.79
2015-09-03 05:58:05.287	61031	60101	-70	-60	10
2015-09-03 23:09:18.179	61031	60101	-73	-61	10
2015-09-04 01:18:13.631	61031	60101	-70	-61	10
2015-09-04 02:03:33.591	61031	60101	-70	-60	10	22.15	70.26	3.791
2015-09-04 02:34:18.467	61031	60101	-73	-60	10	21.7	70.57	3.789
2015-09-04 03:39:03.494	61031	60101	-73	-61	10	20.65	71.21	3.789
2015-09-04 05:05:45.499	61031	60101	-70	-60	10	20.71	70.77	3.787
2015-09-04 07:44:55.882	61031	60101	-73	-60	10
2015-09-04 08:07:35.246	61031	60101	-70	-60	10	20.14	70.72	3.786
2015-09-04 08:50:42.57	61031	60101	-70	-60	10	20.36	70.6	3.785
2015-09-04 13:07:11.186	61031	60101	-73	-60	10	29.02	64.84	3.792
2015-09-04 21:21:41.778	61031	60101	-97	-61	10	21.72	71.74	3.791
2015-09-04 23:54:50.094	61031	60101	-70	-60	10	20.64	71.56	3.79
2015-09-05 00:42:12.927	61031	60101	-70	-60	10	20.58	71.31	3.787
2015-09-05 01:20:33.459	61031	60101	-70	-60	10
2015-09-05 03:05:04.875	61031	60101	-73	-60	10
2015-09-05 05:21:14.23	61031	60101	-70	-60	10	18.74	71.89	3.782
2015-09-05 06:13:07.902	61031	60101	-70	-60	10	19.0	71.53	3.781
2015-09-05 09:17:56.739	61031	60101	-70	-60	10	22.38	68.77	3.786
2015-09-05 09:42:35.902	61031	60101	-73	-61	10	23.44	68.05	3.785
2015-09-05 11:05:59.306	61031	60101	-70	-60	10	26.54	66.47	3.785
2015-09-05 13:04:26.386	61031	60101	-76	-61	10	29.54	65.64	3.79
2015-09-06 00:19:04.859	61031	60101	-73	-61	10	19.61	71.73	3.782
2015-09-06 00:34:07.163	61031	60101	-73	-61	10
2015-09-06 08:07:29.167	61031	60101	-73	-62	10	18.89	71.56	3.778
2015-09-06 10:16:40.927	61031	60101	-73	-62	10	22.9	68.5	3.78
2015-09-06 10:46:44.351	61031	60101	-73	-62	10	23.84	68.0	3.78
2015-09-06 11:18:38.322	61031	60101	-73	-62	10
2015-09-06 12:38:50.53	61031	60101	-73	-64	10	27.38	66.02	3.786
2015-09-06 19:05:00.947	61031	60101	-73	-62	10	29.04	67.87	3.79
2015-09-06 19:33:29.379	61031	60101	-73	-62	10	27.97	68.82	3.791
2015-09-06 23:13:09.723	61031	60101	-73	-62	10	22.68	71.34	3.785
2015-09-07 00:11:43.903	61031	60101	-73	-62	10	22.11	71.59	3.784
2015-09-07 01:14:27.101	61031	60101	-73	-62	10	21.92	71.44	3.785
2015-09-07 02:44:13.454	61031	60101	-73	-61	10	21.26	71.63	3.784
2015-09-07 03:54:46.303	61031	60101	-73	-62	10	20.77	71.84	3.784
2015-09-07 04:29:51.991	61031	60101	-73	-61	10
2015-09-07 06:08:38.231	61031	60101	-73	-61	10	19.47	72.5	3.78
2015-09-07 09:14:51.919	61031	60101	-73	-61	10	22.22	69.87	3.78
2015-09-07 10:24:19.566	61031	60101	-73	-62	10	24.66	68.38	3.784
2015-09-07 10:54:31.882	61031	60101	-73	-62	10	25.8	67.74	3.782
2015-09-07 13:14:28.95	61031	60101	-73	-62	10	29.11	67.03	3.787
2015-09-07 14:23:14.078	61031	60101	-73	-62	10	30.76	66.15	3.786
2015-09-07 15:41:21.574	61031	60101	-73	-62	10	31.94	65.63	3.791
2015-09-07 22:44:23.734	61031	60101	-73	-62	10
2015-09-08 04:07:49.242	61031	60101	-73	-62	10
2015-09-08 05:20:05.51	61031	60101	-73	-62	10	19.61	72.66	3.78
2015-09-08 06:16:44.11	61031	60101	-73	-61	10
2015-09-08 07:09:20.294	61031	60101	-73	-61	10	19.04	72.77	3.78
2015-09-08 08:25:38.059	61031	60101	-73	-61	10
2015-09-08 18:34:06.015	61031	60101	-73	-63	10
2015-09-08 21:34:18.618	61031	60101	-73	-62	10	25.47	71.15	3.789
2015-09-08 22:13:38.983	61031	60101	-73	-62	10	24.22	71.82	3.787
2015-09-09 01:10:37.621	61031	60101	-73	-64	10
2015-09-09 05:36:10.886	61031	60101	-73	-61	10	21.08	71.82	3.782
2015-09-09 06:54:47.207	61031	60101	-73	-62	10	21.19	71.75	3.782
2015-09-09 07:47:12.035	61031	60101	-73	-62	10
2015-09-09 08:03:35.154	61031	60101	-73	-61	10
2015-09-09 09:24:22.739	61031	60101	-73	-61	10	23.86	69.52	3.784
2015-09-09 12:21:24.351	61031	60101	-73	-62	10
2015-09-09 17:46:32.503	61031	60101	-76	-61	10	20.14	73.66	3.782
2015-09-09 17:47:06.959	61031	60101	-76	-61	10	20.14	73.66	3.782
2015-09-11 01:11:23.346	61031	60101	-73	-62	10	15.96	74.37	3.764
2015-09-13 06:35:25.531	61031	60101	-70	-60	10
2015-09-15 20:36:31.19	61031	60101	-73	-62	10	19.0	75.3	3.764
2015-09-15 21:05:59.714	61031	60101	-73	-63	10	18.29	75.5	3.765
2015-09-15 22:24:34.111	61031	60101	-73	-62	10
2015-09-15 22:54:08.366	61031	60101	-73	-61	10	16.7	75.79	3.764
2015-09-15 23:04:31.97	61031	60101	-73	-62	10	16.61	75.77	3.763
2015-09-16 00:23:51.59	61031	60101	-73	-61	10	16.07	75.63	3.762
2015-09-16 01:11:26.183	61031	60101	-73	-61	10
2015-09-16 01:42:49.827	61031	60101	-70	-62	10
2015-09-16 02:43:29.242	61031	60101	-73	-61	10	14.36	76.35	3.762
2015-09-16 03:20:21.399	61031	60101	-73	-61	10
2015-09-16 04:20:14.638	61031	60101	-73	-61	10	13.86	76.35	3.76
2015-09-16 05:01:09.858	61031	60101	-73	-61	10
2015-09-16 05:01:12.254	61031	60101	-73	-61	10
2015-09-16 05:01:14.482	61031	60101	-73	-61	10
2015-09-16 05:01:16.502	61031	60101	-73	-61	10
2015-09-16 05:01:18.974	61031	60101	-73	-61	10
2015-09-16 05:29:17.891	61031	60101	-73	-61	10
2015-09-16 11:56:02.639	61031	60101	-73	-62	10
