result_time	node_id	parent_id	stats_frssi	stats_brssi	etx	temperature	humidity	voltage
2015-07-17 17:55:17.342	61131	60101	-76	-64	10	26.91	67.41	3.951
2015-07-18 00:45:30.358	61131	60101	-76	-66	10
2015-07-18 02:21:55.499	61131	60101	-76	-65	10	24.49	74.98	3.944
2015-07-18 05:08:41.987	61131	60101	-76	-65	10	23.63	75.52	3.944
2015-07-18 06:06:38.622	61131	60101	-76	-65	10
2015-07-18 07:30:08.418	61131	60101	-76	-65	10	23.86	77.05	3.939
2015-07-18 07:59:23.431	61131	60101	-76	-66	10	24.01	77.3	3.94
2015-07-18 14:08:38.807	61131	60101	-76	-66	10
2015-07-18 19:52:26.547	61131	60101	-76	-66	10	28.27	65.85	3.934
2015-07-18 20:59:22.971	61131	60101	-76	-66	10	26.77	67.97	3.935
2015-07-18 21:21:30.351	61131	60101	-76	-66	10	26.24	68.54	3.933
2015-07-18 21:49:21.034	61131	60101	-76	-66	10	25.55	71.08	3.933
2015-07-19 00:51:17.222	61131	60101	-76	-66	10
2015-07-19 01:37:21.278	61131	60101	-76	-66	10	24.58	73.39	3.93
2015-07-19 02:25:13.195	61131	60101	-76	-66	10
2015-07-19 02:50:09.855	61131	60101	-76	-66	10	23.93	74.73	3.929
2015-07-19 03:31:57.282	61131	60101	-76	-66	10
2015-07-19 05:04:41.031	61131	60101	-76	-66	10	23.46	76.57	3.928
2015-07-19 06:06:29.45	61131	60101	-76	-66	10	23.09	77.94	3.924
2015-07-19 06:12:36.666	61131	60101	-76	-66	10
2015-07-19 07:00:11.818	61131	60101	-79	-66	10	22.97	78.18	3.927
2015-07-19 08:00:25.318	61131	60101	-76	-66	10	23.68	78.43	3.925
2015-07-19 08:55:29.399	61131	60101	-76	-66	10	24.71	77.2	3.923
2015-07-19 10:52:47.99	61131	60101	-76	-67	10	27.3	72.9	3.923
2015-07-19 12:17:53.266	61131	60101	-76	-66	10	29.02	70.37	3.924
2015-07-19 15:57:38.567	61131	60101	-76	-65	10	30.46	66.37	3.924
2015-07-19 19:23:03.611	61131	60101	-73	-65	10	28.05	70.08	3.92
2015-07-19 20:09:44.099	61131	60101	-76	-65	10	26.77	71.96	3.922
2015-07-19 22:50:37.015	61131	60101	-76	-66	10	24.47	74.78	3.92
2015-07-20 04:18:07.335	61131	60101	-76	-66	10	21.83	77.55	3.913
2015-07-20 05:08:18.359	61131	60101	-76	-66	10	21.49	77.93	3.914
2015-07-20 06:00:21.743	61131	60101	-76	-66	10	21.03	79.25	3.913
2015-07-20 09:34:48.095	61131	60101	-76	-66	10	23.06	79.65	3.912
2015-07-20 17:39:33.991	61131	60101	-76	-66	10	29.43	56.93	3.911
2015-07-20 22:22:33.582	61131	60101	-73	-64	10
2015-07-21 03:18:51.55	61131	60101	-79	-67	10	20.99	77.24	3.906
2015-07-21 06:24:32.803	61131	60101	-79	-70	10
2015-07-21 08:09:18.422	61131	60101	-79	-70	10	21.56	78.1	3.901
2015-07-21 11:02:37.343	61131	60101	-76	-70	10	25.13	74.58	3.901
2015-07-21 11:48:45.659	61131	60101	-79	-65	10	26.36	70.43	3.901
2015-07-21 12:57:08.526	61131	60101	-79	-66	10	27.02	67.23	3.903
2015-07-21 15:06:22.922	61131	60101	-76	-66	10	21.86	75.47	3.901
2015-07-21 15:38:24.415	61131	60101	-76	-68	10	21.46	76.51	3.898
2015-07-21 15:51:05.315	61131	60101	-79	-67	10	21.61	76.65	3.9
2015-07-21 16:26:37.763	61131	60101	-76	-66	10	23.84	74.25	3.9
2015-07-21 16:47:57.118	61131	60101	-76	-66	10	24.94	72.04	3.9
2015-07-21 17:07:10.662	61131	60101	-76	-66	10
2015-07-21 17:20:02.887	61131	60101	-76	-66	10	24.6	69.2	3.901
2015-07-21 17:55:18.166	61131	60101	-73	-66	10	24.18	68.58	3.9
2015-07-21 18:04:09.578	61131	60101	-76	-64	10
2015-07-21 18:34:48.535	61131	60101	-73	-65	10	25.07	63.44	3.9
2015-07-21 19:31:27.383	61131	60101	-76	-65	10	23.99	63.53	3.9
2015-07-21 19:47:58.106	61131	60101	-76	-65	10
2015-07-21 19:51:17.814	61131	60101	-79	-65	10	23.52	64.46	3.897
2015-07-21 20:32:52.171	61131	60101	-76	-66	10	22.26	65.62	3.898
2015-07-21 21:48:46.802	61131	60101	-76	-67	10
2015-07-21 21:56:32.258	61131	60101	-76	-66	10	19.68	67.72	3.897
2015-07-21 22:28:30.622	61131	60101	-79	-68	10
2015-07-21 22:39:37.942	61131	60101	-76	-68	10	18.75	68.93	3.896
2015-07-21 23:03:49.523	61131	60101	-76	-66	10	17.92	70.45	3.896
2015-07-21 23:33:09.224	61131	60101	-76	-66	10	16.9	72.36	3.895
2015-07-21 23:51:00.315	61131	60101	-76	-66	10	16.43	73.02	3.896
2015-07-22 00:28:51.591	61131	60101	-76	-66	10	15.86	73.63	3.895
2015-07-22 00:53:28.427	61131	60101	-76	-66	10	15.45	74.48	3.895
2015-07-22 01:09:10.423	61131	60101	-76	-66	10
2015-07-22 01:25:13.654	61131	60101	-76	-66	10	15.11	75.1	3.894
2015-07-22 01:33:26.323	61131	60101	-76	-66	10
2015-07-22 02:04:01.699	61131	60101	-76	-66	10	14.9	75.45	3.892
2015-07-22 02:33:21.674	61131	60101	-79	-66	10	14.52	76.2	3.892
2015-07-22 02:53:12.431	61131	60101	-76	-66	10	14.32	76.76	3.892
2015-07-22 03:34:41.847	61131	60101	-76	-66	10	14.36	76.4	3.894
2015-07-22 03:49:49.978	61131	60101	-76	-66	10
2015-07-22 04:07:02.546	61131	60101	-76	-66	10	14.07	77.01	3.891
2015-07-22 04:32:49.91	61131	60101	-76	-66	10	13.82	77.55	3.891
2015-07-22 05:08:40.614	61131	60101	-76	-66	10	14.04	77.16	3.89
2015-07-22 05:18:04.099	61131	60101	-76	-66	10
2015-07-22 05:35:11.31	61131	60101	-76	-66	10	14.22	77.76	3.89
2015-07-22 05:54:21.982	61131	60101	-76	-66	10	14.56	78.55	3.89
2015-07-22 06:30:30.466	61131	60101	-76	-66	10
2015-07-22 06:36:40.542	61131	60101	-76	-66	10	14.61	78.71	3.889
2015-07-22 06:57:03.543	61131	60101	-73	-66	10	14.42	79.28	3.891
2015-07-22 07:29:52.523	61131	60101	-76	-66	10	14.96	78.23	3.89
2015-07-22 07:59:57.599	61131	60101	-79	-67	10	16.24	77.0	3.89
2015-07-22 09:30:40.135	61131	60101	-76	-66	10	19.32	73.26	3.889
2015-07-22 10:39:40.371	61131	60101	-76	-66	10	21.24	66.63	3.887
2015-07-22 11:51:51.599	61131	60101	-76	-64	10
2015-07-22 14:19:32.782	61131	60101	-73	-69	10	23.34	55.15	3.889
2015-07-22 15:20:17.931	61131	60101	-79	-64	10	24.04	52.99	3.889
2015-07-22 16:32:01.435	61131	60101	-76	-66	10
2015-07-22 17:38:47.395	61131	60101	-76	-67	10	24.22	54.93	3.889
2015-07-22 20:16:40.75	61131	60101	-76	-66	10
2015-07-22 22:04:59.063	61131	60101	-73	-65	10	18.79	64.08	3.886
2015-07-22 22:34:28.806	61131	60101	-76	-66	10
2015-07-22 23:19:26.843	61131	60101	-76	-65	10	16.92	67.06	3.881
2015-07-23 00:03:38.255	61131	60101	-76	-65	10	16.18	68.74	3.886
2015-07-23 01:01:52.854	61131	60101	-76	-65	10	15.83	69.1	3.884
2015-07-23 01:28:04.226	61131	60101	-76	-65	10	15.6	69.77	3.884
2015-07-23 02:27:34.426	61131	60101	-76	-65	10	15.61	69.99	3.884
2015-07-23 03:24:28.358	61131	60101	-76	-65	10	15.38	70.85	3.883
2015-07-23 03:55:48.386	61131	60101	-76	-65	10
2015-07-23 04:36:17.354	61131	60101	-76	-66	10	14.49	72.53	3.881
2015-07-23 05:33:33.374	61131	60101	-76	-65	10	14.25	73.55	3.881
2015-07-23 06:21:29.404	61131	60101	-76	-65	10	14.33	73.7	3.879
2015-07-23 07:04:19.787	61131	60101	-73	-65	10	14.83	73.38	3.88
2015-07-23 07:30:35.776	61131	60101	-76	-66	10
2015-07-23 08:37:03.327	61131	60101	-76	-66	10	17.82	70.68	3.879
2015-07-23 09:17:06.654	61131	60101	-76	-66	10
2015-07-23 10:03:57.591	61131	60101	-73	-66	10	20.58	67.91	3.88
2015-07-23 11:02:34.503	61131	60101	-76	-68	10	22.22	64.16	3.88
2015-07-23 11:21:14.583	61131	60101	-76	-66	10	22.58	63.21	3.881
2015-07-23 12:08:58.863	61131	60101	-76	-65	10	22.72	63.18	3.879
2015-07-23 12:50:08.047	61131	60101	-76	-65	10	25.15	57.05	3.881
2015-07-23 14:02:28.271	61131	60101	-76	-65	10	25.13	55.9	3.881
2015-07-23 14:57:18.094	61131	60101	-76	-66	10	26.27	51.77	3.884
2015-07-23 15:00:05.466	61131	60101	-76	-66	10
2015-07-23 15:27:26.634	61131	60101	-76	-66	10	25.93	52.45	3.883
2015-07-23 17:19:07.931	61131	60101	-79	-66	10
2015-07-23 19:59:47.218	61131	60101	-76	-66	10
2015-07-23 20:26:47.807	61131	60101	-76	-66	10	22.61	58.09	3.881
2015-07-23 22:40:28.274	61131	60101	-76	-66	10
2015-07-23 22:53:46.89	61131	60101	-79	-66	10	19.42	63.28	3.883
2015-07-23 23:22:29.518	61131	60101	-76	-66	10	18.6	64.3	3.88
2015-07-24 00:07:35.646	61131	60101	-76	-66	10	17.54	65.64	3.879
2015-07-24 00:26:00.51	61131	60101	-76	-66	10	17.29	66.08	3.881
2015-07-24 00:52:36.002	61131	60101	-76	-66	10	17.0	66.37	3.88
2015-07-24 01:21:06.871	61131	60101	-76	-66	10
2015-07-24 01:26:36.502	61131	60101	-76	-66	10	15.63	67.89	3.878
2015-07-24 01:48:37.466	61131	60101	-76	-66	10	15.29	68.22	3.879
2015-07-24 02:13:50.203	61131	60101	-76	-66	10
2015-07-24 02:34:20.81	61131	60101	-76	-66	10	14.61	68.9	3.878
2015-07-24 03:00:46.383	61131	60101	-76	-66	10	14.2	69.56	3.878
2015-07-24 03:18:48.926	61131	60101	-76	-66	10	14.03	69.78	3.878
2015-07-24 03:48:54.818	61131	60101	-79	-66	10	13.79	70.22	3.875
2015-07-24 04:01:45.623	61131	60101	-76	-66	10
2015-07-24 04:22:52.194	61131	60101	-76	-66	10	13.75	70.19	3.875
2015-07-24 04:53:51.986	61131	60101	-76	-66	10	13.92	71.08	3.875
2015-07-24 05:32:54.183	61131	60101	-76	-66	10	13.32	71.8	3.875
2015-07-24 05:51:41.582	61131	60101	-76	-66	10	13.18	72.01	3.875
2015-07-24 05:58:28.459	61131	60101	-76	-66	10
2015-07-24 06:23:41.523	61131	60101	-76	-66	10	13.02	72.22	3.875
2015-07-24 06:42:25.074	61131	60101	-76	-66	10
2015-07-24 07:06:38.499	61131	60101	-76	-66	10	13.82	72.19	3.875
2015-07-24 07:21:29.106	61131	60101	-76	-66	10	14.1	72.08	3.873
2015-07-24 07:52:09.107	61131	60101	-79	-66	10	14.64	71.25	3.874
2015-07-24 08:19:43.203	61131	60101	-79	-66	10	16.25	69.53	3.874
2015-07-24 09:01:42.49	61131	60101	-76	-66	10	18.68	67.88	3.874
2015-07-24 09:22:59.931	61131	60101	-79	-67	10	19.46	67.51	3.875
2015-07-24 09:23:05.531	61131	60101	-79	-67	10
2015-07-24 09:43:07.667	61131	60101	-76	-68	10
2015-07-24 10:02:50.623	61131	60101	-76	-67	10	21.28	65.71	3.875
2015-07-24 10:32:04.651	61131	60101	-76	-66	10	21.93	64.63	3.875
2015-07-24 10:54:42.266	61131	60101	-76	-68	10	22.97	63.31	3.875
2015-07-24 11:31:36.827	61131	60101	-76	-70	10	23.9	61.47	3.875
2015-07-24 12:03:49.887	61131	60101	-76	-68	10
2015-07-24 12:04:51.535	61131	60101	-79	-66	10	24.76	59.27	3.874
2015-07-24 12:49:37.771	61131	60101	-79	-67	10	26.99	55.1	3.875
2015-07-24 14:31:52.898	61131	60101	-79	-71	10	27.33	54.2	3.878
2015-07-24 14:44:24.222	61131	60101	-79	-68	10
2015-07-24 14:56:50.835	61131	60101	-79	-67	10	27.83	53.54	3.878
2015-07-24 17:07:51.831	61131	60101	-79	-68	10	27.96	53.34	3.879
2015-07-24 17:12:25.108	61131	60101	-76	-68	10
2015-07-24 17:20:04.87	61131	60101	-79	-70	10	28.13	52.14	3.879
2015-07-24 17:25:04.942	61131	60101	-79	-66	10
2015-07-24 18:01:42.063	61131	60101	-79	-68	10	28.51	52.13	3.878
2015-07-24 18:38:31.671	61131	60101	-79	-68	10	27.68	53.11	3.879
2015-07-24 19:54:43.886	61131	60101	-79	-69	10	26.16	55.93	3.876
2015-07-24 20:05:43.959	61131	60101	-79	-68	10
2015-07-24 20:36:58.107	61131	60101	-82	-69	10	24.97	57.31	3.878
2015-07-24 20:57:04.768	61131	60101	-79	-68	10
2015-07-24 21:00:35.21	61131	60101	-79	-68	10	24.08	58.46	3.879
2015-07-24 21:23:15.25	61131	60101	-79	-68	10	23.27	59.56	3.878
2015-07-24 22:05:49.115	61131	60101	-76	-68	10	22.54	60.11	3.879
2015-07-24 22:20:30.583	61131	60101	-76	-67	10	22.22	60.51	3.876
2015-07-24 22:46:23.818	61131	60101	-76	-68	10
2015-07-24 22:54:32.226	61131	60101	-76	-67	10	21.44	61.7	3.876
2015-07-24 23:28:58.202	61131	60101	-79	-67	10	20.86	62.25	3.876
2015-07-25 00:03:42.858	61131	60101	-76	-67	10	20.14	63.4	3.875
2015-07-25 00:25:31.818	61131	60101	-76	-68	10	19.61	64.13	3.875
2015-07-25 00:41:43.043	61131	60101	-79	-67	10
2015-07-25 01:00:51.806	61131	60101	-79	-68	10	19.57	64.06	3.875
2015-07-25 01:27:03.278	61131	60101	-76	-67	10
2015-07-25 01:27:37.026	61131	60101	-76	-66	10	18.96	64.8	3.875
2015-07-25 02:02:12.606	61131	60101	-76	-66	10	18.38	65.76	3.875
2015-07-25 02:29:43.838	61131	60101	-76	-66	10	18.29	66.03	3.874
2015-07-25 02:48:40.174	61131	60101	-76	-66	10	18.32	66.29	3.874
2015-07-25 03:27:10.915	61131	60101	-76	-66	10	17.35	67.31	3.873
2015-07-25 04:06:42.742	61131	60101	-76	-66	10	16.56	68.4	3.874
2015-07-25 04:07:42.902	61131	60101	-76	-66	10
2015-07-25 04:20:48.45	61131	60101	-76	-66	10	16.5	68.33	3.874
2015-07-25 04:26:20.899	61131	60101	-76	-66	10
2015-07-25 04:52:34.178	61131	60101	-79	-66	10	16.28	68.82	3.873
2015-07-25 05:36:42.839	61131	60101	-76	-66	10	15.89	69.55	3.872
2015-07-25 06:05:33.67	61131	60101	-79	-66	10	15.75	70.18	3.872
2015-07-25 06:25:58.066	61131	60101	-76	-66	10	15.46	70.59	3.872
2015-07-25 06:48:23.519	61131	60101	-76	-67	10
2015-07-25 06:55:04.447	61131	60101	-76	-67	10	15.46	71.02	3.872
2015-07-25 07:30:51.463	61131	60101	-76	-67	10	16.39	69.64	3.872
2015-07-25 07:57:48.279	61131	60101	-76	-67	10	17.57	68.39	3.87
2015-07-25 08:10:59.45	61131	60101	-76	-66	10
2015-07-25 08:39:01.01	61131	60101	-79	-67	10	19.61	67.6	3.872
2015-07-25 08:48:44.862	61131	60101	-79	-68	10	20.06	67.11	3.872
2015-07-25 09:28:16.067	61131	60101	-79	-67	10	21.61	65.74	3.872
2015-07-25 09:29:03.879	61131	60101	-76	-67	10
2015-07-25 09:51:43.114	61131	60101	-79	-68	10	22.52	64.91	3.869
2015-07-25 09:51:45.935	61131	60101	-79	-68	10	22.52	64.91	3.869
2015-07-25 13:05:53.751	61131	60101	-79	-68	10	27.97	57.37	3.872
2015-07-25 15:40:18.53	61131	60101	-79	-67	10
2015-07-25 15:47:39.854	61131	60101	-79	-68	10	29.96	52.39	3.874
2015-07-25 16:20:27.906	61131	60101	-79	-69	10	30.29	50.81	3.876
2015-07-25 17:01:43.042	61131	60101	-79	-72	10	30.08	51.04	3.876
2015-07-25 17:26:41.558	61131	60101	-79	-70	10	30.0	49.86	3.876
2015-07-25 17:31:02.95	61131	60101	-82	-70	10
2015-07-25 19:04:01.67	61131	60101	-79	-69	10	28.83	51.17	3.876
2015-07-25 19:24:57.283	61131	60101	-79	-70	10
2015-07-25 19:35:57.291	61131	60101	-79	-68	10	28.38	52.05	3.876
2015-07-25 19:50:43.126	61131	60101	-79	-70	10	27.88	52.72	3.878
2015-07-25 20:11:42.566	61131	60101	-79	-70	10
2015-07-25 20:31:27.199	61131	60101	-79	-69	10	26.61	54.29	3.876
2015-07-25 20:51:56.875	61131	60101	-79	-68	10	25.86	55.26	3.876
2015-07-25 21:25:12.762	61131	60101	-79	-68	10	24.63	57.26	3.874
2015-07-25 21:58:29.09	61131	60101	-79	-68	10	23.69	58.83	3.872
2015-07-25 22:17:59.647	61131	60101	-76	-68	10	22.97	60.03	3.874
2015-07-25 22:52:21.639	61131	60101	-79	-68	10
2015-07-25 23:02:42.522	61131	60101	-76	-68	10	23.64	59.49	3.875
2015-07-25 23:09:35.454	61131	60101	-79	-68	10
2015-07-25 23:37:44.662	61131	60101	-76	-68	10	23.31	60.32	3.874
2015-07-26 00:06:40.574	61131	60101	-79	-68	10	22.58	61.82	3.873
2015-07-26 00:28:08.034	61131	60101	-76	-68	10	21.27	63.85	3.873
2015-07-26 00:56:20.042	61131	60101	-79	-68	10	21.6	63.35	3.872
2015-07-26 01:21:11.262	61131	60101	-79	-68	10	22.02	65.64	3.873
2015-07-26 01:33:01.326	61131	60101	-76	-67	10
2015-07-26 01:53:10.079	61131	60101	-79	-68	10	21.78	65.62	3.872
2015-07-26 02:24:25.079	61131	60101	-79	-68	10	21.18	66.24	3.872
2015-07-26 02:54:13.67	61131	60101	-79	-68	10
2015-07-26 03:09:21.983	61131	60101	-76	-68	10	20.39	68.13	3.872
2015-07-26 03:32:42.186	61131	60101	-79	-68	10	20.32	68.43	3.872
2015-07-26 03:48:34.555	61131	60101	-76	-67	10	20.18	68.94	3.87
2015-07-26 04:13:41.027	61131	60101	-79	-68	10
2015-07-26 04:31:13.127	61131	60101	-79	-68	10	20.25	70.74	3.87
2015-07-26 05:06:03.167	61131	60101	-79	-69	10	20.07	70.96	3.87
2015-07-26 05:37:49.143	61131	60101	-79	-68	10	19.92	71.46	3.869
2015-07-26 05:47:36.321	61131	60101	-79	-68	10	20.0	71.08	3.87
2015-07-26 06:38:53.163	61131	60101	-76	-68	10
2015-07-26 08:04:36.654	61131	60101	-79	-68	10	21.0	72.24	3.869
2015-07-26 10:18:01.91	61131	60101	-79	-69	10	25.58	67.56	3.869
2015-07-26 12:24:52.087	61131	60101	-79	-68	10	28.63	62.09	3.87
2015-07-26 15:19:38.496	61131	60101	-79	-68	10	28.3	61.49	3.87
2015-07-26 16:59:48.704	61131	60101	-79	-69	10	27.08	64.31	3.873
2015-07-26 17:37:00.446	61131	60101	-73	-69	10
2015-07-26 18:29:19.722	61131	60101	-79	-67	10	27.05	65.08	3.872
2015-07-26 19:19:12.271	61131	60101	-79	-68	10	25.86	66.0	3.872
2015-07-26 20:23:14.566	61131	60101	-79	-68	10	24.8	67.54	3.869
2015-07-26 23:51:56.01	61131	60101	-79	-68	10	21.79	72.39	3.868
2015-07-27 01:03:44.483	61131	60101	-79	-68	10	21.29	73.15	3.867
2015-07-27 01:33:30.39	61131	60101	-79	-69	10	21.08	73.65	3.863
2015-07-27 02:58:51.507	61131	60101	-82	-70	10	21.02	73.92	3.867
2015-07-27 04:07:15.783	61131	60101	-82	-70	10	20.47	74.65	3.867
2015-07-27 04:19:40.443	61131	60101	-82	-71	10
2015-07-27 06:37:07.346	61131	60101	-85	-73	10	20.15	76.97	3.865
2015-07-27 08:33:02.078	61131	60101	-82	-74	10	21.18	78.76	3.863
2015-07-27 10:51:23.67	61131	60101	-79	-68	10	24.83	75.84	3.862
2015-07-27 11:19:24.118	61131	60101	-79	-68	10	25.52	75.18	3.865
2015-07-27 12:21:38.198	61131	60101	-79	-70	10
2015-07-27 12:36:03.547	61131	60101	-79	-70	10
2015-07-27 13:07:49.54	61131	60101	-79	-66	10	27.3	70.75	3.864
2015-07-27 13:34:13.935	61131	60101	-79	-68	10	27.33	70.29	3.859
2015-07-27 13:55:11.57	61131	60101	-79	-67	10	28.21	68.92	3.865
2015-07-27 14:33:44.874	61131	60101	-76	-70	10	29.04	65.92	3.867
2015-07-27 15:02:18.39	61131	60101	-79	-70	10
2015-07-27 15:05:49.203	61131	60101	-79	-68	10	28.58	66.61	3.865
2015-07-27 15:22:18.402	61131	60101	-79	-68	10	28.71	65.39	3.865
2015-07-27 15:47:50.366	61131	60101	-76	-74	10	29.68	63.56	3.867
2015-07-27 16:20:41.535	61131	60101	-79	-68	10
2015-07-27 16:36:50.538	61131	60101	-82	-68	10	30.11	61.56	3.867
2015-07-27 17:01:11.394	61131	60101	-79	-70	10	30.19	60.78	3.868
2015-07-27 17:31:08.278	61131	60101	-82	-67	10	30.24	60.14	3.868
2015-07-27 17:42:58.435	61131	60101	-79	-71	10
2015-07-27 17:50:34.338	61131	60101	-79	-68	10	30.47	60.3	3.867
2015-07-27 18:35:41.194	61131	60101	-79	-70	10	29.61	59.82	3.859
2015-07-27 19:09:03.166	61131	60101	-79	-68	10	29.13	60.92	3.868
2015-07-27 19:24:58.022	61131	60101	-79	-68	10	28.82	61.27	3.867
2015-07-27 20:05:20.85	61131	60101	-79	-67	10
2015-07-27 20:07:53.986	61131	60101	-79	-68	10	27.22	63.74	3.867
2015-07-27 20:22:43.07	61131	60101	-79	-68	10	26.54	64.67	3.868
2015-07-27 20:23:37.911	61131	60101	-76	-68	10
2015-07-27 20:58:40.33	61131	60101	-79	-68	10	24.8	67.1	3.865
2015-07-27 21:37:15.966	61131	60101	-79	-68	10	23.64	68.45	3.867
2015-07-27 21:54:49.854	61131	60101	-79	-68	10	23.15	68.94	3.865
2015-07-27 22:25:53.859	61131	60101	-76	-68	10	22.75	69.29	3.865
2015-07-27 23:04:16.775	61131	60101	-79	-68	10
2015-07-27 23:05:18.494	61131	60101	-79	-68	10	22.43	69.69	3.864
2015-07-27 23:28:02.063	61131	60101	-79	-68	10	22.2	69.96	3.864
2015-07-27 23:49:59.318	61131	60101	-79	-68	10
2015-07-28 00:02:43.046	61131	60101	-79	-68	10	21.83	70.53	3.864
2015-07-28 00:35:53.894	61131	60101	-79	-68	10	21.82	70.59	3.863
2015-07-28 00:55:04.622	61131	60101	-79	-68	10	21.63	71.0	3.863
2015-07-28 01:35:58.723	61131	60101	-79	-68	10	21.6	71.22	3.864
2015-07-28 01:44:56.186	61131	60101	-76	-68	10
2015-07-28 01:59:53.267	61131	60101	-79	-68	10	21.2	72.08	3.863
2015-07-28 02:38:14.174	61131	60101	-79	-68	10	20.94	72.59	3.864
2015-07-28 02:58:51.162	61131	60101	-79	-68	10	20.9	72.88	3.863
2015-07-28 03:29:47.718	61131	60101	-79	-69	10	20.76	74.11	3.857
2015-07-28 03:34:39.022	61131	60101	-79	-68	10
2015-07-28 03:55:27.887	61131	60101	-79	-69	10	20.43	74.61	3.862
2015-07-28 04:20:41.076	61131	60101	-79	-68	10	20.39	75.36	3.862
2015-07-28 04:25:37.282	61131	60101	-79	-68	10
2015-07-28 05:08:32.579	61131	60101	-82	-70	10	20.21	75.27	3.861
2015-07-28 07:19:16.603	61131	60101	-82	-71	10
2015-07-28 07:25:00.403	61131	60101	-82	-71	10	20.1	77.19	3.859
2015-07-28 08:08:08.579	61131	60101	-97	-72	10	20.9	76.32	3.861
2015-07-28 08:25:27.426	61131	60101	-82	-70	10	21.32	75.95	3.859
2015-07-28 09:01:40.462	61131	60101	-79	-70	10	22.65	74.81	3.861
2015-07-28 09:39:54.515	61131	60101	-79	-68	10	24.15	73.81	3.862
2015-07-28 09:46:55.739	61131	60101	-82	-66	10
2015-07-28 09:48:50.475	61131	60101	-79	-70	10	24.49	73.63	3.859
2015-07-28 10:38:54.855	61131	60101	-79	-69	10	26.16	72.52	3.861
2015-07-28 10:49:01.147	61131	60101	-79	-68	10	26.46	72.35	3.861
2015-07-28 11:04:00.339	61131	60101	-79	-68	10
2015-07-28 11:22:51.426	61131	60101	-79	-70	10	27.47	70.86	3.861
2015-07-28 11:55:31.915	61131	60101	-79	-66	10	28.46	69.31	3.862
2015-07-28 12:27:35.582	61131	60101	-82	-68	10
2015-07-28 12:34:06.075	61131	60101	-79	-71	10	29.58	67.85	3.861
2015-07-28 13:09:01.495	61131	60101	-79	-67	10	29.77	65.71	3.862
2015-07-28 13:30:57.183	61131	60101	-79	-67	10	30.52	64.13	3.863
2015-07-28 13:57:03.247	61131	60101	-79	-68	10	30.22	63.47	3.864
2015-07-28 14:35:55.486	61131	60101	-79	-68	10	29.99	62.0	3.863
2015-07-28 14:48:34.535	61131	60101	-79	-68	10
2015-07-28 14:59:51.359	61131	60101	-79	-68	10	28.94	62.48	3.864
2015-07-28 15:08:17.279	61131	60101	-97	-68	10
2015-07-28 15:35:15.442	61131	60101	-76	-70	10	30.44	60.32	3.863
2015-07-28 15:49:56.351	61131	60101	-79	-68	10	30.69	58.65	3.863
2015-07-28 16:26:21.206	61131	60101	-79	-68	10	29.83	60.38	3.863
2015-07-28 17:04:36.735	61131	60101	-82	-68	10	30.46	59.64	3.864
2015-07-28 17:18:18.558	61131	60101	-79	-68	10	30.36	59.5	3.864
2015-07-28 17:49:00.139	61131	60101	-82	-68	10
2015-07-28 18:01:55.05	61131	60101	-79	-70	10	30.47	59.18	3.856
2015-07-28 18:31:21.506	61131	60101	-79	-68	10	30.11	59.43	3.864
2015-07-28 18:33:13.139	61131	60101	-79	-68	10
2015-07-28 18:50:23.239	61131	60101	-79	-68	10	29.61	60.32	3.863
2015-07-28 19:25:45.227	61131	60101	-79	-69	10	28.97	61.23	3.865
2015-07-28 20:03:29.026	61131	60101	-79	-68	10	27.6	62.96	3.854
2015-07-28 20:29:35.062	61131	60101	-79	-68	10
2015-07-28 20:39:28.962	61131	60101	-79	-68	10	26.47	64.03	3.863
2015-07-28 20:59:29.447	61131	60101	-79	-68	10	25.72	64.8	3.852
2015-07-28 21:38:57.314	61131	60101	-79	-68	10	24.88	65.89	3.862
2015-07-28 22:03:12.022	61131	60101	-79	-68	10	24.69	66.01	3.861
2015-07-28 22:17:54.962	61131	60101	-79	-68	10
2015-07-28 22:24:53.635	61131	60101	-79	-68	10	24.41	66.43	3.862
2015-07-28 22:54:42.646	61131	60101	-79	-68	10	24.34	66.3	3.862
2015-07-28 23:10:15.179	61131	60101	-79	-68	10
2015-07-28 23:24:27.494	61131	60101	-79	-68	10	24.26	66.4	3.859
2015-07-29 00:04:08.763	61131	60101	-79	-68	10	23.4	67.92	3.862
2015-07-29 00:24:08.378	61131	60101	-79	-67	10	23.26	68.33	3.861
2015-07-29 01:09:24.668	61131	60101	-79	-68	10	22.7	69.48	3.861
2015-07-29 01:20:41.762	61131	60101	-79	-68	10	22.61	69.5	3.861
2015-07-29 01:50:54.17	61131	60101	-76	-68	10
2015-07-29 02:02:31.418	61131	60101	-79	-68	10
2015-07-29 02:07:47.263	61131	60101	-79	-68	10	22.15	70.12	3.859
2015-07-29 02:38:53.214	61131	60101	-79	-68	10	21.83	71.21	3.859
2015-07-29 02:57:58.155	61131	60101	-79	-68	10	21.53	71.37	3.859
2015-07-29 03:23:22.758	61131	60101	-79	-68	10	21.33	71.72	3.861
2015-07-29 03:55:18.406	61131	60101	-79	-68	10	21.08	72.17	3.858
2015-07-29 04:25:29.586	61131	60101	-76	-68	10	20.79	72.67	3.857
2015-07-29 04:31:35.778	61131	60101	-79	-68	10
2015-07-29 04:51:36.97	61131	60101	-82	-69	10	20.47	73.13	3.857
2015-07-29 05:26:44.774	61131	60101	-79	-68	10	20.47	74.19	3.859
2015-07-29 05:47:09.847	61131	60101	-79	-69	10
2015-07-29 05:55:12.815	61131	60101	-79	-68	10	20.08	74.84	3.857
2015-07-29 06:35:20.854	61131	60101	-79	-70	10	19.92	74.89	3.857
2015-07-29 07:06:58.12	61131	60101	-79	-68	10	20.0	74.72	3.856
2015-07-29 07:12:14.951	61131	60101	-79	-70	10
2015-07-29 07:38:00.238	61131	60101	-79	-70	10	20.52	74.17	3.857
2015-07-29 07:47:32.343	61131	60101	-79	-70	10	20.74	73.89	3.856
2015-07-29 08:34:28.682	61131	60101	-79	-68	10	22.11	72.62	3.856
2015-07-29 08:47:47.178	61131	60101	-79	-70	10	22.6	72.13	3.856
2015-07-29 09:25:36.627	61131	60101	-79	-68	10	24.19	71.03	3.854
2015-07-29 09:31:48.351	61131	60101	-82	-69	10
2015-07-29 09:52:54.93	61131	60101	-82	-69	10
2015-07-29 10:09:08.063	61131	60101	-79	-69	10	25.83	70.31	3.856
2015-07-29 10:22:36.043	61131	60101	-79	-70	10	26.32	70.11	3.857
2015-07-29 10:53:45.258	61131	60101	-79	-69	10	27.19	69.49	3.857
2015-07-29 11:38:57.379	61131	60101	-76	-68	10	28.43	68.26	3.857
2015-07-29 12:08:12.159	61131	60101	-79	-68	10	29.16	67.01	3.858
2015-07-29 12:26:14.979	61131	60101	-79	-68	10	29.61	66.19	3.857
2015-07-29 12:33:35.79	61131	60101	-79	-68	10
2015-07-29 13:06:21.188	61131	60101	-79	-68	10	29.97	65.57	3.857
2015-07-29 13:16:26.578	61131	60101	-79	-68	10
2015-07-29 13:27:07.211	61131	60101	-79	-69	10	30.21	64.83	3.859
2015-07-29 13:52:30.318	61131	60101	-79	-68	10	29.96	65.66	3.859
2015-07-29 14:23:27.745	61131	60101	-79	-68	10	29.86	65.55	3.858
2015-07-29 14:56:51.81	61131	60101	-76	-70	10	31.25	63.3	3.858
2015-07-29 15:57:10.162	61131	60101	-79	-68	10	31.08	63.85	3.861
2015-07-29 16:27:17.706	61131	60101	-82	-69	10	31.68	62.76	3.859
2015-07-29 17:01:06.347	61131	60101	-79	-69	10
2015-07-29 17:06:55.93	61131	60101	-79	-69	10	30.3	64.6	3.862
2015-07-29 17:21:26.247	61131	60101	-79	-69	10	30.93	63.71	3.859
2015-07-29 17:54:53.126	61131	60101	-79	-68	10
2015-07-29 17:59:42.054	61131	60101	-79	-70	10	31.22	63.51	3.861
2015-07-29 18:27:18.762	61131	60101	-79	-69	10	31.32	61.94	3.862
2015-07-29 18:53:23.034	61131	60101	-79	-68	10	31.1	62.27	3.861
2015-07-29 19:28:53.786	61131	60101	-79	-69	10	30.54	62.79	3.861
2015-07-29 19:54:43.315	61131	60101	-79	-70	10	29.69	63.93	3.863
2015-07-29 20:21:29.327	61131	60101	-79	-68	10	28.85	64.99	3.859
2015-07-29 20:35:33.306	61131	60101	-79	-68	10
2015-07-29 20:45:46.994	61131	60101	-79	-69	10
2015-07-29 21:08:21.954	61131	60101	-79	-68	10	27.4	66.76	3.861
2015-07-29 21:28:47.039	61131	60101	-79	-69	10	27.19	66.99	3.856
2015-07-29 21:56:22.866	61131	60101	-79	-68	10	26.55	67.87	3.859
2015-07-29 22:33:59.447	61131	60101	-79	-68	10	25.9	68.86	3.858
2015-07-29 22:51:30.69	61131	60101	-79	-68	10	25.88	68.91	3.859
2015-07-29 23:16:12.926	61131	60101	-79	-69	10
2015-07-29 23:23:30.596	61131	60101	-82	-68	10	25.24	70.17	3.858
2015-07-29 23:51:17.047	61131	60101	-79	-69	10	24.82	70.97	3.858
2015-07-30 00:28:32.159	61131	60101	-79	-69	10	24.22	71.82	3.857
2015-07-30 00:30:25.995	61131	60101	-79	-68	10
2015-07-30 00:48:59.27	61131	60101	-79	-69	10	24.58	71.97	3.858
2015-07-30 01:35:07.427	61131	60101	-82	-70	10	24.54	71.91	3.857
2015-07-30 01:54:23.227	61131	60101	-79	-70	10	24.22	72.55	3.857
2015-07-30 01:56:52.411	61131	60101	-79	-69	10
2015-07-30 02:30:00.01	61131	60101	-79	-69	10	24.68	72.49	3.857
2015-07-30 03:01:23.259	61131	60101	-82	-70	10	24.61	73.21	3.854
2015-07-30 03:23:13.002	61131	60101	-79	-70	10	24.6	73.4	3.856
2015-07-30 04:09:43.499	61131	60101	-79	-69	10	24.36	75.06	3.854
2015-07-30 05:36:43.335	61131	60101	-79	-72	10	24.19	77.36	3.854
2015-07-30 06:03:02.667	61131	60101	-79	-68	10	24.04	78.51	3.854
2015-07-30 06:34:25.122	61131	60101	-79	-70	10	23.78	78.99	3.854
2015-07-30 07:02:09.591	61131	60101	-82	-74	10	23.53	79.09	3.856
2015-07-30 07:18:12.638	61131	60101	-82	-74	10
2015-07-30 07:24:05.654	61131	60101	-79	-75	10	23.22	79.29	3.856
2015-07-30 07:55:42.031	61131	60101	-82	-70	10	23.04	78.04	3.854
2015-07-30 07:59:41.159	61131	60101	-82	-73	10
2015-07-30 08:32:28.254	61131	60101	-76	-71	10	23.1	76.49	3.854
2015-07-30 09:06:33.154	61131	60101	-82	-72	10	23.7	72.89	3.853
2015-07-30 09:20:11.822	61131	60101	-79	-71	10	23.85	72.23	3.852
2015-07-30 09:56:26.391	61131	60101	-82	-67	10	24.68	69.21	3.853
2015-07-30 09:58:51.55	61131	60101	-79	-70	10
2015-07-30 10:38:14.866	61131	60101	-79	-68	10	25.66	65.94	3.853
2015-07-30 11:00:16.566	61131	60101	-82	-72	10	26.13	63.8	3.854
2015-07-30 11:39:22.446	61131	60101	-79	-68	10	26.97	58.81	3.853
2015-07-30 11:44:20.294	61131	60101	-79	-67	10
2015-07-30 12:00:43.906	61131	60101	-82	-70	10	27.38	57.23	3.853
2015-07-30 12:27:19.775	61131	60101	-79	-69	10	27.79	55.34	3.854
2015-07-30 12:39:31.535	61131	60101	-82	-69	10
2015-07-30 13:07:34.382	61131	60101	-82	-70	10	28.83	51.91	3.853
2015-07-30 14:00:58.426	61131	60101	-82	-67	10	29.05	48.03	3.854
2015-07-30 15:20:14.43	61131	60101	-76	-67	10
2015-07-30 16:19:54.051	61131	60101	-79	-70	10	29.83	43.99	3.854
2015-07-30 17:09:54.507	61131	60101	-79	-69	10	29.76	43.51	3.854
2015-07-30 17:18:15.655	61131	60101	-97	-67	10	29.57	43.93	3.857
2015-07-30 18:00:51.77	61131	60101	-79	-80	10
2015-07-30 18:01:10.046	61131	60101	-82	-68	10	29.22	44.8	3.856
2015-07-30 18:21:37.259	61131	60101	-79	-67	10	28.96	45.7	3.854
2015-07-30 19:13:37.83	61131	60101	-79	-68	10
2015-07-30 19:57:33.83	61131	60101	-79	-71	10	26.88	48.68	3.854
2015-07-30 21:23:17.466	61131	60101	-82	-72	10	24.17	53.64	3.852
2015-07-30 22:51:11.594	61131	60101	-82	-73	10	22.06	58.28	3.853
2015-07-30 23:22:10.35	61131	60101	-79	-73	10
2015-07-30 23:34:33.026	61131	60101	-82	-72	10	21.38	59.69	3.852
2015-07-30 23:59:13.523	61131	60101	-82	-71	10	20.97	60.52	3.851
2015-07-31 00:28:47.906	61131	60101	-82	-72	10	20.4	62.21	3.851
2015-07-31 00:50:58.826	61131	60101	-79	-74	10	20.18	62.09	3.851
2015-07-31 01:37:43.407	61131	60101	-82	-70	10	19.31	63.76	3.85
2015-07-31 02:01:41.879	61131	60101	-85	-72	10	18.97	64.83	3.85
2015-07-31 02:02:50.619	61131	60101	-82	-72	10
2015-07-31 02:19:18.323	61131	60101	-82	-72	10	19.06	64.61	3.85
2015-07-31 02:42:55.303	61131	60101	-82	-71	10
2015-07-31 02:53:11.278	61131	60101	-82	-73	10	19.03	64.95	3.85
2015-07-31 03:36:36.889	61131	60101	-82	-72	10	18.83	65.84	3.851
2015-07-31 03:58:13.955	61131	60101	-82	-72	10	18.5	66.18	3.848
2015-07-31 04:20:03.762	61131	60101	-79	-72	10	18.22	66.81	3.847
2015-07-31 04:43:30.774	61131	60101	-82	-71	10
2015-07-31 05:09:19.319	61131	60101	-82	-72	10	17.68	67.96	3.847
2015-07-31 05:34:08.987	61131	60101	-82	-71	10	17.68	68.1	3.846
2015-07-31 05:51:15.795	61131	60101	-82	-72	10	17.61	68.31	3.846
2015-07-31 06:23:02.179	61131	60101	-82	-72	10	17.53	68.63	3.846
2015-07-31 06:27:33.435	61131	60101	-82	-74	10
2015-07-31 07:08:29.583	61131	60101	-85	-76	10	18.07	68.25	3.846
2015-07-31 07:24:05.504	61131	60101	-82	-74	10	18.29	68.07	3.846
2015-07-31 07:24:09.128	61131	60101	-85	-74	10
2015-07-31 08:04:31.146	61131	60101	-85	-74	10	19.14	67.83	3.846
2015-07-31 08:26:54.806	61131	60101	-82	-74	10	19.81	67.57	3.845
2015-07-31 09:09:23.231	61131	60101	-82	-74	10	21.61	65.62	3.846
2015-07-31 09:35:58.175	61131	60101	-82	-73	10	22.65	64.58	3.846
2015-07-31 10:04:04.771	61131	60101	-85	-72	10	23.76	63.08	3.846
2015-07-31 10:04:49.915	61131	60101	-85	-75	10
2015-07-31 10:12:13.231	61131	60101	-82	-74	10
2015-07-31 10:26:26.423	61131	60101	-82	-73	10	24.47	62.1	3.846
2015-07-31 10:49:34.32	61131	60101	-82	-72	10	25.24	60.86	3.846
2015-07-31 11:29:05.17	61131	60101	-85	-70	10	26.13	57.57	3.847
2015-07-31 13:27:07.847	61131	60101	-82	-69	10	28.63	49.16	3.847
2015-07-31 13:51:26.631	61131	60101	-79	-68	10	29.16	47.78	3.848
2015-07-31 13:56:52.059	61131	60101	-82	-70	10
2015-07-31 14:22:46.867	61131	60101	-76	-66	10	29.08	46.58	3.841
2015-07-31 15:09:31.546	61131	60101	-82	-69	10	29.24	45.13	3.85
2015-07-31 15:26:09.63	61131	60101	-76	-68	10
2015-07-31 15:31:38.029	61131	60101	-76	-68	10	28.22	46.68	3.847
2015-07-31 16:04:52.954	61131	60101	-79	-68	10	28.04	46.49	3.847
2015-07-31 20:47:28.758	61131	60101	-79	-72	10
2015-07-31 20:56:11.879	61131	60101	-82	-70	10	25.4	52.0	3.848
2015-07-31 21:26:08.031	61131	60101	-79	-69	10
2015-07-31 21:39:47.487	61131	60101	-79	-70	10	24.34	53.5	3.846
2015-07-31 22:09:14.986	61131	60101	-79	-70	10	23.94	54.05	3.848
2015-07-31 22:28:56.046	61131	60101	-79	-70	10	23.92	54.07	3.846
2015-07-31 22:59:24.094	61131	60101	-79	-69	10	23.61	54.69	3.846
2015-07-31 23:28:07.31	61131	60101	-79	-69	10
2015-07-31 23:37:56.187	61131	60101	-82	-68	10	23.01	55.72	3.846
2015-07-31 23:55:23.886	61131	60101	-79	-70	10	22.81	56.09	3.845
2015-08-01 00:17:28.019	61131	60101	-79	-68	10	22.72	56.36	3.845
2015-08-01 01:07:12.511	61131	60101	-79	-68	10	22.81	56.68	3.845
2015-08-01 01:10:50.454	61131	60101	-79	-69	10
2015-08-01 01:33:03.739	61131	60101	-79	-70	10	22.89	57.31	3.845
2015-08-01 03:01:57.294	61131	60101	-79	-70	10	22.22	59.22	3.845
2015-08-01 03:34:51.878	61131	60101	-82	-70	10	21.65	61.26	3.843
2015-08-01 04:01:31.79	61131	60101	-79	-71	10	21.19	62.04	3.843
2015-08-01 04:27:50.706	61131	60101	-79	-70	10	20.22	63.44	3.842
2015-08-01 04:49:27.191	61131	60101	-79	-70	10
2015-08-01 04:55:26.863	61131	60101	-79	-69	10
2015-08-01 04:59:34.602	61131	60101	-79	-70	10	19.65	64.28	3.842
2015-08-01 05:20:17.375	61131	60101	-79	-73	10	19.56	64.26	3.842
2015-08-01 06:02:10.738	61131	60101	-79	-69	10	18.5	65.98	3.842
2015-08-01 06:27:23.73	61131	60101	-79	-69	10	18.04	67.15	3.841
2015-08-01 07:07:07.647	61131	60101	-79	-69	10	17.86	67.59	3.841
2015-08-01 07:25:20.871	61131	60101	-79	-70	10	18.39	66.73	3.842
2015-08-01 07:30:07.775	61131	60101	-79	-70	10
2015-08-01 08:07:51.614	61131	60101	-79	-70	10	19.4	65.71	3.84
2015-08-01 08:36:34.715	61131	60101	-82	-69	10	20.38	65.5	3.84
2015-08-01 08:52:15.527	61131	60101	-79	-70	10	20.83	65.12	3.84
2015-08-01 09:53:10.566	61131	60101	-79	-66	10	22.53	64.21	3.84
2015-08-01 11:54:54.191	61131	60101	-76	-68	10	25.22	56.23	3.841
2015-08-01 13:58:12.239	61131	60101	-82	-70	10	25.77	51.32	3.841
2015-08-01 14:39:16.578	61131	60101	-82	-70	10	27.35	47.63	3.842
2015-08-01 15:00:56.743	61131	60101	-79	-70	10	27.49	46.66	3.842
2015-08-01 15:32:11.548	61131	60101	-85	-67	10
2015-08-01 16:27:05.15	61131	60101	-79	-68	10	28.26	42.91	3.842
2015-08-01 17:53:17.47	61131	60101	-76	-68	10	24.93	48.24	3.842
2015-08-01 18:26:19.67	61131	60101	-79	-70	10	24.17	50.08	3.842
2015-08-01 19:54:02.283	61131	60101	-79	-70	10
2015-08-01 20:53:27.102	61131	60101	-76	-68	10
2015-08-01 20:58:06.378	61131	60101	-79	-68	10	22.0	55.14	3.84
2015-08-01 21:32:59.306	61131	60101	-79	-68	10	20.9	57.13	3.839
2015-08-01 21:56:45.134	61131	60101	-79	-68	10	20.52	57.93	3.84
2015-08-01 22:30:43.271	61131	60101	-79	-68	10	19.72	59.25	3.841
2015-08-01 23:34:06.187	61131	60101	-79	-68	10
2015-08-02 00:31:43.018	61131	60101	-76	-68	10	18.56	63.22	3.837
2015-08-02 03:03:18.902	61131	60101	-76	-68	10	18.28	66.99	3.837
2015-08-02 03:23:19.158	61131	60101	-76	-68	10
2015-08-02 03:36:29.259	61131	60101	-76	-68	10	17.49	67.87	3.837
2015-08-02 03:50:31.819	61131	60101	-76	-68	10	17.18	68.15	3.836
2015-08-02 04:28:50.746	61131	60101	-79	-68	10	16.38	68.72	3.835
2015-08-02 04:55:27.126	61131	60101	-79	-68	10
2015-08-02 05:05:35.686	61131	60101	-79	-68	10	16.36	68.78	3.836
2015-08-02 05:23:55.694	61131	60101	-79	-68	10	17.0	68.14	3.835
2015-08-02 06:04:49.998	61131	60101	-79	-68	10	16.56	68.92	3.834
2015-08-02 06:31:26.011	61131	60101	-97	-68	10	17.39	69.24	3.834
2015-08-02 07:07:55.298	61131	60101	-79	-68	10	17.57	69.05	3.834
2015-08-02 07:07:58.134	61131	60101	-79	-68	10
2015-08-02 07:32:28.455	61131	60101	-76	-68	10	17.93	68.37	3.833
2015-08-02 07:36:05.239	61131	60101	-79	-68	10
2015-08-02 07:53:09.427	61131	60101	-79	-68	10	18.39	67.78	3.834
2015-08-02 08:25:44.482	61131	60101	-76	-68	10	19.42	67.36	3.834
2015-08-02 09:03:45.63	61131	60101	-79	-68	10	20.28	66.97	3.835
2015-08-02 09:29:17.438	61131	60101	-76	-68	10	21.17	66.01	3.834
2015-08-02 09:53:47.826	61131	60101	-82	-70	10	22.04	65.12	3.834
2015-08-02 10:16:44.99	61131	60101	-76	-70	10
2015-08-02 10:27:27.962	61131	60101	-79	-68	10	23.27	63.77	3.835
2015-08-02 10:52:36.112	61131	60101	-79	-69	10
2015-08-02 10:59:16.123	61131	60101	-79	-70	10	24.14	62.94	3.834
2015-08-02 15:32:17.102	61131	60101	-79	-70	10	29.77	52.59	3.839
2015-08-02 16:06:48.114	61131	60101	-79	-69	10	28.94	53.21	3.839
2015-08-02 16:53:13.39	61131	60101	-76	-68	10	28.91	52.95	3.837
2015-08-02 18:01:50.706	61131	60101	-79	-68	10	29.94	51.45	3.84
2015-08-02 18:21:21.254	61131	60101	-82	-68	10	29.08	52.65	3.84
2015-08-02 19:03:41.955	61131	60101	-82	-70	10	28.47	53.37	3.84
2015-08-02 19:57:15.383	61131	60101	-82	-69	10	27.1	55.28	3.839
2015-08-02 20:59:24.927	61131	60101	-79	-70	10
2015-08-02 21:25:16.974	61131	60101	-79	-70	10	25.24	57.47	3.839
2015-08-02 22:07:11.17	61131	60101	-82	-70	10	24.97	57.92	3.839
2015-08-02 22:48:23.159	61131	60101	-79	-69	10	24.38	58.87	3.837
2015-08-02 23:31:59.259	61131	60101	-82	-70	10	24.18	59.27	3.831
2015-08-02 23:40:03.247	61131	60101	-82	-74	10
2015-08-02 23:48:05.475	61131	60101	-79	-70	10	24.13	59.35	3.836
2015-08-03 00:27:55.067	61131	60101	-79	-68	10	23.88	59.71	3.837
2015-08-03 00:54:02.623	61131	60101	-79	-70	10	23.61	60.03	3.839
2015-08-03 01:51:11.518	61131	60101	-82	-68	10
2015-08-03 02:17:45.343	61131	60101	-79	-68	10	22.88	60.88	3.836
2015-08-03 02:20:47.454	61131	60101	-79	-70	10
2015-08-03 02:56:25.59	61131	60101	-79	-70	10	21.83	62.56	3.837
2015-08-03 03:53:41.989	61131	60101	-79	-68	10	20.93	63.82	3.828
2015-08-03 04:19:02.607	61131	60101	-79	-68	10	20.13	66.63	3.835
2015-08-03 06:28:55.17	61131	60101	-79	-70	10	19.79	67.63	3.833
2015-08-03 07:27:36.935	61131	60101	-79	-70	10	19.39	68.55	3.833
2015-08-03 07:42:03.187	61131	60101	-79	-70	10
2015-08-03 08:04:36.466	61131	60101	-79	-69	10	19.95	68.36	3.833
2015-08-03 09:54:56.235	61131	60101	-79	-68	10	21.68	67.62	3.831
2015-08-03 10:22:44.879	61131	60101	-79	-69	10
2015-08-03 11:37:02.386	61131	60101	-79	-68	10	24.19	61.72	3.833
2015-08-03 12:48:01.435	61131	60101	-82	-68	10	26.16	58.01	3.833
2015-08-03 13:03:22.946	61131	60101	-79	-70	10
2015-08-03 13:05:07.59	61131	60101	-76	-68	10
2015-08-03 13:26:13.054	61131	60101	-76	-67	10	26.49	57.1	3.834
2015-08-03 13:26:15.183	61131	60101	-76	-67	10	26.49	57.1	3.834
2015-08-03 15:24:30.471	61131	60101	-79	-68	10	27.91	53.71	3.835
2015-08-03 15:44:02.158	61131	60101	-79	-69	10
2015-08-03 15:51:39.774	61131	60101	-76	-71	10	26.97	55.48	3.835
2015-08-03 18:57:44.73	61131	60101	-79	-68	10	23.51	66.3	3.833
2015-08-03 20:04:09.962	61131	60101	-79	-70	10	22.4	68.98	3.833
2015-08-03 20:34:33.107	61131	60101	-79	-75	10
2015-08-03 21:05:22.034	61131	60101	-97	-66	10
2015-08-03 22:00:59.482	61131	60101	-76	-69	10	20.07	77.53	3.83
2015-08-03 22:27:18.455	61131	60101	-79	-70	10	20.04	78.68	3.83
2015-08-03 23:00:33.574	61131	60101	-76	-68	10	19.82	79.46	3.831
2015-08-03 23:46:03.539	61131	60101	-76	-66	10
2015-08-04 00:19:04.974	61131	60101	-76	-66	10
2015-08-04 00:59:14.707	61131	60101	-76	-66	10	18.68	80.96	3.829
2015-08-04 01:55:54.631	61131	60101	-76	-66	10	18.57	82.03	3.83
2015-08-04 02:38:42.683	61131	60101	-76	-66	10	18.11	81.65	3.826
2015-08-04 03:21:22.37	61131	60101	-79	-66	10	17.93	81.91	3.828
2015-08-04 04:03:43.635	61131	60101	-79	-66	10
2015-08-04 04:53:38.235	61131	60101	-79	-68	10	17.25	82.36	3.825
2015-08-04 05:37:34.679	61131	60101	-79	-68	10	17.33	82.56	3.824
2015-08-04 06:18:51.324	61131	60101	-79	-69	10	17.53	82.72	3.826
2015-08-04 07:25:32.147	61131	60101	-76	-68	10	17.25	83.8	3.825
2015-08-04 07:48:21.467	61131	60101	-79	-68	10
2015-08-04 09:31:39.942	61131	60101	-79	-70	10	18.89	80.81	3.824
2015-08-04 10:38:33.802	61131	60101	-79	-69	10	21.1	75.53	3.824
2015-08-04 11:01:43.359	61131	60101	-79	-70	10	21.71	71.52	3.824
2015-08-04 11:33:00.95	61131	60101	-82	-70	10
2015-08-04 11:35:53.439	61131	60101	-79	-70	10	22.65	69.81	3.825
2015-08-04 12:17:54.134	61131	60101	-79	-68	10	23.65	65.25	3.824
2015-08-04 13:08:13.89	61131	60101	-79	-68	10	25.1	61.26	3.826
2015-08-04 13:09:21.883	61131	60101	-76	-68	10
2015-08-04 13:39:23.41	61131	60101	-82	-69	10	25.47	58.7	3.825
2015-08-04 14:05:52.755	61131	60101	-79	-68	10	26.04	56.66	3.826
2015-08-04 15:50:00.651	61131	60101	-76	-70	10
2015-08-04 15:50:43.547	61131	60101	-76	-68	10	27.52	51.39	3.826
2015-08-04 16:29:14.907	61131	60101	-79	-68	10	27.32	50.81	3.828
2015-08-04 17:02:37.046	61131	60101	-79	-68	10	26.99	49.47	3.829
2015-08-04 17:18:29.71	61131	60101	-79	-75	10	27.58	48.24	3.828
2015-08-04 18:06:07.53	61131	60101	-76	-67	10	28.38	46.17	3.829
2015-08-04 18:26:58.61	61131	60101	-79	-66	10	27.05	47.66	3.828
2015-08-04 18:30:39.803	61131	60101	-79	-68	10
2015-08-04 18:51:57.363	61131	60101	-76	-68	10	26.24	48.54	3.83
2015-08-04 19:02:18.294	61131	60101	-79	-66	10
2015-08-04 19:39:44.246	61131	60101	-76	-66	10	25.32	50.33	3.829
2015-08-04 19:56:03.258	61131	60101	-79	-68	10	24.72	51.3	3.828
2015-08-04 20:31:02.018	61131	60101	-79	-68	10	23.4	53.69	3.828
2015-08-04 20:51:19.195	61131	60101	-79	-68	10	22.54	55.28	3.826
2015-08-04 21:11:19.975	61131	60101	-76	-68	10
2015-08-04 21:25:36.238	61131	60101	-79	-66	10	21.36	57.57	3.826
2015-08-04 22:03:53.67	61131	60101	-79	-67	10	20.56	59.11	3.828
2015-08-04 22:21:14.566	61131	60101	-79	-68	10	20.33	59.82	3.826
2015-08-04 22:46:57.131	61131	60101	-76	-68	10
2015-08-04 23:08:47.682	61131	60101	-79	-68	10	18.74	62.41	3.824
2015-08-04 23:23:26.158	61131	60101	-76	-68	10	18.56	62.79	3.824
2015-08-04 23:48:20.646	61131	60101	-76	-68	10	18.11	63.35	3.825
2015-08-04 23:51:59.291	61131	60101	-76	-67	10
2015-08-05 00:24:37.439	61131	60101	-76	-67	10	17.86	64.15	3.824
2015-08-05 01:08:19.05	61131	60101	-76	-68	10	17.24	65.22	3.823
2015-08-05 01:27:55.202	61131	60101	-79	-66	10	17.32	65.8	3.824
2015-08-05 02:02:22.942	61131	60101	-76	-66	10	17.04	66.49	3.824
2015-08-05 02:26:17.535	61131	60101	-79	-68	10	16.77	67.06	3.823
2015-08-05 02:31:35.434	61131	60101	-76	-67	10
2015-08-05 02:32:38.878	61131	60101	-76	-67	10
2015-08-05 03:02:13.503	61131	60101	-76	-67	10	16.42	67.62	3.823
2015-08-05 03:37:08.227	61131	60101	-79	-67	10	16.46	68.02	3.82
2015-08-05 04:00:54.15	61131	60101	-79	-68	10	16.11	68.9	3.822
2015-08-05 04:31:32.967	61131	60101	-76	-67	10	15.89	69.13	3.822
2015-08-05 05:09:08.782	61131	60101	-79	-68	10	16.0	69.84	3.822
2015-08-05 05:13:19.426	61131	60101	-79	-68	10
2015-08-05 05:29:35.598	61131	60101	-79	-67	10	15.79	70.08	3.82
2015-08-05 05:53:31.099	61131	60101	-79	-68	10	15.82	70.96	3.82
2015-08-05 06:16:16.874	61131	60101	-79	-68	10
2015-08-05 06:33:05.387	61131	60101	-79	-68	10	15.5	71.19	3.819
2015-08-05 06:58:32.379	61131	60101	-79	-68	10	15.68	71.01	3.82
2015-08-05 07:23:14.514	61131	60101	-79	-68	10	16.11	71.12	3.822
2015-08-05 07:53:59.502	61131	60101	-79	-68	10
2015-08-05 08:01:12.591	61131	60101	-79	-67	10	17.36	69.93	3.817
2015-08-05 09:48:33.618	61131	60101	-76	-72	10	21.24	67.89	3.82
2015-08-05 10:20:38.074	61131	60101	-82	-69	10	21.9	66.51	3.82
2015-08-05 10:34:38.259	61131	60101	-76	-73	10
2015-08-05 10:48:28.794	61131	60101	-82	-70	10	22.76	64.27	3.822
2015-08-05 11:18:24.959	61131	60101	-79	-67	10	23.15	62.15	3.822
2015-08-05 12:03:38.686	61131	60101	-76	-70	10	24.15	57.68	3.82
2015-08-05 12:25:42.867	61131	60101	-79	-65	10	24.36	56.5	3.82
2015-08-05 13:20:58.111	61131	60101	-76	-74	10	24.57	55.7	3.822
2015-08-05 13:45:43.762	61131	60101	-76	-66	10
2015-08-05 13:57:26.606	61131	60101	-82	-68	10	25.83	52.92	3.823
2015-08-05 15:00:08.826	61131	60101	-79	-68	10	26.22	50.15	3.823
2015-08-05 15:21:20.166	61131	60101	-79	-68	10	25.83	49.39	3.823
2015-08-05 15:55:59.294	61131	60101	-79	-68	10
2015-08-05 16:23:58.559	61131	60101	-79	-70	10	26.15	48.39	3.824
2015-08-05 16:55:44.666	61131	60101	-76	-68	10	25.11	49.56	3.822
2015-08-05 18:21:50.71	61131	60101	-79	-68	10	25.86	46.89	3.823
2015-08-05 18:36:38.186	61131	60101	-82	-69	10
2015-08-05 18:54:29.239	61131	60101	-79	-70	10	24.8	48.19	3.824
2015-08-05 19:28:30.291	61131	60101	-82	-71	10	24.04	49.04	3.823
2015-08-05 19:59:26.311	61131	60101	-82	-70	10	23.21	50.34	3.823
2015-08-05 20:20:42.131	61131	60101	-85	-71	10	22.4	51.54	3.822
2015-08-05 23:34:19.459	61131	60101	-79	-70	10	18.22	59.56	3.819
2015-08-06 00:59:28.73	61131	60101	-82	-70	10
2015-08-06 04:53:05.594	61131	60101	-79	-68	10	14.57	69.17	3.817
2015-08-06 05:24:25.222	61131	60101	-79	-68	10	14.18	69.97	3.817
2015-08-06 06:56:27.65	61131	60101	-76	-68	10	13.65	71.11	3.814
2015-08-06 08:28:46.694	61131	60101	-79	-69	10
2015-08-06 12:39:32.806	61131	60101	-79	-68	10	20.29	66.58	3.815
2015-08-06 12:58:09.483	61131	60101	-79	-69	10	20.28	66.35	3.814
2015-08-06 13:21:15.831	61131	60101	-79	-72	10
2015-08-06 13:33:45.878	61131	60101	-79	-70	10	20.47	65.95	3.814
2015-08-06 13:49:41.558	61131	60101	-79	-70	10	20.64	65.52	3.814
2015-08-06 14:35:35.95	61131	60101	-79	-69	10	20.53	65.41	3.813
2015-08-06 15:00:02.951	61131	60101	-79	-70	10	20.56	65.62	3.806
2015-08-06 15:22:20.222	61131	60101	-79	-68	10	20.57	65.71	3.815
2015-08-06 15:58:04.314	61131	60101	-79	-68	10
2015-08-06 16:29:27.746	61131	60101	-79	-68	10	20.57	65.85	3.815
2015-08-06 18:08:32.674	61131	60101	-82	-69	10	20.56	65.68	3.815
2015-08-06 19:07:17.206	61131	60101	-79	-69	10	21.74	63.99	3.814
2015-08-06 19:42:42.582	61131	60101	-79	-70	10
2015-08-06 20:25:16.018	61131	60101	-79	-69	10	19.42	67.28	3.814
2015-08-06 21:23:35.003	61131	60101	-79	-68	10	17.46	69.67	3.812
2015-08-07 00:03:54.719	61131	60101	-79	-68	10
2015-08-07 01:57:21.951	61131	60101	-79	-68	10	15.56	72.74	3.811
2015-08-07 02:44:35.278	61131	60101	-79	-69	10
2015-08-07 03:12:01.21	61131	60101	-79	-69	10
2015-08-07 04:57:17.434	61131	60101	-79	-68	10	14.52	75.5	3.807
2015-08-07 06:36:45.999	61131	60101	-79	-68	10	14.18	77.45	3.808
2015-08-07 06:56:38.655	61131	60101	-79	-68	10
2015-08-07 07:01:37.574	61131	60101	-79	-68	10	14.29	77.42	3.808
2015-08-07 07:23:40.499	61131	60101	-79	-68	10	14.42	77.19	3.807
2015-08-07 07:59:26.466	61131	60101	-79	-68	10	15.07	76.34	3.808
2015-08-07 07:59:28.115	61131	60101	-79	-68	10	15.07	76.34	3.808
2015-08-07 07:59:30.442	61131	60101	-79	-68	10	15.07	76.34	3.808
2015-08-07 08:05:54.599	61131	60101	-79	-68	10
2015-08-07 08:05:56.618	61131	60101	-79	-68	10
2015-08-07 08:54:07.131	61131	60101	-79	-68	10	16.92	75.17	3.809
2015-08-07 12:02:35.606	61131	60101	-79	-69	10	23.06	68.18	3.813
2015-08-07 12:27:25.835	61131	60101	-79	-70	10	24.0	66.96	3.811
2015-08-07 12:49:52.427	61131	60101	-79	-70	10	23.94	67.24	3.811
2015-08-07 13:27:13.987	61131	60101	-79	-70	10
2015-08-07 13:30:31.507	61131	60101	-82	-68	10	23.9	67.58	3.812
2015-08-07 13:52:46.866	61131	60101	-79	-68	10	23.53	68.38	3.812
2015-08-07 14:39:11.907	61131	60101	-79	-70	10	23.92	67.9	3.813
2015-08-07 15:59:15.41	61131	60101	-79	-70	10	24.26	67.12	3.812
2015-08-07 16:26:36.467	61131	60101	-79	-69	10	23.78	67.91	3.813
2015-08-07 17:37:06.999	61131	60101	-76	-70	10	23.6	67.79	3.813
2015-08-07 18:05:29.754	61131	60101	-79	-70	10	23.39	68.12	3.813
2015-08-07 18:10:38.818	61131	60101	-79	-70	10
2015-08-07 18:25:25.066	61131	60101	-79	-70	10	23.54	67.89	3.813
2015-08-07 18:48:33.963	61131	60101	-79	-69	10
2015-08-07 18:53:19.095	61131	60101	-79	-70	10	23.38	68.09	3.814
2015-08-07 19:34:14.208	61131	60101	-79	-69	10	23.04	68.52	3.814
2015-08-07 19:53:30.743	61131	60101	-79	-69	10	22.96	68.68	3.814
2015-08-07 20:37:29.318	61131	60101	-79	-69	10	21.9	69.87	3.813
2015-08-07 20:55:47.371	61131	60101	-79	-69	10	21.56	70.15	3.815
2015-08-07 21:27:16.578	61131	60101	-79	-69	10	20.78	70.98	3.813
2015-08-07 21:29:13.515	61131	60101	-79	-69	10
2015-08-07 21:55:14.598	61131	60101	-79	-68	10
2015-08-07 22:09:07.13	61131	60101	-79	-69	10	19.82	71.96	3.813
2015-08-07 22:33:47.834	61131	60101	-79	-69	10	19.39	72.57	3.814
2015-08-07 23:05:25.503	61131	60101	-79	-69	10	18.93	72.91	3.813
2015-08-07 23:38:54.835	61131	60101	-79	-69	10	18.52	73.35	3.812
2015-08-08 00:01:29.654	61131	60101	-79	-68	10	18.24	73.56	3.812
2015-08-08 00:09:53.107	61131	60101	-79	-69	10
2015-08-08 00:28:38.23	61131	60101	-79	-69	10	18.07	73.96	3.812
2015-08-08 00:48:16.635	61131	60101	-79	-69	10	17.7	74.32	3.811
2015-08-08 01:18:39.955	61131	60101	-79	-68	10	17.67	74.39	3.811
2015-08-08 01:39:53.914	61131	60101	-79	-69	10
2015-08-08 01:50:16.09	61131	60101	-79	-68	10	17.47	74.86	3.811
2015-08-08 02:33:42.194	61131	60101	-79	-69	10	17.46	74.72	3.812
2015-08-08 02:50:32.418	61131	60101	-79	-68	10
2015-08-08 03:01:28.971	61131	60101	-79	-69	10	17.61	74.91	3.809
2015-08-08 03:35:30.427	61131	60101	-79	-68	10	17.39	75.27	3.811
2015-08-08 04:01:29.875	61131	60101	-79	-69	10	17.43	75.35	3.811
2015-08-08 04:32:47.023	61131	60101	-79	-69	10	17.53	75.61	3.811
2015-08-08 04:53:44.362	61131	60101	-79	-68	10	17.47	75.65	3.812
2015-08-08 05:24:32.122	61131	60101	-79	-68	10
2015-08-08 05:31:12.315	61131	60101	-79	-68	10
2015-08-08 05:37:05.27	61131	60101	-79	-68	10	17.24	76.4	3.811
2015-08-08 06:08:02.715	61131	60101	-79	-69	10	17.07	76.81	3.809
2015-08-08 06:18:15.075	61131	60101	-79	-69	10	17.07	77.07	3.809
2015-08-08 06:59:28.558	61131	60101	-79	-69	10	16.95	77.15	3.809
2015-08-08 07:36:23.999	61131	60101	-79	-69	10	17.06	77.56	3.809
2015-08-08 08:08:21.122	61131	60101	-79	-70	10	17.68	76.88	3.807
2015-08-08 08:11:52.746	61131	60101	-79	-69	10
2015-08-08 08:26:22.338	61131	60101	-79	-69	10	18.18	76.27	3.809
2015-08-08 09:06:25.263	61131	60101	-79	-70	10	19.86	74.5	3.808
2015-08-08 09:09:10.683	61131	60101	-79	-70	10
2015-08-08 09:35:15.012	61131	60101	-79	-70	10	20.75	73.86	3.809
2015-08-08 11:02:47.935	61131	60101	-79	-69	10	23.7	71.58	3.809
2015-08-08 13:00:57.287	61131	60101	-79	-70	10	25.58	68.08	3.809
2015-08-08 16:13:50.974	61131	60101	-82	-70	10
2015-08-08 16:31:54.383	61131	60101	-82	-70	10	27.19	65.43	3.812
2015-08-08 16:38:27.994	61131	60101	-79	-72	10
2015-08-08 16:53:35.467	61131	60101	-79	-70	10	26.33	66.31	3.815
2015-08-08 17:30:08.074	61131	60101	-79	-68	10	26.02	66.96	3.815
2015-08-08 17:57:56.21	61131	60101	-82	-70	10	25.77	66.83	3.814
2015-08-08 18:23:16.846	61131	60101	-79	-70	10	25.11	67.82	3.815
2015-08-08 19:05:10.706	61131	60101	-79	-70	10	24.47	68.55	3.814
2015-08-08 20:03:26.535	61131	60101	-79	-69	10	23.64	69.51	3.814
2015-08-08 20:32:22.342	61131	60101	-79	-69	10	23.32	70.13	3.814
2015-08-08 21:35:10.978	61131	60101	-79	-69	10
2015-08-08 22:53:35.008	61131	60101	-79	-69	10	20.86	73.15	3.814
2015-08-08 23:34:36.487	61131	60101	-79	-69	10	20.56	73.42	3.813
2015-08-09 00:07:45.39	61131	60101	-79	-70	10
2015-08-09 00:08:33.382	61131	60101	-79	-68	10	20.54	74.12	3.813
2015-08-09 00:15:52.054	61131	60101	-79	-68	10
2015-08-09 00:23:39.858	61131	60101	-79	-69	10	20.47	74.43	3.812
2015-08-09 00:51:28.95	61131	60101	-79	-70	10	20.38	74.77	3.812
2015-08-09 01:55:09.459	61131	60101	-79	-69	10	20.02	75.12	3.812
2015-08-09 02:56:30.85	61131	60101	-79	-70	10
2015-08-09 03:29:37.302	61131	60101	-79	-69	10	19.7	75.7	3.812
2015-08-09 03:52:24.282	61131	60101	-79	-69	10
2015-08-09 04:06:06.554	61131	60101	-79	-69	10	19.43	76.02	3.811
2015-08-09 04:18:08.486	61131	60101	-79	-68	10	19.29	76.18	3.813
2015-08-09 05:09:05.286	61131	60101	-79	-70	10	18.93	77.03	3.812
2015-08-09 05:25:26.435	61131	60101	-79	-68	10	18.89	76.97	3.811
2015-08-09 05:37:14.411	61131	60101	-79	-69	10
2015-08-09 05:49:45.042	61131	60101	-79	-70	10	18.68	77.87	3.812
2015-08-09 06:54:35.506	61131	60101	-79	-69	10	18.38	78.3	3.811
2015-08-09 07:37:02.478	61131	60101	-79	-69	10
2015-08-09 08:17:51.846	61131	60101	-79	-69	10
2015-08-09 08:31:14.703	61131	60101	-79	-69	10	19.57	76.79	3.811
2015-08-09 09:05:34.154	61131	60101	-79	-70	10	20.83	75.45	3.804
2015-08-09 09:25:05.466	61131	60101	-79	-70	10	21.57	74.89	3.809
2015-08-09 09:49:42.494	61131	60101	-79	-70	10	22.65	74.13	3.809
2015-08-09 10:36:51.906	61131	60101	-82	-70	10	24.27	72.61	3.809
2015-08-09 10:49:49.03	61131	60101	-79	-72	10	24.61	72.14	3.811
2015-08-09 11:21:43.154	61131	60101	-82	-70	10
2015-08-09 13:39:11.639	61131	60101	-79	-72	10
2015-08-09 14:27:52.23	61131	60101	-79	-70	10	27.3	64.17	3.815
2015-08-09 15:07:03.59	61131	60101	-82	-72	10	27.27	63.83	3.813
2015-08-09 16:57:27.026	61131	60101	-79	-70	10	28.32	59.35	3.815
2015-08-09 18:07:37.858	61131	60101	-82	-70	10	27.99	59.79	3.815
2015-08-09 18:50:59.258	61131	60101	-82	-71	10
2015-08-09 19:00:28.674	61131	60101	-82	-72	10
2015-08-09 20:05:29.83	61131	60101	-82	-70	10	25.13	64.32	3.817
2015-08-09 21:08:02.495	61131	60101	-82	-70	10	23.29	66.7	3.814
2015-08-09 21:41:08.207	61131	60101	-79	-70	10
2015-08-09 22:23:06.195	61131	60101	-79	-70	10	21.76	68.69	3.815
2015-08-09 23:02:42.991	61131	60101	-82	-70	10	21.35	69.29	3.814
2015-08-09 23:47:52.955	61131	60101	-79	-70	10	21.06	69.94	3.814
2015-08-10 00:21:48.687	61131	60101	-79	-70	10
2015-08-10 04:53:06.995	61131	60101	-79	-70	10	18.9	73.72	3.809
2015-08-10 06:04:56.319	61131	60101	-82	-70	10
2015-08-10 06:50:11.967	61131	60101	-82	-70	10	18.36	75.06	3.8
2015-08-10 08:08:50.978	61131	60101	-79	-70	10	19.43	74.2	3.808
2015-08-10 08:23:48.527	61131	60101	-79	-71	10
2015-08-10 09:23:36.778	61131	60101	-82	-70	10	22.46	73.13	3.801
2015-08-10 10:05:59.386	61131	60101	-79	-71	10	24.44	71.75	3.809
2015-08-10 10:55:56.33	61131	60101	-79	-70	10	26.72	69.18	3.812
2015-08-10 11:18:26.434	61131	60101	-97	-71	10	27.33	68.33	3.802
2015-08-10 12:35:19.399	61131	60101	-79	-69	10	25.72	70.69	3.812
2015-08-10 13:32:20.158	61131	60101	-79	-69	10	26.08	69.72	3.812
2015-08-10 13:45:07.248	61131	60101	-79	-68	10
2015-08-10 14:20:57.987	61131	60101	-79	-69	10	27.65	67.36	3.813
2015-08-10 15:33:22.29	61131	60101	-82	-74	10	24.61	70.88	3.813
2015-08-10 16:23:38.018	61131	60101	-82	-73	10	25.18	69.76	3.812
2015-08-10 16:57:19.083	61131	60101	-79	-70	10	25.94	69.15	3.813
2015-08-10 17:29:06.107	61131	60101	-82	-71	10	26.22	69.37	3.813
2015-08-10 18:31:48.906	61131	60101	-82	-70	10	25.96	70.27	3.814
2015-08-10 19:09:14.782	61131	60101	-79	-70	10	25.41	71.2	3.813
2015-08-10 20:07:00.494	61131	60101	-82	-70	10	24.79	72.32	3.812
2015-08-10 20:54:08.895	61131	60101	-79	-72	10	24.34	73.68	3.813
2015-08-10 21:35:59.906	61131	60101	-82	-72	10	24.4	73.22	3.813
2015-08-10 21:49:50.63	61131	60101	-82	-69	10	24.35	73.16	3.812
2015-08-11 00:02:28.931	61131	60101	-79	-72	10	22.84	75.2	3.813
2015-08-11 00:38:22.078	61131	60101	-82	-71	10	22.0	76.54	3.809
2015-08-11 00:56:01.302	61131	60101	-82	-72	10	21.9	76.49	3.809
2015-08-11 01:57:59.711	61131	60101	-82	-72	10	21.9	76.98	3.812
2015-08-11 02:50:27.687	61131	60101	-82	-71	10	21.75	77.4	3.811
2015-08-11 03:18:08.087	61131	60101	-85	-75	10	21.38	78.14	3.811
2015-08-11 04:27:45.215	61131	60101	-82	-72	10	21.01	79.85	3.809
2015-08-11 04:56:32.019	61131	60101	-85	-74	10	20.96	80.17	3.809
2015-08-11 05:49:07.878	61131	60101	-82	-73	10
2015-08-11 06:26:48.794	61131	60101	-85	-76	10	21.03	80.88	3.809
2015-08-11 07:29:38.778	61131	60101	-85	-75	10	20.65	82.82	3.809
2015-08-11 08:17:29.295	61131	60101	-82	-71	10
2015-08-11 08:38:35.874	61131	60101	-82	-68	10	20.61	82.81	3.808
2015-08-11 09:21:33.123	61131	60101	-85	-70	10	21.22	82.03	3.809
2015-08-11 10:27:03.111	61131	60101	-82	-66	10	22.4	80.14	3.808
2015-08-11 11:10:25.65	61131	60101	-79	-68	10
2015-08-11 11:55:38.094	61131	60101	-79	-67	10	23.78	73.27	3.811
2015-08-11 12:29:41.715	61131	60101	-85	-66	10	25.04	68.19	3.808
2015-08-11 13:26:32.047	61131	60101	-79	-70	10	24.97	66.2	3.808
2015-08-11 14:02:31.35	61131	60101	-76	-68	10	25.19	66.71	3.809
2015-08-11 14:54:30.638	61131	60101	-79	-78	10	26.43	62.32	3.811
2015-08-11 15:46:45.978	61131	60101	-76	-74	10
2015-08-11 16:36:16.891	61131	60101	-79	-68	10	26.47	59.84	3.811
2015-08-11 19:31:29.143	61131	60101	-82	-69	10
2015-08-11 19:33:15.211	61131	60101	-79	-71	10	23.86	62.06	3.809
2015-08-11 20:20:41.435	61131	60101	-79	-71	10	22.59	63.83	3.811
2015-08-11 21:27:37.35	61131	60101	-79	-69	10	20.65	66.96	3.808
2015-08-11 21:53:03.891	61131	60101	-79	-68	10
2015-08-11 23:05:28.262	61131	60101	-82	-68	10	19.11	70.0	3.808
2015-08-11 23:29:29.442	61131	60101	-79	-68	10	19.08	70.03	3.8
2015-08-12 00:22:16.918	61131	60101	-82	-70	10	18.57	71.62	3.807
2015-08-12 00:57:33.147	61131	60101	-79	-68	10	18.24	72.37	3.807
2015-08-12 01:51:55.194	61131	60101	-79	-68	10	17.21	74.27	3.807
2015-08-12 03:14:23.582	61131	60101	-79	-70	10
2015-08-12 04:23:51.19	61131	60101	-79	-68	10	17.36	77.54	3.804
2015-08-12 05:20:42.046	61131	60101	-79	-70	10	17.08	78.57	3.803
2015-08-12 06:02:39.05	61131	60101	-76	-70	10	16.57	79.24	3.803
2015-08-12 06:45:20.086	61131	60101	-79	-68	10
2015-08-12 07:53:45.77	61131	60101	-79	-68	10	16.65	78.69	3.802
2015-08-12 08:35:44.746	61131	60101	-82	-68	10
2015-08-12 09:31:59.302	61131	60101	-79	-70	10	19.97	76.0	3.802
2015-08-12 10:29:58.394	61131	60101	-82	-72	10
2015-08-12 11:07:15.179	61131	60101	-79	-68	10	21.33	71.14	3.804
2015-08-12 11:32:48.01	61131	60101	-79	-71	10	22.07	68.12	3.803
2015-08-12 13:38:57.614	61131	60101	-94	-70	10	24.24	58.76	3.802
2015-08-12 13:57:02.046	61131	60101	-82	-73	10
2015-08-12 14:18:15.539	61131	60101	-79	-74	10	22.29	61.45	3.804
2015-08-12 15:31:13.367	61131	60101	-79	-73	10	24.47	59.71	3.803
2015-08-12 16:21:37.77	61131	60101	-85	-70	10	22.93	63.15	3.803
2015-08-12 17:00:13.659	61131	60101	-82	-72	10	23.64	61.24	3.804
2015-08-12 17:47:45.63	61131	60101	-79	-68	10	25.01	56.51	3.804
2015-08-12 19:48:14.206	61131	60101	-85	-68	10	21.44	61.58	3.806
2015-08-12 20:55:34.404	61131	60101	-82	-75	10	19.92	64.32	3.804
2015-08-12 21:43:56.355	61131	60101	-82	-68	10
2015-08-12 22:09:26.57	61131	60101	-88	-70	10	18.54	67.04	3.803
2015-08-12 22:51:11.139	61131	60101	-79	-71	10	17.83	68.15	3.802
2015-08-13 00:07:56.547	61131	60101	-79	-69	10	16.18	70.67	3.802
2015-08-13 00:39:41.695	61131	60101	-79	-69	10
2015-08-13 01:28:35.955	61131	60101	-79	-69	10
2015-08-13 03:20:22.191	61131	60101	-79	-68	10
2015-08-13 03:54:56.174	61131	60101	-79	-70	10	12.56	75.26	3.798
2015-08-13 05:07:21.187	61131	60101	-79	-69	10	11.61	76.47	3.796
2015-08-13 05:19:51.558	61131	60101	-79	-69	10	11.52	76.4	3.796
2015-08-13 06:07:37.899	61131	60101	-79	-68	10	11.49	76.25	3.796
2015-08-13 06:50:42.654	61131	60101	-79	-69	10	11.74	76.09	3.795
2015-08-13 07:48:14.99	61131	60101	-79	-69	10	12.89	74.99	3.795
2015-08-13 08:41:41.239	61131	60101	-79	-69	10
2015-08-13 08:57:51.827	61131	60101	-82	-70	10
2015-08-13 09:48:22.579	61131	60101	-79	-70	10	17.79	71.49	3.796
2015-08-13 11:00:41.17	61131	60101	-79	-70	10	21.15	65.89	3.796
2015-08-13 11:22:49.422	61131	60101	-79	-71	10	21.68	64.47	3.797
2015-08-13 12:23:44.827	61131	60101	-79	-72	10	22.82	62.01	3.796
2015-08-13 13:03:18.018	61131	60101	-79	-70	10	23.28	60.89	3.798
2015-08-13 13:55:16.263	61131	60101	-79	-71	10	23.6	58.15	3.798
2015-08-13 14:48:54.791	61131	60101	-79	-69	10	23.95	58.96	3.8
2015-08-13 16:02:26.97	61131	60101	-79	-71	10	25.19	57.15	3.8
2015-08-13 16:27:32.666	61131	60101	-79	-68	10	25.38	56.31	3.801
2015-08-13 16:52:22.102	61131	60101	-79	-69	10	25.04	57.22	3.801
2015-08-13 18:00:57.755	61131	60101	-79	-71	10	26.22	55.09	3.802
2015-08-13 18:48:24.459	61131	60101	-79	-68	10	24.96	56.72	3.802
2015-08-13 19:24:20.783	61131	60101	-79	-69	10
2015-08-13 20:11:47.019	61131	60101	-79	-68	10
2015-08-13 20:48:17.427	61131	60101	-79	-69	10	21.74	61.42	3.802
2015-08-13 21:52:57.186	61131	60101	-79	-68	10	19.74	64.26	3.802
2015-08-13 22:25:34.659	61131	60101	-79	-68	10	19.68	64.28	3.801
2015-08-13 23:18:26.566	61131	60101	-79	-69	10	19.07	66.25	3.801
2015-08-13 23:56:26.882	61131	60101	-79	-68	10
2015-08-14 00:45:39.582	61131	60101	-79	-69	10
2015-08-14 01:32:06.586	61131	60101	-79	-70	10	17.63	68.95	3.798
2015-08-14 02:36:23.395	61131	60101	-79	-68	10	16.88	70.5	3.798
2015-08-14 03:26:19.482	61131	60101	-79	-69	10
2015-08-14 03:41:04.566	61131	60101	-79	-69	10
2015-08-14 04:25:37.699	61131	60101	-79	-70	10	15.93	72.52	3.798
2015-08-14 05:39:14.043	61131	60101	-79	-69	10	15.46	73.1	3.797
2015-08-14 06:06:59.378	61131	60101	-79	-69	10
2015-08-14 07:02:33.783	61131	60101	-79	-69	10	15.2	73.69	3.795
2015-08-14 07:27:20.635	61131	60101	-82	-70	10	15.86	73.1	3.796
2015-08-14 08:26:10.97	61131	60101	-79	-69	10	17.54	71.86	3.796
2015-08-14 08:49:10.786	61131	60101	-79	-70	10	18.33	71.32	3.797
2015-08-15 11:34:19.235	61131	60101	-79	-74	10
2015-08-15 11:50:29.366	61131	60101	-79	-70	10	26.46	61.75	3.8
2015-08-15 13:34:53.103	61131	60101	-73	-66	10	29.96	51.45	3.802
2015-08-15 15:18:49.867	61131	60101	-76	-64	10	29.38	56.01	3.803
2015-08-15 20:43:38.242	61131	60101	-73	-64	10	24.36	62.02	3.804
2015-08-15 21:43:42.643	61131	60101	-73	-64	10	22.84	62.67	3.804
2015-08-16 00:47:01.779	61131	60101	-73	-63	10
2015-08-16 01:14:42.111	61131	60101	-73	-64	10	20.25	63.33	3.801
2015-08-16 01:42:14.395	61131	60101	-73	-64	10	19.78	63.63	3.801
2015-08-16 03:55:24.722	61131	60101	-73	-64	10	19.15	63.73	3.801
2015-08-16 05:15:13.186	61131	60101	-73	-64	10	18.7	63.83	3.796
2015-08-16 08:26:16.554	61131	60101	-73	-64	10	19.89	62.45	3.8
2015-08-16 11:59:29.074	61131	60101	-76	-63	10	27.96	58.46	3.802
2015-08-16 13:23:26.147	61131	60101	-73	-65	10	30.07	57.68	3.802
2015-08-16 13:39:03.734	61131	60101	-73	-65	10
2015-08-16 14:18:38.974	61131	60101	-73	-64	10	29.27	59.21	3.804
2015-08-16 21:20:25.593	61131	60101	-73	-63	10	25.15	63.46	3.804
2015-08-16 21:41:02.81	61131	60101	-73	-63	10
2015-08-16 23:09:41.303	61131	60101	-73	-64	10	22.68	64.11	3.804
2015-08-17 00:21:42.383	61131	60101	-73	-64	10
2015-08-17 01:22:17.019	61131	60101	-73	-63	10	21.33	64.47	3.801
2015-08-17 02:59:32.703	61131	60101	-73	-63	10
2015-08-17 04:16:28.999	61131	60101	-73	-63	10	20.14	64.51	3.802
2015-08-17 05:24:04.21	61131	60101	-73	-64	10	19.71	64.66	3.8
2015-08-17 05:53:04.39	61131	60101	-73	-64	10	19.43	64.79	3.8
2015-08-17 06:40:48.218	61131	60101	-73	-63	10	18.97	65.03	3.801
2015-08-17 08:23:41.123	61131	60101	-73	-64	10
2015-08-17 09:45:29.999	61131	60101	-73	-64	10	23.84	61.12	3.801
2015-08-18 01:27:26.966	61131	60101	-73	-62	10
2015-08-18 01:50:04.007	61131	60101	-73	-62	10	22.47	64.34	3.801
2015-08-18 02:55:58.291	61131	60101	-73	-62	10	22.27	64.31	3.8
2015-08-18 03:24:32.099	61131	60101	-73	-63	10	22.07	64.42	3.802
2015-08-18 05:49:08.026	61131	60101	-73	-66	10
2015-08-18 10:45:15.214	61131	60101	-73	-60	10	20.81	64.33	3.796
2015-08-18 11:23:44.69	61131	60101	-73	-60	10	21.46	63.5	3.797
2015-08-18 12:59:15.538	61131	60101	-73	-62	10	22.63	62.87	3.798
2015-08-18 14:58:31.718	61131	60101	-73	-64	10	24.66	61.34	3.797
2015-08-18 16:26:02.186	61131	60101	-73	-64	10
2015-08-18 17:51:19.783	61131	60101	-73	-64	10	23.83	62.94	3.797
2015-08-18 22:48:44.582	61131	60101	-73	-64	10	20.83	65.17	3.796
2015-08-19 12:09:53.747	61131	60101	-73	-64	10	27.72	60.43	3.793
2015-08-19 15:19:28.199	61131	60101	-73	-63	10	30.24	60.29	3.797
2015-08-19 15:37:50.87	61131	60101	-73	-62	10	29.94	60.89	3.797
2015-08-20 00:46:42.806	61131	60101	-73	-64	10	23.22	65.61	3.795
2015-08-21 10:46:18.659	61131	60101	-76	-62	10	20.86	65.09	3.785
2015-08-22 15:12:41.502	61131	60101	-76	-64	10	25.1	63.9	3.78
2015-08-22 15:51:10.53	61131	60101	-76	-64	10	25.24	64.04	3.782
2015-08-22 16:55:30.899	61131	60101	-76	-64	10
2015-08-22 17:46:50.323	61131	60101	-73	-64	10
2015-08-22 18:09:28.739	61131	60101	-73	-64	10	25.58	64.06	3.786
2015-08-22 19:22:56.526	61131	60101	-73	-64	10	23.6	66.11	3.785
2015-08-22 20:12:39.031	61131	60101	-76	-64	10	21.19	67.96	3.784
2015-08-22 21:17:23.83	61131	60101	-73	-64	10	18.7	69.12	3.782
2015-08-22 21:57:44.17	61131	60101	-73	-64	10	17.65	69.29	3.784
2015-08-22 22:24:32.947	61131	60101	-73	-64	10	17.38	69.19	3.78
2015-08-22 23:51:07.062	61131	60101	-73	-64	10	16.1	69.45	3.78
2015-08-23 00:40:32.734	61131	60101	-73	-64	10	15.92	69.22	3.779
2015-08-23 01:16:09.218	61131	60101	-73	-64	10
2015-08-23 01:48:42.558	61131	60101	-73	-64	10	15.4	69.29	3.779
2015-08-23 03:13:25.402	61131	60101	-73	-64	10	14.52	69.62	3.779
2015-08-23 03:40:49.894	61131	60101	-76	-64	10	14.21	69.73	3.778
2015-08-23 04:56:09.57	61131	60101	-73	-64	10	13.7	69.77	3.779
2015-08-23 05:53:09.422	61131	60101	-73	-64	10	13.43	69.75	3.778
2015-08-23 06:29:47.475	61131	60101	-73	-64	10	13.33	69.73	3.778
2015-08-23 07:15:45.826	61131	60101	-73	-64	10	13.38	69.63	3.776
2015-08-23 08:45:24.594	61131	60101	-73	-64	10
2015-08-23 08:59:27.962	61131	60101	-73	-64	10
2015-08-23 11:40:54.039	61131	60101	-73	-64	10	22.18	64.03	3.778
2015-08-23 20:47:44.087	61131	60101	-73	-64	10	23.29	67.25	3.784
2015-08-23 21:56:22.518	61131	60101	-73	-63	10	21.86	67.57	3.786
2015-08-23 22:22:48.155	61131	60101	-73	-63	10
2015-08-23 23:43:59.162	61131	60101	-73	-63	10
2015-08-24 00:15:58.83	61131	60101	-73	-63	10	20.6	67.6	3.775
2015-08-24 01:03:27.479	61131	60101	-73	-64	10
2015-08-24 01:52:23.955	61131	60101	-73	-64	10	19.79	67.83	3.781
2015-08-24 02:42:26.706	61131	60101	-73	-64	10	19.68	67.86	3.78
2015-08-24 03:44:05.979	61131	60101	-73	-64	10
2015-08-24 04:25:51.183	61131	60101	-73	-64	10	19.79	67.54	3.781
2015-08-24 04:57:55.418	61131	60101	-73	-64	10	19.64	67.57	3.782
2015-08-24 05:11:50.194	61131	60101	-73	-64	10	19.5	67.78	3.782
2015-08-24 06:24:46.31	61131	60101	-73	-64	10
2015-08-24 07:13:18.754	61131	60101	-73	-63	10
2015-08-24 11:46:06.258	61131	60101	-73	-65	10
2015-08-25 00:40:33.67	61131	60101	-73	-63	10	17.79	68.9	3.78
2015-08-25 02:37:23.542	61131	60101	-73	-62	10	15.04	69.88	3.781
2015-08-25 03:54:29.498	61131	60101	-73	-62	10	14.04	69.97	3.779
2015-08-25 06:15:08.151	61131	60101	-73	-62	10	13.57	69.61	3.778
2015-08-25 06:59:38.191	61131	60101	-73	-62	10	13.29	69.72	3.775
2015-08-25 07:53:36.042	61131	60101	-73	-62	10	14.03	69.15	3.778
2015-08-25 08:26:54.207	61131	60101	-73	-62	10	15.04	68.23	3.775
2015-08-25 09:11:23.63	61131	60101	-73	-63	10
2015-08-25 09:25:49.499	61131	60101	-73	-63	10
2015-08-26 00:47:17.355	61131	60101	-73	-62	10	16.42	68.26	3.773
2015-08-26 02:24:59.97	61131	60101	-73	-62	10	14.83	69.16	3.77
2015-08-26 04:09:03.522	61131	60101	-73	-62	10
2015-08-26 06:36:41.474	61131	60101	-73	-62	10
2015-08-26 07:23:01.254	61131	60101	-73	-62	10	13.02	69.01	3.769
2015-08-26 07:56:06.139	61131	60101	-73	-62	10	13.64	68.61	3.769
2015-08-26 09:17:22.23	61131	60101	-73	-62	10
2015-08-26 10:45:49.51	61131	60101	-73	-64	10	18.04	65.96	3.769
2015-08-26 11:08:11.15	61131	60101	-76	-65	10	19.15	65.29	3.768
2015-08-26 11:38:24.122	61131	60101	-73	-64	10
2015-08-26 11:58:02.919	61131	60101	-73	-63	10
2015-08-26 16:42:04.114	61131	60101	-73	-64	10	20.47	65.98	3.774
2015-08-26 17:12:11.456	61131	60101	-73	-62	10	20.57	65.85	3.771
2015-08-26 21:23:30.602	61131	60101	-73	-62	10	17.0	68.28	3.77
2015-08-26 22:40:40.411	61131	60101	-73	-63	10
2015-08-27 00:48:40.938	61131	60101	-73	-64	10	15.7	68.52	3.771
2015-08-27 02:58:42.012	61131	60101	-73	-63	10	15.29	68.58	3.769
2015-08-27 03:45:56.623	61131	60101	-73	-62	10	15.22	68.54	3.769
2015-08-27 06:42:39.983	61131	60101	-73	-63	10
2015-08-27 08:46:37.587	61131	60101	-73	-63	10	16.38	67.25	3.767
2015-08-27 12:55:23.919	61131	60101	-73	-63	10	20.42	65.54	3.768
2015-08-27 21:26:33.907	61131	60101	-73	-63	10	17.92	68.14	3.769
2015-08-27 22:46:37.93	61131	60101	-73	-62	10
2015-08-28 00:15:59.798	61131	60101	-73	-63	10	14.81	69.4	3.768
2015-08-28 01:25:12.183	61131	60101	-73	-64	10	14.42	69.3	3.768
2015-08-28 03:46:32.362	61131	60101	-73	-64	10	13.54	69.41	3.767
2015-08-28 04:39:00.894	61131	60101	-73	-63	10	13.36	69.41	3.765
2015-08-28 05:11:11.634	61131	60101	-73	-63	10	13.0	69.58	3.765
2015-08-28 05:43:00.29	61131	60101	-73	-63	10	12.93	69.62	3.767
2015-08-28 06:38:50.65	61131	60101	-73	-62	10	12.65	69.63	3.764
2015-08-28 07:10:47.882	61131	60101	-73	-62	10	12.65	69.6	3.764
2015-08-28 10:54:39.779	61131	60101	-76	-62	10	20.58	65.39	3.767
2015-08-28 15:52:08.874	61131	60101	-73	-63	10	25.65	63.09	3.768
2015-08-28 16:15:17.527	61131	60101	-73	-64	10	27.32	61.52	3.771
2015-08-28 17:18:32.527	61131	60101	-73	-63	10	25.69	64.53	3.775
2015-08-28 20:11:56.166	61131	60101	-70	-62	10
2015-08-28 22:26:08.95	61131	60101	-73	-62	10	17.77	69.12	3.774
2015-08-28 23:46:41.651	61131	60101	-73	-62	10	16.89	69.01	3.771
2015-08-29 02:16:26.475	61131	60101	-73	-62	10	14.74	69.72	3.77
2015-08-29 02:44:35.051	61131	60101	-73	-62	10	14.4	69.82	3.771
2015-08-29 06:45:45.283	61131	60101	-73	-62	10	12.64	70.11	3.767
2015-08-29 07:01:58.746	61131	60101	-73	-62	10
2015-08-29 07:58:01.599	61131	60101	-73	-62	10	13.32	69.48	3.767
2015-08-29 08:41:37.754	61131	60101	-73	-62	10	14.67	68.33	3.767
2015-08-29 09:35:15.878	61131	60101	-73	-63	10
2015-08-29 10:13:59.678	61131	60101	-73	-63	10	19.61	65.02	3.767
2015-08-29 10:46:38.139	61131	60101	-73	-62	10
2015-08-29 18:11:23.774	61131	60101	-73	-63	10	28.07	63.76	3.776
2015-08-29 19:57:54.746	61131	60101	-73	-62	10	24.76	66.83	3.778
2015-08-29 20:44:58.771	61131	60101	-73	-62	10	23.14	67.71	3.778
2015-08-29 22:00:35.322	61131	60101	-73	-62	10
2015-08-29 22:52:41.587	61131	60101	-73	-62	10	21.78	67.75	3.776
2015-08-30 00:16:53.551	61131	60101	-73	-62	10	21.08	67.63	3.776
2015-08-30 01:29:21.431	61131	60101	-73	-62	10	21.26	67.2	3.775
2015-08-30 01:39:14.011	61131	60101	-73	-62	10
2015-08-30 02:37:37.559	61131	60101	-73	-62	10	21.36	67.16	3.776
2015-08-30 03:23:54.575	61131	60101	-70	-62	10	21.0	67.36	3.774
2015-08-30 04:19:53.683	61131	60101	-73	-62	10
2015-08-30 05:09:48.791	61131	60101	-73	-62	10	19.61	68.14	3.773
2015-08-30 19:11:09.454	61131	60101	-73	-63	10	26.9	65.53	3.78
2015-08-30 20:23:52.034	61131	60101	-73	-62	10
2015-08-30 20:37:51.95	61131	60101	-73	-62	10	24.83	66.82	3.778
2015-08-30 21:08:47.087	61131	60101	-70	-62	10	24.36	66.94	3.779
2015-08-30 23:04:34.778	61131	60101	-73	-62	10
2015-08-31 01:20:43.122	61131	60101	-73	-62	10	21.64	67.76	3.778
2015-08-31 04:25:58.934	61131	60101	-73	-62	10
2015-08-31 05:19:19.963	61131	60101	-70	-62	10	19.89	68.33	3.776
2015-09-01 08:07:35.622	61131	60101	-73	-62	10	19.83	68.12	3.773
2015-09-01 22:48:04.459	61131	60101	-73	-62	10	24.18	67.83	3.779
2015-09-01 23:16:27.811	61131	60101	-73	-62	10
2015-09-02 00:53:34.026	61131	60101	-73	-62	10
2015-09-02 02:50:51.959	61131	60101	-73	-62	10	21.31	68.86	3.776
2015-09-03 01:39:40.178	61131	60101	-70	-62	10	22.15	68.9	3.775
2015-09-03 16:17:20.974	61131	60101	-73	-62	10	30.02	65.04	3.775
2015-09-03 22:46:49.003	61131	60101	-70	-62	10	23.28	68.79	3.774
2015-09-03 23:28:22.711	61131	60101	-70	-62	10
2015-09-04 01:13:00.926	61131	60101	-70	-62	10	22.29	68.53	3.773
2015-09-04 01:44:16.354	61131	60101	-73	-62	10	22.25	68.55	3.771
2015-09-04 03:29:08.226	61131	60101	-73	-61	10	20.78	69.44	3.773
2015-09-04 11:49:35.81	61131	60101	-73	-62	10	26.51	64.45	3.769
2015-09-04 22:08:45.238	61131	60101	-73	-62	10	21.67	69.55	3.773
2015-09-04 23:49:27.002	61131	60101	-73	-62	10	20.65	69.81	3.764
2015-09-05 03:17:27.97	61131	60101	-70	-62	10	19.24	70.11	3.768
2015-09-05 03:48:31.502	61131	60101	-73	-62	10	19.04	70.18	3.768
2015-09-05 04:46:30.591	61131	60101	-73	-62	10	18.89	70.05	3.769
2015-09-05 06:48:53.734	61131	60101	-70	-61	10	18.93	69.69	3.767
2015-09-05 07:42:43.058	61131	60101	-73	-62	10	19.06	69.6	3.767
2015-09-05 09:10:13.35	61131	60101	-70	-62	10	22.06	67.14	3.765
2015-09-05 10:08:42.89	61131	60101	-73	-62	10	24.44	65.76	3.767
2015-09-05 15:47:19.202	61131	60101	-73	-63	10	31.77	63.39	3.77
2015-09-05 17:20:19.07	61131	60101	-73	-62	10	24.83	70.18	3.769
2015-09-06 09:41:42.835	61131	60101	-73	-62	10	21.58	67.52	3.763
2015-09-06 10:22:32.559	61131	60101	-73	-62	10	23.11	66.49	3.763
2015-09-06 10:38:44.44	61131	60101	-73	-62	10	23.64	66.32	3.762
2015-09-06 12:13:39.171	61131	60101	-70	-62	10	26.29	65.1	3.763
2015-09-06 13:03:40.847	61131	60101	-73	-62	10
2015-09-06 13:28:28.714	61131	60101	-70	-62	10
2015-09-06 16:52:17.019	61131	60101	-73	-63	10	30.72	64.73	3.77
2015-09-06 22:46:16.222	61131	60101	-73	-62	10	22.7	70.02	3.768
2015-09-07 00:15:22.75	61131	60101	-70	-62	10	22.04	69.96	3.768
2015-09-07 00:49:45.527	61131	60101	-70	-62	10	21.95	69.88	3.767
2015-09-07 02:26:55.847	61131	60101	-73	-62	10
2015-09-07 03:12:06.483	61131	60101	-73	-62	10	21.11	69.95	3.765
2015-09-07 04:54:57.887	61131	60101	-73	-62	10	20.39	70.21	3.763
2015-09-07 07:08:45.71	61131	60101	-73	-62	10	19.06	70.85	3.76
2015-09-07 12:48:54.162	61131	60101	-73	-64	10	30.18	63.68	3.768
2015-09-07 13:12:01.23	61131	60101	-73	-64	10	29.36	65.02	3.767
2015-09-07 15:14:32.138	61131	60101	-73	-64	10	31.8	63.82	3.769
2015-09-07 15:50:16.342	61131	60101	-76	-64	10
2015-09-08 02:54:42.15	61131	60101	-70	-61	10
2015-09-08 04:51:21.222	61131	60101	-70	-61	10	19.61	71.04	3.763
2015-09-08 06:16:09.366	61131	60101	-73	-61	10	19.21	71.07	3.764
2015-09-08 10:34:53.683	61131	60101	-73	-62	10
2015-09-08 18:15:15.359	61131	60101	-73	-63	10	32.27	65.29	3.769
2015-09-08 23:55:41.287	61131	60101	-70	-62	10	23.47	69.71	3.768
2015-09-09 05:19:30.954	61131	60101	-73	-61	10
2015-09-09 07:15:22.623	61131	60101	-70	-62	10	21.38	69.69	3.763
2015-09-09 08:51:52.694	61131	60101	-73	-62	10
2015-09-09 12:09:14.498	61131	60101	-73	-62	10	29.58	64.36	3.765
2015-09-09 17:48:04.787	61131	60101	-70	-60	10	20.11	72.05	3.764
2015-09-09 18:41:51.334	61131	60101	-70	-59	10	20.86	70.58	3.764
2015-09-09 18:43:12.755	61131	60101	-70	-59	10
2015-09-11 01:22:26.17	61131	60101	-67	-59	10	15.88	74.17	3.748
2015-09-13 11:10:01.35	61131	60101	-70	-60	10	14.7	71.82	3.72
2015-09-13 12:15:48.438	61131	60101	-70	-60	10	12.22	74.2	3.723
2015-09-13 19:19:53.683	61131	60101	-70	-60	10	14.9	73.76	3.729
2015-09-14 15:47:07.727	61131	60101	-73	-62	10	22.29	70.09	3.739
2015-09-15 20:45:49.759	61131	60101	-73	-62	10	18.72	74.54	3.748
2015-09-15 21:25:21.53	61131	60101	-73	-62	10	18.03	74.59	3.747
2015-09-15 21:59:16.863	61131	60101	-70	-62	10
2015-09-15 22:07:01.55	61131	60101	-73	-62	10
2015-09-15 22:42:37.758	61131	60101	-73	-62	10	16.83	74.7	3.746
2015-09-15 23:45:44.171	61131	60101	-70	-62	10	16.27	74.7	3.746
2015-09-16 00:39:56.522	61131	60101	-70	-61	10
2015-09-16 01:51:39.122	61131	60101	-70	-61	10
2015-09-16 02:12:26.119	61131	60101	-70	-61	10	14.52	75.39	3.743
2015-09-16 03:15:41.711	61131	60101	-73	-61	10	14.11	75.26	3.745
2015-09-16 03:51:56.134	61131	60101	-73	-62	10	13.97	75.29	3.742
2015-09-16 04:24:30.186	61131	60101	-70	-61	10	13.81	75.3	3.745
2015-09-16 05:08:12.895	61131	60101	-70	-61	10	13.57	75.31	3.742
2015-09-16 11:38:47.59	61131	60101	-73	-62	10	22.29	69.55	3.74
2015-09-16 13:10:15.515	61131	60101	-73	-62	10	25.36	68.47	3.742
2015-09-18 06:55:18.587	61131	60101	-73	-61	10	14.22	74.99	3.743
2015-09-19 08:59:57.634	61131	60101	-73	-61	10
