result_time	node_id	parent_id	stats_frssi	stats_brssi	etx	temperature	humidity	voltage
2015-07-24 16:51:52.267	61631	60101	-82	-76	10	29.11	45.75	3.924
2015-07-24 16:52:29.45	61631	60101	-85	-77	10	28.83	43.98	3.924
2015-07-24 16:53:04.047	61631	60101	-85	-74	10	28.51	42.09	3.924
2015-07-24 16:53:41.838	61631	60101	-82	-77	10	28.18	41.1	3.924
2015-07-24 16:54:17.315	61631	60101	-85	-72	10	27.93	40.6	3.923
2015-07-24 18:11:03.595	61631	60101	-82	-76	10
2015-07-24 18:37:17.367	61631	60101	-85	-75	10	28.04	37.52	3.922
2015-07-24 19:27:46.811	61631	60101	-85	-74	10	26.85	39.12	3.92
2015-07-24 19:47:33.779	61631	60101	-82	-75	10
2015-07-24 20:38:03.242	61631	60101	-82	-74	10	24.94	40.96	3.918
2015-07-24 21:16:20.223	61631	60101	-82	-76	10	23.28	40.45	3.917
2015-07-24 22:04:50.594	61631	60101	-82	-73	10	22.4	39.62	3.916
2015-07-24 22:43:52.719	61631	60101	-85	-75	10
2015-07-24 23:30:16.494	61631	60101	-82	-74	10
2015-07-25 00:09:02.71	61631	60101	-82	-74	10	19.97	38.52	3.914
2015-07-25 00:50:07.819	61631	60101	-79	-74	10
2015-07-25 01:40:10.622	61631	60101	-82	-74	10
2015-07-25 01:46:04.466	61631	60101	-82	-74	10	18.82	38.1	3.912
2015-07-25 02:10:06.638	61631	60101	-82	-73	10
2015-07-25 02:14:23.862	61631	60101	-82	-74	10	18.5	37.8	3.909
2015-07-25 02:27:26.288	61631	60101	-82	-73	10	18.39	37.76	3.909
2015-07-25 02:57:23.459	61631	60101	-82	-73	10	18.25	38.08	3.911
2015-07-25 03:29:41.55	61631	60101	-82	-73	10
2015-07-25 03:39:51.434	61631	60101	-82	-73	10	17.32	38.15	3.909
2015-07-25 04:06:11.223	61631	60101	-82	-73	10	16.75	39.23	3.907
2015-07-25 04:36:28.331	61631	60101	-82	-73	10
2015-07-25 04:43:45.602	61631	60101	-82	-73	10	16.5	38.67	3.908
2015-07-25 04:49:29.802	61631	60101	-82	-73	10
2015-07-25 05:06:54.414	61631	60101	-82	-73	10	16.32	38.32	3.908
2015-07-25 05:46:30.031	61631	60101	-79	-73	10	15.95	38.84	3.906
2015-07-25 06:04:03.402	61631	60101	-82	-73	10	15.95	38.38	3.905
2015-07-25 06:09:17.534	61631	60101	-79	-73	10
2015-07-25 06:42:42.531	61631	60101	-82	-73	10	15.68	40.04	3.905
2015-07-25 07:13:46.058	61631	60101	-82	-72	10	15.82	39.19	3.903
2015-07-25 07:29:06.678	61631	60101	-79	-72	10
2015-07-25 07:30:57.462	61631	60101	-79	-73	10	16.46	38.06	3.905
2015-07-25 07:32:47.019	61631	60101	-79	-73	10
2015-07-25 08:09:03.198	61631	60101	-79	-73	10	18.15	37.8	3.905
2015-07-25 08:27:14.791	61631	60101	-82	-73	10	19.04	38.13	3.903
2015-07-25 08:48:54.115	61631	60101	-85	-73	10
2015-07-25 09:12:57.07	61631	60101	-79	-73	10	20.89	37.43	3.902
2015-07-25 09:29:41.623	61631	60101	-82	-73	10	21.47	37.15	3.906
2015-07-25 10:08:46.155	61631	60101	-79	-73	10
2015-07-25 10:09:39.562	61631	60101	-82	-73	10	22.88	37.26	3.903
2015-07-25 10:38:33.775	61631	60101	-79	-75	10	24.11	37.21	3.906
2015-07-25 11:36:20.294	61631	60101	-82	-74	10	27.08	36.67	3.903
2015-07-25 16:08:12.595	61631	60101	-85	-80	10	30.36	38.17	3.906
2015-07-25 16:21:42.395	61631	60101	-85	-76	10
2015-07-25 16:30:31.614	61631	60101	-85	-76	10	30.41	38.14	3.905
2015-07-25 16:47:43.294	61631	60101	-82	-74	10
2015-07-25 17:06:06.582	61631	60101	-82	-72	10	30.3	38.02	3.905
2015-07-25 17:27:35.066	61631	60101	-85	-72	10	30.35	37.82	3.903
2015-07-25 18:30:12.698	61631	60101	-85	-71	10	30.69	36.74	3.905
2015-07-25 19:08:49.286	61631	60101	-85	-74	10	28.79	38.15	3.906
2015-07-25 19:18:01.454	61631	60101	-82	-73	10
2015-07-25 19:27:21.762	61631	60101	-82	-75	10
2015-07-25 19:45:07.438	61631	60101	-82	-73	10	28.24	38.3	3.902
2015-07-25 20:12:52.266	61631	60101	-82	-73	10	27.41	38.39	3.902
2015-07-25 20:32:29.139	61631	60101	-82	-73	10	26.65	38.8	3.902
2015-07-25 20:47:09.074	61631	60101	-82	-74	10
2015-07-25 21:00:03.315	61631	60101	-82	-74	10	25.32	39.55	3.902
2015-07-25 21:26:32.623	61631	60101	-82	-74	10	24.43	39.15	3.901
2015-07-25 21:58:02.814	61631	60101	-82	-73	10	23.63	39.07	3.9
2015-07-25 22:06:56.814	61631	60101	-79	-73	10
2015-07-25 22:14:20.298	61631	60101	-79	-73	10
2015-07-25 22:36:48.587	61631	60101	-85	-73	10	23.36	39.14	3.9
2015-07-25 23:06:37.183	61631	60101	-82	-74	10	23.52	38.65	3.9
2015-07-25 23:26:44.794	61631	60101	-85	-74	10
2015-07-25 23:33:25.61	61631	60101	-82	-75	10	23.44	38.78	3.898
2015-07-26 00:08:17.263	61631	60101	-82	-72	10	22.35	40.75	3.897
2015-07-26 00:25:34.758	61631	60101	-79	-73	10	21.4	42.31	3.898
2015-07-26 00:46:33.059	61631	60101	-79	-73	10
2015-07-26 01:08:02.319	61631	60101	-82	-73	10	21.88	40.63	3.9
2015-07-26 01:10:37.683	61631	60101	-82	-74	10
2015-07-26 01:30:24.083	61631	60101	-82	-75	10	22.14	40.66	3.896
2015-07-26 02:06:23.267	61631	60101	-82	-75	10
2015-07-26 02:09:34.855	61631	60101	-82	-74	10	21.54	39.59	3.895
2015-07-26 02:36:04.466	61631	60101	-82	-74	10	20.94	39.6	3.896
2015-07-26 03:07:23.451	61631	60101	-82	-74	10	20.5	39.55	3.896
2015-07-26 03:26:09.478	61631	60101	-82	-75	10
2015-07-26 03:41:08.006	61631	60101	-82	-73	10	20.36	39.67	3.895
2015-07-26 03:59:15.947	61631	60101	-82	-73	10	20.27	40.16	3.895
2015-07-26 04:06:55.87	61631	60101	-82	-74	10
2015-07-26 04:45:28.407	61631	60101	-85	-74	10	20.2	39.79	3.895
2015-07-26 04:45:57.663	61631	60101	-82	-74	10
2015-07-26 05:12:57.447	61631	60101	-82	-76	10	19.9	39.89	3.894
2015-07-26 05:42:11.823	61631	60101	-82	-75	10	20.14	39.78	3.891
2015-07-26 05:57:16.803	61631	60101	-85	-76	10	20.06	40.21	3.894
2015-07-26 06:05:59.999	61631	60101	-85	-76	10
2015-07-26 07:07:01.547	61631	60101	-85	-74	10	19.65	40.33	3.892
2015-07-26 09:59:44.775	61631	60101	-82	-75	10
2015-07-26 10:05:11.086	61631	60101	-85	-74	10
2015-07-26 11:33:06.659	61631	60101	-85	-77	10	28.16	39.46	3.892
2015-07-26 12:29:03.01	61631	60101	-82	-76	10	30.02	39.66	3.894
2015-07-26 13:35:15.466	61631	60101	-97	-73	10	28.99	40.64	3.895
2015-07-26 15:04:11.114	61631	60101	-79	-75	10	28.8	40.66	3.894
2015-07-26 16:44:20.486	61631	60101	-82	-72	10
2015-07-27 00:08:06.998	61631	60101	-79	-72	10	21.71	42.68	3.887
2015-07-27 02:02:49.07	61631	60101	-79	-72	10
2015-07-27 03:22:38.035	61631	60101	-82	-73	10
2015-07-27 06:02:16.347	61631	60101	-79	-71	10
2015-07-27 07:22:05.486	61631	60101	-79	-73	10
2015-07-27 10:01:38.739	61631	60101	-79	-71	10
2015-07-27 10:35:15.974	61631	60101	-79	-73	10	24.17	46.19	3.879
2015-07-27 11:00:48.314	61631	60101	-79	-72	10	25.33	44.08	3.879
2015-07-27 11:21:26.106	61631	60101	-82	-73	10
2015-07-27 11:36:53.854	61631	60101	-82	-74	10	27.27	43.27	3.88
2015-07-27 11:54:50.77	61631	60101	-85	-72	10	27.41	44.12	3.88
2015-07-27 12:45:42.047	61631	60101	-82	-75	10	29.85	42.78	3.881
2015-07-27 12:54:28.307	61631	60101	-82	-72	10	29.38	42.02	3.881
2015-07-27 13:32:49.65	61631	60101	-82	-71	10	27.71	43.69	3.88
2015-07-27 14:01:03.53	61631	60101	-82	-72	10
2015-07-27 14:16:05.31	61631	60101	-85	-79	10	29.26	42.98	3.881
2015-07-27 14:38:52.974	61631	60101	-85	-77	10	29.8	42.23	3.881
2015-07-27 15:08:57.89	61631	60101	-79	-73	10	29.05	43.16	3.881
2015-07-27 15:20:52.463	61631	60101	-82	-74	10
2015-07-27 15:22:36.68	61631	60101	-85	-74	10
2015-07-27 15:30:52.354	61631	60101	-82	-75	10	29.0	43.29	3.881
2015-07-27 16:16:07.719	61631	60101	-82	-70	10	30.3	42.22	3.881
2015-07-27 16:31:46.526	61631	60101	-82	-78	10	30.36	42.19	3.881
2015-07-27 16:40:40.551	61631	60101	-85	-76	10
2015-07-27 17:12:10.234	61631	60101	-85	-74	10	30.57	42.08	3.883
2015-07-27 17:29:49.242	61631	60101	-79	-74	10	30.58	42.18	3.883
2015-07-27 17:59:11.024	61631	60101	-79	-74	10	30.36	41.95	3.881
2015-07-27 18:00:28.279	61631	60101	-82	-75	10
2015-07-27 18:18:55.198	61631	60101	-85	-75	10
2015-07-27 18:36:35.876	61631	60101	-82	-78	10	31.61	39.13	3.881
2015-07-27 19:13:59.414	61631	60101	-79	-75	10	29.05	42.35	3.88
2015-07-27 19:20:16.086	61631	60101	-82	-73	10
2015-07-27 19:40:04.026	61631	60101	-79	-74	10	28.26	42.7	3.881
2015-07-27 20:01:51.994	61631	60101	-82	-75	10	27.38	43.08	3.881
2015-07-27 20:40:03.922	61631	60101	-79	-71	10
2015-07-27 20:40:36.862	61631	60101	-82	-71	10	25.65	43.45	3.88
2015-07-27 21:15:08.358	61631	60101	-82	-71	10	24.28	43.7	3.88
2015-07-27 21:15:13.75	61631	60101	-79	-71	10
2015-07-27 21:31:29.811	61631	60101	-79	-71	10	23.86	43.78	3.88
2015-07-27 21:59:52.255	61631	60101	-79	-71	10
2015-07-27 22:00:19.838	61631	60101	-82	-71	10	23.18	43.37	3.878
2015-07-27 22:39:08.346	61631	60101	-82	-71	10	22.92	43.21	3.878
2015-07-27 23:04:55.267	61631	60101	-79	-70	10	22.54	43.3	3.878
2015-07-27 23:19:40.503	61631	60101	-79	-71	10
2015-07-27 23:44:07.938	61631	60101	-79	-70	10	22.11	43.06	3.878
2015-07-27 23:57:09.642	61631	60101	-79	-70	10	22.0	43.44	3.878
2015-07-28 00:11:31.974	61631	60101	-79	-71	10
2015-07-28 00:39:30.99	61631	60101	-82	-70	10
2015-07-28 00:41:37.942	61631	60101	-79	-70	10	21.85	43.75	3.875
2015-07-28 01:04:39.395	61631	60101	-82	-70	10	21.74	43.57	3.88
2015-07-28 01:29:35.803	61631	60101	-79	-70	10	21.74	43.08	3.875
2015-07-28 01:59:17.531	61631	60101	-79	-70	10
2015-07-28 02:03:47.451	61631	60101	-79	-70	10	21.28	43.55	3.875
2015-07-28 02:34:16.907	61631	60101	-82	-70	10	21.1	43.67	3.876
2015-07-28 02:59:27.283	61631	60101	-79	-70	10	20.97	43.45	3.874
2015-07-28 03:07:51.083	61631	60101	-79	-70	10
2015-07-28 03:19:06.218	61631	60101	-79	-70	10
2015-07-28 03:46:04.935	61631	60101	-79	-71	10	20.61	46.02	3.874
2015-07-28 03:58:26.771	61631	60101	-79	-70	10	20.54	46.08	3.873
2015-07-28 04:25:47.107	61631	60101	-82	-70	10	20.51	45.36	3.873
2015-07-28 04:38:53.615	61631	60101	-79	-70	10
2015-07-28 05:05:15.279	61631	60101	-79	-72	10	20.36	43.94	3.873
2015-07-28 05:25:49.646	61631	60101	-79	-71	10	20.32	45.01	3.872
2015-07-28 06:04:08.722	61631	60101	-82	-71	10
2015-07-28 07:18:30.603	61631	60101	-79	-72	10
2015-07-28 07:33:09.075	61631	60101	-82	-72	10	20.32	43.51	3.873
2015-07-28 08:38:17.842	61631	60101	-82	-71	10
2015-07-28 08:46:27.591	61631	60101	-79	-70	10	21.83	43.72	3.872
2015-07-28 08:55:24.69	61631	60101	-79	-70	10	22.15	43.06	3.87
2015-07-28 09:00:27.307	61631	60101	-79	-71	10
2015-07-28 09:34:35.643	61631	60101	-79	-71	10	23.61	44.75	3.872
2015-07-28 09:58:06.618	61631	60101	-82	-70	10
2015-07-28 09:59:24.215	61631	60101	-82	-70	10	24.66	44.21	3.872
2015-07-28 10:33:26.835	61631	60101	-79	-70	10	25.83	43.74	3.872
2015-07-28 11:02:50.567	61631	60101	-82	-71	10	27.11	45.55	3.872
2015-07-28 11:17:55.319	61631	60101	-82	-71	10
2015-07-28 11:37:23.939	61631	60101	-82	-74	10	29.0	41.94	3.872
2015-07-28 11:56:05.463	61631	60101	-82	-74	10	29.55	42.34	3.873
2015-07-28 11:56:45.511	61631	60101	-82	-75	10
2015-07-28 12:31:01.226	61631	60101	-82	-77	10	30.9	42.01	3.873
2015-07-28 12:37:42.859	61631	60101	-82	-76	10
2015-07-28 13:03:31.786	61631	60101	-82	-79	10	30.58	43.4	3.873
2015-07-28 13:43:12.514	61631	60101	-85	-75	10	31.13	43.12	3.875
2015-07-28 13:57:31.979	61631	60101	-82	-76	10
2015-07-28 14:00:48.887	61631	60101	-82	-75	10	30.61	43.68	3.874
2015-07-28 14:40:50.759	61631	60101	-85	-78	10	30.27	44.72	3.874
2015-07-28 14:53:04.131	61631	60101	-85	-78	10
2015-07-28 15:14:56.763	61631	60101	-82	-75	10	29.1	44.51	3.874
2015-07-28 15:17:19.87	61631	60101	-82	-75	10
2015-07-28 15:35:08.35	61631	60101	-91	-76	10	30.65	42.8	3.874
2015-07-28 15:57:10.014	61631	60101	-85	-76	10	31.13	42.85	3.874
2015-07-28 16:29:02.143	61631	60101	-82	-77	10	29.79	44.26	3.874
2015-07-28 16:37:07.446	61631	60101	-88	-76	10
2015-07-28 17:03:46.378	61631	60101	-85	-78	10	30.54	43.6	3.874
2015-07-28 17:29:21.327	61631	60101	-82	-76	10	30.58	43.4	3.875
2015-07-28 17:49:22.339	61631	60101	-85	-78	10
2015-07-28 17:56:56.202	61631	60101	-85	-77	10
2015-07-28 17:58:13.503	61631	60101	-82	-76	10	30.54	43.23	3.874
2015-07-28 18:38:00.915	61631	60101	-85	-78	10	30.97	41.64	3.874
2015-07-28 19:10:46.998	61631	60101	-82	-76	10	29.44	43.54	3.874
2015-07-28 19:16:44.543	61631	60101	-85	-76	10
2015-07-28 19:37:40.534	61631	60101	-82	-74	10	28.58	43.95	3.874
2015-07-28 19:58:48.147	61631	60101	-82	-74	10	27.8	44.17	3.874
2015-07-28 20:28:25.455	61631	60101	-82	-74	10	26.8	44.32	3.873
2015-07-28 20:36:32.843	61631	60101	-82	-73	10
2015-07-28 20:45:40.582	61631	60101	-97	-72	10
2015-07-28 20:55:44.699	61631	60101	-79	-72	10	26.07	44.37	3.873
2015-07-28 21:36:34.547	61631	60101	-82	-72	10	24.8	44.29	3.873
2015-07-28 21:56:21.203	61631	60101	-79	-72	10
2015-07-28 22:13:51.159	61631	60101	-82	-72	10	24.57	44.1	3.872
2015-07-28 22:26:21.739	61631	60101	-79	-71	10	24.43	44.11	3.873
2015-07-28 23:11:51.81	61631	60101	-79	-72	10	24.4	43.88	3.872
2015-07-28 23:16:08.646	61631	60101	-79	-71	10
2015-07-28 23:35:10.335	61631	60101	-79	-71	10	24.18	44.08	3.87
2015-07-28 23:41:58.623	61631	60101	-79	-72	10
2015-07-29 00:10:58.078	61631	60101	-82	-71	10	23.38	44.36	3.869
2015-07-29 00:35:57.387	61631	60101	-82	-71	10
2015-07-29 00:38:24.795	61631	60101	-79	-71	10	23.22	44.07	3.87
2015-07-29 00:59:13.083	61631	60101	-79	-70	10	22.92	44.14	3.869
2015-07-29 01:30:15.126	61631	60101	-82	-70	10	22.61	44.17	3.868
2015-07-29 01:55:45.847	61631	60101	-79	-71	10
2015-07-29 02:00:56.134	61631	60101	-79	-70	10	22.27	44.19	3.867
2015-07-29 02:27:21.614	61631	60101	-79	-71	10	22.04	44.17	3.868
2015-07-29 02:38:17.578	61631	60101	-79	-71	10
2015-07-29 03:07:23.874	61631	60101	-82	-71	10	21.54	44.5	3.867
2015-07-29 03:15:33.622	61631	60101	-82	-71	10
2015-07-29 03:29:28.447	61631	60101	-79	-71	10	21.39	44.42	3.868
2015-07-29 04:04:24.79	61631	60101	-79	-71	10	21.18	44.53	3.865
2015-07-29 04:33:09.763	61631	60101	-79	-70	10	20.85	44.72	3.867
2015-07-29 04:35:22.114	61631	60101	-79	-70	10
2015-07-29 05:15:45.711	61631	60101	-79	-71	10	20.64	44.46	3.865
2015-07-29 05:34:35.767	61631	60101	-79	-71	10
2015-07-29 05:43:45.594	61631	60101	-79	-70	10	20.46	45.49	3.865
2015-07-29 05:55:10.163	61631	60101	-79	-70	10
2015-07-29 06:08:09.435	61631	60101	-82	-70	10	20.07	45.12	3.865
2015-07-29 06:43:37.851	61631	60101	-79	-70	10	19.95	44.78	3.865
2015-07-29 07:04:51.834	61631	60101	-79	-70	10	20.11	44.47	3.863
2015-07-29 07:14:58.995	61631	60101	-79	-70	10
2015-07-29 07:29:16.198	61631	60101	-79	-71	10	20.5	44.38	3.864
2015-07-29 07:57:24.09	61631	60101	-79	-70	10	21.1	43.73	3.864
2015-07-29 08:27:45.115	61631	60101	-79	-70	10	21.86	43.95	3.863
2015-07-29 08:30:54.23	61631	60101	-79	-70	10
2015-07-29 08:34:46.39	61631	60101	-79	-70	10
2015-07-29 08:56:28.742	61631	60101	-79	-70	10	22.86	43.24	3.863
2015-07-29 09:27:18.579	61631	60101	-79	-70	10	24.15	42.99	3.867
2015-07-29 09:54:34.458	61631	60101	-79	-69	10
2015-07-29 10:06:24.63	61631	60101	-82	-71	10	25.69	44.22	3.864
2015-07-29 10:31:21.519	61631	60101	-79	-71	10	26.44	44.08	3.865
2015-07-29 10:59:58.919	61631	60101	-79	-71	10	27.66	43.48	3.865
2015-07-29 11:14:23.162	61631	60101	-79	-71	10
2015-07-29 11:27:12.83	61631	60101	-79	-70	10
2015-07-29 11:41:41.222	61631	60101	-79	-73	10	29.3	43.33	3.865
2015-07-29 12:14:29.431	61631	60101	-82	-75	10	30.1	43.62	3.865
2015-07-29 12:24:49.238	61631	60101	-82	-73	10	30.69	43.14	3.867
2015-07-29 12:34:11.146	61631	60101	-85	-71	10
2015-07-29 13:12:39.515	61631	60101	-82	-72	10	30.55	44.61	3.867
2015-07-29 13:46:02.834	61631	60101	-85	-75	10	30.44	44.43	3.867
2015-07-29 13:53:59.678	61631	60101	-85	-76	10
2015-07-29 14:08:05.306	61631	60101	-79	-74	10	30.27	44.51	3.867
2015-07-29 14:23:31.218	61631	60101	-82	-73	10
2015-07-29 14:31:46.99	61631	60101	-79	-73	10	30.41	44.33	3.867
2015-07-29 15:07:22.022	61631	60101	-82	-74	10	31.36	44.1	3.867
2015-07-29 16:15:47.294	61631	60101	-85	-75	10	31.77	44.08	3.868
2015-07-29 16:33:35.334	61631	60101	-82	-75	10
2015-07-29 16:37:15.018	61631	60101	-82	-74	10	32.02	44.31	3.867
2015-07-29 17:06:30.174	61631	60101	-85	-76	10	30.57	45.32	3.868
2015-07-29 17:19:49.799	61631	60101	-82	-74	10
2015-07-29 17:28:52.174	61631	60101	-79	-73	10	31.69	43.86	3.869
2015-07-29 17:53:24.122	61631	60101	-82	-74	10
2015-07-29 18:12:42.607	61631	60101	-82	-73	10	31.74	44.14	3.868
2015-07-29 18:25:52.238	61631	60101	-79	-72	10	31.76	44.35	3.868
2015-07-29 19:08:23.059	61631	60101	-82	-71	10	31.3	44.77	3.869
2015-07-29 19:13:12.55	61631	60101	-82	-73	10
2015-07-29 19:44:04.906	61631	60101	-82	-70	10	30.21	45.45	3.868
2015-07-29 20:09:12.622	61631	60101	-79	-71	10	29.22	45.57	3.867
2015-07-29 20:16:08.163	61631	60101	-79	-72	10
2015-07-29 20:29:50.683	61631	60101	-79	-72	10	28.72	45.61	3.867
2015-07-29 20:33:01.134	61631	60101	-79	-71	10
2015-07-29 21:01:58.154	61631	60101	-79	-71	10	27.61	45.87	3.867
2015-07-29 21:40:52.758	61631	60101	-79	-71	10	27.1	45.52	3.865
2015-07-29 21:52:48.843	61631	60101	-82	-70	10
2015-07-29 21:57:13.17	61631	60101	-82	-71	10	26.63	45.5	3.867
2015-07-29 22:46:09.698	61631	60101	-79	-71	10	25.8	45.79	3.865
2015-07-29 23:12:26.222	61631	60101	-82	-71	10
2015-07-29 23:12:37.182	61631	60101	-79	-71	10
2015-07-29 23:16:10.587	61631	60101	-79	-70	10	25.43	45.75	3.864
2015-07-29 23:38:17.887	61631	60101	-79	-70	10	25.04	45.77	3.864
2015-07-30 00:16:16.351	61631	60101	-79	-71	10	24.46	46.06	3.864
2015-07-30 00:32:25.634	61631	60101	-79	-70	10
2015-07-30 00:42:47.8	61631	60101	-82	-71	10	24.49	46.03	3.864
2015-07-30 01:10:08.722	61631	60101	-79	-71	10	24.61	45.92	3.863
2015-07-30 01:42:41.323	61631	60101	-79	-71	10	24.51	45.71	3.863
2015-07-30 01:52:12.815	61631	60101	-79	-70	10
2015-07-30 02:07:58.563	61631	60101	-82	-70	10	24.49	45.84	3.862
2015-07-30 02:08:44.695	61631	60101	-79	-71	10
2015-07-30 02:32:08.131	61631	60101	-79	-70	10	24.8	45.58	3.863
2015-07-30 02:54:23.971	61631	60101	-79	-72	10	24.69	45.99	3.862
2015-07-30 03:12:01.168	61631	60101	-79	-70	10
2015-07-30 03:44:54.835	61631	60101	-79	-70	10	24.63	46.18	3.859
2015-07-30 04:08:04.075	61631	60101	-79	-70	10	24.52	48.22	3.861
2015-07-30 04:31:50.879	61631	60101	-79	-73	10
2015-07-30 05:28:04.019	61631	60101	-82	-70	10	24.36	49.59	3.862
2015-07-30 05:51:37.75	61631	60101	-79	-72	10
2015-07-30 05:57:08.102	61631	60101	-79	-69	10	24.22	53.71	3.853
2015-07-30 06:39:52.978	61631	60101	-82	-71	10	23.86	54.82	3.862
2015-07-30 07:01:48.85	61631	60101	-82	-74	10	23.69	53.51	3.858
2015-07-30 07:11:26.958	61631	60101	-85	-74	10
2015-07-30 07:41:44.406	61631	60101	-82	-71	10	23.26	50.67	3.861
2015-07-30 08:01:22.258	61631	60101	-79	-76	10
2015-07-30 08:02:39.45	61631	60101	-82	-73	10	23.13	49.95	3.858
2015-07-30 08:31:14.622	61631	60101	-82	-74	10
2015-07-30 08:43:32.798	61631	60101	-79	-73	10	23.33	49.46	3.858
2015-07-30 09:01:42.095	61631	60101	-82	-71	10	23.6	48.72	3.859
2015-07-30 09:42:15.471	61631	60101	-79	-72	10	24.34	47.42	3.859
2015-07-30 09:51:03.856	61631	60101	-79	-70	10
2015-07-30 09:57:48.47	61631	60101	-79	-71	10	24.63	46.87	3.858
2015-07-30 10:28:44.434	61631	60101	-85	-73	10	25.38	46.34	3.858
2015-07-30 10:57:40.414	61631	60101	-79	-75	10
2015-07-30 11:10:58.079	61631	60101	-82	-72	10
2015-07-30 11:16:41.594	61631	60101	-85	-72	10	26.85	45.06	3.859
2015-07-30 11:28:54.254	61631	60101	-82	-74	10	27.72	44.09	3.859
2015-07-30 12:05:58.663	61631	60101	-88	-77	10	28.86	43.24	3.859
2015-07-30 12:30:41.611	61631	60101	-85	-77	10
2015-07-30 12:32:26.283	61631	60101	-88	-76	10	29.5	43.28	3.859
2015-07-30 12:59:31.194	61631	60101	-88	-76	10	29.58	43.49	3.862
2015-07-30 13:50:32.142	61631	60101	-79	-72	10
2015-07-30 14:42:19.598	61631	60101	-88	-75	10	29.93	43.87	3.859
2015-07-30 15:41:17.703	61631	60101	-82	-77	10	30.1	43.35	3.861
2015-07-30 16:50:21.759	61631	60101	-85	-78	10
2015-07-30 17:07:28.115	61631	60101	-82	-77	10	30.02	43.81	3.861
2015-07-30 17:34:38.635	61631	60101	-91	-78	10	29.77	43.92	3.861
2015-07-30 17:49:52.958	61631	60101	-82	-81	10
2015-07-30 18:07:25.283	61631	60101	-85	-73	10	29.41	44.28	3.861
2015-07-30 18:46:09.911	61631	60101	-82	-73	10	28.91	43.92	3.858
2015-07-30 22:10:51.534	61631	60101	-79	-73	10	23.53	45.79	3.854
2015-07-30 23:09:04.134	61631	60101	-82	-72	10
2015-07-30 23:42:24.894	61631	60101	-82	-71	10	21.43	46.12	3.856
2015-07-31 00:07:37.007	61631	60101	-79	-72	10	20.93	46.1	3.856
2015-07-31 00:28:53.067	61631	60101	-79	-71	10
2015-07-31 00:40:47.358	61631	60101	-79	-71	10	20.46	45.94	3.854
2015-07-31 01:13:02.427	61631	60101	-79	-73	10	20.06	45.99	3.854
2015-07-31 01:37:39.183	61631	60101	-82	-71	10	19.56	46.09	3.856
2015-07-31 01:39:12.063	61631	60101	-79	-70	10
2015-07-31 01:48:40.814	61631	60101	-79	-70	10
2015-07-31 02:09:30.327	61631	60101	-82	-71	10	19.22	46.21	3.851
2015-07-31 02:25:01.459	61631	60101	-79	-72	10	19.28	46.12	3.854
2015-07-31 03:03:18.53	61631	60101	-79	-70	10	19.22	46.05	3.852
2015-07-31 03:08:29.327	61631	60101	-82	-71	10
2015-07-31 03:24:25.959	61631	60101	-79	-72	10	19.22	46.05	3.852
2015-07-31 04:03:00.766	61631	60101	-79	-71	10	18.63	46.17	3.851
2015-07-31 04:28:18.827	61631	60101	-82	-71	10
2015-07-31 04:35:29.939	61631	60101	-82	-71	10
2015-07-31 04:40:15.295	61631	60101	-79	-71	10	18.18	46.25	3.851
2015-07-31 05:13:22.016	61631	60101	-79	-71	10	17.89	46.21	3.85
2015-07-31 05:33:57.719	61631	60101	-79	-71	10	17.89	46.24	3.85
2015-07-31 05:48:07.187	61631	60101	-79	-71	10
2015-07-31 06:16:13.698	61631	60101	-79	-71	10	17.72	46.35	3.85
2015-07-31 06:38:47.231	61631	60101	-79	-70	10	17.86	46.08	3.85
2015-07-31 07:07:54.411	61631	60101	-79	-70	10
2015-07-31 07:10:12.979	61631	60101	-79	-70	10	18.22	45.64	3.848
2015-07-31 07:31:47.85	61631	60101	-79	-70	10
2015-07-31 07:36:32.004	61631	60101	-79	-70	10	18.56	45.78	3.848
2015-07-31 08:03:37.274	61631	60101	-79	-70	10	19.14	45.56	3.85
2015-07-31 08:27:42.482	61631	60101	-79	-70	10
2015-07-31 08:30:29.81	61631	60101	-82	-71	10	19.95	45.3	3.848
2015-07-31 09:11:01.131	61631	60101	-82	-70	10	21.58	44.67	3.848
2015-07-31 09:32:18.526	61631	60101	-79	-73	10	22.43	44.74	3.848
2015-07-31 09:47:30.266	61631	60101	-79	-70	10
2015-07-31 09:57:08.175	61631	60101	-79	-70	10	23.38	44.72	3.85
2015-07-31 10:28:07.388	61631	60101	-79	-70	10
2015-07-31 10:41:18.21	61631	60101	-79	-72	10	24.94	44.57	3.851
2015-07-31 11:07:07.467	61631	60101	-79	-72	10	25.97	44.56	3.851
2015-07-31 11:07:19.943	61631	60101	-79	-71	10
2015-07-31 11:29:14.459	61631	60101	-82	-73	10	26.86	44.16	3.851
2015-07-31 12:00:02.339	61631	60101	-85	-74	10	28.21	43.54	3.85
2015-07-31 13:24:33.214	61631	60101	-82	-74	10
2015-07-31 13:31:53.502	61631	60101	-85	-70	10	28.82	45.39	3.851
2015-07-31 13:46:55.727	61631	60101	-82	-76	10
2015-07-31 13:59:29.795	61631	60101	-82	-75	10	29.3	44.44	3.854
2015-07-31 14:43:52.906	61631	60101	-85	-76	10	28.91	44.96	3.851
2015-07-31 15:01:10.159	61631	60101	-85	-79	10	29.41	44.48	3.852
2015-07-31 15:06:44.695	61631	60101	-82	-75	10
2015-07-31 15:39:15.006	61631	60101	-85	-75	10	28.15	46.04	3.852
2015-07-31 16:20:59.946	61631	60101	-85	-77	10
2015-07-31 18:06:51.975	61631	60101	-85	-79	10	27.94	45.12	3.851
2015-07-31 19:25:37.303	61631	60101	-85	-76	10	27.68	45.62	3.851
2015-07-31 20:25:57.21	61631	60101	-82	-72	10
2015-07-31 20:42:17.138	61631	60101	-82	-71	10	25.8	46.19	3.85
2015-07-31 21:08:21.343	61631	60101	-82	-73	10	25.26	46.12	3.851
2015-07-31 21:35:27.332	61631	60101	-82	-72	10	24.6	46.18	3.848
2015-07-31 21:45:45.018	61631	60101	-82	-72	10
2015-07-31 22:12:04.035	61631	60101	-79	-73	10	24.04	46.01	3.851
2015-07-31 22:13:20.103	61631	60101	-82	-72	10
2015-07-31 22:38:00.054	61631	60101	-82	-71	10	24.04	45.68	3.85
2015-07-31 23:05:33.511	61631	60101	-82	-73	10
2015-07-31 23:13:10.807	61631	60101	-82	-73	10	23.44	45.94	3.845
2015-07-31 23:44:19.391	61631	60101	-82	-73	10	23.09	45.93	3.847
2015-08-01 00:05:50.399	61631	60101	-79	-71	10	22.89	46.17	3.848
2015-08-01 00:25:21.827	61631	60101	-79	-72	10
2015-08-01 00:31:41.215	61631	60101	-79	-72	10	22.82	45.83	3.846
2015-08-01 01:08:02.427	61631	60101	-82	-69	10	22.94	46.04	3.847
2015-08-01 01:09:43.495	61631	60101	-82	-73	10
2015-08-01 01:38:15.287	61631	60101	-79	-72	10	23.0	46.18	3.847
2015-08-01 03:04:57.626	61631	60101	-79	-73	10
2015-08-01 03:08:22.507	61631	60101	-79	-71	10	22.26	46.42	3.847
2015-08-01 03:45:42.323	61631	60101	-79	-75	10	21.69	46.67	3.847
2015-08-01 04:01:57.498	61631	60101	-79	-72	10	21.29	46.82	3.846
2015-08-01 04:05:57.87	61631	60101	-79	-72	10
2015-08-01 04:24:45.787	61631	60101	-82	-73	10
2015-08-01 04:44:20.251	61631	60101	-82	-72	10	20.04	47.09	3.845
2015-08-01 05:08:49.543	61631	60101	-82	-71	10	19.79	46.77	3.846
2015-08-01 05:28:41.847	61631	60101	-82	-72	10	19.65	46.72	3.845
2015-08-01 05:44:34.11	61631	60101	-82	-72	10
2015-08-01 06:03:27.939	61631	60101	-79	-72	10	18.74	47.09	3.843
2015-08-01 06:39:42.242	61631	60101	-79	-72	10	18.18	46.95	3.842
2015-08-01 06:58:26.403	61631	60101	-79	-71	10	17.97	46.86	3.843
2015-08-01 07:02:15.279	61631	60101	-79	-72	10
2015-08-01 07:04:22.115	61631	60101	-82	-71	10
2015-08-01 07:24:21.646	61631	60101	-79	-72	10	18.61	46.23	3.843
2015-08-01 08:02:43.363	61631	60101	-79	-71	10	19.32	46.8	3.841
2015-08-01 08:24:10.875	61631	60101	-79	-71	10
2015-08-01 08:27:33.079	61631	60101	-79	-70	10	20.11	47.13	3.843
2015-08-01 09:10:30.243	61631	60101	-85	-74	10	21.26	48.36	3.843
2015-08-01 09:43:58.55	61631	60101	-79	-71	10
2015-08-01 09:58:36.855	61631	60101	-82	-71	10
2015-08-01 11:14:43.167	61631	60101	-79	-73	10	24.86	45.42	3.845
2015-08-01 14:33:35.13	61631	60101	-82	-73	10	27.68	44.55	3.843
2015-08-01 15:57:08.234	61631	60101	-85	-76	10	28.49	44.51	3.846
2015-08-01 16:46:19.235	61631	60101	-85	-76	10	27.9	45.38	3.845
2015-08-01 17:37:27.65	61631	60101	-79	-78	10	25.82	47.05	3.845
2015-08-01 18:36:06.911	61631	60101	-82	-72	10	24.13	46.84	3.843
2015-08-01 19:02:46.758	61631	60101	-79	-73	10
2015-08-01 20:22:24.686	61631	60101	-82	-72	10
2015-08-01 21:10:42.394	61631	60101	-79	-71	10	21.64	47.31	3.841
2015-08-01 21:42:12.386	61631	60101	-79	-71	10
2015-08-01 22:13:37.463	61631	60101	-79	-71	10	20.52	47.05	3.84
2015-08-01 23:31:12.627	61631	60101	-79	-71	10	19.17	47.07	3.836
2015-08-02 00:40:06.219	61631	60101	-79	-73	10
2015-08-02 03:01:25.455	61631	60101	-82	-72	10
2015-08-02 03:09:15.014	61631	60101	-79	-71	10	18.32	47.8	3.837
2015-08-02 03:36:26.642	61631	60101	-79	-70	10
2015-08-02 03:38:21.047	61631	60101	-79	-70	10	17.71	47.66	3.836
2015-08-02 04:01:48.879	61631	60101	-79	-72	10	17.06	48.34	3.837
2015-08-02 04:21:13.874	61631	60101	-79	-70	10
2015-08-02 04:39:24.258	61631	60101	-79	-71	10	16.56	47.52	3.835
2015-08-02 05:03:40.423	61631	60101	-82	-70	10	16.54	47.48	3.836
2015-08-02 05:26:36.402	61631	60101	-79	-71	10	17.18	46.8	3.835
2015-08-02 05:41:02.294	61631	60101	-79	-73	10
2015-08-02 06:09:08.962	61631	60101	-79	-71	10	16.95	47.56	3.836
2015-08-02 06:32:42.278	61631	60101	-79	-72	10
2015-08-02 06:38:38.858	61631	60101	-82	-71	10	17.82	46.97	3.836
2015-08-02 06:56:56.306	61631	60101	-79	-72	10	17.97	46.73	3.835
2015-08-02 07:00:50.255	61631	60101	-79	-70	10
2015-08-02 07:37:38.391	61631	60101	-79	-71	10	18.2	46.7	3.833
2015-08-02 08:11:16.131	61631	60101	-79	-70	10	19.02	46.28	3.833
2015-08-02 08:20:38.086	61631	60101	-85	-72	10
2015-08-02 08:46:12.89	61631	60101	-82	-71	10	20.1	46.35	3.834
2015-08-02 09:07:06.147	61631	60101	-82	-72	10	20.32	46.64	3.834
2015-08-02 09:29:03.226	61631	60101	-82	-73	10
2015-08-02 09:32:44.77	61631	60101	-79	-74	10	21.26	46.26	3.835
2015-08-02 09:40:26.666	61631	60101	-79	-78	10
2015-08-02 10:10:34.262	61631	60101	-82	-73	10	22.69	46.05	3.835
2015-08-02 10:25:50.21	61631	60101	-85	-75	10	23.15	45.94	3.834
2015-08-02 11:00:24.299	61631	60101	-82	-71	10
2015-08-02 11:02:10.29	61631	60101	-85	-73	10	24.51	45.84	3.836
2015-08-02 12:20:03.427	61631	60101	-85	-73	10
2015-08-02 13:39:54.491	61631	60101	-85	-82	10
2015-08-02 14:10:39.238	61631	60101	-85	-76	10	28.76	46.77	3.837
2015-08-02 15:43:34.446	61631	60101	-85	-75	10	29.63	46.55	3.829
2015-08-02 16:19:29.734	61631	60101	-85	-75	10
2015-08-02 17:04:07.21	61631	60101	-85	-77	10	29.19	47.02	3.84
2015-08-02 17:39:52.214	61631	60101	-85	-70	10	29.44	46.62	3.829
2015-08-02 18:17:56.982	61631	60101	-85	-77	10
2015-08-02 18:59:05.438	61631	60101	-85	-76	10
2015-08-02 19:43:47.05	61631	60101	-85	-77	10	27.69	47.6	3.841
2015-08-02 20:18:53.126	61631	60101	-85	-75	10
2015-08-02 21:12:36.174	61631	60101	-82	-73	10	25.77	47.79	3.84
2015-08-02 21:32:00.335	61631	60101	-85	-75	10	25.38	47.91	3.84
2015-08-02 22:15:10.619	61631	60101	-82	-77	10	25.08	47.8	3.84
2015-08-02 23:40:18.115	61631	60101	-88	-80	10	24.38	48.04	3.839
2015-08-02 23:56:01.291	61631	60101	-85	-76	10	24.26	48.03	3.837
2015-08-03 00:10:33.038	61631	60101	-85	-77	10
2015-08-03 00:18:21.747	61631	60101	-85	-75	10
2015-08-03 00:34:14.642	61631	60101	-85	-80	10	23.96	48.05	3.837
2015-08-03 01:24:23.935	61631	60101	-88	-79	10	23.64	47.85	3.837
2015-08-03 02:27:12.218	61631	60101	-85	-76	10	22.93	48.06	3.837
2015-08-03 02:54:07.754	61631	60101	-85	-75	10	22.02	48.81	3.837
2015-08-03 02:57:53.995	61631	60101	-85	-78	10
2015-08-03 03:42:19.474	61631	60101	-82	-73	10	21.2	48.29	3.837
2015-08-03 04:11:14.378	61631	60101	-79	-72	10	20.58	48.72	3.835
2015-08-03 04:17:42.159	61631	60101	-82	-68	10
2015-08-03 05:54:13.758	61631	60101	-82	-74	10	20.18	48.29	3.834
2015-08-03 07:33:55.186	61631	60101	-82	-74	10	19.61	48.22	3.833
2015-08-03 08:17:18.247	61631	60101	-85	-76	10
2015-08-03 09:57:35.875	61631	60101	-82	-75	10	21.89	47.54	3.833
2015-08-03 11:42:08.986	61631	60101	-82	-78	10	24.55	46.86	3.834
2015-08-03 12:05:01.982	61631	60101	-85	-74	10	25.99	46.01	3.833
2015-08-03 12:36:10.295	61631	60101	-85	-72	10	26.8	46.24	3.834
2015-08-03 13:06:44.554	61631	60101	-79	-76	10	26.74	47.03	3.835
2015-08-03 16:03:48.746	61631	60101	-82	-78	10	26.55	48.7	3.835
2015-08-03 16:15:58.41	61631	60101	-82	-77	10
2015-08-03 17:27:04.199	61631	60101	-82	-74	10	23.9	49.79	3.835
2015-08-03 20:15:21.714	61631	60101	-82	-73	10
2015-08-03 21:35:09.647	61631	60101	-79	-70	10
2015-08-03 21:58:11.886	61631	60101	-79	-72	10	20.22	55.38	3.831
2015-08-03 22:27:02.783	61631	60101	-82	-68	10	20.17	54.08	3.83
2015-08-03 22:54:48.094	61631	60101	-79	-70	10	20.02	51.88	3.83
2015-08-04 00:14:47.683	61631	60101	-79	-70	10
2015-08-04 01:10:10.811	61631	60101	-76	-70	10	18.86	52.59	3.829
2015-08-04 01:46:25.143	61631	60101	-79	-69	10	18.79	54.84	3.828
2015-08-04 03:58:06.394	61631	60101	-76	-69	10	18.06	50.86	3.828
2015-08-04 05:33:57.97	61631	60101	-79	-68	10
2015-08-04 06:13:27.791	61631	60101	-76	-68	10	17.68	50.34	3.825
2015-08-04 07:12:45.022	61631	60101	-76	-66	10	17.4	50.4	3.825
2015-08-04 09:27:41.176	61631	60101	-76	-66	10	18.78	49.0	3.824
2015-08-04 10:29:43.171	61631	60101	-79	-68	10	20.83	49.65	3.825
2015-08-04 10:54:40.394	61631	60101	-79	-69	10	21.82	48.53	3.824
2015-08-04 11:40:01.819	61631	60101	-79	-69	10	23.72	47.05	3.828
2015-08-04 12:24:19.39	61631	60101	-79	-72	10	24.9	47.72	3.828
2015-08-04 13:29:36.27	61631	60101	-88	-72	10	25.94	47.84	3.826
2015-08-04 16:01:02.731	61631	60101	-88	-75	10	27.77	46.92	3.826
2015-08-04 16:26:26.134	61631	60101	-85	-74	10	27.68	47.3	3.828
2015-08-04 17:18:54.174	61631	60101	-82	-71	10
2015-08-04 17:41:38.67	61631	60101	-85	-74	10	27.77	46.89	3.829
2015-08-04 18:25:11.974	61631	60101	-79	-72	10	27.47	47.08	3.828
2015-08-04 18:52:11.699	61631	60101	-85	-74	10
2015-08-04 19:41:45.806	61631	60101	-85	-71	10	25.49	48.44	3.828
2015-08-04 20:12:31.731	61631	60101	-82	-74	10	24.32	49.1	3.828
2015-08-04 20:31:41.734	61631	60101	-85	-73	10	23.57	49.39	3.826
2015-08-04 21:42:19.846	61631	60101	-85	-74	10	21.13	49.75	3.826
2015-08-04 22:07:20.211	61631	60101	-85	-74	10	20.5	49.83	3.825
2015-08-04 22:35:18.435	61631	60101	-82	-74	10	19.93	49.95	3.826
2015-08-04 22:51:26.079	61631	60101	-82	-73	10
2015-08-04 22:58:15.642	61631	60101	-79	-74	10	19.11	50.06	3.828
2015-08-04 23:11:27.151	61631	60101	-82	-73	10
2015-08-04 23:26:38.426	61631	60101	-79	-73	10	18.68	49.81	3.824
2015-08-05 00:04:28.19	61631	60101	-82	-74	10	18.18	49.62	3.823
2015-08-05 00:11:13.662	61631	60101	-82	-73	10
2015-08-05 00:36:27.082	61631	60101	-82	-73	10	17.88	49.58	3.824
2015-08-05 01:09:55.57	61631	60101	-82	-74	10	17.43	49.68	3.823
2015-08-05 01:26:48.414	61631	60101	-82	-73	10	17.46	49.62	3.822
2015-08-05 01:31:01.174	61631	60101	-82	-74	10
2015-08-05 02:07:46.155	61631	60101	-82	-73	10
2015-08-05 02:14:20.278	61631	60101	-82	-73	10	17.06	49.6	3.82
2015-08-05 02:29:21.427	61631	60101	-82	-73	10	17.02	49.82	3.822
2015-08-05 02:50:49.859	61631	60101	-82	-73	10
2015-08-05 03:14:38.706	61631	60101	-82	-73	10	16.68	50.24	3.824
2015-08-05 03:31:01.483	61631	60101	-82	-73	10	16.72	49.81	3.822
2015-08-05 04:10:38.826	61631	60101	-82	-74	10
2015-08-05 04:14:18.758	61631	60101	-79	-72	10	16.32	49.91	3.82
2015-08-05 04:39:46.414	61631	60101	-79	-72	10	16.07	49.91	3.82
2015-08-05 05:04:04.446	61631	60101	-82	-73	10
2015-08-05 05:10:32.93	61631	60101	-79	-73	10	16.18	49.86	3.819
2015-08-05 05:28:52.07	61631	60101	-82	-72	10	15.97	49.84	3.82
2015-08-05 05:30:26.498	61631	60101	-82	-72	10
2015-08-05 05:59:02.534	61631	60101	-82	-73	10	15.92	49.95	3.819
2015-08-05 06:33:11.474	61631	60101	-79	-72	10	15.7	49.86	3.82
2015-08-05 06:50:16.598	61631	60101	-82	-73	10
2015-08-05 07:06:58.106	61631	60101	-82	-73	10	15.86	49.79	3.819
2015-08-05 07:33:42.402	61631	60101	-82	-72	10	16.57	50.35	3.818
2015-08-05 08:00:22.598	61631	60101	-79	-72	10
2015-08-05 09:02:43.41	61631	60101	-79	-71	10	19.74	49.63	3.819
2015-08-05 10:28:41.318	61631	60101	-82	-71	10	21.83	51.11	3.808
2015-08-05 10:56:35.894	61631	60101	-79	-70	10	23.01	49.61	3.819
2015-08-05 11:26:15.539	61631	60101	-79	-70	10	23.86	48.79	3.819
2015-08-05 12:09:28.798	61631	60101	-82	-74	10
2015-08-05 13:29:16.49	61631	60101	-79	-69	10
2015-08-05 13:53:00.443	61631	60101	-82	-74	10
2015-08-05 15:04:57.035	61631	60101	-79	-74	10	26.65	46.75	3.822
2015-08-05 18:48:28.318	61631	60101	-79	-75	10
2015-08-05 20:08:29.407	61631	60101	-79	-74	10
2015-08-05 22:11:07.103	61631	60101	-79	-74	10	19.77	51.22	3.819
2015-08-05 22:47:54.207	61631	60101	-79	-71	10
2015-08-06 01:37:29.302	61631	60101	-79	-70	10	16.52	51.56	3.817
2015-08-06 02:45:02.978	61631	60101	-79	-71	10	15.18	53.5	3.817
2015-08-06 04:07:06.13	61631	60101	-79	-70	10
2015-08-06 05:26:54.634	61631	60101	-79	-71	10
2015-08-06 08:45:14.142	61631	60101	-82	-72	10	16.33	49.38	3.812
2015-08-06 10:27:09.166	61631	60101	-79	-71	10
2015-08-06 12:33:54.935	61631	60101	-82	-74	10	20.43	50.9	3.813
2015-08-06 13:23:27.595	61631	60101	-82	-70	10
2015-08-06 14:27:06.354	61631	60101	-82	-74	10	20.7	51.56	3.813
2015-08-06 16:02:39.211	61631	60101	-82	-71	10	20.75	51.06	3.804
2015-08-06 17:25:09.958	61631	60101	-79	-72	10
2015-08-06 18:39:21.13	61631	60101	-79	-72	10	20.53	52.23	3.814
2015-08-06 20:04:45.002	61631	60101	-79	-70	10
2015-08-06 21:32:52.462	61631	60101	-79	-71	10	17.36	52.26	3.812
2015-08-06 23:09:19.555	61631	60101	-79	-71	10	16.93	51.52	3.812
2015-08-07 01:38:32.687	61631	60101	-79	-71	10	16.07	51.87	3.809
2015-08-07 04:03:35.172	61631	60101	-79	-70	10
2015-08-07 04:46:29.967	61631	60101	-79	-70	10	14.65	51.89	3.808
2015-08-07 06:31:31.023	61631	60101	-79	-70	10	14.29	53.16	3.807
2015-08-07 06:31:33.287	61631	60101	-79	-70	10	14.29	53.16	3.807
2015-08-07 07:01:17.623	61631	60101	-79	-70	10
2015-08-07 08:56:57.202	61631	60101	-82	-71	10	16.81	51.54	3.807
2015-08-07 10:54:30.798	61631	60101	-82	-70	10	20.97	52.1	3.807
2015-08-07 11:55:03.562	61631	60101	-82	-72	10	25.02	48.51	3.808
2015-08-07 12:36:31.771	61631	60101	-82	-74	10	24.61	50.84	3.811
2015-08-07 13:16:02.379	61631	60101	-79	-74	10	24.35	52.02	3.811
2015-08-07 14:24:17.471	61631	60101	-79	-73	10	23.88	52.05	3.811
2015-08-07 15:50:21.594	61631	60101	-82	-70	10
2015-08-07 16:31:25.518	61631	60101	-82	-72	10	23.89	51.99	3.811
2015-08-07 17:21:36.958	61631	60101	-82	-74	10
2015-08-07 18:41:25.138	61631	60101	-85	-70	10
2015-08-07 18:46:31.306	61631	60101	-82	-72	10
2015-08-07 19:38:26.482	61631	60101	-79	-73	10	23.11	52.3	3.811
2015-08-07 20:10:57.63	61631	60101	-82	-72	10	22.79	52.38	3.812
2015-08-07 21:07:58.646	61631	60101	-82	-71	10	21.36	52.91	3.812
2015-08-07 21:42:49.839	61631	60101	-79	-72	10
2015-08-07 22:34:24.927	61631	60101	-79	-71	10	19.5	53.02	3.812
2015-08-07 23:35:12.77	61631	60101	-79	-72	10	18.68	53.03	3.809
2015-08-08 00:04:06.655	61631	60101	-82	-72	10	18.33	53.94	3.801
2015-08-08 01:20:26.954	61631	60101	-79	-71	10
2015-08-08 02:03:32.466	61631	60101	-79	-72	10	17.74	52.66	3.808
2015-08-08 02:40:14.69	61631	60101	-79	-72	10
2015-08-08 03:35:26.782	61631	60101	-82	-71	10
2015-08-08 04:09:45.814	61631	60101	-79	-71	10	17.67	52.62	3.807
2015-08-08 05:19:50.834	61631	60101	-79	-71	10
2015-08-08 06:34:05.566	61631	60101	-82	-71	10	17.22	53.48	3.807
2015-08-08 07:13:55.203	61631	60101	-79	-71	10	17.15	53.69	3.806
2015-08-08 07:59:28.414	61631	60101	-79	-71	10
2015-08-08 08:33:11.834	61631	60101	-79	-71	10	18.42	52.04	3.806
2015-08-08 09:19:15.938	61631	60101	-79	-71	10
2015-08-08 09:38:26.611	61631	60101	-79	-72	10	20.72	51.28	3.807
2015-08-08 12:24:22.055	61631	60101	-82	-72	10
2015-08-08 16:59:48.15	61631	60101	-79	-74	10	26.24	53.42	3.812
2015-08-08 18:16:59.022	61631	60101	-85	-74	10
2015-08-08 18:37:53.39	61631	60101	-85	-74	10
2015-08-08 19:42:17.034	61631	60101	-85	-74	10	24.18	53.32	3.812
2015-08-08 19:57:41.794	61631	60101	-82	-74	10
2015-08-08 21:13:16.487	61631	60101	-82	-73	10
2015-08-08 21:32:33.502	61631	60101	-82	-73	10	22.21	54.49	3.811
2015-08-08 23:00:49.61	61631	60101	-79	-73	10	20.9	54.21	3.811
2015-08-08 23:46:15.602	61631	60101	-82	-72	10	20.61	53.8	3.809
2015-08-08 23:57:06.954	61631	60101	-82	-73	10
2015-08-09 00:09:34.23	61631	60101	-82	-73	10
2015-08-09 00:14:35.535	61631	60101	-79	-74	10	20.64	54.02	3.811
2015-08-09 00:29:05.646	61631	60101	-82	-74	10	20.57	53.92	3.808
2015-08-09 01:27:59.698	61631	60101	-82	-73	10	20.29	53.94	3.808
2015-08-09 02:36:42.515	61631	60101	-82	-72	10
2015-08-09 03:05:53.878	61631	60101	-82	-72	10
2015-08-09 03:56:30.662	61631	60101	-82	-72	10
2015-08-09 04:14:42.918	61631	60101	-82	-73	10	19.47	54.17	3.808
2015-08-09 04:42:09.511	61631	60101	-85	-73	10	19.22	54.62	3.808
2015-08-09 04:59:45.394	61631	60101	-82	-72	10	19.04	55.82	3.808
2015-08-09 05:16:21.478	61631	60101	-82	-72	10
2015-08-09 05:36:54.886	61631	60101	-79	-72	10	18.93	54.61	3.806
2015-08-09 07:36:07.43	61631	60101	-79	-72	10	18.64	54.42	3.804
2015-08-09 08:03:44.118	61631	60101	-79	-72	10	18.9	53.81	3.806
2015-08-09 08:30:59.367	61631	60101	-79	-72	10	19.54	53.12	3.806
2015-08-09 08:58:30.138	61631	60101	-79	-72	10
2015-08-09 09:00:55.838	61631	60101	-79	-72	10	20.6	52.46	3.804
2015-08-09 09:15:43.086	61631	60101	-82	-73	10
2015-08-09 09:37:00.655	61631	60101	-82	-72	10	22.01	52.27	3.804
2015-08-09 10:10:37.402	61631	60101	-82	-74	10	23.15	52.46	3.806
2015-08-09 10:35:31.943	61631	60101	-82	-73	10
2015-08-09 10:41:56.135	61631	60101	-82	-73	10	24.4	52.15	3.807
2015-08-09 11:11:20.454	61631	60101	-79	-74	10	25.13	54.02	3.808
2015-08-09 11:54:48.067	61631	60101	-82	-74	10
2015-08-09 14:34:03.539	61631	60101	-85	-75	10	27.38	53.64	3.811
2015-08-09 14:51:07.438	61631	60101	-85	-74	10
2015-08-09 17:09:51.722	61631	60101	-82	-70	10	28.86	52.4	3.812
2015-08-09 17:28:34.87	61631	60101	-79	-74	10	28.51	52.9	3.813
2015-08-09 17:54:03.223	61631	60101	-85	-75	10	28.02	53.25	3.813
2015-08-09 18:46:24.698	61631	60101	-85	-74	10	27.24	53.84	3.813
2015-08-09 21:13:58.094	61631	60101	-79	-73	10
2015-08-09 22:08:52.807	61631	60101	-82	-73	10	22.15	54.73	3.809
2015-08-09 23:02:38.663	61631	60101	-82	-73	10	21.43	54.75	3.809
2015-08-09 23:40:02.954	61631	60101	-82	-72	10
2015-08-10 01:13:22.975	61631	60101	-82	-72	10
2015-08-10 03:37:38.023	61631	60101	-79	-72	10	19.36	55.23	3.806
2015-08-10 04:28:57.995	61631	60101	-82	-72	10	19.1	55.25	3.806
2015-08-10 05:32:45.903	61631	60101	-82	-72	10
2015-08-10 06:35:55.767	61631	60101	-82	-73	10	18.58	54.99	3.803
2015-08-10 08:00:42.163	61631	60101	-85	-73	10	19.24	54.35	3.803
2015-08-10 09:12:03.155	61631	60101	-82	-72	10	21.92	53.26	3.804
2015-08-10 10:14:52.714	61631	60101	-82	-73	10	24.88	52.41	3.804
2015-08-10 11:28:16.343	61631	60101	-85	-74	10	27.94	52.41	3.804
2015-08-10 12:36:11.002	61631	60101	-82	-74	10	25.91	54.98	3.807
2015-08-10 13:11:36.659	61631	60101	-85	-74	10
2015-08-10 13:59:51.97	61631	60101	-82	-73	10	26.99	53.43	3.807
2015-08-10 14:24:16.138	61631	60101	-82	-73	10	27.91	53.07	3.807
2015-08-10 15:51:13.534	61631	60101	-79	-72	10
2015-08-10 16:54:35.364	61631	60101	-82	-73	10	26.13	53.69	3.807
2015-08-10 17:38:54.67	61631	60101	-82	-74	10	26.16	54.58	3.807
2015-08-10 18:30:52.366	61631	60101	-82	-73	10
2015-08-10 19:45:15.79	61631	60101	-82	-73	10	25.18	55.25	3.807
2015-08-10 20:14:13.694	61631	60101	-82	-73	10
2015-08-10 21:10:26.746	61631	60101	-82	-73	10
2015-08-10 22:30:16.398	61631	60101	-85	-73	10
2015-08-10 23:10:30.128	61631	60101	-82	-73	10
2015-08-10 23:55:06.702	61631	60101	-82	-73	10	23.26	56.0	3.806
2015-08-11 01:09:50.479	61631	60101	-79	-69	10
2015-08-11 02:06:47.81	61631	60101	-79	-71	10
2015-08-11 03:14:58.046	61631	60101	-76	-69	10	21.47	56.94	3.804
2015-08-11 05:09:15.05	61631	60101	-82	-70	10
2015-08-11 06:29:03.978	61631	60101	-79	-72	10
2015-08-11 07:13:58.898	61631	60101	-79	-74	10	20.79	66.75	3.802
2015-08-11 07:48:51.358	61631	60101	-76	-72	10
2015-08-11 08:05:50.794	61631	60101	-79	-70	10	20.65	63.75	3.801
2015-08-11 09:05:07.202	61631	60101	-79	-68	10	21.01	59.6	3.802
2015-08-11 09:45:51.155	61631	60101	-79	-70	10	21.7	60.1	3.792
2015-08-11 10:55:47.591	61631	60101	-79	-72	10
2015-08-11 12:30:49.046	61631	60101	-79	-71	10	25.52	55.96	3.802
2015-08-11 13:08:07.026	61631	60101	-82	-70	10
2015-08-11 13:42:33.003	61631	60101	-82	-74	10	25.49	56.64	3.802
2015-08-11 15:47:42.162	61631	60101	-85	-77	10
2015-08-11 18:27:17.707	61631	60101	-82	-70	10
2015-08-11 19:26:16.407	61631	60101	-82	-71	10	24.21	57.25	3.803
2015-08-11 19:44:50.187	61631	60101	-82	-71	10
2015-08-11 20:55:56.471	61631	60101	-82	-73	10	21.58	58.15	3.803
2015-08-11 23:00:57.414	61631	60101	-79	-72	10	19.13	58.2	3.801
2015-08-11 23:46:30.806	61631	60101	-79	-71	10
2015-08-12 01:06:21.146	61631	60101	-82	-71	10
2015-08-12 01:37:15.014	61631	60101	-79	-71	10
2015-08-12 02:26:07.227	61631	60101	-82	-71	10
2015-08-12 03:45:55.502	61631	60101	-79	-69	10
2015-08-12 05:05:43.939	61631	60101	-79	-71	10
2015-08-12 07:45:23.047	61631	60101	-82	-72	10
2015-08-12 09:05:08.131	61631	60101	-79	-71	10
2015-08-12 09:26:40.822	61631	60101	-79	-70	10	19.71	58.59	3.792
2015-08-12 11:24:57.966	61631	60101	-82	-73	10	22.56	58.08	3.793
2015-08-12 13:04:32.414	61631	60101	-85	-73	10
2015-08-12 13:41:26.01	61631	60101	-82	-78	10	24.61	55.45	3.796
2015-08-12 14:25:19.15	61631	60101	-79	-73	10	21.86	59.76	3.795
2015-08-12 16:07:51.374	61631	60101	-82	-72	10	22.96	58.66	3.795
2015-08-12 16:28:42.458	61631	60101	-85	-74	10	23.81	57.01	3.796
2015-08-12 17:08:51.488	61631	60101	-82	-73	10	23.88	55.78	3.796
2015-08-12 19:35:11.162	61631	60101	-79	-70	10	22.1	58.23	3.796
2015-08-13 01:54:42.314	61631	60101	-82	-73	10	13.88	59.64	3.789
2015-08-13 02:33:02.983	61631	60101	-79	-72	10	13.5	59.55	3.79
2015-08-13 03:42:23.382	61631	60101	-79	-72	10
2015-08-13 04:40:24.895	61631	60101	-82	-72	10	12.08	59.5	3.787
2015-08-13 06:10:41.339	61631	60101	-82	-72	10	11.74	58.89	3.785
2015-08-13 07:58:32.166	61631	60101	-82	-72	10	13.39	57.36	3.785
2015-08-13 09:24:59.159	61631	60101	-82	-73	10	16.75	56.4	3.786
2015-08-13 10:21:26.558	61631	60101	-79	-70	10
2015-08-13 11:41:14.87	61631	60101	-85	-72	10
2015-08-13 14:02:31.966	61631	60101	-82	-72	10	24.07	56.59	3.792
2015-08-13 15:34:54.351	61631	60101	-82	-70	10	23.58	57.84	3.791
2015-08-13 15:49:15.47	61631	60101	-82	-73	10
2015-08-13 17:00:25.662	61631	60101	-82	-73	10
2015-08-13 18:20:14.038	61631	60101	-85	-74	10
2015-08-13 19:06:18.151	61631	60101	-79	-76	10	25.24	56.76	3.793
2015-08-13 19:40:01.403	61631	60101	-85	-74	10
2015-08-13 20:38:21.234	61631	60101	-82	-73	10	22.04	59.0	3.792
2015-08-13 21:44:35.566	61631	60101	-79	-73	10	19.86	59.39	3.792
2015-08-13 22:38:45.223	61631	60101	-82	-73	10	19.43	58.58	3.79
2015-08-13 23:39:26.703	61631	60101	-82	-73	10
2015-08-14 00:28:16.299	61631	60101	-82	-73	10	18.36	58.38	3.79
2015-08-14 01:00:48.622	61631	60101	-79	-72	10	17.7	58.76	3.789
2015-08-14 03:55:14.034	61631	60101	-82	-72	10	16.56	58.76	3.787
2015-08-14 04:54:29.79	61631	60101	-79	-73	10	15.97	59.23	3.784
2015-08-14 05:40:33.75	61631	60101	-79	-72	10	15.7	59.04	3.786
2015-08-14 06:34:48.614	61631	60101	-82	-73	10	15.27	59.21	3.786
2015-08-14 07:38:16.843	61631	60101	-82	-72	10
2015-08-14 08:09:23.447	61631	60101	-82	-72	10	16.82	58.18	3.784
2015-08-14 08:58:04.758	61631	60101	-79	-72	10
2015-08-14 09:58:07.791	61631	60101	-79	-73	10	21.19	56.32	3.776
2015-08-14 16:08:12.478	61631	60101	-94	-81	11	29.55	55.81	3.791
2015-08-15 12:06:10.535	61631	60101	-88	-74	10	30.72	51.35	3.79
2015-08-15 12:32:23.351	61631	60101	-85	-76	10	28.47	57.26	3.79
2015-08-15 14:13:46.038	61631	60101	-85	-77	10
2015-08-16 20:40:23.326	61631	60101	-85	-78	10
2015-08-16 21:09:28.735	61631	60101	-85	-78	10	25.83	57.9	3.792
2015-08-16 23:27:22.474	61631	60101	-85	-76	10
2015-08-17 00:39:48.155	61631	60101	-88	-77	10
2015-08-17 03:19:24.574	61631	60101	-85	-76	10
2015-08-17 03:44:29.918	61631	60101	-85	-76	10	20.32	56.8	3.787
2015-08-17 04:39:12.454	61631	60101	-82	-76	10
2015-08-17 05:19:59.39	61631	60101	-85	-76	10
2015-08-17 05:53:44.526	61631	60101	-85	-76	10	19.57	56.66	3.786
2015-08-17 06:24:06.847	61631	60101	-88	-76	10	19.28	56.71	3.784
2015-08-17 08:10:21.994	61631	60101	-82	-76	10	19.97	56.26	3.786
2015-08-17 08:38:37.53	61631	60101	-85	-76	10
2015-08-17 09:18:02.271	61631	60101	-82	-76	10	22.56	55.9	3.785
2015-08-17 09:48:23.075	61631	60101	-82	-76	10	23.79	55.99	3.784
2015-08-17 09:58:31.718	61631	60101	-85	-74	10
2015-08-18 00:36:16.694	61631	60101	-82	-76	10
2015-08-18 00:58:03.698	61631	60101	-85	-74	10	22.88	57.0	3.787
2015-08-18 01:41:19.25	61631	60101	-85	-75	10	22.46	57.24	3.787
2015-08-18 01:54:07.51	61631	60101	-85	-74	10
2015-08-18 01:56:05.963	61631	60101	-82	-74	10
2015-08-18 02:26:41.455	61631	60101	-85	-74	10	22.36	56.98	3.789
2015-08-18 02:39:37.298	61631	60101	-82	-74	10	22.28	57.06	3.786
2015-08-18 03:15:28.562	61631	60101	-82	-74	10	22.02	57.12	3.786
2015-08-18 03:15:52.558	61631	60101	-85	-74	10
2015-08-18 03:38:00.734	61631	60101	-85	-74	10	21.97	57.02	3.786
2015-08-18 04:35:41.707	61631	60101	-82	-75	10
2015-08-18 04:50:27.994	61631	60101	-82	-74	10
2015-08-18 15:41:59.831	61631	60101	-79	-67	10	24.51	57.18	3.784
2015-08-18 18:27:25.571	61631	60101	-76	-68	10	23.1	57.61	3.782
2015-08-18 19:13:31.242	61631	60101	-76	-68	10
2015-08-18 19:58:25.755	61631	60101	-76	-67	10	23.0	57.35	3.784
2015-08-18 21:44:23.755	61631	60101	-76	-68	10	21.42	57.36	3.781
2015-08-18 23:12:56.367	61631	60101	-79	-68	10
2015-08-19 07:17:13.266	61631	60101	-79	-68	10
2015-08-19 13:50:50.423	61631	60101	-79	-72	10
2015-08-20 22:11:07.434	61631	60101	-82	-75	10	21.44	58.06	3.779
2015-08-21 11:04:07.887	61631	60101	-82	-75	10
2015-08-21 20:29:16.822	61631	60101	-85	-75	10	20.68	58.92	3.773
2015-08-21 20:59:38.903	61631	60101	-85	-75	10
2015-08-21 21:42:34.915	61631	60101	-85	-75	10
2015-08-21 21:58:12.883	61631	60101	-82	-75	10	17.97	58.2	3.771
2015-08-22 09:07:29.883	61631	60101	-82	-73	10	16.22	56.44	3.763
2015-08-22 16:19:48.159	61631	60101	-85	-77	10
2015-08-22 16:55:14.102	61631	60101	-82	-76	10	26.11	58.09	3.77
2015-08-22 17:23:06.555	61631	60101	-85	-77	10	25.8	58.42	3.77
2015-08-22 17:39:35.411	61631	60101	-88	-76	10
2015-08-22 18:09:06.266	61631	60101	-94	-78	10	26.99	56.73	3.771
2015-08-22 18:59:26.234	61631	60101	-82	-76	10
2015-08-22 20:19:14.015	61631	60101	-85	-76	10
2015-08-22 20:23:27.538	61631	60101	-85	-76	10	20.81	59.12	3.771
2015-08-22 20:30:07.682	61631	60101	-85	-76	10
2015-08-22 20:53:46.218	61631	60101	-85	-76	10	19.74	58.65	3.77
2015-08-22 21:10:11.407	61631	60101	-85	-76	10	19.17	58.6	3.769
2015-08-22 21:38:59.535	61631	60101	-85	-76	10
2015-08-22 21:39:12.138	61631	60101	-85	-76	10	18.39	58.42	3.769
2015-08-22 22:08:42.626	61631	60101	-85	-75	10	17.71	58.34	3.769
2015-08-22 22:56:36.114	61631	60101	-82	-75	10	17.06	58.0	3.768
2015-08-22 22:58:48.539	61631	60101	-82	-75	10
2015-08-22 23:11:04.302	61631	60101	-82	-75	10	17.0	57.87	3.767
2015-08-22 23:26:24.542	61631	60101	-85	-74	10
2015-08-22 23:56:40.286	61631	60101	-85	-76	10	16.36	57.93	3.767
2015-08-23 00:11:40.342	61631	60101	-85	-75	10	16.46	57.61	3.767
2015-08-23 00:18:36.834	61631	60101	-85	-75	10
2015-08-23 00:56:25.954	61631	60101	-82	-74	10	16.0	57.78	3.764
2015-08-23 01:12:57.926	61631	60101	-82	-74	10	15.82	57.73	3.767
2015-08-23 01:38:25.434	61631	60101	-82	-74	10
2015-08-23 01:57:56.003	61631	60101	-82	-74	10	15.58	57.57	3.764
2015-08-23 02:14:45.754	61631	60101	-82	-74	10	15.52	57.53	3.767
2015-08-23 02:22:42.41	61631	60101	-85	-74	10
2015-08-23 02:51:30.151	61631	60101	-82	-74	10	15.18	57.63	3.768
2015-08-23 02:58:12.338	61631	60101	-82	-74	10
2015-08-23 03:08:36.966	61631	60101	-82	-74	10	14.93	57.68	3.765
2015-08-23 04:18:01.419	61631	60101	-82	-74	10
2015-08-23 04:29:25.974	61631	60101	-82	-73	10	14.13	57.47	3.763
2015-08-23 04:41:51.03	61631	60101	-82	-73	10	14.07	57.49	3.763
2015-08-23 05:08:17.895	61631	60101	-82	-73	10	13.83	57.51	3.767
2015-08-23 05:19:03.871	61631	60101	-82	-73	10
2015-08-23 05:37:49.534	61631	60101	-79	-73	10
2015-08-23 05:53:43.93	61631	60101	-82	-73	10	13.71	57.32	3.76
2015-08-23 06:16:40.842	61631	60101	-82	-73	10	13.64	57.36	3.762
2015-08-23 06:38:34.842	61631	60101	-82	-72	10	13.56	57.35	3.762
2015-08-23 06:57:37.462	61631	60101	-82	-73	10
2015-08-23 07:21:35.122	61631	60101	-82	-72	10	13.61	57.24	3.764
2015-08-23 07:46:47.294	61631	60101	-79	-72	10	13.92	57.05	3.758
2015-08-23 08:15:19.106	61631	60101	-82	-72	10
2015-08-23 08:17:26.106	61631	60101	-79	-72	10
2015-08-23 08:23:52.742	61631	60101	-82	-73	10	14.83	56.8	3.762
2015-08-23 08:43:28.278	61631	60101	-82	-73	10	15.47	56.72	3.76
2015-08-23 11:11:40.543	61631	60101	-85	-75	10
2015-08-23 21:35:29.954	61631	60101	-88	-77	10
2015-08-23 22:27:58.554	61631	60101	-88	-76	10	21.67	58.28	3.769
2015-08-23 22:56:51.567	61631	60101	-85	-77	10
2015-08-23 23:16:07.558	61631	60101	-85	-76	10	21.1	58.38	3.769
2015-08-23 23:50:56.206	61631	60101	-85	-76	10	20.61	58.18	3.769
2015-08-24 00:14:22.99	61631	60101	-88	-77	10	20.64	58.04	3.769
2015-08-24 00:15:05.014	61631	60101	-85	-76	10
2015-08-24 00:45:33.823	61631	60101	-85	-76	10	20.04	58.4	3.769
2015-08-24 01:26:05.307	61631	60101	-85	-76	10	19.89	57.92	3.764
2015-08-24 01:34:53.283	61631	60101	-82	-76	10
2015-08-24 01:46:47.367	61631	60101	-85	-76	10	19.79	58.06	3.769
2015-08-24 01:53:10.139	61631	60101	-85	-76	10
2015-08-24 02:41:36.328	61631	60101	-82	-76	10	19.72	57.99	3.769
2015-08-24 02:54:42.863	61631	60101	-85	-75	10
2015-08-24 03:12:47.836	61631	60101	-85	-76	10	19.72	57.99	3.765
2015-08-24 04:10:32.098	61631	60101	-82	-74	10	19.95	57.87	3.769
2015-08-24 04:49:28.138	61631	60101	-85	-75	10
2015-08-24 05:14:52.654	61631	60101	-85	-75	10	19.68	58.1	3.767
2015-08-24 06:10:40.358	61631	60101	-82	-76	10	19.68	57.86	3.767
2015-08-24 06:54:06.482	61631	60101	-85	-75	10
2015-08-24 06:59:41.486	61631	60101	-85	-76	10	19.75	57.99	3.767
2015-08-24 11:37:41.018	61631	60101	-85	-76	10	26.83	57.52	3.767
2015-08-24 20:49:29.527	61631	60101	-91	-78	10	22.45	58.61	3.768
2015-08-24 21:41:05.856	61631	60101	-79	-73	10	21.67	58.65	3.768
2015-08-24 22:27:18.575	61631	60101	-88	-76	10
2015-08-24 22:51:44.914	61631	60101	-85	-77	10
2015-08-24 23:28:57.983	61631	60101	-85	-79	10	19.96	58.45	3.765
2015-08-25 00:11:33.17	61631	60101	-85	-77	10
2015-08-25 00:52:36.37	61631	60101	-88	-78	10	17.61	58.6	3.765
2015-08-25 01:24:44.695	61631	60101	-88	-78	10	16.72	58.43	3.764
2015-08-25 01:31:21.382	61631	60101	-85	-78	10
2015-08-25 02:09:13.746	61631	60101	-85	-77	10	15.58	58.31	3.763
2015-08-25 02:51:10.142	61631	60101	-85	-76	10
2015-08-25 03:43:10.995	61631	60101	-85	-76	10	14.5	57.91	3.762
2015-08-25 04:10:57.638	61631	60101	-85	-74	10
2015-08-25 04:19:55.726	61631	60101	-82	-75	10
2015-08-25 05:28:10.715	61631	60101	-82	-75	10	14.11	57.61	3.762
2015-08-25 05:37:39.798	61631	60101	-85	-76	10	14.07	57.7	3.76
2015-08-25 06:17:17.946	61631	60101	-85	-76	10	13.86	57.69	3.76
2015-08-25 06:50:34.451	61631	60101	-85	-76	10
2015-08-25 07:16:13.422	61631	60101	-85	-76	10
2015-08-25 08:10:23.047	61631	60101	-85	-76	10
2015-08-25 09:28:28.466	61631	60101	-85	-75	10	16.97	57.06	3.759
2015-08-25 23:40:06.543	61631	60101	-82	-75	10	16.92	58.01	3.759
2015-08-26 00:25:30.215	61631	60101	-85	-74	10	16.74	58.01	3.758
2015-08-26 00:54:06.475	61631	60101	-85	-76	10
2015-08-26 01:24:32.198	61631	60101	-82	-76	10	16.18	58.14	3.759
2015-08-26 01:52:22.542	61631	60101	-85	-74	10	15.64	58.26	3.758
2015-08-26 02:37:44.29	61631	60101	-85	-75	10	14.71	58.18	3.756
2015-08-26 03:15:09.635	61631	60101	-85	-75	10	13.88	58.14	3.756
2015-08-26 03:37:34.206	61631	60101	-82	-74	10	13.58	58.01	3.756
2015-08-26 04:07:26.542	61631	60101	-82	-75	10
2015-08-26 05:27:14.67	61631	60101	-85	-74	10
2015-08-26 05:39:52.342	61631	60101	-79	-75	10	12.89	57.69	3.753
2015-08-26 06:39:27.026	61631	60101	-82	-75	10	12.64	57.62	3.754
2015-08-26 06:47:05.482	61631	60101	-82	-74	10
2015-08-26 08:24:41.242	61631	60101	-82	-76	10	14.22	57.33	3.751
2015-08-26 09:26:39.462	61631	60101	-82	-76	10
2015-08-26 09:42:59.878	61631	60101	-82	-74	10
2015-08-26 10:46:27.726	61631	60101	-82	-74	10
2015-08-26 11:57:57.855	61631	60101	-82	-76	10	19.25	59.71	3.757
2015-08-26 21:24:53.991	61631	60101	-82	-74	10
2015-08-26 22:08:15.839	61631	60101	-79	-73	10	16.63	58.36	3.753
2015-08-26 22:51:04.218	61631	60101	-79	-74	10	16.31	58.22	3.757
2015-08-27 00:04:29.894	61631	60101	-79	-72	10
2015-08-27 01:12:59.551	61631	60101	-85	-74	10	15.75	58.1	3.754
2015-08-27 03:19:10.403	61631	60101	-82	-73	10	15.42	57.99	3.752
2015-08-27 04:12:07.17	61631	60101	-79	-72	10	15.46	57.91	3.752
2015-08-27 05:23:41.787	61631	60101	-82	-73	10
2015-08-27 06:25:52.851	61631	60101	-79	-73	10	15.0	57.99	3.753
2015-08-27 08:03:20.012	61631	60101	-82	-73	10
2015-08-27 08:48:37.631	61631	60101	-79	-74	10	16.47	57.5	3.751
2015-08-27 12:02:46.326	61631	60101	-85	-74	10
2015-08-27 12:09:45.742	61631	60101	-82	-76	10
2015-08-27 12:49:10.782	61631	60101	-82	-74	10	20.28	58.07	3.756
2015-08-27 13:22:31.93	61631	60101	-82	-73	10
2015-08-27 14:54:56.698	61631	60101	-85	-73	10	19.86	58.85	3.754
2015-08-27 20:01:32.926	61631	60101	-82	-75	10
2015-08-27 20:41:11.119	61631	60101	-82	-75	10	18.68	58.76	3.754
2015-08-27 21:14:12.914	61631	60101	-82	-74	10	18.25	58.66	3.754
2015-08-27 23:10:19.37	61631	60101	-82	-74	10	15.89	58.51	3.752
2015-08-27 23:56:56.31	61631	60101	-82	-74	10	15.14	58.45	3.752
2015-08-28 00:00:58.19	61631	60101	-82	-73	10
2015-08-28 01:11:52.082	61631	60101	-79	-74	10	14.68	58.17	3.752
2015-08-28 02:40:34.843	61631	60101	-97	-73	10
2015-08-28 02:53:31.002	61631	60101	-82	-73	10	13.82	58.28	3.75
2015-08-28 03:45:04.819	61631	60101	-82	-74	10	13.72	58.03	3.748
2015-08-28 04:23:31.634	61631	60101	-82	-73	10	13.64	57.93	3.75
2015-08-28 04:42:42.851	61631	60101	-85	-72	10	13.57	57.94	3.751
2015-08-28 05:46:13.854	61631	60101	-85	-74	10	13.14	57.94	3.748
2015-08-28 06:39:59.931	61631	60101	-82	-75	10
2015-08-28 15:58:36.779	61631	60101	-88	-78	10
2015-08-28 20:16:33.635	61631	60101	-88	-76	10	21.31	59.41	3.758
2015-08-28 20:46:27.718	61631	60101	-85	-76	10	19.9	59.49	3.756
2015-08-28 22:09:34.691	61631	60101	-85	-77	10	18.15	58.89	3.759
2015-08-28 23:25:27.427	61631	60101	-85	-75	10
2015-08-28 23:57:25.539	61631	60101	-85	-75	10
2015-08-29 01:53:49.727	61631	60101	-85	-75	10	15.28	58.47	3.753
2015-08-29 02:37:02.894	61631	60101	-85	-74	10
2015-08-29 03:16:00.747	61631	60101	-85	-74	10	14.5	58.15	3.752
2015-08-29 04:18:13.527	61631	60101	-82	-74	10	13.83	58.22	3.752
2015-08-29 05:16:39.702	61631	60101	-82	-74	10
2015-08-29 06:43:03.667	61631	60101	-82	-74	10	12.89	58.08	3.752
2015-08-29 07:56:13.747	61631	60101	-82	-74	10	13.35	57.73	3.752
2015-08-29 08:53:17.247	61631	60101	-85	-74	10	15.06	57.34	3.75
2015-08-29 09:51:06.95	61631	60101	-82	-74	10	17.99	57.15	3.751
2015-08-29 10:35:52.954	61631	60101	-85	-76	10
2015-08-29 15:55:05.046	61631	60101	-88	-76	10
2015-08-29 16:53:31.311	61631	60101	-85	-78	10	27.61	59.73	3.76
2015-08-29 17:49:27.307	61631	60101	-94	-75	10	28.72	58.7	3.763
2015-08-29 18:51:08.747	61631	60101	-88	-77	10	27.74	59.85	3.762
2015-08-29 19:59:35.451	61631	60101	-88	-77	10
2015-08-29 22:07:28.73	61631	60101	-85	-76	10	22.74	59.02	3.76
2015-08-30 00:40:43.374	61631	60101	-85	-76	10	20.92	58.92	3.759
2015-08-30 01:52:13.383	61631	60101	-85	-76	10
2015-08-30 02:19:04.747	61631	60101	-85	-76	10	21.57	58.72	3.758
2015-08-30 02:41:20.394	61631	60101	-85	-76	10	21.22	58.97	3.757
2015-08-30 03:53:18.862	61631	60101	-85	-76	10
2015-08-30 04:46:47.507	61631	60101	-85	-76	10	19.85	58.94	3.759
2015-08-30 05:49:17.551	61631	60101	-85	-76	10	20.27	58.31	3.757
2015-08-30 19:25:49.515	61631	60101	-85	-75	10	26.72	59.97	3.762
2015-08-30 19:43:28.754	61631	60101	-85	-75	10	26.19	59.95	3.763
2015-08-30 21:12:06.934	61631	60101	-85	-75	10	24.49	59.65	3.762
2015-08-30 22:37:14.079	61631	60101	-82	-75	10	22.99	59.54	3.759
2015-08-31 01:22:39.643	61631	60101	-85	-74	10
2015-08-31 05:09:37.807	61631	60101	-85	-74	10
2015-09-01 09:05:29.57	61631	60101	-85	-76	10
2015-09-01 23:15:12.171	61631	60101	-85	-76	10	24.49	59.35	3.763
2015-09-01 23:45:53.851	61631	60101	-85	-76	10	23.85	59.98	3.76
2015-09-02 00:25:27.627	61631	60101	-85	-77	10	23.46	59.68	3.759
2015-09-02 02:22:55.766	61631	60101	-85	-76	10
2015-09-02 10:21:44.831	61631	60101	-85	-76	10
2015-09-02 11:17:05.368	61631	60101	-88	-78	10	27.18	59.3	3.758
2015-09-03 01:40:00.056	61631	60101	-85	-76	10	22.32	59.56	3.757
2015-09-03 03:48:21.262	61631	60101	-85	-76	10	21.52	59.35	3.757
2015-09-03 04:08:40.703	61631	60101	-85	-77	10	21.7	59.22	3.757
2015-09-03 05:38:25.382	61631	60101	-85	-76	10	20.81	59.63	3.754
2015-09-03 06:11:42.142	61631	60101	-88	-76	10	20.36	59.59	3.753
2015-09-04 13:59:18.939	61631	60101	-88	-76	10	30.27	60.23	3.753
2015-09-05 11:30:58.123	61631	60101	-85	-73	10
2015-09-05 13:15:41.511	61631	60101	-85	-73	10	29.58	60.41	3.751
2015-09-06 15:38:51.206	61631	60101	-88	-75	10	29.96	60.12	3.75
2015-09-07 15:48:32.318	61631	60101	-88	-74	10	32.01	60.47	3.752
2015-09-08 10:56:28.934	61631	60101	-85	-76	10	26.91	59.44	3.743
2015-09-08 18:55:05.055	61631	60101	-82	-74	10	31.32	61.54	3.754
2015-09-08 21:42:25.302	61631	60101	-82	-73	10	25.27	61.23	3.751
2015-09-08 23:10:14.011	61631	60101	-82	-72	10	23.4	60.81	3.748
2015-09-08 23:53:01.846	61631	60101	-85	-74	10
2015-09-09 00:47:11.726	61631	60101	-82	-73	10	23.54	60.32	3.747
2015-09-09 01:58:11.978	61631	60101	-82	-72	10
2015-09-09 04:27:38.267	61631	60101	-82	-71	10	21.18	60.29	3.743
2015-09-09 05:39:04.19	61631	60101	-79	-71	10	21.28	60.21	3.745
2015-09-09 06:42:57.702	61631	60101	-82	-72	10	21.5	60.13	3.743
2015-09-09 19:49:56.018	61631	60101	-82	-71	10	20.81	60.2	3.741
2015-09-13 06:40:15.882	61631	60101	-85	-75	10	11.83	59.84	3.714
2015-09-14 15:28:54.21	61631	60101	-85	-76	10	21.85	60.63	3.717
2015-09-15 20:59:07.947	61631	60101	-82	-75	10	18.57	61.3	3.724
2015-09-15 21:34:04.271	61631	60101	-82	-74	10
2015-09-15 21:50:38.722	61631	60101	-85	-74	10	17.79	60.99	3.724
2015-09-15 22:46:22.366	61631	60101	-85	-74	10	16.95	60.98	3.725
2015-09-15 23:09:00.886	61631	60101	-85	-74	10	16.72	60.85	3.725
2015-09-15 23:50:58.292	61631	60101	-85	-74	10	16.39	60.8	3.726
2015-09-16 00:12:26.431	61631	60101	-82	-74	10	16.25	60.75	3.725
2015-09-16 00:57:40.782	61631	60101	-82	-74	10	15.7	60.75	3.724
2015-09-16 01:33:28.486	61631	60101	-85	-74	10
2015-09-16 02:18:50.206	61631	60101	-82	-74	10
2015-09-16 02:53:16.927	61631	60101	-82	-74	10
2015-09-16 03:53:44.394	61631	60101	-85	-74	10	14.2	60.39	3.719
2015-09-16 04:13:05.851	61631	60101	-82	-72	10
2015-09-16 04:52:56.466	61631	60101	-82	-74	10	13.86	60.48	3.721
2015-09-16 05:15:07.554	61631	60101	-82	-73	10
2015-09-17 16:07:51.715	61631	60101	-85	-76	10
2015-09-17 16:30:49.467	61631	60101	-85	-74	10
